100 25
1 18 5 2 22 9 11 24 14 25 17 17 1 10 13 13 7 19 1 14 21 23 10 7 10 24 18 24 6 10 24 9 15 5 25 2 15 25 13 18 20 21 25 3 16 10 3 19 10 15 5 24 24 16 0 12 9 3 12 9 9 19 23 23 9 2 6 25 7 12 2 21 6 5 23 18 15 8 25 25 6 15 10 5 13 8 25 2 5 20 19 3 18 17 23 18 15 0 6 
17 11 4 1 9 13 12 17 9 5 12 25 18 5 2 1 15 1 25 15 25 5 25 16 24 13 1 25 10 25 6 24 12 5 20 13 5 16 3 20 6 17 25 19 18 13 7 7 25 19 19 2 3 15 3 0 25 8 15 5 2 9 15 2 0 2 25 23 0 0 9 12 17 16 25 23 22 22 6 18 11 25 11 25 1 25 18 10 18 16 14 25 20 21 25 6 12 6 
5 0 2 0 1 0 15 6 20 15 22 1 16 20 24 9 17 1 1 9 12 0 0 2 6 14 9 1 18 2 1 20 3 24 3 25 23 9 14 12 4 22 19 10 6 20 4 20 17 25 15 17 0 2 19 13 6 12 0 9 17 9 11 17 22 9 18 16 8 0 9 23 18 23 2 21 2 22 8 8 13 15 20 25 0 16 10 9 24 13 20 14 16 5 25 7 19 
16 20 4 1 25 8 15 10 12 4 13 19 18 21 11 14 25 22 25 15 25 17 25 5 20 7 10 25 4 23 23 25 18 7 25 10 19 23 14 23 25 17 8 8 9 19 4 14 5 19 4 22 20 24 10 2 25 10 8 6 0 13 1 8 25 12 2 14 2 0 9 20 20 24 19 25 13 21 8 21 10 18 22 1 16 1 10 19 15 16 22 20 7 6 11 7 
18 25 18 10 0 20 8 13 3 20 14 8 20 9 3 4 21 7 16 6 11 23 20 23 11 23 9 2 7 23 16 19 10 19 22 25 15 16 3 24 20 25 9 8 7 5 20 12 15 13 21 25 21 20 21 9 2 14 20 7 13 22 19 3 25 20 25 11 25 5 24 12 13 20 16 19 16 0 8 25 24 16 18 6 8 0 5 19 22 14 2 18 24 12 4 
7 25 15 24 23 17 12 12 13 23 2 24 6 25 15 3 20 13 24 25 25 0 13 11 5 7 5 25 18 22 4 22 19 11 4 10 25 17 0 6 9 1 2 6 0 5 5 6 17 12 6 3 20 7 12 2 25 16 17 23 13 4 5 1 22 20 1 3 25 15 9 5 5 18 11 10 22 2 17 22 23 14 0 3 13 14 2 25 3 24 6 10 8 24 
0 24 7 14 14 23 6 0 0 10 19 2 25 11 25 25 2 2 22 20 10 18 17 4 18 9 12 24 11 1 2 11 13 5 15 18 3 22 25 25 4 2 20 6 17 16 18 8 17 25 2 5 19 24 12 10 24 15 16 5 16 8 8 4 12 2 9 10 23 9 23 2 21 13 18 13 18 22 8 12 13 3 7 25 24 24 16 6 14 19 22 14 12 
2 15 12 14 18 0 4 18 20 17 11 22 22 25 18 19 13 24 10 2 25 25 10 0 19 22 25 4 19 4 20 25 14 25 20 25 17 10 24 25 9 7 15 3 8 22 11 1 16 19 7 6 17 15 24 20 17 10 5 3 9 15 25 23 9 0 9 1 4 16 11 8 13 25 9 24 24 22 2 25 24 11 12 21 24 25 16 8 21 7 10 25 
6 25 12 24 17 16 20 25 25 11 19 14 17 24 21 25 25 25 17 5 10 8 25 11 20 23 25 3 8 6 25 25 1 10 12 12 21 11 25 25 14 19 7 21 6 25 25 10 7 4 25 25 25 3 5 12 14 20 20 10 24 4 5 12 9 5 24 8 25 0 8 25 13 12 13 20 25 25 19 1 25 11 19 19 5 19 7 12 6 24 25 
21 25 25 25 1 9 25 22 25 11 15 4 12 13 16 1 21 14 4 25 25 15 16 17 25 14 4 7 22 9 13 17 13 25 17 25 22 18 18 19 22 12 25 12 19 20 9 25 18 22 4 1 2 1 23 23 16 25 4 22 14 7 4 12 2 21 25 19 21 25 25 25 25 18 25 2 11 25 9 19 11 25 25 5 19 7 24 13 19 11 
7 25 21 13 3 25 20 12 2 19 15 12 16 9 19 22 13 4 6 11 9 3 3 7 11 3 20 11 14 25 24 23 0 10 8 24 10 2 16 9 24 11 16 25 13 20 20 19 8 10 2 7 4 25 5 16 19 19 8 17 6 23 13 20 25 20 22 25 14 25 6 21 24 0 10 25 5 17 8 22 14 16 16 14 3 22 22 18 21 
25 3 11 7 25 19 11 25 13 9 9 6 7 23 4 13 11 0 11 9 17 24 18 19 3 25 17 11 3 25 25 25 2 16 13 22 14 25 7 20 25 23 16 1 25 23 25 1 24 18 10 22 25 25 5 7 14 2 25 0 16 15 11 4 7 25 25 13 21 9 4 21 20 11 21 10 2 21 1 22 17 10 23 2 17 7 25 25 
13 25 25 21 25 15 10 11 25 19 25 12 19 9 14 6 13 23 20 24 18 22 19 14 25 25 12 25 16 14 25 16 7 23 5 16 16 25 6 19 10 17 22 12 0 20 13 25 25 25 11 22 4 17 11 20 22 20 20 0 12 6 25 13 22 17 11 16 3 25 13 17 21 2 22 5 17 25 22 19 3 16 11 25 25 11 16 
12 25 5 25 9 7 22 7 25 10 7 18 20 16 16 5 19 2 14 10 16 5 15 6 6 14 1 25 14 15 23 25 11 25 16 25 9 25 25 19 25 25 9 12 25 16 25 9 9 12 25 21 20 17 21 4 10 20 14 9 25 18 7 15 24 13 25 12 13 17 6 4 19 18 5 25 1 1 7 7 25 21 15 12 17 5 
9 25 1 23 25 22 25 25 6 8 5 21 23 18 3 24 6 9 21 12 4 25 12 2 11 25 19 19 23 3 25 21 22 7 22 25 18 13 18 6 1 25 25 1 11 18 12 25 10 15 10 16 7 12 20 19 22 16 3 2 14 8 23 25 19 15 5 25 2 14 2 4 17 23 25 1 2 22 25 16 1 16 13 19 24 
4 21 25 8 6 25 0 6 16 12 20 25 3 20 5 20 2 25 12 8 6 15 25 23 20 6 11 10 25 15 3 25 7 24 21 25 25 2 8 25 25 25 11 5 1 5 17 14 0 25 16 24 25 1 7 0 12 25 10 7 1 25 20 6 11 0 13 15 25 1 8 18 24 25 13 12 6 11 22 25 7 25 8 11 
13 19 25 1 8 25 14 25 11 15 5 1 2 1 11 0 6 10 20 21 14 2 10 13 5 4 11 7 18 22 24 3 13 5 11 8 20 21 18 9 19 24 3 2 7 14 25 8 4 23 6 16 23 7 8 25 18 8 25 19 12 5 17 21 0 25 25 25 0 25 24 5 0 5 25 15 0 25 0 13 14 7 25 
25 7 3 19 24 16 25 25 15 6 25 25 19 1 0 5 6 25 19 18 7 18 24 14 4 2 0 11 23 3 25 20 12 8 14 20 15 24 1 25 17 1 25 10 4 19 25 12 7 7 18 21 19 14 12 5 2 20 23 18 13 13 25 20 15 13 6 10 14 17 23 19 7 17 25 23 25 11 7 10 20 13 
25 10 17 8 25 10 11 20 5 0 25 9 8 19 19 11 7 22 0 25 7 7 12 13 25 25 4 7 25 19 7 25 16 20 3 24 17 7 25 20 21 6 6 25 14 25 2 23 18 12 25 24 5 25 13 25 21 17 25 25 8 4 13 0 2 25 5 14 21 12 13 7 25 19 10 25 25 25 0 6 18 
25 16 18 4 20 25 11 7 10 7 15 2 7 25 7 17 25 10 3 22 22 5 20 9 24 11 6 25 12 6 25 3 19 5 14 25 25 25 23 17 25 2 4 12 13 11 16 20 2 20 1 25 11 6 25 17 13 19 12 25 12 0 12 25 11 10 8 17 25 16 22 20 2 24 25 24 14 24 0 17 
1 3 0 11 25 17 19 10 11 14 25 25 25 0 8 16 19 25 13 13 14 23 10 10 21 24 25 25 0 15 20 25 25 25 17 3 17 25 10 25 4 18 18 9 18 2 2 7 18 8 15 25 12 16 4 13 25 5 11 9 1 9 21 4 4 14 24 0 17 13 12 15 17 12 14 16 25 24 13 
4 3 12 13 23 25 7 5 14 17 17 4 14 16 7 1 21 5 25 25 1 25 21 11 9 25 25 0 25 25 25 14 8 24 25 3 6 20 1 22 25 9 25 24 18 3 4 11 8 25 21 21 22 11 11 5 11 17 24 16 4 3 25 8 13 25 25 9 19 1 18 18 5 25 6 5 25 19 
10 2 14 21 15 14 18 18 25 17 11 24 4 3 23 25 22 2 9 9 25 6 24 25 25 25 25 12 20 12 15 1 15 25 8 2 25 19 25 25 15 9 25 3 18 0 16 20 17 15 0 19 25 21 15 21 3 25 10 1 5 25 25 21 24 17 5 25 14 25 2 3 0 18 15 20 8 
1 19 9 9 19 13 7 8 15 14 17 0 9 9 18 1 25 1 25 25 20 25 16 1 20 6 8 14 11 17 5 25 7 25 21 10 12 10 10 5 14 25 3 22 25 23 25 13 19 7 16 10 25 15 23 5 5 13 17 15 19 25 8 12 7 15 25 9 12 14 25 20 7 13 18 25 
18 14 18 18 13 19 25 20 6 2 18 16 25 2 25 25 18 18 2 5 6 21 25 1 24 13 25 18 24 17 25 12 13 23 25 25 3 11 21 3 19 12 19 10 10 25 25 25 25 25 24 25 9 25 1 11 25 3 4 10 25 25 2 5 2 14 6 20 6 25 18 17 25 18 7 
8 2 12 21 25 5 13 2 21 15 9 25 0 25 25 20 3 17 10 21 19 13 13 10 18 17 1 25 8 13 8 8 20 25 25 24 15 16 14 25 18 25 7 25 16 15 5 25 25 10 9 18 15 25 15 25 19 20 15 15 20 25 19 4 21 22 3 18 10 25 17 25 25 5 
25 20 22 14 10 20 22 14 18 25 9 7 17 3 10 10 9 20 15 14 9 8 25 2 22 25 15 13 12 5 21 7 6 25 25 25 19 25 25 25 2 21 10 12 23 25 2 6 25 19 1 23 1 7 25 17 25 8 19 4 13 6 25 6 25 25 8 4 25 10 25 8 11 
23 3 14 6 12 7 16 12 25 4 25 4 2 6 20 19 23 15 4 25 16 7 24 22 18 25 18 20 25 17 12 14 4 24 17 25 25 25 6 13 15 11 22 25 15 19 0 18 9 1 4 23 24 20 25 22 23 20 25 14 14 2 6 16 0 3 6 14 5 16 15 25 
4 1 20 0 19 13 3 22 15 23 24 3 2 25 3 17 13 25 7 0 25 22 25 23 21 11 25 23 19 25 11 19 9 3 5 17 25 13 12 23 7 5 25 16 25 14 10 1 4 18 22 25 8 25 25 12 7 8 8 23 1 21 25 25 17 25 25 23 25 19 25 
10 20 22 16 19 7 6 1 15 25 25 24 3 25 4 1 11 15 6 3 0 11 5 25 13 19 7 22 25 10 19 16 14 11 25 25 23 25 17 16 25 20 25 14 3 25 25 0 24 11 25 24 16 7 25 22 7 0 12 0 10 25 20 24 25 25 14 15 13 25 
13 5 25 3 25 10 10 23 15 25 15 1 9 25 24 25 16 1 25 23 2 17 25 3 21 10 0 2 25 4 25 18 10 3 25 25 18 24 25 21 25 19 16 2 25 8 24 25 13 17 20 11 8 4 25 21 15 13 20 19 25 14 9 10 5 25 14 25 24 
18 5 23 20 8 24 4 11 25 18 10 12 12 5 3 25 25 0 13 0 24 12 25 23 2 12 23 4 17 5 25 25 17 8 7 2 22 8 20 17 25 25 23 9 23 25 0 10 25 2 12 20 25 25 6 25 25 12 25 19 25 25 25 1 22 6 11 25 
20 1 25 25 25 7 23 25 23 17 25 7 24 25 15 1 12 13 7 4 18 25 5 19 4 15 3 17 23 9 21 7 22 25 12 12 19 25 25 11 25 25 25 6 12 9 21 25 25 15 25 11 20 25 7 25 1 10 24 9 25 0 13 25 25 24 11 
19 9 11 25 25 13 13 21 24 16 1 16 25 25 8 25 4 11 22 15 8 25 0 25 25 25 5 25 10 19 3 12 25 9 0 17 12 17 3 14 16 19 13 8 5 25 4 13 21 5 20 25 9 15 25 10 25 7 25 4 7 25 1 25 11 25 
14 8 18 6 25 20 21 19 3 17 25 25 7 25 13 25 25 12 7 19 4 11 18 7 14 9 3 24 25 2 25 7 4 15 25 2 25 9 22 3 24 15 2 2 19 15 15 6 1 7 11 4 1 1 14 6 6 21 5 19 10 14 8 7 25 
17 16 16 12 16 25 21 8 9 8 2 22 8 15 5 15 19 7 5 25 1 23 20 25 4 1 8 0 24 14 2 4 25 22 25 20 23 17 5 5 0 23 25 15 16 10 25 3 15 4 5 25 17 25 19 16 5 7 21 7 0 14 21 20 
25 25 24 25 25 14 24 3 13 16 18 25 9 3 25 12 25 25 25 12 16 18 24 25 2 11 19 2 7 15 5 3 17 14 4 4 25 4 23 25 15 1 25 1 25 25 1 6 24 13 25 25 20 21 12 25 6 21 10 2 25 5 15 
25 4 10 9 19 25 4 25 16 23 25 14 19 6 12 11 10 9 20 5 25 16 18 1 25 15 21 17 21 10 7 23 6 25 25 19 23 3 25 1 25 22 18 10 0 4 4 25 9 2 20 25 13 25 25 22 9 10 25 19 25 15 
25 18 25 18 11 8 18 11 5 17 13 6 12 21 2 2 8 25 23 4 1 17 12 10 4 2 14 25 25 3 21 0 9 10 25 24 8 1 25 11 3 11 4 25 12 23 1 11 25 17 12 7 25 6 5 5 5 23 2 25 25 
23 2 21 1 24 15 9 21 3 25 14 15 8 25 8 24 1 21 2 15 4 18 5 3 17 22 20 15 21 25 16 18 25 3 18 3 25 3 15 19 9 12 17 6 14 20 17 25 25 18 12 25 8 22 25 25 15 8 15 5 
1 24 16 5 13 25 7 17 8 1 0 17 23 25 10 19 24 15 10 25 25 6 8 21 15 2 17 11 19 7 20 5 23 1 25 13 17 3 25 25 14 14 21 24 25 17 25 0 11 5 1 7 25 7 25 11 22 24 25 
0 25 10 1 2 3 21 5 2 5 25 13 10 25 23 21 6 2 17 0 0 10 15 18 2 25 19 11 16 23 5 14 25 25 24 20 10 25 25 25 22 20 25 25 16 25 3 13 4 25 13 2 10 15 21 2 4 8 
13 19 25 0 11 25 11 25 11 16 21 25 15 25 15 4 25 25 22 20 4 4 25 8 25 12 12 5 25 6 20 1 15 7 25 15 3 19 25 25 10 15 22 13 25 25 15 20 7 18 20 4 19 20 2 11 13 
2 25 19 12 1 10 1 25 4 15 10 11 23 16 25 25 21 25 15 25 13 13 9 15 10 25 11 21 22 1 0 25 25 3 5 11 2 25 10 25 23 4 3 25 21 6 25 9 10 14 0 18 25 25 16 13 
16 17 24 2 2 14 25 18 2 1 2 0 8 17 15 8 3 7 6 11 19 25 1 25 25 25 5 25 11 16 12 18 25 25 14 25 2 25 4 1 11 23 25 25 25 21 25 14 13 25 25 1 8 21 23 
7 17 2 5 25 6 8 1 24 8 25 16 22 18 19 8 25 0 20 12 13 0 1 24 0 23 6 25 18 25 1 14 19 10 24 25 5 13 23 25 17 7 0 24 9 5 8 25 14 18 15 18 7 25 
25 25 18 16 25 4 11 18 7 19 17 5 21 16 5 8 13 6 22 14 16 24 8 19 5 12 1 25 20 18 0 20 13 6 10 4 18 25 5 25 2 4 13 9 9 25 4 11 25 25 22 25 25 
14 24 17 11 25 22 21 23 9 3 1 12 16 5 10 19 4 15 23 25 2 4 12 5 10 25 20 23 21 13 16 22 7 25 22 25 16 3 2 25 25 12 23 5 25 8 11 10 25 20 22 17 
25 25 25 25 16 5 15 21 5 14 6 4 13 25 4 12 9 1 5 25 5 25 8 18 25 25 19 18 7 22 22 12 25 16 22 9 23 1 21 17 3 4 10 15 24 15 25 17 12 17 9 
25 13 13 25 3 7 19 25 1 17 12 2 25 25 7 12 25 25 13 3 25 9 25 4 13 11 13 13 0 18 24 20 5 10 15 2 19 24 3 25 16 7 25 1 20 15 5 18 16 20 
24 25 15 25 7 0 16 5 25 0 15 7 7 12 25 24 2 13 7 18 5 13 0 14 25 3 12 14 25 0 22 25 4 11 16 10 2 3 20 11 13 25 10 14 25 17 4 9 14 
17 21 19 16 21 25 22 16 2 25 25 5 2 18 17 8 9 23 10 10 21 25 25 15 25 5 25 21 6 25 10 12 12 16 25 23 23 3 25 23 19 25 16 2 22 25 25 16 
22 22 4 5 13 19 0 18 21 21 22 4 17 2 17 13 25 0 6 4 16 16 1 17 4 8 9 0 24 2 0 18 25 1 6 21 12 15 25 21 14 25 1 25 4 20 25 
9 20 25 7 6 14 25 8 14 17 13 5 5 13 7 18 22 25 25 3 9 25 25 7 6 25 2 18 1 9 25 14 9 13 7 25 25 1 25 25 17 25 25 11 12 13 
1 4 10 25 9 25 25 0 3 0 7 25 18 1 15 25 22 20 20 18 22 1 10 19 8 25 25 16 23 18 17 8 25 25 17 12 15 22 12 7 16 9 25 5 11 
11 25 3 21 21 4 3 14 21 14 9 15 11 25 21 14 8 16 19 14 10 2 12 4 24 25 0 25 14 21 11 21 10 25 6 2 17 7 18 17 1 22 24 14 
21 1 5 15 15 18 5 25 25 11 12 25 25 20 12 25 0 17 10 15 25 25 14 19 19 13 0 25 24 11 22 23 22 22 16 14 2 25 4 7 11 18 6 
13 3 6 25 5 15 25 25 18 12 19 1 3 18 6 21 5 13 25 16 13 10 25 13 25 11 25 1 1 10 1 3 1 0 18 18 6 25 11 20 1 25 
5 4 25 21 25 7 21 21 5 25 25 25 8 15 18 19 12 16 6 18 5 7 2 9 22 3 25 21 0 11 25 18 24 14 16 20 24 16 25 25 25 
25 17 13 24 24 3 24 2 16 18 16 15 21 15 19 0 21 25 6 7 15 17 22 3 9 10 1 4 3 25 10 9 4 11 23 25 0 23 16 9 
24 19 5 2 2 20 25 25 19 25 19 6 23 19 25 25 25 6 3 14 0 12 4 23 25 4 25 2 6 13 19 22 19 12 9 11 25 18 22 
23 20 4 17 25 0 24 18 17 13 14 5 20 23 6 25 9 25 11 10 25 2 0 14 24 0 3 25 7 20 14 23 0 15 25 23 7 18 
2 20 14 6 5 2 14 25 25 1 19 15 25 25 19 21 18 13 2 3 25 15 7 5 2 25 7 11 12 7 18 21 3 7 20 19 24 
25 12 21 9 20 5 23 19 19 11 10 25 25 0 25 25 10 3 23 2 20 25 10 5 22 3 22 18 23 22 2 25 18 13 15 0 
24 24 24 11 22 25 21 0 2 25 19 18 5 12 9 11 13 1 13 25 9 21 25 25 10 6 6 23 25 1 25 23 5 20 11 
19 11 19 13 16 25 17 0 7 24 8 25 3 4 25 5 16 3 25 25 5 25 8 25 25 25 23 12 19 23 16 11 21 25 
24 15 15 15 1 3 4 6 9 15 25 0 15 22 9 9 12 16 25 25 17 2 25 21 22 25 25 21 4 20 10 14 25 
25 18 8 25 8 2 20 13 7 11 8 18 1 2 9 19 25 25 15 25 5 25 23 25 0 16 21 2 20 14 20 5 
25 6 16 12 11 20 25 6 25 21 25 6 25 23 18 11 2 5 22 16 12 0 1 25 23 12 15 23 20 10 3 
11 12 15 20 12 23 9 8 20 20 25 1 15 2 25 25 1 14 15 9 11 21 11 18 25 2 22 21 25 25 
6 2 4 5 21 25 18 13 17 8 25 19 4 7 24 7 25 9 10 5 10 19 0 15 3 6 25 25 1 
17 25 25 17 5 23 25 23 12 15 23 22 6 6 16 25 11 8 8 9 8 10 7 24 25 21 19 24 
25 25 25 14 19 25 25 24 25 25 8 24 5 1 25 1 25 5 0 2 1 6 18 25 15 8 20 
10 25 25 19 21 10 0 17 7 13 21 18 16 10 25 25 5 14 6 25 23 19 23 24 12 6 
19 16 17 9 25 25 6 18 9 10 21 23 19 25 20 22 19 18 0 23 3 1 23 11 6 
3 7 12 25 21 25 25 25 25 25 25 14 2 20 25 17 0 22 1 25 5 3 24 12 
23 18 14 12 6 25 23 9 13 2 13 15 13 16 25 9 21 25 3 0 25 8 25 
17 15 25 21 11 15 14 14 2 25 25 11 14 23 11 24 22 25 12 2 24 23 
22 16 23 20 15 1 15 25 25 8 25 24 22 25 4 18 12 9 1 0 8 
14 25 1 17 16 0 3 4 14 5 1 19 5 24 0 17 2 11 7 12 
25 25 18 7 25 9 0 24 0 25 17 6 25 8 5 12 14 1 16 
14 11 13 17 11 25 12 0 16 17 19 11 25 25 10 25 25 16 
19 23 19 9 15 1 18 25 17 6 0 15 19 16 3 17 25 
14 2 14 19 25 25 25 21 22 25 3 20 10 19 14 15 
24 19 10 24 24 3 13 21 25 11 16 5 14 25 19 
1 17 25 25 7 8 25 18 19 9 18 25 22 18 
2 25 2 4 6 6 16 10 23 14 25 25 11 
16 25 19 7 4 19 16 0 17 7 25 25 
25 19 25 25 25 16 23 11 7 25 17 
25 5 15 24 22 25 23 18 3 21 
23 0 25 25 1 25 0 15 25 
25 25 25 6 25 25 20 1 
9 8 12 23 5 19 15 
3 25 8 16 13 25 
23 6 16 25 8 
25 2 6 18 
8 16 11 
15 22 
10 

