100 25
25 4 6 25 16 10 16 21 0 11 16 22 24 2 1 11 14 25 6 25 14 24 25 4 11 21 15 3 17 5 19 14 24 23 13 12 25 16 16 8 13 8 6 9 6 19 11 2 13 4 6 7 3 12 9 25 0 25 12 0 22 4 7 5 11 19 25 5 19 12 23 3 21 1 22 25 15 24 23 22 25 21 17 4 16 3 22 0 10 5 11 12 15 0 18 19 13 10 7 
13 23 5 14 20 25 12 20 3 17 7 2 17 25 24 25 21 19 16 16 4 25 16 8 10 21 7 18 25 9 24 25 12 12 7 8 25 12 0 5 16 0 24 15 8 13 25 12 22 3 2 5 16 17 4 9 0 16 6 9 23 25 25 11 15 25 1 25 17 11 12 21 17 24 6 22 2 8 16 5 4 23 13 25 14 5 21 7 25 17 14 25 8 25 2 1 24 25 
7 25 14 19 11 7 23 11 20 16 1 21 13 24 17 20 15 2 4 24 6 17 21 16 25 17 0 4 6 24 3 0 0 1 12 4 22 3 17 25 19 23 2 20 24 2 2 24 25 3 25 17 17 14 13 8 12 7 1 18 0 1 25 7 18 22 1 0 1 0 25 2 1 16 0 17 11 20 12 25 15 21 9 18 10 16 7 22 9 7 13 25 13 6 8 8 12 
22 9 20 25 25 0 25 19 25 2 23 2 24 3 22 22 12 3 14 24 15 6 11 10 25 22 3 10 13 12 3 14 25 22 8 20 22 12 21 11 8 9 8 21 7 8 9 22 2 4 9 21 9 6 22 1 4 20 5 2 5 20 12 23 14 11 13 14 2 22 25 20 20 5 17 1 25 21 24 11 12 25 19 9 9 2 20 25 25 10 0 23 7 7 14 22 
13 2 22 23 23 11 5 4 8 3 9 20 23 8 1 19 11 18 25 14 15 0 25 15 21 20 9 14 10 25 3 22 9 19 9 14 3 17 17 19 14 9 4 3 24 15 24 18 4 19 25 8 4 13 16 23 14 23 16 21 25 2 18 20 22 6 4 25 5 13 10 12 22 2 12 17 8 17 15 23 9 19 10 19 15 25 9 12 24 7 12 16 24 25 18 
20 6 20 24 15 3 19 15 22 4 23 23 25 0 14 25 14 19 14 2 2 2 11 3 10 15 12 5 25 3 15 11 11 4 0 14 25 1 23 0 24 19 15 10 9 10 3 19 8 7 14 20 24 8 13 24 8 13 23 8 6 23 0 0 9 8 23 10 13 23 14 0 19 2 1 24 9 21 24 6 25 14 14 25 9 17 24 19 9 24 17 18 2 22 
25 22 19 4 11 13 6 7 20 6 23 22 6 22 18 5 4 25 13 11 22 25 25 9 15 18 4 19 25 25 12 5 8 2 16 9 17 10 22 11 2 25 8 25 25 23 20 8 12 21 21 4 25 5 21 25 21 24 13 15 3 25 6 20 17 14 5 24 1 24 23 25 6 15 25 3 20 16 25 21 0 16 6 25 13 25 1 1 25 11 23 5 16 
25 12 11 21 16 14 15 25 14 5 20 25 12 25 19 25 10 7 25 25 20 1 3 19 14 7 3 20 23 5 2 6 25 25 7 10 25 11 15 16 8 22 6 0 25 16 25 11 25 8 15 22 8 20 15 5 23 2 1 19 3 25 25 5 19 23 4 0 15 25 6 1 14 10 13 22 4 23 25 5 25 23 17 18 12 25 25 25 25 0 1 7 
12 11 22 7 7 5 21 0 25 0 25 25 21 0 17 19 8 1 2 15 8 3 22 17 3 14 17 25 4 25 20 7 25 18 25 1 6 22 25 15 13 18 17 0 3 4 5 9 7 17 1 7 18 17 0 6 1 19 25 1 25 8 24 21 23 19 25 17 25 14 3 22 25 25 25 4 10 18 25 20 9 0 25 25 25 18 9 0 20 2 25 
6 25 25 0 16 17 19 7 13 20 25 4 23 9 13 3 12 16 12 10 14 16 11 23 21 14 15 18 16 14 1 6 0 15 0 17 25 3 13 25 19 16 5 11 15 6 8 24 0 8 1 1 25 8 15 25 25 5 19 14 9 25 8 25 16 11 25 25 4 7 22 9 25 23 25 16 7 8 21 24 9 12 25 11 8 6 19 15 25 17 
2 21 10 10 0 4 5 1 14 21 7 22 10 13 25 8 9 14 4 21 4 14 4 24 16 19 14 23 10 25 25 25 7 25 0 25 7 7 23 25 25 25 25 16 2 21 3 16 19 11 4 1 4 25 25 22 1 8 22 23 17 3 2 21 21 12 1 25 7 21 13 9 25 0 20 15 21 13 1 7 16 13 22 8 19 15 22 10 25 
25 12 15 25 9 25 23 6 25 25 12 12 25 6 25 24 14 23 3 16 17 2 2 11 19 14 25 0 13 25 25 10 23 1 7 5 25 25 12 2 22 16 3 25 25 25 2 25 1 25 24 5 6 9 17 24 4 19 3 22 18 18 12 17 6 12 17 10 25 15 2 9 25 18 25 17 19 12 25 25 5 3 25 25 24 1 6 25 
19 25 3 17 6 25 20 20 25 7 3 6 12 25 8 25 7 13 11 10 10 25 9 25 24 19 22 3 20 24 14 8 16 25 19 0 5 15 25 16 1 14 10 8 25 19 12 15 0 9 25 3 10 19 8 25 25 19 25 11 25 22 23 25 18 9 25 25 4 25 6 9 6 11 25 16 24 18 15 17 11 25 25 10 25 17 5 
23 8 10 19 1 1 19 13 25 11 25 13 18 25 0 16 25 11 3 25 24 2 3 1 20 2 0 23 13 18 25 15 0 11 21 0 24 3 12 16 25 18 7 23 12 25 14 25 9 3 13 15 4 4 5 3 22 19 25 9 14 25 12 0 15 25 3 25 8 18 9 16 5 14 22 2 24 25 8 4 21 6 17 5 0 7 
22 12 19 25 4 5 8 24 16 5 19 7 23 1 25 19 13 25 19 19 9 25 13 9 20 25 12 23 11 17 15 19 24 20 25 13 25 5 25 25 0 25 20 0 6 7 18 23 21 3 17 16 6 17 14 9 15 12 25 18 5 3 25 7 4 2 9 7 25 1 4 17 1 25 0 23 25 12 25 9 8 24 20 12 25 
9 21 25 25 9 19 25 18 7 1 8 1 25 15 25 25 25 17 25 18 0 1 17 24 22 18 22 25 19 7 2 25 16 18 10 9 19 7 9 14 1 13 25 15 19 24 22 9 15 25 7 25 7 13 0 18 19 10 3 20 25 15 4 5 25 5 25 2 12 1 4 24 23 16 15 8 25 14 8 3 7 10 11 24 
7 18 13 1 18 5 5 25 12 20 16 12 4 25 25 6 4 25 25 15 25 21 17 7 23 25 22 6 23 25 9 7 18 7 8 11 7 21 16 0 24 2 25 25 21 25 25 25 9 23 4 25 1 17 15 25 25 18 6 16 25 25 7 2 25 12 18 9 13 22 25 10 6 14 25 18 9 1 23 25 20 16 25 
25 24 18 17 20 7 25 5 7 25 5 12 19 25 16 4 15 20 25 16 20 3 5 25 21 6 21 23 25 0 3 25 25 8 9 14 10 2 8 8 2 2 11 15 25 20 25 25 17 25 7 4 18 19 20 22 13 4 22 25 25 22 22 9 23 17 25 24 9 4 23 0 19 13 2 5 10 25 16 5 16 22 
19 10 20 25 17 19 25 25 5 5 21 25 11 25 20 25 17 17 21 0 9 2 24 25 8 2 5 23 11 1 2 10 18 19 25 7 1 13 25 25 16 20 23 12 8 3 8 13 20 7 11 5 6 11 5 10 24 18 25 25 18 25 16 21 17 6 25 4 25 12 25 25 8 1 8 13 25 10 22 25 6 
25 7 25 17 0 17 25 8 15 17 15 1 10 6 14 0 20 18 1 25 20 17 17 2 9 21 4 25 9 1 3 3 20 18 7 22 22 18 11 25 20 18 23 14 25 14 3 4 8 16 7 25 0 9 23 23 25 8 7 25 25 3 17 0 1 25 11 22 25 9 25 25 24 6 13 2 25 25 25 2 
7 15 25 0 25 25 12 10 11 14 9 25 9 25 25 15 4 2 14 5 18 25 25 25 5 16 21 12 16 8 12 25 0 23 19 3 11 22 21 8 10 14 15 15 25 16 5 22 25 19 5 15 13 11 23 25 1 3 19 19 25 25 25 8 4 22 20 8 8 16 16 1 16 9 25 2 15 0 16 
17 25 25 20 18 18 5 19 25 25 5 25 11 9 5 17 19 25 6 4 4 23 25 25 16 4 22 6 23 4 21 22 11 9 23 15 21 25 25 21 25 25 16 6 25 14 1 25 2 8 5 19 1 25 25 19 17 17 13 1 15 12 8 1 8 25 20 18 15 10 16 25 14 9 7 6 25 2 
2 24 5 3 25 3 17 18 23 25 17 21 20 4 5 16 23 10 5 16 21 12 18 20 25 22 8 1 19 5 8 2 17 21 4 23 15 14 8 9 23 16 24 19 21 7 4 9 25 21 25 13 13 7 7 25 9 20 10 20 18 24 22 24 19 12 17 25 8 25 12 1 22 5 25 9 25 
25 12 10 9 25 13 12 16 9 10 14 23 25 22 4 9 20 25 3 21 25 5 15 8 25 25 25 14 5 13 10 25 21 5 25 17 4 1 5 25 9 25 23 6 8 12 18 4 15 15 19 18 5 25 10 25 11 15 5 9 25 1 25 25 17 1 23 25 5 18 18 25 0 6 23 1 
23 12 3 25 25 20 15 8 25 25 25 0 25 25 25 0 24 6 13 3 2 25 25 8 11 15 16 2 0 3 19 11 16 24 11 11 8 23 25 23 18 20 19 14 16 17 24 16 25 13 21 14 14 2 1 16 19 10 16 11 25 20 6 14 25 7 4 24 3 23 16 25 25 11 4 
20 19 25 23 17 11 3 3 17 25 18 6 25 11 4 0 3 24 19 6 14 17 3 25 18 14 15 21 25 19 7 7 9 8 25 16 9 24 19 14 8 25 2 8 9 25 3 17 25 3 25 16 17 20 13 17 17 16 17 14 22 16 24 25 18 25 0 10 16 9 9 10 20 17 
11 5 25 9 18 20 19 24 13 3 25 0 25 25 3 20 11 25 4 9 25 19 22 21 24 10 25 0 20 13 12 6 2 19 21 1 4 20 24 1 9 16 25 25 16 25 25 25 5 23 21 8 16 5 1 25 14 5 25 0 22 18 3 19 13 22 25 11 25 8 25 11 23 
20 19 21 6 0 10 4 25 12 5 17 25 25 11 23 25 3 5 2 6 25 9 1 7 13 16 20 14 14 5 22 25 20 20 13 25 20 15 0 25 12 8 25 25 7 17 5 25 7 8 5 0 3 1 5 1 25 25 8 25 7 3 5 18 14 2 8 12 10 22 12 17 
12 25 3 20 13 23 21 10 19 4 14 9 8 8 7 5 1 7 17 24 2 4 7 11 2 12 10 23 9 24 25 0 12 1 2 13 25 14 7 25 16 12 17 1 13 20 10 10 25 12 25 2 21 25 19 7 18 22 8 23 22 25 25 4 5 5 14 16 25 14 25 
4 5 3 15 17 18 2 25 13 16 12 17 17 10 18 9 22 15 11 23 11 18 16 24 0 25 2 6 2 18 2 5 25 15 3 25 25 18 21 1 1 17 25 9 10 13 3 6 21 19 16 11 24 25 9 25 10 3 12 11 19 10 25 25 25 19 6 17 17 24 
25 3 25 11 10 7 3 5 16 2 5 14 25 2 16 25 14 16 17 2 8 4 17 9 5 24 25 0 25 18 1 10 22 25 22 21 11 13 0 19 15 24 23 3 24 25 9 2 6 3 9 13 8 1 2 24 18 21 25 11 25 15 9 24 21 9 12 19 13 
25 8 19 10 10 25 25 5 19 14 23 3 25 5 25 22 25 25 13 8 2 4 2 25 11 14 10 25 13 25 13 17 21 1 25 25 7 12 2 7 25 22 18 19 13 21 25 13 12 21 15 11 24 16 8 6 13 4 25 24 2 16 5 18 5 24 25 25 
24 16 15 9 25 5 25 18 7 0 21 21 4 15 16 25 2 25 18 6 25 22 24 25 0 25 20 6 9 20 4 12 21 25 11 19 25 17 10 24 25 1 19 16 0 17 25 25 25 23 2 12 5 15 25 25 20 16 4 21 25 24 19 25 19 23 12 
25 8 25 25 10 21 25 25 25 14 6 15 25 5 25 25 5 5 9 25 25 10 15 22 18 14 15 15 4 17 7 8 23 21 22 25 0 12 15 14 7 25 20 3 6 25 23 15 18 22 14 17 14 9 8 12 10 25 2 25 8 8 6 25 9 0 
15 25 9 19 10 25 12 25 25 25 10 8 11 5 7 18 1 12 23 5 17 18 3 22 14 23 5 11 10 9 6 10 10 24 25 3 10 13 2 21 11 25 9 9 4 25 6 25 7 25 20 19 24 20 14 7 24 25 13 5 5 1 24 25 0 
25 14 10 15 10 17 2 22 25 22 14 18 4 24 23 12 19 14 3 8 2 1 19 8 3 25 25 4 25 12 7 0 25 20 3 16 16 25 1 19 10 5 15 3 13 14 3 25 25 25 23 25 11 1 23 12 19 25 2 11 25 24 13 8 
11 3 23 24 9 25 17 25 25 19 22 0 9 11 25 3 5 9 25 16 25 15 3 14 10 22 15 10 25 15 24 0 14 16 24 21 25 15 20 6 1 5 5 13 16 16 22 1 15 14 2 2 3 9 25 25 10 6 25 21 2 6 11 
15 21 18 24 14 23 2 20 12 15 16 7 25 22 9 5 13 3 1 1 1 14 18 25 21 20 13 25 1 9 4 23 0 7 25 8 4 8 24 13 22 9 24 0 1 9 20 17 22 11 25 1 25 25 19 19 9 15 15 13 23 25 
9 15 25 2 25 3 16 3 13 7 8 3 1 11 14 17 6 21 17 25 6 25 19 15 6 12 25 13 25 20 10 25 25 12 9 14 1 23 20 25 0 25 20 7 25 25 18 16 1 3 16 25 24 25 1 14 25 5 2 25 9 
15 25 12 3 11 25 0 12 7 4 20 13 5 7 6 8 24 25 25 2 5 1 17 25 14 7 12 25 2 8 2 25 18 25 25 25 19 9 7 24 15 1 25 22 6 4 19 13 25 4 14 3 14 1 11 25 23 25 17 0 
0 23 7 25 12 9 22 1 6 25 21 12 12 22 3 25 21 13 25 14 1 6 16 23 11 8 12 25 25 25 7 6 23 8 15 21 5 14 25 25 25 22 23 0 5 15 2 24 23 4 5 1 0 1 11 17 3 6 25 
25 0 17 4 25 8 25 25 18 25 19 25 18 25 16 4 5 25 8 25 11 25 2 25 17 20 9 9 5 3 0 19 13 25 25 25 25 1 25 15 18 15 0 18 15 24 6 24 4 14 25 13 2 25 0 7 16 2 
5 8 13 15 16 4 0 19 5 14 5 7 25 21 25 11 5 2 8 25 25 25 11 25 25 19 13 12 25 24 23 24 16 7 22 11 25 13 20 25 14 25 0 3 25 5 25 15 18 23 5 25 25 25 20 25 25 
0 21 17 7 18 6 23 5 6 25 21 16 14 21 19 25 25 23 5 5 22 12 7 9 11 23 9 20 2 9 3 11 0 4 15 16 3 11 15 16 6 17 5 0 9 2 25 5 25 24 16 13 24 18 2 3 
2 22 1 25 10 25 25 3 0 11 4 16 23 10 6 21 25 25 24 25 25 17 25 25 17 12 13 19 2 13 25 25 15 1 25 24 8 25 22 25 25 8 10 19 4 19 25 21 25 25 4 25 25 25 12 
1 3 11 8 13 25 9 10 3 9 25 10 25 7 17 11 14 16 24 22 25 18 3 8 25 5 0 3 24 13 5 4 22 9 25 6 21 24 23 18 25 16 17 20 19 7 3 19 9 13 23 10 15 23 
3 18 7 16 0 25 25 7 10 17 17 25 4 4 18 7 23 19 22 3 25 13 2 7 17 1 19 6 18 25 17 9 5 16 25 15 25 25 17 11 25 3 17 25 0 16 23 25 25 3 17 8 23 
11 9 25 23 8 11 4 12 4 6 12 21 1 25 24 24 25 21 22 1 18 5 10 24 8 18 25 15 0 7 25 13 10 25 25 21 4 24 21 25 10 25 4 25 4 16 25 14 4 19 13 24 
12 5 25 25 4 6 15 21 12 25 24 14 4 15 25 8 4 23 22 1 25 9 24 15 18 4 4 2 2 7 0 23 17 17 18 18 11 8 1 12 14 8 25 8 1 18 19 25 5 5 14 
25 18 9 22 16 17 19 21 14 11 0 16 12 8 10 17 22 7 15 0 15 16 10 7 0 21 1 6 12 15 6 24 23 17 25 2 3 15 25 13 22 25 19 4 12 21 25 21 11 15 
25 25 25 23 25 5 24 25 25 12 7 25 23 7 6 11 25 0 24 22 12 22 17 18 14 25 25 23 8 25 25 22 21 17 7 23 19 10 12 22 24 20 13 14 0 25 17 25 16 
25 7 19 13 14 6 9 25 19 5 23 3 5 11 7 0 20 25 1 4 25 7 23 18 2 24 18 13 22 2 13 16 9 25 25 0 24 22 9 18 7 15 20 11 18 4 12 20 
3 3 13 4 10 4 17 21 1 14 17 11 23 13 17 25 7 8 25 4 16 4 2 21 25 10 25 24 15 7 5 2 25 20 7 24 25 10 19 13 23 16 25 1 22 25 1 
25 25 9 13 14 25 13 9 15 10 17 25 25 1 22 15 23 10 25 8 11 18 4 5 6 19 4 25 15 25 5 6 22 25 17 4 4 16 17 23 19 21 25 4 9 0 
25 5 23 11 14 16 25 4 17 2 5 21 10 5 4 25 25 3 3 6 3 22 8 7 0 13 8 0 25 4 25 18 1 25 7 25 14 11 24 24 3 25 16 9 0 
25 25 23 2 25 8 15 25 25 23 25 25 5 25 18 12 25 23 3 7 19 3 13 5 18 22 5 23 12 6 7 5 25 9 21 17 12 24 25 6 25 17 21 1 
25 6 7 5 24 6 9 13 1 1 12 15 24 7 0 11 10 9 2 25 25 0 0 8 25 24 10 21 5 25 8 23 5 23 25 23 25 25 25 4 17 25 9 
8 8 4 5 3 4 23 25 3 14 22 22 23 25 6 19 22 25 7 6 25 5 6 5 7 25 5 18 4 17 11 20 24 15 2 5 25 1 15 20 18 25 
3 25 24 1 13 5 17 25 14 24 7 25 23 19 14 19 13 6 2 1 25 23 24 7 7 4 11 23 6 21 18 14 20 21 25 25 8 19 25 25 11 
25 18 10 2 22 25 25 20 24 8 12 5 25 25 1 25 12 0 21 22 12 6 18 18 25 23 0 7 25 15 4 8 15 13 24 8 6 2 25 3 
0 24 25 23 25 9 6 16 4 23 3 4 8 6 25 25 10 13 6 0 25 9 25 1 15 20 9 11 25 25 3 25 18 10 25 1 18 7 25 
23 12 24 25 4 25 16 19 25 14 6 9 7 21 23 7 3 22 6 0 2 2 8 14 12 8 24 2 3 7 25 20 18 25 10 16 21 18 
25 25 24 22 25 5 22 1 2 16 6 24 25 6 2 11 0 25 9 7 17 15 11 25 25 17 25 3 19 23 19 25 22 18 25 19 19 
2 23 25 11 25 6 25 19 10 10 25 12 6 16 6 12 14 5 9 1 1 25 4 25 23 0 25 15 25 15 25 25 0 0 4 13 
16 25 19 5 16 10 25 12 16 19 24 12 23 6 25 25 12 8 25 22 10 25 12 2 25 25 14 11 20 9 8 23 7 0 2 
21 13 25 25 22 25 24 6 10 17 7 10 11 25 25 25 20 16 25 0 21 2 25 16 24 13 2 25 2 15 4 7 25 8 
5 24 14 15 17 15 14 14 25 6 15 1 25 3 25 1 25 21 9 22 1 19 24 21 3 25 11 12 12 6 25 8 8 
20 21 9 14 25 24 11 25 16 1 1 10 25 8 25 25 24 9 2 16 16 2 5 25 24 1 2 7 5 25 25 15 
11 2 25 19 21 25 23 14 23 25 0 20 25 19 14 13 9 5 5 25 21 2 17 16 12 25 8 25 17 25 22 
7 9 5 23 3 19 7 24 16 21 8 25 1 21 25 17 4 16 4 3 5 24 25 2 7 25 25 7 11 25 
24 4 25 18 8 18 25 5 13 13 13 8 22 25 25 24 2 18 8 12 17 20 4 25 23 12 25 25 16 
8 18 21 24 23 18 22 2 2 24 6 16 0 25 24 0 25 0 23 4 1 14 20 7 25 17 12 19 
25 17 25 25 18 16 11 20 17 21 25 13 25 13 19 19 25 8 24 5 25 8 19 25 3 18 25 
5 8 8 5 14 3 8 2 4 2 14 8 17 13 13 13 16 23 25 18 9 21 17 17 4 0 
22 3 3 20 10 8 25 15 16 7 25 19 13 10 20 5 14 13 4 0 11 21 25 25 0 
25 25 13 2 14 4 25 18 7 20 8 25 1 15 19 4 9 11 10 13 15 12 11 25 
18 11 14 25 14 9 5 5 25 25 25 22 25 22 25 19 25 6 6 9 25 6 16 
19 4 16 25 7 25 20 9 25 20 8 25 6 6 8 4 13 18 23 10 9 1 
1 25 23 22 20 14 8 20 25 19 17 7 25 19 14 23 10 14 22 6 25 
20 14 24 22 3 0 25 19 4 15 1 25 16 1 25 25 25 21 16 15 
18 21 21 10 25 25 12 5 25 10 15 25 11 3 11 8 25 4 6 
15 4 5 25 25 4 6 14 21 1 13 7 9 3 23 16 3 6 
25 15 25 11 2 16 9 24 10 25 25 4 19 9 10 0 16 
18 5 17 25 9 6 18 25 25 18 15 25 17 15 20 25 
17 6 3 25 25 11 25 19 22 2 11 6 11 10 19 
22 19 21 0 13 25 11 8 19 21 18 25 9 12 
25 20 5 10 10 25 12 9 23 5 8 25 13 
12 25 15 20 9 16 24 20 25 14 17 1 
25 0 19 25 13 16 2 22 6 25 1 
25 22 20 11 11 3 7 0 25 22 
10 21 15 14 4 18 25 19 25 
7 13 18 24 25 21 13 10 
25 7 10 25 25 7 16 
15 25 19 19 25 3 
25 14 23 8 2 
25 24 1 22 
9 24 25 
25 7 
21 

