100 25
11 11 21 1 0 25 11 11 21 15 5 8 5 7 5 2 25 22 23 3 24 10 3 8 4 0 5 10 25 17 25 22 5 16 25 8 17 20 15 5 5 18 17 25 14 20 5 14 8 0 25 2 13 2 6 7 5 4 25 17 25 2 20 24 23 23 5 25 25 16 3 25 25 13 6 8 16 3 9 8 20 25 8 17 15 10 6 14 8 12 20 21 6 10 25 3 20 22 25 
2 23 8 12 0 2 10 24 6 16 5 14 25 11 12 13 18 4 4 23 19 10 1 19 12 20 3 2 8 19 17 25 25 1 18 7 12 3 3 7 24 0 15 21 19 11 6 6 6 25 22 18 22 16 24 0 8 17 4 22 1 10 1 22 24 25 4 20 22 2 9 3 25 12 11 10 14 7 13 5 25 10 8 7 14 8 5 8 25 10 12 1 13 12 25 8 18 7 
6 17 18 8 25 21 20 8 24 11 14 10 2 25 19 10 20 1 25 2 20 1 6 5 23 24 25 23 25 3 17 12 9 4 3 6 23 25 10 19 6 3 25 16 19 20 10 22 5 24 25 23 15 3 19 11 25 25 25 16 6 18 23 0 7 11 24 25 20 24 25 14 21 25 25 25 12 20 25 1 5 6 21 25 7 6 21 19 14 25 1 2 17 0 18 2 8 
1 13 24 15 25 0 3 25 20 2 19 21 8 18 11 8 0 10 16 6 25 3 15 10 25 1 10 0 17 6 8 21 9 1 25 15 25 25 25 15 3 25 3 13 15 9 19 12 11 1 13 3 18 23 13 24 5 5 16 25 25 25 11 20 6 19 25 11 4 23 1 6 12 19 13 17 3 7 8 21 25 6 25 18 5 9 0 21 21 6 13 17 11 0 24 18 
1 0 14 0 2 22 14 25 7 25 5 19 2 0 0 3 3 13 19 22 19 12 0 13 20 19 25 22 9 18 14 19 24 7 2 25 5 1 0 25 19 20 10 0 25 23 7 4 7 21 25 25 22 12 0 10 25 9 6 22 13 20 10 23 25 13 22 23 15 0 21 10 11 9 14 13 3 25 20 13 6 15 25 14 24 5 24 8 12 21 16 15 25 25 25 
19 6 3 10 20 5 11 4 17 7 9 25 5 10 25 1 2 1 3 0 21 24 25 0 13 6 20 23 14 1 22 9 21 2 18 25 19 25 13 25 2 2 17 9 8 5 15 6 11 4 23 4 1 24 25 20 16 14 7 1 9 24 3 0 17 2 25 2 20 23 15 20 1 12 1 11 22 12 1 7 25 11 25 16 25 5 15 21 9 12 7 8 16 12 
4 25 18 8 17 7 25 24 25 9 20 10 8 22 20 11 15 15 25 4 19 16 20 25 8 25 22 25 0 20 22 12 25 21 0 15 19 14 0 8 4 5 10 6 19 13 17 17 10 25 9 4 4 17 11 21 21 25 7 16 0 2 20 23 6 20 23 5 0 5 14 9 25 25 11 3 9 4 7 20 16 0 6 16 25 25 11 25 13 19 1 1 6 
25 24 20 14 17 1 13 6 11 19 7 5 5 16 1 25 13 8 6 12 3 20 11 18 11 22 4 4 13 10 8 25 18 6 17 23 18 16 14 3 25 16 24 20 23 25 25 22 13 25 23 4 17 25 10 3 0 7 17 25 25 25 8 11 13 12 18 3 9 25 17 13 25 25 2 5 18 14 16 23 6 24 6 25 24 12 22 16 22 14 25 9 
25 20 15 18 22 15 16 21 24 8 12 21 8 24 21 8 23 5 11 3 25 2 13 6 13 8 0 3 12 7 12 15 22 4 21 25 4 15 25 8 25 7 23 1 13 3 15 21 2 4 24 4 15 12 15 10 17 18 9 25 20 2 8 25 2 21 24 9 19 16 22 16 17 25 14 15 10 16 11 21 12 21 9 3 1 17 4 7 11 10 0 
5 3 19 22 25 18 25 16 0 17 2 10 25 11 8 25 6 1 20 14 19 15 6 15 22 22 16 7 6 9 21 9 19 21 10 6 6 7 11 0 3 0 20 8 8 0 5 7 1 11 20 4 7 2 19 19 3 15 11 2 18 24 12 19 5 10 9 7 7 23 5 6 17 6 5 8 24 11 7 0 4 2 6 15 9 0 25 24 1 18 
22 21 25 22 10 15 9 3 24 11 25 2 17 10 13 6 0 15 13 10 2 12 25 25 14 4 15 25 25 23 22 5 16 2 21 20 8 0 8 8 18 15 8 25 19 19 2 23 10 21 1 4 0 16 13 0 0 9 25 0 21 18 11 13 23 1 12 0 23 10 25 5 0 11 22 3 9 11 24 7 3 24 25 9 13 4 14 5 16 
14 1 17 9 10 13 19 21 14 0 25 20 7 0 25 0 14 1 11 24 14 21 25 10 17 5 4 13 11 1 5 17 6 6 17 25 15 25 4 18 25 6 24 1 11 25 0 4 0 13 13 5 7 14 20 14 12 6 15 25 12 19 3 16 25 15 25 15 14 25 23 12 25 24 13 13 22 16 24 21 4 25 15 19 16 0 25 18 
25 25 20 21 25 20 12 20 19 14 25 23 21 3 17 25 2 19 7 12 10 24 15 19 16 5 3 16 19 10 8 9 5 0 23 21 24 0 12 22 22 25 18 21 14 0 13 9 18 10 25 17 19 2 3 20 1 10 4 25 17 25 18 8 1 15 7 25 20 19 21 11 3 19 20 13 15 10 25 9 6 6 0 1 8 6 12 
15 20 11 25 25 1 3 11 18 8 17 14 23 18 25 16 12 19 25 1 18 10 25 21 25 11 25 9 25 22 4 2 13 10 0 25 9 3 21 17 5 15 0 11 20 8 4 25 14 6 25 15 22 0 23 5 12 22 21 20 20 5 15 13 14 15 0 10 25 16 24 21 2 25 25 13 24 14 16 13 16 25 2 22 21 10 
8 6 25 15 24 21 21 24 14 24 25 23 12 3 25 13 17 17 23 10 14 24 20 6 10 21 9 5 17 25 2 22 13 10 13 23 3 15 9 8 17 22 5 17 7 15 6 12 6 16 25 7 6 9 23 8 11 21 8 18 6 5 13 1 22 10 20 17 6 6 4 7 5 15 10 14 10 16 6 4 19 2 17 24 2 
25 12 7 23 25 5 22 16 14 25 0 5 18 13 5 7 6 4 9 13 25 25 10 5 13 24 11 0 3 3 25 10 13 18 12 10 25 8 6 25 25 3 1 20 8 1 19 25 20 17 1 20 19 25 24 25 0 25 12 9 15 15 9 17 25 25 4 13 23 15 9 25 12 11 21 19 2 23 10 12 0 3 25 25 
0 10 16 23 5 23 17 1 13 21 5 16 16 19 25 6 3 21 1 19 9 17 6 25 22 13 20 18 9 25 16 9 17 9 16 24 3 12 25 25 21 1 5 2 22 4 21 6 19 25 12 2 25 25 7 16 13 2 3 21 24 19 4 10 14 1 14 5 5 25 18 22 15 25 7 16 8 6 12 21 18 4 19 
17 4 12 5 17 5 2 25 25 3 22 14 1 15 9 2 16 25 0 6 1 10 4 25 16 11 18 25 25 8 25 2 25 25 11 25 18 25 18 1 19 4 9 25 14 25 25 12 20 15 5 0 7 9 16 7 15 25 11 14 12 18 25 15 19 25 0 0 3 12 20 7 13 23 13 6 25 0 5 13 14 25 
25 10 7 25 23 23 0 25 7 25 25 22 24 2 23 25 25 25 19 25 4 4 8 24 25 1 25 9 2 25 21 13 25 20 16 18 25 25 25 16 13 25 8 13 14 18 4 25 22 2 25 24 17 23 22 10 24 16 10 25 25 21 9 16 18 25 25 25 13 12 2 11 10 9 18 0 23 3 4 5 18 
6 22 17 1 14 8 23 21 5 4 25 25 13 10 5 23 25 3 17 15 8 25 23 3 14 1 25 7 16 22 11 25 19 16 5 8 25 15 21 21 10 13 25 5 19 25 23 25 17 5 25 23 14 25 25 13 14 13 5 10 12 15 4 6 0 14 10 0 19 8 25 16 20 25 5 9 15 17 25 25 
21 16 16 15 16 6 10 14 25 15 25 18 14 1 19 23 24 25 18 25 5 0 3 25 19 3 0 25 7 18 25 17 10 16 25 11 4 22 12 9 22 22 21 5 1 5 25 25 25 25 13 25 3 25 5 25 25 18 25 12 12 20 6 13 19 1 17 12 16 24 2 23 11 23 14 3 25 25 0 
25 22 5 6 17 2 21 22 19 25 1 17 21 5 9 25 3 5 5 24 9 25 25 4 19 3 1 1 12 11 16 1 0 1 12 12 16 12 9 4 21 25 13 0 11 21 25 25 23 24 14 4 12 22 18 24 15 14 12 23 3 18 20 4 25 22 13 9 10 25 12 25 23 7 18 25 24 11 
8 18 9 25 25 20 21 9 13 0 20 4 9 14 22 25 11 2 25 12 25 4 25 12 9 12 6 4 11 25 6 17 13 25 3 22 25 25 19 18 0 21 25 23 12 25 25 1 9 19 2 25 12 2 12 8 1 3 25 17 15 25 8 17 5 1 5 22 21 21 20 21 8 25 25 7 18 
25 12 6 2 2 25 25 20 25 20 25 16 25 4 12 23 1 25 4 13 25 25 25 2 24 20 5 22 8 25 22 2 2 1 25 17 24 0 7 25 10 24 22 25 1 7 10 25 11 16 25 0 20 23 25 24 20 16 12 20 16 19 6 25 21 2 1 10 6 25 24 0 19 0 25 25 
25 23 16 8 25 14 5 13 25 25 25 10 25 12 18 8 25 17 25 14 13 18 12 11 21 21 25 0 20 4 7 25 22 24 7 25 25 25 19 7 0 4 5 25 25 25 25 25 7 2 25 25 17 23 1 25 7 0 25 15 10 24 6 21 18 1 6 1 10 22 5 24 18 10 22 
6 25 9 3 25 6 25 25 18 5 2 25 5 25 1 6 11 25 1 19 19 9 18 11 9 6 25 12 25 25 13 3 6 10 4 7 24 17 11 21 7 16 10 24 3 19 15 9 7 25 1 15 3 25 11 25 13 4 25 25 0 17 1 9 10 21 12 25 11 24 14 20 23 12 
8 12 6 10 17 25 0 8 9 25 10 23 23 10 25 25 0 2 24 25 3 20 17 23 25 25 11 25 5 16 16 11 20 25 3 25 1 7 12 1 25 25 25 25 8 7 2 10 20 20 5 19 8 16 12 16 21 16 11 25 11 25 25 22 6 3 3 24 1 0 12 18 2 
7 25 5 5 20 20 25 5 25 16 1 16 13 5 13 10 12 14 22 25 12 25 4 19 7 23 25 0 25 19 11 14 17 25 20 21 25 6 1 18 2 13 19 2 25 18 10 7 9 9 23 25 25 7 25 25 4 18 17 10 11 25 2 25 16 3 17 13 21 8 4 25 
14 19 25 18 14 20 14 10 25 25 25 25 11 4 25 25 2 25 25 16 10 25 20 18 3 24 12 13 1 19 25 18 16 25 25 8 7 25 25 13 10 21 10 7 8 25 4 21 15 9 4 25 18 23 1 25 0 5 25 0 12 17 7 25 25 7 21 12 22 17 7 
7 22 3 23 25 20 5 17 20 21 25 23 21 0 16 25 1 25 25 5 1 16 25 25 25 21 3 9 18 12 17 25 4 6 15 12 14 25 25 24 8 11 10 3 13 20 21 25 25 5 25 14 21 15 25 25 5 21 10 2 2 8 16 8 25 10 19 17 16 15 
4 20 25 21 15 3 25 3 12 24 25 11 6 19 25 25 7 7 25 7 25 20 10 24 23 10 25 25 4 4 24 3 10 20 25 4 22 25 8 25 15 14 15 25 22 15 12 25 22 17 25 21 5 2 6 21 4 16 3 13 25 7 23 25 20 8 13 17 25 
0 1 10 23 10 17 2 18 25 7 25 7 5 22 13 25 25 25 3 15 21 4 6 22 23 24 24 20 4 16 12 8 14 25 25 1 13 25 25 12 8 24 7 25 17 23 10 6 18 17 11 6 25 13 17 1 20 9 22 25 4 8 8 15 25 18 25 18 
1 1 12 8 25 22 7 18 24 20 18 16 6 18 8 24 9 25 8 4 25 25 2 23 11 1 20 5 25 24 25 25 1 23 17 17 11 17 19 11 19 23 0 25 17 3 16 25 3 25 14 3 10 19 19 9 13 9 23 11 2 25 2 15 11 0 6 
19 24 1 25 8 25 9 25 22 25 8 16 5 6 25 9 25 12 3 7 21 11 0 1 9 25 23 13 25 4 5 13 21 18 8 25 21 21 25 2 23 25 25 25 22 7 9 25 2 11 23 25 8 13 25 15 17 25 0 16 11 22 25 5 25 8 
18 14 21 18 16 3 25 25 8 18 8 24 25 5 11 23 14 16 24 25 2 22 14 1 8 25 13 20 15 25 9 6 25 1 24 25 13 6 5 16 14 20 18 25 11 21 1 4 17 23 17 25 16 24 9 2 4 22 7 8 12 19 1 14 25 
25 5 25 6 25 18 11 25 12 11 1 2 1 18 25 2 18 21 14 11 25 25 5 22 17 9 25 25 25 25 24 5 23 25 22 25 0 22 14 16 6 25 1 14 20 19 22 17 6 8 25 3 21 25 0 9 3 25 25 12 6 25 14 21 
25 21 25 20 25 25 0 2 20 22 22 5 20 25 16 25 14 2 1 20 25 25 2 6 4 9 13 14 20 18 18 25 11 23 4 16 25 25 21 25 25 19 2 25 10 6 25 20 1 25 17 1 4 23 4 1 25 11 18 9 20 25 22 
11 20 17 16 9 25 5 22 3 25 22 22 7 7 8 3 16 15 18 25 19 20 8 21 6 2 9 25 25 10 13 13 22 7 13 12 25 2 8 12 23 24 20 14 0 2 25 25 2 17 23 22 25 22 23 9 10 18 6 25 7 2 
8 5 3 17 17 17 8 1 15 25 24 23 6 25 7 16 25 11 24 2 25 25 25 25 22 18 25 8 25 16 17 5 25 25 25 3 22 22 17 17 0 16 6 13 5 5 25 3 20 25 25 14 22 8 2 4 25 3 25 13 15 
14 11 22 18 25 6 5 25 0 6 4 4 23 14 22 25 24 10 0 2 7 25 10 10 23 25 14 8 8 25 12 13 6 18 25 7 20 12 24 25 14 14 12 22 17 3 1 5 8 21 2 22 0 20 23 12 12 13 25 21 
10 19 1 11 10 5 25 3 15 0 6 2 6 16 25 4 22 0 0 25 6 8 25 3 13 20 12 25 25 25 5 3 9 8 14 16 25 25 9 6 21 6 5 6 25 4 2 25 23 1 12 1 4 0 24 25 25 0 25 
24 25 25 6 11 3 4 19 14 25 0 15 23 19 17 25 25 19 14 25 8 25 25 2 14 5 22 6 25 12 11 25 18 8 3 10 25 0 19 20 25 5 25 13 20 25 25 23 5 10 21 25 13 8 20 18 19 16 
25 20 11 16 25 25 25 24 1 20 7 25 25 5 17 25 25 7 7 23 16 2 18 25 25 25 11 13 8 6 5 8 2 21 25 0 11 18 23 25 24 3 25 24 25 10 12 10 25 14 11 16 21 22 25 10 25 
3 14 12 1 17 22 17 25 0 9 21 14 19 25 17 25 14 18 11 24 10 16 22 2 2 8 25 1 2 15 24 16 25 13 25 19 4 1 21 24 18 5 25 15 17 25 21 12 16 7 3 10 16 16 2 19 
17 25 25 12 25 20 23 22 24 25 16 8 8 11 25 3 2 25 25 12 6 0 3 12 16 25 12 25 9 16 12 4 14 22 14 20 25 9 9 17 10 23 6 23 11 13 19 12 25 0 1 25 15 17 21 
24 3 8 24 19 4 25 25 10 23 25 19 14 22 5 16 17 10 1 0 4 25 3 8 2 8 17 8 25 19 23 6 25 1 24 19 15 25 3 22 12 16 25 1 8 25 8 5 25 1 13 24 25 23 
10 7 23 5 8 23 22 25 3 17 0 3 8 23 12 25 2 17 25 9 1 25 25 19 11 14 0 14 1 3 22 15 9 23 19 25 12 7 12 17 8 1 25 11 18 19 23 4 3 11 10 11 19 
5 2 25 6 18 2 3 8 16 3 20 25 25 25 25 7 0 22 14 5 6 25 13 13 16 4 10 5 25 11 19 25 11 11 22 22 22 7 14 16 19 10 17 3 9 25 1 17 25 4 20 25 
24 17 23 23 3 6 12 6 22 8 6 20 25 0 25 6 25 23 1 25 22 1 19 0 7 21 25 17 8 14 25 3 25 25 10 2 16 25 13 3 20 13 19 9 15 18 6 19 25 24 20 
13 4 0 13 25 12 24 2 11 4 2 2 18 25 16 21 17 25 25 15 25 25 17 0 25 5 8 1 18 20 18 5 13 1 1 25 12 3 10 23 24 24 17 18 21 15 25 13 11 25 
15 20 13 4 0 25 25 13 10 25 25 2 21 25 2 6 17 7 0 9 20 4 25 0 24 16 21 8 4 0 11 6 15 11 25 8 19 10 16 25 14 25 25 12 25 22 10 12 8 
1 25 15 18 13 20 10 25 25 17 22 24 11 10 24 8 6 25 3 14 25 25 3 22 17 5 18 17 1 14 10 24 25 25 1 25 18 24 5 25 18 11 25 21 9 9 17 25 
25 5 0 12 19 15 8 8 3 24 20 7 3 3 19 6 25 9 6 4 23 16 4 24 22 1 14 20 24 25 21 10 10 25 7 1 12 12 25 5 8 11 25 9 25 11 20 
25 25 13 18 24 14 25 11 25 25 20 25 4 3 13 21 25 3 6 2 9 0 16 19 22 19 12 4 15 6 21 3 19 24 4 11 0 14 15 25 8 7 11 11 11 7 
25 20 23 3 25 6 25 8 4 25 25 5 24 25 0 18 24 25 23 24 25 10 21 24 25 15 8 25 10 25 14 25 25 24 20 2 0 15 23 25 20 10 25 25 12 
2 10 1 22 25 2 24 17 25 7 1 25 25 1 5 7 6 16 15 10 25 19 25 25 25 23 8 5 25 23 14 25 23 25 25 18 16 17 0 25 16 25 5 23 
6 13 25 2 18 23 18 25 16 10 0 25 25 25 0 12 3 6 7 23 4 6 3 11 18 25 23 19 14 21 23 14 7 19 5 25 20 17 25 16 6 23 25 
25 6 11 22 9 24 15 25 25 3 2 25 10 14 25 11 6 6 11 12 6 25 25 21 18 14 20 25 1 5 19 22 24 19 7 20 24 25 25 15 15 24 
25 5 11 23 10 22 18 1 23 25 13 10 6 19 20 1 11 10 10 21 15 10 12 1 11 23 0 5 25 21 25 25 14 25 24 25 25 25 19 8 25 
19 21 25 25 7 7 25 24 14 25 25 0 13 6 22 12 15 24 1 8 10 21 7 25 25 8 7 22 14 10 18 25 10 17 23 18 6 12 11 25 
19 25 19 12 22 12 25 25 16 15 1 11 0 13 19 7 8 13 15 15 21 17 19 25 12 19 23 5 25 10 14 4 11 21 25 10 18 25 25 
5 19 11 24 20 20 14 13 12 2 1 17 25 0 25 17 7 22 9 21 14 0 22 8 21 20 24 0 16 25 21 7 7 23 25 5 14 25 
22 1 25 25 19 22 10 19 14 15 6 0 25 5 13 25 21 23 20 25 11 2 3 11 22 1 11 2 12 23 25 25 12 2 24 25 25 
17 8 5 17 9 8 8 19 0 23 12 6 12 25 20 13 4 25 21 23 5 4 25 12 19 0 0 21 10 3 1 9 6 25 12 2 
13 9 18 5 12 16 2 14 0 7 10 5 16 15 18 24 15 13 25 22 3 25 25 3 14 4 5 24 15 21 14 16 11 5 3 
3 17 17 9 8 0 1 7 25 6 9 22 2 3 2 6 9 9 13 14 23 23 5 25 10 10 20 17 18 8 15 7 25 25 
25 25 20 11 0 20 19 22 7 25 0 19 10 17 11 15 3 20 25 10 13 24 7 18 17 19 15 16 21 25 13 0 25 
9 25 25 7 25 16 7 12 22 1 25 0 15 20 13 15 13 7 24 25 25 23 10 2 7 0 14 9 3 13 22 22 
25 25 20 4 22 3 16 5 17 7 22 25 2 25 4 19 3 19 25 25 25 25 1 11 14 13 8 16 11 25 7 
11 9 16 7 25 9 4 10 25 24 25 18 17 25 25 7 23 13 2 15 22 24 25 4 25 5 20 25 25 25 
7 3 10 25 9 15 4 6 25 2 6 25 10 16 20 7 3 25 19 11 6 25 25 21 9 0 8 10 8 
3 25 14 4 6 7 8 7 19 24 14 23 8 25 23 21 22 20 25 23 23 25 13 25 9 25 10 25 
10 25 7 13 25 6 20 5 15 25 17 17 2 25 23 5 25 22 25 18 25 17 13 24 5 8 9 
21 12 19 25 6 19 19 17 17 11 25 25 0 19 3 6 1 15 11 14 18 10 25 25 25 18 
11 10 6 8 10 25 25 25 4 25 10 0 22 14 18 22 2 25 0 13 15 22 7 2 7 
6 20 13 13 25 4 25 12 18 25 9 19 25 19 3 19 13 25 2 7 3 16 25 25 
21 8 24 24 7 15 25 2 7 2 0 2 25 20 12 25 0 19 24 6 18 25 11 
7 23 4 25 6 0 16 25 23 25 25 21 16 22 13 2 19 1 19 2 25 11 
17 8 25 25 18 7 17 17 1 20 6 18 21 9 20 1 20 2 25 22 25 
8 15 14 25 25 4 22 25 3 25 25 2 21 23 19 8 3 22 25 25 
23 6 19 6 14 25 13 21 23 9 5 0 23 25 17 9 25 25 25 
24 25 25 18 25 18 21 7 25 14 25 21 14 9 23 17 19 25 
25 20 16 25 24 15 14 15 25 25 17 10 25 4 6 13 2 
25 11 25 24 23 19 4 15 24 13 15 14 13 12 3 1 
13 20 21 2 18 21 25 1 14 3 9 19 0 25 13 
5 24 13 16 22 9 7 13 9 18 9 10 13 23 
25 9 25 25 25 10 18 25 20 12 25 18 5 
25 25 0 25 12 18 20 24 4 11 14 17 
25 23 25 1 22 25 10 21 25 15 8 
25 24 7 25 1 10 20 17 12 25 
2 25 7 9 0 14 4 25 7 
16 20 25 25 22 24 11 12 
25 25 25 15 3 11 25 
23 22 25 19 13 25 
18 7 9 11 4 
18 15 16 22 
6 14 23 
15 15 
25 

