100 25
5 5 0 17 5 4 13 21 25 4 13 10 24 12 17 18 1 4 25 6 2 12 9 14 5 8 22 10 9 12 5 16 22 12 24 3 25 8 10 25 25 24 25 14 12 11 10 24 22 0 7 23 21 24 21 4 24 25 22 19 19 25 17 2 25 25 2 13 25 6 22 24 25 5 6 22 12 9 8 17 8 8 7 10 25 25 16 25 17 12 8 18 25 16 14 21 13 16 6 
11 17 16 25 25 24 10 25 22 14 8 1 20 16 25 25 25 3 21 16 25 0 17 25 0 24 6 10 8 19 3 25 25 0 13 22 25 6 25 9 23 16 25 19 20 25 1 19 21 21 9 0 20 11 24 18 22 7 2 19 18 20 10 14 11 2 13 21 25 11 25 16 5 21 8 17 15 3 25 25 23 6 4 10 20 0 2 25 17 11 18 21 22 6 10 2 22 25 
16 25 17 17 4 16 10 1 6 23 5 3 3 25 17 25 4 14 25 0 3 25 23 7 5 16 8 19 24 0 12 20 10 25 25 1 1 4 9 21 9 3 23 25 17 2 7 22 24 17 11 20 14 9 0 25 20 17 25 12 6 10 19 22 25 8 8 12 3 25 22 25 20 25 23 3 16 15 18 11 9 12 1 8 18 25 11 25 5 25 20 16 15 9 4 25 25 
25 24 12 13 1 2 1 11 16 2 25 3 23 25 25 25 21 2 21 18 13 7 23 22 9 24 2 25 25 25 8 0 25 25 25 1 0 24 25 17 0 21 16 14 2 4 11 7 7 13 25 9 15 23 17 20 8 20 24 18 24 17 25 10 5 8 25 14 5 21 2 13 4 10 11 5 10 25 21 5 21 12 19 19 8 4 0 3 25 13 22 10 1 25 25 15 
2 9 4 23 6 11 0 16 0 2 6 3 7 1 13 0 21 0 11 25 2 22 8 13 16 1 10 4 19 25 19 4 0 16 21 17 17 4 8 25 13 23 2 0 5 19 5 8 19 14 14 3 4 25 13 25 11 5 14 6 13 1 20 1 25 12 12 25 25 17 18 7 7 9 25 10 19 11 25 16 24 9 13 25 14 11 9 25 9 4 20 16 14 20 25 
25 6 3 18 25 9 3 17 21 25 21 11 20 23 16 22 3 9 9 24 10 1 20 8 12 11 22 23 13 25 25 18 25 4 17 23 18 14 21 10 11 3 19 9 21 1 17 23 5 12 25 25 25 10 21 14 15 25 15 18 23 19 25 3 18 4 0 18 6 25 4 25 19 6 25 15 15 5 0 25 13 25 16 24 25 25 20 2 10 19 0 25 9 1 
23 15 23 3 11 9 4 11 25 11 7 12 18 22 20 21 17 11 25 25 9 25 22 21 10 13 7 0 25 6 17 23 25 25 9 0 20 5 14 25 20 25 17 15 6 10 19 21 25 0 24 2 7 6 25 6 15 10 25 2 5 11 22 13 15 7 18 3 25 18 2 1 2 19 24 17 25 25 14 10 10 22 14 25 15 14 1 25 6 25 22 18 3 
21 15 25 17 25 9 24 22 14 20 13 25 7 4 21 2 15 23 25 5 12 18 3 24 16 25 3 19 21 0 15 23 3 24 24 18 23 12 8 17 1 25 2 25 11 12 1 24 24 20 9 22 12 24 25 18 17 15 15 24 22 22 9 22 21 1 10 16 24 4 11 9 18 25 0 18 17 6 21 23 22 19 25 14 16 21 6 14 18 25 7 25 
4 19 5 24 0 21 8 18 24 0 20 18 19 25 7 0 15 21 9 25 3 2 3 24 2 17 12 25 23 13 3 15 17 21 17 3 17 4 3 14 9 14 17 25 3 3 25 5 0 25 7 25 24 25 23 10 25 10 0 25 25 3 17 17 25 10 8 10 22 14 4 13 23 1 24 25 25 8 16 2 25 25 22 3 11 3 6 7 25 23 25 
3 15 23 25 0 18 6 21 14 24 19 23 0 18 21 0 22 13 4 17 25 25 9 2 7 8 5 12 20 25 25 2 11 7 5 13 8 25 24 14 0 15 6 7 6 7 22 17 8 5 9 19 19 3 22 25 25 9 14 19 22 25 25 11 4 0 9 7 22 4 9 25 25 19 2 25 16 5 1 6 24 20 20 11 20 20 25 25 6 6 
25 18 10 15 1 17 17 14 12 16 20 3 4 2 18 15 12 25 18 25 21 18 25 25 3 22 22 24 17 21 4 9 12 22 25 16 15 12 3 3 24 23 11 24 21 0 16 25 24 0 25 25 0 11 22 9 25 24 23 2 13 24 24 2 20 25 14 5 17 9 18 25 14 14 13 23 2 13 13 17 12 8 2 8 25 18 1 1 5 
14 24 11 5 24 8 10 17 5 25 3 25 25 23 7 19 25 24 6 22 23 11 15 18 3 0 16 15 17 11 25 6 25 22 25 5 25 15 12 23 8 16 15 1 25 4 17 9 21 17 25 24 25 24 17 15 24 14 8 2 17 17 3 14 15 25 24 25 1 6 25 15 0 21 21 18 14 17 8 25 25 25 18 2 6 11 11 18 
6 12 23 25 19 25 10 3 8 12 13 7 18 25 24 25 0 14 21 16 12 25 18 7 5 11 12 15 2 9 18 25 17 0 3 7 1 10 4 25 4 17 13 20 5 2 14 25 25 25 11 3 15 18 25 25 4 24 25 10 7 9 25 25 1 22 1 2 16 11 24 19 21 25 10 22 22 25 21 2 19 22 17 3 19 8 12 
22 8 25 18 16 21 12 5 21 9 10 25 25 17 5 14 20 0 25 25 22 25 6 5 25 4 7 1 24 25 25 24 19 24 18 1 25 14 19 25 24 18 16 20 13 22 13 25 3 25 6 18 21 11 4 25 20 12 11 8 16 18 24 23 25 4 0 13 1 25 25 4 25 7 16 6 10 25 23 5 19 13 25 6 15 19 
17 23 22 25 20 6 5 10 1 9 20 17 19 10 22 11 25 20 25 8 22 2 23 12 20 19 4 9 3 12 12 1 25 16 7 25 23 22 9 8 19 24 17 14 0 25 6 23 17 5 23 25 25 5 2 9 8 19 12 12 16 19 1 12 13 15 6 1 16 11 6 8 14 9 12 25 6 10 14 8 25 13 17 4 4 
21 18 10 25 17 20 20 6 13 1 3 25 22 10 13 3 18 8 25 22 9 3 3 21 4 24 10 15 21 21 4 23 24 8 3 16 23 23 1 0 0 12 8 7 11 10 25 5 25 22 24 21 14 13 25 24 0 14 17 8 11 11 25 20 21 20 1 25 20 1 10 1 23 7 2 13 25 10 25 3 13 8 23 3 
10 2 20 25 25 25 2 15 6 5 18 10 13 25 1 13 25 14 11 7 7 10 15 25 17 25 10 15 25 6 21 0 6 9 20 25 25 7 3 5 25 25 0 12 16 11 1 17 13 21 25 25 25 11 25 13 15 17 13 24 25 15 22 24 17 6 15 20 13 15 2 1 8 0 6 1 17 8 15 1 19 19 3 
9 25 25 0 20 15 9 2 2 11 1 10 0 22 2 25 20 25 16 25 24 2 13 14 18 19 13 8 20 3 3 7 18 7 10 18 10 25 7 17 13 10 14 13 15 13 9 25 25 10 13 25 25 21 24 1 23 23 15 4 25 15 10 7 24 18 19 2 23 7 4 24 23 0 0 18 13 25 18 17 25 6 
0 23 13 16 10 18 25 6 7 17 18 8 25 20 12 5 9 10 3 25 12 25 1 17 11 17 21 1 3 5 13 25 13 18 23 25 1 18 2 10 25 3 11 8 19 10 25 6 18 24 10 19 25 13 8 10 2 19 18 9 5 25 1 18 4 17 1 5 25 25 25 25 6 16 3 4 1 12 21 3 25 
12 2 25 7 22 23 13 6 24 3 2 25 24 25 18 25 20 16 4 1 11 19 17 16 20 8 19 15 24 8 12 7 23 6 11 18 18 16 14 24 25 20 18 3 8 8 4 7 25 13 5 15 17 9 6 1 25 1 20 5 21 9 13 25 15 25 24 24 8 3 18 2 4 25 1 10 1 15 0 21 
0 20 8 5 25 0 4 16 3 21 24 4 23 12 5 10 11 22 11 8 15 5 2 0 10 9 25 15 25 7 11 25 4 15 25 20 25 20 25 18 13 25 25 25 25 8 13 1 25 20 25 17 12 11 25 25 9 25 23 25 14 25 9 16 17 6 21 4 1 13 1 25 19 14 12 1 3 25 12 
17 25 23 6 18 0 21 25 25 22 25 25 25 3 1 9 15 3 13 6 25 22 12 24 3 14 0 16 16 6 25 10 16 25 22 13 19 18 7 15 14 11 8 6 6 8 3 10 19 8 3 12 20 14 23 1 25 25 6 4 12 13 9 12 25 7 0 16 21 11 25 25 25 6 4 20 14 24 
14 25 15 16 17 25 25 12 13 19 9 25 8 1 15 0 25 19 13 9 25 20 25 3 25 23 25 0 10 17 25 6 1 6 25 21 9 17 22 18 2 5 12 17 2 22 17 6 19 13 25 12 19 4 21 25 25 25 1 23 2 19 0 2 13 22 7 1 25 12 24 25 20 23 17 25 1 
25 16 25 10 5 7 25 8 1 0 8 11 11 25 9 25 21 11 8 24 23 4 0 2 9 8 3 20 19 19 25 25 17 2 4 3 14 0 3 24 7 8 1 15 8 16 25 11 22 11 2 14 23 8 7 12 18 1 4 19 25 16 2 25 21 3 1 14 7 7 10 20 22 9 25 17 
3 13 12 6 11 1 6 14 7 10 24 16 8 25 9 11 20 13 16 21 16 6 9 25 8 23 12 3 7 25 25 12 1 12 5 25 24 6 15 17 18 5 25 1 20 5 7 20 12 16 0 4 25 3 16 25 15 16 20 14 25 3 0 15 2 24 6 15 6 10 4 12 10 16 3 
0 0 8 12 22 23 4 2 13 19 21 15 17 7 18 21 22 12 0 1 17 13 11 14 14 1 5 25 12 19 24 6 16 16 5 13 15 9 4 0 14 14 10 13 2 5 20 7 2 5 3 24 9 25 1 14 2 22 3 3 13 24 6 2 25 16 6 15 11 5 20 10 20 15 
16 7 1 4 18 21 0 6 7 0 6 14 15 20 1 17 25 1 2 20 2 17 25 25 1 1 10 12 9 12 17 21 24 25 8 25 9 1 18 9 18 6 0 2 25 22 3 3 13 0 3 10 18 6 25 18 8 9 25 12 15 15 21 13 0 14 2 2 25 25 25 11 9 
4 10 10 25 25 7 19 17 22 22 25 4 2 2 5 25 16 6 22 25 24 1 17 25 15 22 2 0 10 14 12 23 19 16 7 20 25 3 25 6 24 15 8 12 20 21 15 13 7 25 25 8 9 21 21 13 19 25 25 19 19 3 24 14 12 16 16 25 25 20 12 10 
6 11 24 25 16 7 0 22 16 25 12 12 11 19 18 10 4 12 16 11 21 25 5 25 11 19 2 12 25 13 25 23 20 11 22 24 12 17 25 18 5 18 21 19 18 16 3 7 0 25 25 22 25 0 9 19 25 3 25 18 14 1 8 13 25 25 1 3 3 16 24 
21 5 5 22 19 10 15 25 21 1 14 22 6 25 22 2 15 22 25 25 25 0 1 20 15 14 19 18 0 24 24 5 3 1 5 8 15 25 7 10 25 24 24 19 3 21 25 25 25 23 7 19 2 14 7 25 4 1 8 10 3 11 9 12 11 0 9 25 0 25 
0 17 25 3 6 17 10 22 25 25 10 9 1 7 2 3 17 11 25 14 1 8 10 11 25 1 21 10 25 17 11 18 13 13 21 14 2 24 12 0 11 24 3 15 3 12 5 12 21 25 14 18 22 18 5 23 25 25 7 12 25 21 19 4 25 24 15 23 20 
25 19 19 6 9 11 6 24 14 14 6 25 22 12 10 16 23 25 3 15 22 19 16 10 13 10 25 16 12 23 4 6 21 14 1 25 11 22 24 19 22 14 1 6 19 3 11 6 25 22 17 7 13 1 11 14 19 1 19 25 25 25 11 20 1 25 16 14 
25 5 19 22 4 17 19 20 10 25 22 19 19 25 11 8 0 21 25 8 16 2 18 4 25 6 2 22 17 21 0 25 12 21 18 24 0 12 25 15 0 20 7 7 11 20 12 4 24 10 2 9 18 12 24 25 5 25 14 25 11 19 11 5 4 20 10 
22 10 5 25 20 19 12 21 10 25 25 7 15 25 10 25 25 17 25 5 25 21 13 8 25 10 25 24 9 25 8 0 2 2 1 10 25 21 25 2 9 25 21 17 18 15 24 21 25 7 12 14 1 16 19 25 16 25 15 25 21 25 10 4 23 10 
21 17 18 25 6 8 14 19 9 4 25 13 11 13 0 25 25 13 10 5 22 25 11 5 18 19 25 16 20 3 15 19 2 19 3 11 22 14 22 16 25 25 21 6 5 25 22 18 16 21 17 14 15 17 25 25 2 19 6 20 20 23 7 19 8 
3 11 19 22 19 2 25 20 6 19 23 7 5 9 16 25 9 17 18 12 16 12 14 12 25 24 18 16 25 8 10 10 15 25 21 25 20 12 15 24 14 25 2 4 0 1 24 2 24 6 16 17 24 5 11 6 25 24 13 13 3 16 19 6 
2 15 10 12 21 10 12 25 25 25 8 11 13 19 17 4 24 0 25 5 1 18 25 8 22 21 5 7 24 2 5 8 12 13 0 25 19 25 20 9 13 17 14 3 18 1 6 25 21 10 15 14 25 25 13 10 16 10 15 25 11 5 5 
4 23 0 11 7 14 5 20 25 7 14 4 7 17 18 18 16 25 4 2 18 5 22 7 4 0 7 22 21 5 25 3 3 25 13 17 25 7 0 25 25 25 6 24 11 4 25 8 9 25 1 22 20 6 19 8 17 16 4 6 25 10 
6 25 12 12 8 20 19 23 25 25 24 2 14 25 25 16 10 14 7 24 8 25 5 16 25 25 9 18 9 11 25 25 25 21 16 9 19 24 2 19 7 2 0 25 2 20 7 7 1 0 25 5 0 18 25 7 24 13 25 18 21 
25 25 8 19 15 10 5 10 5 4 17 2 6 11 24 21 21 4 17 24 15 3 2 14 13 23 6 15 8 11 17 6 23 23 18 25 23 10 9 1 3 23 2 14 10 20 25 9 3 22 10 2 23 18 3 25 7 20 6 5 
1 22 7 16 7 5 15 25 10 13 3 9 17 5 5 6 15 14 22 25 24 19 20 13 7 2 13 25 22 6 25 14 25 4 20 13 23 6 3 18 14 19 17 9 17 4 9 11 13 19 5 25 25 5 2 18 25 13 14 
15 18 4 19 24 0 22 19 25 21 7 24 3 13 23 23 19 20 0 25 6 25 1 15 11 25 10 7 19 20 12 25 14 9 6 10 12 20 2 10 9 12 4 14 22 9 17 25 25 20 15 10 7 0 13 4 19 14 
16 20 14 8 22 25 25 25 25 12 24 13 9 25 3 25 17 19 18 19 6 3 8 6 13 20 11 15 25 22 1 19 1 22 13 13 25 11 2 16 22 22 24 23 18 4 24 11 10 24 22 25 24 14 11 25 20 
7 25 13 23 4 25 7 15 2 4 1 25 22 1 8 9 17 22 1 4 2 6 25 1 7 2 11 25 0 23 12 25 16 11 21 25 22 22 1 6 20 18 11 0 21 23 25 3 5 16 6 20 14 23 16 9 
1 20 9 14 10 25 2 0 19 24 2 24 25 18 25 7 16 1 15 25 20 16 14 16 20 25 6 1 16 22 9 2 25 1 22 20 4 24 14 25 13 22 19 1 8 0 4 7 8 12 18 9 25 9 23 
23 5 20 14 14 20 3 20 25 22 25 6 13 17 25 13 1 17 17 9 20 17 18 25 5 22 11 12 14 3 9 5 25 25 12 24 25 25 4 25 10 11 1 25 11 9 25 19 13 13 16 20 5 1 
25 25 18 12 12 0 7 21 12 11 23 19 3 25 25 10 7 10 20 13 7 25 25 12 15 25 25 3 21 20 22 0 20 4 14 18 17 23 25 23 18 24 9 23 4 8 15 20 25 9 20 15 25 
2 23 8 23 25 24 11 11 19 11 19 24 25 25 25 25 9 14 19 20 17 13 10 22 23 7 21 12 1 8 10 25 13 9 6 13 18 4 17 0 14 25 21 9 15 0 25 25 21 4 5 18 
5 9 5 20 23 25 6 25 6 7 20 1 3 24 18 25 5 19 22 22 9 10 16 11 24 25 23 1 25 13 9 23 16 22 13 3 13 21 24 6 13 24 0 21 8 17 25 23 20 4 1 
12 15 25 25 21 21 9 17 11 4 11 18 11 1 2 12 8 7 25 9 6 9 1 25 15 17 18 16 24 21 7 21 25 11 10 3 18 2 18 21 8 3 11 25 25 11 5 19 10 25 
11 17 24 25 25 16 2 5 25 21 7 8 17 24 17 1 23 17 10 20 0 13 25 4 9 25 20 5 25 2 22 4 25 23 25 25 16 13 25 6 23 6 17 12 1 2 21 25 25 
13 25 22 16 11 5 6 23 25 0 23 1 25 10 4 22 8 8 8 10 22 21 8 15 12 14 12 21 16 21 6 7 17 8 8 0 9 21 1 4 17 25 0 6 25 23 25 22 
14 20 25 10 20 25 24 25 9 6 11 25 16 9 7 1 18 22 17 13 25 19 0 7 3 12 9 6 25 17 2 22 14 4 25 8 7 23 25 23 1 2 5 25 25 7 17 
22 3 25 21 22 25 25 18 18 25 10 25 24 7 6 19 7 6 14 7 7 5 25 17 2 25 11 8 14 1 8 0 8 16 20 7 19 7 4 15 15 18 13 17 16 18 
25 13 5 12 4 5 25 11 11 10 25 8 6 10 15 7 6 16 3 25 21 25 11 13 16 25 11 23 25 2 19 3 0 22 0 24 23 20 4 25 8 3 6 4 25 
15 10 13 24 16 25 24 16 12 21 21 25 25 11 22 25 25 25 9 16 2 20 5 12 24 3 25 11 17 17 17 15 9 10 15 10 24 25 15 18 15 3 7 21 
4 24 0 9 6 9 15 22 14 11 8 2 13 20 16 15 18 24 14 2 18 4 4 14 25 23 19 25 25 25 24 25 6 23 8 25 19 4 12 12 10 0 25 
14 11 25 23 22 17 6 13 13 17 5 1 9 20 6 25 11 16 25 9 14 18 25 6 12 25 25 12 4 11 4 22 10 25 3 12 19 22 19 25 10 22 
8 3 25 25 11 10 10 11 6 2 13 20 22 19 22 16 13 25 24 18 14 8 17 13 21 25 25 15 17 3 9 25 18 1 8 25 25 21 9 25 18 
25 25 13 25 18 25 25 15 18 0 20 0 22 20 1 9 20 25 25 25 3 25 25 17 25 6 14 25 24 1 25 5 1 4 24 24 25 11 7 25 
25 14 24 25 25 25 1 13 17 25 25 5 25 7 11 25 25 23 25 20 25 12 4 14 17 7 25 3 11 22 15 25 0 16 3 2 11 7 19 
25 16 25 0 12 22 3 7 23 12 7 20 25 25 5 25 25 2 17 16 2 25 25 25 14 9 25 17 13 25 3 0 13 25 9 25 17 25 
21 25 25 25 2 25 3 8 1 25 24 25 1 25 0 14 22 13 25 19 25 19 22 21 25 9 25 20 22 25 16 21 2 25 24 22 7 
7 24 25 8 18 2 25 25 17 2 25 14 16 16 24 25 25 3 1 21 18 5 25 8 25 9 10 4 14 17 0 12 23 6 22 25 
16 1 10 17 23 25 6 6 18 25 24 13 1 25 9 10 2 25 23 19 11 16 25 25 6 25 8 1 16 25 9 25 4 3 23 
21 5 25 25 20 3 25 6 3 25 25 9 3 25 13 25 20 25 15 12 25 20 12 23 12 7 25 17 11 24 24 25 14 23 
14 21 25 14 25 25 25 18 24 20 12 18 4 20 25 8 1 10 25 25 25 9 18 20 25 25 10 21 16 25 25 25 25 
25 25 10 25 25 21 21 16 25 15 18 25 25 18 25 11 11 15 13 25 25 10 16 12 19 23 18 4 13 17 8 25 
11 22 12 25 25 16 6 25 23 11 21 2 0 25 21 1 12 25 25 6 22 25 24 18 25 19 15 25 13 8 25 
12 17 10 20 25 17 23 21 25 14 25 25 18 25 12 25 25 9 11 17 2 25 25 5 25 25 13 24 13 14 
14 25 25 21 13 24 0 16 25 25 19 25 25 25 25 25 21 25 2 25 19 9 25 25 7 4 25 10 2 
25 25 1 17 13 25 6 5 25 25 25 22 4 25 18 0 21 13 25 3 25 18 22 20 7 18 14 15 
4 16 14 2 3 4 4 25 11 4 8 7 11 20 25 15 17 25 22 25 3 25 1 25 6 25 25 
14 14 25 25 8 13 14 7 9 8 4 25 15 25 23 3 25 9 17 8 17 24 24 14 8 25 
12 25 1 22 7 4 25 5 25 25 18 6 25 1 2 25 9 25 15 22 12 25 25 7 25 
14 20 10 16 25 19 14 25 13 6 25 19 25 13 22 20 11 16 20 25 16 2 25 25 
25 20 4 15 25 23 17 25 22 25 7 25 25 0 25 4 9 20 11 25 20 23 5 
19 13 11 16 25 1 18 5 12 21 25 18 0 0 25 2 13 17 10 9 22 24 
25 0 25 16 7 25 25 12 25 17 16 25 25 10 1 25 0 14 10 21 16 
24 22 25 25 25 21 7 25 17 25 25 17 25 4 9 25 25 11 3 25 
13 16 25 25 9 25 25 25 8 2 25 10 25 17 1 0 12 25 25 
25 25 6 16 17 1 14 1 25 13 25 24 10 25 20 24 25 21 
25 25 23 25 20 14 23 22 25 25 25 13 7 20 19 12 25 
0 1 25 2 25 25 18 1 25 5 17 2 25 25 24 6 
20 25 6 25 0 24 5 12 1 19 14 23 12 15 2 
25 25 25 1 25 2 12 13 3 10 25 5 9 25 
19 25 16 16 1 0 25 14 1 22 25 10 4 
16 3 3 19 19 25 25 17 25 25 14 0 
25 24 9 25 25 12 14 1 25 11 4 
25 25 25 25 25 15 8 25 25 16 
10 5 25 20 3 14 16 8 21 
1 21 10 25 22 25 18 15 
20 13 24 25 25 25 19 
25 18 6 25 2 21 
23 4 9 0 0 
25 13 3 21 
20 11 24 
25 5 
25 

