100 25
16 25 18 7 10 10 10 20 18 3 21 8 9 21 24 23 14 7 7 5 4 5 14 8 11 5 21 13 3 21 19 10 25 1 6 10 24 16 1 1 9 20 10 13 1 24 9 22 7 6 12 4 25 3 6 24 23 3 14 1 0 4 19 6 9 17 8 1 2 16 15 18 25 8 16 14 20 21 20 11 25 11 20 25 23 23 24 14 8 8 11 8 7 7 11 9 17 23 22 
14 12 25 10 16 6 25 3 20 2 11 13 0 18 24 18 12 9 25 17 19 11 21 10 10 6 25 17 25 23 24 5 15 6 20 20 20 10 21 11 14 1 2 15 3 25 11 24 7 22 4 13 17 13 12 15 23 13 1 0 0 17 7 11 24 9 14 1 0 18 18 4 19 24 1 7 23 14 25 24 17 18 6 0 5 16 8 10 25 13 7 25 14 14 14 14 19 10 
3 11 21 1 2 1 2 0 9 0 2 4 15 19 1 19 18 17 15 12 15 11 24 4 25 8 23 3 8 1 13 11 15 14 25 9 5 2 7 25 15 2 7 22 8 9 16 17 22 7 20 5 8 24 22 17 12 19 13 10 25 22 13 1 17 2 24 9 1 15 14 10 25 23 25 6 25 17 6 13 21 18 21 18 2 14 24 20 2 25 13 14 20 23 4 13 11 
6 24 0 18 7 24 21 25 8 7 14 25 7 11 22 15 12 14 9 7 16 12 21 25 5 25 8 0 23 6 1 4 11 1 21 2 15 18 10 12 6 17 7 12 18 25 16 15 16 23 11 25 3 23 5 7 11 13 5 11 22 11 2 19 22 22 12 21 24 25 8 23 12 25 24 5 0 4 14 24 3 17 19 21 0 17 1 20 0 8 12 25 10 10 6 23 
11 6 4 14 22 19 23 10 4 4 25 6 6 13 11 2 25 21 23 21 25 19 14 14 4 6 20 15 3 23 15 0 10 7 21 22 7 14 15 12 7 23 17 0 23 10 9 1 23 20 10 5 1 25 4 25 25 7 18 9 24 5 25 18 3 25 2 6 11 5 14 25 8 2 2 13 0 0 2 25 1 0 20 18 1 1 10 18 6 11 22 5 23 7 19 
16 11 7 17 21 1 11 6 24 25 1 16 7 5 16 25 9 25 15 14 24 16 25 12 11 4 24 2 17 11 22 13 1 25 7 15 11 13 10 22 10 18 17 21 9 22 4 22 10 13 25 14 23 25 5 15 3 5 4 15 23 22 25 6 25 17 20 23 23 3 11 13 7 4 4 24 17 24 17 6 1 1 10 13 25 10 3 13 15 8 19 25 6 3 
7 25 13 13 2 25 12 16 15 25 1 25 7 13 25 20 21 8 19 24 3 25 12 24 0 10 15 8 13 13 13 6 5 13 25 20 15 3 13 13 16 24 0 25 25 2 17 6 25 13 0 4 10 0 0 15 7 8 25 14 13 5 5 3 0 4 5 14 8 9 1 1 22 16 4 20 8 21 15 25 5 10 21 12 25 3 10 23 14 13 13 20 16 
6 9 11 25 11 25 17 25 21 25 14 11 25 5 21 22 5 11 2 13 15 17 20 7 21 25 25 14 25 13 14 22 19 18 22 3 15 11 2 16 14 19 5 4 7 12 18 0 3 22 10 24 19 16 2 8 24 12 3 17 16 3 20 15 25 25 0 10 8 7 3 15 8 21 10 4 6 4 5 23 13 6 20 0 15 21 14 20 17 8 10 11 
25 22 8 9 18 21 2 23 9 7 8 18 19 20 15 9 1 0 20 4 23 0 2 16 10 5 25 5 14 4 11 13 7 13 19 25 16 2 22 6 25 11 6 18 18 9 20 2 5 22 25 2 5 8 18 24 16 10 4 15 14 17 8 24 6 24 11 25 25 18 22 19 25 21 8 5 12 18 25 23 4 25 17 6 10 2 0 17 16 3 8 
2 19 0 17 25 7 16 15 19 10 14 4 1 10 9 25 22 2 10 16 5 18 5 1 24 5 18 23 23 4 3 2 5 24 0 24 4 13 2 10 9 24 14 16 16 8 11 13 17 17 4 5 12 23 13 2 1 15 6 25 2 19 11 3 15 5 10 24 16 10 6 17 23 11 13 22 15 22 7 16 15 14 24 17 17 1 23 14 12 20 
17 7 5 22 19 12 20 20 15 14 22 10 19 19 9 18 15 25 7 16 1 21 6 13 22 5 8 5 19 10 24 10 4 23 9 7 2 24 19 4 13 16 12 3 7 20 25 18 24 3 6 11 17 22 12 7 22 13 0 25 7 5 1 20 7 9 17 19 16 4 7 25 4 23 9 25 19 4 22 11 18 9 4 4 7 4 13 7 25 
6 16 5 25 24 13 15 10 14 19 14 11 20 16 6 8 0 8 1 5 7 9 9 19 4 5 21 6 22 10 6 5 2 24 17 13 16 23 16 14 0 7 8 21 21 6 15 3 12 25 25 5 16 0 10 9 2 25 2 2 23 10 16 10 9 25 7 10 10 0 8 19 6 3 15 2 25 25 9 8 20 13 6 0 23 12 0 11 
15 10 20 12 2 7 8 25 10 19 2 18 22 19 25 8 5 23 0 1 24 21 11 21 11 9 18 7 21 16 7 0 21 20 14 23 7 10 0 18 12 12 0 21 4 2 7 21 2 1 11 17 25 9 25 13 8 6 19 17 25 1 6 3 1 25 11 14 20 20 17 16 23 5 20 17 4 10 3 14 2 10 4 22 3 3 0 
19 21 25 1 10 19 25 22 11 24 7 13 25 15 24 1 3 15 6 22 2 21 16 15 5 21 22 25 3 8 9 11 10 25 12 10 11 9 8 4 20 15 18 23 6 10 2 1 2 17 23 12 24 20 2 11 13 2 10 4 1 25 5 1 22 0 25 3 23 10 18 6 11 22 9 20 25 2 8 4 23 7 6 8 18 4 
6 5 2 13 21 19 22 25 15 25 8 24 9 2 0 4 7 3 16 1 7 12 24 18 25 4 0 3 4 25 25 7 20 9 13 25 20 6 25 20 1 13 4 13 19 13 21 20 16 21 12 21 6 11 23 4 25 11 3 17 20 24 5 8 11 4 22 5 5 9 5 12 23 1 11 20 5 12 2 6 20 2 7 2 1 
2 12 9 5 15 22 16 1 4 17 7 11 5 6 25 22 4 15 13 12 10 0 24 3 3 9 24 6 8 6 16 13 17 5 25 11 8 4 20 11 3 17 21 14 16 22 9 17 25 13 25 5 12 23 16 17 11 17 20 12 17 16 15 15 14 6 4 3 12 24 25 7 18 22 25 0 21 25 25 2 19 2 16 24 
6 7 24 19 9 1 0 5 24 22 4 16 17 6 12 25 6 2 19 8 10 17 12 24 25 16 12 18 12 23 23 1 0 8 17 23 23 25 8 23 7 24 7 17 5 15 12 9 17 2 14 2 1 1 22 22 6 2 20 8 2 17 24 4 21 7 25 0 1 0 13 11 25 1 25 13 2 10 25 5 23 17 25 
2 1 0 19 7 6 14 18 12 12 19 3 13 5 8 15 8 23 18 12 22 9 25 12 6 9 19 5 11 18 11 23 10 25 13 17 25 20 10 1 12 16 17 23 19 23 19 17 16 13 13 3 9 14 25 20 5 10 18 18 21 20 0 0 21 14 7 12 21 9 3 16 25 11 25 7 19 15 11 25 3 13 
0 8 23 21 5 2 5 2 24 4 18 20 7 2 16 14 6 4 4 16 5 23 14 19 6 13 0 3 13 8 2 16 12 5 4 24 10 25 8 23 20 22 14 5 25 1 2 16 25 5 24 3 7 0 1 18 23 9 22 15 17 10 4 11 12 18 2 2 10 7 9 23 22 11 5 16 25 21 5 16 5 
3 4 7 9 0 15 25 3 6 6 22 20 24 3 23 4 22 0 9 2 23 3 18 13 8 5 12 4 15 25 13 9 11 18 7 13 21 25 23 22 9 8 24 1 25 18 6 0 11 17 5 25 15 20 0 21 1 11 21 14 8 21 12 0 7 10 19 17 25 12 23 0 19 6 17 23 7 16 0 0 
3 20 1 12 17 1 10 0 16 6 2 21 20 13 13 13 21 12 22 11 8 6 9 17 7 25 3 21 6 18 2 13 8 11 25 16 2 7 18 10 4 11 15 2 23 13 10 4 3 25 11 22 8 7 19 15 23 6 13 3 3 24 19 0 18 10 25 25 3 1 11 7 2 19 19 25 12 25 23 
12 14 15 7 24 16 19 16 0 0 5 16 12 18 14 2 25 4 1 10 5 25 7 0 20 11 1 8 23 7 25 25 21 0 25 8 15 15 15 2 0 9 3 17 2 25 2 19 24 16 3 3 13 6 17 2 3 2 14 23 10 3 18 20 8 2 16 23 7 14 13 4 13 17 6 4 25 11 
24 8 22 15 9 7 12 19 4 24 24 6 21 25 15 18 24 19 4 1 1 25 0 10 0 21 25 25 22 14 21 19 25 14 8 25 14 10 0 22 13 14 2 0 8 15 14 22 6 21 8 21 4 1 6 25 8 6 20 10 21 20 6 14 14 21 10 2 23 7 3 5 3 16 19 25 18 
3 5 14 16 23 23 10 0 7 0 19 1 20 10 21 6 13 2 2 9 25 24 16 6 0 9 6 22 13 25 9 19 16 15 2 17 9 19 2 1 1 18 9 13 10 4 17 0 24 24 17 8 7 6 19 25 15 11 12 14 24 2 25 21 16 6 17 1 4 24 20 24 12 15 24 0 
13 3 13 15 22 16 15 1 13 6 20 8 25 7 25 15 22 25 11 14 4 11 11 14 2 13 24 2 14 2 20 24 25 5 13 16 15 25 6 3 23 17 2 16 22 14 24 6 23 5 3 9 19 3 0 6 4 20 16 11 13 17 18 20 6 25 23 7 6 3 25 7 5 18 6 
1 2 4 8 21 4 19 1 1 13 3 5 25 23 17 25 16 22 24 18 25 25 15 24 13 20 2 21 3 7 5 18 16 13 24 8 22 3 10 2 9 15 2 7 9 6 25 11 1 7 2 14 11 17 13 9 2 2 21 16 15 0 1 4 18 12 3 23 24 20 0 19 25 6 
1 8 5 25 12 22 6 19 15 14 9 7 12 15 4 19 19 0 0 1 2 25 14 13 19 16 1 25 11 25 10 25 15 25 16 9 12 13 21 23 2 0 25 21 7 16 16 5 4 18 10 19 1 8 25 20 3 19 9 0 2 16 1 13 1 9 8 4 4 12 15 18 4 
25 7 14 25 13 8 16 21 3 0 2 25 12 23 17 7 7 0 1 17 11 19 10 0 13 22 6 16 25 18 13 4 14 25 4 19 25 6 14 23 6 0 6 17 24 4 6 21 18 15 15 5 19 6 25 20 9 6 14 22 15 5 19 7 9 14 2 7 4 12 7 21 
11 17 20 8 13 3 25 24 24 22 20 3 3 17 17 14 3 13 14 12 3 2 16 6 25 25 5 24 25 25 7 11 25 3 25 25 25 0 20 10 25 18 0 24 25 19 25 25 25 25 25 9 21 13 11 25 11 25 10 22 15 0 0 3 4 11 15 25 25 4 8 
15 25 25 11 9 25 23 22 19 24 10 24 23 25 25 22 7 21 19 12 25 25 6 25 15 25 4 2 25 25 13 2 12 25 25 21 3 25 25 11 25 20 21 25 20 25 25 20 7 7 1 15 8 14 20 6 25 15 25 22 25 24 5 10 1 3 20 11 25 1 
11 9 17 25 5 25 23 21 25 9 25 25 18 7 20 6 0 25 22 19 6 10 1 2 6 5 24 22 22 2 25 15 20 13 25 25 8 9 25 6 8 21 10 25 18 17 2 0 19 25 25 8 10 22 25 5 2 11 7 23 20 11 21 7 5 8 25 19 25 
0 22 3 25 10 25 25 9 14 18 25 25 14 17 11 25 23 21 17 8 25 10 25 10 2 25 14 0 25 11 25 25 25 11 14 25 25 21 9 22 25 25 14 25 25 25 25 11 2 20 25 1 11 9 13 8 25 25 12 20 25 20 8 25 25 8 4 25 
25 25 2 14 25 3 25 14 25 24 25 25 9 15 15 25 10 22 25 0 12 25 25 20 14 7 23 13 25 25 0 25 9 8 25 2 11 0 12 20 19 1 25 25 21 25 12 25 25 25 25 25 25 25 11 25 25 23 11 6 23 25 25 0 17 25 25 
24 24 25 9 21 25 25 14 25 25 16 0 21 18 9 8 6 25 25 12 24 0 24 1 12 8 25 25 25 13 21 12 21 13 10 9 25 25 22 12 3 10 16 19 14 25 25 25 10 24 25 5 22 7 14 25 25 25 5 20 25 25 25 25 17 1 
12 23 9 17 25 7 18 25 19 10 17 6 0 8 0 25 1 19 25 15 7 25 17 7 25 4 25 5 21 25 4 25 12 25 2 23 25 18 25 25 25 3 4 18 13 4 25 10 22 25 16 25 25 25 25 25 2 16 6 25 25 9 22 14 25 
25 5 25 2 25 21 23 25 9 2 1 23 25 16 25 25 25 25 25 25 25 25 13 7 25 14 25 7 12 25 16 25 25 25 25 13 25 20 11 11 8 25 17 15 24 25 14 25 19 17 25 11 0 25 5 25 25 1 25 25 14 14 25 25 
25 21 0 3 19 9 17 25 12 25 25 25 13 25 18 22 5 1 15 23 25 13 10 22 2 17 25 25 25 25 25 24 5 3 8 8 23 4 3 3 3 14 7 9 20 20 20 1 25 17 2 17 14 25 25 6 25 18 6 18 20 13 20 
11 5 7 23 7 21 25 8 25 25 25 25 2 25 25 0 11 15 15 15 9 1 5 13 25 7 25 9 18 19 25 25 25 22 6 10 13 25 25 3 25 21 22 25 24 23 5 17 3 12 7 25 11 24 25 25 4 23 25 25 25 25 
8 25 9 18 22 4 7 25 13 22 23 25 25 12 25 5 15 24 20 13 12 25 8 4 25 25 25 25 25 25 11 25 21 16 18 22 25 10 11 7 14 11 25 17 25 3 12 16 25 14 25 0 15 11 25 24 7 6 22 22 18 
25 11 6 8 6 21 25 4 3 0 3 25 15 10 11 7 16 0 6 25 24 9 21 18 25 16 10 25 8 19 0 21 22 16 19 25 9 25 25 12 24 25 11 25 16 6 15 20 22 8 2 16 23 11 25 8 23 8 16 19 
8 24 1 25 13 2 21 25 24 4 17 25 14 7 3 15 14 7 1 17 4 18 14 25 2 25 10 1 18 14 25 2 25 25 21 13 17 1 5 23 4 25 25 25 14 9 25 25 25 25 21 14 25 12 18 5 12 21 25 
19 0 15 17 25 21 9 7 25 25 12 25 21 10 1 25 25 25 22 0 11 0 1 16 25 25 15 20 11 17 19 10 25 6 3 25 25 25 19 1 25 23 25 23 25 17 6 25 14 25 25 10 6 16 25 25 0 24 
10 3 19 24 8 4 10 2 14 6 15 9 25 25 25 2 9 16 18 13 10 15 19 25 18 19 18 19 25 25 25 12 5 25 5 12 19 25 0 1 10 2 25 14 12 25 2 24 14 10 0 13 15 9 16 4 7 
4 25 11 25 25 19 3 7 3 15 10 25 13 21 6 25 16 9 22 17 10 15 10 25 11 25 24 24 25 25 4 25 17 22 4 5 25 10 21 8 17 1 0 25 25 25 12 25 6 18 10 21 3 25 12 25 
24 14 18 25 18 3 25 11 25 12 7 25 5 23 18 21 25 4 2 25 10 7 2 25 25 25 11 5 11 25 14 24 25 14 10 25 25 25 24 19 11 25 24 16 25 8 17 25 11 3 12 11 25 15 20 
20 25 9 10 15 9 2 25 24 22 25 8 9 18 1 24 4 15 18 12 22 12 22 3 15 14 7 25 25 12 0 25 25 25 15 25 25 7 8 15 16 25 25 7 19 1 24 21 25 25 19 9 25 5 
5 19 25 23 0 3 0 25 2 13 11 25 25 8 2 16 22 24 25 17 17 5 25 13 10 0 8 3 3 13 10 25 13 11 20 3 23 25 25 22 24 4 25 25 11 25 13 11 3 10 1 15 25 
25 25 25 20 13 25 12 25 15 5 3 25 2 15 15 18 19 5 15 25 21 12 16 25 11 25 25 13 9 4 1 25 20 25 14 9 22 25 7 25 13 13 11 25 11 16 18 19 20 16 5 9 
11 12 2 0 16 8 13 25 11 25 25 15 5 4 12 25 2 25 25 18 20 8 25 25 1 25 25 17 25 0 25 25 9 25 25 14 9 21 14 10 14 25 23 17 21 25 25 3 20 25 23 
25 25 14 13 14 25 8 25 7 13 25 25 9 3 6 25 22 6 2 22 3 3 24 25 14 17 25 10 15 25 9 23 25 24 25 23 10 9 3 16 25 25 25 17 25 25 25 11 16 25 
20 5 25 7 25 23 25 25 12 21 24 6 5 10 9 15 0 24 21 6 24 10 22 10 22 4 25 2 25 25 20 17 25 19 23 17 25 11 3 25 7 25 20 0 5 25 15 24 12 
20 25 25 9 17 25 10 21 4 25 25 14 6 5 25 20 15 14 25 11 24 25 16 25 25 24 10 4 24 25 1 22 24 25 7 7 25 16 3 4 4 25 25 23 23 25 22 12 
8 25 5 11 6 4 25 13 12 14 20 25 21 10 6 13 13 0 25 11 25 10 25 25 6 25 10 25 19 15 23 1 7 22 20 10 25 8 22 16 2 25 24 25 2 9 22 
0 16 20 16 1 25 15 4 25 15 25 25 24 16 4 13 5 6 25 25 22 20 25 5 4 6 25 25 5 21 0 24 15 0 24 15 2 7 15 16 25 13 15 12 25 24 
17 3 21 19 20 1 23 13 25 14 13 13 17 8 25 2 0 25 19 25 3 25 8 8 18 7 9 25 19 24 23 5 2 24 17 21 25 23 25 25 18 18 12 2 20 
8 25 25 16 25 19 23 16 0 25 25 3 6 20 25 11 13 17 7 7 0 25 23 25 25 10 15 25 10 22 11 22 10 25 12 16 17 25 12 25 8 19 14 3 
3 25 25 11 25 22 25 19 17 25 25 8 21 24 25 20 8 17 11 16 12 21 25 10 25 14 25 25 25 8 25 6 8 10 7 25 25 3 18 17 10 0 9 
18 12 0 24 15 19 25 4 25 17 10 22 25 20 25 25 4 19 8 8 6 16 25 23 23 20 17 13 3 25 12 14 25 25 25 3 0 19 21 25 0 20 
1 25 25 15 6 25 4 25 25 4 5 25 17 8 2 24 25 16 25 5 20 25 25 7 4 4 5 1 6 10 25 25 2 25 3 11 21 16 13 25 25 
13 1 2 25 21 19 16 0 21 24 1 21 25 8 15 25 1 25 8 15 20 15 25 1 12 25 25 11 25 0 25 4 14 25 25 25 25 2 25 17 
9 25 23 25 25 19 16 25 17 24 17 24 7 25 20 2 13 25 14 0 25 20 17 0 10 25 6 25 18 13 9 16 3 6 7 18 5 13 12 
19 19 16 4 9 6 18 20 20 3 9 25 5 25 6 25 16 5 19 9 5 8 10 17 24 25 22 6 22 14 25 2 24 18 1 17 2 20 
25 2 17 12 3 1 3 5 25 12 8 25 15 19 22 12 25 18 25 25 20 22 11 25 25 16 9 25 5 25 25 6 25 0 4 25 24 
9 17 17 2 25 25 23 5 5 25 4 25 25 16 23 3 3 25 11 8 25 3 5 22 25 10 25 5 2 14 25 17 12 14 25 25 
12 10 12 18 3 19 20 2 2 0 6 25 22 14 4 3 19 19 25 21 24 0 25 24 4 0 25 25 25 20 23 17 25 2 16 
25 25 7 15 1 25 12 25 1 21 9 11 15 7 25 10 25 18 1 25 10 25 10 25 1 20 15 15 13 16 12 21 3 7 
25 15 23 25 5 23 10 17 18 19 24 15 10 5 25 22 3 21 24 14 11 17 3 25 25 4 25 25 25 24 23 10 3 
17 12 3 17 25 22 25 25 25 10 24 13 20 3 25 15 25 12 25 6 20 25 14 6 14 4 25 25 7 24 10 14 
7 23 25 20 0 12 22 11 12 25 17 25 25 5 21 25 20 14 25 25 25 5 12 18 25 12 25 3 21 25 7 
5 14 25 5 1 11 3 12 18 1 11 22 25 6 7 2 3 14 6 25 20 25 11 13 25 25 25 2 9 2 
24 25 25 9 3 25 16 23 1 25 20 8 10 22 19 25 9 22 25 22 13 25 25 8 12 25 3 25 20 
2 15 16 25 25 16 25 0 13 11 18 22 2 25 21 3 9 6 16 25 21 25 14 25 25 25 25 21 
25 4 10 25 25 10 17 15 25 15 19 21 25 8 9 4 0 2 25 7 24 14 0 3 25 25 25 
7 1 25 25 3 25 3 16 24 21 22 3 22 5 11 25 25 25 25 18 25 14 22 25 12 25 
13 25 13 6 17 25 23 13 25 25 0 7 16 11 14 7 5 25 25 1 11 25 25 2 17 
25 1 25 25 23 25 19 18 6 6 20 5 13 11 9 0 17 1 22 5 8 24 25 3 
11 0 21 25 24 8 16 10 5 19 0 1 19 6 25 25 25 25 17 7 24 21 25 
8 13 23 9 24 25 25 4 20 4 21 9 25 21 24 12 4 16 12 25 19 15 
17 8 25 25 20 25 8 22 8 2 25 25 4 25 25 19 8 18 2 25 18 
19 16 15 23 24 5 25 25 25 15 0 12 24 0 4 25 18 21 25 18 
10 23 11 0 25 16 1 25 9 22 25 25 25 12 25 13 14 25 24 
3 25 17 6 25 18 25 25 25 12 11 12 17 25 25 25 25 2 
20 17 25 1 25 23 0 25 23 3 25 13 21 4 22 18 16 
7 10 19 7 15 8 1 22 22 16 13 19 23 16 1 16 
11 21 4 25 25 23 25 1 25 20 3 25 25 18 22 
17 25 25 12 12 11 10 25 15 0 19 5 11 24 
13 6 0 7 3 9 8 3 25 25 25 25 20 
1 20 25 25 25 25 23 15 8 25 23 23 
6 18 25 0 19 25 25 9 24 25 25 
22 12 5 1 19 23 20 0 15 16 
25 19 25 25 11 25 14 12 17 
15 4 7 12 8 22 24 10 
24 18 16 6 25 14 15 
1 23 8 25 12 1 
9 7 12 6 25 
25 19 25 16 
25 0 24 
24 2 
8 

