
8;9;2.363;94.186;90.498;3.688;91.805;1;1;0;301;0;11;0
8;9;2.401;100.675;96.942;3.733;98.256;1;1;0;301;0;11;1
8;8;0.443;0;0;0;0.443;1;1;0;0;0;0;2
8;8;0.438;0;0;0;0.438;1;1;0;0;0;0;3
8;9;2.398;198.309;190.828;7.481;195.886;1;1;0;606;0;16;4
8;8;0.451;0;0;0;0.451;1;1;0;0;0;0;5
8;9;4.786;84.094;80.947;3.147;79.291;1;1;0;253;0;6;6
8;8;2.888;0;0;0;2.888;1;1;0;0;0;0;7
8;8;0.437;0;0;0;0.437;1;1;0;0;0;0;8
8;8;2.088;0;0;0;2.088;1;1;0;0;0;0;9
8;8.4;1.8693;47.7264;45.9215;1.8049;47.1983;1;0;8;47.1983;10;0;1461;0;44