50 62
47 37 49 62 62 62 41 62 47 45 62 47 56 42 62 41 27 45 56 15 20 44 26 60 62 62 46 11 0 5 21 43 50 62 62 33 51 62 3 20 62 28 62 62 62 1 36 62 1 
62 62 31 51 62 62 62 11 45 50 32 62 17 28 62 17 1 26 13 36 21 4 15 62 53 29 49 62 24 62 62 62 50 37 62 33 3 26 62 59 6 62 22 39 38 46 23 62 
62 28 62 35 56 33 62 25 51 56 51 25 24 62 18 62 62 0 10 18 62 28 62 62 10 62 28 62 42 37 17 2 62 52 55 62 62 45 37 56 18 62 56 13 44 8 44 
28 41 10 30 20 62 51 5 62 62 14 23 62 19 48 62 16 62 62 62 62 12 38 62 62 29 22 45 0 0 49 26 24 21 62 30 56 57 35 62 62 28 62 22 22 58 
62 24 62 42 8 7 62 21 3 8 45 58 46 62 62 18 30 5 0 62 19 62 62 12 62 43 34 53 47 62 14 13 62 50 20 30 9 46 62 62 62 62 54 5 48 
3 14 60 4 22 43 21 62 55 49 62 24 32 62 22 10 5 12 27 55 10 58 54 62 62 32 47 50 56 9 46 62 56 33 7 17 4 62 6 33 25 62 62 62 
5 62 62 62 62 30 15 12 57 2 2 62 0 61 50 62 53 39 48 22 62 62 62 62 62 62 62 62 62 62 62 62 62 62 62 62 62 62 62 62 62 62 62 
62 30 62 62 62 62 62 62 62 62 62 62 62 62 62 62 62 62 62 62 62 62 62 62 62 62 62 62 62 62 62 62 62 62 62 62 62 62 62 62 62 62 
62 62 62 62 62 62 62 62 62 62 62 62 62 62 62 62 39 62 62 62 62 62 62 62 62 62 62 62 62 62 62 62 62 62 62 62 62 62 62 62 62 
62 62 62 62 62 62 48 62 62 62 62 62 62 62 62 62 62 62 62 62 62 62 62 62 62 62 62 62 62 62 62 62 62 62 62 62 62 62 62 62 
62 62 62 62 62 62 62 62 62 62 62 62 62 20 62 62 62 62 62 62 62 62 62 62 62 62 62 62 62 62 62 29 62 62 62 62 62 62 62 
62 62 62 62 62 62 62 62 62 62 62 62 62 62 62 62 62 62 62 62 62 62 62 62 62 62 62 62 62 62 62 62 62 62 62 39 62 62 
62 62 62 62 62 62 18 62 62 62 62 62 62 62 62 29 62 62 62 62 62 62 62 62 26 62 62 62 62 62 62 62 62 62 62 62 62 
62 62 62 62 62 62 62 62 62 62 62 62 62 62 62 62 62 62 62 62 62 62 62 62 62 62 62 62 62 62 62 62 41 62 62 62 
58 62 62 62 62 62 62 62 62 62 62 62 62 62 62 62 62 62 62 62 62 62 62 62 62 62 62 62 62 62 62 62 62 62 62 
62 62 62 62 62 62 62 62 62 62 62 62 62 62 62 62 62 62 62 62 41 62 62 62 62 62 62 62 62 62 62 62 62 62 
62 62 62 62 12 62 62 62 62 62 62 62 62 62 62 62 54 62 62 62 62 62 62 62 62 62 62 62 62 62 62 62 62 
62 62 62 62 62 62 62 62 62 62 62 62 62 62 62 62 62 62 62 6 62 62 62 1 62 62 62 62 62 62 62 62 
62 62 62 62 62 62 62 35 62 62 62 62 62 62 62 62 62 62 62 62 62 62 62 62 62 62 62 62 62 62 62 
62 62 62 62 7 62 62 62 62 62 62 62 62 62 62 62 62 62 62 62 62 62 62 7 62 62 62 62 62 62 
62 62 62 62 62 39 62 62 62 56 62 62 62 62 62 62 62 62 62 62 62 62 62 62 62 62 62 62 62 
62 62 62 62 62 62 62 4 62 62 62 62 62 62 62 62 62 62 62 62 62 62 62 62 62 12 62 62 
62 62 62 62 62 5 62 62 62 62 62 39 62 62 62 62 62 62 62 62 62 62 62 62 62 62 62 
62 62 62 62 62 62 62 62 62 62 62 62 57 62 62 62 62 62 62 62 62 62 62 62 62 62 
62 62 62 62 62 31 62 62 62 62 62 62 62 62 62 62 62 62 62 62 62 62 62 62 62 
62 62 62 62 62 62 62 62 62 62 62 62 38 62 62 62 62 62 62 62 62 62 62 62 
62 62 62 62 62 62 62 62 62 62 62 62 62 62 62 62 62 62 62 62 62 55 62 
62 62 62 17 62 62 62 62 62 62 27 62 62 62 62 62 62 62 62 62 62 62 
62 62 62 62 62 62 62 62 62 62 62 62 62 62 62 62 62 62 62 62 62 
62 62 62 62 62 62 62 62 62 62 62 62 62 62 62 62 62 62 62 62 
62 62 62 62 62 62 62 62 62 62 62 62 62 62 62 62 62 62 62 
62 62 62 62 62 62 62 62 62 62 54 62 62 62 62 62 62 62 
62 62 62 62 62 62 62 62 62 62 62 62 62 62 62 62 62 
62 62 62 62 62 62 62 62 62 62 62 62 62 62 62 62 
62 62 62 62 62 62 62 62 62 62 62 52 62 62 62 
6 62 62 62 62 62 62 62 62 62 62 62 62 62 
62 62 62 53 62 62 62 62 62 62 62 62 62 
62 62 62 62 62 62 62 62 62 43 62 62 
43 62 62 62 62 62 62 62 62 62 62 
62 62 62 62 62 62 62 62 62 35 
62 62 62 40 62 62 62 62 62 
62 62 62 62 62 62 62 62 
62 62 62 62 62 62 62 
62 62 62 62 62 62 
62 62 62 62 62 
62 62 62 62 
62 62 62 
62 62 
62 

