
3;3;0.082;0;0;0;0.082;1;0;0;0;1;0;0;0;0;0;0;0;0
3;3;0.082;0;0;0;0.082;1;0;0;0;1;0;0;0;0;0;0;0;1
3;3;0.087;0;0;0;0.087;1;0;0;0;1;0;0;0;0;0;0;0;2
3;3;0.082;0;0;0;0.082;1;0;0;0;1;0;0;0;0;0;0;0;3
3;3;0.081;0;0;0;0.081;1;0;0;0;1;0;0;0;0;0;0;0;4
3;3;0.08;0;0;0;0.08;1;0;0;0;1;0;0;0;0;0;0;0;5
3;3;0.096;0;0;0;0.096;1;0;0;0;1;0;0;0;0;0;0;0;6
3;3;0.085;0;0;0;0.085;1;0;0;0;1;0;0;0;0;0;0;0;7
3;3;0.082;0;0;0;0.082;1;0;0;0;1;0;0;0;0;0;0;0;8
3;3;0.081;0;0;0;0.081;1;0;0;0;1;0;0;0;0;0;0;0;9
3;3;0.0838;0;0;0;0.0838;1;0;3;0.0838;0;0;0;0;10;0;0;0;0;0;0;0