50 62
17 24 59 62 22 62 62 62 27 19 46 45 25 33 46 11 45 13 41 14 47 32 62 50 47 33 49 31 34 53 52 4 27 46 38 45 62 18 25 50 60 50 62 54 46 38 43 47 57 
62 12 50 37 8 62 7 36 40 58 62 44 29 18 62 26 55 1 37 60 62 24 15 62 43 13 33 17 24 42 36 27 29 21 54 52 9 0 6 27 25 22 34 32 55 62 12 50 
14 16 24 7 31 52 54 41 13 47 5 14 38 3 60 48 34 25 54 51 62 49 26 52 6 58 0 17 33 6 18 48 49 26 59 1 33 39 12 62 62 56 18 36 27 57 62 
5 23 43 36 17 9 20 40 51 13 47 22 9 10 59 13 62 6 38 62 15 47 50 38 30 47 62 62 55 33 42 2 30 34 33 25 33 48 62 42 17 25 18 27 18 49 
62 15 26 25 57 13 46 62 62 19 37 7 62 27 32 1 62 9 40 52 23 62 28 5 56 61 55 33 0 29 36 9 15 62 26 7 58 57 15 31 30 56 62 32 59 
32 17 56 25 39 37 62 55 13 50 62 46 25 14 62 40 53 48 10 35 41 23 7 46 62 24 10 45 33 22 21 44 43 58 9 3 16 14 47 31 43 25 62 62 
5 46 29 35 2 8 3 43 59 17 37 18 48 61 32 62 62 27 62 15 49 0 56 39 32 22 15 21 15 62 62 48 46 15 53 37 28 62 16 62 8 39 62 
62 48 19 39 32 5 62 60 6 62 57 11 59 2 1 35 62 14 18 42 32 41 54 62 30 46 28 33 59 2 26 11 3 26 45 62 21 0 20 30 56 62 
6 46 60 13 42 5 9 3 32 50 62 62 28 54 62 62 58 62 29 62 14 3 18 28 47 45 44 1 46 44 24 32 20 3 27 16 26 45 30 36 62 
3 10 62 49 11 41 62 10 62 48 20 40 42 5 37 42 62 6 17 48 62 15 30 5 6 5 62 59 21 38 13 3 5 20 2 45 58 38 58 46 
54 7 62 21 21 34 29 62 50 62 19 19 24 61 59 23 27 62 7 56 13 50 55 62 62 21 15 39 62 62 20 12 62 44 62 13 0 7 35 
8 61 62 27 62 62 38 60 43 58 11 31 30 25 62 62 62 62 53 59 46 62 18 3 49 2 62 13 6 43 62 40 49 21 47 28 20 14 
62 62 3 50 61 54 62 45 3 62 17 16 32 62 49 54 25 20 16 7 40 53 62 50 62 48 15 8 62 62 62 37 51 4 5 62 2 
62 1 6 25 49 52 36 19 26 29 24 28 21 62 4 62 62 1 51 17 9 14 16 62 25 21 62 52 9 10 24 62 46 16 39 58 
32 51 22 20 11 22 62 15 62 25 62 19 47 57 62 56 31 39 40 33 61 50 7 62 62 32 3 62 30 0 12 6 62 21 37 
62 62 0 17 48 17 62 50 62 18 33 8 62 59 14 1 62 13 5 62 32 62 62 38 14 50 39 36 16 45 58 8 40 46 
2 10 12 8 28 54 62 50 6 32 60 0 1 62 1 38 43 39 13 61 62 38 33 61 62 61 3 40 46 7 17 33 45 
38 62 2 59 14 29 19 62 12 62 8 30 54 51 55 48 32 15 25 62 42 16 62 23 3 6 62 62 62 29 62 18 
11 49 27 33 6 22 62 26 62 29 51 62 59 14 32 54 21 62 37 62 62 33 52 43 19 14 62 62 28 26 10 
6 62 55 57 62 35 40 51 7 54 54 43 33 62 62 62 20 62 53 33 11 61 36 2 29 62 2 2 9 52 
13 62 27 52 42 14 4 11 20 33 14 5 62 23 10 54 62 33 18 61 10 3 32 3 62 14 62 54 1 
62 46 14 62 10 62 47 17 50 42 38 6 18 40 18 43 35 42 34 54 55 47 39 30 62 19 15 62 
30 8 60 43 48 44 62 9 49 62 6 62 43 62 62 7 61 37 6 7 29 30 38 39 56 20 29 
28 8 4 62 62 42 12 49 31 14 62 62 62 20 18 6 32 45 35 31 39 62 62 50 62 51 
62 60 35 38 46 42 20 32 62 2 7 34 22 62 1 48 56 62 1 62 11 5 21 62 55 
62 24 59 14 59 62 62 59 18 38 62 27 55 25 4 39 11 62 19 38 42 39 60 13 
26 53 19 45 45 23 37 45 50 62 19 24 20 4 10 61 32 20 34 33 23 14 62 
62 62 4 22 53 17 20 62 60 62 41 61 62 3 39 38 27 46 62 18 39 61 
30 42 8 49 28 2 59 18 44 18 39 43 62 62 43 62 41 33 4 32 27 
48 62 52 62 43 15 23 55 24 1 29 7 62 36 54 11 25 24 49 50 
37 57 21 23 13 62 62 36 62 28 19 9 13 53 36 27 51 47 59 
58 44 14 40 24 8 62 53 43 62 62 62 62 30 62 45 46 24 
62 21 62 3 62 25 62 12 52 62 10 58 60 62 14 62 62 
60 62 42 57 62 14 5 22 62 21 62 61 12 15 45 62 
31 7 31 38 19 2 38 22 21 62 4 39 62 62 5 
21 62 62 43 62 54 7 62 25 10 39 45 31 48 
51 23 11 9 62 25 62 4 3 6 62 57 21 
59 7 62 62 17 49 8 32 53 10 56 19 
11 31 42 62 46 12 5 29 36 43 0 
24 23 46 6 62 17 60 3 48 58 
62 62 53 40 8 42 34 27 62 
62 62 38 4 53 47 39 11 
26 12 62 62 16 31 51 
23 62 31 47 7 62 
9 51 62 8 13 
12 47 62 23 
18 49 32 
62 20 
62 

