50 62
55 48 27 62 25 4 54 43 62 19 54 40 30 33 56 48 41 11 42 15 37 19 5 10 59 16 53 21 13 35 62 62 61 38 54 54 17 60 62 1 42 42 33 51 14 11 30 14 38 
50 11 56 53 20 45 52 26 62 33 47 32 2 26 48 62 62 60 35 57 12 41 25 52 49 51 18 11 22 13 27 60 5 11 30 35 45 62 62 41 30 17 3 32 10 6 6 24 
33 47 14 51 16 31 59 18 62 50 1 22 51 25 60 62 38 58 42 53 62 38 22 52 62 50 44 17 62 40 55 52 22 13 8 62 8 56 5 62 56 25 26 11 44 57 21 
56 30 8 62 23 61 62 35 29 14 16 47 28 62 9 33 50 37 62 39 2 7 48 53 16 42 52 28 22 28 52 53 44 41 5 56 28 62 26 62 47 25 27 11 33 41 
28 60 3 55 18 33 62 43 11 4 21 56 7 43 26 53 14 6 28 39 8 29 57 62 62 36 23 3 18 61 1 22 62 17 3 14 19 51 20 34 17 56 58 49 34 
3 35 47 61 58 11 37 22 14 45 2 40 48 56 15 23 33 34 27 62 12 29 48 38 16 10 16 60 13 34 22 28 62 57 15 62 8 1 34 27 51 61 50 49 
62 62 54 35 62 62 30 27 51 33 40 50 54 33 7 52 44 62 54 35 22 53 9 62 62 55 0 4 2 62 11 25 26 11 62 62 33 56 13 2 62 55 62 
6 49 26 57 62 34 5 19 48 32 4 32 54 46 12 53 15 27 58 62 21 58 35 60 3 62 17 47 16 62 23 61 26 30 60 24 21 35 51 53 48 38 
59 25 12 34 10 62 34 31 28 0 19 21 26 41 60 22 32 62 48 10 47 28 10 62 42 62 54 62 13 43 43 4 61 23 48 14 14 10 41 62 62 
21 59 3 12 32 37 33 36 50 62 6 16 56 51 0 62 10 53 58 33 39 60 51 37 40 62 44 0 38 46 62 40 46 20 14 62 62 59 20 37 
61 21 19 60 26 5 35 5 5 24 26 13 22 14 45 62 55 62 31 57 5 13 25 25 27 56 62 62 29 22 5 62 36 25 12 42 21 51 60 
25 3 59 62 62 21 60 23 6 62 8 45 44 32 35 23 35 37 0 34 49 62 40 57 16 3 32 23 9 7 61 31 62 62 53 38 26 22 
37 37 8 62 26 62 31 3 23 2 4 29 62 17 62 24 62 60 8 3 22 7 57 1 62 37 51 58 62 62 52 32 0 62 41 50 49 
19 58 54 50 54 62 46 62 62 18 62 62 29 58 1 19 0 60 62 0 32 40 36 15 51 62 62 7 13 58 62 38 33 4 19 4 
12 26 10 51 26 3 0 51 53 12 14 27 38 7 62 21 62 62 25 14 20 41 54 42 50 43 58 4 21 59 19 53 12 62 62 
62 47 62 28 9 24 25 16 51 59 15 52 23 62 62 62 51 12 62 9 62 54 35 12 37 49 5 3 62 0 33 62 28 2 
62 28 3 62 10 18 50 49 62 62 29 13 21 62 35 43 33 16 30 44 21 21 43 25 58 9 58 55 39 62 0 62 16 
17 20 61 15 30 9 30 22 21 17 56 62 42 17 62 19 49 41 62 56 52 62 62 28 62 24 22 62 62 9 36 3 
4 55 30 13 59 21 62 12 45 8 62 35 7 27 62 19 33 14 32 39 62 40 32 7 62 62 62 35 37 61 3 
3 53 4 62 12 25 1 62 20 34 62 4 25 24 31 35 40 62 33 15 0 7 62 37 20 25 62 11 37 62 
3 28 62 62 46 31 62 29 22 62 9 29 47 62 4 28 0 62 16 0 29 19 32 14 41 14 58 35 29 
2 62 1 54 2 46 1 20 37 62 62 35 30 12 18 54 51 25 49 47 61 62 60 62 62 50 3 12 
62 6 62 47 62 32 27 15 38 60 62 0 36 51 62 62 38 20 52 62 61 37 62 62 62 62 29 
54 25 62 61 6 62 33 26 55 15 62 33 43 62 44 41 62 62 35 15 31 10 44 62 57 54 
62 52 8 62 33 13 44 52 62 35 62 28 62 20 46 43 31 51 17 62 41 39 57 37 5 
45 62 62 50 1 38 28 35 62 62 46 62 26 34 62 54 22 1 30 37 62 16 9 56 
23 62 62 8 17 61 62 23 27 8 22 8 50 62 28 62 21 20 25 50 62 36 62 
62 43 21 26 47 57 62 54 20 36 3 13 3 6 32 50 52 61 62 43 62 29 
36 62 8 42 40 2 49 31 55 14 7 57 59 49 6 40 7 40 17 26 62 
38 45 38 62 22 62 33 62 62 62 41 62 56 52 62 53 55 29 11 62 
16 17 62 62 19 5 58 62 48 29 62 2 43 62 47 42 19 21 62 
12 62 62 41 31 54 21 62 62 27 26 49 43 62 37 62 27 9 
15 57 14 36 55 8 38 12 24 62 48 43 37 38 1 62 62 
20 38 62 32 25 59 62 62 9 0 31 45 62 40 19 1 
62 58 62 6 43 27 62 0 62 19 22 42 62 30 34 
42 12 32 49 62 38 28 55 25 62 52 31 20 9 
62 49 29 33 8 22 46 31 62 50 19 3 62 
62 62 36 62 62 18 36 23 52 32 49 9 
62 38 6 62 9 62 15 11 62 62 36 
62 58 62 39 44 5 2 57 43 1 
49 31 45 47 40 57 43 52 46 
62 40 62 32 43 51 0 3 
31 23 62 62 39 37 62 
40 62 29 45 47 11 
50 53 59 62 61 
59 43 62 7 
62 35 62 
47 60 
38 

