50 62
24 47 35 60 58 54 27 25 4 10 12 56 58 0 12 52 33 29 18 36 10 33 62 32 2 23 8 50 62 37 48 52 62 52 62 60 48 62 33 17 38 12 26 52 12 9 46 11 29 
37 62 26 61 22 61 32 52 51 8 29 37 30 8 62 23 62 40 19 17 31 42 22 60 47 15 46 11 62 29 23 62 48 0 2 32 2 16 62 11 62 37 46 62 47 10 46 15 
41 40 0 55 20 53 19 62 3 44 36 30 0 39 38 30 34 34 14 27 12 16 36 4 37 38 41 17 28 9 4 49 45 16 35 26 16 39 7 40 62 56 54 20 51 62 62 
0 56 62 62 48 47 9 60 61 19 62 32 17 7 43 33 54 0 4 17 62 22 41 62 41 0 37 35 0 56 56 6 19 62 55 40 44 7 62 49 62 47 41 6 50 3 
34 36 11 47 31 27 59 62 1 51 55 38 18 15 62 13 22 52 13 28 37 8 58 20 27 28 3 48 40 47 11 8 27 62 50 12 0 35 62 35 57 61 41 62 62 
39 46 31 34 11 9 14 17 4 7 21 19 23 12 6 62 62 37 57 17 62 39 62 44 47 59 5 61 49 13 48 44 27 44 43 52 8 18 13 20 25 10 44 20 
53 7 24 54 62 41 3 0 48 42 0 13 50 62 62 6 26 49 23 43 11 57 21 15 35 8 14 35 33 55 29 0 4 41 45 49 55 52 21 27 51 30 52 
2 33 34 49 50 13 62 24 17 3 40 54 49 62 24 0 4 62 5 23 1 62 0 24 62 48 62 58 62 54 62 40 8 60 32 50 24 42 29 51 50 0 
23 27 58 62 46 26 62 35 62 6 55 23 6 15 6 62 7 16 53 62 40 62 6 62 62 47 62 8 52 20 14 17 44 32 12 43 15 34 15 14 6 
62 22 62 10 6 16 62 54 62 62 62 51 25 7 54 53 29 41 35 60 60 12 25 2 62 62 39 55 29 1 37 2 7 62 37 8 41 5 45 36 
9 62 35 6 62 47 24 55 52 8 44 62 59 32 62 62 11 20 45 55 38 26 62 5 14 30 16 32 62 62 62 15 62 62 61 39 62 51 61 
62 4 28 43 16 49 23 19 37 44 62 44 59 62 17 62 22 14 62 10 6 62 39 32 62 44 8 23 44 15 26 44 55 33 0 62 57 17 
62 62 59 16 19 27 41 43 27 20 42 62 41 2 62 32 23 62 62 3 7 62 62 10 39 11 55 50 50 50 62 6 15 42 15 44 62 
62 3 7 51 39 62 36 36 13 51 62 59 48 5 62 21 62 30 1 23 9 62 50 26 46 62 15 62 4 62 20 35 34 50 53 54 
4 62 53 34 39 62 9 62 55 62 10 41 46 45 35 62 0 62 6 27 41 53 60 62 31 52 34 2 62 47 61 62 40 29 44 
62 48 13 2 12 2 20 3 19 60 32 18 52 62 62 45 22 43 45 23 40 19 29 60 27 55 14 40 36 62 14 32 35 41 
62 61 16 28 31 62 5 62 34 28 57 30 44 44 45 43 59 16 48 32 62 0 2 22 21 62 60 16 62 62 62 40 51 
62 20 7 30 24 15 31 26 20 42 62 54 10 7 62 10 50 62 31 45 60 0 62 3 29 35 59 39 12 58 59 11 
3 57 3 6 24 50 10 44 53 34 62 62 52 44 62 45 56 8 56 30 1 61 62 52 8 30 59 62 48 45 4 
1 62 58 62 6 23 62 46 19 59 46 22 28 35 62 27 11 12 19 8 62 48 36 10 52 62 32 47 3 38 
30 58 14 36 62 1 48 3 62 1 28 29 60 26 15 9 62 16 31 62 23 33 30 43 7 48 4 9 62 
39 31 28 62 62 44 5 39 49 62 28 33 47 1 58 7 30 30 8 53 24 62 7 46 20 48 7 16 
24 49 60 62 43 39 12 17 61 34 62 56 55 49 61 34 39 62 62 32 28 42 4 25 49 62 45 
50 6 55 48 15 31 32 6 27 47 15 13 54 33 62 9 24 19 21 25 47 29 2 18 11 9 
26 10 62 27 5 25 0 16 51 19 30 60 62 58 62 62 59 0 62 16 54 48 62 62 62 
62 62 62 62 62 34 35 33 51 62 43 62 62 42 0 42 36 61 9 62 61 34 43 62 
62 62 28 62 5 62 0 62 29 36 15 35 13 55 21 45 62 15 20 58 51 45 49 
7 19 5 37 48 9 6 62 62 62 15 48 59 62 57 60 24 42 4 3 62 61 
7 62 36 40 44 0 36 60 62 39 45 21 62 6 61 8 3 51 47 62 44 
44 62 15 4 54 51 52 51 60 62 62 11 62 16 62 62 5 62 16 15 
13 62 14 62 62 48 44 21 6 3 62 24 62 37 62 17 62 62 62 
11 62 9 38 62 62 18 62 27 62 43 62 46 29 53 62 33 19 
62 27 28 3 54 24 1 35 62 21 39 40 62 61 45 17 62 
3 62 53 41 23 22 43 20 16 61 62 45 47 14 62 2 
38 7 46 17 10 6 3 62 9 23 21 26 55 62 33 
39 62 27 23 42 37 34 62 26 50 6 0 62 8 
28 3 62 9 20 62 62 31 45 1 50 45 30 
14 38 10 62 54 34 62 47 39 22 62 62 
62 18 49 45 27 62 62 5 31 10 9 
3 24 62 57 62 62 40 22 62 46 
45 18 53 62 7 23 9 11 42 
57 60 2 1 3 62 47 18 
11 11 62 62 16 28 62 
13 10 41 19 58 19 
8 62 35 16 56 
11 55 49 32 
8 45 60 
62 62 
18 

