50 62
52 41 44 12 47 8 62 15 7 62 48 51 2 51 54 19 61 22 14 29 31 58 26 8 62 59 62 41 31 5 41 34 62 53 16 23 48 26 57 4 8 23 62 35 5 34 55 15 62 
3 2 1 23 62 44 13 46 62 25 62 26 62 52 48 20 62 59 6 46 42 42 62 62 62 61 4 52 2 3 0 28 57 62 25 56 29 62 11 36 35 26 62 8 62 43 51 25 
47 28 53 62 9 62 62 61 62 17 1 30 62 38 17 18 45 62 3 22 34 62 62 62 30 51 13 45 25 48 20 11 39 36 42 6 7 41 32 20 30 62 41 1 21 30 43 
15 19 45 58 62 53 2 46 25 62 21 16 48 23 60 57 3 52 33 55 61 40 22 31 1 40 32 33 10 42 62 61 21 20 29 52 3 17 19 60 58 12 55 41 15 54 
8 0 51 14 15 9 62 7 34 4 9 43 44 62 62 62 32 62 48 18 37 30 14 2 22 12 8 13 20 13 37 62 34 3 33 35 46 36 43 36 31 25 37 8 12 
24 60 1 36 62 29 18 54 43 37 2 45 0 47 62 36 62 62 43 47 3 13 6 59 36 57 28 3 52 41 35 12 62 22 31 16 62 6 25 58 0 62 62 54 
27 62 41 10 14 6 44 34 34 29 40 33 34 55 9 28 39 4 47 8 9 49 17 62 62 60 46 62 3 62 12 48 22 31 57 26 62 4 41 44 62 39 51 
62 33 21 62 62 59 43 27 50 38 55 46 31 17 43 54 52 9 50 11 24 9 30 27 1 62 60 15 26 8 38 49 46 62 1 56 8 15 10 49 3 46 
13 22 60 58 15 31 5 29 54 61 7 48 33 40 38 49 44 62 23 62 3 43 61 26 61 62 62 45 36 49 13 43 18 54 24 62 36 47 52 62 15 
53 20 20 38 13 18 52 59 28 62 39 54 6 10 52 37 20 62 24 46 44 41 6 25 62 0 53 0 18 62 23 18 56 45 41 39 19 35 50 40 
32 39 62 41 43 25 22 27 47 50 57 41 9 15 32 26 35 13 25 30 62 2 59 62 20 37 29 55 62 62 22 17 33 28 29 49 62 1 53 
50 38 49 33 6 62 43 13 62 60 54 33 25 2 3 62 58 36 46 61 8 49 56 52 53 0 23 37 39 22 1 26 45 40 30 35 8 11 
62 60 38 24 9 1 62 28 35 17 36 30 8 12 59 56 25 34 62 62 41 57 7 15 14 33 4 62 59 36 8 42 42 49 8 42 62 
1 62 55 37 45 62 35 44 18 3 20 61 24 43 51 62 62 16 8 39 16 49 58 44 29 49 27 54 15 53 23 25 18 52 61 62 
25 22 62 31 57 43 12 23 40 43 18 28 62 34 62 13 62 59 57 9 57 28 44 34 5 62 17 62 51 4 42 62 30 52 6 
39 6 0 12 9 38 57 62 45 62 62 62 62 16 59 4 20 11 22 30 16 62 2 46 35 33 62 62 23 60 57 9 27 14 
55 34 39 23 10 41 58 34 62 51 17 58 14 62 50 61 62 57 62 31 0 57 62 1 39 54 45 13 62 47 49 20 56 
49 62 41 22 55 36 52 45 41 16 62 32 1 26 9 9 8 7 32 18 41 36 45 45 62 47 62 62 4 21 47 28 
18 50 38 54 4 13 62 62 51 56 21 62 42 2 40 42 45 18 59 54 19 62 43 55 48 62 41 7 54 30 62 
62 18 21 62 53 54 11 62 14 13 62 0 44 44 50 60 62 29 22 62 41 31 23 6 11 24 26 62 32 56 
40 41 11 29 42 34 40 35 37 57 5 10 57 62 57 62 54 42 23 16 36 8 37 62 47 62 62 62 20 
7 62 23 40 39 19 8 34 41 5 62 62 36 40 23 21 62 62 55 22 26 33 2 33 55 20 62 62 
62 0 62 59 41 62 0 62 16 56 17 22 62 5 39 58 1 62 62 29 41 62 55 7 62 2 33 
33 62 19 36 34 15 3 62 3 53 43 62 37 58 59 15 37 28 46 10 62 52 57 29 62 37 
29 13 62 62 60 59 7 5 50 59 62 43 21 35 62 62 46 45 48 3 62 53 55 1 62 
62 25 0 62 49 14 55 53 18 3 54 56 29 62 62 62 25 53 11 0 58 54 32 44 
38 62 29 62 44 62 7 62 57 61 62 7 9 18 54 62 29 45 49 57 38 48 30 
1 45 62 62 42 62 12 62 62 22 42 62 62 33 62 62 20 43 62 32 1 18 
59 1 9 28 54 22 62 0 5 13 62 62 42 22 36 62 6 34 23 62 48 
62 43 40 62 41 62 26 35 50 54 20 62 45 49 59 9 36 51 62 62 
57 12 54 62 20 47 1 21 13 21 19 46 43 43 12 43 20 62 62 
34 34 54 21 55 52 21 24 19 31 62 28 62 22 27 4 19 31 
47 22 62 62 62 62 31 62 28 32 16 51 48 62 25 55 62 
38 62 26 62 37 62 62 28 62 37 15 20 0 57 43 48 
15 23 41 62 62 0 34 6 61 62 20 22 39 42 11 
60 50 3 28 52 46 10 20 24 16 62 27 31 62 
31 45 45 53 7 62 62 62 50 62 62 23 5 
41 62 11 62 43 19 25 10 5 60 50 49 
37 62 47 43 33 6 6 34 21 62 62 
62 62 62 62 62 62 45 32 62 3 
45 28 9 25 50 0 0 30 62 
29 18 62 62 36 60 15 50 
35 62 8 62 62 59 45 
1 32 1 61 55 43 
62 5 29 62 62 
35 15 34 41 
7 62 62 
62 18 
62 

