50 62
9 40 25 46 50 19 15 45 25 54 18 62 62 60 9 27 36 26 10 33 11 52 31 48 25 25 54 58 12 14 8 42 36 62 62 51 62 40 34 7 44 62 62 36 18 62 33 62 62 
58 29 62 43 62 59 62 3 62 26 5 46 0 39 62 27 11 32 13 42 14 10 42 62 11 62 60 62 27 62 62 5 40 62 21 62 31 62 17 40 38 48 47 62 62 10 9 2 
8 28 23 62 23 43 62 58 10 2 57 62 55 28 24 62 51 57 57 24 8 45 4 10 17 52 62 0 29 35 62 5 44 62 24 27 3 53 22 23 32 46 30 20 40 62 42 
7 49 62 28 0 32 62 62 27 18 26 26 12 19 62 62 41 58 53 48 26 23 4 55 61 62 8 34 19 56 27 12 28 13 10 62 20 62 1 3 35 34 8 54 62 26 
29 19 55 62 8 62 12 62 27 18 3 50 37 51 56 16 57 62 49 60 2 29 62 5 62 19 41 60 11 23 62 50 61 62 36 62 40 62 3 2 10 2 15 62 62 
24 40 8 30 2 62 31 44 50 45 22 62 36 13 6 62 54 49 41 0 24 29 51 31 57 57 43 62 3 21 57 18 62 62 24 19 34 62 15 23 39 0 58 3 
50 23 5 54 49 25 43 10 58 62 5 57 6 57 32 0 46 60 54 9 44 12 23 17 43 49 25 51 37 30 62 48 62 24 8 46 60 61 20 6 61 39 38 
16 36 62 50 49 25 62 44 7 32 7 43 3 4 59 11 46 28 62 62 56 12 34 47 62 3 24 62 15 38 17 46 13 44 2 1 62 47 33 38 45 20 
7 26 1 62 46 1 62 42 46 35 33 8 47 33 34 34 50 8 32 36 62 42 40 62 12 62 62 58 43 7 36 46 25 62 62 17 39 36 62 47 62 
19 13 52 58 62 25 15 52 57 62 22 59 37 9 24 1 62 11 57 62 62 6 57 62 46 13 37 30 34 40 28 62 37 25 11 8 31 35 57 53 
21 2 33 62 25 34 12 23 58 18 38 62 4 62 11 62 11 33 28 55 59 27 62 62 49 44 62 45 62 44 39 62 22 60 61 24 53 62 35 
48 62 49 59 0 45 56 1 31 44 54 10 9 13 24 7 6 8 49 62 62 24 24 62 25 46 62 9 48 43 2 37 57 62 19 34 12 3 
55 45 7 30 62 60 49 31 55 7 60 36 50 12 34 12 21 57 7 44 5 10 60 49 55 36 24 59 24 22 44 21 9 4 35 62 47 
43 62 8 62 3 33 31 26 15 22 60 4 44 39 30 53 3 33 53 6 18 10 27 0 13 3 62 56 27 26 21 62 25 52 25 15 
62 31 25 28 57 18 1 39 34 16 40 57 41 39 40 24 54 7 37 55 13 62 29 33 62 60 9 33 54 49 33 62 28 55 55 
4 51 61 25 27 62 43 9 8 62 25 14 57 23 38 17 62 9 42 47 40 47 41 42 26 52 57 8 62 45 11 10 25 62 
62 10 59 62 29 62 10 10 62 55 62 57 20 62 10 41 52 10 60 11 62 8 38 61 3 62 52 62 59 58 9 18 13 
30 8 37 10 55 18 62 39 7 25 62 20 9 50 30 47 62 62 3 17 62 36 38 4 41 26 33 52 49 40 1 62 
23 53 4 16 53 58 28 26 44 1 55 36 49 52 19 62 13 23 60 14 6 34 9 62 62 58 62 13 4 10 53 
56 54 45 62 27 10 15 21 9 60 52 62 0 61 46 55 0 26 45 48 0 45 55 13 58 52 19 35 22 2 
48 6 44 62 3 22 54 62 0 38 41 25 62 21 24 62 44 14 53 54 39 62 7 17 60 15 21 15 62 
43 11 62 37 12 62 50 62 47 32 2 11 51 37 9 47 27 62 22 53 25 26 62 56 24 62 0 62 
21 18 18 13 39 12 44 10 41 32 25 62 62 57 62 32 53 41 2 62 21 17 59 56 46 17 53 
59 35 62 32 22 28 62 18 62 62 28 47 27 0 6 22 26 32 28 35 62 46 38 17 25 22 
46 51 62 15 62 6 42 59 16 0 41 9 47 59 15 31 20 41 16 5 59 23 62 62 59 
31 40 23 37 60 2 62 30 62 32 62 58 50 19 22 58 42 58 23 36 42 36 37 35 
62 29 11 50 62 37 62 62 19 34 22 9 51 38 62 60 60 8 32 34 26 42 43 
35 12 41 21 62 26 42 27 9 13 33 0 11 47 9 1 1 17 22 62 62 18 
50 14 13 62 19 1 31 37 13 20 62 62 43 21 2 1 48 1 51 20 42 
45 62 62 36 62 52 62 62 43 8 62 62 39 20 36 62 29 32 50 56 
62 62 38 62 39 16 36 7 25 62 62 62 52 62 34 11 29 26 62 
54 62 42 12 28 62 21 44 44 40 62 51 62 62 49 62 21 44 
62 62 62 33 56 19 35 62 6 62 32 60 62 62 53 51 39 
4 36 35 51 62 33 54 57 31 52 30 62 40 62 55 25 
59 48 38 62 5 21 60 31 62 10 62 58 34 46 13 
19 6 58 2 12 20 62 50 8 59 20 35 62 60 
62 4 62 13 56 62 36 62 15 41 12 62 47 
45 40 5 22 29 62 62 23 62 24 0 62 
62 13 62 21 62 59 62 62 22 36 19 
1 3 51 19 40 62 49 49 62 11 
19 38 27 62 4 57 11 58 0 
62 25 62 26 14 55 14 47 
38 52 62 62 32 9 14 
6 62 62 62 7 2 
62 56 13 52 62 
62 16 60 56 
13 24 38 
15 7 
62 

