50 62
54 14 22 62 62 44 14 22 48 15 35 14 45 56 23 62 1 11 3 62 31 25 39 52 26 61 45 0 7 8 55 62 4 16 27 0 19 56 6 23 49 32 45 59 8 20 2 36 44 
59 21 18 14 41 38 6 49 0 7 42 2 48 61 54 62 23 62 21 45 7 55 38 62 26 36 52 59 23 21 28 62 50 7 56 9 62 29 29 15 53 10 4 41 2 13 33 5 
57 18 17 23 5 35 23 61 11 62 47 37 40 51 53 8 33 57 62 45 59 38 28 30 62 7 0 61 30 45 52 42 49 48 2 52 35 1 21 60 48 36 20 29 58 7 62 
44 62 13 14 62 45 26 11 19 26 40 62 28 35 62 23 53 19 62 13 62 62 51 40 62 28 61 24 36 2 51 16 27 28 33 62 42 39 7 16 43 57 12 47 59 30 
58 39 49 62 57 60 9 10 59 23 62 33 34 45 49 51 1 61 17 9 40 10 61 19 60 35 59 26 62 9 12 41 2 29 13 33 9 42 46 54 15 40 15 10 0 
19 20 51 55 62 12 48 33 62 24 5 17 24 39 30 33 17 23 16 59 30 38 32 3 60 24 36 1 30 57 47 4 16 11 37 8 62 4 35 21 51 0 43 51 
38 31 12 51 47 51 54 21 46 19 58 49 62 4 10 42 22 16 48 5 13 28 47 19 19 19 19 45 21 36 3 62 18 9 22 26 54 51 62 62 48 17 40 
46 62 62 4 45 49 49 18 2 32 22 36 53 41 44 27 62 62 57 18 1 6 18 48 41 22 39 54 26 5 30 35 59 36 31 32 48 0 14 38 54 36 
62 59 1 16 45 59 32 49 24 42 38 29 14 51 49 51 62 0 62 15 62 12 19 62 12 42 22 14 9 62 62 49 36 16 17 62 35 36 31 8 54 
22 4 33 45 11 29 30 46 10 17 21 26 33 21 25 29 62 41 31 8 46 62 62 22 62 11 53 19 10 58 49 24 58 38 1 19 47 35 62 33 
37 26 1 27 16 50 43 59 62 23 43 61 14 60 42 33 21 29 26 38 13 51 0 17 35 43 56 51 19 24 5 17 25 14 1 44 39 62 15 
62 16 26 40 62 29 24 29 8 54 23 59 57 53 13 62 62 13 24 24 3 32 54 38 1 62 54 17 14 62 4 41 30 28 15 15 37 43 
36 27 12 12 19 2 34 19 15 62 38 29 62 56 37 62 17 62 12 7 46 54 2 52 48 23 34 21 2 25 34 62 53 62 39 35 18 
62 56 25 61 9 17 60 29 5 29 32 44 20 58 60 56 62 53 13 6 46 59 46 31 61 48 2 40 62 59 34 15 23 52 59 17 
46 43 31 26 25 14 17 11 14 10 30 1 16 32 51 6 23 34 40 10 24 24 52 61 1 50 22 14 62 53 7 56 62 3 42 
24 61 17 62 11 10 22 44 62 53 23 62 28 45 5 15 21 6 36 3 17 59 9 7 30 6 59 26 46 7 50 13 26 39 
43 18 54 62 12 23 57 62 36 15 43 53 57 28 53 20 62 16 10 5 60 57 62 7 31 62 11 38 44 62 6 62 33 
62 60 50 62 20 29 41 30 23 19 44 45 62 4 46 46 53 10 44 46 25 33 25 8 9 26 47 41 34 1 33 49 
62 4 5 7 4 21 46 50 3 43 52 12 36 4 62 22 34 3 62 42 19 30 41 2 62 43 50 39 16 59 49 
62 34 14 62 43 56 62 8 39 62 57 62 22 61 49 62 34 29 62 62 62 62 27 62 5 62 30 11 56 58 
27 11 57 19 22 4 22 62 44 62 62 20 62 16 18 62 0 62 62 62 62 0 16 62 10 30 62 7 60 
14 62 40 2 46 1 12 62 34 46 54 34 62 62 20 62 57 62 21 50 44 27 62 27 39 62 22 1 
62 62 58 13 47 62 62 62 62 47 38 61 14 62 9 32 62 52 51 4 62 4 7 62 14 62 24 
53 62 62 4 52 62 62 22 16 26 40 62 16 42 62 62 60 9 1 56 38 33 61 34 20 35 
15 44 31 27 62 53 62 9 62 30 45 45 33 62 45 51 31 31 15 51 39 38 26 62 5 
62 50 39 45 9 62 61 41 58 45 62 59 62 49 62 58 12 62 0 62 62 36 1 62 
60 1 62 47 17 62 4 60 62 19 43 11 36 62 62 1 9 20 62 62 1 62 26 
6 7 54 21 25 62 43 62 51 59 62 37 57 62 57 46 62 23 31 62 15 62 
33 62 52 40 62 16 62 62 22 46 39 51 12 28 3 51 44 5 62 16 62 
7 34 39 62 49 62 37 22 40 43 54 54 62 62 30 62 21 20 44 1 
3 3 36 7 62 14 39 62 62 55 56 62 41 60 11 36 62 62 62 
62 0 62 62 62 62 23 50 62 8 62 32 16 9 62 15 62 21 
15 62 10 62 4 62 62 5 22 62 2 30 62 57 35 34 54 
8 28 16 40 4 37 31 62 62 55 62 12 62 62 26 30 
62 62 62 62 16 28 62 59 56 62 56 0 16 19 62 
61 25 42 11 62 62 48 62 62 62 62 18 59 4 
21 62 15 41 62 62 53 62 29 31 43 3 58 
62 31 62 58 57 62 14 3 46 1 62 22 
23 62 62 51 36 42 26 52 62 29 9 
54 3 42 29 10 48 9 62 62 62 
50 9 62 62 32 14 61 42 61 
62 62 28 62 31 62 30 22 
0 62 62 62 3 62 62 
24 62 41 0 21 62 
3 1 26 1 24 
47 38 3 62 
46 15 2 
54 62 
62 

