200 50
47 47 2 26 10 47 45 0 27 16 12 5 7 8 50 20 50 30 12 46 50 50 31 31 47 50 50 30 30 8 50 14 29 0 36 6 5 27 45 4 14 10 41 30 28 30 43 41 13 42 7 23 23 40 5 26 10 28 50 14 31 20 22 14 50 31 32 50 17 46 12 44 43 50 44 13 11 35 11 50 13 50 28 32 42 34 43 23 24 31 50 50 39 30 39 50 18 50 24 50 16 39 44 8 31 6 21 39 50 50 50 42 11 12 38 46 11 50 37 27 28 50 24 20 27 37 27 50 35 36 50 14 3 50 27 39 50 50 32 38 32 40 35 20 28 5 24 42 50 48 50 50 32 7 22 30 20 30 27 38 26 20 12 30 41 31 44 50 3 50 36 1 1 15 33 50 23 19 30 50 8 50 33 30 41 29 13 33 50 14 23 19 18 34 0 1 35 27 12 
6 18 17 50 14 50 48 1 50 9 40 36 10 43 37 10 19 20 50 0 13 25 50 35 25 32 37 50 50 6 11 50 28 23 24 50 46 10 40 30 1 46 7 36 32 50 48 23 14 6 50 49 12 9 12 18 41 8 48 36 1 50 18 48 27 50 47 33 50 42 18 50 49 21 50 1 41 9 15 30 15 30 35 50 7 22 50 3 13 50 7 50 26 42 13 33 11 19 12 40 50 42 15 36 46 0 35 44 45 36 50 42 25 0 29 40 28 34 0 43 24 4 10 33 50 40 12 4 16 50 25 23 50 50 13 40 48 48 12 50 11 1 4 6 23 50 19 14 42 39 12 28 28 21 50 38 7 16 50 50 34 26 30 2 10 50 50 4 10 12 50 36 30 19 50 46 39 19 10 20 2 29 7 12 50 44 34 20 3 4 49 48 50 40 11 8 49 50 
0 19 26 38 50 48 50 33 12 33 48 27 34 0 50 50 50 32 12 26 28 45 34 48 25 19 10 33 50 49 32 47 24 28 31 50 10 35 50 22 24 50 21 14 2 10 0 50 1 31 45 48 50 36 22 25 39 4 35 31 13 38 20 5 50 43 30 27 24 30 43 50 19 22 48 26 35 6 29 23 8 23 8 50 38 50 50 20 23 13 0 50 50 2 50 25 50 24 16 24 50 6 9 36 18 0 34 37 34 23 44 19 15 24 0 35 50 23 32 25 7 22 50 37 42 16 33 48 8 44 37 50 26 16 32 15 0 42 17 15 50 39 15 14 50 50 39 48 43 26 11 24 5 38 50 38 27 43 50 43 21 32 46 18 50 50 50 23 40 32 2 13 10 16 50 26 33 32 36 33 20 8 44 43 39 49 50 18 47 17 34 1 50 19 48 50 20 
50 34 9 34 5 50 39 15 46 50 6 50 38 23 0 13 10 22 13 4 28 46 33 37 30 29 27 34 28 10 50 4 36 40 35 50 18 50 24 12 50 20 43 2 41 38 41 15 28 18 12 46 38 22 7 46 15 22 29 50 26 13 37 21 1 9 9 40 20 11 15 45 29 18 31 13 24 50 45 50 6 50 50 42 47 13 20 14 32 50 6 17 46 5 50 50 40 39 44 1 50 40 1 27 15 43 45 17 39 36 13 29 50 7 44 16 1 1 49 50 35 28 22 4 35 35 15 0 50 38 23 50 23 44 34 6 7 18 24 13 6 48 39 6 50 50 21 25 50 9 29 24 46 12 50 41 21 19 42 38 43 39 9 22 42 48 50 4 23 36 50 12 28 50 20 19 50 6 50 6 19 41 27 11 50 22 47 11 4 17 31 43 46 27 49 16 
38 50 1 33 50 2 50 50 41 47 49 11 4 50 47 15 42 0 49 32 14 41 36 50 25 28 8 36 12 13 24 4 13 38 50 48 28 10 41 44 39 3 30 21 50 50 23 11 50 34 50 48 40 46 15 50 3 42 14 8 43 28 28 0 44 34 50 22 50 50 6 19 6 32 50 4 34 35 30 17 50 14 50 46 35 8 10 30 15 44 50 47 30 38 34 14 44 35 35 13 32 50 19 19 16 34 50 32 48 31 28 20 0 50 4 39 31 32 20 46 12 7 8 50 6 42 47 40 37 13 31 29 22 19 29 46 37 39 30 45 5 29 50 29 50 50 27 38 47 36 31 50 3 24 23 1 20 14 48 40 46 16 50 38 12 50 50 50 11 40 2 50 50 28 17 34 23 18 5 17 22 15 16 44 12 31 50 50 9 13 41 18 49 16 39 
41 37 48 44 13 0 37 46 23 25 50 50 46 8 50 29 10 5 22 50 28 50 32 43 27 10 44 29 43 15 0 38 39 39 28 15 22 16 29 16 50 12 33 11 35 9 32 47 6 7 27 37 38 0 18 33 42 40 30 50 47 36 14 50 17 50 50 10 50 32 24 19 25 50 26 35 50 32 34 50 50 27 44 48 32 35 43 12 18 15 37 34 32 22 50 50 17 34 12 19 47 50 12 50 13 4 16 13 33 25 14 50 17 50 33 15 13 4 21 11 19 47 3 50 50 11 36 27 38 42 50 50 2 25 5 50 10 18 50 50 30 12 30 50 50 15 30 50 13 50 46 34 21 4 50 1 36 7 50 16 34 30 1 7 10 12 31 50 1 50 20 28 33 9 49 1 35 0 50 46 7 19 32 22 35 0 2 49 4 31 50 6 5 30 
50 50 50 9 44 36 45 11 39 31 17 1 32 0 37 45 8 29 32 23 50 29 4 15 1 50 26 13 15 6 8 29 50 50 50 7 37 48 1 34 18 43 18 14 33 9 27 39 48 5 0 0 6 23 3 44 22 43 32 50 25 50 50 8 50 13 12 50 46 50 28 30 26 50 49 11 41 31 9 0 50 34 50 50 50 2 50 36 29 45 49 50 1 9 37 21 23 50 14 16 28 2 50 50 39 46 50 50 24 34 40 35 40 1 50 50 42 50 20 26 32 3 50 42 50 6 25 5 29 2 46 28 4 43 3 15 48 24 4 31 50 18 42 11 34 39 5 48 42 3 33 27 16 44 41 50 42 26 28 41 50 46 43 24 9 18 12 38 26 33 2 50 5 28 50 0 19 4 50 39 50 24 48 12 14 46 5 8 1 13 7 50 17 
0 50 40 46 5 15 23 9 32 6 25 13 35 32 35 46 20 6 34 28 50 11 32 24 34 50 15 50 43 44 13 45 41 50 14 40 47 42 44 27 13 33 50 47 50 27 33 13 49 28 35 48 29 47 50 26 39 1 27 50 50 50 17 37 35 50 50 50 2 38 29 50 50 50 3 49 20 0 1 23 50 5 38 27 49 19 41 44 36 42 44 42 37 2 41 17 21 49 38 40 15 29 7 41 50 43 5 50 47 45 44 23 12 4 50 30 17 47 19 50 47 41 50 36 27 50 32 27 11 50 29 50 45 25 30 39 50 41 12 29 50 2 6 5 7 36 8 25 12 10 50 50 50 26 12 50 2 50 45 50 3 40 32 31 2 15 25 50 50 28 22 1 13 17 50 30 45 34 45 9 21 12 25 24 24 50 26 46 33 23 36 39 
50 22 41 50 27 16 15 13 31 38 30 49 3 46 14 50 48 35 23 20 28 50 18 7 13 50 29 26 29 22 15 2 2 6 5 32 22 7 33 10 13 32 20 39 18 18 50 3 44 50 35 8 50 14 13 25 50 1 37 39 41 31 50 50 31 26 31 50 12 39 12 29 50 23 2 5 50 12 26 1 30 39 2 41 37 49 34 32 27 27 45 33 45 3 1 16 50 1 45 50 50 19 4 1 0 26 37 11 50 42 50 50 0 45 31 50 14 11 43 1 30 6 8 14 5 50 22 14 44 37 35 0 31 5 40 50 50 50 27 50 46 12 50 16 43 6 5 50 2 50 15 27 21 50 50 31 50 4 50 29 41 18 35 14 40 3 29 50 0 50 25 6 20 26 18 47 0 16 42 50 8 4 50 23 23 11 18 50 12 19 22 
14 50 17 50 26 36 21 2 15 41 15 45 42 11 36 38 23 50 50 50 50 26 5 42 40 41 27 39 34 29 24 27 33 16 17 40 38 45 21 39 2 50 16 27 16 12 47 15 25 22 33 30 47 44 19 50 39 46 16 34 6 45 31 29 37 21 18 37 22 24 50 38 3 45 27 19 27 18 44 31 50 37 43 18 41 20 28 19 26 23 5 41 3 46 4 28 2 50 32 41 50 50 33 28 28 27 50 17 34 29 50 40 39 43 4 33 50 5 28 24 27 47 50 48 12 2 25 21 50 26 4 35 11 21 15 49 48 43 47 26 42 8 2 13 19 50 50 44 22 38 28 24 14 50 3 49 4 32 50 39 1 30 50 40 42 44 23 17 48 35 36 31 12 0 44 4 50 23 18 32 23 50 32 50 44 50 50 6 22 46 
50 47 41 44 0 26 37 10 21 50 25 50 47 34 45 35 3 2 23 1 12 42 48 37 40 41 19 32 50 43 14 33 9 2 50 48 40 23 7 27 48 50 10 14 0 50 49 1 38 23 4 33 50 9 11 17 8 47 41 49 4 40 23 46 50 0 48 4 41 27 50 19 34 16 8 13 14 14 20 32 40 1 16 50 50 50 50 20 1 2 17 50 27 30 46 50 28 1 50 20 50 0 50 50 34 40 8 50 24 8 20 22 3 26 5 50 19 8 7 10 29 33 50 47 50 50 9 31 50 21 50 7 17 50 0 10 50 7 15 0 22 4 20 50 45 39 50 46 17 38 28 50 4 20 50 50 50 19 50 50 7 19 46 15 6 27 29 12 13 50 50 11 43 46 4 50 16 33 47 32 41 4 3 44 3 27 2 14 47 
22 50 39 50 16 47 10 3 9 50 1 7 46 12 24 3 36 50 35 22 18 17 50 36 47 49 50 47 35 38 50 27 50 2 20 34 15 34 44 41 32 6 34 34 19 50 31 25 13 1 30 49 19 38 50 43 50 7 7 11 4 25 50 0 25 50 36 4 0 13 22 21 25 9 32 50 36 31 27 38 1 50 30 30 38 50 19 43 34 4 50 49 50 30 45 12 4 5 21 48 25 22 50 27 36 4 15 50 24 49 18 21 27 50 2 3 25 44 27 41 11 0 35 14 10 6 48 43 9 40 10 29 11 39 35 5 8 5 29 2 10 50 15 8 30 2 18 44 4 42 17 21 45 10 47 43 40 7 1 45 50 3 50 50 50 31 27 50 46 50 23 19 0 24 8 50 19 15 50 11 23 25 29 18 29 38 1 26 
13 50 1 3 21 0 50 4 50 8 23 9 47 50 19 20 17 36 39 49 50 21 50 5 50 34 34 11 29 37 36 15 50 26 14 13 9 21 31 13 5 50 50 42 49 50 3 34 30 50 23 1 12 28 3 25 0 50 24 50 0 8 6 45 35 39 50 20 16 1 46 13 12 15 9 18 50 31 23 47 34 40 34 12 36 29 36 11 22 25 38 22 50 9 13 44 5 7 12 26 27 24 50 26 12 45 47 14 22 45 47 30 12 27 47 29 18 41 41 6 32 1 43 24 50 28 20 30 50 12 50 38 16 3 3 8 42 50 11 50 37 31 50 28 50 50 18 44 25 23 50 0 50 38 43 50 46 2 50 32 12 25 12 18 49 24 10 24 50 36 50 35 29 7 30 21 3 50 49 21 7 15 9 22 0 47 39 
34 46 40 44 18 6 13 25 10 4 19 7 17 12 50 35 42 50 32 2 48 50 41 6 21 50 9 6 49 48 15 32 5 48 18 33 50 24 1 49 9 19 13 50 43 17 43 50 21 12 23 35 50 13 50 9 49 50 42 23 50 50 45 27 47 50 50 4 50 43 30 50 49 11 16 8 38 26 13 37 2 27 50 33 45 42 14 50 6 34 19 14 9 44 35 3 26 7 27 25 50 40 42 23 16 43 50 17 50 0 39 19 26 33 46 50 41 22 38 25 28 49 37 50 20 37 2 35 12 32 36 50 42 22 39 39 50 23 13 50 43 9 6 12 38 12 50 37 16 32 6 34 21 50 28 38 1 9 39 45 6 44 48 50 21 50 33 30 13 50 19 28 17 50 3 12 6 37 42 45 45 18 24 40 35 41 
14 48 22 4 6 43 18 39 35 40 28 12 50 50 37 32 19 36 22 34 27 3 37 37 50 34 12 26 20 26 1 2 45 32 27 50 18 18 30 12 0 18 20 32 12 50 50 21 50 23 19 38 29 50 36 19 11 14 50 8 19 2 50 0 14 5 35 49 27 18 7 23 42 29 50 7 38 19 24 41 50 9 2 50 48 50 50 50 42 32 28 15 50 44 50 22 50 22 50 50 10 50 29 50 30 4 34 50 2 47 47 50 32 16 9 28 12 26 33 23 44 6 34 46 43 44 4 47 43 5 50 20 46 25 38 42 30 4 19 50 50 0 10 43 26 50 50 5 22 7 5 0 36 49 19 25 36 38 32 4 50 49 29 8 25 9 2 37 50 36 50 27 50 27 33 3 20 41 17 50 50 5 0 30 15 
50 36 29 27 50 50 28 0 38 46 45 2 15 45 50 50 50 36 19 50 20 4 50 32 0 33 16 50 5 4 0 34 24 8 29 16 19 26 42 50 50 46 19 2 20 46 50 37 6 29 31 17 31 12 50 12 2 50 32 34 21 47 50 26 45 24 45 37 15 50 4 21 29 4 50 18 50 50 34 50 13 50 32 5 18 33 47 39 10 39 50 50 50 50 2 23 21 50 37 8 45 50 46 29 5 50 28 1 32 40 27 50 26 34 50 24 50 27 20 5 40 18 29 29 50 11 50 24 39 3 50 33 50 13 50 3 32 19 35 43 45 50 22 33 13 50 32 28 0 37 50 17 39 7 39 42 37 50 50 33 39 10 22 50 27 3 22 16 22 29 39 14 30 3 50 50 49 16 50 6 27 17 43 7 
23 24 39 50 50 49 49 31 26 26 50 5 12 23 35 2 19 50 41 24 30 11 10 49 35 42 15 50 50 27 37 43 50 41 46 40 5 13 50 0 7 50 47 12 2 16 2 2 24 39 3 23 34 5 18 47 1 5 2 50 31 33 5 26 48 20 38 48 19 50 19 1 11 47 8 34 33 26 23 13 46 35 32 21 29 44 50 2 36 50 15 43 31 50 41 30 50 10 47 50 7 39 42 50 29 15 50 5 25 46 50 50 50 45 4 8 43 28 31 3 16 19 11 21 31 50 50 19 50 39 9 50 12 50 16 13 12 41 23 40 49 36 38 30 50 39 6 13 12 31 40 14 5 48 50 50 50 25 2 35 2 20 34 32 44 28 34 50 6 35 27 50 37 2 8 31 27 50 16 23 38 34 30 
39 11 8 44 4 24 38 18 25 33 15 41 14 36 32 50 3 8 13 50 50 8 39 12 34 37 11 33 11 26 3 29 0 27 35 43 15 50 50 34 41 14 36 40 22 50 5 24 13 50 49 27 16 4 6 37 9 50 12 50 3 50 12 18 22 50 50 42 26 4 45 25 17 50 25 50 16 35 26 35 50 35 31 22 8 28 8 13 23 20 10 8 20 29 40 29 8 5 10 2 40 49 22 30 8 15 33 44 50 26 2 16 43 11 11 39 13 2 38 6 47 4 41 25 37 42 10 35 36 50 50 40 41 5 50 26 14 44 50 38 3 7 8 14 33 45 20 33 18 9 50 50 23 43 47 50 50 50 31 37 22 50 9 50 26 13 29 37 34 0 18 45 17 14 50 17 50 37 24 15 17 50 
37 23 18 50 6 50 23 20 10 50 46 48 50 42 43 9 13 38 50 3 28 37 26 12 44 13 19 36 0 16 39 18 47 20 34 45 44 19 38 39 21 3 50 9 47 40 22 14 30 2 48 28 20 50 8 30 36 39 50 19 41 33 50 23 35 28 33 40 30 26 45 50 44 2 33 29 21 32 19 14 47 35 13 45 50 50 35 33 46 42 24 17 50 32 6 26 13 30 2 12 8 23 22 14 50 50 50 50 38 27 15 50 39 50 50 9 23 3 34 7 4 34 34 50 44 42 3 14 22 50 35 50 36 50 41 50 50 28 44 50 29 8 2 7 4 50 29 24 11 50 41 9 25 0 50 39 37 14 5 39 1 26 46 50 1 50 50 16 17 46 1 47 6 13 22 16 50 48 42 10 25 
34 17 31 50 10 42 47 37 10 10 2 50 8 6 30 48 3 28 11 5 8 44 28 17 39 39 31 30 25 43 31 43 40 50 39 32 50 25 50 50 8 10 50 8 34 6 0 15 45 3 6 21 48 36 49 41 23 41 50 31 11 37 44 47 23 50 12 50 21 23 25 21 9 16 3 38 5 28 23 50 46 31 19 7 35 50 8 2 50 43 11 50 33 16 32 6 10 23 44 14 43 45 7 26 47 8 44 9 36 46 37 48 9 40 47 38 28 50 26 50 23 50 45 46 50 25 50 13 50 37 42 29 50 20 50 32 48 48 45 41 16 33 38 2 6 19 12 9 7 47 30 33 48 50 31 29 25 4 36 14 8 48 0 46 22 50 36 42 46 16 43 35 50 3 1 45 36 8 24 22 
44 38 25 50 23 50 10 8 41 38 28 15 50 12 32 33 13 17 50 32 17 16 30 0 50 2 43 37 15 12 50 45 34 37 2 31 25 13 32 0 1 32 47 10 38 35 7 50 29 12 50 3 41 22 41 26 50 39 18 33 21 7 7 43 50 40 9 50 46 50 35 24 5 50 16 0 15 50 50 24 43 17 49 30 17 0 21 25 45 2 27 40 34 27 27 22 13 9 50 50 39 2 7 6 22 50 33 14 10 42 23 23 23 36 1 49 30 50 47 32 42 50 50 38 47 29 40 17 50 50 43 50 45 23 17 22 50 48 50 30 50 47 39 50 2 42 29 33 12 28 9 35 50 15 18 27 25 10 47 24 50 7 50 1 18 27 43 8 18 50 14 0 50 50 50 47 42 50 1 
6 50 19 14 28 44 44 0 20 10 28 50 30 45 0 7 11 50 7 7 43 3 15 50 27 19 3 6 26 22 22 50 16 36 7 7 28 10 16 38 14 37 19 12 34 20 5 27 40 42 45 43 41 40 48 12 50 15 39 3 41 27 21 50 46 19 30 39 38 50 29 20 16 43 40 4 50 38 11 28 38 3 4 32 31 0 45 16 46 27 27 37 42 33 50 49 10 34 43 48 10 42 33 48 50 40 31 45 29 26 22 25 4 50 3 50 5 16 18 47 27 41 26 50 2 50 19 1 44 34 23 6 8 26 29 14 49 50 45 49 42 38 26 23 32 20 49 17 43 41 31 9 14 11 25 22 0 50 14 35 5 9 6 39 29 2 28 44 4 11 19 41 0 20 37 50 32 50 
13 43 6 6 40 43 42 50 0 44 50 50 39 39 28 50 50 50 42 7 2 27 46 15 43 9 3 50 50 15 23 34 29 40 26 50 21 46 48 15 10 43 18 50 4 36 24 31 34 48 8 50 14 30 50 0 21 39 30 27 33 16 28 5 50 2 43 21 50 23 50 18 42 13 25 43 11 49 41 29 21 50 12 3 16 17 21 16 17 41 39 25 25 19 6 36 49 21 33 19 16 27 8 3 22 41 28 45 7 2 13 8 15 25 5 48 0 12 42 24 0 7 50 21 43 30 50 50 44 38 8 22 6 12 29 50 37 8 50 50 14 41 50 33 4 50 46 43 11 50 50 20 38 2 46 12 10 41 49 27 1 50 31 7 41 2 5 32 50 50 40 5 39 31 44 50 50 
18 46 50 22 0 0 32 37 3 50 16 41 5 17 42 5 3 39 40 12 31 9 35 18 46 17 50 47 27 39 10 41 11 29 11 47 17 2 40 50 50 33 10 50 0 50 50 8 33 16 26 5 12 18 21 35 22 32 28 50 3 9 41 20 45 4 50 11 50 15 3 15 50 25 3 20 32 28 50 16 13 18 31 41 20 48 34 31 10 27 1 41 8 50 18 39 44 28 19 18 46 50 15 43 38 50 25 12 44 10 50 49 11 47 50 11 22 1 37 46 42 23 41 40 50 50 10 50 34 30 21 50 47 50 22 50 26 40 32 7 50 4 32 46 25 8 34 50 18 13 37 38 42 12 21 49 18 10 12 14 27 27 50 11 31 1 23 46 18 50 22 50 1 7 36 50 
40 31 32 50 50 50 18 47 4 2 21 16 43 5 50 15 7 49 43 20 42 37 50 3 50 48 29 11 16 17 17 3 44 22 41 9 0 38 1 4 25 8 6 4 19 42 16 26 50 30 22 40 1 25 18 44 34 41 25 12 25 13 20 18 24 19 50 36 20 27 23 40 50 50 7 8 20 41 50 36 50 3 19 50 50 50 4 24 29 14 4 38 39 17 14 26 36 50 43 7 32 50 43 4 13 8 6 49 17 18 38 20 42 35 50 47 47 36 38 36 0 0 8 2 50 4 28 38 26 47 1 8 50 50 31 39 45 4 30 50 47 16 31 15 50 21 50 19 32 50 26 30 48 27 50 32 33 26 10 3 50 21 20 50 7 50 14 30 30 49 21 25 50 47 34 
0 8 50 3 27 10 30 49 2 14 50 28 50 45 42 35 48 9 6 24 14 22 41 49 50 50 50 16 45 34 35 20 45 16 36 9 18 45 20 13 39 11 6 46 3 24 20 19 19 16 31 14 49 27 33 36 20 12 50 50 0 24 19 15 38 30 44 22 16 28 32 27 41 7 43 14 17 18 29 18 18 42 22 6 6 10 50 42 49 21 44 30 15 36 40 48 16 40 48 35 39 28 9 50 50 18 37 9 7 18 0 50 4 33 39 12 50 16 5 43 29 34 12 23 35 50 38 50 7 10 31 50 3 50 33 49 28 45 0 25 29 10 34 38 30 24 20 44 50 32 26 20 17 50 12 7 44 25 50 50 1 24 11 44 10 50 23 5 19 24 30 16 13 14 
31 12 50 43 14 50 33 22 6 29 30 12 27 50 45 50 50 46 19 26 22 48 24 24 26 12 50 2 48 35 23 34 27 50 29 14 50 34 50 49 45 37 19 8 50 10 36 18 31 36 50 3 49 10 18 25 15 3 28 50 27 46 7 16 21 36 36 5 17 7 20 36 25 8 28 27 25 42 37 18 35 0 37 18 11 28 50 39 1 34 35 37 22 4 50 25 18 50 33 39 12 50 33 33 21 31 50 47 4 36 22 12 41 22 31 33 38 21 16 38 2 10 36 4 4 10 50 44 50 39 27 43 46 50 48 50 44 50 50 3 0 25 39 50 48 29 11 50 50 50 50 35 50 50 30 0 50 16 17 50 31 27 33 50 35 19 44 0 23 41 49 37 38 
1 16 47 50 50 15 50 0 1 22 8 14 50 2 8 23 33 19 13 11 1 18 3 9 44 44 50 42 40 13 46 0 15 49 50 6 4 50 33 39 48 20 49 41 19 48 24 50 17 30 31 8 23 20 40 50 40 49 27 50 28 18 34 39 11 50 1 8 49 50 32 12 27 17 28 50 40 28 5 48 44 18 49 8 50 50 45 44 50 1 32 27 41 11 28 11 44 19 50 33 50 26 22 40 7 1 33 25 3 11 16 17 1 1 29 7 1 50 26 37 12 2 25 20 7 48 50 47 50 1 16 12 50 45 50 29 32 32 50 46 50 34 34 50 9 50 19 12 6 47 12 44 18 50 45 47 25 33 2 50 17 41 50 27 43 12 23 16 19 23 31 39 
50 50 23 50 14 26 43 21 28 45 40 35 35 29 48 36 50 50 43 13 2 40 32 50 34 11 50 50 25 14 40 19 50 46 50 15 2 18 39 3 42 6 50 42 44 43 50 6 30 33 24 41 31 15 15 24 6 8 15 9 41 15 32 43 48 35 2 6 39 41 45 19 38 15 18 44 12 50 8 17 6 20 16 21 21 47 18 6 3 30 26 17 22 25 29 24 5 36 50 38 14 21 50 19 35 37 37 48 29 44 0 26 35 23 50 50 0 50 15 7 5 19 0 34 5 41 40 10 50 50 7 50 10 40 29 33 29 50 13 0 50 5 49 40 29 23 35 14 7 12 47 17 33 7 3 33 13 22 38 33 50 31 36 50 12 28 9 28 48 50 8 
48 32 50 0 50 15 32 0 42 29 22 13 50 48 50 28 50 50 20 44 50 2 50 29 3 4 50 43 38 50 30 49 50 23 7 13 50 50 0 36 28 39 50 28 32 49 18 50 45 31 13 26 10 41 10 23 19 0 50 1 20 44 50 27 7 12 45 41 6 50 33 44 41 12 11 33 42 1 50 29 47 28 41 50 35 5 27 37 13 34 50 20 18 37 19 9 1 15 34 24 43 50 50 44 4 43 34 50 33 50 16 48 6 26 30 43 0 14 38 34 50 40 4 40 39 10 21 0 50 29 28 23 50 4 50 22 14 29 7 0 14 50 50 50 48 50 50 4 50 36 40 50 35 12 40 23 25 0 12 50 38 50 50 43 45 5 50 31 41 9 
26 32 38 5 3 34 38 1 0 47 50 5 50 37 25 16 41 15 4 46 1 15 39 2 36 13 7 43 41 22 8 38 7 20 5 25 48 36 13 50 12 41 50 34 50 20 41 14 1 18 50 47 33 49 37 50 50 50 26 25 50 49 30 23 26 50 15 37 50 40 50 36 45 48 16 31 27 13 49 28 9 41 50 42 45 43 15 7 23 15 32 50 30 12 0 11 33 50 48 50 26 50 29 16 39 45 38 43 50 23 47 50 1 50 50 50 0 48 42 21 44 0 27 0 3 49 35 44 38 42 25 50 39 45 23 17 11 8 46 50 50 36 5 5 48 45 14 37 22 46 42 42 25 50 45 12 9 25 45 28 29 32 13 30 50 50 19 32 26 
47 50 25 19 50 19 12 22 18 36 16 47 8 50 32 43 48 48 10 36 23 7 47 49 50 28 8 1 32 34 16 43 26 46 42 50 34 23 9 49 50 41 37 9 50 50 7 50 37 26 1 50 2 43 4 14 29 34 13 36 34 40 12 0 4 3 35 42 28 9 13 38 11 23 48 20 42 50 9 48 50 36 6 45 50 13 49 37 22 0 34 2 44 50 47 40 50 9 50 34 50 39 38 21 6 34 0 50 16 17 37 48 7 29 50 43 27 4 11 3 26 31 32 5 41 15 41 7 1 27 42 0 49 28 35 50 50 49 31 39 1 7 17 14 39 28 3 43 33 25 23 1 19 19 27 5 25 50 50 25 37 8 50 50 21 39 34 24 
0 33 26 24 50 50 7 42 24 37 32 50 42 17 16 10 39 17 44 0 29 30 38 17 1 21 45 4 21 13 0 50 36 7 7 6 38 29 6 6 16 47 32 21 16 50 27 4 18 20 30 50 4 39 44 27 9 46 37 19 30 35 42 47 13 20 0 50 50 11 19 0 10 35 47 24 12 47 49 14 36 33 1 45 23 4 34 50 32 14 19 17 36 50 13 30 31 9 43 47 42 5 8 27 38 21 50 7 28 34 2 0 21 50 1 34 50 42 50 50 21 24 14 17 24 46 19 22 50 26 34 17 11 7 33 47 8 15 30 50 48 32 38 50 50 14 5 50 31 4 50 18 42 40 50 39 3 10 8 46 34 5 26 50 16 34 0 
15 31 47 38 50 9 50 17 25 12 9 32 1 12 37 50 33 1 42 40 50 48 50 27 27 48 50 50 48 27 24 35 0 4 2 33 12 11 50 24 50 0 30 49 29 50 34 3 18 7 1 50 38 9 40 11 12 50 45 27 50 16 42 33 6 8 3 5 48 33 25 50 50 49 26 9 44 24 40 50 50 22 32 50 5 40 19 4 50 50 27 43 43 50 42 50 21 0 0 10 50 50 10 49 18 23 5 38 50 28 50 41 46 50 48 6 6 7 36 40 49 41 37 15 45 31 32 50 50 50 17 15 40 21 50 25 16 20 5 9 35 45 26 36 31 28 45 45 11 23 28 46 7 33 40 3 3 39 22 19 26 7 37 16 3 35 
32 4 50 32 39 50 41 22 27 50 15 50 50 45 4 30 1 16 50 50 45 30 9 50 50 38 29 38 19 30 34 12 48 10 25 47 28 37 24 50 3 5 7 12 9 42 50 50 3 50 38 4 6 28 50 18 24 50 40 3 50 28 32 43 22 3 39 33 2 39 5 6 41 2 41 0 50 5 41 15 41 17 30 43 13 35 49 4 15 15 47 12 22 50 20 10 27 18 25 4 50 8 40 31 48 28 30 29 30 13 50 13 9 50 16 31 28 33 2 19 35 50 41 0 20 16 14 50 50 30 0 14 50 15 50 32 48 28 5 10 33 50 19 50 50 3 26 29 4 43 30 50 45 9 13 46 48 13 38 23 50 50 30 50 26 
37 1 50 15 50 10 39 48 50 46 25 4 50 14 6 49 50 45 46 0 46 34 0 19 50 32 50 7 10 39 34 15 23 0 33 16 50 50 50 41 47 48 0 47 46 19 36 18 50 26 3 39 9 24 1 17 38 48 6 50 14 25 50 33 1 31 2 19 50 50 18 14 1 50 50 15 9 24 0 12 20 0 3 44 4 0 25 11 36 22 2 38 50 39 50 27 7 34 21 40 40 0 14 7 13 6 50 50 22 45 13 43 0 16 14 5 20 5 50 11 0 21 13 50 7 15 50 50 25 18 40 43 26 38 41 0 27 44 50 25 5 3 17 50 40 44 4 12 46 50 18 13 50 44 2 50 31 29 31 48 28 6 2 43 
49 41 2 7 8 10 36 1 50 28 31 15 49 21 27 38 40 6 38 36 2 19 42 7 5 34 50 28 7 0 15 18 9 13 30 43 18 21 43 19 19 39 22 20 36 48 5 3 4 30 41 39 48 17 14 20 50 5 10 39 49 47 50 25 7 31 30 3 34 50 48 42 41 10 50 35 10 22 14 50 8 3 2 41 29 6 34 33 37 8 50 18 6 35 13 18 28 39 23 36 9 34 50 10 28 22 24 49 2 30 49 48 0 33 50 27 1 27 50 23 22 13 21 24 39 50 20 41 37 16 50 16 5 24 48 5 41 45 30 50 37 17 13 25 25 50 28 22 17 50 50 1 50 0 18 50 0 50 40 3 9 50 22 
3 6 18 49 31 4 50 50 21 20 23 17 19 12 50 47 3 46 20 5 31 21 17 3 36 10 50 15 25 8 12 30 38 12 39 15 23 26 44 3 49 6 6 50 6 20 8 25 1 38 4 21 45 38 50 11 36 18 12 5 28 13 7 6 11 2 27 5 34 50 8 50 14 26 33 16 0 11 17 19 24 50 50 40 50 22 30 39 28 41 41 6 2 26 19 46 50 50 35 28 45 26 18 4 39 39 45 15 50 30 6 4 46 43 27 50 47 50 42 18 49 50 18 40 20 50 43 2 50 4 14 47 31 20 32 50 40 48 25 50 2 8 14 47 50 12 14 50 20 47 19 36 24 50 42 50 50 43 40 38 41 38 
16 32 32 47 10 36 11 9 41 7 20 38 50 27 30 26 50 40 39 47 27 23 3 21 34 50 50 16 33 39 18 17 43 37 12 38 24 4 6 33 29 12 9 16 3 50 24 0 38 14 21 22 39 7 7 14 13 8 50 50 13 12 2 11 33 21 30 44 21 30 24 27 25 41 26 13 50 50 50 50 39 49 40 8 45 17 30 50 36 5 42 0 13 50 41 45 32 35 13 50 33 31 21 21 17 16 23 2 3 9 38 41 40 18 37 50 41 27 34 6 50 50 25 50 22 2 38 39 27 48 18 50 7 19 29 47 50 15 30 9 26 9 50 41 50 50 9 15 48 50 43 26 41 31 50 26 0 19 11 4 27 
35 34 50 50 32 13 0 35 4 31 20 50 40 42 12 11 26 42 18 7 50 50 42 50 50 6 17 46 50 23 12 12 18 30 23 19 14 41 8 26 45 37 16 26 43 38 50 11 47 24 35 33 10 23 28 50 40 38 43 25 37 13 50 43 27 42 2 50 44 29 25 35 44 50 27 42 50 31 23 48 6 13 50 36 48 37 24 44 33 45 35 30 9 50 50 2 47 8 0 41 13 26 50 40 20 36 41 50 50 45 7 21 1 12 29 15 0 36 14 27 10 25 31 47 31 50 40 14 1 50 4 25 38 17 34 16 32 28 30 50 13 27 20 50 50 47 50 38 42 4 6 46 29 50 37 12 41 31 10 50 
37 0 30 47 11 31 34 50 29 43 50 28 50 40 24 4 50 7 19 34 37 11 1 9 21 21 41 31 50 0 12 16 41 1 21 21 22 48 32 38 50 5 12 20 44 5 7 18 33 50 12 22 32 41 8 37 42 14 50 49 50 40 50 29 34 35 50 12 0 23 1 19 21 2 8 34 50 7 50 28 46 39 8 29 11 50 40 31 44 21 38 29 50 42 17 50 43 50 48 35 50 24 22 47 39 20 21 19 50 6 5 28 3 50 29 37 8 50 12 42 8 50 43 50 40 2 1 21 36 45 19 50 35 6 24 40 6 4 37 46 21 23 29 48 10 7 16 0 23 17 38 45 42 26 23 0 46 11 47 
44 42 14 48 19 34 10 3 10 45 9 50 48 32 50 47 34 16 2 46 8 18 20 35 33 44 50 41 33 27 50 35 37 21 26 50 50 50 26 6 13 50 18 50 8 50 11 7 50 50 50 50 35 31 2 31 37 41 50 50 15 50 39 27 11 8 19 47 32 36 24 50 48 47 34 26 15 47 40 32 31 45 50 23 50 50 50 50 50 23 29 8 2 44 1 45 29 22 10 48 12 13 44 4 43 50 26 40 25 22 50 50 50 42 26 12 15 21 27 4 46 50 3 50 10 31 1 48 38 49 26 13 3 29 50 8 49 35 22 50 47 50 21 32 37 50 5 50 25 7 22 13 4 3 38 23 30 50 
49 50 5 50 32 5 50 50 0 50 50 38 50 5 15 23 1 12 6 50 10 10 14 49 45 50 11 48 50 33 37 34 7 42 5 41 1 10 3 45 4 45 33 34 20 3 50 24 16 50 50 50 31 31 0 42 47 50 41 9 5 50 1 1 15 18 20 12 44 5 11 50 24 50 48 48 17 10 4 0 25 50 24 50 50 1 29 31 48 46 37 6 32 45 8 5 50 39 23 37 3 23 27 21 50 39 7 3 49 50 50 29 48 50 33 50 3 46 50 46 45 50 17 19 34 6 36 27 26 41 1 34 43 20 30 9 31 1 15 10 34 2 6 50 8 50 17 6 31 8 4 17 2 6 43 0 45 
14 50 21 46 50 24 50 37 44 23 5 31 6 13 14 13 37 23 12 38 28 43 50 37 34 34 32 2 42 30 50 7 1 43 25 28 8 1 30 20 41 13 17 46 30 29 34 30 40 50 33 9 42 20 14 50 47 50 34 36 39 38 1 50 18 50 23 15 10 25 12 9 1 7 20 48 50 5 32 33 50 44 48 8 17 9 39 31 50 12 50 10 50 38 19 42 39 42 37 40 23 49 50 18 10 7 41 7 0 50 12 38 11 10 40 23 35 11 47 22 8 50 12 45 25 1 30 42 15 45 20 24 12 11 27 38 44 24 49 15 16 21 38 8 34 50 50 14 24 35 5 19 2 30 36 13 
50 26 5 50 22 34 21 6 27 44 50 50 50 3 46 14 31 24 50 24 50 50 25 15 50 39 25 44 4 50 2 16 49 50 19 10 2 37 32 50 13 5 50 13 19 48 7 50 50 28 6 50 50 50 12 9 39 34 21 20 37 41 4 44 29 42 32 50 50 4 25 19 3 15 50 44 44 50 33 28 50 7 50 1 50 50 40 50 50 5 13 23 7 25 50 50 50 35 0 50 22 16 7 4 47 50 50 28 18 25 50 31 17 40 15 42 1 5 29 50 44 50 3 34 3 35 12 38 39 12 46 7 38 35 45 48 20 50 50 50 3 17 19 17 45 50 8 50 38 50 50 50 43 50 50 
36 3 12 17 39 1 35 34 47 23 0 47 32 25 40 20 15 50 12 50 35 46 50 49 35 38 16 50 30 13 50 48 8 50 2 41 2 50 20 50 16 12 6 50 5 33 45 50 50 18 50 13 24 20 22 50 36 38 50 24 4 50 24 10 29 3 39 48 50 50 10 37 50 44 11 3 29 22 29 15 16 2 50 46 49 33 14 27 19 50 13 25 43 26 2 21 28 50 37 10 45 19 1 50 48 6 41 18 43 50 47 50 36 43 34 50 9 44 38 37 37 25 50 30 33 50 25 27 10 0 36 34 50 33 33 50 44 38 29 17 50 50 36 14 50 3 50 7 23 36 36 39 27 20 
50 27 41 17 27 25 50 41 50 5 42 28 47 35 3 31 27 41 50 29 50 15 7 49 7 19 11 25 13 42 25 28 13 8 38 34 0 19 15 45 21 38 32 12 40 13 17 50 50 41 25 42 24 36 9 46 35 20 50 50 3 9 0 22 41 41 40 0 20 48 21 17 23 24 10 38 33 32 12 29 38 19 6 37 35 49 31 11 50 50 21 30 44 50 30 50 45 37 16 50 49 13 28 40 43 6 47 37 5 16 35 50 13 7 50 21 0 31 50 25 30 45 20 50 33 15 9 50 50 30 36 45 38 37 50 6 22 9 44 15 36 50 45 40 11 50 44 43 50 45 50 38 38 
50 13 18 36 11 45 28 50 14 17 30 26 34 22 4 47 13 50 7 9 26 44 16 30 4 43 9 20 41 19 39 39 43 49 42 9 4 6 10 25 43 50 27 50 50 50 50 45 50 10 13 50 13 17 46 5 30 35 50 48 35 33 44 50 16 23 19 21 12 28 39 45 41 47 48 13 14 38 44 31 45 35 14 30 43 42 33 7 15 19 4 15 30 6 38 40 28 44 49 50 22 11 50 18 35 50 16 2 50 5 3 50 48 29 22 50 0 50 35 44 48 9 41 50 50 18 41 8 12 12 12 26 22 40 39 3 41 50 31 42 0 47 28 42 0 39 5 21 30 42 6 34 
50 41 50 49 50 36 29 27 39 50 11 20 25 19 16 38 33 50 50 23 20 31 46 38 5 50 18 24 47 50 50 39 30 50 41 15 28 9 17 1 36 34 35 50 40 50 33 39 50 35 50 26 39 50 3 4 46 4 12 0 0 42 35 47 16 30 35 32 46 37 9 31 42 28 50 41 1 22 29 13 44 11 43 20 22 47 2 27 50 14 16 50 28 50 26 37 50 50 20 16 47 50 35 10 6 9 15 38 50 13 14 16 46 13 6 50 26 15 44 42 17 30 25 24 35 50 7 50 50 50 41 3 50 41 11 4 50 39 50 50 17 2 8 15 50 13 21 48 37 32 8 
17 50 47 48 1 27 13 48 37 37 12 50 35 24 15 18 0 19 10 40 49 50 50 14 7 50 9 32 25 50 28 45 50 13 50 50 28 43 6 50 33 50 50 9 46 18 10 50 12 28 39 4 19 42 16 30 21 16 50 8 46 50 11 22 35 48 50 25 32 30 48 6 13 35 50 15 30 33 1 0 45 14 50 7 13 2 36 23 50 50 31 35 2 14 12 8 19 17 3 50 31 50 35 41 50 1 0 33 50 13 22 8 18 34 37 45 50 50 1 22 24 36 48 50 50 32 50 50 50 39 13 20 50 50 21 27 2 46 50 35 38 25 13 50 2 32 36 49 26 50 
49 48 30 25 50 10 50 33 20 21 43 33 14 12 14 50 3 39 50 23 8 47 39 48 23 50 49 9 40 50 15 7 50 1 2 16 2 6 10 50 28 16 17 50 41 24 19 17 47 50 30 41 1 6 50 16 2 28 50 1 21 10 30 30 33 30 50 50 10 28 27 3 50 42 39 5 20 12 13 19 50 22 11 20 13 20 29 50 9 50 23 4 10 34 50 20 43 12 37 9 22 50 11 27 5 35 18 25 28 12 5 6 4 12 31 13 5 28 38 1 46 50 10 15 26 21 30 50 31 48 21 7 3 27 9 39 43 10 13 43 10 41 29 46 50 0 47 32 12 
17 38 49 50 24 8 26 39 18 0 40 41 19 7 6 40 36 12 47 40 50 41 38 50 18 10 15 50 50 15 29 20 34 13 8 22 3 43 50 42 4 35 50 27 22 47 50 4 24 39 47 38 50 43 24 46 50 33 43 33 0 41 33 50 50 46 50 23 50 19 31 50 10 44 50 41 50 14 50 50 11 11 14 46 42 13 19 41 33 1 50 40 39 50 10 16 35 22 50 50 44 26 46 50 30 3 42 32 50 35 40 50 42 21 15 3 6 48 19 50 10 45 7 3 19 46 11 4 38 50 0 50 5 23 9 13 30 33 45 38 31 34 46 29 7 39 47 50 
50 1 8 50 44 30 50 29 22 21 15 50 24 27 15 50 30 47 40 35 50 14 33 21 50 5 50 16 25 0 12 36 4 50 13 44 24 35 26 50 36 28 18 21 40 4 0 23 50 50 4 16 17 14 42 39 27 50 15 12 36 29 36 30 50 11 30 50 20 49 50 36 1 21 50 50 25 50 31 50 36 11 23 5 50 3 39 50 9 17 29 50 49 25 50 23 31 5 10 50 32 29 14 10 22 16 13 22 15 20 26 30 28 17 50 31 42 31 30 27 47 38 36 9 39 50 17 45 50 39 26 39 50 11 4 46 27 43 24 19 50 49 18 50 3 2 50 
39 19 18 50 43 19 6 10 30 50 47 50 5 36 15 21 25 26 8 14 43 39 50 30 26 50 46 42 23 5 41 42 44 42 50 45 22 29 0 5 6 50 44 47 0 43 23 5 47 41 31 10 50 21 5 47 50 11 11 23 45 4 49 50 36 50 19 37 50 24 50 28 21 11 45 9 22 20 0 23 50 35 12 31 50 18 31 28 19 41 43 18 23 46 44 46 24 7 39 18 46 33 50 18 8 50 38 1 8 27 10 44 14 17 15 6 42 37 14 35 50 50 36 50 31 30 5 50 0 4 24 13 50 29 40 24 8 8 2 16 50 15 40 20 3 44 
18 19 50 40 34 50 0 30 11 50 44 47 8 42 48 37 50 15 50 42 47 2 50 16 26 37 25 11 24 24 11 5 1 10 16 50 39 48 8 20 2 3 43 23 42 37 4 50 50 17 18 45 45 2 37 13 45 9 19 2 50 32 41 50 50 4 50 17 13 14 22 41 50 11 50 2 36 26 41 50 50 38 4 12 29 50 50 26 16 4 32 50 45 5 50 45 50 6 30 46 50 15 50 48 21 32 9 28 47 50 50 2 44 46 3 50 36 17 36 10 7 50 7 24 13 13 50 46 50 48 31 12 14 50 50 50 2 46 18 35 4 22 36 50 9 
50 35 36 20 50 50 37 50 25 45 25 37 35 32 7 12 1 3 28 48 45 18 48 50 46 42 49 40 50 30 4 22 42 46 29 13 18 10 6 50 3 31 26 50 15 3 9 49 23 22 50 29 43 29 50 18 23 9 14 47 33 7 50 17 9 47 20 50 2 38 16 30 3 34 50 40 8 17 50 47 11 4 16 38 50 36 35 3 6 20 39 43 50 50 50 50 50 2 24 10 1 10 28 20 30 4 35 50 33 34 1 30 3 9 50 37 41 9 16 50 47 50 25 10 13 14 36 27 21 33 37 50 50 41 10 26 7 5 38 50 50 50 47 31 
46 50 29 2 44 32 48 12 13 25 46 15 43 19 8 12 7 28 0 17 42 17 34 28 25 20 16 31 33 40 12 36 40 45 8 15 12 39 27 9 44 25 26 16 50 28 7 26 20 25 50 47 26 50 17 27 16 44 35 29 3 50 13 35 8 50 17 24 44 35 4 30 19 50 20 21 33 47 28 31 44 37 20 3 35 5 11 3 33 50 48 7 17 27 50 49 1 18 50 49 39 30 5 45 50 33 31 19 29 50 43 50 50 16 50 26 50 43 50 35 13 12 20 28 50 13 46 30 48 6 50 12 20 18 50 41 45 48 8 27 36 41 50 
19 29 42 50 14 23 13 19 16 24 26 23 39 50 34 16 50 21 46 1 50 48 13 50 8 19 14 50 15 22 29 2 44 3 50 45 28 37 7 4 30 30 19 44 30 28 31 44 7 41 26 50 34 20 50 34 7 50 29 50 19 29 33 50 31 11 21 37 50 49 49 0 36 50 31 29 14 11 2 31 2 27 14 49 31 22 45 36 16 44 27 43 31 25 10 43 26 36 50 29 46 28 39 0 12 11 28 9 15 46 48 45 22 27 44 12 29 34 16 44 3 40 6 11 1 5 43 2 13 35 34 17 18 17 6 50 38 48 27 36 1 40 
12 45 8 12 50 31 30 43 24 50 48 12 50 12 13 1 34 42 22 3 50 0 32 45 50 33 27 47 39 13 37 6 4 35 50 14 23 27 39 38 38 4 6 50 50 12 4 4 6 16 7 23 13 23 0 13 47 48 2 7 22 20 3 26 17 40 10 39 11 4 48 50 3 40 10 45 33 9 10 33 21 50 22 50 42 35 5 50 50 9 38 45 29 19 47 3 12 28 35 37 26 10 50 50 47 50 4 50 24 10 19 0 29 31 45 48 9 6 22 24 1 2 30 22 13 35 9 35 37 50 7 9 22 30 31 50 8 50 33 13 47 
29 33 29 36 50 39 8 50 31 7 12 43 33 50 14 2 50 35 31 10 27 49 6 18 3 5 50 12 37 29 31 32 47 50 50 29 49 22 50 20 32 25 10 30 2 1 3 3 19 11 50 44 26 50 14 17 32 39 30 35 16 33 50 50 14 47 33 24 23 17 50 26 13 8 24 8 50 46 48 45 11 30 19 36 29 40 50 25 16 17 35 13 30 4 1 14 47 50 22 22 31 0 40 39 50 37 25 37 47 50 41 5 17 9 33 50 50 41 50 13 30 4 39 47 42 50 50 9 43 12 8 25 19 9 29 41 25 50 23 45 
12 36 17 14 39 16 9 36 12 50 50 39 0 23 22 11 39 27 16 4 50 50 34 0 39 29 5 35 1 50 13 21 36 0 17 49 34 4 39 30 15 29 10 39 8 30 12 31 48 14 48 13 50 1 29 9 46 1 27 5 28 10 50 43 33 50 37 5 50 31 5 50 19 31 2 50 50 33 36 50 26 3 2 22 38 31 23 38 7 50 50 31 35 3 24 6 31 17 40 10 17 50 11 50 44 7 50 29 50 44 37 37 6 29 32 50 50 42 45 45 20 22 21 34 3 0 7 18 44 42 50 17 33 36 48 26 40 38 46 
36 28 14 50 29 46 19 46 32 39 30 50 50 44 42 50 38 18 48 1 42 18 50 41 50 24 15 22 50 50 8 36 13 34 33 50 23 39 48 0 6 10 29 50 50 3 34 14 50 50 22 43 45 42 43 38 17 17 50 50 31 17 14 50 20 50 1 50 50 30 30 13 15 43 50 11 44 50 21 50 2 49 50 31 14 44 44 50 11 39 15 8 50 34 50 36 48 44 8 15 50 16 34 50 31 50 33 40 11 7 3 23 15 38 50 25 50 37 20 12 21 45 27 9 35 28 16 21 47 39 18 6 50 50 14 3 17 33 
17 16 10 4 4 34 5 47 36 42 11 50 20 50 15 38 24 16 10 28 50 50 50 36 50 19 5 50 16 23 50 6 50 50 15 4 50 21 34 16 37 29 50 43 4 50 34 40 11 50 16 39 50 34 14 28 43 46 26 36 8 36 42 36 35 9 14 50 17 50 33 39 25 41 17 36 30 37 30 35 23 40 42 21 44 19 43 26 50 13 29 10 28 22 50 15 15 2 16 19 35 6 23 26 25 45 49 32 50 36 18 18 50 37 41 44 39 15 9 50 28 49 25 2 1 31 50 20 19 18 1 20 49 25 19 41 4 
0 9 50 45 7 44 50 11 47 0 44 50 18 50 50 42 0 26 44 26 30 50 5 35 47 23 36 44 46 0 27 50 45 50 41 34 37 3 50 21 40 13 6 15 21 43 49 6 24 4 23 5 50 40 17 28 49 16 17 50 12 50 37 6 4 12 2 30 1 7 45 50 14 14 22 40 4 50 50 26 2 14 37 50 34 36 50 50 11 18 50 4 50 20 34 50 5 9 16 24 6 15 29 9 50 19 30 49 38 49 34 50 4 5 45 50 29 34 31 50 17 50 16 24 36 29 25 50 43 5 47 24 46 20 37 42 
18 14 50 50 21 5 35 5 50 50 44 50 50 40 50 50 50 18 40 14 50 33 18 37 20 31 47 12 13 29 45 18 29 36 10 50 13 1 12 49 22 28 6 14 2 9 4 21 12 30 0 27 2 44 49 43 25 34 23 27 50 47 11 50 50 29 1 39 18 5 41 44 25 45 44 15 43 45 36 46 45 19 19 34 0 29 26 23 18 14 33 39 50 8 50 32 9 4 10 50 26 15 27 50 50 21 39 8 1 21 0 47 50 21 50 11 28 42 46 9 9 29 27 42 38 24 25 11 13 25 41 30 45 49 50 
4 11 33 50 1 20 7 28 49 15 34 27 11 48 10 19 15 20 18 50 8 33 9 25 46 46 30 5 30 25 29 48 23 50 50 24 12 13 32 24 30 29 3 48 44 24 49 48 46 19 7 25 31 38 32 15 50 11 44 6 8 40 47 44 44 34 50 46 50 50 42 20 17 32 39 21 50 42 25 8 24 47 50 44 39 11 37 28 28 10 50 50 50 9 49 48 20 50 50 23 25 24 29 50 20 32 50 49 50 23 20 35 38 50 21 37 40 35 50 50 16 50 10 50 50 34 8 50 21 33 1 50 31 50 
30 21 7 9 32 50 27 6 50 6 50 50 50 15 29 19 20 29 21 41 29 3 43 50 4 50 4 16 50 37 41 43 50 50 50 4 21 50 43 13 11 50 1 42 31 37 2 25 50 4 11 24 12 3 33 50 12 44 50 50 19 44 40 21 29 17 2 44 50 43 49 20 25 23 37 50 50 50 47 2 0 50 5 4 28 19 42 1 41 0 50 50 50 18 9 42 33 16 50 34 11 3 36 21 32 50 50 7 39 27 29 30 33 16 50 29 23 50 22 17 15 50 36 50 29 4 35 31 6 36 39 50 13 
28 3 50 44 50 26 41 4 14 50 15 9 34 50 50 50 50 10 28 9 5 30 5 24 21 12 50 35 4 0 40 24 0 2 7 7 9 5 50 8 5 6 22 2 50 50 35 38 1 11 40 20 50 10 29 37 15 50 21 6 50 38 0 27 6 42 48 44 47 50 1 27 4 43 43 7 43 28 42 31 50 45 38 26 2 43 20 50 15 34 41 3 50 30 19 37 50 19 8 17 50 50 50 41 24 37 4 40 26 15 43 9 23 0 48 35 17 50 46 7 30 6 8 35 23 37 20 39 10 50 33 17 
17 50 50 42 26 50 48 14 9 44 44 20 45 50 9 39 17 50 8 0 41 30 50 3 39 17 50 12 45 47 37 42 32 50 12 7 12 8 43 12 24 50 46 12 4 47 44 42 29 32 50 50 29 3 23 50 26 50 14 1 0 50 31 1 3 47 47 25 16 16 50 36 38 20 46 42 31 32 50 1 46 50 4 4 1 50 2 50 4 50 16 34 46 8 38 29 25 42 50 21 26 50 49 8 50 50 47 50 31 21 21 5 13 40 14 42 26 34 20 45 21 50 39 0 42 32 48 9 29 47 15 
24 5 23 10 50 19 20 50 2 50 50 48 36 50 43 12 4 9 14 7 46 41 28 15 34 50 27 3 25 44 42 42 16 50 32 45 13 31 30 44 50 1 50 34 6 5 40 42 50 14 46 5 40 14 13 1 42 12 15 33 28 13 2 19 32 25 26 39 44 35 7 50 41 22 34 50 22 14 18 8 50 6 15 50 32 12 45 12 4 50 36 17 50 40 18 8 28 26 28 40 50 28 17 20 25 0 19 50 22 43 22 50 42 36 20 45 16 10 12 36 50 17 26 50 26 50 22 43 2 28 
0 23 40 18 44 50 40 42 14 0 50 11 5 0 2 39 20 50 50 40 10 39 50 17 18 23 18 3 45 21 50 24 18 25 1 9 22 7 32 29 6 50 33 50 42 40 25 20 39 19 20 50 34 12 45 20 22 30 50 26 38 7 35 23 50 17 4 36 28 50 50 34 25 40 22 4 50 42 32 50 47 43 50 5 45 40 34 33 50 37 24 8 48 14 45 15 45 44 25 44 31 1 50 49 21 48 50 42 25 1 13 45 48 9 11 13 3 45 46 3 36 20 39 15 39 3 36 31 1 
30 30 18 7 50 42 10 38 28 43 10 3 50 50 26 34 29 47 6 21 50 0 35 5 38 33 20 2 21 18 40 36 50 15 8 50 4 39 15 15 17 35 31 32 37 28 14 44 2 0 45 50 50 30 46 21 50 29 21 50 8 40 4 12 13 50 26 21 30 16 3 26 22 37 0 50 31 50 17 44 50 38 13 7 15 35 38 3 32 18 50 5 17 23 50 39 19 46 30 0 17 26 11 32 38 6 43 47 50 19 37 38 24 16 8 5 23 50 19 2 21 50 37 2 0 27 31 29 
13 46 19 0 2 50 39 19 50 38 21 20 49 34 31 10 36 41 8 6 33 8 36 19 50 50 47 0 31 34 38 11 1 50 26 14 7 35 18 34 39 50 26 16 15 50 23 50 14 7 27 50 12 37 23 50 10 26 18 20 21 49 26 43 44 26 16 20 22 31 50 4 35 14 50 41 2 42 13 26 32 34 13 6 47 41 34 19 47 0 50 7 19 34 2 28 5 28 35 49 41 24 47 47 42 25 50 3 31 44 50 50 6 27 25 12 50 31 1 5 50 36 20 37 22 26 48 
38 48 48 15 50 24 47 36 49 50 47 28 21 22 24 2 50 48 18 18 23 9 49 24 43 23 50 36 50 39 50 37 22 25 36 50 31 30 39 38 6 23 12 12 34 50 17 50 34 15 21 2 41 42 24 50 11 50 22 50 43 5 14 15 39 17 33 47 21 35 48 5 50 12 38 2 27 13 28 35 14 43 9 50 39 38 50 18 43 4 19 16 50 1 3 46 31 24 5 42 31 24 50 50 23 17 44 11 12 50 5 49 21 26 50 36 12 30 3 29 31 15 50 34 12 23 
26 38 15 16 45 45 37 20 33 34 0 2 50 50 44 8 22 36 50 3 49 50 39 34 49 50 1 40 45 49 37 6 3 14 50 40 42 26 50 29 26 50 17 20 29 47 50 36 15 36 22 47 42 24 34 39 19 50 11 36 0 0 38 41 42 42 50 49 26 4 39 37 50 41 31 43 34 42 26 24 33 3 32 41 10 4 19 10 7 38 12 46 49 41 38 42 26 47 43 1 6 21 40 6 4 50 0 6 27 23 50 50 50 50 3 10 10 7 50 11 50 29 43 18 13 
10 28 27 43 10 35 3 40 30 0 14 47 50 1 6 50 50 40 19 15 29 50 42 44 27 21 42 13 26 46 36 36 50 11 8 16 46 13 21 31 0 49 46 40 2 9 5 46 23 16 7 25 14 50 5 26 46 47 9 24 50 24 19 50 12 9 50 39 35 45 47 18 50 46 39 36 50 43 34 0 0 50 50 19 46 27 6 43 46 45 14 6 34 20 15 43 43 48 21 9 16 38 38 18 47 40 26 29 2 9 13 9 10 47 9 48 15 50 20 46 50 45 48 50 
42 50 17 39 2 28 46 17 36 50 46 47 44 4 29 29 37 31 30 31 3 13 50 31 41 46 43 50 24 34 44 24 19 4 50 14 50 25 50 1 10 27 19 4 8 9 46 15 48 5 28 50 7 47 50 50 25 50 32 29 4 47 50 26 22 50 20 8 10 50 8 21 20 50 35 50 50 43 7 11 49 34 49 38 48 35 50 50 46 13 44 50 6 50 46 29 2 50 33 7 22 27 50 39 35 14 2 37 3 45 37 12 43 36 40 39 50 2 9 41 22 19 23 
50 37 50 26 29 39 36 50 14 46 35 48 50 4 0 15 27 30 50 0 50 50 27 47 5 33 3 39 50 35 50 50 50 50 25 18 2 4 50 36 37 21 32 16 25 35 16 26 50 50 34 11 17 15 28 48 18 29 48 4 50 24 50 35 28 11 9 17 44 50 32 39 10 44 50 46 20 44 46 37 50 46 25 50 45 11 14 2 38 15 37 50 17 16 40 50 41 36 50 32 50 50 48 10 50 50 50 42 50 0 16 50 36 31 49 7 50 27 37 34 7 46 
37 47 22 50 43 45 27 6 50 50 25 50 5 21 37 5 50 50 9 46 23 5 17 50 47 25 44 50 22 50 43 40 8 20 48 14 50 2 19 13 0 17 7 47 18 50 25 30 18 22 24 40 41 39 37 6 2 4 25 8 50 13 29 50 11 34 14 5 20 33 12 49 41 10 12 11 50 47 20 9 36 50 50 16 34 0 48 18 19 26 13 26 44 50 29 4 46 33 50 9 10 9 32 23 0 5 25 17 14 6 50 4 3 39 37 9 10 50 25 6 25 
39 13 44 11 8 36 22 48 33 20 48 50 50 37 9 7 44 36 19 45 5 48 6 1 17 15 47 28 23 37 17 23 48 34 16 50 48 5 50 34 20 31 7 28 30 50 50 31 13 50 30 13 45 12 33 50 50 39 26 30 31 10 38 33 50 35 50 17 43 25 5 50 4 30 8 26 37 46 50 23 40 50 50 32 41 50 25 33 42 6 50 50 22 1 50 5 50 17 30 5 39 12 3 48 12 24 45 1 42 33 20 28 3 31 49 29 22 32 45 40 
33 38 39 8 0 32 50 50 19 7 26 50 1 38 50 50 26 10 44 25 1 2 30 42 38 9 50 23 40 50 37 44 32 12 30 40 18 25 50 31 26 4 34 2 37 37 34 27 2 7 38 8 49 50 50 42 50 50 27 26 19 9 50 32 13 48 36 47 21 41 27 48 24 50 13 37 13 40 38 8 36 2 50 50 21 47 24 50 30 13 6 11 34 49 42 50 40 43 50 21 17 17 38 46 11 23 34 50 24 50 37 16 32 10 50 50 9 22 45 
0 38 40 1 15 15 22 27 50 33 23 50 6 47 46 32 4 17 24 45 17 50 12 50 47 50 46 50 11 36 35 50 40 14 24 35 31 43 47 19 27 23 13 3 19 42 48 13 19 13 0 50 43 50 7 50 47 26 27 37 17 29 10 46 23 14 36 49 0 45 16 18 28 38 15 36 23 13 20 38 41 9 33 12 36 50 47 26 17 38 40 50 20 33 50 1 46 49 19 35 41 39 46 23 50 18 2 50 50 20 15 27 23 50 0 13 3 31 
31 31 28 13 18 15 50 40 50 41 34 3 50 11 48 15 42 17 13 4 20 35 12 50 37 50 24 15 16 39 13 29 32 10 50 43 9 18 12 43 10 4 49 42 22 50 50 50 45 35 50 22 8 30 29 1 39 27 29 21 33 36 26 50 50 34 10 16 50 18 1 50 34 45 50 33 19 50 7 50 12 32 50 27 24 4 50 18 21 0 50 50 2 3 16 11 50 39 40 3 50 38 28 10 13 45 44 12 10 50 43 49 42 42 13 3 13 
41 1 13 22 19 29 34 48 33 42 20 11 15 12 50 9 13 28 37 6 50 22 4 37 40 45 50 38 19 28 48 13 49 1 38 33 5 20 39 16 50 45 21 46 13 8 5 49 4 22 10 50 2 24 9 10 36 50 50 16 0 36 22 49 24 41 48 10 22 28 4 28 18 42 37 11 30 36 4 16 27 4 43 18 21 15 19 3 30 50 50 22 38 13 50 50 36 50 50 29 12 36 15 7 22 7 31 32 44 37 36 37 10 19 50 30 
2 24 37 40 50 7 33 34 43 24 9 21 15 35 12 42 7 50 14 38 50 45 5 45 42 35 35 50 32 50 50 37 40 27 50 13 43 2 50 33 44 36 33 14 35 15 38 42 41 36 48 8 46 7 7 18 18 48 50 32 50 33 47 37 50 46 11 49 5 34 50 20 42 40 50 26 6 49 50 1 11 40 23 20 11 50 50 11 14 0 44 50 38 26 50 23 31 11 50 32 34 37 12 30 47 50 28 12 11 41 10 50 46 41 27 
24 37 14 48 39 8 17 39 7 43 33 13 20 11 32 21 21 41 23 42 39 5 1 7 47 37 15 5 40 50 25 50 17 36 32 50 38 40 8 17 10 5 21 42 11 14 36 50 11 44 17 18 16 6 29 5 50 17 14 6 23 6 12 50 23 23 6 23 0 49 50 0 40 13 16 8 30 44 12 33 33 19 20 23 11 30 50 29 39 40 7 29 29 3 0 37 20 47 30 4 44 50 50 29 41 19 12 50 50 31 50 42 39 22 
4 41 44 12 41 50 33 45 15 50 13 21 6 24 3 23 9 23 50 17 34 50 21 12 15 6 42 37 50 49 4 50 16 14 30 49 46 50 5 35 3 28 25 4 14 4 7 31 23 20 12 50 2 31 1 6 18 22 38 35 48 50 50 50 14 50 23 17 0 47 32 50 20 10 29 32 37 38 40 23 50 27 6 40 18 50 0 44 41 35 11 33 50 29 6 37 50 13 44 50 32 44 24 0 29 6 42 0 45 34 50 39 6 
40 44 21 50 27 10 50 26 35 21 31 25 20 40 0 15 50 43 50 50 42 48 27 46 29 34 50 11 50 31 26 19 13 28 8 3 23 28 23 2 0 28 50 12 40 8 33 50 29 35 27 45 26 50 50 10 50 50 50 5 6 14 45 15 4 39 41 2 50 3 7 0 50 50 50 31 19 29 46 8 35 50 9 50 8 14 35 42 3 50 50 3 10 12 42 0 35 42 29 30 50 19 34 49 45 15 10 3 16 3 11 0 
50 33 12 42 8 10 39 23 32 32 30 25 8 1 15 11 50 12 37 50 22 10 42 50 50 37 8 50 50 50 35 28 39 30 50 42 16 39 4 14 22 21 38 50 50 13 31 0 50 9 1 20 2 28 50 34 31 18 18 42 31 50 17 24 9 34 24 6 3 36 42 27 5 42 20 41 50 50 8 47 1 35 35 50 22 50 50 49 37 41 0 49 50 21 37 14 26 40 19 41 36 37 17 40 47 50 12 34 45 50 6 
15 12 44 7 34 50 31 24 34 30 13 36 5 12 13 26 28 43 0 33 48 11 50 41 6 40 20 36 50 8 3 3 47 12 50 22 34 48 31 13 50 46 32 29 40 35 16 10 11 15 31 48 50 24 50 19 50 15 30 48 7 9 27 3 34 12 48 41 50 46 44 50 2 21 41 34 18 35 50 8 2 0 19 39 36 10 23 50 23 42 18 44 13 23 46 48 50 36 22 45 50 2 50 50 23 15 35 41 25 35 
50 37 49 50 8 7 46 22 50 27 25 0 50 11 50 16 12 17 2 26 32 40 50 3 27 46 50 48 12 50 1 50 42 30 50 48 30 50 6 50 32 2 42 50 50 50 0 34 24 47 31 45 43 25 25 9 21 23 50 49 30 33 50 50 30 34 3 35 50 33 25 12 9 42 50 18 28 41 40 4 18 11 12 17 20 38 18 24 50 5 47 50 50 41 6 23 5 50 37 5 28 13 17 29 28 50 26 7 23 
19 50 25 50 41 14 30 46 11 40 50 12 50 46 39 1 50 7 11 35 21 35 12 26 38 32 50 18 50 6 50 3 26 50 48 3 45 10 50 49 19 5 6 7 38 22 21 18 36 26 40 1 24 2 36 12 8 50 44 31 12 31 1 50 3 19 35 18 50 4 41 37 50 2 14 4 50 1 33 24 4 47 50 50 50 35 50 46 8 50 12 50 2 31 39 6 31 3 31 50 22 29 31 50 21 45 4 29 
31 47 30 14 38 5 36 50 1 32 3 33 5 4 2 26 50 5 6 45 37 27 3 18 50 32 14 34 14 27 9 50 50 50 40 42 29 15 1 38 24 29 49 50 3 8 25 44 41 47 49 6 36 30 50 11 0 3 50 50 33 24 19 48 36 48 50 50 38 50 8 50 25 49 38 18 50 14 12 11 42 4 48 50 15 10 22 48 10 36 49 9 24 34 39 39 7 18 27 46 50 50 45 36 14 37 31 
8 50 20 13 21 10 46 50 25 25 22 1 35 7 34 40 3 6 4 50 27 39 30 35 50 43 40 11 50 32 39 8 16 17 7 4 1 42 37 36 37 8 43 24 2 12 48 37 49 21 49 29 46 21 9 23 50 40 3 25 50 34 30 29 45 35 29 38 0 50 34 50 50 22 32 1 11 18 7 46 50 30 50 8 11 3 42 45 50 44 47 41 39 41 50 50 36 30 25 29 11 1 40 44 44 49 
31 28 12 38 8 33 15 1 50 0 2 17 23 37 7 5 50 28 31 27 5 0 49 18 41 50 50 50 3 31 48 42 50 40 49 31 28 4 7 48 16 2 50 50 21 50 50 1 45 28 46 13 21 27 40 9 50 38 30 18 43 35 13 47 44 5 0 50 47 33 50 50 43 30 42 25 20 46 27 23 27 3 15 50 25 50 15 12 16 5 26 32 0 36 31 27 50 24 25 7 10 27 6 20 20 
33 45 40 44 3 42 18 35 39 17 38 30 32 26 18 50 44 39 2 29 30 50 32 13 50 50 42 16 20 4 10 33 41 50 15 21 45 11 38 2 45 11 37 13 11 50 17 2 17 1 50 49 42 35 4 45 40 6 27 16 6 49 50 50 50 5 13 42 28 44 11 39 47 6 30 40 50 11 9 20 50 15 9 25 43 29 29 10 42 30 50 3 33 4 34 27 44 2 6 33 48 15 27 14 
19 30 32 33 6 39 21 48 49 14 12 13 47 34 24 7 25 26 0 50 20 18 4 10 11 50 14 29 50 50 14 46 11 50 38 16 50 27 45 30 39 7 2 26 50 26 16 33 50 11 10 28 28 43 2 25 32 50 4 4 1 50 50 2 19 50 8 13 19 50 32 0 50 4 15 50 15 36 40 50 27 25 50 15 50 50 25 44 22 44 0 7 31 13 38 34 18 50 50 31 47 18 36 
30 50 50 27 41 13 16 41 26 50 32 9 2 25 23 32 9 43 15 27 28 11 50 47 26 4 49 28 17 21 11 32 38 8 2 23 18 0 50 14 0 26 41 26 13 0 23 17 27 8 16 48 6 6 33 4 14 29 50 2 11 42 50 43 35 10 16 50 5 20 44 33 14 43 27 34 50 43 50 44 50 48 30 30 7 37 19 38 9 49 50 50 47 31 50 50 26 40 50 44 19 12 
24 34 29 26 2 49 5 23 46 18 22 25 11 50 3 5 33 46 29 50 25 24 13 10 1 49 37 29 15 36 45 43 50 34 17 48 6 15 28 33 23 49 50 36 50 3 16 32 41 34 15 47 4 35 17 41 50 30 41 35 34 41 5 29 50 16 50 1 1 0 50 7 32 50 29 50 30 48 27 13 40 43 18 35 50 40 14 38 50 17 9 50 20 31 12 50 49 46 39 50 25 
26 49 3 26 20 50 5 22 44 24 32 5 41 3 48 12 44 25 44 22 23 41 50 17 50 4 19 0 47 11 50 50 42 45 16 50 44 32 34 44 24 29 3 19 21 1 20 26 1 41 50 50 7 50 49 6 20 0 26 4 13 50 4 43 5 5 27 13 50 50 22 23 14 2 23 42 50 50 46 35 7 11 37 13 10 30 50 15 26 11 50 27 7 30 2 19 50 28 32 36 
13 18 3 28 33 44 41 46 12 5 50 0 9 40 28 28 40 17 50 50 40 27 17 8 47 1 42 14 50 12 9 23 50 5 10 9 50 41 17 27 8 28 0 34 26 8 6 47 33 48 50 29 10 41 50 37 50 16 50 27 45 33 46 19 47 36 50 50 5 29 50 40 28 31 37 50 6 5 46 41 26 50 3 25 32 4 50 26 2 12 18 27 50 0 48 15 1 1 13 
34 36 4 18 13 50 45 12 37 45 50 43 9 16 50 50 16 32 45 16 25 45 4 19 28 50 0 41 0 27 15 33 32 27 45 27 12 50 50 28 36 7 28 3 50 10 41 40 19 41 43 43 22 0 26 6 36 28 50 20 16 12 36 50 19 50 50 50 6 50 50 44 49 50 40 13 6 10 9 50 50 34 46 26 41 30 38 5 1 3 15 23 50 19 37 24 39 39 
2 21 40 41 49 11 50 19 12 7 20 50 21 29 15 39 35 46 50 21 30 8 30 19 50 49 40 50 37 22 17 36 15 3 22 14 15 3 13 19 50 36 18 7 21 12 6 22 37 50 24 1 46 40 18 50 28 3 17 19 26 29 50 22 0 47 11 23 21 50 24 10 10 29 2 24 50 36 48 39 2 50 21 32 50 4 39 32 10 50 34 45 15 21 27 44 35 
38 14 50 17 45 42 49 38 36 37 5 50 12 20 14 43 43 26 31 1 5 13 2 1 50 9 1 50 23 6 19 1 50 24 19 23 50 21 50 44 43 33 18 14 24 46 47 17 47 19 19 47 19 47 18 10 43 2 24 36 32 11 21 40 46 29 36 37 11 21 11 0 2 31 47 34 32 17 48 5 40 14 40 13 49 24 43 36 47 44 22 44 22 49 5 30 
13 8 2 14 50 37 8 23 27 30 50 50 13 11 31 36 33 10 33 48 33 6 45 9 50 39 28 26 0 50 37 50 50 11 2 41 39 19 0 24 7 28 44 36 23 6 50 28 50 15 2 48 28 22 42 12 2 50 37 2 50 32 36 50 33 31 35 50 35 0 50 7 17 34 6 50 20 30 29 50 5 2 5 27 18 31 48 26 34 23 15 11 26 50 29 
12 11 15 15 20 15 41 50 50 34 43 21 45 4 30 29 37 46 14 33 23 23 50 21 15 26 15 9 40 32 29 50 48 39 46 9 50 30 19 45 50 16 50 14 2 16 46 37 50 0 50 7 0 32 22 46 35 39 50 50 15 11 3 47 44 31 17 48 8 5 24 50 50 23 13 9 50 43 6 33 50 27 36 35 19 12 12 24 36 20 29 30 5 19 
2 9 26 40 19 50 40 26 49 18 34 0 13 50 50 49 31 49 50 3 22 50 33 50 50 50 50 43 50 5 47 50 50 16 38 50 1 17 11 50 42 17 17 50 50 50 20 2 50 50 37 39 45 50 50 29 27 28 16 22 11 5 50 42 37 28 3 25 47 50 43 7 50 44 25 50 30 18 35 32 50 49 24 25 50 50 20 16 39 29 10 11 47 
37 8 50 3 46 37 48 45 50 50 9 30 50 50 18 15 50 28 31 39 0 44 43 11 24 50 46 44 30 50 8 26 47 24 27 50 25 31 50 50 50 17 50 50 5 21 50 50 26 21 5 48 30 20 29 50 17 2 44 37 17 40 37 11 10 48 20 50 31 50 2 21 50 15 10 49 13 20 50 39 34 50 45 50 50 49 3 40 48 7 3 20 
6 2 14 44 1 18 12 27 48 18 12 31 0 15 4 41 36 30 8 44 40 50 50 24 42 3 50 14 24 18 50 11 38 2 12 15 24 15 50 41 50 20 34 50 50 2 16 17 30 50 23 5 0 30 35 50 11 5 48 50 34 45 1 28 25 50 50 50 50 50 34 50 50 40 50 50 34 10 50 16 50 43 36 21 12 34 23 39 30 10 14 
30 32 50 50 50 27 39 9 30 20 50 9 28 42 50 25 34 17 50 22 23 3 4 50 50 23 50 34 32 22 50 41 8 40 50 50 50 4 32 50 6 26 35 50 17 50 11 1 37 29 50 22 50 46 47 36 45 7 23 50 19 24 42 26 16 41 32 28 23 26 50 19 7 18 50 7 34 26 24 34 13 50 9 50 0 50 47 48 50 28 
22 41 50 44 38 0 6 46 4 50 33 50 50 19 50 50 25 23 50 50 40 44 50 33 15 7 50 48 14 40 34 5 50 2 23 50 23 50 38 27 37 24 50 50 1 50 50 50 50 50 31 28 17 23 17 19 50 15 21 36 1 25 34 4 17 6 50 14 10 21 17 26 50 19 4 40 50 24 44 50 26 20 50 12 50 50 47 30 13 
36 22 6 3 1 26 17 40 50 32 32 2 28 38 22 43 3 10 1 50 41 44 19 50 50 50 44 39 0 23 50 6 26 50 50 31 50 19 39 50 50 40 13 50 6 50 24 50 22 21 25 45 50 38 50 0 50 50 5 50 22 50 22 33 33 50 50 38 27 45 12 50 50 23 6 46 31 32 25 44 50 41 37 15 27 27 36 36 
33 42 9 50 50 28 50 26 33 10 44 16 18 50 50 50 47 9 50 50 15 50 23 19 24 39 50 15 46 27 36 12 50 45 50 50 40 8 25 15 40 50 16 50 50 46 6 23 50 50 32 33 17 25 50 32 13 10 7 50 23 38 46 49 50 50 42 38 33 4 4 0 2 1 8 50 25 16 31 23 2 26 44 7 27 50 31 
24 30 18 12 36 10 50 15 50 41 50 50 40 50 50 35 33 50 43 50 7 41 42 50 25 4 25 36 4 30 32 15 50 50 13 25 38 18 5 42 19 46 44 2 30 22 50 44 50 45 17 16 50 7 8 42 0 40 15 4 36 0 6 10 21 0 15 21 50 50 30 37 46 42 4 8 17 38 50 11 15 39 5 40 41 50 
12 50 4 50 42 50 32 50 21 31 0 50 0 27 50 22 50 12 50 39 49 20 31 45 3 43 50 50 50 50 20 50 5 44 15 17 29 19 50 14 50 29 20 10 50 50 28 11 10 5 15 25 37 50 29 8 47 21 49 50 3 50 1 50 22 39 46 26 50 50 26 29 13 20 7 34 12 21 32 32 49 8 15 46 23 
29 2 50 50 25 50 50 6 50 27 43 14 50 50 50 15 32 28 50 2 13 11 50 48 3 20 22 50 12 9 30 33 50 39 3 50 16 40 48 50 50 27 34 43 50 12 50 33 14 15 50 43 50 50 50 38 29 42 0 50 6 50 30 25 45 36 30 11 33 38 21 50 50 50 46 50 0 36 1 33 50 46 50 28 
6 32 50 28 16 50 10 33 7 37 42 44 0 39 50 50 20 25 50 29 50 5 17 44 50 16 50 1 21 24 37 40 50 35 50 13 18 22 50 25 44 50 50 27 50 32 27 41 18 6 50 40 34 46 50 14 33 50 50 50 28 21 29 26 36 6 25 50 10 50 13 30 50 36 50 50 43 45 14 50 16 50 50 
50 5 46 36 49 25 50 37 46 39 39 33 38 35 50 25 8 8 50 50 50 50 31 42 41 39 39 50 12 3 14 50 42 50 7 10 48 50 15 4 32 0 45 11 50 7 50 11 50 5 13 28 50 29 50 34 24 49 19 34 18 50 31 50 50 25 50 9 9 22 50 15 39 48 14 14 50 28 50 29 50 50 
50 50 42 50 49 45 15 50 15 20 13 4 17 22 14 25 50 11 6 23 31 47 33 34 37 50 50 34 48 30 25 14 27 50 39 38 50 50 50 50 41 8 5 50 50 10 50 27 50 45 50 50 12 50 18 49 50 20 48 16 5 37 34 7 50 50 50 25 9 14 50 15 8 11 8 31 41 16 50 50 50 
3 23 50 5 12 39 6 45 7 23 49 21 27 4 48 50 24 50 13 50 49 42 43 48 50 50 20 36 23 50 29 30 50 25 24 18 14 50 34 50 35 50 50 2 9 50 10 50 12 50 29 37 50 50 6 50 31 1 38 12 11 12 46 49 26 5 3 50 42 26 42 46 49 50 24 11 37 1 17 39 
50 11 44 50 50 34 20 14 50 13 50 28 43 38 11 50 2 50 42 6 37 0 43 50 20 50 3 17 24 50 17 10 0 6 47 8 37 46 41 37 11 50 50 44 29 50 42 24 50 50 27 38 21 50 50 2 50 0 27 44 50 24 50 26 19 49 50 45 5 12 17 25 14 14 20 50 27 5 46 
39 32 10 15 33 9 50 6 13 7 34 1 47 5 27 11 8 43 49 26 46 50 28 13 6 50 50 1 10 10 14 20 50 50 3 39 7 50 7 50 37 38 43 50 16 0 22 4 24 8 32 50 7 14 50 50 2 43 44 48 17 50 50 50 2 15 37 50 50 9 17 24 11 40 50 50 50 50 
43 22 49 0 50 50 8 7 38 13 39 50 3 50 23 50 29 50 45 50 50 50 39 37 39 41 50 24 50 25 26 17 10 50 50 50 43 40 42 50 15 50 35 25 50 50 46 50 49 14 28 13 33 4 50 43 50 4 43 50 50 27 7 17 0 11 37 50 42 50 38 50 41 44 16 7 20 
31 0 24 24 50 13 50 50 14 24 5 50 42 11 0 17 36 48 50 16 50 48 50 48 41 40 50 50 22 50 50 25 11 4 11 48 2 35 50 50 7 10 11 50 50 5 45 30 37 50 9 45 50 23 9 23 50 6 44 50 40 23 1 35 38 13 50 1 35 50 15 45 4 20 49 20 
32 50 50 50 50 43 48 34 37 48 23 43 44 24 28 48 21 50 50 23 10 15 21 40 21 18 50 7 35 50 50 26 50 10 48 19 40 21 24 4 39 14 10 46 47 19 31 50 12 35 35 50 36 1 21 50 50 1 43 50 9 10 50 40 50 50 18 16 48 5 50 50 45 40 18 
42 30 29 50 9 50 39 25 17 29 34 50 50 20 48 35 2 20 46 47 30 48 50 40 50 50 29 49 17 50 50 50 6 3 33 45 50 10 48 50 50 40 3 41 50 50 19 39 30 26 7 47 41 20 16 46 4 41 42 26 50 39 26 50 6 50 50 43 50 50 17 38 24 21 
50 2 30 6 24 30 13 50 2 44 50 20 41 5 50 26 50 6 38 22 40 40 50 46 50 50 50 24 30 31 50 50 8 8 3 24 43 15 0 26 25 18 34 16 46 50 43 50 23 26 35 37 34 19 38 43 48 39 50 50 50 8 40 50 12 2 17 20 50 43 50 8 8 
39 12 50 33 33 50 22 34 3 8 39 22 48 50 24 14 50 28 50 25 50 50 5 26 30 50 34 50 17 38 22 17 49 7 12 50 33 35 8 1 50 41 46 50 50 12 50 50 47 50 43 22 50 46 43 45 50 41 50 28 6 50 50 9 40 50 24 1 44 50 50 9 
3 50 34 11 25 26 45 29 31 50 50 50 15 34 50 22 38 18 29 23 42 24 46 41 40 19 42 39 37 13 14 4 40 1 24 13 0 30 22 45 39 9 15 37 9 50 28 50 19 50 47 35 39 35 50 50 36 16 50 41 9 49 50 20 50 50 17 50 44 27 39 
50 50 25 19 49 25 31 36 24 15 14 47 9 35 19 50 50 26 23 0 32 50 50 50 39 49 39 11 43 10 2 24 50 9 26 47 50 50 50 10 43 50 40 32 18 5 3 47 40 41 50 26 50 37 38 35 18 49 31 30 50 6 50 47 50 50 43 45 50 35 
48 10 17 50 22 50 32 26 11 50 48 44 17 50 21 50 30 12 41 15 50 50 8 50 23 24 38 13 50 29 26 4 8 50 8 30 26 11 34 37 18 35 35 1 23 37 16 17 50 12 14 24 33 20 43 12 22 17 4 11 44 29 50 49 50 38 50 4 43 
7 15 33 50 12 50 50 22 13 50 0 48 44 50 50 49 43 3 1 50 43 50 25 20 1 43 27 27 8 50 50 8 7 4 47 42 20 20 10 24 40 2 2 22 7 2 45 50 50 50 15 9 29 39 50 29 19 39 4 30 28 45 29 50 49 10 11 41 
38 50 21 12 50 9 35 32 38 40 11 4 25 50 50 50 27 50 32 50 50 11 50 18 7 16 28 25 42 50 25 18 50 50 32 50 17 36 18 25 50 31 41 6 25 1 47 20 50 14 49 50 39 50 10 21 50 34 11 27 2 47 50 50 50 11 38 
49 50 50 21 50 50 50 46 45 41 0 1 50 39 50 50 0 50 50 32 50 9 50 20 38 50 50 7 20 50 40 50 7 34 15 7 40 14 11 11 6 10 48 50 40 50 50 36 9 12 25 45 23 28 45 37 50 46 3 36 45 50 50 45 20 12 
42 30 50 50 11 3 5 50 10 50 3 50 42 38 45 50 27 4 13 47 5 21 19 21 24 47 50 50 30 50 32 30 50 44 33 22 24 50 50 10 27 34 15 50 4 0 50 12 4 50 27 3 21 50 44 1 3 50 50 27 50 18 50 37 50 
28 46 24 23 20 11 6 50 50 15 32 35 14 21 50 17 50 29 47 50 22 33 36 50 1 49 12 20 36 42 50 16 50 50 50 25 48 50 1 50 28 13 25 24 28 41 13 35 9 50 16 45 14 18 16 47 45 32 5 50 50 8 20 38 
16 11 5 10 0 33 31 33 5 50 15 32 6 49 50 0 25 44 50 26 50 50 6 34 14 24 50 50 0 31 45 31 50 0 50 50 50 50 50 4 27 23 6 33 32 40 40 32 10 50 37 47 31 39 8 33 50 5 49 50 50 50 18 
3 37 5 1 0 2 50 2 9 50 50 4 50 7 1 50 29 13 22 50 1 32 50 20 11 50 15 2 23 25 50 46 45 31 1 13 11 19 50 29 30 50 32 50 4 14 29 16 7 30 50 26 8 50 33 13 50 26 50 50 17 50 
50 2 50 50 3 50 30 45 50 50 0 46 12 12 10 18 50 50 17 19 50 47 50 8 9 50 19 25 50 19 31 17 50 13 0 50 50 50 13 36 13 50 35 45 50 27 5 22 50 47 50 50 9 4 24 50 49 46 37 50 9 
5 16 7 40 31 40 50 16 50 50 7 37 50 50 34 17 50 1 0 50 42 39 48 39 50 16 45 50 48 38 50 47 7 32 38 40 46 33 33 6 25 16 23 34 34 50 46 34 11 49 18 32 18 30 1 48 41 35 50 43 
50 9 30 19 33 50 37 45 24 2 46 38 11 20 47 44 46 33 44 9 49 42 50 8 50 49 13 4 40 36 50 12 14 26 50 50 30 50 7 50 50 9 50 50 50 50 7 50 46 5 50 43 50 34 47 48 26 44 48 
9 50 50 45 17 16 10 19 25 35 7 41 50 29 36 15 36 25 13 1 50 8 10 9 49 8 0 35 7 20 50 14 49 44 46 20 50 42 5 30 35 27 43 40 37 3 28 48 17 50 17 0 44 50 18 45 2 50 
1 36 12 26 15 21 26 50 50 8 14 8 21 5 50 21 50 6 0 50 41 33 50 34 46 42 50 1 40 7 50 41 43 50 34 38 28 50 0 23 33 26 50 40 24 32 41 50 28 50 5 38 15 39 8 45 50 
14 32 35 35 22 42 18 50 41 45 18 50 44 50 50 39 50 39 39 50 2 27 14 50 50 33 24 50 50 12 50 4 13 9 34 14 35 19 20 50 50 35 40 0 50 29 3 50 3 50 50 28 50 50 11 28 
38 50 39 50 50 22 42 43 43 16 49 50 35 50 17 50 43 50 31 40 11 50 50 30 42 6 50 45 10 1 36 35 7 11 50 46 50 25 31 25 6 34 0 18 50 23 50 50 45 20 42 25 50 4 50 
50 50 45 21 17 38 50 15 50 17 32 19 50 33 46 35 0 21 39 4 0 1 48 50 49 3 27 50 50 50 31 41 46 50 50 50 43 41 34 27 50 50 50 18 25 1 45 27 31 10 32 34 50 50 
25 9 8 8 3 44 12 6 47 26 41 36 20 4 15 12 41 29 46 50 8 44 25 47 50 21 0 11 37 8 50 5 39 50 32 45 35 45 14 42 50 47 50 21 14 38 49 45 15 17 26 38 50 
42 50 13 30 6 45 49 25 7 50 27 50 37 0 28 50 12 4 15 50 50 8 10 37 37 50 1 19 16 9 33 50 11 50 31 36 27 50 50 14 33 43 25 49 50 13 49 50 35 50 26 18 
6 21 2 21 5 1 35 50 30 50 34 42 50 8 5 42 50 50 12 24 14 45 24 50 18 2 50 11 5 43 31 31 46 50 6 50 3 0 50 30 50 45 50 50 18 28 44 50 46 6 49 
50 40 25 4 33 27 1 13 50 50 50 22 28 50 2 50 50 12 5 50 6 22 50 50 48 29 11 25 0 35 50 33 37 50 50 19 50 16 22 40 46 50 18 50 28 38 46 29 43 11 
50 12 50 40 50 11 50 46 50 46 25 35 45 50 16 11 17 50 24 50 30 17 20 48 44 45 50 41 50 50 26 15 25 7 50 19 9 36 50 32 24 43 8 50 5 46 50 50 41 
40 4 35 15 47 34 50 50 48 50 14 50 15 39 7 50 50 18 6 36 14 50 40 50 45 6 50 29 49 18 4 38 50 35 50 50 12 2 50 50 35 24 6 3 2 39 48 50 
38 11 31 50 26 50 20 44 50 50 35 44 11 50 36 12 41 11 50 32 50 38 20 31 50 50 8 36 17 18 50 50 50 38 3 5 50 19 5 50 9 12 36 50 50 46 50 
34 26 0 13 50 23 0 39 8 11 0 49 30 8 30 39 22 50 27 50 50 40 50 19 50 9 50 38 35 50 50 38 50 50 11 32 10 50 50 50 50 12 28 26 50 37 
3 3 1 50 20 35 16 50 41 50 50 23 18 39 33 21 22 50 45 50 5 50 18 50 11 50 24 41 12 50 50 28 27 31 50 19 13 34 42 14 50 50 44 5 2 
45 23 1 42 33 49 37 29 12 47 23 22 42 5 50 25 25 50 38 32 8 45 42 50 50 50 48 50 5 50 50 3 44 50 30 50 12 30 39 18 21 12 50 16 
50 29 50 8 40 4 50 50 23 16 27 50 33 6 50 15 13 4 50 3 18 19 50 50 50 30 50 36 50 50 43 17 18 31 17 50 50 50 50 50 42 50 50 
36 47 50 27 34 28 33 25 33 50 39 37 50 50 50 45 3 50 50 14 20 28 50 3 19 9 5 2 35 28 1 35 47 42 24 0 37 32 38 50 30 17 
50 50 11 14 11 2 32 19 9 16 36 46 20 35 11 39 15 8 1 11 44 48 33 50 27 50 49 47 4 50 29 50 22 14 29 3 50 32 38 35 50 
9 50 16 31 43 19 5 6 14 11 32 32 17 26 37 49 29 25 40 22 50 50 50 24 32 50 50 21 49 50 12 16 25 50 50 9 46 1 29 10 
50 50 23 25 15 50 43 18 50 46 50 50 50 8 37 5 15 38 25 4 12 46 43 41 20 10 25 32 32 20 50 13 50 15 28 3 48 40 50 
50 26 50 18 25 6 24 21 11 21 44 50 0 36 50 31 2 43 16 28 34 49 8 50 15 34 16 50 11 15 50 5 18 49 50 19 5 5 
48 50 19 8 45 50 35 3 10 50 50 50 30 22 50 27 2 1 38 36 41 8 38 50 11 13 50 25 24 44 11 7 50 1 1 43 8 
19 50 24 35 50 31 45 17 16 36 39 11 50 50 36 44 35 5 43 50 50 11 28 37 50 0 29 43 10 42 15 50 27 50 9 26 
20 13 39 14 50 50 24 45 50 25 24 33 31 50 50 37 9 28 46 22 4 26 10 14 50 22 50 50 34 1 48 43 50 50 42 
45 8 50 50 12 50 26 13 6 29 46 15 18 28 11 25 8 31 15 26 2 45 41 50 50 32 44 50 38 39 11 20 24 50 
33 50 32 27 48 14 50 46 5 13 50 32 50 22 41 50 48 50 50 50 10 46 30 50 8 9 1 28 0 30 3 49 25 
50 50 12 49 44 3 50 50 28 44 30 38 34 49 50 2 9 50 38 2 50 44 37 50 30 16 21 16 50 34 11 41 
7 14 50 50 36 50 44 11 18 36 27 1 50 14 50 4 21 50 37 36 11 50 24 11 43 1 3 50 16 32 23 
11 41 12 28 32 6 50 31 50 7 38 49 32 50 32 34 38 38 50 50 40 27 17 50 50 13 26 16 50 45 
29 50 2 25 50 50 50 50 50 30 15 10 14 1 50 41 28 11 48 15 10 29 46 49 50 17 21 1 31 
13 23 41 50 5 0 30 24 39 36 45 37 25 40 0 50 50 50 50 23 50 50 9 42 5 23 50 29 
22 35 5 24 29 31 25 50 41 18 31 48 50 50 41 25 34 50 40 50 50 50 50 3 31 50 45 
28 6 50 50 28 50 11 50 34 50 24 38 9 50 43 47 9 29 25 11 50 8 13 50 7 43 
45 30 14 50 29 50 15 36 32 50 45 50 50 27 16 50 16 17 13 50 50 50 50 1 50 
50 33 23 29 50 6 50 50 5 50 50 49 0 50 39 32 1 35 32 3 25 14 3 5 
50 22 27 37 32 10 0 12 39 50 23 43 10 32 50 48 5 37 4 50 50 25 50 
17 50 50 50 20 33 15 37 50 13 33 50 14 50 4 27 26 50 50 6 50 37 
30 50 33 50 6 22 43 8 50 21 47 3 37 39 3 50 12 50 17 35 50 
50 48 40 9 20 17 50 25 50 50 3 45 50 50 10 11 12 33 50 50 
18 12 47 37 50 6 50 31 7 50 50 50 29 43 17 18 24 40 3 
50 50 23 26 50 47 1 19 18 50 17 0 50 14 50 50 23 50 
41 44 11 0 3 34 25 37 37 44 50 1 50 50 11 9 39 
25 14 9 3 18 9 21 36 50 7 46 36 18 50 50 50 
50 35 24 12 32 44 9 18 50 50 15 28 14 21 26 
47 47 49 50 50 21 5 44 50 24 43 50 50 41 
12 43 10 50 10 41 15 33 50 14 22 50 27 
50 50 0 42 1 18 19 4 0 44 39 38 
50 20 41 35 50 50 21 7 50 24 2 
50 46 1 50 32 3 23 15 50 12 
50 41 50 32 41 12 44 17 46 
40 10 4 13 5 45 6 14 
17 4 24 9 4 20 3 
50 50 50 50 48 47 
35 11 21 50 12 
50 22 50 0 
4 1 42 
41 13 
50 

