200 50
11 35 50 6 33 25 18 17 33 50 19 22 33 35 7 39 14 33 32 26 31 7 2 5 20 7 13 50 45 15 27 41 1 50 12 24 2 1 10 21 50 3 22 29 38 11 20 9 10 14 14 24 50 50 9 46 44 50 14 30 50 3 47 15 37 27 37 26 5 46 28 31 47 17 44 31 1 20 0 17 20 28 1 38 34 22 23 31 46 50 20 26 50 3 26 3 50 39 34 11 26 1 42 1 43 49 26 16 42 35 30 18 36 18 32 26 16 22 43 15 50 12 11 26 23 33 19 13 23 39 10 25 22 13 0 45 21 42 35 48 13 39 25 5 43 18 12 31 13 2 25 25 26 22 46 50 19 25 43 11 50 44 50 36 50 35 50 40 4 8 50 49 30 45 7 12 0 45 6 47 31 9 38 46 13 46 19 35 8 41 43 27 48 50 50 40 11 36 48 
46 29 42 11 45 43 25 1 38 47 39 7 1 17 24 16 43 50 39 5 22 50 50 15 50 5 31 8 50 20 38 38 50 38 46 27 29 17 45 31 40 32 8 29 25 8 24 48 40 27 14 32 38 7 7 50 31 25 15 25 29 7 47 50 50 22 5 43 50 22 5 14 50 43 46 17 37 26 22 50 46 50 48 48 35 14 24 27 7 50 24 39 49 39 28 50 50 11 46 33 39 50 11 40 15 36 14 11 32 21 50 4 29 31 50 7 31 19 41 5 13 16 37 33 8 50 50 4 1 0 0 7 27 22 20 29 42 36 47 50 10 50 44 24 18 38 19 35 13 4 25 27 48 26 41 25 1 47 47 34 11 34 30 21 45 35 27 25 13 45 30 15 6 0 39 36 12 40 23 24 50 50 50 47 22 50 36 6 30 2 19 35 4 41 37 22 1 34 
5 45 48 20 34 50 50 50 49 6 33 28 50 35 0 13 30 36 35 26 6 26 6 24 50 30 1 47 36 22 27 7 41 29 40 19 50 18 45 36 41 31 13 11 2 16 43 41 40 34 50 19 6 12 33 18 46 7 40 7 23 18 28 50 47 50 47 28 48 24 50 15 50 15 33 39 2 14 34 28 17 32 41 36 49 24 31 41 2 18 43 33 1 42 34 13 34 16 15 41 41 50 1 31 5 37 2 20 8 3 2 50 37 9 44 47 40 49 49 7 10 32 28 46 21 41 37 5 37 12 50 7 15 19 3 50 1 40 25 11 50 40 3 35 49 38 27 40 47 9 27 36 22 50 36 21 17 7 12 19 42 33 12 32 45 50 36 47 18 46 47 30 50 46 38 25 32 50 0 38 50 6 12 21 1 37 1 49 28 31 47 0 5 18 19 25 28 
40 46 40 28 37 8 32 37 28 16 33 31 3 22 10 38 44 50 22 20 23 14 22 27 44 27 30 9 41 46 39 44 13 19 20 42 11 50 36 35 50 50 50 39 22 7 27 24 48 50 29 18 50 26 42 9 34 47 40 34 16 50 50 12 36 0 17 36 7 50 9 50 12 19 15 29 36 6 42 1 50 29 8 25 8 14 3 38 32 41 13 22 44 44 50 50 15 44 41 32 30 33 31 31 24 48 27 11 24 40 13 3 15 38 33 13 23 14 50 37 50 31 9 50 5 48 4 50 26 50 13 43 10 24 32 38 7 50 49 6 10 16 13 29 29 46 14 47 17 38 10 45 30 50 41 32 45 4 34 35 45 14 21 33 9 22 50 40 29 32 29 50 21 29 42 37 10 50 40 46 50 50 11 48 11 18 28 23 8 30 45 44 38 23 50 21 
34 17 50 41 4 11 46 50 46 9 2 34 8 32 42 7 11 14 8 6 17 10 36 38 45 30 43 28 3 44 38 39 16 14 2 5 0 36 21 31 26 6 9 50 48 44 9 15 38 12 15 32 37 27 25 42 32 50 19 0 50 41 18 33 50 39 18 7 9 13 6 17 12 50 50 28 16 9 10 20 19 30 41 46 22 41 21 42 1 34 27 7 2 5 50 20 3 50 5 50 42 23 47 50 1 19 21 0 20 19 31 24 47 4 2 26 36 29 24 34 33 8 18 7 26 10 28 23 43 50 11 42 19 5 12 34 50 32 13 29 50 33 37 0 31 44 23 41 16 29 49 1 20 48 3 33 12 49 50 34 18 38 6 4 14 38 18 22 9 41 47 5 36 27 38 18 22 10 20 50 50 32 8 18 37 42 44 23 27 26 18 15 27 41 5 
35 37 48 31 50 35 22 8 50 0 43 9 27 50 50 46 7 49 50 11 16 29 14 41 33 12 23 6 12 0 17 50 23 37 15 25 7 50 19 11 36 8 5 50 32 26 18 35 7 49 35 14 21 37 30 0 10 46 7 42 41 5 35 15 7 45 28 16 34 46 21 1 50 30 19 50 36 11 6 50 42 40 3 29 29 40 40 5 13 21 31 27 10 8 16 4 4 50 11 16 34 50 47 35 16 11 13 30 50 7 37 41 0 37 31 12 27 37 46 16 28 32 50 40 43 35 46 28 15 27 44 6 0 21 22 47 12 30 50 5 43 33 43 20 25 42 27 50 42 50 50 50 9 49 22 24 9 29 47 50 17 45 43 8 50 7 33 26 50 29 15 24 40 15 41 14 25 24 26 41 50 34 8 41 8 37 17 27 13 32 33 35 9 50 
21 50 42 1 5 48 24 14 50 24 48 43 50 43 32 24 46 46 6 36 4 49 50 16 43 34 8 6 50 33 16 29 12 0 47 35 12 50 47 5 38 32 32 18 26 26 40 11 41 20 48 50 44 19 50 13 10 8 50 1 4 50 5 13 3 45 20 6 13 5 20 45 50 27 50 40 7 15 50 37 18 22 22 36 28 11 24 6 7 29 22 42 26 29 27 33 3 11 39 50 34 3 45 25 8 38 19 20 42 34 9 47 2 16 24 35 17 3 3 49 28 31 50 48 13 3 17 13 10 39 10 41 47 41 2 2 19 2 7 21 6 50 19 24 12 17 31 10 38 32 37 50 47 1 27 47 23 50 48 5 1 27 24 18 44 1 35 25 26 29 19 12 49 45 9 10 26 31 17 20 38 11 3 15 7 28 13 10 22 25 20 28 7 
15 21 50 48 11 44 49 4 12 2 38 20 10 1 21 11 50 21 27 28 50 26 35 12 45 34 44 31 49 42 37 19 1 35 43 43 40 48 22 25 20 50 10 32 44 8 42 50 28 16 10 30 2 45 15 5 2 9 21 42 36 43 7 46 49 50 3 2 6 12 30 50 42 50 13 48 44 35 36 50 19 2 16 3 9 39 19 19 35 1 12 3 30 36 41 48 50 48 8 44 0 17 4 19 17 20 20 50 9 50 35 36 12 17 50 22 33 49 14 4 22 41 49 30 28 34 27 25 32 4 50 18 12 28 0 38 37 12 23 9 26 25 50 47 42 32 24 11 30 14 1 40 3 16 27 15 19 20 33 15 43 46 12 21 27 7 50 3 24 45 19 18 50 21 17 9 20 1 7 37 18 49 6 47 9 31 5 0 27 50 33 19 
41 50 38 25 37 32 36 31 22 41 45 13 5 15 44 1 7 20 17 50 2 47 31 4 28 8 9 32 44 46 14 38 9 18 24 37 4 25 50 14 18 7 48 21 1 0 14 24 42 22 21 50 50 40 50 50 8 43 18 15 38 6 0 10 20 45 22 0 9 43 30 21 10 11 3 20 43 14 30 3 45 7 24 50 36 0 35 24 17 14 29 39 10 38 6 48 10 47 36 46 8 22 46 50 30 36 49 27 40 18 2 42 5 50 0 1 30 4 32 50 18 27 30 29 24 23 3 6 4 48 50 36 14 25 7 29 42 22 49 31 10 6 50 0 2 26 6 13 21 8 25 25 33 8 39 50 22 50 0 12 25 23 37 0 43 26 36 50 44 29 11 6 1 13 28 13 41 9 14 15 24 4 42 22 5 28 21 13 25 50 5 
49 43 9 16 43 29 19 13 36 38 32 23 50 21 26 26 9 30 31 34 47 15 39 30 44 24 35 28 47 28 24 50 50 32 32 35 50 50 39 1 38 30 26 26 11 22 40 25 1 48 27 0 26 31 24 16 24 9 11 14 38 50 5 46 22 22 7 50 50 13 24 33 37 40 10 50 28 44 12 49 33 50 50 2 20 48 0 45 4 6 48 1 15 18 14 46 50 19 19 32 1 40 46 38 2 49 50 11 50 13 23 35 48 12 39 50 20 40 19 37 28 50 44 44 2 9 19 13 10 28 12 11 32 13 19 42 14 31 29 46 11 11 27 5 19 45 36 42 24 44 44 1 27 26 43 8 50 19 48 26 27 33 19 20 50 34 23 17 40 32 41 43 28 35 42 44 13 32 50 4 28 14 7 33 43 44 5 19 33 4 
30 37 21 7 35 34 50 19 9 14 49 6 1 16 19 50 34 5 24 50 4 47 6 15 13 36 0 9 50 44 18 12 50 49 41 31 50 42 29 36 43 50 17 27 13 42 3 12 7 33 28 3 10 21 50 33 50 14 44 23 1 48 34 17 21 30 19 33 4 36 38 23 5 50 38 45 45 41 6 35 32 10 50 27 15 2 4 44 27 22 11 22 37 50 50 45 15 34 50 39 49 32 41 11 50 16 13 31 5 31 40 25 34 35 31 13 4 41 6 50 50 42 49 12 9 34 38 41 44 26 42 42 5 10 48 10 17 31 44 24 11 3 36 25 37 43 22 27 31 22 20 9 44 22 40 32 14 19 45 20 33 2 15 50 11 46 3 12 41 29 18 50 3 50 50 32 1 19 50 50 7 49 38 21 29 9 29 50 0 
22 43 14 50 42 8 43 4 7 9 39 27 46 14 36 41 22 50 1 47 17 50 22 5 47 42 31 30 23 40 39 10 1 10 13 10 2 8 21 50 28 50 8 8 35 3 24 50 49 18 44 8 45 29 50 28 34 28 36 24 11 50 9 24 50 33 5 29 50 24 50 39 48 22 48 50 0 5 4 1 13 37 11 26 31 24 27 50 40 50 24 29 23 6 47 42 48 29 8 26 25 44 9 50 29 26 0 50 50 43 25 2 9 2 5 14 48 23 45 32 31 42 35 35 40 45 32 27 20 24 49 47 22 7 48 5 20 3 39 15 46 34 4 19 44 4 26 49 19 28 50 37 10 48 19 50 26 36 50 49 3 31 45 39 35 42 31 7 46 1 22 50 0 21 50 50 47 6 11 22 50 24 0 7 33 13 50 19 
35 3 50 46 24 40 19 23 50 48 8 38 7 1 41 50 48 15 11 33 9 28 13 5 50 40 49 17 47 49 29 39 41 26 28 12 31 34 48 20 17 30 34 15 16 39 15 14 5 8 50 32 1 31 27 47 0 34 36 26 50 9 44 50 6 15 10 45 7 9 1 50 48 14 50 27 50 37 0 24 7 36 33 40 44 36 42 29 9 37 26 29 11 15 46 0 12 28 40 7 3 49 8 33 46 23 25 4 7 32 29 16 6 34 18 43 18 24 19 50 31 50 31 30 34 42 19 46 5 26 50 12 47 26 50 20 22 8 50 13 29 29 32 12 29 8 10 35 43 17 31 9 50 50 24 26 6 31 5 44 6 31 8 50 50 33 24 50 45 19 4 50 12 11 41 50 29 38 33 17 50 43 39 3 50 25 21 
22 2 50 50 34 48 12 50 49 46 16 22 50 45 48 7 50 36 12 50 32 15 23 30 44 20 1 47 3 9 24 2 7 45 9 5 3 39 50 16 15 35 32 36 2 19 7 48 7 24 15 4 16 42 50 17 26 19 1 32 31 2 20 39 15 16 3 21 49 42 26 40 8 23 16 2 50 42 45 48 28 9 50 33 0 36 38 17 18 3 50 50 10 39 34 10 50 29 12 3 28 15 18 32 50 22 9 33 37 42 26 5 12 9 6 1 4 50 50 47 50 49 21 4 26 12 44 49 10 23 33 15 15 30 50 38 7 11 22 41 25 7 50 48 3 50 38 50 47 15 37 41 24 50 43 38 17 47 42 26 12 31 18 48 50 1 40 18 38 37 28 21 27 48 23 6 31 21 21 50 34 41 1 45 29 49 
50 42 50 0 50 38 9 39 19 33 15 42 6 39 3 3 17 50 36 23 9 18 1 35 50 42 17 30 42 10 6 0 18 50 47 26 32 6 37 17 43 41 49 8 41 24 14 28 32 50 27 48 21 11 41 2 22 35 6 5 23 5 4 16 31 50 49 26 46 41 50 38 50 8 22 40 21 16 12 48 50 40 5 18 6 11 50 43 50 3 25 50 3 47 43 33 0 24 16 2 5 19 47 44 3 40 6 12 19 49 6 6 44 14 35 38 21 37 31 23 6 30 44 29 5 23 37 46 16 27 50 1 3 38 32 50 8 22 8 35 4 50 39 46 20 33 43 8 8 41 24 14 14 50 14 10 47 10 31 45 49 8 21 5 22 36 20 48 24 5 50 7 18 23 12 35 35 48 50 40 50 8 15 23 6 
25 43 35 50 25 34 34 1 42 24 49 13 30 40 46 37 19 12 28 50 13 19 39 0 38 50 2 22 17 24 0 24 9 23 12 47 7 27 47 10 13 48 13 12 47 4 16 35 4 50 47 25 2 8 39 13 5 4 26 46 19 9 4 43 4 13 40 42 21 9 28 8 15 50 4 50 38 16 14 50 32 18 9 37 50 38 35 24 34 11 14 7 19 0 50 47 42 5 13 21 50 8 46 31 50 11 41 10 26 29 46 30 49 49 0 13 39 14 31 23 22 38 5 19 4 49 33 13 5 4 50 28 33 35 28 35 50 4 17 1 26 25 46 6 12 36 4 50 19 50 12 12 11 21 38 26 34 47 33 20 16 41 49 50 20 2 50 7 39 0 13 10 20 4 39 24 5 6 46 16 10 28 26 38 
26 44 12 20 50 38 50 48 43 14 24 20 37 13 33 7 7 6 12 49 48 18 27 27 19 42 28 9 49 20 35 8 50 26 24 28 34 35 45 50 27 50 49 50 28 9 21 33 2 4 38 34 31 10 50 50 50 29 3 34 7 31 50 50 11 17 11 50 19 43 3 22 41 30 37 43 20 17 4 26 34 5 21 45 49 33 21 38 35 32 46 0 40 47 32 50 35 25 32 32 5 18 49 15 41 14 42 16 0 33 16 15 23 50 32 50 49 50 41 20 50 44 49 12 44 49 32 29 45 50 36 31 50 46 24 0 50 1 23 13 14 27 15 40 17 50 30 31 14 36 50 41 9 16 50 34 32 25 21 38 34 42 43 2 18 45 5 27 5 3 3 22 9 33 47 1 27 10 25 35 50 50 21 
14 44 8 50 36 46 6 24 2 41 23 36 31 46 50 8 3 49 24 2 9 50 50 50 8 8 9 50 14 4 5 8 50 45 3 50 21 26 9 15 7 29 1 20 15 47 50 18 50 3 23 27 12 7 50 5 28 1 15 50 6 25 48 15 50 10 25 6 22 14 50 31 39 39 39 6 2 14 47 21 50 24 7 50 41 16 17 29 39 5 31 31 15 35 42 10 45 50 45 44 29 33 20 25 2 26 23 35 50 37 37 36 24 9 34 12 35 15 50 18 13 5 38 2 16 6 50 25 46 50 22 21 15 50 21 13 16 42 30 50 14 50 20 23 36 24 9 47 26 6 20 20 12 34 40 50 34 12 49 10 32 46 9 42 7 35 9 19 3 1 13 3 50 4 42 33 20 15 19 35 6 17 
36 0 12 17 41 36 39 13 13 4 50 4 11 38 43 0 17 35 16 50 0 16 30 50 6 10 34 24 8 30 50 5 49 48 50 8 38 4 8 6 42 48 50 49 48 0 48 17 41 3 29 13 40 50 21 3 11 50 50 33 34 24 5 14 28 11 50 40 33 44 20 10 50 36 16 50 50 2 42 45 33 35 12 10 39 19 27 50 10 21 50 25 34 24 8 45 28 21 10 4 49 11 50 13 29 50 42 49 6 38 21 18 18 50 3 43 50 38 34 20 35 3 50 45 3 27 18 20 34 22 33 22 41 50 26 41 14 50 39 50 39 50 46 24 11 2 3 20 8 5 32 50 3 50 50 35 18 1 41 5 15 10 4 22 10 40 10 20 40 18 33 27 38 8 17 8 31 3 5 13 48 
4 11 3 43 50 14 9 30 21 45 26 22 6 50 42 19 19 0 37 3 48 50 50 16 2 41 35 36 4 34 0 4 7 20 11 18 0 23 10 50 31 10 44 23 45 9 47 31 30 27 9 24 3 48 39 23 12 35 10 45 1 50 43 43 47 30 41 19 31 3 37 30 50 24 49 20 19 25 4 5 14 48 34 50 46 11 25 41 50 50 8 35 1 50 11 24 15 40 29 12 34 50 15 16 46 50 50 3 24 3 50 6 50 25 47 23 7 4 12 30 50 47 8 40 50 10 15 8 19 32 46 14 16 50 50 38 40 41 37 48 14 9 45 2 50 27 26 18 19 42 29 16 44 34 42 45 0 50 12 37 38 22 26 7 24 14 33 5 12 15 4 30 18 50 38 50 34 3 6 50 
43 4 41 22 50 45 22 44 50 36 39 4 29 14 26 9 38 18 16 48 26 17 26 50 9 14 26 3 50 33 31 0 40 39 48 33 50 50 13 13 4 7 38 29 37 17 15 50 9 5 44 11 16 50 14 46 38 43 25 50 47 38 4 27 49 50 27 1 24 11 38 15 22 0 9 2 45 39 25 33 1 41 42 0 47 27 50 44 33 41 40 12 47 10 2 1 0 5 0 50 50 24 14 26 40 47 50 21 22 28 38 50 10 6 9 8 19 24 29 21 49 50 24 9 26 45 21 29 13 10 25 16 45 25 34 19 48 0 24 38 35 13 27 45 29 49 7 17 40 31 9 24 50 34 41 18 14 21 41 50 48 30 30 39 23 43 1 42 20 12 26 13 32 50 50 50 5 36 16 
23 28 40 20 39 7 12 43 5 47 7 50 36 42 4 26 1 50 41 16 30 20 15 8 22 25 45 11 36 8 25 8 50 12 50 50 47 13 23 30 32 14 50 25 28 26 10 3 12 2 15 46 22 49 29 2 28 50 27 43 1 19 8 20 33 1 21 24 25 32 11 50 12 19 25 45 23 28 26 41 23 34 28 3 50 45 13 25 50 50 0 19 46 34 41 44 34 4 5 48 15 13 50 17 34 39 25 2 42 8 32 49 9 10 44 18 10 41 50 33 42 13 1 39 11 8 49 21 13 49 28 31 49 8 20 37 50 42 37 13 32 44 27 24 25 8 28 5 6 17 28 33 5 27 2 11 50 30 42 31 32 32 33 50 30 50 13 49 4 12 35 49 20 13 38 16 42 14 
32 18 36 8 39 19 37 37 15 25 44 6 25 38 23 33 50 37 48 50 20 36 50 29 47 37 2 36 28 50 3 50 13 14 33 3 15 11 32 14 43 14 43 50 35 46 38 20 50 28 46 19 39 41 47 20 50 40 48 6 39 9 16 50 50 28 9 15 28 33 6 12 21 6 50 37 2 16 42 48 10 36 41 5 50 46 40 10 50 12 22 30 30 25 27 43 9 26 34 50 46 28 31 9 36 50 23 5 14 13 44 38 34 30 12 11 50 12 40 32 28 48 50 50 1 17 3 32 50 17 7 2 35 43 8 26 0 35 30 32 7 36 36 5 3 37 33 12 20 13 9 12 37 50 5 9 3 50 23 50 20 49 38 27 4 17 20 12 33 50 50 48 4 49 2 45 46 
12 26 35 21 42 0 50 38 22 50 50 12 22 20 5 50 32 24 12 28 29 47 16 10 12 48 18 37 0 0 27 10 50 44 37 29 6 36 50 24 50 38 37 5 47 31 27 16 49 19 3 50 0 2 45 6 50 22 49 25 19 33 7 21 50 46 3 4 42 5 35 39 47 31 38 5 47 36 20 41 17 50 39 15 19 9 50 50 24 0 12 50 16 50 38 5 14 50 36 34 12 34 31 23 8 50 2 25 35 43 50 18 31 24 29 30 6 50 28 37 31 2 50 50 20 33 50 10 41 7 50 41 50 36 50 36 7 34 6 13 50 1 50 39 1 2 35 50 49 50 42 36 37 39 49 27 7 48 10 13 50 28 5 32 12 30 33 7 50 30 31 36 40 12 5 50 
36 21 42 34 10 44 10 12 19 24 50 20 27 21 37 50 28 39 15 50 50 19 18 9 12 41 49 1 1 47 11 35 4 24 8 41 5 16 14 36 26 14 35 50 46 5 50 50 17 41 3 36 19 50 47 5 39 5 39 47 50 45 31 0 4 23 24 23 22 30 1 2 13 12 24 13 42 25 25 47 37 39 49 42 23 8 0 12 34 11 47 50 28 31 12 41 16 50 46 38 50 3 1 50 30 28 50 40 18 1 18 11 12 31 10 25 40 19 5 45 50 45 41 34 19 50 49 49 8 9 19 36 38 42 32 24 26 50 13 42 39 21 38 37 50 1 4 18 50 42 6 28 39 5 42 18 15 44 26 13 50 32 50 39 39 47 30 8 24 11 14 31 45 15 50 
12 50 1 27 5 44 50 50 18 10 30 18 18 9 5 22 50 39 7 15 39 29 50 34 26 41 42 47 50 2 17 33 50 5 46 46 33 50 31 24 33 1 24 19 21 13 20 39 50 19 48 36 25 23 18 50 40 43 41 10 34 23 1 13 50 21 21 33 50 20 50 12 47 24 9 44 46 50 50 50 36 30 49 41 11 18 8 37 16 25 15 17 4 44 43 14 50 11 15 11 13 32 50 12 26 21 3 4 5 40 43 10 10 48 25 11 46 13 42 30 8 50 40 18 46 33 49 43 3 3 40 22 50 50 11 31 45 20 36 16 12 11 18 0 22 9 46 29 23 45 42 38 19 2 27 9 0 36 25 50 40 37 23 25 38 0 48 12 2 0 13 50 5 14 
36 15 49 50 20 40 10 32 25 44 21 4 50 5 43 20 42 50 49 26 46 47 4 28 29 44 21 18 12 6 46 13 50 32 1 6 33 8 39 47 24 32 50 33 27 50 27 1 12 35 23 17 2 13 8 16 2 35 6 20 32 36 13 50 47 48 37 43 46 13 34 33 32 46 23 39 41 0 18 22 30 30 7 45 2 15 35 32 19 44 21 41 44 29 21 48 50 36 42 43 43 14 50 12 50 50 28 11 25 18 35 50 20 6 13 3 45 3 34 20 31 35 22 27 8 34 8 50 32 46 19 50 50 36 50 50 43 43 8 41 35 48 50 50 17 11 23 2 31 0 30 50 46 16 50 47 7 8 27 50 33 7 50 50 3 31 19 47 45 18 48 47 40 
5 4 34 23 11 20 9 44 45 4 14 18 2 11 1 39 31 33 14 37 18 2 11 25 27 9 14 33 50 44 44 47 50 2 48 1 17 22 15 41 35 7 44 50 37 30 22 50 22 8 11 12 50 23 24 37 50 32 44 14 13 20 16 38 42 47 22 35 42 34 0 15 18 31 49 29 11 44 4 2 44 21 33 7 43 16 10 20 28 39 8 19 50 15 50 4 27 40 6 26 45 8 45 50 15 1 4 28 44 50 23 7 9 24 33 30 39 47 22 24 7 48 3 50 43 3 44 35 50 46 33 36 20 15 40 49 21 17 50 10 50 43 8 50 5 40 36 50 43 25 47 32 15 41 38 39 50 9 16 10 41 41 1 29 13 50 20 6 2 40 40 12 
50 22 12 45 12 50 38 42 50 7 37 41 38 25 38 48 21 10 37 36 43 14 20 20 50 18 42 40 9 18 12 21 18 47 34 27 50 47 30 18 29 50 34 50 42 47 1 33 26 37 4 3 23 50 31 20 8 42 33 16 50 50 24 13 33 36 47 13 22 15 9 2 34 8 50 29 9 30 37 30 13 50 29 29 32 10 31 38 30 38 41 32 32 23 49 30 28 31 35 44 32 7 4 36 10 34 47 23 43 50 0 13 39 44 13 50 18 30 50 9 49 49 50 20 25 40 28 30 31 26 50 15 40 2 45 50 38 16 4 11 5 12 6 34 46 41 34 24 16 46 50 50 15 43 18 11 37 46 46 18 10 39 50 41 29 47 40 42 35 3 14 
27 45 15 50 10 46 15 19 50 3 40 2 17 38 32 42 5 8 18 5 25 20 35 20 48 10 41 48 9 38 50 12 17 5 5 39 9 44 15 50 39 7 10 46 3 24 17 50 6 49 50 11 48 0 50 12 50 27 50 15 1 17 11 19 19 34 20 2 36 26 43 38 12 50 4 35 31 17 28 1 44 29 47 24 33 44 2 46 23 50 50 28 45 28 34 50 27 46 48 11 50 20 0 17 50 50 13 42 23 35 9 31 44 50 39 21 4 50 32 50 10 23 50 50 43 32 48 26 50 10 5 8 45 10 50 49 44 5 40 3 13 48 43 12 1 38 25 34 18 50 14 45 21 31 50 32 36 27 36 23 29 36 20 28 19 11 50 26 12 5 
39 16 46 31 41 49 47 5 1 35 18 27 43 50 18 37 20 18 8 4 9 50 18 49 11 3 17 11 15 30 50 50 31 2 17 3 48 48 39 12 36 29 0 6 1 44 8 10 15 25 50 44 2 36 32 29 38 49 26 3 50 34 21 50 11 35 13 45 8 40 36 25 30 50 8 38 50 22 48 48 15 14 11 0 50 16 24 47 41 43 1 0 30 21 2 30 19 38 9 19 8 37 19 44 24 2 6 39 16 48 45 50 22 41 40 27 50 6 11 31 7 32 25 8 30 41 35 29 33 36 24 50 4 8 22 26 32 38 10 50 3 33 49 4 8 50 32 6 48 36 10 19 50 19 50 14 3 21 31 27 5 4 8 1 45 36 50 42 1 
50 28 14 50 19 19 34 14 50 12 34 8 50 50 41 19 27 36 32 24 50 48 36 23 48 14 21 11 31 12 42 2 36 0 50 31 33 46 25 6 50 3 0 14 48 19 48 13 16 50 44 45 48 13 38 47 20 44 14 23 41 16 50 41 50 50 44 3 30 6 50 9 18 35 30 48 3 43 14 26 4 43 49 50 27 46 8 23 50 22 40 29 40 1 50 22 36 24 22 24 27 44 2 50 22 50 20 29 26 1 49 50 27 6 8 20 17 3 39 2 9 13 24 50 50 37 21 26 10 50 44 25 6 1 36 50 12 33 25 19 29 50 26 26 14 41 48 5 45 30 5 42 38 32 36 24 15 16 26 49 13 14 24 43 32 18 43 36 
39 34 13 21 1 34 15 36 25 39 13 2 2 5 5 5 50 29 35 27 17 50 14 9 13 49 20 20 42 50 2 9 1 50 0 28 46 47 6 23 2 40 50 17 18 27 6 14 19 48 12 47 21 16 15 39 39 18 50 22 50 10 31 50 26 26 44 39 21 34 16 28 22 2 45 29 42 44 33 40 25 32 13 42 12 13 48 40 38 42 50 40 39 20 6 44 5 50 23 39 38 13 22 4 47 13 50 7 0 16 47 13 42 50 16 20 27 25 50 10 31 14 7 50 34 32 50 35 44 50 34 50 42 30 28 29 18 5 23 21 19 36 42 39 19 26 19 8 35 49 7 33 1 18 34 14 24 50 50 29 34 19 33 50 20 12 50 
29 7 1 21 28 37 5 20 50 50 50 2 15 15 44 49 13 1 27 50 19 50 19 19 19 21 50 50 15 43 13 43 34 24 41 32 50 17 27 16 37 11 30 2 47 0 3 13 13 19 28 1 46 50 2 26 43 1 21 24 12 43 6 13 44 37 40 48 33 43 7 46 3 50 6 34 4 30 34 47 19 49 49 50 9 8 46 9 37 44 17 50 15 44 33 20 40 48 37 6 50 35 16 45 33 50 20 14 9 9 5 3 8 49 50 23 50 32 31 14 50 16 29 48 29 15 0 0 10 25 19 37 33 9 10 27 38 42 28 44 5 50 2 30 2 6 30 16 29 15 50 50 29 34 43 37 50 8 49 50 9 48 26 12 27 50 
5 19 12 3 19 49 50 50 9 50 50 50 39 50 13 41 29 49 36 16 47 33 28 29 0 27 28 28 38 50 10 13 50 11 7 33 35 6 0 24 8 50 24 23 40 20 50 15 49 40 18 10 41 36 29 41 24 24 34 14 38 3 38 39 10 43 36 24 14 21 20 32 50 46 20 50 37 5 50 26 14 14 49 18 14 2 9 4 36 7 13 14 50 29 35 1 41 19 0 18 7 5 50 14 23 20 50 35 26 31 44 29 16 31 44 13 43 6 46 45 40 6 27 3 50 28 50 37 2 43 41 16 4 32 13 34 14 7 17 23 6 3 29 24 45 7 4 48 29 27 50 36 19 49 40 14 22 30 33 33 19 42 44 4 50 
41 40 50 4 35 30 7 3 50 31 22 35 44 2 10 45 10 26 41 41 50 50 36 45 23 23 18 14 38 5 28 50 23 33 50 40 36 18 50 27 10 37 26 45 24 50 25 20 3 1 50 10 18 28 17 50 7 24 9 27 12 14 41 35 41 40 12 35 40 15 19 46 14 20 50 8 14 41 37 50 30 3 7 11 50 36 32 38 36 10 32 50 24 34 22 12 30 13 28 35 6 16 7 28 29 19 42 10 33 23 6 43 44 7 11 32 19 37 50 8 42 30 46 35 32 49 50 10 18 9 34 21 14 32 17 14 7 23 17 50 50 50 46 50 3 46 35 40 30 16 50 34 35 18 38 28 9 34 18 15 50 42 20 32 
50 43 49 26 4 37 30 30 38 50 39 37 50 17 27 22 24 1 1 37 35 42 12 30 23 25 50 24 43 36 26 28 5 20 15 20 50 45 4 50 40 41 16 10 50 1 14 31 32 43 38 50 31 40 35 20 50 2 50 45 50 12 4 36 37 24 15 18 31 26 50 17 31 9 40 43 33 39 26 23 36 36 9 50 11 23 50 50 2 20 26 34 11 24 16 1 26 25 26 34 46 37 41 25 26 17 24 28 43 7 33 34 2 46 35 24 50 25 1 6 32 13 18 46 17 41 39 10 34 50 45 44 6 42 30 15 43 4 2 50 50 43 25 50 19 27 28 39 50 16 2 12 43 0 37 39 41 17 50 47 23 6 40 
11 46 50 11 24 50 23 28 50 41 37 27 4 50 47 46 21 25 24 50 9 32 13 45 28 35 27 22 50 34 0 0 14 50 25 27 49 26 8 31 50 28 14 41 31 47 16 9 1 19 50 7 14 38 12 35 43 50 1 20 12 14 50 5 34 20 4 39 27 6 20 50 0 22 42 39 21 31 42 31 33 1 0 50 30 1 19 47 20 32 0 0 20 9 50 27 9 47 18 37 25 41 6 11 24 50 16 1 25 50 14 34 26 2 49 25 6 50 50 50 44 50 50 50 14 47 29 17 43 5 50 45 30 10 13 10 42 5 15 16 29 50 40 11 7 50 22 35 10 10 49 40 18 29 22 50 20 44 30 44 29 12 
40 7 29 35 50 25 25 20 22 50 3 44 27 17 1 28 15 1 32 38 2 14 39 35 45 13 29 3 50 24 26 0 13 44 47 47 33 45 31 50 21 43 6 16 27 39 28 31 20 17 4 50 50 46 49 24 22 3 44 22 42 10 22 5 27 23 50 47 9 4 18 8 7 32 50 8 13 10 46 1 27 26 37 50 32 2 27 46 7 50 32 38 18 0 13 33 9 41 20 31 9 20 32 45 14 31 40 30 50 23 8 37 15 3 47 5 4 37 16 50 2 35 17 50 46 42 49 48 6 6 30 29 29 2 44 12 13 32 14 25 27 47 50 13 35 32 8 38 11 44 2 9 50 35 50 44 6 3 44 30 43 
15 2 9 45 33 50 50 46 39 34 23 9 28 14 31 50 48 26 4 34 22 46 3 42 46 20 30 7 2 32 13 49 42 17 12 50 26 13 41 3 24 14 29 7 27 4 50 36 8 17 2 41 8 50 28 4 50 44 9 24 50 7 7 43 31 50 23 50 41 50 2 32 36 6 50 1 3 33 14 40 11 50 32 0 19 24 20 0 35 14 41 25 18 46 23 7 49 41 28 24 6 11 30 4 28 50 18 7 18 22 24 3 29 17 9 50 46 43 39 45 42 44 5 0 42 29 50 41 6 17 44 33 47 38 12 31 24 35 28 40 0 22 47 28 13 25 50 33 17 23 50 35 38 29 39 23 29 11 15 42 
36 49 34 3 22 40 5 8 50 47 7 2 14 50 27 42 23 2 46 3 29 50 20 6 46 46 28 50 36 32 23 17 19 50 8 4 47 15 5 23 0 29 9 20 18 50 34 28 7 20 42 24 18 11 33 15 50 28 5 7 23 12 6 25 21 0 50 18 49 21 50 48 47 23 6 50 50 17 15 2 13 15 21 43 28 17 10 18 44 50 50 42 9 6 41 8 18 30 50 50 44 3 29 9 7 13 16 50 38 41 32 48 40 40 12 18 25 22 47 23 37 10 38 44 4 16 33 31 50 1 28 36 26 38 7 7 0 49 47 38 15 32 45 31 38 22 50 10 50 18 13 3 50 42 35 50 6 11 1 
39 50 32 5 50 41 44 19 50 10 13 28 39 15 7 1 50 33 18 50 37 3 0 25 42 50 10 24 46 34 20 40 31 49 22 14 50 39 41 14 13 41 41 48 38 13 17 46 45 38 42 6 50 39 1 11 3 20 33 9 21 39 43 10 24 33 32 14 6 5 41 33 50 5 6 10 24 35 50 49 43 3 29 19 6 13 29 42 28 22 3 50 0 50 47 31 20 42 14 50 18 50 23 26 18 14 50 50 35 8 4 22 50 16 6 29 15 29 41 38 50 50 38 22 43 17 50 50 50 50 3 32 50 46 43 50 50 13 29 3 18 17 2 50 50 24 3 44 47 50 50 50 50 33 33 50 4 5 
15 28 9 50 35 38 21 37 30 15 29 33 4 39 41 24 33 50 45 7 42 31 43 29 29 11 2 35 50 10 50 27 8 40 44 50 33 13 2 26 22 32 27 50 49 38 14 48 2 20 41 44 18 50 39 11 3 21 5 50 7 50 50 10 4 37 42 50 35 2 27 45 36 20 50 2 32 20 9 48 26 34 29 26 0 46 50 6 50 3 6 50 39 12 40 47 41 0 27 7 50 47 38 35 24 14 14 2 50 43 5 39 19 47 34 17 24 45 31 45 11 44 19 0 25 40 50 41 50 48 22 34 10 11 42 7 33 17 30 5 19 19 42 5 35 18 21 24 11 44 20 50 24 43 42 5 13 
19 26 50 50 11 16 16 26 34 20 6 47 22 1 18 32 28 13 32 30 15 3 37 34 31 7 31 22 9 45 32 14 49 50 2 18 23 41 16 11 36 38 36 39 38 41 24 15 11 29 8 48 42 18 50 26 0 18 7 21 29 46 50 7 3 40 35 18 31 44 13 45 43 50 50 19 14 34 20 37 8 36 1 26 50 16 19 50 45 8 31 3 50 50 5 49 26 50 1 21 3 16 30 46 6 5 27 43 24 0 46 37 49 18 48 11 27 28 50 37 5 50 1 20 18 40 1 25 48 2 44 20 17 15 44 50 15 35 29 28 0 9 25 15 26 50 50 40 34 21 16 25 43 50 10 2 
7 30 39 10 7 19 48 12 30 42 31 43 22 40 13 38 3 17 21 49 48 1 18 47 39 12 9 28 34 18 31 1 14 36 1 50 23 9 47 0 14 46 34 10 12 4 34 16 30 31 31 9 6 31 50 35 18 34 8 23 29 36 50 50 2 19 39 40 35 34 30 31 32 29 32 32 43 41 43 25 32 50 22 43 22 44 38 50 32 34 26 14 16 8 15 50 11 50 8 50 12 5 9 50 21 8 50 40 39 21 11 19 40 18 50 19 19 44 35 14 37 16 23 47 36 44 28 0 43 26 8 26 4 45 47 18 27 1 44 42 35 19 42 32 18 31 50 28 50 42 39 46 24 44 22 
5 23 50 41 8 50 27 25 45 24 21 50 22 6 41 45 22 14 28 25 16 31 5 29 18 23 39 31 50 37 28 33 50 30 15 46 35 33 5 24 30 26 49 27 46 46 29 50 38 16 10 32 19 50 29 7 43 10 48 34 34 17 32 26 7 30 25 25 22 19 38 10 44 46 26 50 47 31 46 7 21 39 36 1 4 31 24 3 50 48 36 13 11 49 22 42 27 39 28 37 9 34 32 25 50 22 4 50 15 30 39 12 41 44 46 50 40 50 1 40 47 47 35 50 41 11 14 49 31 21 3 36 37 50 3 49 0 36 40 46 11 24 42 19 0 12 26 41 36 36 50 25 50 4 
50 4 25 9 21 13 4 11 3 50 50 42 37 49 22 47 2 25 50 15 26 3 32 1 35 27 24 48 27 48 21 14 50 19 48 50 33 50 20 50 5 43 44 6 37 34 0 0 31 18 50 2 50 47 1 50 26 36 23 48 41 28 5 18 48 39 39 50 50 1 31 41 43 20 17 50 28 25 29 47 43 50 50 40 43 50 18 40 14 23 25 5 50 50 14 22 22 45 31 13 37 28 8 29 15 19 50 4 9 50 49 2 34 27 32 26 19 38 25 32 15 5 25 7 22 20 20 28 19 49 24 50 28 22 30 28 49 5 4 21 32 30 12 50 14 2 36 50 24 3 32 43 20 
9 15 47 44 34 37 8 18 4 46 28 3 47 27 5 34 29 50 4 20 29 50 0 0 36 43 50 39 28 18 8 20 20 50 43 15 7 43 13 33 38 43 38 6 39 10 49 24 50 19 21 34 33 39 23 19 50 39 27 50 48 50 37 43 30 8 41 13 19 47 11 21 31 23 8 38 3 49 50 17 50 10 22 43 38 21 17 9 12 7 7 27 37 20 37 50 4 50 46 26 13 36 12 17 33 40 9 41 36 8 39 10 1 6 5 42 44 18 7 50 24 31 50 19 8 12 50 50 0 1 29 16 50 23 48 2 28 17 48 25 36 0 29 50 24 5 5 15 20 7 16 50 
48 50 29 37 1 24 46 50 33 41 4 29 3 39 47 42 41 12 42 50 17 18 43 50 50 46 16 49 35 29 42 17 3 24 15 32 29 29 25 20 21 50 44 9 40 11 11 28 50 9 19 38 37 6 39 50 0 50 33 10 35 0 50 13 2 39 50 42 37 23 7 12 20 19 15 49 33 50 31 35 5 39 33 17 50 4 25 46 8 1 28 42 3 36 47 1 50 1 6 4 30 40 47 34 27 15 50 3 25 21 22 19 50 36 17 39 48 44 33 0 49 6 37 35 43 27 50 11 48 14 46 49 48 5 41 8 50 50 48 50 0 23 43 0 33 50 21 48 4 50 29 
47 31 40 41 15 19 36 22 18 21 10 50 30 14 50 7 20 35 4 13 32 41 5 50 37 14 50 21 44 33 22 4 50 24 48 43 32 50 24 28 10 23 26 9 31 4 12 4 49 7 13 10 2 41 27 17 40 22 26 12 33 22 50 46 31 50 2 4 1 21 40 3 32 31 33 47 37 2 37 50 9 50 6 38 22 2 50 47 24 14 24 45 25 13 50 12 29 0 50 15 22 38 50 2 20 16 31 10 50 40 30 41 49 18 43 8 24 2 47 11 1 14 10 50 4 22 50 21 22 39 7 33 44 41 24 38 16 29 46 34 50 39 38 7 31 24 4 30 12 22 
16 43 27 48 7 2 45 50 1 28 7 28 38 13 24 21 50 21 50 10 50 50 25 35 30 48 17 16 8 22 49 11 28 20 37 0 8 0 14 36 50 1 14 45 15 45 16 47 46 48 41 43 38 27 13 35 5 14 50 43 8 45 24 27 37 31 28 29 38 30 43 12 18 1 26 50 5 23 34 50 37 14 25 35 29 14 28 30 26 31 2 28 20 50 24 18 0 23 43 30 42 9 8 50 39 29 9 49 29 45 23 14 36 17 50 1 18 20 38 37 50 43 48 19 47 50 47 46 27 35 50 26 50 50 37 50 15 33 12 34 50 50 44 49 50 50 8 5 4 
30 13 8 50 9 39 4 28 22 24 2 49 13 10 0 24 12 36 43 50 32 39 50 50 44 45 50 34 50 22 20 30 28 50 9 13 16 20 33 50 36 40 29 2 30 50 34 3 50 1 42 22 11 36 47 40 13 24 22 12 50 47 12 17 24 39 12 48 50 50 47 38 44 50 13 47 36 3 6 36 27 13 49 33 10 18 3 28 40 21 11 4 50 0 45 50 50 20 12 16 5 48 22 18 0 4 21 3 47 50 26 50 26 28 41 50 40 47 13 14 1 40 26 22 24 26 3 29 50 7 44 16 11 21 29 31 4 44 50 50 50 37 9 17 42 20 3 24 
50 12 1 34 49 47 22 50 50 3 4 50 29 34 38 13 23 50 50 50 19 30 11 15 10 50 39 37 8 37 42 22 1 41 21 1 11 13 34 11 45 17 24 46 16 23 50 50 24 37 2 23 50 44 39 44 47 0 47 50 21 27 33 40 50 8 49 50 48 32 43 40 43 20 28 3 40 10 50 7 24 50 8 41 38 45 45 50 43 8 47 47 37 35 26 5 20 48 41 45 50 20 50 45 11 3 30 3 22 50 24 6 48 36 26 9 24 16 50 50 48 50 50 38 13 49 25 21 15 50 20 4 50 35 37 0 6 20 42 20 43 27 50 18 35 32 45 
27 23 41 25 35 50 44 40 21 18 31 35 29 27 14 24 17 48 7 8 47 26 38 11 30 26 0 16 47 7 43 47 3 33 25 42 40 29 50 11 41 10 19 33 34 10 32 27 42 8 47 47 5 10 16 1 14 31 5 50 50 50 29 27 34 0 11 34 41 1 8 25 11 47 44 50 50 23 35 44 24 17 31 8 18 50 11 17 28 28 41 43 4 29 49 0 22 40 17 4 34 42 47 26 29 44 15 26 14 0 17 15 47 20 47 26 44 22 17 36 34 18 18 4 50 50 47 18 39 47 50 50 24 33 14 50 18 42 50 49 5 5 50 37 7 21 
41 50 50 24 17 7 42 42 34 9 45 16 39 43 49 5 23 47 30 22 6 50 3 22 2 12 22 27 23 27 45 9 33 21 25 25 16 40 6 39 37 36 36 48 19 9 50 1 9 39 12 14 4 10 13 32 5 17 13 50 8 23 14 28 14 14 4 13 11 50 34 30 50 8 22 22 46 41 50 42 18 35 4 50 31 47 37 33 38 1 12 33 13 3 19 38 12 46 23 48 14 22 14 44 20 20 32 27 50 4 25 47 50 18 2 35 21 35 41 20 31 7 22 0 31 36 16 35 43 38 22 50 50 17 43 37 31 14 38 1 32 1 48 7 30 
41 44 38 0 10 24 24 36 6 3 49 49 50 49 28 30 6 23 47 7 26 9 27 26 22 30 17 29 50 30 27 39 5 28 8 17 10 23 50 23 22 29 30 34 12 50 14 50 31 6 28 6 13 50 14 24 12 46 35 28 19 36 7 50 12 19 49 0 24 10 10 36 23 6 50 50 36 24 41 11 35 45 22 1 8 33 7 34 37 36 50 38 24 15 50 25 19 44 5 10 3 50 41 46 40 14 39 30 0 40 50 50 50 50 44 1 41 6 14 39 42 32 45 50 28 18 43 19 40 46 17 24 2 1 46 33 30 40 46 23 40 28 15 35 
20 31 19 42 43 47 5 15 40 32 47 29 31 10 13 45 49 10 32 50 21 13 46 47 18 16 32 47 4 50 34 50 50 31 50 45 31 48 15 30 15 20 34 33 43 32 9 10 30 22 16 31 24 20 11 17 29 50 49 50 18 49 22 23 16 40 27 50 47 50 42 27 48 46 23 39 12 10 4 9 38 16 42 19 36 43 40 1 50 50 31 0 14 24 14 4 37 5 3 43 8 39 25 20 9 26 36 42 47 26 31 30 11 26 17 43 17 31 50 50 47 50 32 12 48 20 41 6 31 29 6 22 9 7 4 26 45 48 27 49 37 11 1 
33 15 11 34 23 7 26 20 17 27 38 3 44 32 2 15 39 10 49 50 21 10 50 50 26 31 36 50 21 12 50 28 37 12 10 22 22 25 34 41 29 7 29 6 40 5 50 43 0 30 2 15 29 15 31 29 21 7 50 44 22 32 20 36 50 46 47 18 50 37 40 9 6 47 50 50 42 20 40 27 8 38 15 35 9 22 19 9 50 29 49 50 5 48 11 11 50 15 41 18 48 0 6 16 29 49 34 50 12 23 0 36 24 34 40 3 43 50 40 7 50 24 37 13 30 49 16 2 50 23 15 40 50 23 6 46 26 39 13 24 4 21 
13 40 50 33 10 12 22 24 9 46 42 50 49 33 49 8 50 17 19 41 35 47 8 31 21 14 44 50 40 31 36 29 16 6 32 22 44 35 42 33 48 31 50 5 39 21 7 49 20 42 6 41 33 15 6 19 39 50 33 3 17 50 34 42 47 31 50 49 7 34 16 20 50 48 48 33 5 18 40 45 27 42 42 19 26 37 8 12 50 45 16 18 50 38 50 31 0 15 14 11 9 50 3 35 17 43 43 2 42 37 50 43 24 13 36 27 50 50 14 50 30 50 35 33 43 1 20 3 21 31 29 13 28 50 22 33 50 39 37 48 39 
39 39 50 47 38 45 43 38 4 34 24 2 33 0 29 7 23 34 50 50 25 8 22 50 36 8 48 10 46 48 50 45 12 41 12 35 7 23 35 0 0 0 9 34 50 34 36 50 12 50 22 21 38 28 18 46 34 22 11 9 34 50 32 43 29 1 39 19 19 0 23 16 38 37 47 49 49 12 37 8 0 50 8 31 50 50 19 32 21 2 43 48 3 12 7 2 5 46 49 28 11 20 41 34 20 8 2 17 39 25 39 29 25 32 10 50 39 35 0 50 37 48 0 11 21 31 45 12 17 2 5 23 42 19 42 26 16 36 34 8 
50 50 41 42 16 28 49 24 1 23 1 30 49 46 5 35 27 26 30 2 29 30 22 22 49 26 47 1 37 48 35 32 30 13 49 46 26 39 44 50 42 49 44 16 31 40 21 48 50 49 2 50 41 50 7 9 49 50 44 8 22 15 33 50 15 27 11 10 1 18 50 37 1 13 18 37 28 20 50 45 3 36 12 1 50 5 40 44 50 42 1 50 9 11 2 11 42 48 27 25 42 44 10 19 10 38 16 45 27 2 11 50 50 39 22 16 0 46 24 39 8 48 50 27 3 4 40 14 27 17 32 17 49 11 50 37 43 49 31 
19 29 20 9 6 18 50 48 5 33 4 50 11 50 31 9 24 29 30 11 39 16 50 35 50 50 11 3 37 36 37 22 18 34 22 44 3 27 50 46 43 22 30 6 24 50 37 50 48 43 24 19 11 37 14 24 13 17 2 50 47 46 10 4 35 49 6 38 39 43 1 39 50 5 44 50 35 6 10 26 28 10 37 33 9 50 8 17 7 50 37 8 20 43 50 18 2 26 5 6 0 13 17 20 49 9 38 23 41 43 23 20 4 32 50 38 14 2 45 17 20 30 22 24 50 50 21 15 40 1 44 4 50 39 50 50 29 44 
14 37 7 49 16 50 39 35 22 50 19 20 3 16 34 11 12 9 46 7 50 0 50 0 50 5 50 19 12 46 16 50 22 33 39 9 35 50 30 49 4 3 25 31 9 4 14 36 6 30 44 49 4 13 47 24 41 7 4 50 38 11 48 42 5 50 11 50 8 22 16 34 50 0 50 23 3 48 39 10 50 43 15 10 27 3 4 40 14 30 50 29 7 11 36 18 17 33 40 1 37 40 33 39 18 0 32 50 30 2 47 37 50 41 42 34 42 35 40 12 11 35 3 7 3 10 33 50 47 27 12 50 37 36 47 44 32 
7 15 6 41 2 46 48 43 32 5 29 20 50 3 14 37 9 50 39 10 44 44 50 38 8 45 36 18 22 30 23 16 0 7 13 5 42 26 12 19 28 0 14 20 3 25 27 50 50 50 13 26 50 42 21 0 6 1 49 26 0 50 3 50 12 3 50 35 42 6 14 39 20 36 50 25 19 50 50 50 24 50 50 50 20 41 12 0 50 50 31 45 41 3 26 50 48 50 20 8 50 50 27 14 20 50 3 50 30 25 13 50 44 50 39 0 50 50 50 30 50 46 50 42 27 40 45 50 31 15 5 18 18 45 20 34 
49 33 50 50 50 11 50 6 41 1 41 23 45 9 28 45 13 50 50 10 28 7 50 1 17 50 7 6 47 7 19 5 36 49 47 50 9 50 30 50 50 3 33 50 28 17 50 38 50 17 50 11 25 10 3 46 35 20 17 50 18 38 7 42 5 3 6 50 5 50 10 13 50 5 50 24 50 50 33 50 43 1 50 50 47 38 6 9 50 50 28 50 4 49 50 35 36 14 39 0 33 50 4 21 9 25 35 43 21 3 41 50 1 41 3 2 41 50 50 29 50 9 1 17 30 20 46 20 50 34 23 26 22 27 50 
6 29 46 46 26 45 50 50 50 50 20 19 12 50 25 49 24 10 8 38 28 35 35 49 13 50 31 25 49 24 14 50 9 18 50 31 8 30 14 50 50 42 2 50 29 32 37 50 10 12 50 21 50 48 37 50 5 41 50 33 40 25 29 20 21 1 13 50 6 25 17 32 38 34 32 13 3 50 50 50 50 46 50 24 42 50 50 16 12 36 50 1 26 50 32 37 15 46 20 18 32 50 30 9 50 33 50 50 50 22 50 8 47 26 50 45 30 25 24 50 50 36 8 4 24 50 39 50 20 18 17 47 9 37 
28 25 19 22 50 3 50 50 0 37 50 13 47 18 7 50 50 12 50 36 10 50 35 45 16 0 1 50 8 1 27 26 50 7 35 35 5 7 25 19 1 39 3 7 1 6 50 23 23 1 7 8 29 30 46 35 41 9 9 12 50 41 30 50 28 50 50 33 41 21 50 48 50 9 50 32 50 17 34 9 50 50 40 38 50 8 50 50 40 50 13 50 50 38 50 50 5 4 50 50 48 48 14 11 38 41 36 49 25 50 34 50 0 14 17 50 50 8 50 14 50 10 45 38 44 38 29 0 12 50 40 20 0 
2 50 26 34 17 50 50 45 36 34 14 29 38 18 47 33 50 50 7 15 50 19 24 50 50 50 34 48 50 47 20 50 13 39 50 34 50 50 17 15 50 9 50 50 25 50 2 50 50 50 50 46 34 32 43 10 31 50 9 48 34 50 33 50 11 32 47 44 50 50 24 50 16 5 50 49 50 50 0 44 16 50 50 47 23 50 12 40 4 45 5 46 50 50 6 46 50 50 29 36 32 31 14 29 50 11 50 40 40 11 49 19 35 37 40 32 14 50 21 50 27 13 22 19 22 10 28 50 18 50 18 49 
50 21 31 46 15 21 50 50 37 1 46 50 27 50 4 31 50 5 21 50 22 39 28 45 10 50 38 22 18 22 27 25 50 31 14 44 29 50 24 48 6 48 41 50 7 9 11 50 50 33 33 17 50 36 0 4 50 44 48 50 43 26 31 24 28 33 43 50 41 24 50 32 5 27 10 35 5 50 50 50 27 49 50 17 44 29 34 30 42 4 43 27 37 13 6 45 12 20 9 12 19 40 50 50 50 50 14 16 28 26 31 45 38 12 7 50 49 40 6 4 2 42 47 0 30 20 12 40 3 49 50 
37 7 23 6 47 9 5 32 10 42 11 50 18 5 25 50 49 50 50 50 50 4 13 40 28 27 50 9 31 21 50 2 18 35 50 38 22 47 9 50 50 43 50 30 36 27 50 9 45 21 50 24 19 47 29 50 45 50 50 43 49 50 50 18 36 7 50 38 31 6 50 25 1 50 50 43 1 7 3 50 16 25 38 47 44 50 9 37 11 34 42 10 0 32 38 25 31 50 17 50 50 7 33 9 2 13 50 30 30 49 50 50 32 3 24 35 0 38 20 30 50 1 27 23 5 11 9 33 31 3 
29 50 38 5 50 21 46 50 22 27 50 4 28 50 47 3 4 7 18 38 50 50 27 29 50 45 38 8 6 13 31 40 40 35 50 33 20 1 50 49 50 50 36 31 16 43 8 2 1 50 2 21 28 1 23 38 50 39 50 10 33 43 5 16 9 6 26 50 12 32 50 50 50 37 50 2 50 29 28 46 30 46 50 50 40 47 48 50 7 50 3 40 50 17 50 50 9 15 50 47 50 50 50 13 22 30 15 16 21 50 7 50 30 50 50 10 4 23 7 39 12 31 29 44 45 26 50 50 47 
21 45 50 39 34 49 50 50 50 6 50 20 9 43 50 46 37 50 50 34 7 36 18 31 19 50 50 47 36 50 50 31 45 41 9 50 50 46 44 5 9 50 50 8 0 3 44 50 41 7 50 46 49 42 50 50 43 50 26 21 29 9 25 7 42 41 50 50 29 20 34 50 31 15 50 34 10 38 29 4 17 17 44 41 14 9 44 50 33 12 43 14 50 32 18 6 20 50 42 50 40 7 50 5 48 50 28 38 50 12 14 50 31 49 22 1 42 50 50 42 43 50 37 32 50 16 43 31 
50 25 32 35 20 49 46 50 12 50 50 7 11 32 26 50 39 48 2 50 50 34 10 35 34 43 1 50 27 25 32 43 3 50 50 23 50 50 3 50 19 50 17 15 26 15 25 9 36 21 33 20 50 12 16 48 35 50 30 50 45 25 50 50 9 23 35 50 8 12 7 11 50 50 50 50 50 0 16 50 50 14 15 25 11 21 9 45 48 50 17 38 10 8 28 1 42 50 28 47 6 23 2 18 42 28 50 50 26 8 2 24 38 50 8 50 50 49 50 48 25 50 42 43 45 15 13 
1 50 34 50 42 12 4 18 18 44 17 50 1 50 38 0 15 44 50 38 50 50 50 15 43 44 7 34 50 40 50 50 50 43 39 50 31 16 42 34 50 50 50 2 8 6 50 26 50 14 30 27 44 50 50 0 12 37 17 50 32 50 50 50 6 8 0 50 24 9 40 45 50 27 46 50 50 41 50 21 48 12 50 32 15 34 33 50 50 9 50 1 41 50 44 18 32 15 17 9 29 27 49 28 26 50 25 35 50 23 48 43 12 50 46 46 50 32 21 31 20 40 50 50 28 42 
30 50 12 0 50 50 50 25 50 41 25 41 50 43 26 44 32 38 28 24 13 42 26 27 5 50 6 25 50 12 22 4 18 1 50 17 20 5 50 47 50 49 50 8 30 2 46 50 2 38 18 27 11 36 50 31 46 45 21 36 34 16 21 15 13 50 25 50 32 20 30 41 50 50 28 33 13 50 48 39 37 17 14 3 42 12 4 50 50 27 32 35 19 1 8 14 3 44 40 41 27 37 50 19 48 50 19 50 38 50 50 50 50 40 50 50 22 36 16 33 50 29 21 50 48 
50 50 8 38 47 11 22 39 9 50 45 50 19 50 20 19 43 0 27 50 50 9 10 0 27 50 50 4 50 17 47 16 50 50 29 10 30 49 24 47 13 26 22 50 48 33 38 29 50 23 35 33 0 44 18 14 15 38 12 31 13 40 50 50 50 34 40 4 50 14 50 50 50 3 50 10 50 12 50 50 22 1 50 8 31 27 44 7 50 50 50 50 26 50 50 17 42 0 27 39 50 50 28 40 18 15 39 43 50 50 14 16 1 36 24 36 40 13 6 15 50 26 38 26 
45 17 7 6 50 28 5 50 50 35 47 50 11 50 17 31 29 1 27 48 36 26 34 26 38 47 50 39 37 21 0 50 50 50 30 50 37 45 35 13 27 2 48 50 50 50 50 50 5 50 16 30 31 29 50 1 50 47 3 47 5 3 50 23 32 29 6 11 12 50 50 50 4 44 1 36 23 50 50 49 37 14 30 28 34 50 30 17 27 48 49 46 50 11 31 50 46 50 41 19 50 50 24 5 11 50 1 50 50 50 50 19 24 44 50 16 50 50 25 47 7 40 50 
5 25 32 50 33 14 50 33 50 36 20 45 50 9 36 28 48 30 50 50 42 41 44 42 11 14 27 39 25 25 39 50 50 40 33 50 11 43 48 50 50 42 20 38 15 20 31 50 38 31 50 32 29 21 20 33 50 50 0 32 9 3 23 27 12 34 30 50 46 34 4 22 50 50 16 23 50 50 23 50 50 18 8 50 50 4 10 24 50 30 50 16 50 11 50 15 32 24 23 2 50 33 50 50 30 6 31 41 20 1 50 50 23 33 21 20 50 50 39 21 34 47 
50 6 50 40 38 7 1 27 9 50 50 50 50 12 50 23 50 5 50 41 31 11 50 50 50 43 22 50 50 18 46 50 27 13 50 50 37 10 19 50 37 26 11 6 36 1 50 35 50 50 34 48 7 30 39 30 50 50 7 31 40 37 17 38 50 50 21 50 50 50 50 34 7 5 33 26 15 50 3 33 32 15 49 29 50 35 10 50 9 50 49 16 50 7 14 50 50 35 18 45 22 12 50 47 41 40 11 9 26 8 39 50 26 50 50 35 24 24 24 26 29 
19 20 27 50 50 46 50 14 21 46 50 22 44 23 50 3 39 39 37 6 15 50 38 10 36 0 18 25 50 50 2 18 41 3 17 22 50 50 34 38 40 41 7 50 15 50 19 15 37 50 45 16 50 25 43 1 16 50 39 6 18 50 20 50 50 25 10 0 38 46 0 9 50 28 30 46 41 50 1 44 50 48 50 17 8 50 46 43 19 5 50 50 50 5 2 11 34 39 49 0 30 43 50 7 49 50 50 5 35 6 19 20 14 48 50 24 1 50 16 50 
50 50 18 46 48 2 50 29 7 6 46 2 25 23 40 50 9 5 3 50 40 50 25 43 24 31 50 50 1 20 3 29 50 11 31 3 33 50 50 50 50 50 38 50 40 33 39 30 33 36 50 20 8 32 16 47 49 16 21 17 4 37 50 34 3 23 50 50 22 6 43 40 49 50 1 44 18 47 50 18 16 29 49 30 3 9 5 23 50 24 4 0 41 50 19 50 4 50 12 30 50 42 19 48 45 50 50 33 25 50 43 26 21 50 27 29 50 50 26 
18 49 41 38 22 32 39 8 20 41 40 50 24 28 50 38 34 3 31 50 26 34 50 0 3 11 40 50 50 43 50 50 32 50 50 33 50 50 50 34 47 16 12 20 25 37 50 50 50 4 50 28 24 50 49 50 36 43 40 13 2 22 24 25 50 50 31 21 9 43 50 27 19 10 50 37 42 33 50 12 17 50 17 28 44 7 50 36 5 43 19 50 28 24 0 50 10 38 18 50 3 50 9 1 16 12 12 29 4 49 50 41 23 30 50 50 14 50 
38 50 14 4 50 10 19 39 40 28 50 50 13 8 19 13 20 21 50 50 50 39 3 50 10 50 0 27 38 49 50 2 30 50 10 27 50 45 48 45 50 33 46 50 23 50 40 44 48 24 28 44 31 50 44 34 42 43 20 49 15 50 18 50 45 50 45 11 2 42 37 8 3 50 4 0 30 35 35 49 13 24 9 36 15 8 0 50 50 37 24 50 35 16 50 36 50 38 21 0 4 50 50 16 50 36 16 27 44 50 50 50 34 22 10 1 47 
50 50 50 14 38 50 25 2 45 50 1 50 41 20 49 50 14 38 26 50 44 50 40 28 35 39 29 50 50 50 27 4 48 50 43 12 39 20 50 41 32 16 34 34 50 45 33 23 7 42 29 10 38 21 25 46 22 2 0 14 44 50 36 38 50 24 50 50 24 25 50 50 1 28 46 50 23 16 1 50 50 19 3 50 14 13 4 50 39 50 8 50 44 8 11 37 35 33 40 31 50 50 37 20 30 5 23 20 29 4 50 0 16 27 40 35 
38 14 43 50 47 50 50 1 24 16 2 34 6 50 50 30 14 50 32 18 46 50 4 9 50 18 4 24 13 50 50 24 1 50 29 35 1 35 50 1 10 46 48 50 16 50 6 50 18 45 50 9 11 9 26 26 4 50 8 50 50 50 50 50 50 50 22 15 50 50 38 0 50 26 36 50 50 41 17 49 50 37 50 50 38 12 15 42 40 31 50 39 50 10 50 50 49 50 30 40 37 29 50 50 50 36 12 50 41 29 30 50 19 42 6 
50 50 23 20 16 11 41 29 13 50 39 50 38 29 28 30 38 40 8 1 8 43 24 50 50 8 20 50 50 50 46 41 50 32 19 50 27 1 33 50 45 38 28 9 13 10 23 3 49 41 28 4 11 0 14 15 16 37 50 48 12 23 50 3 42 1 46 50 30 9 6 21 50 50 50 50 43 35 34 24 50 25 45 10 13 22 50 50 23 46 44 43 26 31 19 36 40 21 38 50 42 50 9 11 12 50 50 31 15 50 16 50 39 47 
35 31 28 0 39 29 50 50 7 2 50 41 15 10 47 3 50 28 14 50 18 10 48 44 37 29 16 22 32 50 50 42 9 9 44 9 17 24 50 35 50 50 26 11 50 26 8 16 14 29 50 40 4 35 43 38 50 16 50 50 18 5 34 13 49 50 50 50 23 22 50 48 19 21 50 38 21 18 50 0 30 31 20 13 24 24 28 43 40 20 19 40 50 13 31 45 50 24 25 40 44 45 4 28 29 7 50 50 18 48 12 16 41 
2 36 42 44 50 50 48 50 50 29 50 31 15 50 25 4 7 49 50 50 50 50 35 49 23 15 47 20 10 50 50 17 50 17 35 17 32 50 3 41 36 39 20 50 50 13 39 31 25 30 47 24 44 42 50 49 50 49 24 42 50 0 18 12 6 19 50 31 33 9 7 24 27 50 15 10 49 24 50 3 32 50 36 5 50 6 6 40 35 4 50 50 50 40 31 50 50 50 3 50 48 24 29 50 33 27 4 0 15 28 42 46 
8 38 50 50 38 21 34 50 50 26 16 48 46 46 36 19 11 26 0 25 0 44 5 6 28 4 48 42 6 50 11 50 9 35 6 18 50 35 35 50 26 49 50 50 41 45 10 50 49 12 11 2 32 12 22 14 50 3 16 50 41 50 14 39 22 5 41 5 1 11 13 33 11 0 12 17 18 12 50 50 13 50 14 50 6 50 38 46 5 41 50 23 14 15 50 35 50 26 50 50 50 50 38 50 7 33 23 22 32 39 1 
43 50 50 9 50 7 27 31 16 22 33 5 50 50 44 44 4 29 9 2 37 45 26 32 23 1 37 50 50 16 44 10 50 6 50 13 50 40 9 50 34 15 12 37 4 30 35 50 50 50 21 50 3 26 50 30 1 50 5 41 50 16 10 31 50 50 19 50 2 43 18 14 50 30 33 0 44 30 8 0 28 21 11 14 9 23 8 17 45 27 44 50 0 38 50 17 48 4 40 0 26 38 38 50 46 13 50 48 17 50 
50 32 19 20 40 50 34 1 33 40 18 30 17 34 48 18 39 9 28 50 34 50 40 19 50 19 45 26 38 12 50 50 19 20 30 31 50 31 7 50 46 19 28 21 22 45 46 11 39 31 31 33 50 50 4 8 18 7 4 50 32 50 13 49 1 50 50 50 25 50 17 34 50 32 26 28 40 49 28 7 50 23 50 32 43 7 50 27 2 44 7 14 32 50 50 34 27 10 17 2 50 0 42 14 20 11 6 5 50 
44 47 15 50 36 50 29 34 50 42 26 41 35 24 50 31 30 21 50 9 18 10 32 39 31 46 50 50 16 9 50 50 26 44 50 41 25 50 1 50 39 39 50 50 0 50 45 20 50 33 50 24 47 50 50 41 47 12 50 50 38 50 20 28 50 27 26 45 8 19 8 43 50 43 22 50 28 43 50 10 50 24 50 50 8 50 41 50 22 49 5 22 17 16 21 9 49 44 50 2 16 15 14 31 3 27 45 28 
50 29 33 15 34 50 24 50 50 18 12 50 39 29 3 40 50 0 22 43 9 39 19 50 50 46 39 50 50 33 50 0 4 40 48 28 46 39 50 11 50 29 5 50 0 50 21 50 50 6 50 10 47 45 47 7 50 43 21 50 20 4 30 50 8 50 3 33 26 50 40 12 45 27 6 39 0 21 26 50 38 26 25 13 42 20 22 46 37 45 12 50 50 36 27 34 47 3 8 27 21 28 50 50 50 50 14 
50 7 50 16 50 12 50 42 31 10 39 6 42 39 33 50 50 50 5 3 45 6 41 19 26 36 50 11 11 31 25 33 15 50 50 0 50 41 14 23 18 15 17 27 25 16 10 37 50 47 24 26 50 50 50 22 18 50 13 28 36 24 50 7 50 24 17 20 12 50 50 31 22 45 12 50 14 40 42 33 50 22 50 45 48 10 0 37 50 19 50 12 50 39 50 36 50 50 50 48 7 31 26 10 26 50 
6 50 7 38 3 47 47 38 43 45 33 37 1 44 35 27 44 8 50 50 13 8 50 33 19 50 4 50 50 5 49 50 19 7 42 39 50 0 38 3 50 41 50 13 44 31 33 27 50 9 26 15 28 49 48 8 50 46 26 50 42 39 50 50 50 22 12 14 19 26 9 50 7 18 46 50 4 30 17 14 16 20 50 50 50 31 42 44 18 26 35 50 20 6 41 50 43 36 13 46 50 26 23 14 36 
4 46 37 50 7 50 37 26 50 50 47 1 10 18 46 4 48 50 4 16 50 22 50 50 23 50 3 6 28 50 8 28 16 25 19 50 32 43 24 50 39 50 50 50 50 41 50 50 34 49 17 50 50 9 50 39 25 50 30 7 46 35 8 32 34 41 48 3 50 50 27 15 27 24 15 35 27 3 34 18 15 50 50 50 50 8 14 11 29 14 14 50 22 29 32 36 50 21 47 35 7 43 50 46 
50 49 50 50 6 50 13 31 50 38 50 50 50 50 6 13 38 14 32 30 50 50 9 25 50 16 50 48 21 50 50 50 6 43 32 0 28 48 11 18 20 27 41 23 35 50 10 12 34 50 48 20 50 50 30 10 50 50 50 33 20 9 22 13 20 29 17 7 3 50 34 49 25 50 50 50 50 20 17 50 50 2 37 23 32 21 50 27 25 21 43 27 6 50 33 50 12 0 50 34 50 24 11 
12 25 24 43 50 50 50 50 50 49 42 11 4 13 50 38 50 48 48 21 13 38 40 2 50 20 50 28 26 0 50 35 21 50 31 4 2 50 5 8 43 11 8 32 50 22 4 45 16 50 28 15 37 50 50 50 50 10 12 46 12 11 36 7 49 50 25 50 20 4 1 46 7 50 1 47 33 50 7 4 3 20 42 36 41 19 50 27 4 43 50 47 13 9 0 38 27 25 33 3 50 13 
25 50 44 29 16 50 34 50 50 24 8 3 28 18 50 14 24 28 38 50 50 9 14 12 27 50 10 50 26 50 38 11 40 23 50 48 28 50 50 9 29 34 14 29 49 50 26 13 25 50 50 50 50 7 40 6 50 17 50 16 14 50 35 2 45 14 7 27 14 12 50 50 2 47 12 50 50 5 33 50 38 2 6 45 15 35 35 48 9 3 44 50 12 19 50 31 32 50 49 15 26 
50 50 1 15 48 22 29 40 6 9 15 50 29 5 3 50 43 28 20 17 50 41 50 1 50 27 21 13 29 50 50 50 50 21 35 50 50 45 6 2 22 50 29 36 6 22 50 50 14 38 41 36 25 50 19 39 1 47 34 50 11 50 5 50 50 50 38 29 19 33 50 48 8 37 50 10 11 50 50 0 13 46 50 50 50 3 50 44 46 49 5 50 41 16 50 34 26 43 23 50 
21 20 16 50 14 13 50 16 39 34 50 8 23 16 20 49 50 50 34 29 2 3 50 27 50 8 21 46 24 37 44 20 48 44 33 36 4 50 50 33 47 43 39 50 9 45 7 37 47 12 46 12 37 36 23 25 15 0 50 50 50 21 25 6 20 13 50 4 22 50 20 29 8 26 37 50 50 45 16 44 3 31 50 36 7 23 40 37 43 8 50 50 43 50 50 32 33 50 50 
40 25 33 49 50 50 0 7 47 2 2 38 6 50 41 15 12 46 15 49 3 21 50 50 49 4 50 50 2 28 18 44 4 7 0 33 50 13 39 50 50 38 28 7 46 29 23 13 50 18 50 26 50 28 50 18 12 27 39 50 50 50 14 50 50 33 18 2 42 13 4 3 31 8 50 40 47 6 50 27 48 0 46 1 11 10 29 50 50 50 39 41 50 13 38 43 50 50 
12 49 12 44 23 19 19 25 5 43 40 21 27 10 10 46 50 31 2 50 50 25 50 32 50 38 50 21 50 37 4 33 50 50 47 3 50 24 48 16 50 5 48 8 50 27 41 50 50 30 43 39 50 49 17 50 5 41 25 29 50 50 11 50 5 50 21 37 48 32 36 11 23 8 22 50 7 49 18 50 0 22 2 50 16 1 6 50 50 1 8 26 44 4 17 36 11 
20 42 24 11 50 50 50 9 48 14 50 25 6 31 10 50 48 50 50 13 50 50 7 48 39 33 19 32 17 38 50 50 14 40 1 28 43 50 39 47 19 32 50 47 41 50 32 19 50 50 40 50 39 22 33 50 48 50 3 50 50 9 11 50 28 39 3 45 50 50 37 34 46 40 50 50 23 50 21 2 43 50 23 39 27 50 23 35 40 18 30 50 50 50 50 24 
24 50 37 16 50 50 29 47 40 50 15 28 44 50 36 32 40 43 50 16 50 17 50 19 22 26 46 44 20 21 50 6 35 50 50 0 5 50 48 50 50 28 30 50 11 50 13 20 50 33 45 50 50 50 25 50 42 14 16 25 0 50 3 4 50 1 32 50 43 50 41 50 6 15 31 50 50 40 13 1 50 1 1 21 5 45 15 25 20 31 12 29 28 6 50 
42 0 28 50 29 33 43 26 15 50 50 48 50 0 47 50 2 24 28 50 1 45 50 38 50 18 50 50 13 23 50 40 2 7 50 33 50 2 45 0 50 15 34 15 10 21 23 48 39 50 50 50 50 9 50 50 38 40 31 40 50 7 35 10 50 21 12 2 41 50 13 38 44 50 46 15 50 7 44 49 9 44 1 50 44 20 49 35 19 50 47 12 29 50 
21 0 48 3 3 17 50 50 50 50 50 48 23 17 33 19 29 21 34 45 50 44 10 46 50 50 30 12 15 50 14 50 41 7 11 38 50 50 50 47 25 50 41 50 24 16 2 50 18 24 7 24 50 40 3 7 45 50 19 26 0 50 16 28 35 13 50 13 50 50 50 38 14 48 15 50 50 2 41 50 0 31 24 2 24 50 50 50 35 50 19 21 13 
14 30 14 5 18 50 50 7 50 9 31 22 50 22 10 14 8 30 37 3 31 9 50 1 43 20 35 21 19 50 50 50 48 48 20 49 50 14 47 10 15 6 30 32 45 11 50 50 39 50 32 26 22 17 23 9 35 24 10 50 20 34 50 7 25 50 16 47 50 29 50 50 27 50 33 37 40 43 45 20 50 23 44 50 46 50 5 50 35 19 50 1 
50 21 44 33 11 8 50 48 25 44 49 27 50 3 50 50 14 17 21 32 38 42 50 23 48 50 25 29 10 42 50 7 50 32 50 26 50 34 50 50 3 34 42 40 50 46 34 8 50 50 50 50 20 17 31 9 1 39 50 16 1 38 50 43 50 9 40 50 50 50 16 31 50 46 16 11 50 50 42 5 13 23 34 50 38 43 50 21 40 18 35 
13 35 50 50 50 22 35 15 22 37 26 50 29 17 21 50 50 31 14 27 10 50 9 25 26 14 50 43 50 50 0 50 50 43 15 50 1 15 50 42 50 8 50 36 50 45 50 50 37 29 2 28 32 47 20 39 24 50 44 31 3 31 27 45 6 5 50 50 50 43 50 50 3 50 7 15 50 50 48 1 4 50 6 12 39 50 41 50 11 15 
32 50 19 33 4 34 50 34 50 40 48 37 34 50 13 31 49 3 49 50 5 50 50 36 50 50 39 8 44 48 26 27 50 4 31 47 27 50 26 37 25 45 42 40 21 33 8 17 43 50 50 38 50 37 30 44 50 50 34 13 50 7 22 50 21 19 50 38 9 23 44 28 48 44 50 50 38 22 50 27 50 50 50 33 33 17 22 49 24 
50 8 50 50 30 29 32 31 46 35 24 50 50 26 7 26 16 0 50 50 16 46 50 34 5 18 40 13 5 9 50 45 31 25 0 19 50 27 50 50 11 19 22 2 4 50 18 7 50 2 31 2 1 39 50 19 3 50 36 50 42 13 16 50 50 5 50 50 50 16 13 3 23 50 30 38 50 50 18 29 50 50 19 45 50 44 14 34 
19 40 27 0 37 24 0 50 47 26 13 50 38 50 25 50 50 18 49 40 50 5 17 15 24 50 14 50 33 14 50 38 29 15 34 10 50 50 39 11 32 35 49 11 19 30 26 50 31 17 21 3 45 41 50 50 36 45 41 18 4 47 50 47 50 50 44 50 43 50 8 0 50 43 50 28 50 7 50 4 50 14 50 50 17 31 48 
3 50 21 8 50 46 50 39 50 50 12 30 48 26 14 22 14 35 7 23 33 44 28 2 50 50 16 16 50 45 31 4 9 37 50 50 1 2 41 24 3 50 30 43 20 2 50 24 27 50 29 50 33 17 49 5 50 50 40 13 19 50 43 37 38 23 34 37 12 50 33 37 30 11 35 7 44 23 43 27 11 0 37 50 49 21 
44 16 50 12 50 8 8 48 50 41 50 50 37 4 40 50 43 50 50 2 12 50 50 50 27 36 50 27 3 50 0 18 32 44 32 13 0 17 50 30 50 46 8 42 50 0 11 34 49 32 25 28 5 50 50 7 2 4 39 34 1 50 50 50 12 6 38 22 24 0 33 27 8 50 9 50 5 16 48 10 50 47 15 50 50 
47 10 20 22 17 50 14 0 2 48 50 50 50 31 30 50 50 12 21 7 33 13 30 50 36 50 50 25 20 43 19 40 50 28 15 40 33 50 7 45 18 26 50 25 47 22 45 36 26 50 29 41 50 25 35 22 4 46 12 50 25 50 34 38 50 50 47 30 2 28 50 8 40 50 44 1 16 49 5 23 35 18 29 19 
36 15 22 50 24 46 50 21 28 33 17 50 10 8 50 50 13 43 22 24 25 20 50 50 22 43 12 46 11 43 40 50 50 2 28 21 18 50 32 39 50 50 48 43 8 50 35 50 31 5 36 3 0 50 50 50 24 10 5 1 50 50 41 17 50 21 50 23 35 9 50 42 14 7 50 48 50 12 22 50 12 16 48 
30 50 41 50 4 50 50 24 33 50 50 15 50 50 21 42 6 50 50 31 48 50 18 50 17 39 17 17 21 50 50 50 32 50 50 27 46 38 1 24 36 31 6 20 18 50 5 12 38 50 50 18 20 50 19 50 44 4 50 7 44 50 13 3 50 33 50 21 35 50 7 50 6 50 27 25 49 10 35 7 42 50 
49 7 50 28 42 49 50 34 50 5 50 32 20 50 42 50 14 37 13 26 14 1 40 28 1 50 34 17 27 50 50 18 37 28 47 48 50 30 50 38 50 50 44 39 39 50 42 39 5 27 26 40 29 6 50 37 50 45 30 50 50 50 39 27 50 50 0 11 50 49 16 21 30 21 23 17 50 28 27 15 36 
50 28 42 35 28 38 50 49 50 9 50 9 50 38 37 38 50 50 48 50 9 50 50 19 50 50 32 50 34 50 50 11 23 47 38 6 50 50 50 27 16 46 7 50 46 38 50 50 47 30 39 20 19 6 28 50 49 0 6 50 50 50 8 0 6 34 28 13 50 40 50 30 34 5 27 5 50 50 18 19 
5 11 50 26 14 4 43 6 29 50 23 44 8 50 41 24 0 0 47 50 14 4 50 50 50 50 33 50 50 50 26 50 22 14 42 50 50 17 24 16 32 50 8 50 14 20 11 44 16 41 15 23 43 11 42 45 7 50 45 2 14 35 24 7 13 44 50 16 9 34 41 1 46 24 13 24 38 13 8 
27 30 12 30 47 50 31 50 29 44 47 20 47 38 18 50 31 37 13 44 18 48 24 8 38 50 22 42 50 10 50 50 25 10 27 50 50 50 3 49 40 0 20 50 50 4 50 50 22 37 10 23 30 25 29 50 35 3 28 50 16 33 50 37 50 42 15 50 4 50 50 50 35 2 28 33 33 11 
46 50 42 50 13 25 7 3 0 50 35 50 6 50 50 50 50 40 17 3 50 18 50 50 7 50 48 14 18 50 15 18 6 50 5 31 6 50 28 2 50 37 17 41 29 27 50 50 27 50 50 34 45 50 39 40 50 50 50 50 50 33 30 11 30 12 47 37 29 50 7 49 34 17 17 43 8 
50 4 7 50 50 12 50 18 10 37 50 24 50 22 44 20 35 5 50 50 27 50 50 9 3 40 50 1 25 39 31 50 50 42 50 50 24 50 15 33 29 26 0 5 20 26 33 50 50 14 12 14 3 4 13 14 50 1 37 27 35 22 36 50 29 40 50 50 30 2 42 44 46 8 42 9 
43 33 12 42 29 50 50 22 4 50 1 50 11 1 8 25 50 50 50 7 29 43 50 11 50 50 10 47 14 21 28 50 46 48 50 30 33 46 50 50 50 21 50 15 30 50 30 7 38 22 50 3 30 43 50 0 50 12 36 50 25 5 1 37 6 35 35 50 31 50 27 31 42 10 48 
16 21 42 0 50 45 4 32 50 50 50 4 50 50 50 11 50 50 26 42 29 25 28 50 50 10 9 26 0 40 50 34 50 46 49 0 45 32 50 25 50 5 3 43 50 38 50 50 50 11 31 30 3 50 4 50 32 34 50 26 21 50 50 20 7 48 39 23 49 40 35 50 7 47 
36 7 50 17 4 2 45 31 10 10 25 50 50 6 31 50 1 50 5 15 42 19 34 46 18 39 1 49 50 1 1 50 1 4 21 18 50 34 2 20 50 25 26 45 20 1 34 50 23 47 19 24 50 11 9 50 43 37 49 0 15 17 24 20 30 45 9 32 50 46 32 14 50 
13 17 50 50 0 45 10 24 25 37 34 50 3 31 38 12 22 50 50 22 46 50 44 50 31 50 35 11 26 38 28 36 50 27 9 50 50 24 9 14 38 4 4 42 39 50 26 21 11 33 17 46 34 50 45 4 31 5 21 50 50 38 42 34 46 24 0 22 37 42 50 50 
11 42 50 0 50 8 50 50 41 20 40 3 12 17 50 50 50 50 7 33 31 50 7 16 45 25 46 11 14 44 12 30 11 33 50 20 22 6 22 38 26 7 17 50 10 8 1 13 16 50 50 50 8 12 46 50 4 50 50 23 27 50 17 40 29 12 18 42 16 33 34 
50 34 24 41 0 39 50 17 50 29 19 2 37 28 14 40 50 7 47 10 26 46 2 5 50 50 50 16 27 19 0 21 36 2 47 43 43 18 38 50 17 45 13 41 42 29 8 20 8 50 6 48 50 27 19 10 50 3 1 24 41 38 43 41 8 8 50 2 42 27 
36 50 30 50 50 5 50 50 7 32 32 35 35 21 5 50 50 29 50 50 50 50 7 23 4 13 50 33 49 50 38 22 15 50 50 50 34 50 41 25 23 26 50 32 50 29 23 50 49 50 50 43 37 46 50 16 45 47 12 15 50 50 50 38 36 1 50 35 25 
22 50 0 50 32 44 39 36 22 15 40 50 6 0 50 50 33 9 34 10 38 44 50 30 50 41 48 50 27 50 7 50 50 46 15 0 47 35 50 16 43 5 8 41 50 50 32 9 32 31 28 6 40 35 37 50 50 16 13 5 11 50 36 24 44 31 15 50 
23 33 50 21 50 50 15 15 10 41 14 50 5 32 12 22 8 50 50 50 25 50 17 50 50 18 50 35 50 50 50 18 45 50 21 3 50 10 9 50 50 11 19 50 50 33 19 50 43 39 18 35 4 6 12 15 50 9 9 21 50 24 24 50 49 50 50 
50 46 11 6 6 36 50 6 20 24 6 50 50 5 50 35 22 28 48 12 22 30 50 43 15 50 0 26 4 13 9 16 47 35 26 50 50 50 14 27 50 32 4 38 4 50 13 36 42 50 26 50 4 33 10 25 50 16 9 37 33 25 50 50 50 50 
15 12 4 26 50 38 7 31 5 50 29 41 13 34 11 33 27 46 50 12 0 49 45 45 27 2 9 42 36 29 49 42 50 50 39 9 40 50 23 40 29 19 7 21 29 28 38 28 50 31 40 30 4 11 35 50 35 39 4 7 1 31 50 30 22 
41 50 35 18 50 32 50 41 39 45 50 14 22 30 50 33 35 7 47 50 5 7 10 34 44 37 14 29 41 48 39 46 3 3 50 21 30 50 25 50 43 20 50 27 50 10 26 50 26 25 25 50 50 50 16 25 50 16 25 40 35 50 26 50 
22 50 48 46 50 37 20 39 50 6 50 44 34 50 19 32 50 12 50 12 43 50 50 1 33 29 43 50 19 14 27 8 28 24 50 39 23 28 50 50 50 50 3 45 44 50 50 50 2 43 25 50 50 9 2 29 12 26 50 8 3 50 6 
9 0 21 50 8 34 22 26 3 34 49 40 42 12 50 19 7 50 50 12 50 17 3 26 41 50 50 50 50 39 45 42 22 44 2 7 18 6 14 38 9 48 50 50 16 50 50 33 45 50 28 49 25 33 50 50 16 30 39 50 42 50 
19 50 50 50 49 40 4 17 50 26 25 49 40 35 27 30 50 50 13 28 31 22 12 39 21 50 21 50 29 46 24 40 20 38 11 27 16 2 12 33 50 50 7 39 37 50 31 41 11 43 42 32 39 19 50 3 18 9 48 30 30 
46 12 6 26 50 15 50 15 49 50 4 16 50 50 39 50 50 31 16 48 35 16 50 50 13 50 14 50 50 50 50 12 4 34 28 9 31 50 35 22 50 48 50 42 50 5 50 10 14 42 49 5 50 42 50 50 40 7 31 3 
50 50 41 7 20 32 50 50 48 23 0 13 50 44 42 13 39 50 50 41 22 50 32 50 42 50 46 1 50 50 50 50 12 31 5 50 22 0 19 13 20 5 7 50 50 50 50 10 21 45 3 22 13 50 3 16 45 50 6 
40 50 6 47 50 50 15 50 48 3 50 50 46 50 50 14 15 13 50 2 1 39 19 25 50 39 6 50 0 17 15 50 13 46 8 50 37 42 10 3 8 50 44 50 31 50 50 50 50 50 32 50 50 33 46 1 33 2 
6 6 50 18 50 16 12 5 31 46 9 9 24 42 2 50 8 32 50 14 36 50 30 36 33 12 10 41 50 50 45 49 48 24 33 50 25 45 45 39 50 36 38 39 11 35 50 29 49 35 36 20 49 27 32 4 50 
21 1 27 42 28 39 21 33 39 4 50 38 40 14 30 50 23 50 11 35 43 8 34 50 41 48 38 40 39 14 28 7 36 37 50 37 2 6 38 41 16 3 2 18 38 50 4 33 50 4 4 21 13 41 42 50 
27 50 10 31 50 0 50 20 34 50 17 22 50 23 33 36 6 37 3 16 50 50 50 34 32 19 1 0 1 14 9 33 43 33 42 23 43 50 6 21 50 34 42 22 28 29 48 24 2 50 50 10 18 23 48 
50 41 50 50 25 39 22 41 48 13 27 40 34 50 50 40 50 12 50 50 37 50 42 33 17 11 2 19 30 22 34 8 14 29 40 21 50 49 49 12 2 11 50 50 42 10 50 23 36 21 37 50 3 50 
42 50 50 4 50 23 46 50 48 3 36 50 22 43 25 47 50 28 50 2 10 49 33 44 38 29 19 2 32 2 38 16 32 2 50 32 48 27 3 42 50 50 50 16 15 38 9 41 36 23 24 50 12 
33 2 50 41 20 50 50 41 29 50 50 37 9 12 0 44 8 40 50 43 29 30 20 50 34 34 25 50 31 50 15 26 25 13 50 50 8 10 50 35 11 50 47 16 23 42 32 35 36 29 28 31 
34 45 50 33 10 10 34 18 38 17 26 25 42 16 15 8 50 19 50 49 12 50 50 1 31 50 5 2 50 40 12 16 25 33 4 39 50 50 50 50 5 30 41 0 22 50 41 50 13 34 44 
50 14 23 50 28 50 29 9 50 0 22 44 4 16 50 12 22 37 19 50 27 32 50 0 46 30 2 42 50 43 7 34 50 15 49 33 33 29 17 50 35 50 35 18 50 30 2 4 50 4 
25 10 50 50 43 50 25 50 44 33 44 50 0 30 28 50 50 31 32 32 40 50 14 50 50 50 37 5 27 30 7 14 10 50 50 22 30 14 26 14 25 11 10 30 27 0 30 35 50 
16 26 50 7 50 40 50 50 37 50 14 50 50 39 18 50 23 50 50 31 50 8 38 45 40 0 10 18 3 35 44 42 10 36 42 5 14 50 0 27 23 14 20 23 16 44 24 2 
50 50 50 9 42 22 50 19 44 28 1 50 2 10 50 50 10 50 50 50 15 50 35 13 50 42 50 50 15 31 30 45 22 50 43 38 4 22 34 12 14 50 46 6 50 50 37 
5 50 4 46 50 50 22 50 14 36 48 6 27 0 32 50 36 4 6 50 47 50 50 44 39 50 30 44 4 50 41 44 5 4 7 24 49 50 50 0 50 43 50 29 45 50 
46 50 50 50 21 50 6 50 33 50 50 19 10 3 5 49 38 18 38 50 11 33 40 50 35 50 50 38 37 40 40 1 36 5 50 28 0 38 18 42 35 20 50 1 24 
35 50 50 35 40 50 50 10 50 50 12 7 47 34 0 50 2 49 48 47 34 50 49 16 18 50 25 21 40 50 6 50 50 44 44 50 27 50 42 36 36 34 39 34 
19 41 25 34 48 17 20 50 3 1 38 24 36 13 26 10 15 39 24 32 32 42 50 17 35 38 50 26 7 8 4 6 31 3 13 50 50 23 15 22 3 7 45 
5 6 24 50 32 9 50 50 15 23 50 35 50 28 50 26 39 22 41 21 11 20 41 35 50 50 50 25 50 46 32 5 21 50 50 18 15 20 23 8 50 50 
50 11 33 14 27 50 11 20 22 50 8 4 0 50 45 21 44 50 24 0 27 38 50 22 39 5 26 50 0 3 17 50 13 4 49 48 42 50 29 38 10 
50 21 39 50 14 32 15 50 50 24 7 41 31 44 20 33 24 50 22 4 50 39 47 6 42 50 34 15 47 25 43 50 50 50 50 0 8 13 14 50 
49 29 50 28 40 16 10 50 46 19 48 5 39 40 25 15 20 50 44 36 34 39 12 6 50 23 32 5 37 42 11 8 20 5 0 50 50 50 50 
50 37 19 18 50 33 15 29 6 26 24 8 50 13 1 50 50 50 18 3 10 50 26 50 40 40 50 17 18 34 44 29 50 28 22 14 31 20 
32 35 18 50 38 13 47 50 37 49 4 50 17 35 50 50 1 31 40 20 25 50 50 50 31 14 5 40 50 37 50 50 50 39 50 39 10 
50 35 5 26 13 48 23 28 39 50 50 50 42 15 50 4 29 50 31 20 36 49 50 23 18 8 50 27 50 50 0 50 47 39 50 27 
32 1 50 50 47 42 49 1 10 50 19 5 35 50 11 36 50 50 27 50 24 50 50 50 37 14 44 24 20 21 15 47 42 34 50 
38 27 17 43 45 33 50 2 50 49 44 8 50 50 36 37 50 50 22 12 23 7 50 48 8 31 27 30 50 12 50 50 50 50 
38 50 43 1 25 19 20 4 50 45 10 35 32 50 30 50 42 16 17 33 12 50 50 44 35 24 50 50 43 1 37 44 45 
29 50 29 49 49 3 1 50 24 30 50 46 50 12 30 50 50 35 20 12 50 0 35 50 22 7 50 46 1 50 40 29 
0 50 28 50 50 9 6 26 50 50 50 28 50 41 50 48 50 49 47 50 50 29 23 26 50 50 50 50 37 18 50 
48 14 50 50 23 50 37 42 31 37 3 50 50 31 41 50 50 15 47 23 19 30 46 50 33 6 18 7 50 50 
0 35 42 43 41 50 42 28 50 49 30 6 13 15 0 50 27 0 28 50 50 30 8 22 17 50 50 38 32 
11 6 7 23 24 17 14 50 50 31 50 50 50 50 1 31 33 50 50 34 29 7 23 18 19 33 36 7 
32 20 29 22 6 3 39 27 38 30 50 48 10 50 18 12 50 50 50 41 3 26 44 50 21 30 45 
9 46 44 50 42 27 24 50 38 21 16 15 33 50 50 3 19 41 50 20 24 50 11 50 4 45 
0 5 26 5 48 50 43 19 19 49 33 31 29 34 28 50 17 49 50 22 13 0 24 9 50 
10 50 30 35 4 22 50 50 44 25 50 12 25 50 26 9 50 31 40 50 49 21 50 50 
22 45 45 15 47 50 44 50 50 26 25 50 50 36 46 4 30 50 11 1 3 4 49 
47 50 50 18 50 50 50 0 27 32 34 24 6 50 50 18 14 49 34 20 35 0 
3 34 13 50 46 50 35 50 50 50 38 50 10 37 8 30 18 50 43 46 36 
34 16 50 50 50 33 2 50 48 50 46 50 50 32 49 42 24 50 32 50 
43 19 7 50 45 47 43 50 50 38 7 50 46 1 21 50 15 36 50 
10 50 34 11 50 4 50 50 39 18 50 4 24 0 8 22 43 20 
50 50 50 50 7 19 35 21 25 12 50 0 32 8 40 26 18 
16 50 23 38 50 42 39 42 50 50 50 44 44 41 48 50 
23 50 50 50 4 19 50 36 45 13 40 45 32 27 10 
50 7 50 0 11 50 35 32 50 34 9 35 36 15 
32 47 27 50 49 50 50 50 50 26 38 27 34 
26 25 6 37 50 19 20 7 25 37 2 50 
50 12 50 50 50 16 1 38 50 1 0 
50 8 50 33 50 28 6 29 50 50 
38 6 7 25 19 10 41 20 50 
41 16 50 20 50 50 50 0 
14 35 50 22 26 3 3 
50 11 19 40 0 10 
30 16 50 25 24 
50 22 50 46 
48 48 16 
16 50 
13 

