200 50
50 47 7 39 0 16 50 26 19 50 50 42 39 45 4 5 50 32 6 12 12 15 4 10 26 26 21 10 50 26 50 22 43 11 48 43 35 37 50 50 16 41 22 3 28 50 50 50 36 8 44 23 50 50 18 31 20 39 39 0 27 7 38 36 18 15 18 1 25 31 36 19 2 14 15 50 42 23 50 14 18 50 21 47 12 37 43 4 8 25 42 50 23 26 31 25 45 1 2 32 11 8 20 43 47 50 34 44 35 2 24 42 47 24 17 2 26 50 9 21 30 14 50 2 2 28 1 23 39 50 33 44 19 26 13 50 2 38 41 50 2 17 50 22 50 4 11 0 3 10 8 19 0 34 47 8 23 44 48 23 1 43 13 13 37 13 7 5 50 3 43 25 47 50 32 13 2 9 40 50 28 13 39 35 0 50 23 34 39 22 9 14 50 30 9 17 43 5 17 
25 38 7 9 38 50 22 50 19 2 31 27 6 29 42 13 50 47 50 8 24 50 22 12 33 50 43 31 17 11 2 13 36 32 41 24 23 33 50 49 6 48 11 33 17 22 44 41 6 20 44 14 8 49 31 50 50 6 1 5 10 19 9 50 50 27 50 32 11 10 50 34 0 14 50 36 47 26 33 19 40 37 13 27 50 28 38 36 19 16 46 50 45 27 15 10 9 33 8 8 10 20 5 50 46 49 1 7 29 18 42 50 8 50 14 13 20 50 4 22 45 7 13 41 38 3 47 8 26 11 41 2 45 48 42 48 32 11 41 2 32 46 23 50 37 25 12 50 50 1 32 46 20 40 35 19 49 50 23 22 22 46 25 50 50 34 20 14 17 21 50 11 47 5 26 45 14 12 47 10 14 50 19 17 50 40 3 26 50 32 23 21 36 5 7 1 15 46 
34 41 17 45 30 37 35 47 26 18 49 25 3 0 40 4 25 5 4 37 31 2 50 0 49 35 50 11 44 29 19 34 46 49 31 41 4 45 40 48 30 9 50 16 12 2 17 50 43 41 7 10 48 7 12 22 18 39 7 17 2 36 5 49 26 44 0 19 43 50 26 50 26 11 36 15 36 50 25 33 35 26 32 21 47 8 40 24 50 13 31 36 17 8 48 46 16 50 12 45 50 14 32 33 43 42 24 31 10 50 50 50 32 32 35 38 12 7 10 6 28 50 23 18 50 4 28 33 7 50 36 31 44 25 18 44 14 12 5 50 0 26 39 44 41 34 34 50 26 43 2 10 33 50 42 45 1 37 14 47 50 36 9 18 50 13 29 29 38 30 21 50 20 14 2 13 0 30 31 45 24 50 25 18 23 9 46 26 7 33 28 50 46 34 22 35 24 
47 3 6 45 21 50 47 50 23 35 40 21 2 20 38 11 49 45 50 26 22 30 34 42 18 44 40 11 4 50 50 28 19 50 15 2 12 20 50 0 50 35 50 25 43 16 15 44 40 24 48 50 50 50 13 9 24 50 14 4 21 31 34 39 37 25 8 3 50 21 50 16 0 50 37 29 50 30 50 23 3 28 42 31 2 42 1 41 9 47 24 21 10 12 12 39 46 14 11 35 24 7 16 1 22 12 50 41 46 46 9 50 45 50 41 30 49 34 35 20 50 41 43 2 24 10 42 48 47 30 37 31 50 18 21 23 36 43 37 48 15 1 29 0 16 21 21 44 23 24 22 41 31 2 37 50 37 26 4 14 19 3 34 50 50 24 50 4 15 13 17 42 11 17 11 13 28 50 27 25 50 4 11 35 50 2 41 4 50 27 7 24 26 26 27 9 
0 43 49 21 1 7 40 16 3 7 31 40 46 34 14 19 23 42 50 41 46 37 50 50 15 50 45 7 35 0 4 9 20 25 19 29 38 29 25 11 44 50 43 18 20 50 10 9 23 50 1 4 34 13 0 20 50 28 42 29 43 24 50 33 1 16 27 44 39 4 41 42 50 44 50 8 32 4 6 50 50 6 38 3 4 28 6 11 44 18 22 50 21 25 40 42 17 13 36 30 20 40 34 49 21 2 22 47 18 0 14 30 36 25 23 13 25 3 11 24 36 13 10 24 14 6 37 7 43 5 50 26 33 47 50 50 9 50 47 32 45 21 32 19 50 35 50 31 29 36 25 17 47 3 31 27 45 8 31 44 3 4 50 30 44 42 19 40 50 28 28 50 50 1 47 3 41 50 20 36 27 47 10 2 3 31 43 50 1 6 19 50 50 50 43 
12 42 33 48 43 32 26 5 29 15 30 50 14 50 15 11 21 9 32 23 49 50 13 35 50 7 11 35 50 42 13 6 35 46 25 50 36 41 16 25 25 11 42 1 37 30 21 44 50 40 28 36 50 31 16 50 9 6 14 8 24 0 20 35 43 32 44 5 14 50 32 50 31 19 28 35 32 50 50 11 50 35 47 16 44 14 36 46 32 9 37 14 15 35 48 21 47 49 5 17 24 50 41 29 14 49 31 33 24 26 36 23 50 29 2 7 48 10 50 25 8 40 43 50 10 22 50 37 10 10 2 13 5 14 48 26 36 39 24 12 19 29 50 30 12 18 0 6 12 32 48 50 42 9 10 2 30 19 3 23 14 8 36 45 30 9 9 11 27 45 34 48 46 8 33 50 2 16 29 15 2 42 12 18 49 0 8 0 6 48 50 0 8 33 
50 19 20 1 49 7 11 10 9 19 34 41 33 50 50 7 47 49 42 48 46 50 2 43 44 24 43 36 49 39 13 33 50 33 45 0 50 6 49 50 3 21 37 22 37 35 28 36 18 35 48 33 14 27 4 47 20 31 17 10 8 42 4 34 12 24 50 43 9 5 1 16 50 7 50 50 45 37 19 26 10 13 35 3 23 9 3 9 14 25 43 50 13 39 7 0 33 44 27 18 39 23 45 47 15 50 1 50 50 23 22 41 50 1 4 50 42 50 50 27 50 40 28 40 0 5 31 12 28 50 9 33 50 15 31 44 50 12 9 40 40 40 43 38 33 36 0 1 21 4 25 28 21 50 14 50 43 34 23 50 17 50 13 44 41 38 41 28 14 13 42 7 0 5 35 41 13 20 32 11 36 32 1 50 37 37 10 4 50 31 21 41 21 
43 41 33 7 14 48 25 4 5 33 44 10 42 7 3 10 11 50 49 27 8 39 43 36 21 50 25 7 50 50 19 50 32 25 45 6 8 12 50 44 36 5 17 50 25 45 10 31 21 23 43 16 50 22 4 41 37 14 31 50 19 4 21 50 50 13 50 17 39 6 42 4 33 5 31 5 10 32 41 17 24 50 26 26 41 27 38 50 31 28 13 18 37 23 31 47 33 50 7 6 46 11 42 15 38 38 31 15 12 10 50 21 22 20 50 8 43 30 19 32 48 0 24 4 9 30 42 50 20 30 49 6 25 32 0 37 35 30 2 28 1 34 50 50 46 45 24 3 18 38 34 5 25 22 2 22 50 26 50 12 50 50 49 16 44 16 5 50 24 41 50 3 47 28 11 7 50 34 26 30 45 19 48 12 49 9 50 50 23 16 5 20 
38 45 8 50 31 5 9 42 50 33 50 46 4 1 26 50 44 27 13 6 25 1 27 17 30 46 50 50 50 27 18 3 46 32 11 50 48 50 49 50 8 11 25 12 29 16 23 45 41 5 50 7 20 50 23 20 18 43 50 50 34 38 26 50 19 1 49 1 32 32 50 12 12 49 7 50 3 50 47 7 50 39 50 30 20 3 36 23 26 40 38 48 42 22 15 41 50 13 50 24 16 43 13 32 12 40 37 23 28 50 50 17 50 38 32 38 17 4 44 25 47 2 5 0 5 50 4 18 23 32 12 13 4 50 50 44 21 29 43 17 50 46 31 41 50 39 45 14 17 0 46 48 45 42 37 3 27 21 0 17 17 32 43 8 45 4 34 50 50 19 25 21 42 48 21 16 45 23 49 24 38 50 8 41 50 50 17 50 50 8 46 
1 17 1 27 38 19 0 29 19 15 50 22 28 49 40 22 28 33 37 50 20 5 5 28 18 33 50 24 12 50 11 24 50 50 35 50 18 4 38 41 41 50 7 20 27 50 11 43 8 35 50 6 12 9 29 42 11 8 48 50 50 1 13 1 14 43 11 24 7 50 47 50 15 26 50 16 44 50 50 29 2 50 50 50 50 27 13 45 19 50 21 50 34 25 12 1 41 50 16 0 27 50 50 39 7 24 25 50 42 50 41 31 8 46 50 42 43 23 50 50 50 50 46 3 46 6 37 8 50 25 31 22 13 32 2 44 41 11 45 11 2 5 20 5 50 17 3 13 7 50 19 35 37 3 25 48 43 34 29 8 23 40 2 43 50 48 8 2 49 2 16 8 24 50 50 17 8 36 35 21 19 40 23 20 42 2 16 28 29 50 
39 22 9 50 17 15 14 49 47 16 1 27 19 39 50 50 49 22 40 20 39 26 50 6 50 20 14 36 50 25 23 48 24 41 50 14 22 36 49 50 11 35 47 16 23 50 50 50 14 47 16 28 24 5 50 16 16 0 19 50 19 50 50 20 30 18 45 24 40 50 50 42 20 50 2 2 50 15 35 41 23 9 44 42 43 50 20 50 36 50 34 31 14 26 32 50 26 32 26 37 50 17 9 50 15 50 47 31 27 3 44 40 11 37 25 22 49 4 50 40 35 14 49 16 29 2 11 25 50 45 47 37 47 24 0 30 50 23 35 43 18 50 50 50 11 10 48 44 38 44 46 50 36 50 42 49 31 39 50 3 50 27 50 4 50 35 50 33 50 12 5 5 30 1 23 37 36 43 36 11 24 36 40 50 50 44 1 24 31 
50 32 37 44 20 41 47 39 36 5 34 44 32 34 39 50 12 9 31 5 15 20 14 44 25 48 37 42 50 23 44 18 12 50 26 50 50 50 31 50 50 10 48 44 50 3 46 50 36 44 8 12 50 29 50 2 36 43 40 37 31 8 50 39 21 33 50 34 45 6 50 14 40 14 50 26 42 38 12 27 35 50 50 32 3 47 13 41 35 32 29 19 35 2 50 50 45 50 36 8 46 48 26 46 29 50 14 50 26 17 20 50 22 27 31 37 48 3 14 40 39 31 40 8 37 29 17 10 23 50 17 34 50 48 41 37 50 25 50 33 36 50 50 40 43 27 4 34 50 50 11 30 33 27 19 7 10 12 50 34 35 50 50 20 42 34 30 38 47 27 31 43 45 50 28 7 16 47 33 4 20 23 31 32 4 19 44 50 
12 43 50 0 50 39 44 26 50 50 1 44 50 40 50 28 50 11 4 48 1 50 50 50 42 1 9 22 50 6 41 42 46 50 41 34 8 50 38 4 9 46 50 42 50 18 41 48 5 13 46 48 46 50 10 0 12 11 28 41 23 49 50 28 50 50 18 9 29 47 26 50 27 50 5 4 47 22 16 34 30 35 35 18 20 50 10 46 50 7 44 50 39 50 43 34 36 17 2 35 50 19 11 37 17 50 50 26 50 34 13 23 36 50 43 15 50 10 36 39 23 36 29 32 8 7 3 40 50 25 23 49 46 43 35 35 44 35 14 22 13 20 50 50 33 22 0 17 47 22 33 50 15 38 25 26 47 25 28 34 50 0 4 31 50 28 8 39 29 34 22 8 14 10 50 50 19 50 45 18 18 15 50 45 3 0 50 
10 4 43 50 19 39 46 26 50 50 50 27 38 42 16 50 35 50 50 41 38 50 42 43 36 20 21 26 25 3 9 46 24 16 29 8 45 50 8 2 47 50 43 50 45 16 35 17 36 29 42 37 33 7 22 12 50 2 10 33 8 41 28 12 50 29 30 2 6 50 41 14 3 21 48 26 40 31 29 50 50 34 38 31 0 50 38 21 40 30 38 37 34 26 29 10 27 34 12 50 1 33 50 25 24 5 50 15 17 42 23 19 3 50 50 10 50 1 23 42 17 14 12 25 50 50 18 29 23 26 50 38 1 26 50 22 0 3 23 16 50 14 50 34 41 11 43 17 27 46 29 50 28 44 44 49 13 31 50 7 50 7 38 16 50 17 16 7 0 30 49 50 17 50 8 50 50 27 18 29 50 16 1 50 32 47 
21 11 20 2 13 44 36 50 1 50 26 50 2 50 50 14 40 22 50 50 18 50 32 36 1 5 50 8 23 45 30 18 6 5 14 49 29 30 43 20 48 1 2 50 33 2 5 34 19 10 39 27 49 32 32 22 37 14 41 50 47 23 5 50 50 23 48 9 22 12 31 5 42 42 8 28 36 17 20 4 3 37 31 39 50 21 43 21 50 29 46 1 13 50 26 22 45 48 42 12 0 38 48 50 11 50 34 8 12 1 16 50 17 39 10 34 49 46 16 40 26 0 12 40 31 50 14 11 50 38 50 10 40 50 24 20 22 24 13 50 32 32 50 50 1 24 20 50 1 43 47 48 50 16 50 42 50 50 12 43 50 50 4 42 0 44 12 13 0 43 22 5 3 10 47 17 45 43 50 50 22 6 22 3 17 
21 15 50 50 30 50 44 50 7 50 50 34 0 50 35 35 46 50 50 50 40 2 29 1 50 50 2 20 28 38 34 50 13 19 50 45 27 12 7 40 22 50 50 28 35 25 43 36 43 35 29 1 21 33 50 50 39 42 0 48 27 50 17 22 50 40 20 19 50 38 33 21 50 38 50 2 15 39 50 26 50 50 25 40 34 50 21 11 35 48 44 3 27 41 41 28 45 50 10 50 50 0 50 12 37 46 9 24 35 33 37 30 16 42 17 38 50 50 43 30 28 2 10 30 40 33 33 50 2 1 11 50 44 8 32 50 5 8 24 46 9 50 35 50 25 42 50 48 50 47 23 48 2 50 47 1 28 25 21 24 36 49 7 20 21 0 14 41 31 4 41 41 17 32 50 50 7 16 21 50 22 50 29 36 
15 22 19 43 33 1 12 50 50 36 25 26 50 33 2 41 47 14 31 14 10 12 33 7 14 12 47 40 31 17 50 39 1 50 16 5 50 24 22 23 15 47 40 39 7 50 48 3 42 45 10 19 18 28 46 42 17 17 50 21 50 50 33 5 25 3 50 4 47 0 25 43 4 42 42 4 41 37 37 8 33 22 24 50 39 50 50 8 9 50 13 0 38 3 30 9 34 39 6 50 2 49 50 50 50 41 3 50 50 50 50 31 50 15 21 49 48 14 38 3 50 23 5 50 24 50 8 29 50 50 14 20 18 6 2 33 45 5 12 29 50 50 50 38 4 13 50 26 4 38 12 50 50 50 29 50 7 50 50 32 36 16 50 19 50 20 19 20 50 34 35 48 50 43 50 43 50 50 22 18 47 5 48 
21 22 41 10 25 25 14 44 27 32 7 14 50 18 50 18 29 19 20 24 35 16 50 50 10 12 35 2 41 45 11 50 0 0 20 50 50 50 28 16 45 24 50 3 26 4 50 22 1 24 32 46 21 36 38 45 8 11 30 1 31 50 11 38 21 4 24 17 8 4 26 50 11 1 45 29 28 18 6 41 5 38 12 50 38 19 50 50 14 24 34 42 2 50 50 50 33 48 45 3 31 1 50 36 10 5 43 0 50 6 41 1 32 17 44 35 50 50 50 50 25 48 0 43 19 2 21 50 9 2 33 50 20 7 50 50 39 50 40 34 50 44 3 14 50 27 36 12 27 13 24 19 11 8 43 26 16 40 37 2 6 50 38 49 13 27 35 22 27 46 41 7 50 22 40 50 47 6 20 10 50 10 
16 50 14 21 45 38 11 50 2 23 18 27 50 49 20 37 32 14 14 50 50 20 50 21 34 32 21 24 30 47 11 37 3 7 5 29 50 31 40 4 50 42 5 7 41 50 10 13 50 50 32 7 23 37 36 35 49 24 16 32 16 41 1 18 50 7 23 50 45 13 46 37 2 36 33 8 50 30 36 19 35 49 50 50 12 50 9 38 50 35 28 20 39 1 5 27 9 3 1 14 50 15 2 18 35 12 2 7 28 50 30 50 33 28 0 46 46 6 19 16 49 31 42 20 4 15 50 24 10 35 16 35 20 24 50 2 45 50 21 37 26 15 42 27 50 28 11 23 49 5 15 21 50 19 16 47 50 15 29 16 10 14 5 50 10 46 50 6 33 14 0 12 37 49 50 47 41 18 44 50 44 
41 50 25 50 20 1 34 50 50 42 23 7 38 0 10 6 7 50 31 33 42 49 50 36 50 25 9 1 19 50 50 30 39 14 50 40 47 33 18 50 48 3 21 4 3 45 5 16 50 50 50 29 6 6 50 6 36 1 28 33 38 7 50 50 30 13 50 50 31 48 6 37 2 44 1 1 32 39 34 50 13 30 50 40 27 44 30 26 29 35 45 11 50 38 29 49 15 23 15 2 47 49 50 44 25 35 16 23 17 40 33 6 50 49 50 31 9 21 31 0 50 42 37 32 3 41 35 10 31 13 12 6 12 18 50 10 26 47 5 16 50 0 5 47 16 35 3 43 36 24 50 50 13 17 2 27 31 19 13 8 18 32 32 35 4 21 26 7 5 28 23 6 23 50 37 15 31 0 13 22 
33 44 2 1 13 50 46 11 9 50 50 2 45 49 31 50 21 49 20 0 5 16 16 1 16 42 15 33 34 42 4 50 50 29 0 11 28 25 50 48 18 17 2 16 50 22 30 50 39 37 45 7 16 27 50 50 24 1 45 10 34 50 50 50 14 20 5 42 36 50 15 8 7 24 23 32 50 25 50 50 45 23 13 11 15 50 49 2 46 2 6 48 13 1 18 2 36 30 16 24 36 25 11 25 43 37 4 24 35 5 50 24 50 26 30 16 14 7 5 50 3 6 15 50 50 43 43 50 28 34 10 49 2 48 50 17 25 23 36 27 27 19 23 50 11 4 46 50 6 14 42 50 46 28 50 22 50 12 15 30 50 26 5 24 50 16 50 42 31 50 37 17 31 50 47 50 20 11 11 
50 21 18 28 50 38 25 8 16 31 33 44 50 32 24 50 1 27 38 16 14 21 36 49 29 3 22 9 39 50 44 38 25 47 8 27 23 48 8 4 42 50 28 50 10 28 11 1 50 10 34 12 28 50 37 8 17 41 33 22 10 41 47 50 36 50 28 39 29 50 5 29 41 50 45 43 42 15 5 10 34 29 50 50 10 40 45 35 42 27 22 9 37 50 41 31 0 14 37 6 24 50 7 46 7 35 26 8 50 7 5 44 5 14 50 4 16 25 23 10 50 50 30 19 11 50 34 47 6 20 50 26 25 50 7 50 32 50 14 43 2 49 50 38 38 50 30 29 37 31 50 15 13 50 50 27 32 14 36 31 28 9 5 36 50 18 23 44 6 9 5 16 41 50 0 50 44 22 
6 44 32 4 24 16 29 36 36 50 43 36 25 16 31 11 23 31 22 11 7 50 44 50 50 31 29 4 42 48 4 7 20 48 50 2 50 38 50 19 12 50 50 22 17 50 21 44 44 50 37 22 12 44 50 43 50 16 33 50 1 30 41 38 14 12 8 50 50 3 26 23 30 46 3 4 50 34 47 50 33 29 35 50 50 50 21 50 12 11 43 48 16 16 50 15 22 32 50 37 33 15 50 48 46 34 50 50 50 8 19 50 25 13 50 22 0 26 44 0 22 50 26 28 3 3 50 50 50 50 0 9 45 46 20 50 50 32 35 1 5 50 18 39 21 2 16 49 50 17 11 30 50 16 50 47 50 22 12 21 3 8 38 10 8 21 50 35 50 4 34 36 18 41 38 15 50 
15 0 18 3 17 44 35 47 26 50 9 43 41 7 45 36 16 33 40 49 32 4 46 50 12 3 43 31 19 20 46 8 2 14 44 19 5 50 22 1 9 6 45 19 32 18 11 50 7 13 50 50 16 50 45 17 50 5 19 36 50 50 42 50 50 21 50 27 28 45 35 21 50 16 3 40 28 50 0 49 18 30 50 11 11 29 44 41 42 40 15 50 26 33 21 17 26 1 50 23 50 13 41 49 20 34 2 14 19 37 2 18 6 28 12 4 12 23 12 50 20 32 45 25 50 14 48 21 25 47 40 36 50 46 1 50 1 37 43 35 46 20 50 47 50 35 17 29 16 9 15 41 50 46 44 42 5 1 50 46 50 45 5 33 0 23 50 24 50 29 24 40 6 33 49 4 
50 46 50 0 6 30 50 4 16 33 31 20 9 4 19 50 14 50 50 49 12 36 29 46 32 50 50 30 50 1 32 29 6 50 50 43 50 43 9 30 36 4 1 44 50 50 23 9 26 49 24 10 6 7 50 43 34 7 50 50 0 18 50 44 35 15 50 44 13 28 50 20 15 45 50 50 1 50 5 47 50 5 39 43 42 27 9 45 12 25 12 50 25 50 50 28 43 42 50 13 9 47 45 50 7 24 50 41 39 23 0 10 11 2 10 24 28 50 23 23 46 38 32 1 31 45 22 23 50 35 50 7 47 14 13 50 8 15 5 4 31 50 24 2 15 12 11 5 2 18 45 8 50 6 46 9 9 27 44 9 50 10 26 2 20 47 28 41 15 3 38 35 48 50 16 
50 22 27 50 45 19 42 3 15 40 50 15 8 50 50 33 43 19 10 39 50 21 50 42 14 25 1 34 40 35 50 46 35 45 50 41 20 5 32 30 50 33 24 5 50 50 20 50 21 46 50 48 6 11 11 16 18 2 38 27 50 37 23 26 5 50 9 49 4 9 50 17 22 20 41 50 50 49 21 12 50 27 8 27 6 50 12 50 43 50 37 17 6 50 48 46 41 9 16 35 27 5 41 28 21 3 27 8 26 50 43 50 23 33 15 42 31 26 10 37 50 34 11 50 7 36 3 49 50 23 18 25 1 40 3 28 5 22 21 50 34 4 45 21 33 23 16 8 40 16 10 33 13 0 15 28 5 8 37 33 33 6 10 8 29 50 50 30 50 33 13 50 5 32 
50 46 11 21 23 44 41 1 7 5 42 47 7 20 50 47 19 25 50 18 12 42 35 29 50 11 13 4 23 13 4 39 41 28 2 35 49 36 45 42 50 47 10 17 37 1 21 31 14 35 32 50 28 18 27 43 18 10 8 16 21 40 41 0 29 22 3 39 50 44 50 22 50 12 12 50 40 20 4 50 8 25 15 7 48 33 41 50 20 39 26 41 10 27 36 50 14 32 50 20 22 3 50 50 50 48 46 50 37 17 50 28 46 40 48 16 26 29 41 26 8 47 47 50 36 50 23 20 6 46 20 1 44 20 44 1 25 9 50 0 6 45 12 1 36 12 50 50 37 4 50 11 21 50 27 38 1 2 10 33 19 10 10 50 14 12 47 15 1 19 17 28 21 
44 29 46 43 1 35 36 50 38 35 7 50 23 19 21 11 45 1 50 44 40 20 34 48 49 30 50 31 14 6 34 50 38 27 6 19 3 12 40 49 14 16 24 38 40 49 8 35 50 1 34 50 22 34 8 2 24 21 6 43 50 34 41 40 4 1 29 45 6 15 10 46 37 32 19 18 50 37 45 2 39 2 50 6 50 4 50 50 50 26 0 50 50 50 32 12 35 50 33 50 35 33 29 10 24 50 12 12 3 28 2 50 26 27 41 10 7 32 3 3 15 50 8 50 38 49 50 50 15 50 33 43 27 9 50 41 39 36 46 50 50 29 48 50 36 23 43 31 45 45 17 44 50 15 25 3 50 30 50 18 21 30 37 27 6 23 38 1 12 37 42 19 
50 41 48 48 38 29 48 15 29 29 2 15 32 44 0 5 50 3 50 6 11 33 25 50 27 48 50 13 23 46 50 13 44 23 46 38 39 50 24 8 21 27 32 39 41 34 45 18 32 50 45 50 24 34 44 42 28 34 10 19 34 44 0 50 39 36 50 15 23 29 50 33 50 23 45 16 27 3 37 5 23 27 30 19 35 8 27 50 20 36 46 37 41 29 50 20 50 7 50 17 9 50 50 34 50 50 6 32 17 14 2 20 45 50 50 16 37 0 50 46 22 42 30 50 13 43 50 43 50 16 32 21 40 43 50 20 21 24 0 4 50 48 46 50 32 50 34 34 1 26 50 13 5 2 40 7 22 13 15 23 24 9 45 50 5 50 16 4 19 42 30 
14 5 49 50 41 32 9 9 27 50 18 43 50 40 45 2 28 26 24 11 17 6 2 26 15 16 50 34 44 0 32 8 42 14 28 43 4 10 5 23 50 36 32 28 31 9 50 43 16 50 50 31 33 17 35 50 31 49 27 3 37 28 50 18 41 50 50 11 17 50 50 50 35 50 50 27 40 18 6 27 1 35 32 8 8 15 15 50 50 50 50 9 26 31 39 37 10 1 9 33 50 6 36 27 33 50 34 6 50 9 37 21 22 23 50 34 48 1 37 50 34 21 5 39 35 22 47 12 0 40 17 49 21 16 22 16 1 25 50 43 48 50 6 50 33 43 28 14 50 7 8 23 20 27 35 6 45 1 50 50 11 50 6 36 26 5 23 8 50 50 
8 50 33 20 37 42 3 50 9 1 46 6 50 4 49 23 17 16 25 4 27 25 50 50 0 0 0 50 47 26 40 24 50 4 22 49 50 13 43 4 50 7 3 24 50 50 47 10 50 50 30 50 31 1 1 38 41 14 44 27 24 50 44 49 11 50 19 50 0 50 32 8 36 1 32 27 33 26 10 50 30 9 50 40 23 50 23 9 30 48 4 16 40 35 50 2 50 30 46 23 4 42 3 36 49 50 0 46 13 42 37 50 26 26 43 18 50 41 13 50 10 50 39 50 31 50 13 32 50 39 48 28 50 6 16 21 34 12 50 27 19 46 21 50 8 30 32 26 38 44 31 50 24 50 46 0 50 43 50 36 39 32 50 42 50 7 48 45 2 
28 34 39 13 21 41 20 14 50 23 12 37 14 29 50 29 23 41 24 22 13 20 44 36 16 6 2 50 12 8 30 5 32 15 19 50 20 49 17 50 2 20 43 39 36 50 24 29 3 50 50 41 21 50 7 8 4 1 17 50 22 16 9 49 23 40 12 46 6 0 32 30 50 40 1 50 38 3 38 1 9 50 27 40 9 50 43 50 24 50 50 34 50 44 12 21 44 30 33 27 44 50 33 36 45 12 29 2 31 50 50 46 39 50 33 26 40 28 50 0 8 34 20 49 50 37 50 50 14 5 50 50 45 5 50 7 15 49 50 50 50 50 20 50 9 10 27 16 12 8 35 28 7 31 8 0 50 28 0 50 27 36 50 25 19 14 27 29 
36 8 43 46 1 50 27 5 33 38 18 33 2 40 46 50 14 2 0 20 17 29 23 11 31 42 5 20 1 46 50 24 13 13 24 50 21 50 50 50 6 34 23 47 50 48 23 14 12 50 6 34 24 43 28 12 50 24 50 24 2 8 24 50 50 50 6 50 50 50 3 14 22 24 11 12 4 16 25 50 50 46 50 0 20 24 50 11 11 21 38 0 50 24 2 20 34 40 34 0 0 25 44 35 5 14 50 12 50 43 39 41 27 12 38 25 4 26 50 31 17 38 30 16 25 37 37 50 7 13 6 1 33 39 14 50 11 8 50 27 43 50 16 14 50 32 39 11 37 50 50 33 50 38 50 6 50 0 45 11 50 50 30 31 50 25 11 
10 50 45 50 7 2 48 36 48 20 20 50 22 32 50 3 1 50 47 37 29 21 10 18 27 1 10 13 14 50 28 9 35 39 50 15 47 21 9 35 23 24 25 16 10 22 14 46 0 33 10 50 35 19 42 2 27 11 6 49 18 7 19 50 50 14 5 50 50 5 44 50 47 50 50 46 46 6 30 50 30 50 29 50 50 36 4 38 35 38 27 50 28 23 17 17 8 27 7 50 50 42 38 36 44 14 31 39 27 27 46 12 12 50 42 40 7 50 1 3 42 31 23 20 25 17 50 13 13 50 50 47 23 48 44 8 30 29 45 22 22 27 23 8 49 9 48 0 33 11 0 21 27 47 7 6 50 50 34 13 7 34 22 30 12 9 
49 48 5 50 1 0 17 37 31 50 17 17 14 13 18 50 9 50 1 21 40 41 5 12 36 31 11 27 30 50 50 14 50 35 37 4 21 26 50 50 50 32 28 50 1 23 9 39 10 13 6 10 41 22 4 35 50 13 45 43 50 11 12 36 3 42 9 48 47 50 10 7 41 16 18 36 48 45 14 16 13 48 29 50 48 20 17 50 7 50 29 50 15 50 0 26 9 33 50 50 36 30 12 15 30 41 50 19 24 33 27 1 47 47 32 50 1 44 47 19 15 24 10 50 45 49 50 29 34 18 25 7 38 29 50 50 37 7 18 50 33 50 11 12 50 25 50 27 16 50 43 5 1 6 44 50 50 50 4 7 50 37 50 32 41 
37 50 20 4 8 34 17 50 43 38 34 12 15 28 48 16 50 22 33 0 10 27 46 19 48 50 33 50 48 9 50 35 41 50 1 23 15 9 9 13 50 44 38 42 50 35 36 14 27 35 14 0 35 40 50 46 13 14 25 28 50 50 0 26 4 47 1 15 39 50 50 43 34 35 2 22 37 50 41 1 50 50 34 25 44 6 4 43 23 15 3 27 18 50 47 48 25 50 50 50 9 30 1 50 27 50 10 32 47 4 38 31 0 27 25 44 35 8 41 50 4 41 1 50 50 14 3 46 50 33 20 32 22 41 6 4 41 50 33 13 20 50 26 31 50 16 50 33 13 22 1 48 0 29 45 49 16 3 8 40 50 27 2 50 
18 50 9 9 44 3 36 35 47 47 14 50 50 27 28 37 16 1 9 50 40 37 9 7 50 50 50 48 0 47 25 49 46 11 50 3 22 40 27 50 24 3 36 15 50 37 8 34 28 3 33 20 21 50 34 50 31 7 10 23 45 50 21 48 39 38 37 20 26 50 49 10 26 50 50 45 19 10 35 2 50 46 27 27 12 11 21 14 20 47 50 44 50 39 13 11 50 13 6 50 47 21 50 50 0 50 13 50 33 5 50 39 45 26 12 50 25 0 23 31 4 9 12 9 33 44 38 5 14 39 28 50 33 50 16 50 31 12 47 1 17 50 7 32 21 36 25 16 21 4 23 31 44 36 39 20 38 49 43 38 28 50 41 
45 10 50 16 0 47 50 7 15 37 32 35 25 16 49 50 37 5 41 36 15 44 28 10 50 7 16 6 28 11 50 38 15 37 24 38 3 50 50 17 46 50 13 48 4 5 23 50 34 2 3 50 31 28 9 2 36 39 50 50 50 50 30 28 38 7 11 45 21 41 50 50 33 37 25 41 41 0 7 50 8 5 37 28 50 32 35 14 2 3 50 26 4 25 13 50 13 15 36 50 25 50 32 49 4 35 50 8 29 43 19 30 50 5 33 11 8 15 49 37 30 4 50 24 12 22 0 27 50 50 31 27 18 9 21 27 17 43 50 19 44 50 16 18 50 49 20 48 16 8 34 0 7 46 38 8 50 3 9 50 50 50 
31 6 14 50 35 6 47 25 12 9 11 50 21 37 13 27 50 9 50 48 21 17 50 50 44 7 12 19 4 0 50 50 50 29 50 50 24 50 38 36 9 49 0 50 8 30 50 49 50 37 14 3 45 48 38 50 4 50 42 48 39 0 38 16 50 47 12 4 50 20 20 45 23 50 21 42 32 33 50 47 28 34 9 42 2 3 31 50 44 50 48 47 22 7 50 34 13 50 7 18 50 48 12 50 20 50 50 33 24 21 45 27 50 29 27 38 20 18 0 19 50 50 50 7 11 50 41 31 43 2 20 27 7 50 7 21 48 50 10 50 50 35 28 18 50 6 33 22 17 4 18 31 50 28 25 31 19 30 43 7 47 
27 47 38 50 31 37 25 36 11 41 6 39 24 50 10 50 50 34 43 50 44 17 22 8 20 49 50 41 26 50 8 35 43 50 7 20 50 37 25 39 13 19 24 22 16 6 16 49 16 7 18 28 50 44 3 30 37 21 37 3 18 50 19 47 6 24 10 26 40 31 38 16 0 22 29 34 10 32 25 19 21 32 50 31 46 46 12 14 2 40 47 50 0 13 15 48 3 50 26 50 44 21 49 37 45 3 7 50 43 15 16 14 50 9 20 6 34 50 44 0 20 50 4 25 30 7 50 12 42 49 24 9 32 35 40 19 50 50 14 39 16 16 1 50 33 3 40 47 20 50 4 4 18 44 50 50 50 50 30 35 
32 39 31 49 42 37 49 50 9 18 50 50 44 17 26 6 23 24 40 44 29 45 17 30 42 0 50 50 26 36 50 50 49 50 48 42 50 31 35 50 50 43 50 13 32 50 50 11 40 33 42 24 34 0 18 9 35 50 50 39 50 50 50 36 3 48 17 11 15 50 20 24 42 47 19 48 14 38 1 50 50 16 26 15 50 29 15 50 50 4 43 0 47 50 47 50 28 7 25 5 15 30 37 41 15 38 50 23 34 23 50 37 28 41 10 38 22 22 33 16 4 9 50 15 28 37 26 50 16 44 50 50 50 46 49 37 29 10 29 16 33 44 49 32 37 18 1 17 17 37 50 47 50 44 15 27 2 11 24 
44 4 50 7 29 16 21 32 50 36 16 46 46 15 11 37 16 50 21 50 16 2 23 43 7 18 50 34 35 9 3 20 40 3 23 27 0 50 50 31 36 50 24 50 1 50 32 46 50 5 44 50 48 31 16 40 8 0 35 27 45 15 41 17 24 21 50 15 50 47 1 14 10 9 44 10 6 50 50 25 47 12 19 12 29 11 17 30 50 42 12 16 50 50 1 5 9 50 44 16 35 20 17 16 6 50 18 37 22 8 50 11 50 16 50 48 42 2 32 36 24 21 25 50 11 27 5 41 50 37 27 13 20 3 50 22 20 41 22 30 50 34 50 14 21 30 9 50 49 50 50 37 50 47 21 50 2 1 
50 21 15 25 34 24 1 35 48 16 15 50 47 13 21 19 50 45 50 19 50 50 50 22 4 11 4 23 8 50 23 50 5 50 50 42 20 4 16 40 34 32 25 35 21 50 7 9 43 35 29 11 15 43 39 11 44 50 11 50 14 22 37 3 44 42 13 50 10 31 43 43 2 49 50 25 50 32 37 45 2 21 49 35 50 23 13 46 3 4 50 50 50 43 4 50 50 26 18 50 35 27 26 44 45 38 22 50 34 43 50 34 16 36 36 37 46 16 19 25 32 29 50 50 44 29 30 41 50 50 41 23 20 23 18 34 9 40 50 50 47 32 37 1 8 34 29 49 50 50 9 6 2 50 25 50 48 
24 5 50 15 30 46 33 42 25 29 43 50 50 19 25 40 9 36 34 50 22 36 36 14 5 47 50 19 23 48 26 12 25 3 12 31 21 25 16 50 13 15 39 43 11 36 45 15 42 27 50 12 46 50 42 31 50 50 50 35 44 17 50 45 42 48 26 23 16 27 9 49 37 18 33 41 18 17 50 38 16 50 27 33 35 50 0 45 26 12 47 49 34 14 50 19 4 21 50 11 50 50 43 24 25 2 50 50 22 50 26 13 50 33 24 44 50 11 12 38 50 9 29 46 49 14 35 23 32 18 29 31 28 50 50 18 6 42 17 30 47 33 42 50 5 13 23 50 11 6 50 18 5 50 26 44 
2 38 15 9 49 14 1 50 27 38 33 16 22 42 33 17 47 14 50 27 50 50 50 39 12 8 42 11 17 42 50 31 31 14 39 2 37 28 32 10 11 26 10 11 1 50 28 2 37 9 47 24 50 2 8 27 4 24 30 1 50 15 43 33 50 18 31 23 43 21 12 19 23 24 10 50 23 50 50 26 25 14 50 46 46 11 41 24 50 48 3 33 5 15 17 43 50 50 18 50 13 18 48 41 4 50 50 49 42 9 13 38 48 29 11 27 50 21 44 4 20 14 50 16 12 42 50 50 3 33 26 12 9 6 50 50 49 50 36 13 33 19 26 40 45 38 50 16 40 13 50 50 50 48 50 
44 40 40 8 35 2 38 34 27 50 35 18 50 50 29 4 4 35 49 6 44 4 24 24 44 16 11 47 49 45 20 0 24 40 50 13 14 2 29 38 24 44 26 14 4 1 5 6 9 9 17 50 14 50 16 50 11 41 44 50 48 11 5 40 46 15 3 22 23 45 28 40 45 11 13 23 26 37 50 21 50 50 27 50 50 45 34 48 3 27 13 6 48 21 28 25 0 43 14 22 41 50 46 41 6 46 4 9 46 50 1 36 35 22 24 50 33 10 50 50 27 45 36 30 21 14 37 31 50 4 42 50 50 43 45 50 0 31 48 17 27 50 13 50 36 25 45 50 31 44 50 13 32 27 
50 50 50 50 23 7 50 15 24 7 50 7 25 50 41 35 50 50 4 44 38 6 7 41 39 8 5 21 50 14 27 31 8 11 16 47 8 38 16 14 50 41 3 50 50 5 8 11 35 20 13 29 43 7 4 28 50 50 44 13 0 39 35 50 5 8 50 50 4 18 4 34 50 23 45 26 29 50 8 8 50 42 24 39 37 50 42 45 22 50 18 47 48 45 45 8 20 39 20 45 17 31 1 38 37 2 14 24 1 50 50 14 3 17 6 50 0 29 40 50 35 3 50 22 11 36 25 28 50 40 30 9 3 22 10 50 50 25 16 45 46 35 26 3 49 50 42 50 5 10 50 25 46 
6 33 46 2 9 47 32 40 14 17 4 15 4 43 47 27 46 11 11 3 31 50 42 10 50 7 35 18 34 50 30 39 18 8 0 0 20 22 50 50 9 2 50 16 39 50 47 14 20 44 43 22 43 50 43 6 46 24 15 39 33 17 42 34 18 44 36 50 50 3 5 11 50 48 27 16 29 32 20 40 24 50 23 50 41 48 3 22 43 50 22 27 43 22 22 38 20 47 50 50 5 37 28 9 4 24 30 50 45 47 42 32 37 13 35 32 20 50 6 4 10 50 24 43 4 49 24 11 19 2 5 28 19 50 44 3 37 8 4 42 48 50 13 1 6 44 50 44 18 50 12 36 
17 36 11 50 23 33 22 40 14 13 40 34 13 33 50 23 4 50 50 22 28 45 24 5 8 27 49 41 42 50 8 50 50 20 45 48 39 22 37 11 34 32 41 50 34 24 2 46 39 13 50 50 32 1 38 46 7 50 47 50 14 0 12 50 40 6 0 50 25 50 50 27 16 28 50 50 50 10 21 50 50 50 47 21 15 50 50 49 45 21 15 36 46 17 30 48 46 46 50 7 33 0 36 19 12 14 50 11 21 46 16 15 40 50 4 33 26 37 50 39 13 14 11 50 17 28 24 44 50 38 47 8 50 31 3 50 50 28 20 40 16 31 37 46 20 18 24 19 50 14 32 
7 50 4 38 29 4 23 12 43 47 41 37 50 34 20 19 41 50 19 24 50 50 36 39 45 28 3 5 50 49 47 36 21 50 50 30 26 30 22 28 11 38 46 24 50 33 50 25 34 26 50 50 32 40 39 50 50 42 50 1 50 43 30 28 20 27 50 38 33 10 49 6 10 50 0 49 7 19 28 50 2 9 27 7 12 30 13 13 9 2 48 10 50 7 8 0 22 49 14 17 32 50 8 50 40 50 12 1 50 6 50 13 37 30 28 48 50 1 50 6 36 2 46 30 37 33 50 32 12 50 2 21 23 24 48 49 50 32 11 20 50 28 50 50 42 38 50 38 7 49 
27 40 50 46 40 37 24 25 14 50 43 4 50 32 50 1 50 4 35 10 50 13 14 50 42 37 50 39 0 41 17 40 36 11 35 27 50 47 4 28 49 50 26 23 50 13 45 15 35 28 50 39 50 6 23 43 50 30 50 50 48 25 20 19 4 50 50 18 50 32 50 19 50 46 11 50 0 14 38 12 21 26 20 50 50 43 9 50 1 50 33 8 25 47 17 34 50 15 50 6 15 13 27 50 16 24 48 50 50 2 19 30 13 13 0 10 25 10 42 50 25 1 17 33 7 39 50 35 16 42 42 50 4 7 45 11 22 22 24 17 28 42 22 50 25 44 16 20 50 
42 10 47 26 36 50 30 50 42 13 40 19 23 31 35 0 14 50 34 12 50 47 29 1 21 48 40 3 15 24 33 8 22 39 37 50 7 23 49 10 45 22 8 12 50 50 6 21 48 22 27 20 18 50 47 33 17 12 18 24 22 20 48 33 48 47 40 32 5 38 23 50 13 15 50 10 32 18 29 50 31 50 50 18 13 23 23 29 44 41 43 9 50 39 25 16 31 36 31 50 7 50 18 29 45 37 22 39 34 10 24 2 40 7 5 27 14 20 35 21 23 50 38 39 30 40 19 24 8 50 48 50 43 46 37 15 41 23 26 21 50 50 21 37 27 12 32 11 
8 28 36 50 14 50 35 7 8 44 8 4 24 28 11 50 33 1 3 25 0 6 23 50 27 12 7 28 39 47 28 28 21 24 27 50 12 50 50 24 19 6 33 2 21 48 11 37 27 43 12 50 50 50 48 32 16 50 23 45 50 22 6 50 50 34 25 42 32 29 50 50 50 15 6 44 33 10 17 28 50 27 10 50 30 5 49 36 23 26 50 50 29 37 50 12 50 4 50 8 38 41 49 12 12 21 38 15 38 47 41 32 50 15 47 1 50 48 50 23 35 6 39 50 44 50 47 50 41 8 31 22 50 47 50 30 23 37 16 29 30 35 8 28 11 42 10 
50 39 50 1 39 13 36 29 38 10 11 34 0 4 33 44 23 35 3 37 50 15 50 42 50 8 50 13 27 17 3 40 19 38 14 50 4 50 7 27 30 44 50 29 18 25 22 50 13 26 34 20 50 42 20 38 6 7 13 45 50 50 36 50 40 46 45 18 21 18 40 50 27 48 14 26 28 48 50 12 38 23 25 50 32 50 31 34 39 45 50 50 24 24 50 40 13 20 21 50 8 46 50 11 44 8 14 22 48 38 22 25 0 50 43 13 1 34 50 1 50 50 9 32 31 46 19 7 0 29 23 42 50 2 50 1 24 3 50 26 34 29 31 37 9 17 
11 50 50 12 0 4 50 32 50 50 19 50 21 50 48 50 3 44 50 26 15 2 20 13 21 50 50 9 24 50 2 50 3 18 50 12 50 50 26 15 12 41 44 10 6 1 45 27 2 5 32 50 42 50 24 50 40 49 18 48 27 29 47 10 20 2 50 50 32 9 11 29 43 17 32 7 29 12 50 24 50 33 50 50 50 0 32 50 13 50 4 3 50 2 19 15 35 19 50 50 0 50 0 46 34 35 22 17 33 50 42 27 43 27 41 21 0 45 50 45 37 37 0 10 41 13 27 29 50 22 39 50 24 27 28 22 43 22 38 23 50 25 50 50 50 
32 6 28 30 31 50 47 19 49 48 14 28 13 47 49 45 50 43 49 39 9 21 46 50 50 13 43 23 41 22 17 21 11 50 48 18 50 19 2 49 37 50 33 37 50 24 20 50 50 27 44 21 6 20 9 50 15 20 7 50 44 50 28 33 15 35 50 1 5 50 49 8 16 27 19 7 18 50 39 50 50 42 20 50 29 32 47 50 27 35 50 15 21 41 48 24 4 33 49 50 7 11 14 50 38 40 41 33 20 50 19 24 10 20 5 47 2 17 13 7 50 44 43 30 50 50 21 11 29 1 3 49 20 33 0 17 12 22 20 39 29 8 13 24 
14 50 40 26 50 32 40 5 30 50 20 50 50 16 24 50 30 50 50 16 5 25 50 50 2 33 31 28 14 29 8 50 18 14 31 50 26 42 45 48 5 3 50 18 35 16 22 50 34 9 0 45 17 50 6 50 50 12 12 50 35 22 39 43 10 35 16 50 2 22 42 19 29 20 26 50 9 50 35 35 50 28 17 2 25 2 28 48 28 5 27 0 44 14 7 30 24 39 23 3 27 41 19 15 36 13 15 12 19 20 21 23 19 17 41 13 3 7 43 2 29 5 15 49 2 48 50 40 50 43 8 39 10 14 36 5 15 25 16 50 46 18 34 
15 21 23 22 38 45 8 50 10 3 13 13 50 22 50 37 34 43 27 50 3 22 36 14 50 2 50 50 19 23 32 49 50 50 50 50 20 23 4 23 21 44 30 14 48 35 5 9 50 50 17 12 23 19 46 21 3 41 50 15 44 50 50 50 12 50 45 9 16 13 4 50 44 50 33 40 6 19 50 50 6 50 46 50 50 7 15 30 7 35 42 50 41 13 50 0 37 39 49 45 29 43 29 47 25 23 29 50 20 29 27 34 49 41 43 28 19 31 47 50 11 35 41 33 39 28 16 14 1 27 10 17 21 30 8 13 8 4 2 41 33 38 
47 50 18 16 50 38 2 50 14 8 45 42 46 24 25 18 50 38 42 4 46 3 27 18 38 0 42 1 21 48 31 12 0 32 50 9 48 23 49 50 47 7 50 23 21 21 25 34 25 50 19 13 8 37 50 41 2 10 24 44 11 49 29 23 28 19 50 3 6 50 15 9 3 50 38 5 50 24 50 28 50 50 34 7 37 50 50 50 50 4 9 14 18 38 2 14 26 8 47 34 30 15 48 50 14 50 28 50 20 12 44 50 48 46 48 22 9 18 40 24 50 32 19 13 50 19 50 0 36 50 50 44 50 24 20 12 47 4 6 6 25 
12 17 50 8 35 0 50 47 8 24 23 10 50 34 22 14 50 50 50 9 19 50 28 25 27 50 1 35 40 45 50 50 10 50 46 41 28 50 38 7 39 50 8 37 50 38 13 32 35 2 34 45 43 17 50 1 15 10 9 42 36 47 4 50 30 20 36 50 27 21 32 6 48 6 37 50 7 33 10 50 35 16 26 50 50 32 50 44 3 45 21 50 11 50 34 19 45 6 2 50 20 50 29 7 50 41 1 28 23 1 6 27 50 32 2 31 50 1 7 50 35 50 48 33 50 33 46 16 6 30 32 16 36 49 29 50 50 24 50 50 
37 4 50 4 50 13 50 30 39 32 3 16 14 27 7 6 37 1 50 20 39 50 50 31 50 21 31 18 26 21 33 50 34 43 10 29 50 5 19 3 23 50 31 50 20 50 50 36 45 6 20 0 9 40 18 15 47 49 5 34 50 19 50 34 6 48 15 50 50 50 11 1 8 12 31 8 50 29 3 50 28 44 12 12 37 24 18 9 50 50 48 0 50 4 49 24 36 50 25 50 1 50 49 35 50 50 9 3 25 50 50 20 1 50 33 2 32 40 45 18 50 32 33 3 46 33 23 10 19 50 30 46 8 50 28 27 14 24 0 
50 50 41 3 40 25 5 24 2 4 18 35 0 50 20 47 50 13 12 3 1 38 17 29 41 7 41 49 39 43 46 50 21 48 27 49 9 43 50 24 5 10 50 31 50 41 50 26 50 4 33 19 50 50 13 43 11 50 5 16 48 36 38 35 31 26 26 28 0 24 50 50 40 8 49 41 42 25 50 49 41 48 50 40 41 50 50 34 21 15 44 5 32 37 13 50 20 45 44 18 9 50 50 0 13 42 24 50 50 50 30 18 48 16 19 31 50 21 7 43 32 32 37 31 50 26 34 0 31 1 50 14 50 0 50 25 42 44 
4 24 3 32 50 50 31 37 23 41 50 22 29 26 31 33 0 36 24 2 41 7 50 31 50 50 12 21 46 49 6 22 50 50 0 10 28 50 8 50 16 15 38 37 30 5 50 23 12 19 44 20 1 21 50 28 45 10 27 50 37 23 20 50 50 21 43 27 29 46 50 3 32 26 7 50 2 44 27 13 24 1 50 43 39 1 40 1 0 50 50 44 7 47 9 36 50 50 37 20 3 28 20 50 23 38 21 7 22 50 4 50 13 39 50 43 10 13 6 2 48 50 1 49 31 50 50 50 5 50 36 20 50 4 37 50 37 
28 10 17 48 16 50 11 9 34 50 46 7 23 50 50 50 50 33 31 50 16 17 50 5 50 50 14 29 34 50 2 44 2 23 45 50 15 49 37 21 43 18 38 50 22 23 50 45 50 32 20 21 49 20 21 10 29 50 18 26 10 2 7 0 40 10 21 7 50 50 50 42 9 22 8 50 11 23 16 50 47 34 45 12 28 29 10 32 50 2 32 50 16 3 44 20 8 50 35 48 25 44 9 50 50 20 45 22 49 35 50 43 50 21 2 34 33 37 50 4 50 31 50 50 2 10 34 14 31 23 31 35 17 50 50 19 
50 50 39 47 37 50 41 22 39 47 36 47 50 23 12 22 42 50 1 46 24 27 23 50 5 50 47 8 8 13 28 50 50 7 24 50 7 1 44 33 26 46 17 50 38 47 25 50 33 47 36 28 3 19 0 36 2 1 22 31 31 50 49 8 18 14 4 34 6 10 38 50 34 22 13 3 33 50 50 50 11 44 11 8 34 13 8 30 23 16 50 47 6 7 50 36 50 40 11 50 43 45 49 16 50 38 50 50 0 39 12 18 38 21 33 26 50 42 10 19 14 30 17 20 3 41 41 32 50 37 14 19 3 32 46 
13 49 34 27 21 23 10 11 13 16 6 0 50 23 47 43 50 6 49 50 50 50 50 18 4 39 23 50 3 10 38 1 16 20 10 50 6 50 39 50 0 50 37 19 6 38 46 42 6 50 12 12 43 50 44 13 13 33 50 25 30 11 39 14 37 35 14 19 50 1 5 50 5 22 36 16 35 32 46 25 50 50 10 5 50 6 5 4 50 8 27 50 0 13 18 22 50 32 20 2 29 37 43 17 11 0 50 50 9 48 14 24 47 40 48 22 50 31 43 50 24 26 22 13 12 9 15 22 0 31 30 34 16 16 
1 37 15 9 38 50 48 21 50 30 5 14 24 1 42 37 42 24 17 48 26 4 13 22 14 2 50 2 7 22 40 50 50 16 4 37 5 50 4 31 33 50 36 20 13 36 20 11 50 30 34 32 1 2 21 17 13 34 20 13 23 35 34 23 12 50 21 32 50 28 26 50 4 10 50 47 34 45 20 50 12 36 50 45 46 29 50 1 16 50 30 50 34 34 34 24 25 4 50 42 29 20 16 37 14 4 7 28 1 40 6 19 16 50 34 18 26 17 48 50 50 20 50 22 40 28 18 50 47 27 38 34 40 
49 14 50 50 7 10 20 19 50 26 33 10 17 2 43 18 11 8 50 43 36 44 50 47 27 41 50 45 37 48 46 3 50 50 30 50 0 44 50 11 29 50 15 3 1 19 50 40 15 41 49 20 12 9 50 15 21 29 16 6 50 29 22 26 5 50 50 9 38 50 0 12 31 50 24 37 41 35 4 36 32 50 30 27 28 6 8 41 44 45 50 50 50 45 17 32 1 47 23 22 15 28 33 4 50 25 10 13 32 50 41 26 33 50 19 50 34 28 26 50 50 50 37 50 50 15 7 50 13 12 31 22 
24 28 2 45 31 6 25 6 12 43 33 18 50 50 19 26 4 20 50 13 3 32 4 46 50 16 6 43 28 37 10 50 14 23 7 47 31 14 36 36 8 47 41 26 39 40 24 16 43 1 34 4 50 8 11 2 36 50 28 10 50 17 17 10 10 34 40 32 23 29 16 3 8 49 2 8 11 39 28 10 19 40 35 36 3 50 44 10 15 13 15 50 25 13 5 21 50 48 24 39 29 23 11 1 15 32 28 50 11 23 18 31 21 4 17 31 36 28 50 38 28 12 40 39 11 30 50 19 33 47 2 
37 7 33 21 27 50 34 50 47 50 27 50 21 50 45 40 18 33 34 23 24 14 50 50 24 26 50 31 12 20 1 50 50 20 26 6 33 1 48 24 10 31 48 2 31 46 13 15 35 50 1 0 5 37 27 50 17 46 37 28 50 38 25 48 46 50 4 37 50 22 37 2 19 7 12 35 50 43 42 43 27 33 46 36 50 50 17 1 50 50 44 24 11 41 38 43 42 22 7 50 50 20 8 9 26 23 50 50 6 44 17 31 24 7 17 1 50 50 50 48 48 50 5 10 32 44 30 4 42 45 
42 31 0 12 34 23 37 33 28 39 32 10 44 40 2 50 39 25 50 40 4 39 50 39 21 50 38 6 21 39 38 18 19 7 34 22 50 13 50 50 48 46 39 0 3 19 21 2 24 50 50 40 50 23 50 23 22 50 9 4 42 47 27 48 24 40 28 43 50 39 50 6 1 10 2 2 5 41 30 19 5 38 38 0 40 24 50 38 24 36 22 14 27 14 14 15 50 35 50 20 9 50 20 33 33 29 45 38 27 1 4 44 50 27 50 50 34 7 41 15 50 14 47 50 40 39 36 50 39 
20 25 46 15 24 50 23 25 50 49 4 0 49 11 31 9 50 19 5 5 39 11 50 3 45 31 50 17 5 24 31 34 31 30 11 6 14 44 0 25 6 20 6 15 15 36 48 39 29 19 40 1 12 17 48 2 50 4 37 14 50 9 27 47 41 50 23 43 29 11 33 27 30 46 50 8 50 18 5 50 8 10 7 25 9 19 41 24 8 23 49 11 23 43 16 50 13 47 50 17 1 41 28 50 32 5 46 4 48 0 33 1 11 25 50 37 50 45 28 50 48 46 50 49 15 7 35 44 
20 12 4 21 1 21 36 8 38 49 20 21 42 6 43 3 44 40 50 22 43 27 16 29 4 39 4 41 50 13 42 14 50 50 30 10 48 45 20 42 50 3 5 39 21 2 38 21 24 30 50 50 19 48 23 39 27 9 10 50 16 50 50 21 16 4 24 21 32 23 18 50 17 50 48 50 26 44 10 50 50 50 44 49 44 47 50 6 50 50 50 33 49 25 16 41 21 3 50 5 28 5 27 50 3 50 6 50 2 37 20 50 21 50 6 20 38 21 7 3 9 23 47 30 50 50 11 
22 22 50 28 27 18 45 8 28 38 15 50 0 50 0 41 50 42 46 1 50 3 13 25 17 23 50 41 4 32 50 28 14 49 12 50 14 40 36 15 1 18 12 11 25 50 47 30 50 34 3 7 50 27 18 19 20 12 27 50 21 35 21 13 0 2 38 13 50 44 15 33 37 8 10 38 14 50 11 36 9 21 40 11 20 41 50 22 3 13 11 34 24 25 17 38 13 43 35 48 50 12 6 46 36 13 50 50 46 35 50 46 24 23 4 28 47 50 35 21 21 32 14 9 6 35 
50 15 50 32 44 50 19 22 50 50 7 50 5 50 50 26 7 0 33 33 41 22 24 23 9 27 23 50 41 50 23 50 36 5 9 46 50 23 1 10 28 16 50 25 25 49 50 42 4 23 43 46 23 45 36 50 50 9 17 5 36 43 11 18 40 40 47 19 36 50 50 41 45 50 50 42 8 19 0 50 25 37 44 9 50 2 2 8 50 39 24 7 13 43 33 22 42 4 7 5 50 42 14 50 1 31 11 3 44 30 28 20 25 37 43 50 12 2 0 5 1 19 30 18 21 
50 46 22 23 4 17 11 40 35 29 50 50 2 7 21 3 50 8 36 39 24 16 47 50 27 50 50 48 50 50 50 14 44 6 42 49 37 25 26 12 19 12 18 48 14 5 48 50 44 16 11 30 18 50 41 22 50 50 50 31 5 50 36 50 30 50 37 35 42 50 16 41 45 50 7 37 20 10 50 33 29 18 5 50 27 35 34 16 43 1 12 9 48 22 50 9 50 50 50 46 50 16 9 29 50 12 12 50 49 24 18 10 48 42 50 43 8 41 9 42 50 38 50 31 
17 50 43 26 50 29 33 12 50 40 9 50 23 50 17 7 30 24 45 15 50 50 50 37 46 11 11 37 4 31 20 21 25 41 11 41 25 24 14 39 50 31 20 36 12 38 23 44 7 45 5 11 37 34 28 44 19 16 26 40 50 25 39 5 13 50 46 44 35 19 19 31 38 34 8 37 28 41 33 50 22 2 44 37 22 50 27 16 31 25 50 27 1 22 50 19 50 40 4 33 3 41 31 33 50 40 49 50 37 8 27 3 50 31 2 37 10 50 38 50 45 28 7 
17 0 35 2 43 0 50 20 50 24 39 0 17 1 22 46 6 50 42 41 18 42 17 32 16 9 41 27 44 41 10 49 18 50 5 21 24 41 36 12 39 8 3 35 15 41 50 0 23 1 21 50 5 50 50 24 4 18 10 36 8 4 12 1 6 22 11 16 16 37 42 29 38 29 27 34 22 22 34 25 50 26 50 30 31 0 50 15 16 50 18 50 17 5 50 21 11 5 50 50 50 50 6 18 23 33 37 7 49 18 38 25 7 25 49 50 32 50 28 6 31 50 
35 34 22 1 50 50 42 11 1 4 39 39 10 21 3 4 46 50 29 50 45 45 4 24 34 50 50 1 50 50 40 50 45 35 21 14 43 40 41 6 33 41 22 44 17 43 3 34 28 18 47 50 5 50 28 50 50 46 2 14 50 50 34 29 42 4 50 42 50 46 7 49 50 50 33 30 11 50 3 50 50 39 10 44 34 2 50 43 38 30 27 35 50 18 49 11 46 32 50 50 37 15 31 21 34 43 32 28 21 28 7 50 35 14 50 50 50 23 18 15 34 
22 42 39 34 5 36 28 33 4 9 49 42 2 7 23 3 36 11 3 40 46 33 17 6 50 48 28 17 50 17 50 1 9 50 17 50 18 16 30 45 41 36 50 50 37 41 30 50 27 20 23 31 50 37 18 50 38 34 36 50 38 1 33 20 35 4 19 13 50 30 44 10 33 44 50 50 8 26 47 15 17 15 21 50 25 43 41 49 38 50 50 35 38 35 49 43 17 1 42 36 50 40 29 43 18 9 32 40 6 27 50 50 50 48 50 26 4 13 45 28 
5 40 50 49 40 50 50 42 49 10 32 19 48 33 48 29 50 6 49 9 26 9 24 50 50 4 3 49 36 50 6 14 3 33 35 50 19 20 41 19 50 1 16 1 14 43 38 17 23 4 50 0 24 48 37 9 15 50 14 5 20 1 50 46 1 14 29 31 35 35 49 12 46 30 21 26 34 25 50 14 45 35 7 10 50 4 11 50 48 21 29 28 50 50 22 29 50 12 15 10 7 21 43 34 11 50 22 39 5 19 36 50 5 50 4 37 27 50 39 
50 42 34 47 42 14 2 25 27 50 6 29 26 21 42 34 3 50 48 2 2 40 50 2 46 19 35 0 41 20 38 6 21 29 50 50 16 21 4 34 24 50 11 38 36 45 38 33 19 40 0 50 22 18 23 4 7 13 18 14 46 45 17 49 27 2 8 37 37 50 14 50 48 50 19 50 13 32 50 50 27 28 22 8 49 28 5 22 30 50 19 50 44 13 36 22 45 11 50 41 26 0 28 23 47 0 11 8 7 50 50 9 50 7 17 43 7 11 
50 5 50 36 17 45 50 50 26 7 22 50 17 50 46 7 49 50 10 28 39 50 42 36 8 4 45 42 0 3 27 50 20 50 7 50 50 50 34 11 50 50 50 50 2 47 19 50 50 21 1 37 44 9 26 46 42 50 7 50 46 3 50 31 18 28 37 46 50 35 38 15 28 48 26 9 6 24 16 41 9 50 50 22 50 5 16 20 6 47 21 47 4 14 50 49 32 50 26 34 19 4 18 31 1 50 9 33 50 50 0 39 10 32 33 48 36 
26 18 2 50 50 38 50 32 9 33 35 49 45 37 49 16 1 50 40 50 17 44 39 42 40 50 43 50 22 42 5 36 35 32 21 8 50 10 28 19 29 35 42 50 21 30 50 3 1 13 29 50 27 33 6 2 50 40 50 50 30 38 8 47 14 28 44 50 43 50 20 50 46 40 50 44 50 8 6 25 50 2 50 50 36 41 50 30 20 47 32 32 46 47 11 40 31 50 50 17 29 41 11 50 50 16 19 32 50 35 8 23 41 50 28 50 
36 50 18 50 37 48 50 45 24 27 29 37 39 19 50 8 50 34 35 4 18 16 50 39 5 19 35 34 49 50 21 9 3 13 18 47 32 18 3 42 18 49 10 36 28 11 25 50 17 44 30 36 38 45 50 50 15 35 48 50 21 17 22 36 16 1 19 50 45 19 21 46 50 5 0 47 7 50 3 5 36 50 41 46 50 33 12 40 1 19 42 9 50 37 50 50 50 49 50 8 50 29 15 46 39 0 8 27 29 50 47 8 32 50 19 
49 19 50 18 50 43 30 50 18 50 50 18 50 15 0 38 31 22 50 35 48 41 50 16 43 4 14 23 39 50 50 10 40 49 41 40 28 12 45 25 0 40 27 17 38 11 10 18 50 44 27 35 50 50 1 50 38 2 24 49 16 38 3 31 22 46 50 44 18 50 38 50 30 34 23 32 19 27 39 27 0 25 15 42 49 6 28 50 21 50 50 15 35 50 8 25 24 17 4 17 47 50 32 9 20 35 5 37 44 1 16 28 50 50 
27 37 8 33 30 50 43 50 10 47 45 13 47 50 35 29 17 15 37 44 33 50 26 36 28 50 19 23 15 13 32 0 36 49 16 4 5 23 49 48 45 43 24 2 10 50 15 8 34 25 30 42 50 18 10 35 40 40 46 9 50 27 19 47 45 50 3 18 10 48 29 28 39 39 28 8 15 50 50 17 26 27 46 50 49 50 41 50 0 27 9 29 22 2 28 43 50 38 25 50 0 50 1 50 33 8 6 41 25 41 14 16 42 
18 48 21 15 18 26 4 35 50 16 50 18 9 30 29 22 43 50 7 28 7 26 50 50 36 9 35 33 38 50 22 9 11 41 17 29 9 28 50 50 10 50 50 50 19 10 7 50 25 39 50 0 6 34 44 19 22 0 37 22 46 32 36 41 28 10 34 50 18 40 50 50 43 49 50 39 28 24 50 0 13 50 50 3 34 44 50 44 5 26 14 45 44 13 9 8 16 23 50 11 41 40 46 19 6 28 34 50 45 36 33 25 
50 28 50 26 41 22 29 18 44 13 30 35 50 49 37 16 28 44 49 50 32 13 3 50 33 2 22 12 46 50 35 5 50 15 34 5 33 20 30 1 35 50 31 32 15 19 47 12 21 14 13 44 43 50 50 50 7 19 34 42 22 43 50 9 38 35 35 49 33 8 1 50 50 50 47 50 10 38 38 42 50 27 50 22 27 15 3 26 50 13 18 20 26 28 5 50 5 42 35 37 28 33 6 47 50 27 39 50 40 47 50 
6 5 41 50 23 50 50 13 21 10 10 21 50 43 50 32 23 50 3 7 47 4 44 13 40 0 35 50 24 39 16 50 18 50 28 21 50 50 50 28 12 3 50 50 50 50 18 13 48 2 36 50 37 50 10 6 50 19 50 41 38 6 20 50 3 31 2 0 25 9 46 48 33 4 49 45 50 48 34 16 29 39 50 21 46 50 46 22 4 18 25 13 20 5 18 21 42 12 40 11 7 19 25 39 38 24 15 0 25 50 
45 38 50 24 50 25 13 14 7 11 27 25 25 28 37 50 5 18 48 44 50 30 7 29 39 50 50 48 50 50 50 50 7 1 36 11 46 33 9 3 22 50 20 10 46 33 31 5 4 16 47 34 35 50 34 21 2 27 37 12 33 20 31 36 11 22 50 43 39 20 50 40 20 46 26 33 48 26 18 40 31 31 5 50 50 50 21 50 13 50 50 48 35 22 50 25 28 50 13 30 22 50 50 9 34 49 8 22 31 
6 47 49 17 45 43 48 33 29 20 31 15 36 50 43 8 21 3 49 14 12 50 45 18 1 0 27 22 3 43 22 50 47 37 50 8 22 50 35 29 32 25 50 31 50 18 50 3 20 50 34 50 33 47 13 37 23 38 25 0 14 2 24 50 13 30 14 1 8 39 3 44 45 37 39 49 50 17 5 50 22 44 27 45 23 35 6 23 2 16 50 43 50 50 18 29 6 7 16 50 50 47 50 20 50 18 44 42 
1 50 13 22 41 12 24 27 27 19 18 16 50 11 20 42 50 50 7 19 7 50 3 36 45 47 18 45 40 34 5 50 25 50 42 20 4 50 49 50 39 15 0 41 14 49 38 36 48 46 23 26 50 14 45 15 29 50 40 50 40 24 11 50 24 27 25 47 39 50 50 15 50 39 11 0 50 35 18 5 50 50 24 7 8 16 50 48 6 50 21 35 50 21 46 50 50 27 9 30 37 12 46 30 50 42 48 
50 50 14 4 50 19 50 18 30 31 50 50 50 24 40 42 27 18 50 22 23 50 28 50 28 8 0 50 50 33 20 42 27 32 50 13 42 5 26 6 50 26 50 48 50 50 33 42 31 48 13 44 3 48 50 21 14 44 50 5 26 50 37 9 18 38 50 28 3 28 3 3 50 50 26 1 34 50 44 1 33 23 26 49 13 45 43 41 9 40 2 50 30 6 50 35 12 4 15 25 47 23 26 14 36 50 
46 19 0 50 6 48 50 38 11 48 10 45 10 41 17 46 32 44 45 0 50 11 25 46 40 2 44 7 47 38 38 10 50 39 47 45 50 37 4 49 23 30 41 19 25 50 4 23 47 21 2 19 46 29 50 50 12 50 47 47 34 50 3 27 49 0 35 39 19 50 35 12 4 35 50 14 7 11 0 50 13 16 12 30 8 34 46 21 40 49 34 0 8 25 48 14 46 20 50 31 50 0 16 37 36 
24 32 10 50 38 50 41 5 12 50 35 28 47 13 2 14 50 32 6 39 17 50 45 50 10 9 38 10 50 45 50 11 4 47 46 50 22 24 6 20 17 29 12 50 50 47 21 29 50 14 21 4 6 49 2 34 1 18 24 50 25 44 48 50 16 0 13 3 25 49 28 10 0 42 9 50 12 0 50 22 17 34 15 0 4 17 50 50 26 50 39 27 2 40 0 50 43 10 6 50 17 50 50 46 
35 20 34 31 41 25 5 5 11 50 50 29 32 19 22 18 20 10 10 30 50 24 40 50 39 50 18 49 17 1 45 34 19 0 5 32 6 46 50 24 29 12 39 5 32 50 50 7 2 18 11 48 50 11 5 35 36 6 41 50 1 44 28 45 47 33 16 10 32 1 14 10 49 19 27 15 42 50 27 9 50 44 50 46 6 46 9 44 18 50 33 35 50 18 33 9 9 4 21 50 4 12 49 
46 26 50 13 28 43 47 44 31 36 42 18 23 2 26 45 45 15 7 50 17 32 50 25 2 21 30 50 17 0 24 50 50 33 13 50 26 18 10 23 50 24 46 48 3 31 50 35 14 50 17 42 26 9 50 21 21 40 5 42 50 31 45 25 50 43 45 19 50 50 19 48 50 26 50 50 38 28 23 23 47 15 23 26 50 50 35 33 19 21 50 9 36 13 33 34 50 50 27 14 11 8 
6 41 50 50 7 37 50 38 6 14 29 35 5 17 8 5 50 50 23 24 3 1 13 50 9 30 45 11 25 49 50 15 50 44 19 10 50 9 35 40 5 48 49 19 32 12 18 1 14 50 50 14 30 50 46 10 50 50 47 50 32 50 12 34 8 33 44 9 1 50 24 50 12 16 50 50 50 1 50 20 16 50 46 8 50 50 39 48 23 40 10 50 50 13 24 41 50 34 4 10 46 
35 50 24 50 7 14 38 23 20 14 46 27 50 34 1 50 46 50 19 50 6 49 36 48 37 14 37 31 26 50 20 31 11 50 5 20 50 6 41 7 15 4 50 44 46 6 50 0 44 18 30 26 34 6 23 49 50 28 19 28 44 6 35 18 14 46 15 26 39 2 17 39 15 30 3 48 50 40 12 32 38 43 33 50 50 27 30 19 23 16 39 50 9 50 43 5 50 27 8 27 
50 34 9 50 21 15 6 0 34 9 48 50 50 25 22 9 35 50 50 30 12 26 20 36 50 32 45 19 29 33 23 4 48 28 37 28 33 31 16 12 37 8 9 50 34 15 50 20 28 50 39 8 50 50 13 33 8 50 32 4 46 5 14 10 2 1 26 50 16 44 14 5 5 15 22 6 6 3 1 24 49 9 50 8 30 39 27 3 49 33 35 50 22 50 50 49 50 19 45 
37 50 50 45 48 7 16 35 31 11 38 24 50 12 4 23 50 12 50 50 16 21 26 19 25 44 35 50 50 50 48 30 44 42 11 30 29 48 50 50 25 1 50 25 50 50 3 17 36 20 8 22 14 28 3 5 33 50 50 50 12 50 7 39 1 18 50 39 39 11 26 27 50 42 50 19 0 24 45 21 35 14 50 18 1 18 50 13 29 35 50 50 14 41 32 0 35 20 
31 7 50 2 38 25 45 50 42 12 14 43 50 0 41 1 37 15 6 31 50 7 38 18 50 22 49 11 29 23 38 50 31 19 34 34 50 18 17 8 47 18 6 50 37 9 20 6 50 50 16 22 12 37 38 33 50 5 20 44 0 35 40 0 31 50 50 22 50 48 6 22 50 40 38 1 21 35 17 42 32 50 42 13 25 12 28 10 32 44 50 44 50 50 4 6 50 
23 35 20 36 31 15 45 39 6 50 8 25 50 50 50 50 8 50 25 50 35 50 10 11 13 50 10 46 15 22 32 28 0 50 11 3 31 4 50 35 12 36 22 50 31 31 50 41 34 0 11 13 50 15 46 38 10 9 29 10 21 29 46 5 11 21 50 38 18 30 25 50 31 8 21 10 50 47 37 14 1 50 9 26 20 36 28 36 21 19 7 0 33 46 9 33 
6 31 50 50 50 26 8 45 50 50 28 40 50 14 33 36 30 6 34 10 38 50 22 29 14 17 28 44 50 31 2 39 25 48 11 0 27 35 43 28 50 47 50 50 41 25 7 50 18 48 26 50 50 4 30 22 0 5 49 4 13 36 50 35 0 7 22 50 40 47 50 50 27 4 50 50 26 8 16 11 0 47 5 50 50 15 7 19 46 50 50 40 13 18 50 
37 20 42 27 34 49 50 44 41 13 19 16 39 50 23 50 46 11 14 14 44 31 50 28 50 18 50 1 16 28 32 23 8 16 50 43 32 43 28 50 30 8 13 22 27 37 27 6 50 20 49 19 21 50 27 20 18 44 36 17 37 11 49 47 43 24 46 41 48 7 45 42 50 27 31 20 22 22 12 43 4 50 48 19 49 50 50 17 50 8 24 25 49 14 
11 21 29 41 50 15 7 1 47 50 11 50 4 10 50 50 50 29 50 50 41 47 6 50 30 1 4 19 10 13 49 20 50 39 34 4 12 25 50 6 37 24 50 23 0 48 50 50 48 20 50 34 44 50 50 28 23 48 50 50 22 27 23 43 41 11 2 23 40 17 37 4 17 34 27 50 7 5 38 50 42 34 50 18 50 0 26 40 18 50 30 17 50 
50 20 50 10 6 10 43 18 38 37 21 16 5 38 30 4 17 45 16 39 23 44 2 15 29 26 0 49 31 39 14 26 50 37 45 36 44 20 31 26 50 36 28 44 27 43 7 50 50 34 36 14 50 43 7 22 0 50 8 18 50 4 2 50 36 45 31 47 31 28 50 40 21 36 21 19 35 50 14 42 34 4 31 17 48 50 33 2 12 38 9 42 
5 39 27 17 18 43 11 50 8 50 50 50 10 5 46 32 50 43 40 16 13 50 34 50 42 5 17 36 25 12 9 41 16 50 27 50 21 9 8 20 12 23 50 50 46 40 39 27 27 43 23 46 26 21 14 13 26 13 34 17 28 43 41 23 7 15 36 37 50 50 48 49 46 44 42 22 40 43 22 40 35 35 34 13 19 48 29 0 22 39 2 
39 2 50 24 34 50 8 29 38 8 9 31 50 1 18 23 49 27 35 50 29 50 34 2 5 8 4 29 47 50 39 50 49 50 20 50 15 18 20 30 2 45 40 43 50 50 46 25 0 50 50 2 8 19 6 1 47 24 50 48 50 32 49 50 17 4 2 50 15 9 9 13 44 0 50 13 24 37 18 15 50 17 50 17 26 15 0 50 43 50 
12 40 11 26 10 9 6 48 20 32 41 12 29 29 31 13 45 9 30 21 47 14 45 50 18 25 43 1 24 50 23 23 8 50 41 2 12 39 3 37 1 30 48 45 17 6 33 19 3 37 2 50 37 8 32 36 4 42 36 21 28 1 20 13 50 20 16 18 40 45 0 17 50 50 19 15 41 15 41 11 14 33 36 18 32 42 28 5 37 
24 16 15 18 4 22 35 46 28 22 0 50 48 39 31 32 13 37 14 9 19 10 32 27 10 4 44 36 48 50 50 3 12 34 20 20 48 20 16 17 14 14 2 25 46 15 50 24 37 33 15 12 50 50 15 7 37 50 12 19 50 36 48 13 33 49 50 31 20 50 49 16 20 42 6 27 50 49 2 42 38 23 12 50 49 50 50 8 
50 35 45 49 1 21 1 50 44 28 5 5 35 23 38 20 36 24 50 12 38 50 39 50 47 25 50 9 39 50 50 17 21 43 18 4 30 28 50 32 2 29 42 41 48 50 50 25 39 49 45 50 13 36 38 38 47 17 41 9 23 12 30 49 7 23 23 42 44 39 16 22 30 29 31 17 50 19 1 9 7 36 47 49 27 50 5 
9 50 31 29 50 32 47 4 50 10 35 50 34 47 5 40 29 35 27 50 24 50 9 20 6 26 5 44 12 20 50 43 50 50 50 15 26 49 42 50 50 1 40 8 37 50 33 50 31 25 42 46 25 50 35 48 8 32 50 50 48 34 45 31 18 2 6 49 19 45 4 50 21 47 47 43 50 41 4 50 16 49 19 38 27 26 
45 45 8 27 42 37 47 44 36 50 22 20 2 50 16 50 4 7 34 50 2 6 50 9 1 15 32 6 5 26 46 19 50 41 2 44 33 39 10 12 7 50 50 43 50 14 19 40 28 8 48 24 40 27 50 15 50 16 43 45 2 50 45 28 30 46 50 50 38 18 35 50 20 46 50 42 50 50 44 50 30 13 15 16 11 
43 3 17 5 15 8 50 50 50 50 30 14 31 20 50 19 40 7 50 38 33 25 17 23 37 11 25 31 9 50 50 2 28 19 1 12 41 50 50 50 21 10 4 40 6 46 42 16 31 50 29 39 44 34 50 29 50 50 50 42 7 38 26 49 5 50 1 26 13 19 13 50 50 47 50 34 25 40 39 50 32 49 44 17 
44 12 10 22 22 44 11 26 46 3 27 26 19 44 15 35 26 5 10 39 50 36 39 7 28 49 35 41 12 26 50 4 36 43 41 50 41 50 50 13 39 15 15 46 31 15 40 0 22 41 24 10 50 50 34 31 50 28 7 25 50 31 20 17 21 16 23 14 21 5 20 49 7 18 50 35 11 17 40 25 13 27 50 
50 13 30 20 26 11 31 49 34 22 50 32 21 22 50 7 38 50 19 45 21 36 50 33 50 42 45 50 50 29 50 35 36 14 41 8 50 50 0 46 40 50 41 12 49 19 18 10 38 30 41 4 39 22 22 19 37 50 47 7 50 50 50 10 0 18 3 50 26 49 11 33 16 50 47 50 23 22 5 39 1 25 
50 9 19 40 35 31 50 50 16 29 20 5 50 12 30 26 34 50 20 34 18 39 22 34 2 30 26 50 31 2 28 26 50 50 30 46 50 24 37 41 14 46 31 50 50 42 50 50 50 17 40 50 18 10 32 50 50 49 50 50 50 28 26 5 50 36 50 39 40 45 42 50 9 47 50 9 8 28 8 50 46 
50 48 15 15 47 26 9 47 20 46 9 13 21 45 22 18 35 50 12 3 44 41 7 39 43 50 5 5 50 30 31 50 42 50 15 3 35 43 38 50 46 19 27 2 9 13 34 43 42 25 50 10 6 21 0 6 37 15 38 31 23 50 41 50 6 8 45 37 50 19 17 36 10 0 50 13 38 30 50 46 
19 50 21 16 50 4 3 46 8 47 50 50 50 2 50 30 8 1 8 11 36 50 48 7 11 20 17 0 46 1 37 39 22 9 50 50 8 21 10 50 17 32 3 8 41 45 21 26 12 3 6 50 45 20 50 9 7 17 42 19 44 50 50 24 6 15 35 4 50 23 50 50 46 45 50 14 0 34 24 
9 33 44 47 11 50 34 39 21 50 9 15 9 27 50 36 9 42 19 50 37 17 11 9 48 44 7 19 4 31 45 8 49 22 18 29 50 41 47 33 4 50 40 50 11 14 5 8 50 29 7 15 40 50 8 31 31 3 4 50 49 16 33 46 6 42 20 5 0 30 16 50 31 40 50 50 19 50 
50 30 0 15 28 50 9 13 32 4 50 50 31 50 5 34 48 39 8 3 16 50 20 30 50 4 43 28 5 33 42 28 42 24 50 23 12 33 12 16 4 37 15 45 37 19 32 22 45 1 50 31 24 19 0 4 27 20 50 9 24 50 50 48 8 50 31 6 50 9 36 38 22 46 1 35 2 
8 50 20 41 5 46 45 47 17 29 23 8 12 45 41 13 44 39 9 16 50 15 27 29 42 4 32 49 20 50 7 36 50 10 30 5 34 47 7 24 13 16 17 46 50 50 41 50 17 35 12 45 15 50 50 2 34 50 5 50 12 23 5 41 6 21 50 20 33 50 34 12 4 21 5 6 
43 50 35 34 31 8 47 20 11 2 1 2 36 50 50 6 28 15 17 4 24 38 26 1 43 14 11 16 50 9 50 23 2 17 31 19 36 50 7 5 41 50 50 49 19 33 26 33 0 47 6 33 50 39 50 22 2 25 11 44 47 11 46 30 50 44 22 50 50 37 50 10 10 9 7 
50 14 3 50 23 15 47 50 6 50 12 50 3 50 2 48 11 0 50 25 50 50 10 2 11 50 50 2 29 50 43 40 6 34 3 41 10 2 43 18 35 29 50 50 9 15 47 26 9 50 50 50 33 29 27 16 48 29 16 50 16 0 47 15 50 7 46 35 39 45 1 22 25 16 
10 12 18 41 41 21 50 5 50 26 1 28 16 13 8 50 6 36 4 50 41 50 3 50 30 30 8 36 43 50 50 50 35 37 24 18 17 50 31 22 9 50 23 31 36 50 50 15 50 0 19 35 7 50 44 20 50 50 32 50 5 50 18 22 8 50 50 13 50 40 42 23 22 
1 7 30 42 30 36 44 5 21 3 49 0 50 37 50 50 49 36 17 0 3 20 50 0 50 47 35 35 46 32 10 27 1 14 34 32 25 2 49 28 21 46 50 22 2 12 0 23 9 21 5 41 50 50 24 27 14 14 50 36 46 14 7 23 17 50 15 27 30 8 17 50 
50 22 20 9 15 50 23 40 26 50 45 13 40 50 39 41 49 43 29 15 50 26 9 1 43 8 12 38 50 32 50 13 50 28 50 35 31 5 14 48 12 10 50 44 50 16 40 14 14 5 3 39 41 30 50 9 6 29 44 30 21 50 30 32 38 3 25 36 47 21 2 
24 50 43 50 43 16 28 1 38 50 41 50 50 47 34 38 50 50 22 29 50 1 0 31 50 35 50 50 48 27 12 11 14 23 0 15 40 34 50 44 27 49 9 12 33 39 38 50 50 50 42 50 1 50 40 26 35 40 50 48 35 50 16 42 2 33 11 49 25 44 
41 11 13 50 49 29 2 31 50 32 50 16 32 50 21 50 19 38 46 44 50 18 44 8 12 10 41 50 45 50 5 42 3 49 29 5 50 29 29 32 0 42 36 10 50 50 9 36 44 2 49 2 31 24 50 21 49 1 24 42 49 0 6 50 23 37 50 23 2 
30 44 37 50 47 31 40 46 27 47 23 50 28 34 10 30 22 11 40 18 49 8 22 42 11 10 29 39 7 50 47 26 3 24 37 6 50 7 43 2 39 9 2 35 47 4 32 10 14 36 3 41 50 32 48 42 50 1 44 2 10 5 0 45 33 35 50 50 
29 49 16 50 50 3 40 15 11 50 50 9 6 0 16 37 29 21 1 50 50 4 4 50 6 1 19 0 50 21 40 50 30 50 10 35 23 9 50 50 11 37 27 20 28 50 19 48 18 23 13 28 9 4 50 17 14 26 13 44 20 50 35 50 50 8 2 
50 3 29 33 35 5 44 49 27 49 39 18 9 41 12 38 6 50 50 9 34 38 33 34 50 6 38 35 22 25 47 24 50 25 16 50 30 25 50 40 6 13 23 50 32 36 9 15 20 15 29 18 26 8 21 43 47 34 2 50 39 31 1 50 50 4 
17 27 50 40 36 23 1 0 50 29 19 50 15 4 14 18 17 6 50 23 19 10 29 10 40 47 1 15 42 12 24 6 38 49 13 50 20 17 0 50 50 0 6 31 27 46 50 47 38 50 7 5 48 35 49 29 21 49 1 42 9 3 15 37 50 
47 46 24 3 50 0 50 50 28 40 50 42 50 50 10 50 50 50 17 19 15 49 37 50 31 14 28 37 30 6 50 23 31 17 32 48 21 26 50 35 15 33 41 15 38 47 44 0 42 27 50 16 25 26 40 33 50 6 4 13 47 48 3 20 
36 28 8 39 50 40 31 6 48 7 46 38 37 19 27 50 9 25 28 21 26 38 17 50 44 35 33 50 50 50 47 4 50 50 10 50 2 25 50 50 1 42 13 42 21 39 42 27 34 33 50 46 0 15 30 14 29 46 45 18 32 50 2 
17 29 46 50 29 30 36 39 10 50 37 14 50 39 47 25 7 0 35 41 14 14 50 49 50 10 31 13 47 50 34 13 22 33 31 50 50 11 36 41 32 30 18 35 23 42 15 36 43 50 3 7 47 50 30 22 25 2 43 28 13 1 
4 50 22 34 48 7 43 7 48 26 42 31 32 15 40 24 49 40 24 2 2 22 12 36 20 27 42 30 13 16 35 11 32 50 0 33 50 39 50 10 32 11 41 40 50 50 50 38 17 20 50 21 34 28 30 50 50 0 47 10 1 
17 44 47 46 39 14 44 43 9 30 22 50 50 49 26 23 44 43 50 50 26 45 50 50 0 28 44 10 50 50 50 14 22 24 4 18 37 13 1 10 42 50 1 33 50 39 21 45 50 49 29 18 5 8 50 39 1 27 50 3 
37 27 38 32 32 13 0 50 39 15 50 31 40 38 9 20 5 37 24 47 5 49 4 12 5 50 25 21 27 29 34 41 31 44 50 5 29 11 26 24 50 21 34 36 49 47 23 43 38 48 20 49 50 23 37 50 50 39 10 
50 50 50 5 42 50 1 19 24 3 50 3 29 6 3 30 25 35 45 41 11 31 49 48 21 47 50 23 50 5 19 28 23 8 44 5 43 15 34 16 7 49 25 47 12 46 50 50 25 27 7 22 50 28 50 36 25 50 
26 20 22 50 50 22 50 25 26 14 50 19 50 17 29 14 5 14 50 15 46 16 14 50 34 47 26 26 28 25 0 3 27 12 50 17 29 50 47 24 9 13 50 20 25 21 50 37 50 26 50 47 36 25 7 11 39 
18 50 20 14 24 45 40 50 21 23 50 50 38 48 4 19 18 24 21 50 50 44 33 0 30 25 50 46 38 36 49 50 12 9 50 27 45 42 49 17 50 34 47 50 50 18 28 50 31 4 6 1 18 50 50 50 
46 34 50 50 50 37 39 2 15 14 48 14 50 16 46 46 50 9 50 50 50 5 22 39 50 50 49 24 50 16 42 43 21 50 9 10 18 50 4 31 36 9 50 45 49 8 44 31 50 23 14 50 27 16 34 
38 10 50 18 9 11 40 6 17 3 43 31 0 50 46 1 5 25 5 9 50 9 40 20 19 34 50 34 28 26 5 40 14 22 50 15 4 31 11 14 4 50 9 46 49 10 50 12 4 45 50 36 2 42 
15 50 0 18 24 50 50 2 17 40 34 30 46 50 50 5 32 14 32 50 5 50 50 27 23 0 36 38 50 49 47 50 38 1 14 14 44 46 12 11 4 50 50 5 23 0 50 37 46 50 30 20 17 
4 4 7 14 27 27 10 21 15 50 35 50 30 16 19 48 7 21 26 50 50 26 45 36 22 24 7 50 33 19 7 41 34 37 7 20 50 27 39 33 8 24 4 39 50 32 21 45 35 48 18 33 
23 4 50 44 5 8 50 14 8 27 50 30 19 42 12 4 47 1 50 23 16 50 50 42 8 23 37 40 42 34 50 42 10 26 50 3 23 41 20 5 24 38 37 50 50 6 13 4 50 26 9 
13 20 22 11 50 50 1 8 38 11 50 50 21 38 26 50 18 50 27 0 8 50 30 14 14 42 42 0 14 21 44 19 50 22 18 50 26 49 36 1 5 0 23 50 50 49 50 2 41 50 
0 50 42 44 5 31 6 50 25 20 50 50 14 25 11 1 7 50 21 43 24 25 50 8 42 17 50 27 3 13 7 26 16 47 0 50 35 2 37 28 36 19 1 11 19 3 9 33 36 
50 35 47 35 50 31 50 3 43 9 50 47 46 15 18 31 50 50 22 0 43 6 39 10 6 17 22 8 37 50 19 28 19 30 13 4 1 50 3 45 21 47 50 3 27 26 50 20 
29 1 22 12 29 50 23 21 50 20 17 34 41 49 50 23 1 50 42 5 3 29 46 43 47 50 50 40 14 45 50 48 45 50 17 28 50 50 50 50 50 49 50 41 40 33 21 
32 50 50 27 47 18 9 48 47 22 27 5 38 49 22 50 22 50 42 0 41 41 50 23 23 10 15 25 48 19 10 19 50 50 5 6 50 36 21 49 49 50 5 50 47 34 
50 22 50 42 1 1 48 20 20 50 34 11 28 38 19 2 50 29 37 36 17 28 28 39 18 49 44 21 34 40 47 35 0 34 33 31 42 50 7 4 35 24 5 50 23 
9 18 3 25 47 28 15 37 28 50 19 48 29 12 10 50 46 46 25 21 23 50 45 16 50 4 23 22 50 50 50 3 34 7 49 20 11 10 13 50 50 17 40 3 
50 9 6 24 17 48 32 7 38 33 44 20 15 46 50 50 11 50 28 50 50 16 11 50 6 25 38 50 43 38 30 48 32 39 19 7 18 29 18 3 27 18 47 
50 14 50 50 7 19 37 45 6 33 28 42 34 1 1 50 4 20 42 20 46 50 50 17 37 28 30 29 48 44 22 9 15 1 11 31 0 3 50 50 46 9 
50 3 50 26 50 17 0 11 28 49 50 39 50 50 20 42 28 46 1 42 50 46 49 19 29 30 50 50 50 50 45 3 35 50 16 47 39 30 28 49 27 
47 16 28 50 11 23 15 50 49 0 14 32 36 4 21 12 13 50 44 1 10 31 20 50 42 44 50 50 50 49 29 8 29 19 37 31 50 3 17 50 
27 16 34 39 38 17 49 30 9 15 7 43 24 31 31 50 50 43 49 50 8 50 23 32 50 16 50 40 35 31 3 18 45 31 45 5 35 10 50 
9 10 39 3 50 50 4 4 29 50 5 12 2 28 36 18 45 6 36 11 50 29 7 41 50 10 41 33 1 10 11 32 50 5 39 50 50 9 
50 24 21 39 32 8 34 17 18 2 50 17 22 36 3 10 19 47 50 34 34 3 38 21 34 24 50 8 50 24 46 49 49 17 50 32 9 
44 40 50 12 50 41 28 45 50 40 12 49 17 16 18 42 50 37 47 15 38 37 19 43 29 48 7 29 30 34 45 30 8 50 25 20 
10 43 41 5 35 31 17 4 20 12 7 26 47 2 24 42 7 49 25 50 38 50 7 20 36 21 40 48 33 43 16 50 46 48 50 
44 8 7 50 4 34 33 50 21 11 14 5 50 46 41 22 11 47 25 41 49 20 18 20 42 50 22 12 48 20 46 30 42 9 
43 36 3 33 25 50 50 41 45 6 7 14 22 26 50 41 33 3 50 50 40 29 35 50 39 41 40 5 27 31 20 15 9 
50 45 14 19 38 35 41 40 39 37 19 50 36 31 0 50 16 6 39 33 46 50 49 48 47 49 43 27 11 49 50 27 
1 13 48 31 50 8 42 49 50 39 15 26 41 42 27 50 35 46 25 29 30 42 27 33 8 17 35 2 15 3 45 
45 2 30 47 20 12 50 50 8 13 13 15 50 41 7 21 24 38 50 3 50 44 3 37 1 10 20 50 34 33 
15 44 7 50 12 3 27 39 28 50 47 24 25 39 35 27 11 25 6 50 30 28 48 5 10 18 12 11 50 
25 34 49 47 37 4 1 23 33 40 42 50 24 5 49 30 50 18 10 33 33 50 50 44 30 23 39 44 
13 35 1 23 44 29 35 10 5 15 25 1 32 46 8 50 22 18 10 8 48 49 45 32 0 6 50 
43 34 18 25 10 26 48 33 3 20 50 50 31 19 31 50 27 50 6 37 29 50 38 50 50 30 
3 50 50 22 7 50 49 34 12 47 11 43 17 4 50 29 38 50 19 50 3 22 20 50 31 
50 21 49 50 1 11 4 44 47 26 50 14 31 17 17 33 7 47 16 18 50 32 5 30 
50 33 50 48 29 50 15 7 21 28 8 50 50 33 37 34 0 24 13 41 26 50 27 
50 27 28 36 28 45 13 35 8 13 24 50 40 44 32 46 33 50 37 50 3 47 
40 28 22 31 50 50 31 47 28 4 48 50 22 50 40 18 36 33 21 23 41 
37 38 25 30 50 32 50 36 49 50 20 10 0 15 29 50 21 4 5 19 
35 11 10 50 50 37 47 50 5 26 24 32 50 32 6 27 35 50 38 
18 13 50 34 35 50 50 0 35 46 10 50 50 50 28 8 50 17 
9 50 34 27 50 22 50 50 31 50 50 48 37 31 9 17 4 
46 10 50 16 26 30 24 2 47 9 17 32 26 17 38 2 
10 12 49 6 15 50 34 12 35 36 37 36 14 45 50 
1 30 50 11 30 50 0 46 49 2 50 22 50 45 
32 50 49 49 8 16 18 30 4 39 9 50 50 
5 0 22 39 50 50 34 50 3 50 40 31 
48 41 21 50 50 42 50 19 46 38 12 
37 45 2 9 47 49 33 13 6 25 
12 26 22 4 12 12 47 46 2 
50 1 50 27 20 31 50 5 
43 49 48 12 18 43 50 
50 42 14 26 43 50 
47 40 42 50 23 
10 7 9 11 
14 20 37 
15 50 
48 

