200 50
25 15 28 12 32 22 46 31 6 31 44 31 44 24 11 33 20 4 39 12 18 0 50 50 50 34 8 48 50 44 46 13 22 19 17 14 38 11 5 49 26 39 11 31 42 28 20 27 50 20 22 35 48 50 10 21 35 41 40 2 8 50 20 15 24 45 44 10 16 19 50 50 44 3 19 39 15 24 34 15 15 45 50 9 14 50 43 11 48 34 11 29 49 3 15 50 50 31 44 29 5 27 44 17 25 50 50 18 39 21 50 19 50 9 15 45 9 9 31 24 42 6 33 46 2 38 33 50 39 8 2 34 50 2 31 31 50 39 8 10 50 19 0 29 50 50 50 12 46 44 8 27 23 23 16 50 46 16 1 3 11 41 42 26 50 50 24 9 29 50 24 24 40 43 50 50 39 50 41 19 21 29 24 34 41 50 20 10 23 23 19 33 46 21 37 19 13 41 31 
2 7 50 46 17 9 13 5 30 4 50 10 9 10 45 9 12 37 27 5 14 40 50 23 4 41 31 42 23 23 20 37 50 50 12 25 14 46 2 32 50 20 42 21 39 2 29 1 50 50 10 50 12 26 5 30 27 43 43 0 0 43 0 49 30 10 19 50 6 19 49 50 38 35 50 46 21 31 10 6 33 13 37 50 35 11 7 13 29 11 10 49 28 11 44 41 7 6 50 39 16 46 47 50 50 1 37 50 17 43 19 2 18 5 37 28 49 30 42 50 5 28 42 23 2 34 22 50 23 35 20 27 37 42 14 27 40 37 37 5 36 31 3 34 21 34 25 9 32 10 27 17 2 12 50 50 24 24 40 18 17 29 13 20 39 5 40 33 31 12 36 50 13 7 22 45 29 32 17 5 29 26 40 8 38 27 39 10 40 50 43 50 35 28 30 34 6 50 
20 38 28 50 27 39 50 50 33 12 22 48 23 0 16 24 22 2 24 24 34 29 49 50 32 10 38 47 35 19 29 9 35 7 32 44 20 33 15 44 29 18 50 0 32 27 24 19 50 25 21 50 10 33 28 21 9 48 40 43 35 50 28 44 49 35 15 12 22 4 34 40 14 37 50 25 24 25 41 7 22 20 44 41 25 17 0 44 43 27 50 48 8 7 20 50 10 37 21 50 14 3 47 23 45 47 23 35 28 20 19 6 13 49 46 15 26 45 26 10 30 14 10 3 50 50 30 11 26 45 6 30 24 36 27 10 26 11 25 30 40 34 32 16 19 38 45 38 10 50 9 29 28 3 24 49 30 15 10 18 17 4 30 46 24 18 6 8 24 31 7 42 49 28 10 50 0 4 12 25 34 50 26 50 35 22 26 10 31 50 50 39 21 16 29 48 1 
49 13 1 44 34 4 44 7 8 22 25 7 26 50 50 12 4 2 29 11 19 1 10 21 46 44 19 42 50 2 50 35 2 50 30 47 44 50 24 17 27 50 50 50 18 41 26 7 13 25 0 5 50 12 10 10 18 18 41 48 47 41 48 24 33 44 42 9 18 50 16 16 28 18 23 9 32 27 36 25 50 24 29 45 9 9 23 0 28 50 26 31 40 40 44 35 10 50 36 7 50 2 50 32 19 41 48 29 34 1 30 49 38 31 40 41 45 14 22 37 50 37 18 30 49 50 33 2 41 16 10 46 27 16 41 7 45 29 18 32 21 11 35 26 5 15 29 14 1 14 24 40 40 37 11 33 50 50 36 32 50 10 5 13 47 50 8 29 12 50 47 2 2 15 10 23 40 17 32 39 28 50 24 4 25 43 50 30 5 31 34 45 50 45 50 44 
18 13 50 44 50 15 47 3 50 35 47 39 23 48 38 5 22 3 50 28 34 24 1 21 21 49 0 46 33 36 19 32 48 5 37 8 0 5 27 50 43 0 16 50 21 10 10 49 24 49 48 11 43 24 4 29 11 37 50 43 46 4 40 36 24 44 50 8 36 29 42 30 9 21 3 50 36 49 4 1 50 42 39 33 48 13 34 17 41 17 46 30 39 13 37 27 50 30 37 11 38 24 44 38 50 7 19 30 14 23 50 2 50 20 17 18 24 33 18 50 28 22 5 48 42 50 15 29 50 16 19 49 28 27 45 33 50 5 11 32 22 30 30 21 48 50 7 24 50 50 36 20 14 34 22 21 21 50 16 26 49 1 50 27 25 40 4 23 50 2 42 23 48 26 19 50 40 25 41 32 10 28 25 14 34 36 35 10 35 38 15 43 47 6 25 
49 11 7 21 16 32 40 14 50 5 11 16 22 50 13 32 40 23 0 43 47 50 50 18 27 13 49 41 39 24 2 39 19 5 3 21 29 50 27 24 37 4 15 40 46 39 50 20 33 2 18 35 36 10 5 13 8 6 28 26 19 8 22 42 33 22 6 17 50 50 1 21 29 33 50 12 50 27 49 24 10 32 46 44 46 47 46 50 11 31 35 33 9 20 16 13 48 30 1 5 46 14 35 33 39 26 50 1 21 4 49 11 5 26 2 41 7 10 13 13 29 2 38 44 26 50 43 22 2 50 50 50 30 20 19 38 16 6 24 15 1 25 22 33 11 46 45 21 50 27 27 37 4 31 31 50 7 13 3 16 8 40 8 31 30 50 16 3 8 46 25 15 23 50 40 36 33 27 28 25 50 0 24 49 50 28 50 28 32 39 50 14 2 50 
12 50 49 6 4 21 42 50 16 31 27 37 18 42 40 11 21 50 5 9 10 36 24 43 22 26 24 11 38 49 21 34 6 29 13 4 8 47 23 4 42 21 41 13 50 48 16 30 50 22 50 33 31 2 40 50 20 50 21 50 33 13 50 9 16 9 20 9 48 11 17 24 44 11 15 8 3 29 50 40 50 50 22 12 47 36 43 11 15 17 43 43 13 17 49 24 48 16 8 12 8 13 11 30 17 50 20 27 45 16 22 1 5 8 13 18 5 6 17 4 37 27 20 13 44 26 32 1 30 32 4 41 18 11 15 47 7 0 32 0 32 17 30 16 10 26 34 31 17 47 22 27 18 30 30 50 35 11 46 37 21 15 39 18 5 36 35 32 26 50 10 34 17 44 40 45 50 50 36 15 27 17 16 23 43 45 25 29 32 38 49 50 35 
39 5 7 37 25 44 4 50 18 5 18 50 21 29 36 25 3 36 50 21 33 18 36 50 29 30 16 50 3 15 16 45 20 25 17 45 33 1 20 50 20 28 18 35 22 4 20 41 28 50 11 37 20 17 8 40 46 50 22 2 50 50 26 18 33 0 5 50 6 24 49 36 16 2 40 36 13 50 39 12 3 13 31 47 20 50 22 40 35 20 30 21 24 41 9 25 35 50 14 29 40 3 50 47 16 49 48 47 31 49 49 50 40 50 14 1 38 15 39 6 12 28 50 50 34 18 26 44 35 39 50 50 3 1 11 21 3 37 41 50 48 17 5 35 13 45 5 38 2 0 10 32 50 31 16 12 9 20 41 20 18 43 44 33 36 2 32 22 29 12 24 26 31 12 38 21 43 31 50 6 50 3 35 18 50 3 6 15 12 1 44 35 
44 3 49 32 15 17 9 13 10 3 50 4 20 3 9 23 0 16 35 50 12 50 50 50 14 49 28 34 9 1 50 0 31 50 17 4 27 50 6 33 5 31 46 33 45 46 35 32 7 2 18 37 50 40 33 22 13 13 2 21 35 42 29 1 0 29 12 13 33 22 24 50 50 7 40 50 31 50 50 15 21 48 48 32 41 34 30 15 27 17 39 0 24 25 11 12 31 50 44 46 15 50 3 50 50 9 40 8 50 15 12 25 41 36 26 43 0 11 38 43 44 0 32 45 0 43 47 8 6 26 26 28 30 23 50 28 21 20 25 28 35 39 33 39 6 45 6 7 50 50 35 22 13 22 0 50 15 50 20 5 34 44 11 9 45 28 33 10 21 17 16 49 18 6 28 15 1 37 48 25 34 45 0 4 40 14 3 0 36 36 48 
45 35 20 40 41 21 36 50 42 12 16 6 20 40 26 12 31 31 15 43 41 47 47 46 15 35 24 15 41 50 50 2 6 17 17 28 37 32 34 7 26 35 15 25 7 0 24 5 18 50 9 33 10 9 44 30 44 18 14 3 41 37 42 44 20 2 20 50 8 0 10 3 30 21 42 1 33 15 25 40 35 35 24 35 30 32 50 40 50 50 50 15 25 22 49 15 39 16 50 17 41 5 26 50 12 20 37 48 28 32 17 3 27 29 18 23 4 50 37 43 25 50 30 24 32 33 29 43 40 11 50 24 37 39 21 0 12 5 16 50 30 17 0 50 19 35 24 10 36 10 35 12 0 28 14 6 49 2 50 40 24 50 27 0 6 22 26 4 35 43 49 21 9 27 25 34 43 3 43 15 1 17 35 40 3 27 20 50 16 3 
13 35 50 8 25 35 35 49 50 16 28 13 4 12 8 34 15 45 14 30 29 6 29 32 15 19 31 5 31 13 24 32 50 24 48 50 20 45 19 4 14 50 22 11 25 43 33 50 30 47 31 16 3 6 50 4 0 43 28 44 45 41 43 22 26 7 30 18 18 4 13 11 18 27 19 28 41 11 18 20 50 49 20 40 40 50 29 46 50 18 18 20 3 5 14 48 28 49 18 9 27 3 49 20 6 2 31 13 40 22 32 0 42 17 39 50 12 25 2 33 1 10 29 50 50 50 44 36 48 28 45 32 20 13 16 9 11 39 50 44 21 25 13 7 29 12 17 0 0 38 50 16 31 40 30 9 24 37 43 30 50 44 19 48 33 35 50 32 42 50 29 29 4 14 49 40 20 2 23 43 24 50 22 24 49 48 23 2 5 
34 10 5 38 14 38 28 11 5 17 40 35 11 6 50 46 34 27 23 50 37 25 43 47 2 50 6 19 14 5 14 34 30 44 34 3 21 28 13 10 44 24 12 18 32 50 5 4 14 45 26 18 5 17 18 42 22 38 50 11 31 37 11 4 37 24 44 42 37 37 42 22 29 15 46 11 29 32 12 19 21 50 20 30 4 28 19 50 23 12 50 39 27 50 17 18 20 43 47 40 18 37 29 1 34 8 23 18 7 25 25 50 34 46 50 11 14 2 46 49 26 44 27 49 17 24 27 23 26 31 26 17 31 13 11 50 13 9 22 2 45 31 23 9 10 0 7 50 46 18 19 13 36 25 22 48 12 50 20 7 19 38 43 49 18 20 17 50 15 50 50 17 19 6 26 29 44 43 13 35 8 38 36 39 36 50 12 11 
12 49 1 10 25 50 9 29 39 12 25 50 8 16 10 29 50 16 50 8 33 19 27 41 31 0 50 16 32 28 44 2 21 16 50 24 44 50 29 11 3 12 25 30 36 3 36 41 27 12 26 18 44 9 7 50 3 47 41 7 39 20 4 12 43 1 21 50 33 31 47 22 4 46 38 9 32 48 43 5 1 8 50 46 44 47 18 50 12 17 27 42 32 7 38 18 9 20 50 22 43 28 11 18 5 5 37 3 49 36 39 48 14 21 12 24 44 46 50 29 32 39 20 17 19 43 8 50 12 49 28 47 11 49 11 18 45 50 32 10 25 0 40 42 7 31 36 50 28 47 18 18 17 28 31 36 19 10 45 50 35 50 29 4 31 13 3 28 9 46 1 12 27 31 36 50 50 16 37 42 14 35 18 20 48 49 42 
0 50 39 50 33 9 32 5 11 25 12 37 14 5 50 9 50 28 10 2 18 38 2 32 1 25 20 36 50 17 50 8 35 26 34 0 50 29 50 49 5 3 36 44 41 25 14 40 45 27 44 28 35 48 25 14 40 48 24 14 4 42 6 34 1 5 38 18 21 50 34 50 32 49 49 30 30 37 9 50 33 36 7 1 50 44 28 5 28 25 50 50 37 44 26 16 22 40 50 45 29 12 35 44 50 12 12 37 6 5 0 49 50 31 41 38 23 50 37 42 50 26 17 44 48 34 4 15 35 49 50 43 20 47 18 33 45 1 50 41 7 40 48 50 7 17 2 50 33 50 27 50 8 47 20 49 34 41 42 17 16 41 50 37 6 29 18 6 9 50 16 9 38 22 36 50 50 31 8 18 25 50 20 10 4 27 
23 36 23 0 4 42 20 9 5 50 3 14 45 15 28 50 31 50 46 4 22 32 30 7 38 0 48 26 32 47 44 31 16 50 33 40 2 5 34 50 50 48 39 15 29 50 27 22 21 3 21 37 48 20 32 17 43 50 44 50 43 6 13 24 4 17 0 11 2 2 29 47 39 1 39 14 3 46 50 50 27 50 38 28 25 17 17 41 10 50 19 50 14 33 50 33 8 39 28 13 50 4 45 5 44 29 11 2 19 18 36 14 17 26 50 9 7 1 24 46 50 31 42 10 50 50 17 39 22 25 20 30 18 19 2 50 45 33 21 48 50 24 46 50 13 50 30 24 18 46 3 45 17 27 47 38 10 50 9 19 34 45 30 43 1 4 24 6 32 24 31 23 41 50 4 46 50 10 25 1 13 3 16 44 38 
50 50 37 50 44 5 36 34 50 34 44 45 4 48 13 13 43 1 21 23 50 12 38 48 16 19 39 33 48 6 46 27 50 48 9 44 2 44 43 7 50 4 30 24 17 7 50 24 19 18 17 12 50 6 16 15 14 30 11 19 14 8 50 8 50 15 27 21 9 38 22 42 45 50 29 16 7 33 48 50 49 9 50 9 42 40 44 26 1 21 12 50 50 45 5 44 50 19 5 35 24 48 50 0 5 50 32 39 44 47 34 34 18 32 2 9 29 7 29 8 19 24 7 43 38 39 48 40 30 38 50 29 43 13 50 7 42 10 6 1 37 50 5 2 50 47 15 14 39 39 43 50 6 12 9 20 28 36 10 47 21 39 30 12 14 42 31 11 48 4 45 3 1 12 38 2 50 11 17 3 8 30 2 42 
35 46 17 12 2 41 33 41 26 39 4 0 22 21 48 13 24 34 50 50 50 9 50 41 16 37 22 35 28 21 5 22 4 47 50 31 37 30 50 16 48 23 0 27 17 24 27 46 14 29 9 37 48 2 9 42 43 42 8 26 1 36 47 38 12 1 5 40 8 26 0 40 43 50 21 45 2 44 50 14 3 35 24 36 47 46 33 38 2 46 50 50 4 33 39 17 38 17 34 50 29 50 26 8 26 9 3 50 14 40 49 27 30 32 6 50 50 0 40 26 50 16 20 48 27 50 6 45 7 10 50 1 26 23 45 8 20 2 33 0 16 50 6 50 7 11 48 26 39 21 9 6 44 50 25 50 22 16 31 50 38 47 40 50 49 41 22 29 46 24 20 23 18 34 28 27 5 43 28 47 12 38 32 
22 2 12 1 30 13 21 28 41 10 1 0 45 38 16 10 20 38 46 7 42 29 35 45 10 42 44 28 50 50 49 39 50 13 17 41 50 42 50 50 11 42 3 44 16 45 43 50 47 23 27 2 12 5 27 19 49 26 44 47 20 18 36 39 39 10 25 40 38 50 43 8 18 41 12 13 36 25 25 11 10 25 18 35 44 25 34 20 6 30 5 22 45 16 21 27 50 32 16 41 31 25 23 10 49 33 36 44 36 0 39 44 50 37 37 0 6 49 37 37 26 21 26 50 23 13 24 0 32 50 49 18 8 21 50 0 32 46 50 20 48 41 43 0 40 50 14 36 50 34 30 23 29 4 7 16 31 10 48 21 30 32 5 22 28 38 36 27 13 35 19 30 6 10 50 34 14 50 21 38 48 34 
43 34 30 27 37 43 25 33 37 36 30 41 11 48 12 6 22 22 44 50 20 14 3 44 13 35 29 0 6 30 7 50 50 25 31 27 3 6 28 8 8 1 30 23 4 42 6 47 50 4 50 42 32 40 17 36 38 2 19 11 30 40 0 43 20 21 50 43 33 31 36 25 49 45 5 50 9 48 15 33 10 31 37 40 6 50 6 3 21 47 37 15 22 17 44 42 40 27 48 39 33 46 18 44 13 46 50 50 50 43 18 44 3 1 39 42 50 26 16 36 30 26 28 35 30 21 38 6 20 39 39 14 50 8 12 42 8 1 37 29 34 14 50 5 28 50 43 12 19 27 43 40 45 8 12 26 44 24 15 48 45 38 12 39 50 9 21 43 45 50 36 49 42 30 31 8 7 24 16 16 40 
20 38 38 47 9 10 35 50 50 49 5 32 8 3 50 35 41 48 13 4 31 24 13 32 11 47 31 31 4 42 46 12 9 7 17 6 8 22 49 23 29 43 50 10 32 3 34 50 48 23 23 37 33 38 49 4 45 46 4 50 17 50 45 0 44 50 10 7 19 2 21 50 12 26 50 28 0 38 25 50 11 33 26 12 20 50 50 50 50 0 50 31 2 28 37 23 34 27 32 50 7 27 6 28 0 50 20 7 27 24 37 18 50 11 5 16 50 8 50 25 35 41 0 25 50 1 20 2 50 3 45 41 49 28 16 37 3 50 48 42 50 16 46 18 41 16 6 50 15 0 44 35 37 29 32 5 16 30 41 0 45 6 47 12 43 50 19 40 48 24 26 23 27 17 24 13 50 5 5 22 
23 17 50 14 30 31 19 33 45 50 33 10 41 50 36 38 21 50 38 50 1 27 30 45 50 9 50 47 40 41 12 50 39 50 45 25 44 50 31 26 23 31 33 46 24 16 21 44 35 6 26 30 26 35 24 42 50 10 17 31 8 50 50 20 31 24 44 50 33 50 2 50 14 37 17 1 33 9 44 6 11 50 42 3 23 43 37 3 11 44 0 35 39 50 22 1 1 10 33 13 50 49 50 4 50 41 16 43 44 5 0 7 18 50 50 6 40 15 2 41 14 23 50 6 38 50 12 37 31 50 46 11 33 50 50 3 4 18 12 5 50 50 20 38 50 50 50 49 39 42 50 20 8 32 15 29 14 29 34 13 43 26 12 20 7 34 12 37 34 22 6 50 50 47 50 12 17 17 50 
26 6 2 2 45 50 17 24 42 48 50 30 50 21 50 0 50 6 32 50 50 32 50 0 3 22 50 47 32 50 40 3 2 50 50 7 46 26 41 18 50 30 50 50 7 27 50 50 35 45 50 20 14 33 19 25 20 6 16 14 41 31 50 22 50 50 25 13 43 11 50 30 50 50 45 50 50 26 8 31 17 50 50 3 20 50 50 10 0 28 19 39 13 40 23 43 50 28 50 16 43 13 43 40 50 50 50 12 16 50 37 45 24 41 39 31 40 20 50 17 27 34 16 19 15 4 27 36 17 49 26 6 33 40 33 1 44 50 30 37 21 25 33 37 15 23 10 45 38 19 49 50 0 50 8 50 1 36 50 37 29 23 50 7 27 50 27 50 42 10 39 37 1 47 50 13 50 42 
16 38 50 24 13 12 22 50 45 1 24 30 1 7 7 11 37 50 50 20 6 50 39 45 26 50 23 30 50 48 41 50 0 50 50 14 6 48 22 50 36 2 27 23 18 32 8 12 0 20 40 11 50 10 0 21 39 50 4 21 34 44 4 50 50 36 31 44 47 22 15 45 34 44 46 19 19 50 36 50 2 12 25 27 48 6 50 12 20 21 26 44 27 28 15 46 16 0 3 50 42 23 17 43 50 50 8 11 50 44 40 43 26 20 38 49 13 39 37 22 45 0 39 40 46 28 1 45 50 50 50 39 10 50 12 17 25 14 32 47 45 4 22 50 26 20 21 50 2 50 42 1 11 50 5 11 50 19 22 18 23 39 31 49 37 9 22 48 25 17 7 38 7 50 33 27 47 
24 0 36 48 43 5 46 50 30 30 1 22 50 10 50 29 10 50 44 21 4 48 1 30 18 19 20 4 47 50 8 35 23 27 29 22 38 39 41 5 34 26 48 50 16 9 4 24 50 2 6 19 7 15 31 34 37 34 47 49 35 24 26 50 29 50 50 40 46 33 46 43 19 48 35 3 4 21 3 4 12 26 50 21 50 22 43 19 50 34 50 50 25 50 50 1 50 5 50 50 50 48 38 50 2 50 21 50 17 36 8 19 17 30 22 48 47 6 36 22 18 47 50 21 3 46 45 50 25 0 2 50 5 15 50 19 18 49 1 27 18 8 38 50 8 50 5 31 26 2 21 31 31 50 50 35 5 21 42 43 15 17 38 42 50 50 50 9 38 50 47 19 17 50 18 44 
24 24 50 50 50 29 36 46 37 43 50 16 23 50 26 5 18 50 4 0 50 27 45 3 50 4 29 9 1 21 33 19 22 21 48 43 7 9 48 23 12 13 1 21 48 5 41 1 14 20 50 38 7 31 50 46 26 18 41 50 50 0 44 9 43 1 45 22 15 50 6 50 10 8 50 18 21 48 9 50 14 28 37 25 13 21 24 28 23 48 50 3 50 7 21 6 22 21 14 50 47 14 11 47 13 28 33 22 4 15 50 22 23 18 8 26 19 36 21 24 3 23 13 8 50 25 36 37 36 18 4 2 2 27 29 45 10 22 6 50 26 2 9 12 50 50 42 38 49 6 42 32 12 18 1 38 33 7 46 37 30 6 32 2 21 20 30 28 10 42 33 50 36 37 15 
16 13 40 33 20 6 50 28 43 42 49 40 38 50 44 10 7 11 32 24 11 38 50 32 42 17 1 42 11 50 50 20 41 46 2 3 32 17 50 47 30 50 26 50 28 8 35 3 19 37 49 5 13 34 20 42 40 0 50 35 42 34 50 50 50 27 50 8 11 50 47 23 31 20 38 22 7 24 49 2 31 13 50 50 47 38 34 45 14 23 0 9 43 25 9 50 50 18 0 6 38 22 49 42 35 46 4 20 50 26 50 38 47 42 28 4 9 38 33 29 34 50 50 34 25 10 9 40 50 26 48 50 26 31 50 3 50 12 17 50 16 21 50 3 12 50 19 50 41 11 13 31 41 22 50 19 4 1 32 30 50 32 7 46 50 41 42 17 28 32 41 9 25 18 
37 42 12 6 50 23 0 50 44 0 50 14 47 45 40 17 50 40 41 49 30 50 50 8 13 50 24 27 6 1 48 39 50 21 41 6 12 29 27 14 50 26 12 50 49 49 50 50 8 11 50 21 50 50 2 32 42 23 28 50 26 44 49 31 0 35 50 23 50 17 46 50 41 30 47 9 4 9 41 22 21 18 26 28 5 13 48 20 20 50 1 46 27 50 46 26 29 17 16 48 1 45 50 26 50 45 12 0 36 16 17 50 47 50 13 23 50 30 50 17 50 13 50 17 45 50 6 50 50 50 50 50 0 18 50 50 50 32 50 50 35 11 7 50 48 16 35 36 33 35 5 41 16 43 16 1 13 18 9 43 30 50 48 50 14 20 45 39 9 32 22 15 7 
1 18 28 45 27 42 39 3 30 24 4 50 50 24 26 7 38 29 13 13 44 0 33 15 39 19 40 47 50 20 42 50 15 50 50 24 36 50 49 1 50 47 50 32 23 50 19 50 22 0 50 24 50 37 30 33 21 33 35 15 15 27 46 43 50 49 17 14 50 19 0 43 5 32 44 28 50 46 46 42 42 10 20 1 13 50 50 33 50 44 18 50 50 20 50 30 50 50 45 25 15 50 8 20 6 50 38 50 38 40 19 22 37 35 6 45 50 44 2 50 38 3 36 50 21 4 9 39 35 20 50 2 29 50 50 43 11 1 50 38 31 40 34 17 2 9 46 5 23 50 43 19 27 11 23 50 44 12 29 5 10 50 9 44 30 50 8 42 50 23 37 26 
50 6 41 24 50 48 24 37 50 28 3 38 30 2 7 7 50 50 18 0 50 0 46 12 1 43 50 32 25 34 1 50 50 8 1 32 20 34 50 50 10 19 4 1 0 32 29 32 50 30 19 20 18 4 34 43 7 50 17 10 50 14 16 33 34 15 2 10 35 9 50 6 48 33 7 1 50 50 3 14 31 21 50 43 8 50 50 50 2 37 18 14 25 17 17 21 34 16 38 44 29 31 13 30 50 28 50 44 5 50 50 50 13 50 34 50 50 50 9 3 50 45 5 31 3 50 18 46 13 9 38 50 50 3 50 13 50 38 38 50 50 41 50 50 32 12 4 50 39 7 34 50 34 24 20 9 10 49 1 50 46 2 50 31 4 16 4 45 45 44 13 
49 47 50 32 8 19 50 50 50 2 50 22 21 37 47 50 50 50 50 50 8 16 13 40 36 35 24 41 27 25 29 50 50 45 25 7 50 7 2 30 25 44 22 50 16 50 50 44 48 50 10 7 1 45 0 16 13 20 50 2 34 30 19 50 15 50 3 9 18 16 4 0 50 50 27 48 50 21 50 30 10 29 50 25 49 38 38 2 12 3 34 42 25 30 50 38 50 40 19 40 26 25 50 20 50 11 28 50 40 26 29 47 26 35 20 9 50 27 47 44 43 31 21 34 39 0 50 18 19 43 38 48 1 50 50 50 35 5 6 45 28 50 42 2 5 50 50 49 10 50 2 50 50 50 11 22 44 41 33 50 43 48 4 6 17 35 28 50 50 5 
12 50 50 50 45 44 23 50 1 48 38 17 41 37 22 18 44 19 37 38 12 41 37 34 36 32 16 5 23 23 3 38 34 18 50 6 5 37 34 46 15 38 42 50 3 44 10 2 41 42 41 50 50 18 12 15 29 14 50 20 23 36 39 50 2 20 49 47 15 33 40 11 44 50 25 11 50 16 19 50 27 36 43 13 35 19 35 4 13 31 5 50 32 50 32 50 6 1 1 31 50 13 9 21 50 44 50 50 7 1 37 50 27 45 34 7 50 12 50 36 50 15 33 50 50 9 50 28 22 20 50 45 6 50 19 9 50 50 35 47 26 50 13 43 19 2 2 20 29 50 50 30 14 39 46 40 45 49 41 30 32 11 42 5 9 21 49 50 29 
34 37 17 8 16 42 30 8 2 26 30 5 49 42 50 31 46 26 1 44 36 43 45 47 43 49 12 50 28 50 37 50 37 43 34 4 11 30 50 0 28 50 50 50 50 39 3 14 50 50 11 31 49 45 29 50 9 37 50 2 23 50 9 48 50 30 44 37 47 18 11 12 0 29 50 50 15 24 43 1 50 19 40 12 38 50 24 50 3 50 23 50 37 20 7 2 50 18 50 50 19 13 26 18 50 11 27 50 42 21 50 11 31 19 46 39 15 50 11 50 23 27 27 46 36 43 0 9 19 50 16 50 1 33 50 50 29 34 10 6 50 6 3 40 3 25 16 47 40 50 21 49 6 5 33 10 7 16 9 50 50 45 50 50 16 50 29 38 
50 46 49 37 25 50 19 16 11 50 37 32 50 9 50 48 25 21 50 21 11 40 50 22 19 29 50 19 29 17 0 32 17 9 8 10 50 42 17 15 21 45 34 20 29 49 22 7 33 50 13 29 37 31 35 43 50 41 43 45 17 31 10 49 47 2 40 7 5 50 14 33 48 50 2 28 1 40 50 28 34 29 50 15 30 33 1 40 29 14 20 21 37 47 22 11 50 5 45 33 50 18 17 43 43 24 31 12 30 15 25 41 18 41 40 8 40 48 18 14 50 26 48 8 3 30 28 16 46 13 29 3 50 2 50 50 22 26 43 20 35 50 50 30 17 8 22 50 15 34 50 30 49 7 50 10 50 6 50 50 30 35 9 25 43 47 50 
43 43 34 50 26 43 25 50 37 50 45 19 11 50 6 50 23 50 46 42 40 31 32 50 34 1 50 50 32 22 40 48 50 8 14 50 49 16 50 31 16 31 26 1 49 48 16 19 32 50 17 37 37 50 37 50 31 10 30 50 47 23 21 50 37 16 11 50 50 35 1 9 27 50 7 29 32 12 28 0 48 20 17 11 36 38 22 7 27 20 50 13 45 23 46 50 21 10 43 46 1 44 11 38 49 14 5 50 14 11 42 4 42 50 3 9 17 50 33 50 10 50 17 50 28 50 50 50 1 1 35 46 37 11 50 35 46 16 28 49 28 44 22 30 28 11 45 50 36 50 19 11 40 50 50 50 34 46 16 11 50 8 50 50 50 11 
8 36 50 14 32 1 31 44 26 5 41 16 9 18 4 5 46 50 50 50 50 49 47 40 18 39 26 38 50 31 17 36 44 50 20 7 7 14 32 40 0 50 21 15 41 46 24 50 22 41 50 22 31 38 50 44 30 13 38 35 1 50 9 38 34 48 27 50 48 21 43 26 41 33 18 50 29 50 27 4 40 5 50 8 30 50 50 29 3 11 30 6 16 44 12 31 23 36 29 10 26 14 23 2 50 37 50 50 21 35 19 49 30 10 18 50 50 14 40 48 14 43 50 13 30 20 42 10 40 50 30 10 1 42 37 46 50 12 32 50 1 16 41 23 23 50 31 50 13 50 37 50 28 9 19 37 12 50 9 4 7 16 50 3 46 
45 7 50 50 23 19 5 21 9 50 1 22 50 31 36 50 30 31 28 27 47 38 9 3 50 10 48 20 50 50 9 7 15 33 50 50 50 21 37 49 29 31 31 14 44 50 50 49 7 37 15 48 49 28 28 16 26 0 30 50 32 43 29 2 50 50 46 17 50 27 45 16 6 50 18 50 39 17 24 38 50 11 17 49 33 50 44 14 50 7 9 38 1 50 31 43 50 27 20 33 50 28 50 2 41 18 19 9 28 34 8 31 0 23 33 25 27 0 17 41 27 50 7 13 35 0 17 20 43 50 0 38 27 50 49 35 31 50 1 28 50 50 13 46 33 22 39 34 20 50 50 45 17 43 38 50 14 50 7 50 50 6 8 4 
0 15 36 28 1 50 11 48 22 4 6 34 31 1 19 40 4 22 50 31 50 4 5 31 30 10 50 40 1 10 50 7 37 48 43 50 4 50 45 3 50 23 12 33 14 42 19 50 28 19 12 44 50 50 37 0 17 50 49 13 44 50 40 8 4 50 13 10 22 50 32 0 29 50 39 28 23 38 0 26 34 10 24 37 32 50 24 26 46 40 15 40 28 8 35 15 50 50 9 44 40 5 48 16 50 9 2 38 1 2 13 46 50 19 49 50 16 10 8 2 18 33 50 50 7 16 50 50 13 40 31 2 33 34 12 50 39 50 44 50 1 18 3 50 31 1 50 40 10 50 15 13 50 32 0 27 41 48 50 18 17 50 50 
50 21 50 28 9 33 50 17 29 20 4 21 36 21 50 1 29 27 39 6 12 14 32 43 26 45 50 50 43 36 15 23 50 22 3 25 32 36 34 12 50 50 50 37 44 39 1 50 19 1 25 23 50 14 19 13 17 50 15 45 7 50 47 40 20 50 41 0 15 8 14 50 50 50 21 5 34 0 40 1 50 20 50 38 50 47 50 50 45 50 43 34 7 48 50 1 29 36 19 49 50 20 39 3 0 35 39 44 22 47 49 48 14 17 50 50 50 11 43 35 21 46 15 16 6 29 50 39 12 17 25 11 31 33 47 50 16 37 47 8 21 9 41 36 27 35 38 50 30 38 9 7 30 39 46 11 50 5 45 41 42 18 
47 21 32 34 50 30 13 23 47 50 37 15 8 45 23 49 22 31 7 38 5 12 6 50 43 50 11 44 10 50 4 50 50 27 22 50 43 19 15 11 39 50 49 32 10 9 15 1 0 45 7 44 8 44 36 36 15 16 50 35 18 37 50 37 29 41 15 19 25 9 30 20 50 37 37 40 50 24 8 23 1 33 25 35 26 41 26 50 21 50 12 50 50 50 29 0 27 17 35 50 50 16 30 9 11 33 25 20 2 50 35 50 50 28 26 49 45 50 9 36 50 14 50 7 50 36 48 50 50 8 50 27 39 11 44 50 42 25 12 45 35 50 48 50 50 39 14 48 20 50 50 46 6 19 5 29 19 50 12 45 36 
18 6 26 50 12 30 19 0 6 25 9 50 25 26 50 28 24 33 37 20 38 20 17 2 50 29 36 26 22 5 48 11 45 6 50 38 32 50 36 30 49 50 26 37 1 24 33 2 27 16 50 32 39 9 32 41 42 0 50 19 50 22 0 10 22 18 23 17 50 36 17 36 16 23 0 13 50 43 24 30 6 3 39 7 20 50 17 2 14 48 34 45 50 8 50 0 32 25 50 44 47 41 10 31 18 11 50 35 31 50 50 12 25 50 41 28 38 48 50 28 4 50 32 18 37 21 39 28 12 28 11 3 17 50 50 50 50 18 20 22 21 39 2 7 50 50 37 50 38 13 50 9 21 50 24 42 13 30 50 50 
33 13 37 32 39 44 49 43 37 19 7 49 21 7 50 43 29 17 50 7 44 50 50 50 34 3 12 39 30 5 10 33 50 24 50 39 50 37 16 40 17 29 13 21 36 18 36 26 26 34 50 25 50 19 39 39 16 48 24 29 50 50 35 18 24 9 50 49 22 39 31 49 26 25 30 35 50 25 10 18 7 50 28 42 24 10 24 28 50 21 8 0 37 50 18 13 22 28 40 2 36 14 24 49 39 36 20 3 4 39 48 49 21 15 44 50 33 35 27 29 0 36 41 50 50 50 11 7 23 50 10 35 17 42 37 50 33 21 50 30 14 40 6 14 44 10 3 28 41 46 50 41 26 47 48 50 30 23 50 
27 17 27 26 50 21 50 50 2 15 29 44 5 46 40 36 28 12 50 47 3 2 41 11 40 15 46 50 50 50 4 45 50 39 15 17 15 19 18 41 46 4 32 48 50 24 48 30 12 34 1 49 23 16 15 47 33 41 46 29 8 12 9 50 4 50 36 50 3 46 29 21 50 1 50 16 29 3 18 47 23 34 12 35 42 2 50 27 35 13 50 31 25 25 23 29 19 41 45 50 50 36 46 50 10 5 34 44 50 50 21 3 45 50 7 22 32 7 44 44 50 42 25 23 50 50 30 16 39 14 38 50 50 25 20 5 14 46 11 0 27 27 36 12 19 0 50 11 36 3 32 49 6 30 50 50 43 14 
34 39 50 18 23 27 50 50 8 25 50 20 22 19 6 50 1 41 50 34 50 21 50 50 50 25 50 45 32 50 16 50 18 23 12 7 39 8 49 38 22 50 6 43 47 32 25 50 44 48 12 32 50 12 50 33 49 47 38 47 14 45 21 23 50 2 50 50 9 40 21 1 13 50 50 50 1 14 18 50 35 35 40 29 6 11 3 50 44 50 29 48 50 50 10 17 50 1 1 50 20 34 34 15 3 25 50 50 2 39 0 24 4 1 6 15 30 27 46 20 27 50 31 37 29 36 11 38 50 29 15 26 50 14 5 20 50 50 22 27 39 29 16 16 28 39 1 24 50 31 50 3 26 13 31 12 11 
7 50 34 19 42 17 27 29 20 25 23 9 27 50 18 50 35 42 9 50 3 46 36 16 46 32 43 48 44 24 1 14 50 48 2 50 45 5 50 14 41 27 11 50 24 5 7 50 5 27 31 0 24 17 9 50 39 41 16 48 22 12 31 47 16 50 39 18 21 22 15 18 16 41 39 50 49 42 50 42 23 13 50 15 50 20 32 23 35 41 14 50 10 31 17 14 34 6 50 32 31 50 43 46 50 50 37 18 33 31 24 48 18 39 9 10 50 18 38 21 29 45 40 33 50 50 35 47 44 21 48 11 50 17 35 28 9 28 8 46 25 50 30 47 12 50 22 29 26 43 38 8 50 22 23 25 
18 50 9 48 1 18 46 46 18 32 15 6 9 33 50 50 15 14 50 36 33 50 24 7 50 39 49 33 17 6 12 38 20 36 25 9 50 50 10 50 5 10 0 36 28 16 38 46 9 23 37 50 28 34 13 13 3 50 50 20 50 50 39 50 4 44 5 50 35 39 50 17 46 25 19 11 50 6 4 42 39 24 29 46 50 18 50 7 50 26 25 47 42 7 21 27 18 50 36 1 17 32 18 35 40 9 47 20 43 34 11 25 50 50 41 33 32 48 23 36 50 19 29 50 36 25 50 0 47 26 16 11 47 6 43 17 15 20 44 50 46 36 50 29 2 35 50 50 50 37 48 22 50 46 30 
50 26 50 32 25 50 48 2 23 37 50 50 50 31 50 20 19 1 50 9 50 50 1 40 20 29 37 46 12 50 32 14 3 38 16 36 11 16 36 50 17 27 43 21 31 26 13 28 38 50 7 49 50 30 28 6 0 38 5 49 17 45 40 9 13 32 50 20 12 43 18 50 50 47 1 17 1 14 46 20 46 50 3 36 50 20 50 50 31 50 35 35 30 27 13 15 38 26 13 3 15 49 50 4 2 25 34 25 50 19 50 50 6 14 14 40 50 45 50 50 40 5 11 12 24 26 42 18 29 39 50 48 20 2 32 29 1 36 49 25 23 50 36 50 17 24 40 12 19 50 16 4 50 29 
2 38 15 32 49 50 4 7 49 28 11 45 30 37 12 9 50 28 12 11 50 31 49 49 13 38 50 25 15 21 46 50 42 41 43 9 32 50 39 34 29 41 34 50 5 29 8 50 41 20 40 1 50 50 16 50 50 27 13 10 50 19 50 50 48 16 38 50 19 4 50 14 16 2 50 35 46 28 39 37 41 42 9 50 50 9 48 48 34 3 10 50 11 10 16 41 17 10 4 11 50 50 20 28 12 43 7 50 38 50 50 50 47 38 38 50 50 2 50 18 50 22 44 42 23 49 50 17 34 50 34 50 29 50 46 19 44 47 50 50 33 35 7 50 50 13 50 29 7 43 3 44 50 
50 50 50 50 32 15 47 19 31 50 7 39 19 31 11 27 43 18 10 12 2 7 41 19 14 14 46 39 19 36 45 24 30 31 34 21 12 22 9 50 50 19 15 21 24 20 0 27 50 28 13 34 50 4 24 16 42 21 36 26 4 50 38 50 50 21 43 14 17 18 24 29 25 12 50 50 1 43 23 50 50 28 13 19 50 35 15 7 39 14 50 30 36 0 19 50 48 2 50 21 49 26 23 39 50 4 20 50 2 50 26 10 10 27 14 40 11 36 50 50 11 26 50 50 1 25 2 34 0 50 50 2 37 31 43 14 14 12 3 50 50 50 50 17 22 38 3 15 17 48 36 29 
36 4 28 9 29 44 17 6 16 50 30 50 37 33 50 26 15 50 19 50 34 50 39 40 29 8 28 43 37 31 15 50 37 50 11 50 50 10 2 4 31 50 2 40 31 35 1 41 30 4 50 1 50 27 44 16 50 36 50 50 50 50 43 27 36 46 50 38 50 42 50 40 3 13 44 28 18 5 10 31 50 10 6 33 50 44 5 34 34 45 35 28 26 11 23 5 8 14 35 50 50 11 19 26 48 25 50 21 21 50 42 45 28 50 14 20 11 50 50 36 50 27 2 37 49 10 14 32 50 14 18 1 50 7 50 18 23 2 49 7 9 10 31 48 45 28 34 41 11 20 50 
8 50 17 50 5 21 22 25 37 50 32 35 35 50 45 46 8 17 25 50 21 17 49 26 41 47 20 8 50 0 50 22 50 8 31 28 1 1 27 46 40 49 8 37 0 50 21 27 0 6 17 11 50 37 30 42 14 42 2 50 8 10 4 47 35 50 7 50 40 8 49 50 2 34 7 9 16 39 31 4 1 50 50 39 34 14 50 37 50 39 50 7 50 12 50 7 12 50 47 42 7 12 50 17 32 4 35 5 50 32 22 25 43 50 49 41 25 30 11 5 50 24 21 43 50 9 50 30 31 48 28 6 50 17 23 50 35 17 19 11 42 24 50 10 50 50 46 50 44 44 
45 12 50 3 50 30 47 50 0 1 50 19 50 50 16 50 30 50 18 16 9 34 50 48 38 50 50 37 25 50 34 40 31 20 50 43 25 3 50 39 50 50 4 21 15 19 50 50 28 28 29 9 3 50 37 45 9 6 9 21 50 50 27 2 35 9 25 16 20 17 50 50 37 42 37 42 14 21 28 36 43 30 47 50 45 40 20 10 35 7 1 5 50 50 0 31 45 29 0 8 39 10 26 35 3 11 1 50 24 37 50 3 40 12 50 50 34 50 26 50 9 4 50 4 50 50 27 23 15 50 36 8 15 39 38 50 13 9 9 50 19 12 50 46 17 4 40 47 9 
50 21 7 50 50 6 28 48 36 39 45 50 1 26 26 43 50 44 16 46 50 12 34 3 44 28 4 39 39 28 47 23 50 36 50 21 28 18 36 50 38 48 6 35 24 27 50 48 35 50 28 50 28 9 36 25 27 23 19 4 18 42 12 50 49 18 30 50 12 11 50 10 50 50 46 11 48 50 21 18 40 50 50 50 30 50 50 50 50 44 47 39 7 48 50 28 19 18 28 11 25 33 31 39 0 50 13 36 24 37 20 18 50 3 38 32 29 35 44 34 44 44 16 50 4 45 9 13 25 2 50 22 17 2 23 50 50 19 35 48 41 33 50 4 50 3 7 50 
50 16 10 50 48 3 27 26 12 39 5 26 50 16 50 6 15 3 36 14 11 47 50 50 38 3 32 34 16 32 19 19 50 13 46 3 50 37 35 6 44 50 50 40 27 16 18 25 45 9 50 2 50 50 12 41 12 8 5 13 4 7 6 50 7 48 18 9 49 50 12 32 50 50 27 19 42 50 22 17 46 36 33 8 16 7 45 13 36 38 42 50 17 50 38 50 4 1 35 50 26 24 44 30 50 31 50 50 34 11 17 20 0 17 38 50 26 50 29 32 4 49 2 4 24 3 40 17 47 2 50 38 38 48 10 42 35 50 9 43 13 34 28 43 16 39 48 
9 6 50 50 50 50 23 47 34 21 14 50 35 20 22 21 50 37 50 50 8 50 15 20 37 0 39 2 37 22 44 16 50 26 4 21 50 27 19 39 50 50 40 29 32 50 50 37 29 31 41 39 1 47 1 50 24 50 29 1 46 50 32 25 50 24 0 36 2 14 37 34 33 7 5 39 23 40 26 50 50 49 37 50 19 2 50 38 50 50 47 26 6 47 50 3 21 1 50 44 37 9 4 50 50 45 6 29 19 8 43 22 15 50 29 22 18 28 39 26 43 10 50 12 1 50 11 50 6 11 50 50 1 36 5 15 50 20 50 0 50 13 19 38 15 43 
50 50 24 43 29 46 41 10 41 10 27 15 4 0 21 24 44 50 28 45 50 50 9 50 43 50 15 50 26 50 8 45 50 8 4 6 44 27 34 45 50 50 50 47 36 45 44 13 3 37 41 50 20 24 50 12 24 50 50 50 23 43 20 6 30 50 10 16 16 16 50 3 19 39 50 13 39 46 5 1 1 9 50 29 9 12 6 50 50 24 38 42 40 6 50 45 20 16 38 37 25 28 49 11 9 30 16 12 9 50 50 33 7 50 50 15 50 40 50 39 47 46 37 0 37 12 50 15 13 30 8 45 41 1 31 39 1 50 15 50 30 49 50 43 43 
43 26 42 43 9 7 21 4 50 12 50 46 46 1 24 25 42 18 20 37 36 19 36 12 33 48 2 12 39 9 50 29 15 50 50 39 19 10 35 2 2 19 16 24 15 25 5 50 50 42 0 50 41 1 31 14 11 50 19 50 50 44 30 50 16 19 50 28 50 34 41 18 18 50 17 50 49 17 49 50 50 15 50 25 44 50 37 5 31 8 23 13 50 42 5 8 49 35 50 28 26 46 10 17 50 50 11 29 35 14 39 28 35 33 24 21 9 12 50 42 19 31 30 26 50 9 29 28 32 50 38 27 17 24 24 8 50 8 24 50 17 17 15 21 
50 11 50 11 22 50 21 9 47 1 48 48 47 50 28 3 23 42 18 17 22 25 24 5 44 8 50 37 40 10 0 39 22 22 19 12 50 7 24 45 31 18 11 20 34 48 40 50 50 41 6 8 50 23 14 7 20 50 26 31 12 50 22 17 25 32 4 48 6 42 13 4 23 50 14 50 50 17 15 42 50 14 0 12 49 7 50 50 26 40 46 46 46 34 26 24 26 49 18 4 6 50 50 24 21 3 6 30 0 40 34 50 50 27 16 43 43 30 35 30 49 23 33 46 18 9 28 4 50 17 25 50 50 13 23 1 50 38 22 22 5 7 29 
5 50 7 7 12 43 36 50 48 36 50 50 1 35 34 40 50 43 4 47 18 25 47 27 50 50 23 25 50 3 50 17 50 50 27 13 50 50 44 8 42 50 50 5 2 31 47 40 18 49 21 7 7 33 36 23 39 6 48 20 13 30 20 48 1 15 0 50 50 50 0 50 41 7 0 9 20 40 18 0 19 41 50 20 2 46 31 50 37 0 19 23 40 47 43 37 25 9 26 38 50 50 1 44 50 2 29 9 7 16 50 50 4 50 27 5 4 35 2 50 25 50 50 50 50 31 5 21 40 13 4 50 50 50 50 15 14 4 50 7 37 50 
47 50 21 23 49 50 13 50 36 47 1 50 50 34 15 28 18 18 20 15 15 26 43 17 43 38 50 50 50 28 23 4 4 10 34 50 47 1 1 1 50 50 50 16 35 30 20 6 50 32 38 50 2 46 0 18 35 19 50 38 4 17 10 15 50 33 23 46 28 45 10 24 16 11 44 43 11 34 40 20 20 10 45 50 14 9 11 4 13 20 29 45 50 23 50 15 32 30 35 45 40 22 50 50 29 50 40 50 5 50 50 12 29 50 50 35 46 44 48 50 31 50 50 37 50 29 22 11 50 24 50 50 46 50 46 50 40 4 15 44 1 
50 34 22 16 16 50 37 5 50 38 34 20 50 28 1 35 50 34 38 34 40 34 34 6 50 3 33 7 50 35 23 47 36 48 10 21 50 19 0 50 50 2 33 50 12 10 7 40 1 5 13 35 2 23 50 27 50 3 24 28 1 18 23 47 23 43 50 4 50 27 50 8 50 31 30 6 50 22 24 39 50 50 16 8 50 47 25 49 50 44 37 49 50 5 33 46 22 7 21 40 6 18 50 50 29 20 4 49 11 47 11 50 50 50 50 4 38 50 17 17 22 31 38 50 31 43 11 50 18 50 37 50 1 5 12 30 31 13 2 33 
35 45 50 20 42 50 34 50 38 50 19 36 24 50 38 38 4 21 50 11 17 50 13 36 20 10 50 33 50 47 9 28 11 33 37 13 27 40 12 50 17 8 50 29 22 46 45 36 14 1 50 28 50 50 50 33 38 26 43 50 19 24 25 13 36 50 50 25 7 45 46 24 29 23 30 36 29 22 50 30 37 44 19 26 22 50 37 1 36 32 42 0 50 29 0 45 36 1 28 10 21 50 46 44 39 12 50 41 50 50 31 50 36 37 0 17 40 50 34 30 13 41 43 50 17 50 46 5 50 43 4 8 16 5 5 50 36 50 50 
12 25 50 44 40 30 50 48 50 18 50 43 22 19 20 7 24 22 11 40 21 50 50 4 29 28 50 50 33 50 32 50 0 25 28 38 8 47 47 40 25 7 27 50 50 44 15 50 50 35 25 24 4 0 34 22 49 37 50 42 28 23 43 5 50 13 16 22 50 31 5 45 3 43 35 48 33 45 13 14 50 50 34 27 8 15 11 50 50 44 26 25 47 46 28 50 8 6 45 9 36 50 14 17 10 26 15 32 43 50 33 50 32 3 42 37 5 50 50 28 44 16 20 3 9 50 50 30 30 26 15 32 50 50 18 50 24 49 
40 50 37 50 12 50 3 21 41 50 50 22 4 50 35 6 50 50 0 23 50 28 22 26 50 50 28 31 3 7 37 10 4 38 1 50 9 42 40 19 46 50 23 35 2 11 50 21 46 48 36 50 50 50 19 50 50 18 5 45 50 21 38 48 43 46 48 45 9 40 27 17 23 44 37 33 13 10 25 50 37 48 6 16 3 21 26 50 50 50 30 50 50 22 13 50 48 50 6 31 22 26 50 24 16 18 50 39 50 28 20 36 48 27 23 41 25 40 43 17 28 47 46 23 48 18 20 5 50 25 50 9 5 42 47 26 16 
39 6 31 41 50 28 27 0 34 43 50 47 20 50 42 43 30 50 13 0 50 45 50 37 21 50 15 33 26 19 37 42 21 50 22 13 14 2 50 31 28 18 2 25 50 50 31 23 36 50 30 36 50 27 50 26 43 5 8 50 34 50 50 38 34 24 50 28 50 50 37 50 8 50 50 50 18 1 6 37 50 39 2 40 4 11 43 39 12 11 19 8 34 50 16 38 41 0 37 50 40 43 34 26 28 46 3 4 21 3 23 50 45 5 44 39 27 50 50 50 3 0 50 12 32 47 33 50 4 7 26 50 24 50 50 12 
47 15 31 3 11 16 3 50 50 37 39 50 33 15 29 50 50 9 8 50 31 8 32 14 17 50 30 39 50 31 48 23 3 31 6 20 28 35 50 50 39 43 44 29 44 30 43 50 2 25 10 39 34 50 12 16 50 0 36 39 20 35 2 21 39 50 50 0 38 2 21 34 34 36 2 50 14 14 41 0 50 15 31 50 17 29 11 42 35 50 13 50 40 23 47 50 50 33 33 37 15 5 44 28 35 30 32 45 41 5 50 50 7 18 12 50 27 44 11 13 24 50 10 32 7 22 50 50 43 19 1 50 22 34 41 
25 14 26 29 40 50 42 41 2 17 22 0 41 8 50 19 50 45 50 34 46 9 50 31 5 50 12 50 50 50 29 50 40 3 21 6 23 6 8 35 31 50 8 50 27 3 33 21 50 50 49 10 50 10 3 10 50 31 50 22 43 50 22 36 13 24 50 50 8 26 50 13 24 26 41 45 38 7 9 34 39 15 50 22 26 30 32 35 13 21 4 50 22 39 50 10 43 5 45 20 15 24 7 36 50 34 19 10 29 17 50 5 50 50 15 25 48 20 12 47 4 4 25 4 23 29 38 50 39 1 39 46 50 12 
34 50 45 39 0 32 49 50 43 42 39 50 32 23 50 23 6 50 50 24 40 8 49 47 41 48 15 32 50 1 50 50 14 24 50 42 10 6 40 26 23 30 7 50 9 32 2 22 47 29 29 26 31 50 3 36 31 8 16 43 3 32 50 27 40 11 32 23 9 50 35 49 36 50 25 17 50 50 45 32 50 50 30 1 17 50 33 50 33 50 50 4 3 50 13 13 50 29 4 21 31 29 10 50 50 31 33 27 50 10 30 30 8 15 50 50 48 9 50 40 21 24 6 41 6 40 50 25 29 28 15 31 20 
20 50 45 38 14 5 49 44 5 10 50 48 15 50 12 12 39 11 50 34 30 32 43 50 50 50 49 49 37 19 37 30 24 17 15 50 49 33 50 26 10 32 10 50 39 48 13 50 50 7 50 50 49 41 9 50 50 14 13 19 21 50 10 44 16 13 27 34 35 27 50 4 22 25 50 43 50 12 4 21 35 6 8 10 47 50 34 3 19 16 9 42 26 5 50 45 28 34 15 31 12 50 7 0 15 44 38 50 28 1 5 33 3 0 50 45 50 4 50 10 18 27 50 50 34 17 21 38 1 50 45 30 
47 33 38 40 34 48 2 10 13 31 50 8 35 21 30 14 50 9 38 44 0 4 50 50 50 50 30 50 20 30 36 50 50 31 33 50 10 33 37 49 0 17 8 26 50 45 8 31 46 8 6 13 50 1 11 47 50 43 33 49 10 14 23 35 24 18 44 8 7 25 19 15 11 46 33 19 19 50 44 8 20 44 30 20 22 50 17 1 32 43 43 50 6 15 50 50 26 30 3 23 29 50 12 17 7 50 50 22 20 5 43 50 50 15 11 50 36 50 4 37 50 50 6 33 35 39 17 21 7 50 50 
36 50 27 14 7 49 5 50 8 22 4 13 28 40 32 25 0 44 6 9 44 11 14 50 9 13 38 50 31 50 17 12 4 5 42 50 36 44 50 9 50 50 18 42 19 17 29 12 48 40 19 50 20 50 39 49 7 30 18 31 38 26 43 24 12 44 45 6 11 25 42 14 21 23 29 31 30 50 50 7 40 50 45 33 41 50 28 50 50 33 32 43 35 50 22 21 50 39 27 20 50 2 46 9 50 41 31 15 50 9 31 8 44 5 29 0 48 50 7 34 46 36 33 30 33 48 34 19 50 50 
27 50 3 18 32 10 48 37 16 19 19 48 12 50 28 43 39 50 45 14 50 7 50 50 19 9 38 21 46 38 45 24 34 6 15 16 18 40 23 23 29 40 21 50 38 35 38 5 41 34 15 50 50 49 50 31 45 23 46 9 32 46 34 50 47 38 21 0 50 48 50 50 14 50 39 46 15 26 47 1 50 17 33 11 26 22 25 50 50 49 40 11 17 17 50 0 44 45 9 24 50 50 11 9 11 45 23 36 6 50 20 42 19 3 50 21 48 10 38 10 50 0 12 50 50 15 26 50 3 
15 21 50 23 50 31 46 50 34 49 18 50 2 50 50 28 34 18 34 9 11 5 20 16 31 4 50 2 49 50 23 47 50 31 18 44 50 12 15 35 33 2 50 40 7 13 50 41 44 3 3 50 50 29 10 50 34 38 49 10 12 42 25 50 26 20 22 31 50 24 35 36 50 26 50 10 18 14 42 40 50 50 24 14 26 7 15 33 36 50 15 17 10 11 36 14 11 35 20 50 45 8 50 50 35 16 30 40 31 25 50 8 27 12 48 8 18 17 23 0 50 4 49 26 42 11 50 26 
50 3 50 31 45 50 45 26 10 31 50 13 24 22 50 50 50 7 50 2 50 9 39 46 45 40 45 21 23 50 18 13 32 17 41 27 19 28 26 50 43 50 17 50 35 3 10 0 37 3 35 47 33 21 49 5 50 16 22 9 35 15 23 19 44 21 3 26 23 6 4 16 12 40 7 43 50 10 34 35 47 35 0 36 4 8 18 12 11 5 17 14 19 11 29 33 25 28 50 23 1 42 35 48 1 7 24 50 43 32 10 50 31 3 15 38 50 0 35 48 10 18 31 2 50 21 35 
50 44 8 31 50 50 5 26 37 32 28 14 5 28 6 26 29 50 41 50 30 23 4 50 48 50 50 5 21 3 45 38 44 50 25 31 50 7 18 27 8 38 49 30 48 38 0 7 29 50 0 19 8 50 25 26 14 50 19 50 17 20 50 29 39 11 14 21 2 50 21 50 41 34 4 36 49 45 18 50 27 50 2 50 49 19 50 42 5 21 47 29 50 50 0 47 0 23 31 22 27 50 8 50 50 26 13 35 21 16 20 8 50 39 42 8 30 39 7 17 15 11 18 18 37 10 
5 32 50 46 46 13 15 17 47 10 17 50 5 50 16 48 28 16 23 12 44 26 11 18 39 34 35 24 20 50 33 11 36 50 48 3 19 42 31 33 31 43 20 50 30 32 50 43 49 26 50 28 50 10 8 41 24 32 50 41 16 3 28 36 34 8 22 20 37 27 50 50 20 50 50 33 44 27 9 24 35 24 8 41 34 34 7 2 45 48 49 40 50 20 27 50 36 48 50 50 31 48 34 12 36 0 12 14 50 12 44 40 2 13 27 43 34 50 31 30 8 34 40 11 1 
43 50 50 29 8 50 31 34 33 9 50 50 13 44 48 18 27 7 3 43 3 50 50 2 5 50 23 29 28 12 27 50 46 46 42 3 43 50 9 41 37 32 50 7 1 50 25 15 27 9 2 41 49 7 19 21 36 1 5 23 44 17 26 37 50 7 7 30 50 32 39 15 15 12 10 29 33 50 10 27 20 50 50 50 44 32 42 11 14 49 7 16 29 38 38 15 48 14 12 20 24 38 23 32 4 42 45 13 36 7 2 9 21 29 50 29 46 46 38 44 48 41 33 42 
34 23 50 50 40 0 27 8 50 40 44 50 7 45 48 50 26 31 7 42 23 40 48 31 22 11 1 46 40 39 7 9 50 46 50 0 50 15 15 12 45 11 28 50 13 50 8 33 32 34 42 50 38 50 40 50 30 14 18 7 6 18 23 49 19 39 13 31 33 46 47 48 13 29 44 50 31 15 35 29 42 50 0 27 49 50 29 11 50 34 42 29 3 19 5 42 38 50 48 2 32 50 27 16 26 0 35 6 10 50 38 32 50 10 31 46 47 50 16 26 44 22 14 
47 9 21 14 46 40 3 32 50 36 50 50 50 29 24 23 50 1 33 26 50 24 47 50 50 46 1 50 50 25 44 45 2 18 24 21 28 42 21 6 4 50 23 38 16 40 10 46 36 50 50 31 37 24 40 25 32 18 34 25 47 50 50 10 15 50 17 50 27 50 22 47 13 12 48 43 6 32 35 33 1 26 50 3 20 17 38 40 40 50 5 41 18 35 2 50 6 50 11 11 0 33 44 5 16 9 5 50 4 21 26 24 31 17 50 15 49 39 48 34 35 9 
50 12 50 50 50 43 1 18 49 50 50 20 34 35 4 17 50 12 18 37 5 25 33 3 4 47 7 30 21 50 50 20 0 50 33 49 13 50 16 12 50 2 50 24 34 50 48 50 11 26 4 17 34 31 2 19 34 1 46 2 50 47 1 14 11 42 6 26 37 48 25 14 49 38 40 50 26 14 7 9 4 24 23 50 24 50 4 42 48 37 13 5 50 11 37 50 39 7 0 50 19 50 31 6 7 50 2 12 36 48 18 50 30 9 48 50 0 42 31 45 50 
1 26 32 12 10 50 0 48 30 17 3 44 9 50 41 0 16 25 6 32 45 49 24 29 50 10 18 3 50 50 21 30 25 44 39 16 25 50 9 22 19 32 4 12 38 0 10 50 17 36 37 8 39 36 35 12 46 50 40 50 50 50 25 20 50 50 11 29 45 44 20 38 50 50 32 28 20 50 14 46 36 28 50 43 30 39 27 27 42 21 31 35 31 37 38 50 24 19 18 24 50 0 17 24 50 42 47 50 12 30 29 15 23 6 40 50 50 38 3 21 
2 50 43 3 39 50 50 11 7 21 50 8 21 0 50 20 41 6 39 6 46 27 31 11 34 50 2 50 34 50 27 0 35 48 50 6 1 31 27 25 35 20 30 29 29 50 44 13 48 8 27 50 27 40 1 24 50 46 50 21 47 46 0 50 19 46 50 36 37 6 49 11 50 40 32 8 23 43 40 11 21 10 50 42 50 3 5 48 35 43 22 5 37 28 37 50 18 4 23 50 22 24 45 10 31 10 9 39 42 34 12 40 38 22 41 6 2 25 40 
50 50 26 41 50 46 18 12 21 44 47 35 9 44 27 11 3 27 19 0 19 5 44 50 33 40 50 33 36 39 21 44 11 37 26 49 50 32 10 11 35 33 50 50 50 23 2 30 50 3 50 13 8 10 22 25 38 11 50 32 15 50 50 49 29 50 50 7 10 50 50 18 7 42 13 20 29 50 0 26 50 17 36 50 50 50 10 50 44 45 50 35 18 30 18 9 50 50 39 5 39 50 4 50 50 30 26 7 16 18 37 5 17 39 33 29 36 16 
33 30 50 50 35 5 50 16 50 36 2 16 10 50 12 47 7 37 6 21 28 41 50 50 48 9 5 15 26 21 15 46 36 27 12 29 41 18 50 42 50 50 45 47 13 17 48 21 48 10 50 12 20 39 11 17 43 36 27 22 26 34 19 24 4 26 40 50 48 49 50 50 50 50 17 5 10 20 50 50 21 45 19 5 6 50 1 36 42 22 35 50 16 1 10 22 29 50 5 19 14 15 24 50 13 50 1 5 22 3 43 16 20 50 38 50 23 
48 35 21 13 13 50 25 50 50 50 40 8 18 50 26 41 23 31 32 16 50 35 37 50 16 5 12 25 26 13 50 24 13 4 5 49 38 38 28 26 50 50 50 50 39 50 26 42 50 31 25 2 0 50 20 35 33 34 19 50 50 11 39 45 25 27 12 38 8 34 50 46 39 41 50 50 8 11 50 35 22 18 10 13 2 38 21 50 37 50 12 44 50 49 31 7 27 50 50 19 7 2 13 29 6 27 4 8 19 32 48 50 10 28 2 9 
37 50 50 50 48 34 50 50 50 6 47 1 26 35 50 29 30 50 10 48 33 29 1 6 50 50 50 13 23 9 3 50 45 37 5 27 25 50 41 50 47 28 49 19 3 29 1 2 50 0 50 50 50 6 50 28 42 16 41 50 50 29 26 17 47 25 44 34 50 50 19 50 3 42 18 45 48 50 26 19 39 21 33 33 14 38 48 14 46 29 37 7 49 36 50 37 50 12 44 35 33 36 42 15 21 45 4 33 7 26 50 34 50 11 50 
1 38 50 50 8 43 26 31 15 25 12 27 3 50 10 10 50 50 7 48 50 49 26 39 14 15 47 50 39 33 32 6 3 10 20 48 0 30 9 50 24 50 24 37 41 12 11 23 50 13 17 50 48 23 8 43 45 10 46 9 27 15 17 31 23 15 37 23 13 12 36 50 46 4 23 1 50 50 30 50 37 3 41 40 1 50 19 2 20 13 14 17 46 47 18 50 50 5 7 50 33 37 50 50 41 43 50 30 10 35 17 50 38 47 
2 9 50 40 50 48 38 39 47 11 19 50 16 46 50 4 42 48 41 24 50 21 26 33 50 5 50 40 10 40 50 37 27 24 14 3 7 50 15 23 22 45 50 50 28 13 4 31 34 20 50 12 50 48 31 24 40 2 0 25 8 50 50 7 12 50 0 50 43 27 8 14 47 34 35 46 12 10 0 6 50 25 50 26 50 4 7 50 50 47 17 39 27 50 44 45 24 14 50 25 16 12 0 39 22 20 20 42 34 3 25 50 44 
10 25 18 14 47 33 16 39 35 40 33 10 49 46 14 50 44 50 4 5 23 40 15 5 19 39 36 39 8 48 1 50 38 27 8 50 27 26 34 24 28 10 30 46 50 38 45 18 27 42 23 27 39 3 11 31 32 1 50 3 50 20 24 10 50 50 27 46 22 33 15 10 43 32 50 40 44 11 27 36 8 25 39 50 34 47 42 17 20 35 41 7 33 50 50 14 31 50 38 29 39 16 34 22 50 15 44 26 11 50 22 11 
14 46 43 50 32 43 18 50 3 27 47 50 36 19 25 47 39 23 14 3 37 50 50 1 23 50 32 1 41 9 50 37 44 6 50 11 37 50 0 42 50 28 43 23 15 14 50 17 7 17 50 2 43 1 21 20 44 40 50 12 12 19 11 36 14 42 14 7 14 47 50 50 4 10 8 18 26 50 1 20 50 50 10 50 47 23 12 1 50 15 43 30 49 50 17 50 41 50 32 46 12 5 44 50 20 11 35 24 6 27 8 
23 50 10 14 13 49 34 32 49 17 6 25 7 46 47 31 39 23 35 6 38 8 49 1 16 50 42 21 4 7 50 32 42 50 16 50 16 29 15 46 43 20 34 50 50 49 33 29 1 36 47 42 2 46 50 50 8 20 42 5 50 26 50 50 9 45 21 32 0 3 0 26 9 20 48 50 50 26 16 50 44 50 33 12 31 11 30 16 25 13 50 8 50 42 3 50 50 24 3 11 50 50 19 30 47 24 46 28 11 4 
11 22 4 50 24 50 30 39 8 50 45 31 21 39 32 50 35 9 0 25 46 16 50 16 38 44 7 10 29 43 50 50 41 12 17 31 9 20 43 1 2 9 46 50 9 0 50 50 2 4 50 50 37 50 20 3 50 50 16 18 34 50 23 25 27 50 18 3 50 41 47 42 18 50 1 50 32 33 50 38 19 14 5 16 22 12 28 40 50 10 50 18 50 43 18 6 50 20 22 50 50 25 11 1 1 33 29 1 37 
48 36 28 21 20 50 19 23 45 50 7 9 16 46 41 24 34 28 48 33 11 31 31 42 48 27 32 50 6 47 9 0 50 21 6 6 25 24 22 41 10 38 9 7 38 50 50 3 50 21 19 14 30 42 31 28 10 8 1 16 40 14 20 12 3 48 50 15 18 36 50 8 9 4 49 18 10 17 47 9 50 5 17 1 37 21 30 22 21 2 44 26 42 15 18 27 2 35 1 15 33 48 9 26 39 36 50 16 
50 20 3 50 48 38 50 6 2 14 50 5 1 2 7 41 30 30 33 38 42 29 1 24 50 33 50 21 34 5 12 38 9 50 24 49 28 41 49 39 17 4 50 50 1 50 50 25 39 1 7 31 16 48 50 33 4 50 37 1 37 50 34 5 29 26 42 23 50 1 49 50 35 24 41 50 4 50 12 45 50 44 31 22 24 38 38 43 35 1 32 50 50 50 26 39 35 36 13 10 50 14 50 3 50 4 50 
33 16 50 22 22 11 27 46 50 16 50 50 50 26 47 23 50 16 36 41 50 11 20 16 50 50 50 25 19 36 21 28 39 26 21 50 27 2 43 11 24 50 9 23 50 28 40 50 50 45 40 16 15 29 18 34 4 37 22 29 20 12 50 11 39 32 11 50 6 50 50 5 10 3 41 39 50 7 1 50 38 50 46 50 50 34 23 1 50 31 22 50 5 50 27 21 4 5 50 23 26 50 34 36 28 17 
6 11 47 50 34 50 32 42 50 43 0 36 1 50 39 14 5 50 23 43 38 15 21 9 28 50 6 7 45 50 23 24 11 49 22 20 45 50 16 11 49 9 35 22 46 23 50 50 14 11 6 19 27 15 12 28 47 50 44 35 50 48 21 33 25 50 5 50 50 20 24 45 31 23 50 30 8 20 46 27 23 30 49 20 43 39 0 6 50 27 29 46 35 36 11 26 19 50 41 48 50 50 46 50 50 
6 4 32 38 31 15 35 15 50 46 22 2 31 49 50 46 50 50 50 5 7 28 43 0 5 1 19 38 12 4 26 33 15 12 33 22 37 47 50 29 50 34 16 40 48 38 6 13 12 50 23 39 26 1 26 2 50 50 4 21 50 43 10 43 30 14 0 1 11 1 48 2 30 41 24 6 7 13 34 1 50 7 16 41 45 7 22 7 42 50 50 38 23 28 8 7 25 50 28 50 34 3 48 22 
42 50 0 19 8 50 14 8 4 6 38 21 38 43 38 50 50 9 50 50 48 2 40 50 50 30 26 33 50 7 8 29 26 17 15 50 50 37 10 50 27 38 0 31 50 6 11 44 23 50 33 35 37 1 32 37 50 50 43 32 50 50 5 20 50 24 29 39 47 14 50 38 5 50 38 20 46 32 13 39 46 41 48 5 50 23 35 42 28 13 7 13 14 45 44 14 11 5 45 50 0 2 8 
11 3 16 50 5 13 16 34 50 50 18 10 46 45 46 20 38 50 6 25 7 25 50 20 50 39 6 43 14 50 41 20 50 50 30 24 19 23 45 16 15 14 31 15 35 48 47 28 0 10 46 6 18 30 25 17 22 35 27 21 20 50 50 50 26 18 21 29 50 43 24 49 14 23 50 40 33 16 10 26 50 48 28 50 5 50 3 49 35 50 50 1 31 43 27 11 49 13 49 1 0 50 
4 21 50 50 42 17 18 50 14 17 50 17 33 50 6 36 30 32 50 33 50 35 30 50 22 36 0 10 50 20 35 41 50 16 50 41 44 50 8 49 48 35 31 50 35 19 0 9 14 6 50 46 9 2 44 2 22 34 37 46 48 17 42 32 28 3 3 13 26 15 15 45 48 35 50 50 44 35 18 42 33 50 42 39 3 22 42 44 50 4 34 50 18 24 15 45 23 0 50 11 33 
13 50 50 20 47 50 50 50 20 26 46 9 50 18 48 13 50 50 27 17 22 35 35 4 8 31 37 12 0 24 50 13 8 6 37 44 50 41 50 16 27 27 38 8 50 16 37 31 31 29 48 12 38 7 34 50 36 21 10 46 1 36 17 33 50 22 4 25 38 11 50 9 31 50 50 31 15 35 23 28 35 11 18 1 11 45 38 50 21 8 11 38 23 9 15 41 24 26 2 11 
15 22 44 50 41 34 41 22 50 18 9 42 17 7 27 35 50 7 40 33 50 1 50 18 45 21 21 21 3 32 36 50 31 37 24 5 50 1 50 50 20 2 33 40 39 28 50 26 49 50 12 50 37 46 50 50 50 16 48 37 49 36 40 44 24 27 38 28 50 29 50 50 50 50 8 12 6 28 50 7 47 20 50 9 50 7 1 50 22 44 22 50 8 50 4 31 17 36 48 
39 32 36 1 39 50 48 50 50 39 40 5 32 43 30 50 50 43 42 26 43 32 5 32 50 18 42 10 50 50 50 50 2 10 50 8 46 15 37 7 13 50 50 17 50 2 33 5 29 50 50 49 49 3 39 44 44 11 13 50 28 49 47 38 5 35 7 22 23 32 28 21 50 40 50 50 49 17 36 6 50 50 17 17 50 48 3 47 50 50 50 34 3 50 29 31 37 14 
22 1 47 45 24 50 50 50 37 50 27 26 17 12 20 0 12 33 50 48 50 29 26 11 0 8 41 0 8 41 35 48 50 22 26 43 40 50 50 3 3 12 7 35 12 39 23 16 21 15 3 12 46 7 34 50 50 7 6 50 3 12 36 13 50 11 24 50 20 46 50 13 14 26 29 24 15 30 47 24 19 34 14 7 25 50 3 39 22 39 38 25 22 26 12 38 50 
50 21 38 50 50 17 42 22 1 37 50 0 50 50 16 27 33 47 25 32 44 15 38 43 4 50 38 8 34 50 14 50 40 50 47 20 18 17 31 5 20 44 19 33 50 22 20 0 43 32 50 27 49 50 49 3 50 50 25 50 21 27 46 16 1 47 30 50 26 18 23 50 21 50 50 38 27 1 32 3 50 2 15 1 34 40 8 43 50 21 50 4 42 26 31 50 
21 43 11 26 50 36 46 45 50 35 33 4 21 23 13 5 50 17 50 22 50 50 50 38 43 22 10 50 41 50 0 24 40 3 50 36 34 18 7 28 30 34 31 50 32 50 6 41 50 29 18 38 2 44 31 2 50 7 18 50 27 38 50 37 16 13 44 50 11 30 36 28 50 41 42 1 3 2 50 23 38 25 43 39 13 50 50 31 35 50 50 45 34 50 50 
50 33 38 35 17 49 17 50 50 40 1 50 50 24 0 50 47 31 50 23 17 50 7 50 1 38 24 39 50 31 0 37 35 41 50 10 50 50 24 22 7 0 28 5 50 44 50 16 0 50 41 32 1 20 10 38 7 50 33 50 33 0 9 35 14 2 35 1 30 16 21 42 50 13 20 35 21 50 16 50 9 21 33 30 28 27 46 31 19 43 32 39 7 50 
7 2 39 24 15 11 29 41 27 50 3 26 50 13 17 22 23 39 41 26 40 50 46 50 48 9 42 38 32 33 50 39 11 36 22 18 12 45 7 39 45 50 5 47 10 36 5 17 19 8 45 50 50 10 7 39 7 9 50 39 37 3 50 10 22 34 5 40 50 1 35 50 36 50 50 42 7 20 32 50 12 50 47 0 50 4 50 50 50 50 31 33 22 
47 22 50 18 50 32 50 38 24 50 4 12 21 8 13 32 31 26 37 7 50 34 11 24 13 12 50 14 22 38 47 10 26 14 23 37 39 15 14 12 21 50 6 10 10 50 36 50 48 15 9 50 47 27 30 26 39 31 37 0 10 30 14 50 50 35 37 1 20 23 7 49 44 50 50 50 4 18 50 7 50 45 15 18 50 12 46 1 43 50 44 24 
28 50 50 33 12 38 50 48 6 50 50 44 25 35 27 50 0 35 39 50 46 8 49 50 46 31 22 50 50 27 50 47 1 13 43 38 47 18 36 50 50 13 47 46 21 38 5 32 45 7 9 31 40 20 11 33 50 50 9 24 8 7 17 5 46 48 50 9 28 50 25 18 23 2 50 0 5 42 33 16 50 50 4 40 47 44 28 44 39 17 42 
49 3 9 47 35 28 6 25 50 10 15 7 10 40 21 50 50 50 36 4 26 49 24 38 36 50 21 50 23 46 50 45 11 50 31 9 12 16 50 3 34 25 11 26 17 5 8 36 30 1 39 49 38 41 19 50 29 34 50 3 10 16 49 49 50 14 43 19 32 50 44 18 50 46 6 27 49 50 34 28 50 50 29 42 3 27 31 50 23 36 
33 28 30 4 50 15 50 13 20 1 9 23 30 23 13 2 36 32 28 41 50 24 45 50 4 8 22 20 5 16 50 50 50 19 11 28 29 33 5 20 33 50 45 25 37 50 28 50 8 8 50 50 21 35 46 6 50 50 25 42 26 50 50 29 24 49 22 32 24 28 40 32 4 0 50 26 11 21 40 1 1 27 27 49 45 40 50 11 12 
24 24 23 11 50 3 48 30 50 50 40 10 50 36 46 50 43 22 50 13 48 50 31 24 34 4 47 13 6 50 0 24 50 42 17 48 30 22 15 30 22 30 50 9 48 9 4 31 26 15 5 49 0 12 23 32 50 12 9 39 22 2 50 44 25 45 50 5 18 2 47 19 24 3 50 19 47 39 31 24 50 26 35 37 50 50 47 8 
33 33 44 36 0 19 15 18 50 36 28 33 50 50 9 50 50 48 1 8 21 21 42 50 3 50 50 37 23 45 49 26 27 30 0 50 50 15 19 21 43 30 42 3 17 12 13 33 12 50 36 39 9 14 44 18 33 49 1 14 17 32 10 44 45 25 22 2 22 50 34 37 12 50 15 4 4 41 38 35 22 14 7 50 14 17 21 
19 34 3 2 41 50 30 19 17 4 5 8 50 50 30 30 46 43 20 40 21 44 30 0 43 4 50 10 0 50 50 50 24 48 25 26 26 50 0 44 44 25 46 28 31 49 43 12 42 15 50 50 8 50 25 47 2 9 44 16 50 0 35 14 4 5 50 50 50 44 2 29 37 50 39 29 9 13 42 18 50 47 50 50 50 1 
12 50 31 27 38 30 20 13 8 50 18 50 28 12 50 50 16 17 21 32 29 50 50 39 50 7 33 35 38 41 40 18 49 41 11 34 1 47 1 40 41 50 47 44 41 36 50 37 40 50 18 25 50 50 45 40 50 30 18 14 50 7 9 13 13 50 37 50 6 50 40 36 46 14 11 50 32 30 3 48 4 27 50 16 22 
7 36 12 48 19 30 46 1 31 24 20 24 25 42 9 50 50 13 32 28 5 40 4 50 31 29 50 5 41 3 42 7 48 33 26 5 50 31 21 33 50 20 50 4 50 22 3 14 25 28 41 29 43 21 50 41 50 49 50 50 5 6 37 19 41 15 2 50 50 4 13 8 16 1 30 33 50 50 50 42 31 37 43 45 
30 50 26 13 25 31 5 50 50 50 22 35 6 20 50 23 25 50 18 13 38 22 8 20 37 25 3 50 31 46 46 50 45 4 50 7 42 36 50 28 45 20 44 0 19 19 46 44 47 48 50 50 2 50 23 50 3 0 22 50 50 3 40 42 28 50 50 9 18 21 19 50 44 20 3 45 10 50 50 28 15 1 41 
50 5 50 50 50 23 8 4 13 5 9 31 39 14 19 16 36 0 18 46 3 43 35 5 16 43 50 50 43 10 42 50 10 37 10 50 50 50 20 7 50 7 26 46 0 50 15 47 10 27 50 34 43 27 50 45 50 42 35 0 12 36 50 41 33 22 21 9 30 19 50 11 50 13 24 43 18 50 1 32 50 21 
15 28 7 50 28 34 3 15 6 50 19 16 50 4 4 21 39 5 40 50 19 50 33 44 23 3 39 41 50 32 38 24 36 22 50 31 50 4 0 12 50 50 16 45 37 50 50 21 11 50 9 4 25 48 0 50 3 50 19 7 29 7 20 50 38 50 16 27 3 24 38 50 50 12 50 50 4 50 21 38 28 
25 50 50 50 50 50 46 23 6 42 16 50 2 0 42 50 46 29 50 6 16 50 25 18 50 18 27 43 0 16 33 2 50 29 1 44 24 8 17 50 50 26 3 21 50 5 2 24 14 29 12 35 24 31 25 20 50 14 4 35 47 10 30 27 33 2 50 1 7 21 11 50 50 25 27 43 30 21 50 48 
50 10 30 21 40 33 28 39 50 19 0 24 39 50 12 34 38 50 41 36 50 13 1 50 18 6 28 50 30 6 50 29 50 31 13 50 35 42 50 23 50 29 17 43 40 50 50 23 24 50 29 36 5 5 21 19 13 30 10 50 32 48 50 50 35 9 2 12 5 5 50 43 50 36 34 25 50 8 18 
1 50 50 50 38 38 45 50 38 50 50 29 17 50 50 45 7 35 47 50 50 20 50 50 32 22 50 18 26 30 38 18 44 36 39 39 50 50 50 37 27 33 8 35 2 25 4 50 27 33 0 5 46 50 9 50 50 6 10 48 4 12 30 2 50 1 27 14 23 25 22 44 14 50 2 26 50 43 
32 33 18 15 41 33 7 50 17 2 37 17 50 8 8 50 25 44 34 6 48 50 32 50 36 41 38 13 46 37 21 18 12 50 15 43 11 1 7 6 3 50 40 19 16 3 50 1 50 50 2 1 42 10 44 42 46 43 50 22 7 19 35 9 2 42 6 50 50 50 50 24 50 50 43 50 22 
35 34 47 12 45 22 27 50 32 25 50 9 13 16 46 36 7 16 17 38 35 5 11 40 31 7 39 30 50 18 8 26 4 50 29 26 41 36 5 24 10 24 50 27 15 50 50 11 3 17 42 50 6 31 50 32 29 24 50 11 50 42 34 19 14 50 13 50 50 21 41 50 50 8 32 35 
41 7 15 50 16 33 34 2 50 31 44 21 49 22 1 50 28 49 5 50 48 48 10 43 49 1 42 50 48 50 27 8 28 35 22 22 50 47 20 50 0 21 14 0 16 44 5 13 50 16 3 50 50 38 50 50 45 7 18 25 42 25 37 23 35 25 23 3 50 14 43 50 18 31 7 
4 39 45 50 50 30 7 50 33 13 50 24 7 50 50 47 15 7 37 50 32 9 14 11 9 50 50 39 42 50 37 24 3 50 50 42 1 13 1 9 50 42 38 36 6 33 50 35 39 29 32 26 37 18 4 13 20 50 50 34 8 50 4 50 14 50 34 44 0 50 43 41 35 15 
50 50 25 48 32 38 48 4 40 50 46 31 50 8 4 7 41 17 6 1 5 19 31 40 0 50 50 50 16 10 7 2 50 3 4 37 50 14 50 46 16 24 50 6 0 25 44 50 50 5 1 16 50 28 36 34 50 33 34 11 37 17 50 15 8 12 6 19 34 15 50 23 1 
21 17 50 16 13 50 36 39 50 21 50 50 9 50 9 12 50 45 21 12 50 29 13 49 21 19 7 46 2 31 25 39 37 2 50 43 23 50 2 50 37 31 1 46 50 38 19 4 30 11 50 15 5 41 50 0 50 1 25 0 31 50 10 22 26 0 50 12 42 49 6 25 
50 5 12 41 2 36 19 50 50 27 47 45 14 15 11 41 4 21 19 16 24 9 18 50 12 12 46 14 50 47 50 15 25 17 7 48 49 50 21 50 12 15 40 1 27 43 26 31 50 25 32 5 1 16 15 27 36 43 10 29 2 50 50 23 50 10 42 22 50 50 4 
50 28 0 17 23 2 47 15 17 45 30 13 50 50 50 24 36 15 5 50 32 50 32 13 50 39 50 6 10 49 18 50 44 50 49 40 50 50 36 31 18 50 0 50 4 50 34 3 21 28 49 45 24 5 24 35 44 50 6 27 14 27 9 33 50 19 5 33 13 7 
46 50 3 35 50 2 15 15 13 44 36 46 9 41 6 5 50 36 18 18 50 12 14 50 41 31 45 6 1 35 32 2 26 44 39 13 36 4 22 41 0 3 9 5 15 50 24 50 11 27 18 39 11 19 41 50 49 20 50 36 15 16 15 32 7 50 37 41 50 
40 39 7 50 21 10 20 23 47 50 13 48 31 2 27 37 47 47 14 27 37 15 15 17 50 38 33 39 14 5 2 38 41 30 7 21 10 42 3 13 16 45 5 21 34 50 15 13 48 22 50 0 23 7 40 19 24 15 36 9 43 50 33 26 20 41 8 50 
27 50 50 14 7 11 43 32 3 50 13 24 50 36 44 40 39 50 50 50 46 32 50 17 38 18 24 42 50 50 41 0 3 20 3 38 40 38 0 50 28 50 9 20 42 22 38 29 50 47 0 7 37 42 50 1 15 50 41 15 28 26 43 50 44 16 42 
50 50 46 13 3 40 14 14 14 7 15 4 50 32 34 42 25 14 33 50 17 15 35 6 2 25 50 27 19 47 21 47 50 37 38 15 36 15 7 49 12 14 2 15 14 42 32 50 30 36 49 48 28 40 40 50 50 50 50 9 19 33 38 16 50 50 
43 1 50 29 39 49 50 49 50 27 23 50 29 0 35 13 45 45 27 50 35 44 48 50 47 25 17 44 40 23 5 1 5 50 50 42 50 50 2 12 50 49 13 34 8 50 7 4 33 26 0 49 9 50 5 50 10 35 42 8 50 35 49 21 45 
21 40 50 9 49 50 34 50 31 30 36 29 20 33 50 14 36 38 24 14 50 50 0 46 42 0 38 50 5 43 42 17 50 50 24 26 50 41 34 46 49 50 50 21 39 33 38 2 30 25 50 50 50 10 2 27 30 26 22 50 7 50 31 34 
50 50 50 9 36 27 30 18 50 16 19 48 8 12 5 50 27 50 39 50 45 13 29 13 20 50 40 12 39 33 4 50 45 43 50 50 28 15 1 50 26 10 50 50 35 24 22 28 21 50 45 42 2 50 50 50 11 7 50 0 29 33 50 
25 3 14 13 42 11 50 38 27 33 24 34 17 38 2 34 4 11 50 41 31 28 50 0 50 44 50 40 41 50 23 17 50 50 50 26 46 49 50 4 50 35 27 38 1 17 50 4 18 24 13 16 30 5 3 0 32 45 40 19 16 41 
1 7 50 50 5 15 42 5 8 50 5 26 29 27 48 29 32 17 7 47 7 32 50 22 50 34 5 30 25 18 21 30 0 40 22 22 41 49 50 27 11 14 5 31 45 11 42 20 50 6 10 9 50 31 12 19 25 11 16 23 36 
50 36 25 33 12 40 19 6 29 35 7 49 22 9 12 45 27 48 47 43 28 5 50 50 9 36 33 44 35 50 12 50 45 50 20 50 44 3 9 23 22 29 1 50 22 46 32 6 1 24 44 50 15 18 48 50 32 50 38 49 
17 50 43 50 33 26 50 50 12 4 50 37 40 0 24 14 50 15 47 50 36 46 50 5 7 46 45 7 33 0 50 50 38 15 1 33 27 50 17 20 27 44 11 37 24 46 12 50 14 37 44 34 35 29 50 10 9 23 18 
17 13 50 6 37 38 20 50 50 0 50 22 10 11 32 46 30 25 19 38 44 50 50 41 35 38 39 15 22 31 50 28 5 19 29 18 37 34 46 10 34 27 48 25 50 6 13 26 39 41 50 34 50 32 2 3 42 36 
35 21 35 46 50 9 28 29 23 35 4 50 21 50 50 31 34 22 50 42 50 29 23 46 16 29 49 45 50 50 50 50 39 4 30 26 21 19 12 50 25 15 16 3 32 25 31 50 23 50 50 50 29 1 30 15 29 
50 50 50 2 50 23 4 24 43 18 50 22 37 18 40 26 3 50 46 49 31 50 50 50 27 26 50 8 28 32 50 49 50 50 0 29 9 18 0 27 49 32 39 3 26 24 7 12 7 13 47 34 50 50 39 24 
22 50 50 18 36 26 26 34 2 8 41 0 50 2 28 50 33 39 19 29 22 16 19 48 40 49 28 1 40 23 12 38 31 10 50 50 44 31 23 50 21 7 50 14 40 50 50 23 45 22 14 26 38 8 50 
17 18 29 50 29 28 4 31 44 50 50 17 40 2 50 50 44 17 26 46 35 11 1 44 34 31 13 27 35 23 38 32 4 35 50 1 22 3 29 38 33 13 32 7 2 25 40 1 33 24 18 45 36 4 
50 20 9 50 6 41 43 34 9 39 50 16 46 11 11 16 9 5 48 0 50 30 32 14 28 24 6 7 40 5 7 50 25 21 3 50 30 50 41 50 4 50 46 0 4 45 7 50 34 10 31 50 40 
37 34 49 50 36 50 50 41 19 50 50 22 21 26 30 37 50 22 11 49 9 13 50 5 10 17 50 30 28 34 36 1 5 15 50 43 43 28 28 50 24 37 5 4 50 50 50 50 47 32 24 45 
20 34 44 11 6 50 23 50 21 50 0 20 1 50 33 0 8 50 20 50 50 9 37 22 9 48 50 11 8 28 50 18 0 14 28 27 50 29 41 24 43 49 23 30 37 28 43 50 3 38 50 
50 15 3 17 38 10 22 9 50 50 2 44 50 48 33 35 49 14 1 28 9 16 24 15 3 41 14 38 26 49 39 50 50 27 49 12 33 37 34 50 35 6 22 16 43 41 44 14 21 21 
50 1 50 29 47 6 39 15 28 3 30 36 8 50 38 50 47 33 50 50 12 9 42 50 12 15 44 1 47 47 11 21 50 8 30 24 27 14 50 3 33 7 30 47 50 26 23 38 10 
26 6 35 50 13 23 4 50 28 1 50 21 50 8 50 24 5 26 3 43 50 50 34 48 43 50 42 2 35 23 43 28 38 50 33 0 50 7 50 2 42 31 22 12 34 44 50 50 
50 50 50 20 44 36 50 5 43 9 46 10 23 12 50 50 25 5 50 17 14 13 19 45 50 14 43 30 41 36 0 40 1 21 11 50 50 24 18 50 3 22 27 36 25 5 26 
15 9 33 49 36 11 28 27 8 50 50 30 1 20 37 43 2 33 50 34 40 28 15 49 37 29 23 15 8 50 23 40 48 8 50 34 50 13 17 35 35 28 23 7 50 7 
27 22 48 28 50 4 50 9 27 6 43 47 27 25 36 20 50 50 19 50 29 36 10 46 35 24 44 0 40 50 50 37 50 2 50 39 45 28 45 14 25 24 50 21 6 
0 48 43 50 50 32 8 39 48 36 28 50 50 13 30 32 42 50 50 18 50 38 23 5 41 33 36 34 16 22 44 6 13 48 9 26 50 44 34 17 33 20 34 36 
32 50 14 45 31 44 21 50 22 41 50 23 37 50 9 50 35 50 50 19 29 24 3 46 2 7 39 14 38 21 43 50 30 30 15 29 4 2 10 4 14 37 50 
50 50 27 35 50 50 0 46 35 36 28 8 24 24 38 49 50 50 50 41 47 16 45 3 1 28 46 50 39 29 26 50 50 15 13 45 17 24 11 47 8 34 
2 20 25 43 50 46 37 22 0 20 50 26 30 11 50 6 16 50 50 50 2 10 42 11 6 50 36 50 0 29 21 41 50 33 6 50 39 39 31 49 1 
50 17 14 49 5 5 30 20 50 9 29 50 27 36 44 9 50 46 40 26 50 50 48 25 11 46 17 2 50 14 41 7 35 50 50 15 39 48 27 50 
32 1 45 27 50 1 26 36 50 41 50 3 7 37 38 39 27 21 22 13 7 0 20 50 50 3 44 29 50 37 24 9 19 50 50 32 39 38 21 
27 27 32 12 43 48 13 25 50 30 20 12 34 38 45 50 32 45 27 46 50 8 0 34 42 49 8 6 10 3 8 23 50 28 31 50 17 7 
50 50 35 4 35 31 7 50 29 29 41 15 50 50 43 7 8 2 25 46 50 47 42 50 50 50 0 30 40 15 33 19 17 45 38 33 50 
50 50 37 31 38 24 10 41 33 16 47 4 11 6 50 28 50 50 13 12 18 50 22 36 50 11 7 36 50 50 50 18 3 17 29 32 
50 2 3 50 50 12 39 50 1 30 27 4 50 47 37 25 28 50 32 24 13 26 23 39 40 22 39 9 50 37 44 29 3 50 50 
45 12 32 2 7 12 35 50 50 50 47 25 32 50 9 21 27 18 50 46 3 39 50 7 50 0 50 50 46 50 7 27 50 15 
42 44 50 48 49 50 35 7 50 50 37 25 38 40 34 38 20 44 17 18 45 8 4 50 21 6 44 50 18 43 31 35 31 
23 50 10 50 50 18 43 42 43 12 23 7 47 26 6 40 29 0 26 10 49 50 5 50 39 50 41 11 22 17 2 50 
24 17 26 10 23 9 24 35 34 43 28 9 50 28 32 41 8 21 47 14 50 39 47 50 28 35 48 29 14 50 19 
32 11 39 44 20 44 15 33 8 36 50 47 16 26 2 21 7 5 26 44 48 2 34 31 50 10 50 25 50 40 
18 2 39 49 19 50 28 36 33 16 50 50 50 50 3 10 4 10 13 22 42 0 50 40 26 32 41 44 44 
40 36 50 50 25 8 50 24 13 40 18 7 1 50 17 12 20 30 33 50 4 21 38 50 1 27 47 10 
36 50 50 45 3 10 4 50 25 31 1 50 50 33 50 41 50 0 50 28 25 31 50 24 50 50 34 
12 19 17 44 29 10 35 21 34 26 50 50 41 50 50 25 38 36 46 50 1 50 50 50 36 33 
37 29 44 50 9 1 23 5 2 50 18 35 50 10 28 38 50 42 42 14 23 21 11 50 16 
50 26 32 31 50 39 50 29 18 31 31 5 50 26 29 35 5 27 50 11 39 15 4 0 
35 29 13 42 20 39 24 18 11 47 20 17 18 5 44 39 50 50 36 13 50 28 28 
35 15 16 50 2 8 50 1 33 32 28 47 28 50 36 39 50 47 20 50 30 12 
16 47 50 4 38 30 50 49 6 24 10 50 50 50 27 47 41 42 37 25 32 
14 7 26 6 24 7 50 28 9 27 50 40 15 18 25 6 43 34 50 36 
32 50 40 24 1 17 25 50 19 12 21 32 50 50 5 35 28 42 8 
49 23 50 32 47 50 50 0 10 50 50 3 38 50 36 46 1 30 
20 50 2 29 30 14 2 2 10 10 17 40 8 25 50 50 14 
50 7 32 3 27 22 50 9 10 11 1 4 12 4 50 25 
46 26 15 50 40 50 29 49 25 50 14 22 38 48 50 
50 50 34 40 49 30 28 2 50 12 25 20 17 0 
4 50 14 44 26 21 22 15 3 8 2 50 4 
34 50 1 40 10 50 50 50 16 50 6 33 
32 44 33 50 41 0 35 0 29 50 5 
46 14 3 43 2 41 39 40 50 48 
0 19 50 6 6 45 27 50 39 
48 46 40 28 29 13 50 38 
1 50 50 34 27 39 12 
5 16 50 49 50 6 
28 42 42 19 33 
34 16 28 18 
50 50 39 
33 46 
33 

