200 50
44 7 36 27 50 24 29 50 50 42 34 1 10 2 50 49 50 38 37 9 39 21 26 17 12 34 45 19 14 10 44 21 7 7 38 32 41 6 1 33 50 19 4 9 46 33 22 39 35 9 48 50 48 49 50 1 50 50 36 19 24 50 48 40 29 44 26 32 29 40 50 33 9 11 25 50 42 12 23 39 7 50 33 50 48 1 16 42 17 38 24 28 21 14 26 50 22 47 50 0 25 0 44 18 50 18 15 18 24 43 50 49 43 50 31 25 50 29 48 2 41 46 50 20 44 4 27 50 28 16 35 25 35 17 50 15 45 19 34 31 32 50 33 46 15 42 50 43 29 40 10 50 23 50 32 9 31 50 44 1 28 21 26 45 45 50 27 49 50 36 10 50 43 12 40 42 11 14 18 31 25 1 49 34 38 4 17 3 8 41 42 26 6 17 41 37 50 20 24 
50 22 46 4 23 0 5 43 44 40 43 21 8 26 42 50 37 16 39 50 50 41 39 42 10 10 50 45 50 2 49 50 29 8 5 21 37 31 26 0 31 20 11 38 24 50 9 25 11 50 2 29 11 37 20 36 37 37 50 50 1 49 38 5 3 38 15 21 35 21 9 1 44 50 39 6 15 50 10 19 48 11 9 45 7 43 17 34 42 3 46 8 50 4 50 29 39 7 42 50 8 50 49 30 49 0 49 37 50 5 20 1 7 3 36 45 10 47 50 47 6 19 29 23 44 35 2 2 23 33 0 26 11 45 13 50 35 21 35 50 7 50 31 29 39 21 7 34 41 48 26 50 9 50 26 12 29 45 15 36 26 2 39 35 2 10 3 22 2 50 6 27 34 45 10 5 36 16 16 46 24 49 27 19 9 19 26 16 26 49 20 30 46 39 50 43 14 10 
19 17 5 47 45 17 13 50 46 37 12 4 37 37 32 2 29 50 12 42 30 26 37 18 21 3 30 9 50 1 50 13 50 18 37 9 18 50 25 33 11 47 31 16 38 50 12 7 16 16 4 26 2 27 47 48 25 33 50 41 39 50 2 22 18 50 46 50 50 40 16 17 50 44 50 10 7 34 31 2 21 4 23 50 50 3 50 40 13 1 27 27 50 41 24 5 14 27 7 26 27 35 47 23 40 4 50 32 22 21 28 7 42 26 0 9 4 25 0 1 37 18 1 50 50 15 11 11 24 15 0 25 30 25 16 47 20 34 44 33 15 50 41 16 43 36 21 10 37 50 42 26 44 22 7 35 8 50 50 29 43 50 26 40 2 50 32 17 50 40 50 50 50 16 30 39 42 50 28 42 2 50 50 43 50 28 10 23 35 17 49 9 25 9 41 36 50 
15 50 26 21 45 26 24 20 37 50 36 32 12 27 0 49 49 3 50 22 50 29 34 12 29 14 50 46 13 17 24 36 50 50 44 20 48 38 33 4 17 49 25 42 8 18 49 19 37 2 50 1 8 47 25 16 11 5 6 8 16 30 8 2 20 28 1 10 45 47 50 22 12 3 1 35 38 26 11 50 25 48 38 16 21 43 37 49 50 2 5 17 35 32 9 8 38 2 15 44 18 15 50 1 13 33 38 28 2 30 43 46 12 46 9 47 0 0 7 44 20 11 6 11 27 48 29 42 34 26 50 14 43 32 50 1 1 24 11 45 6 42 31 31 13 14 4 9 19 50 15 5 13 7 26 6 12 40 43 49 36 49 39 10 33 1 24 47 29 33 45 16 50 23 50 40 23 50 26 50 0 26 38 0 44 6 46 13 11 50 33 25 38 2 32 5 
41 50 12 24 35 44 48 50 50 50 10 34 28 50 30 9 36 8 48 50 8 23 24 42 20 9 27 47 30 19 44 4 36 40 32 24 3 50 1 38 42 45 18 8 21 49 32 22 29 24 34 0 10 47 8 6 46 23 44 36 49 50 46 39 19 50 3 38 50 32 18 1 50 45 33 50 5 35 50 33 16 43 47 26 4 14 16 50 8 50 5 43 50 22 50 31 2 21 42 37 33 34 50 40 33 50 26 17 36 26 44 33 12 7 22 14 12 1 23 4 1 35 50 40 13 1 6 28 5 13 1 50 35 15 27 50 13 19 45 42 40 41 30 50 45 18 50 30 31 4 50 43 16 17 5 9 15 33 25 42 44 16 46 44 25 17 9 17 34 20 33 18 8 39 6 34 50 1 24 36 37 1 29 39 29 50 7 6 48 50 40 7 3 41 50 
25 35 28 35 40 50 50 50 36 33 26 50 50 27 48 36 15 27 1 11 50 18 28 6 39 33 8 44 50 9 50 50 3 38 38 8 44 50 36 50 9 49 22 20 50 24 5 23 44 50 18 15 50 29 46 48 49 42 35 39 50 50 50 29 18 28 22 46 20 32 50 34 50 3 50 22 3 37 15 50 47 30 14 46 2 19 32 12 3 41 17 45 35 8 25 28 50 26 22 46 11 17 50 30 10 24 1 50 27 9 50 0 50 24 40 50 31 11 6 25 50 42 27 32 35 10 0 11 50 34 5 31 22 50 50 50 32 29 1 11 49 15 15 18 29 36 49 8 44 35 26 29 20 16 11 22 18 29 50 50 9 50 0 47 15 7 38 23 41 50 20 40 25 43 1 13 50 50 50 19 0 50 2 11 50 20 49 41 37 50 9 30 3 27 
22 48 19 22 20 7 43 50 41 36 50 50 50 45 50 50 25 19 23 25 29 27 29 11 1 32 50 0 36 24 25 40 43 8 1 10 36 26 49 5 41 39 42 50 50 19 2 15 7 32 44 5 41 3 4 43 26 27 9 2 45 15 41 40 40 50 26 32 46 34 41 50 43 46 6 42 4 50 50 26 44 25 19 17 17 6 37 6 3 21 38 9 22 50 22 6 46 2 33 31 13 48 3 50 32 50 15 2 48 42 5 0 50 0 1 10 50 13 45 13 35 17 50 50 47 20 46 35 50 20 23 31 12 26 39 28 47 9 12 50 50 50 50 44 5 26 44 35 50 50 43 49 50 39 26 14 26 43 13 24 26 16 3 41 0 18 29 50 31 7 35 50 20 20 50 35 50 6 16 20 50 19 38 9 13 14 22 11 30 36 9 43 34 
13 50 40 33 43 35 50 2 42 50 8 22 50 46 15 50 24 1 50 9 41 6 44 2 2 4 31 28 48 50 38 7 40 50 6 50 16 34 15 50 19 44 22 28 41 17 8 42 11 6 5 13 13 8 50 50 0 50 27 20 7 40 32 42 50 43 22 13 20 47 27 50 29 20 31 3 41 7 36 10 50 50 14 26 15 50 50 48 47 50 11 50 47 50 33 6 40 50 8 50 7 7 10 50 21 30 6 17 50 47 37 50 50 9 36 50 33 50 29 17 32 50 12 22 24 31 35 38 23 24 50 50 47 50 50 50 50 11 20 12 16 5 50 49 12 17 12 49 34 26 28 43 47 37 27 0 37 9 50 7 36 44 50 16 13 43 50 46 50 45 19 50 50 6 6 29 46 10 50 41 46 50 33 26 11 50 36 41 50 47 32 33 
50 9 31 28 31 27 42 41 27 49 43 37 25 34 1 50 1 35 22 39 21 19 5 43 4 1 31 13 19 7 30 48 46 37 7 43 14 24 3 5 34 50 28 50 49 43 15 13 50 50 25 13 4 2 23 50 31 35 32 38 26 50 50 7 24 50 25 50 47 3 50 33 45 35 46 50 23 44 50 32 45 50 27 23 48 50 28 30 33 50 4 40 20 31 49 49 35 30 48 2 44 19 7 6 50 10 33 17 40 14 2 50 1 11 42 32 37 50 7 13 14 44 34 21 35 40 11 45 50 11 4 50 14 19 21 29 32 50 2 0 3 29 50 4 1 34 36 11 31 49 17 34 12 3 34 35 31 32 31 39 34 38 50 28 7 4 45 50 36 50 26 44 13 18 21 34 31 20 36 50 47 1 21 5 50 18 34 50 21 50 32 
2 8 32 29 50 23 4 39 4 30 35 49 25 50 16 40 50 50 28 3 35 30 41 48 46 33 42 41 8 3 25 20 50 25 27 29 25 42 5 25 32 50 50 50 6 24 28 47 42 18 28 20 47 50 50 50 46 42 39 11 48 5 47 35 9 38 35 40 14 3 9 28 33 48 0 50 50 22 1 29 29 12 13 48 15 26 27 32 22 17 38 39 50 50 32 50 0 0 17 44 25 17 47 32 50 50 29 27 10 3 10 7 50 4 50 30 47 24 9 26 43 36 35 0 42 20 47 15 50 50 48 4 26 50 2 50 37 22 35 12 4 5 21 4 2 4 50 16 18 31 10 38 7 14 25 10 46 31 42 15 12 17 50 31 32 50 12 8 15 11 29 32 50 25 49 2 22 6 8 45 22 19 20 32 50 46 8 43 20 21 
50 43 30 50 50 49 19 1 3 32 15 43 49 18 10 50 50 49 39 22 50 11 4 49 8 15 37 12 50 22 4 1 1 43 31 50 38 32 19 50 33 22 3 48 28 37 35 42 22 25 50 14 0 21 38 38 14 24 46 50 24 50 48 35 48 31 44 36 32 27 1 50 40 50 46 8 2 50 25 50 47 48 50 19 18 50 7 5 8 31 13 44 49 50 17 50 1 29 12 3 46 34 22 50 39 22 50 39 4 50 43 2 18 50 6 23 43 32 38 28 18 49 21 25 3 1 50 42 6 33 24 42 21 9 50 50 23 44 22 16 14 50 50 17 29 46 47 49 6 17 10 5 28 16 19 31 42 21 36 46 22 0 4 42 31 17 29 39 50 50 48 39 7 6 17 18 15 47 17 42 21 14 49 50 18 50 30 22 24 
46 50 50 25 46 37 50 40 5 50 25 18 1 0 6 13 22 5 50 31 2 2 16 4 20 50 31 5 43 50 31 30 11 31 37 18 22 5 27 43 38 8 46 27 35 44 17 10 21 33 7 7 50 42 12 34 4 16 30 24 0 42 30 20 7 1 31 40 16 37 14 4 31 16 14 3 34 31 28 32 42 2 36 26 46 23 32 16 45 24 0 10 14 0 38 47 16 31 50 12 26 24 27 43 50 50 32 1 11 30 36 19 49 21 1 0 21 40 6 42 17 28 43 30 41 6 7 42 34 18 14 15 50 20 42 34 50 35 29 1 47 12 10 37 12 28 46 13 41 50 50 47 27 14 11 42 9 26 35 12 50 15 22 50 48 7 43 4 3 27 43 41 16 5 46 50 7 10 44 26 50 44 34 50 36 7 11 2 
34 50 50 30 50 3 20 38 10 38 5 1 45 3 50 50 11 48 42 11 24 30 50 50 49 25 31 48 14 50 20 43 9 19 20 9 49 19 39 32 30 20 2 11 0 21 39 38 5 19 26 50 19 27 20 18 17 1 48 48 49 50 6 50 30 50 50 29 11 21 31 5 11 25 26 6 40 4 43 50 25 29 50 6 9 36 50 48 40 41 12 9 30 47 23 35 6 27 30 18 50 48 35 35 8 10 46 13 7 45 21 50 3 1 14 50 50 1 42 4 47 28 38 2 48 13 33 29 17 22 5 50 1 4 32 16 50 50 33 50 10 46 48 22 14 32 4 13 0 6 50 17 32 1 50 36 28 50 6 50 50 26 4 50 7 19 10 50 50 21 39 50 41 33 50 50 50 34 45 38 1 31 9 46 46 14 32 
7 40 15 21 30 12 21 5 27 19 8 4 13 50 15 8 36 44 26 7 50 44 46 34 30 33 45 41 11 3 13 50 31 5 14 26 26 12 5 0 7 14 10 29 27 16 10 50 50 13 31 6 20 34 37 35 31 50 38 50 45 47 50 27 47 47 3 21 32 22 32 50 50 19 50 27 7 29 0 21 50 37 9 29 48 24 2 40 50 50 14 31 8 50 37 11 50 14 43 1 35 37 24 50 50 9 11 44 12 49 40 7 44 50 43 39 50 50 13 50 34 36 9 6 0 47 18 1 42 49 31 50 46 39 29 43 50 28 50 50 14 20 37 9 20 42 26 19 30 35 26 43 46 4 50 43 41 22 50 42 32 26 50 30 10 43 20 38 40 39 50 27 47 7 38 18 4 15 20 50 40 44 34 38 0 42 
21 28 17 14 38 27 36 8 32 36 50 50 41 18 26 50 32 4 4 46 6 50 11 37 20 30 47 24 21 50 42 33 20 14 43 50 31 38 21 20 19 11 6 2 22 16 12 37 25 50 37 40 8 50 31 12 5 21 46 12 0 40 7 48 48 24 19 33 49 9 49 17 23 50 25 48 41 50 48 41 13 26 8 35 37 31 21 11 50 34 50 47 24 29 4 50 50 18 28 7 11 46 43 50 32 15 21 16 17 47 7 37 49 2 12 25 18 23 12 39 34 34 28 7 50 43 1 50 10 7 50 36 50 17 38 0 10 48 18 2 25 14 23 42 50 47 21 50 11 27 3 20 1 22 36 0 48 50 39 29 7 25 29 34 50 44 43 31 50 23 50 49 50 23 15 8 24 4 30 50 32 3 5 20 27 
37 39 16 35 9 17 48 50 50 27 43 38 37 37 50 46 50 50 16 49 45 3 12 25 10 33 31 50 50 9 45 15 50 5 37 27 25 26 20 44 46 5 50 45 38 28 41 25 17 39 50 20 50 39 0 42 6 32 50 14 33 36 43 43 50 35 42 33 0 40 15 9 27 2 11 31 0 50 28 40 0 47 50 30 50 44 50 43 29 10 20 28 26 4 50 23 6 37 19 23 50 5 34 26 10 9 50 34 43 27 37 18 7 12 0 15 41 13 19 39 50 36 6 50 13 33 50 3 4 13 31 20 50 48 39 45 47 38 30 41 26 40 27 50 17 18 30 17 6 38 43 20 50 6 42 34 50 27 30 3 50 50 37 33 28 9 45 38 10 33 43 19 8 50 50 39 46 2 33 7 31 14 10 17 
19 39 26 9 10 36 6 14 50 13 2 10 32 5 9 44 36 17 25 29 34 22 50 41 47 50 35 50 50 49 24 27 22 15 35 21 4 42 29 6 47 50 50 1 17 21 22 29 16 42 50 46 8 50 50 39 50 22 50 28 50 50 16 50 22 2 7 46 50 24 18 35 18 50 44 5 20 46 35 27 23 41 40 41 35 13 16 12 16 50 46 25 34 14 15 14 47 2 46 28 21 21 23 28 19 30 31 45 29 16 5 28 0 50 1 50 23 0 1 40 4 15 50 30 27 44 14 0 50 18 11 3 50 10 4 50 12 22 20 33 17 35 9 39 24 42 3 25 36 14 16 5 2 10 50 13 22 13 26 50 30 13 5 13 37 12 14 22 50 9 42 4 47 8 4 4 20 23 18 12 40 42 50 
29 36 16 50 41 28 17 20 27 50 20 21 16 13 22 8 25 14 5 15 17 40 2 50 14 43 11 13 26 12 48 25 43 5 50 13 25 19 4 32 50 38 44 27 41 50 28 39 32 38 29 25 17 50 21 0 5 35 10 45 14 3 46 50 49 49 15 33 38 9 41 38 27 40 50 8 20 26 50 9 18 35 11 15 48 45 5 38 41 23 34 9 5 19 50 0 12 3 29 50 2 31 46 50 2 41 38 50 23 50 43 37 11 42 28 49 43 50 26 13 42 27 24 6 25 14 46 4 18 7 50 6 50 40 49 18 40 20 43 0 28 50 50 7 50 50 17 33 50 13 50 10 38 1 50 50 50 3 28 30 38 2 47 50 45 42 41 50 45 42 50 5 2 50 50 25 33 42 50 25 50 7 
15 28 46 27 50 8 20 48 17 5 2 28 48 24 9 50 45 7 5 37 23 27 31 27 50 22 1 9 17 2 17 33 11 50 10 30 31 5 27 36 1 11 35 1 20 50 23 34 2 48 5 10 42 1 28 50 48 2 50 34 43 10 24 20 48 19 19 28 50 5 50 37 41 10 13 33 50 47 32 4 0 46 11 7 46 46 15 26 20 44 5 0 50 24 4 32 11 50 48 50 25 27 50 17 18 33 8 34 8 14 5 11 15 19 25 35 44 24 50 36 0 50 35 12 6 32 28 41 23 12 1 50 50 50 27 50 45 27 41 22 10 15 50 16 49 50 50 15 7 5 6 50 47 12 11 10 35 19 0 50 20 10 0 29 35 31 19 50 33 0 37 50 4 31 11 19 8 50 39 49 50 
25 44 27 4 50 50 34 50 27 6 10 22 50 33 4 37 50 22 47 10 4 7 15 21 50 14 40 50 35 49 20 12 50 20 15 25 9 42 50 50 44 12 25 43 11 44 50 23 8 17 50 30 29 50 45 41 44 31 7 32 10 28 11 24 37 37 50 40 5 50 24 43 16 9 22 50 50 20 50 50 40 50 48 42 33 36 6 15 24 21 50 50 50 48 42 10 23 13 35 43 50 16 48 8 47 16 46 38 50 5 8 22 50 32 9 40 36 49 6 30 44 23 50 50 22 12 13 34 5 22 19 50 50 35 0 24 42 31 26 34 50 33 15 32 21 1 15 49 35 23 47 50 43 45 41 6 48 2 20 14 17 39 1 43 39 35 19 39 7 22 50 14 6 7 20 24 50 2 3 0 
33 9 33 12 30 4 50 27 38 50 28 50 6 50 15 11 38 31 30 4 20 36 17 17 2 50 39 17 49 50 49 26 5 43 50 8 28 8 36 46 26 50 43 38 30 35 26 5 33 13 14 46 50 30 35 50 26 13 28 11 42 37 20 43 0 41 28 33 4 43 43 50 50 24 39 44 11 19 16 0 26 31 50 23 50 15 4 19 44 30 1 35 43 50 11 50 16 36 26 32 10 24 42 42 50 3 1 30 35 48 1 50 12 50 45 31 50 19 1 50 8 33 50 24 0 50 41 50 28 45 1 22 34 28 23 24 4 25 50 31 40 22 34 38 21 27 44 23 49 2 50 1 16 40 46 23 29 18 33 28 50 26 44 50 50 13 27 2 12 18 5 42 14 32 4 27 12 22 46 
24 17 23 37 30 28 44 33 17 20 15 48 50 26 19 42 50 46 5 18 50 11 35 50 20 13 21 23 41 18 12 10 29 34 49 27 37 39 0 8 50 24 23 37 50 29 39 50 3 25 50 24 17 12 5 5 45 50 50 12 50 5 43 50 50 21 20 0 7 33 29 9 19 20 46 50 13 28 9 36 13 49 43 30 41 35 38 2 50 7 15 18 4 35 46 26 45 35 13 35 32 37 3 15 29 6 44 20 23 50 50 22 47 47 27 42 49 49 3 50 10 46 34 19 34 4 11 50 20 41 14 16 35 4 17 34 46 31 24 39 50 36 13 7 12 16 49 35 47 50 50 49 28 36 38 38 18 40 49 33 50 50 37 10 50 10 12 10 5 50 36 43 8 9 4 50 20 16 
32 46 48 50 10 11 20 23 42 50 28 48 9 15 30 50 23 21 18 50 10 2 39 35 44 50 48 50 0 30 17 28 24 7 22 6 24 21 43 35 24 50 35 23 19 39 2 41 15 21 30 18 4 18 14 45 44 50 26 37 5 37 18 25 13 22 18 14 49 50 24 23 8 24 50 35 22 8 9 29 15 50 26 15 42 28 45 50 12 13 50 26 50 12 7 18 2 13 50 32 50 22 50 39 17 39 30 1 50 38 38 26 44 38 36 29 14 18 30 17 24 15 50 6 16 13 31 46 50 26 11 22 35 5 50 34 50 7 45 44 48 50 34 30 11 36 43 30 45 35 16 0 17 6 7 18 33 16 33 32 26 49 17 44 15 30 47 50 13 24 33 49 8 41 1 27 50 
21 24 2 16 50 6 16 39 28 22 50 34 50 7 4 50 9 39 25 28 25 21 31 4 4 34 50 31 19 30 37 50 5 28 11 3 50 29 3 50 49 6 33 50 50 44 50 17 27 2 10 8 6 35 38 50 31 50 5 50 7 50 17 50 48 11 14 42 50 5 11 26 50 22 6 48 31 6 50 9 2 28 50 15 14 24 44 44 38 24 4 40 4 12 16 21 16 8 50 33 38 26 24 5 17 2 31 7 39 20 36 33 43 17 37 50 2 38 10 36 36 7 31 45 46 27 44 26 16 50 20 50 5 8 42 28 28 19 28 50 50 1 35 30 47 17 50 42 13 50 50 35 22 50 24 27 50 10 6 16 40 32 0 0 18 32 1 38 35 5 50 10 15 7 36 46 
3 50 50 13 29 50 8 23 24 38 8 28 34 38 43 40 14 47 50 18 47 9 49 25 37 26 20 19 26 21 5 8 26 25 35 36 23 41 22 32 30 41 50 43 50 37 44 2 10 50 34 16 30 42 48 13 26 22 8 2 50 4 50 1 50 42 11 50 50 15 49 49 4 44 50 36 50 50 2 38 5 40 50 29 6 34 30 19 14 46 13 34 50 23 38 50 15 43 40 0 41 40 31 48 25 41 50 13 50 50 30 50 2 50 31 19 39 50 39 6 32 22 2 17 43 41 31 29 43 22 44 50 32 39 2 48 42 49 9 50 17 0 50 1 7 25 50 16 15 13 13 33 7 23 14 45 50 37 24 46 44 50 37 24 50 49 14 32 23 28 12 38 44 26 25 
48 24 50 20 23 50 10 8 31 0 25 1 50 36 35 43 18 42 20 50 2 50 43 50 43 12 39 31 47 3 15 50 45 31 40 45 17 23 31 40 37 4 49 48 1 23 19 13 27 36 0 33 15 48 32 50 49 50 15 50 49 30 26 25 27 50 33 50 14 50 50 26 42 48 3 38 39 37 11 10 9 13 49 27 15 6 9 0 48 31 50 13 9 14 30 38 32 3 50 4 28 30 50 26 30 32 45 7 7 50 34 47 24 40 38 1 49 13 11 26 8 50 50 24 32 50 41 39 36 38 16 50 5 1 50 38 18 7 10 29 50 21 40 34 15 50 50 34 50 28 49 23 50 26 29 7 46 35 43 10 46 50 39 36 37 50 24 27 50 50 17 22 2 43 
50 50 38 20 50 32 18 38 10 10 21 22 50 50 50 21 26 34 42 37 14 9 46 46 0 4 20 50 50 50 21 40 22 31 21 20 50 24 36 34 16 24 18 0 8 38 45 25 32 6 49 22 22 22 36 18 13 38 26 45 33 50 16 43 6 36 16 4 49 17 26 2 22 34 50 25 43 50 50 27 45 28 44 15 25 9 7 22 17 50 21 37 25 12 47 6 22 34 50 30 27 18 50 13 17 42 36 25 48 29 34 30 5 22 16 44 41 15 50 1 44 48 41 50 35 46 31 8 16 47 23 0 2 16 24 22 2 46 50 30 3 34 47 50 14 34 26 30 12 44 18 50 45 7 36 28 33 50 23 5 50 12 17 3 32 31 50 38 3 34 50 49 47 
8 8 48 27 44 16 5 48 17 32 31 14 31 37 33 24 14 48 19 20 34 12 18 8 50 11 21 5 32 7 22 43 32 26 34 50 50 29 26 5 22 37 50 47 48 1 32 27 11 50 48 50 32 31 5 16 48 40 20 3 50 1 50 49 41 40 50 45 50 18 18 1 8 0 22 8 1 50 39 15 30 11 1 30 50 5 33 34 42 1 30 22 46 34 29 19 41 30 4 29 35 48 36 46 3 2 50 35 5 3 14 5 23 5 42 29 38 35 18 43 34 1 10 50 12 14 39 46 0 26 19 46 50 46 29 25 30 50 46 10 26 41 19 38 7 34 32 46 8 50 3 29 19 40 40 2 2 49 45 11 50 12 50 33 13 23 7 18 1 23 6 10 
34 48 44 45 30 7 18 3 50 6 19 33 50 12 50 2 22 49 34 6 25 24 5 34 18 31 42 8 14 32 45 50 29 16 50 35 40 38 36 35 50 28 28 20 18 23 2 9 50 14 40 41 29 26 38 45 50 37 50 3 36 41 40 12 44 10 32 41 7 48 18 14 21 47 33 19 44 26 47 3 24 40 8 37 17 50 4 26 50 7 50 37 23 11 50 9 6 21 25 50 15 50 50 3 50 33 2 35 7 45 4 38 47 29 8 50 30 46 39 38 24 15 2 45 11 0 11 50 46 2 29 13 24 45 50 4 3 6 39 27 20 50 43 10 50 50 40 18 47 8 50 41 11 42 50 14 48 50 39 23 50 20 21 11 0 20 50 4 31 24 38 
24 27 5 5 50 18 44 22 50 8 14 0 21 35 18 2 2 4 26 40 38 0 10 35 7 50 50 9 31 50 20 32 24 17 40 0 15 13 42 17 24 2 36 7 38 28 26 21 25 16 2 16 24 6 49 30 21 11 14 6 4 50 18 25 9 50 50 37 34 20 10 40 35 38 28 8 50 36 19 4 16 50 50 21 7 9 34 15 3 6 44 39 25 32 32 32 6 50 20 49 47 50 1 23 3 7 50 18 50 8 50 18 28 28 7 50 4 28 12 29 9 50 9 14 47 50 50 40 28 0 31 18 1 50 40 27 26 50 45 23 16 40 28 34 48 12 24 6 50 50 41 28 50 25 50 50 25 36 22 25 34 6 47 31 50 15 14 30 8 50 
50 16 1 7 20 15 50 50 50 3 25 10 50 50 41 8 10 24 6 28 50 12 50 14 14 29 37 35 26 39 44 12 20 9 26 40 3 18 30 50 28 27 37 43 46 30 50 50 3 18 40 16 46 39 15 24 18 22 30 9 28 8 44 16 5 26 1 39 17 45 50 18 44 6 48 43 45 16 22 25 1 35 33 18 50 27 21 30 30 17 3 40 37 28 27 50 42 2 49 50 13 34 13 10 50 50 43 41 16 12 15 48 50 7 42 28 22 10 8 50 50 21 24 50 33 27 50 30 48 50 50 6 1 17 48 13 29 15 9 44 1 26 35 44 7 0 36 41 43 50 50 47 50 37 47 15 49 4 19 50 49 38 50 18 3 6 23 30 43 
25 2 27 20 29 1 2 50 39 29 32 26 3 11 50 50 34 50 27 28 50 50 26 50 35 47 12 4 50 24 34 21 2 20 50 23 43 30 50 8 1 47 32 3 18 50 50 50 4 34 46 12 43 50 8 10 21 16 21 37 21 31 6 43 6 13 47 37 42 19 0 43 26 3 44 10 42 50 32 50 5 41 10 42 2 29 50 50 49 50 24 39 23 21 43 19 3 30 33 24 28 12 26 9 50 0 13 16 50 17 43 26 50 35 50 1 47 19 28 19 34 28 50 21 18 8 43 19 11 23 49 9 50 24 32 12 1 10 31 7 39 30 30 17 8 6 50 41 40 11 17 44 21 3 15 41 14 6 45 22 13 31 32 26 37 32 41 37 
9 5 33 30 44 50 23 50 11 14 50 39 50 49 30 16 50 49 1 8 50 1 2 43 3 37 16 35 38 50 50 28 41 47 50 2 45 37 22 18 5 31 50 50 46 50 26 50 11 2 28 50 49 6 30 35 12 37 0 50 37 50 50 25 45 35 44 14 35 47 50 39 13 16 11 9 50 1 50 3 31 46 29 39 5 15 6 37 23 25 16 50 9 45 36 13 16 50 21 40 14 14 50 1 16 2 45 45 12 50 25 6 12 36 46 33 2 20 42 42 34 31 34 11 47 46 3 2 50 28 50 37 16 36 44 50 9 43 22 24 25 7 13 20 22 30 9 50 8 10 10 42 9 48 26 12 0 50 50 3 20 23 35 16 43 48 40 
7 49 49 1 2 41 50 28 50 41 12 3 30 17 41 47 47 41 6 50 50 48 16 21 37 27 18 2 48 22 23 35 35 50 16 4 24 33 13 50 27 11 8 1 31 33 17 39 33 28 40 50 39 28 24 50 5 2 9 15 9 44 2 34 48 48 17 50 48 36 33 39 36 31 26 36 29 3 24 50 16 20 25 3 18 14 6 46 30 11 37 50 39 14 50 7 39 45 1 23 9 20 50 2 50 25 22 46 10 35 41 7 45 35 33 2 29 26 50 1 45 29 50 12 42 47 40 25 3 50 38 50 1 1 32 10 48 24 5 46 9 45 50 17 19 50 50 50 15 12 24 49 24 12 42 20 37 23 3 19 24 31 31 25 50 37 
4 50 10 30 50 21 7 25 27 4 15 23 30 12 50 33 49 23 4 3 29 25 33 8 11 30 22 45 37 22 2 31 46 0 50 22 21 2 39 36 19 16 43 50 50 37 21 50 44 46 6 21 50 36 47 11 41 50 50 50 10 20 41 0 6 49 32 9 21 33 1 25 8 17 30 48 17 46 26 50 16 20 19 49 29 12 20 50 18 2 27 32 50 1 34 2 10 32 50 35 11 32 29 22 48 15 19 31 35 11 38 50 39 35 27 28 0 45 1 50 25 8 50 29 50 22 40 3 4 21 32 2 19 20 14 2 7 47 50 26 7 28 4 29 50 1 50 48 50 14 30 14 50 28 50 30 4 23 32 25 6 16 41 14 50 
0 50 50 43 20 50 0 37 8 33 6 43 48 44 35 49 22 45 50 20 2 40 18 0 43 15 39 11 4 25 44 8 13 44 43 8 43 44 0 20 40 7 45 30 50 20 34 22 50 0 48 50 41 40 8 30 16 16 14 20 50 31 50 2 33 0 41 45 14 45 10 13 27 45 47 8 14 16 4 25 33 30 34 5 42 42 46 30 21 24 12 48 31 42 46 39 6 28 43 18 26 22 18 8 14 24 43 34 50 14 24 50 30 40 50 50 50 14 50 50 8 14 50 50 31 41 16 50 17 26 13 26 50 21 42 8 25 14 47 50 34 46 12 9 46 15 50 23 21 11 50 20 6 48 50 16 1 42 29 48 7 13 31 27 
23 14 12 35 43 23 29 50 0 2 41 7 20 10 11 19 4 49 50 10 31 1 43 44 20 1 50 21 3 19 45 25 38 50 30 23 19 50 6 27 4 50 35 18 24 40 40 38 28 32 12 30 19 8 16 9 50 19 50 6 15 23 14 50 42 21 50 50 12 17 50 7 22 23 16 50 23 19 48 42 23 14 49 50 46 50 22 35 30 0 25 32 44 2 50 49 13 37 34 0 28 23 39 50 41 20 48 3 41 44 40 26 40 7 11 44 5 30 8 25 18 41 30 28 15 14 21 31 22 0 50 9 50 32 50 35 25 17 11 40 45 25 21 16 23 25 38 48 4 22 20 12 40 40 50 23 40 5 19 10 30 24 39 
37 38 40 33 50 25 47 50 25 43 5 29 43 34 7 50 26 27 44 31 31 23 6 7 50 38 16 8 33 38 1 50 50 45 16 34 30 29 47 50 42 50 50 2 45 0 38 16 0 17 23 33 2 33 21 16 50 34 4 50 13 30 45 21 50 34 7 49 27 10 44 50 27 23 50 50 50 43 13 22 49 3 20 3 11 35 20 40 22 48 49 13 36 46 9 46 50 12 27 50 45 2 35 22 50 20 9 22 7 50 15 38 30 4 43 0 19 46 1 14 34 36 7 47 7 25 21 30 8 11 0 49 50 35 0 41 10 21 48 6 5 48 35 18 50 11 50 18 50 47 38 50 11 50 2 31 32 42 50 7 2 50 
50 22 48 0 19 41 27 50 15 40 33 50 50 50 42 4 23 24 50 14 50 26 43 8 45 21 17 22 24 50 16 27 46 40 28 37 20 46 25 42 37 6 23 4 23 41 12 36 11 43 17 50 50 50 8 46 33 50 11 42 14 35 22 31 33 10 50 49 43 46 40 11 25 48 32 39 40 13 21 41 5 50 1 36 5 50 25 46 43 3 50 49 18 30 50 50 1 38 8 50 41 50 28 48 31 50 50 18 28 6 50 39 30 50 23 25 50 50 10 13 4 12 49 50 28 8 11 29 7 18 49 0 1 0 19 16 33 11 12 50 19 17 43 37 30 22 12 6 28 50 49 21 31 11 12 48 45 24 35 17 50 
8 36 1 50 49 26 34 40 9 5 32 50 50 38 32 15 45 21 1 29 18 8 50 28 17 49 50 50 29 50 12 43 16 31 50 3 1 19 34 50 28 50 42 29 17 13 49 5 38 50 50 40 41 35 45 21 14 21 6 2 50 18 6 11 50 50 50 25 50 17 2 28 46 50 5 25 44 24 50 2 1 50 14 44 50 50 29 31 20 50 16 18 34 50 19 50 14 31 49 32 44 29 23 8 22 36 50 23 40 14 30 26 50 31 50 5 4 2 24 35 9 50 25 17 48 27 50 50 48 3 35 25 16 50 38 14 19 46 46 44 50 49 21 5 35 30 8 50 34 50 11 48 50 46 42 13 23 17 37 24 
45 4 0 37 8 30 18 21 46 31 20 20 8 20 34 50 22 31 49 40 1 50 48 6 45 33 37 43 15 38 12 41 0 7 4 40 37 29 50 9 26 35 8 3 33 0 22 38 7 34 28 33 7 9 19 50 44 28 15 50 39 50 50 28 23 29 18 50 50 42 33 22 23 25 36 3 50 40 23 49 46 44 8 0 36 39 34 11 38 1 20 9 23 50 39 37 31 29 13 31 29 13 22 9 43 50 9 25 48 8 20 50 41 44 0 30 14 15 50 6 42 39 43 1 50 4 27 14 28 22 27 30 35 10 22 47 40 44 22 33 33 50 50 50 30 8 7 16 29 24 50 43 9 50 8 31 37 28 43 
40 4 50 25 13 32 21 5 21 50 40 20 43 29 50 33 1 11 0 23 50 1 43 14 28 28 15 10 44 50 14 19 40 50 42 45 19 26 46 38 13 6 30 1 49 6 34 15 39 39 40 50 50 40 3 12 10 2 32 10 15 42 48 23 12 50 42 19 11 2 36 8 9 15 21 24 28 28 3 44 21 1 38 17 0 50 47 40 50 41 11 50 50 24 23 50 50 37 46 15 40 42 16 50 35 31 50 50 29 15 10 23 22 24 50 25 50 0 9 37 34 36 39 50 26 19 30 25 23 11 50 46 50 5 9 50 37 33 50 30 7 18 6 28 40 45 32 42 14 33 20 11 30 4 36 2 40 6 
16 49 44 29 22 37 40 37 18 6 35 11 50 16 50 50 2 50 0 48 8 17 7 50 16 22 8 39 50 7 35 49 30 12 29 36 12 16 43 31 32 50 50 50 12 50 50 29 50 9 42 39 50 39 44 3 49 12 48 50 28 32 45 9 2 50 29 5 38 21 27 42 42 25 37 38 8 30 6 36 20 13 47 13 25 47 14 7 35 30 44 50 18 1 21 38 18 3 50 50 2 50 10 27 19 27 49 29 18 35 44 17 50 5 33 23 50 36 50 32 35 50 13 27 30 2 50 15 33 43 36 42 27 27 34 40 41 27 50 24 33 32 1 14 10 47 48 47 34 24 49 1 13 50 30 40 46 
50 10 50 41 23 5 14 50 50 17 50 50 23 50 2 46 33 30 31 26 49 50 13 14 50 20 34 18 42 50 21 39 1 20 39 18 6 1 27 26 25 25 14 0 10 26 23 48 7 50 3 49 29 44 1 18 32 1 0 20 36 30 19 44 9 8 36 15 25 37 50 45 47 38 47 47 1 32 7 18 24 11 50 50 25 17 26 40 45 5 49 30 48 31 36 49 16 12 50 33 46 35 31 19 19 44 38 22 37 39 50 50 19 50 45 37 30 50 45 31 11 33 12 4 45 33 44 6 41 0 21 11 22 16 21 50 41 19 15 16 28 36 7 48 37 12 50 16 17 9 49 8 14 50 50 40 
39 45 37 44 19 17 20 29 36 37 19 0 49 34 17 40 4 8 3 36 24 41 41 38 41 50 41 50 50 50 4 8 0 1 15 36 7 8 44 21 2 45 50 37 14 50 36 11 28 29 36 6 41 17 45 25 50 50 47 33 24 50 50 2 50 12 50 34 48 27 7 42 45 2 18 21 30 3 20 39 9 38 36 22 13 30 25 50 41 29 25 44 16 31 0 22 38 0 14 16 34 50 40 32 50 47 50 12 31 50 16 43 25 5 31 47 25 44 31 0 32 39 20 50 21 13 10 50 50 29 23 50 5 11 50 46 50 1 0 11 19 18 39 39 28 0 50 1 32 15 20 14 49 20 33 
19 9 34 50 27 8 50 15 37 49 50 35 29 31 49 24 50 50 50 21 49 43 35 47 15 18 34 30 0 50 42 32 22 50 49 17 2 1 5 26 50 50 41 45 9 27 50 1 38 44 44 11 43 22 6 15 46 1 48 3 22 0 6 42 31 21 50 43 50 50 9 50 24 45 24 0 13 1 30 9 45 30 23 50 36 25 50 13 47 33 27 33 7 36 23 50 12 23 7 35 50 32 35 43 23 50 42 0 2 50 50 1 47 37 50 47 24 44 8 28 32 50 49 18 4 32 18 4 4 50 50 11 38 14 19 41 10 39 35 43 26 50 17 50 50 50 31 50 25 0 47 5 29 34 
32 8 35 43 22 48 8 45 43 41 50 0 12 37 31 32 40 2 50 50 33 26 4 25 25 33 48 47 26 4 50 47 50 50 12 50 0 15 50 50 16 12 29 30 9 13 3 37 6 37 24 50 23 12 0 50 35 4 15 21 45 14 9 20 8 25 50 40 35 50 27 36 28 0 34 32 50 8 50 11 27 35 27 37 36 38 27 41 33 3 1 8 6 0 50 50 25 50 2 26 27 15 50 12 36 50 44 15 43 13 19 12 50 21 17 10 33 23 10 8 11 3 42 27 13 45 9 37 23 50 14 29 27 9 44 6 17 36 50 50 24 37 2 13 13 23 1 35 49 38 21 49 43 
13 16 2 33 33 24 27 34 39 50 50 22 44 23 15 50 2 0 14 45 9 26 38 22 2 50 27 50 23 30 1 50 38 38 50 50 4 38 36 7 1 50 50 17 47 15 35 3 2 18 47 50 27 50 50 43 29 50 21 48 43 32 32 50 36 5 24 49 18 7 10 37 46 50 33 29 0 38 18 50 25 36 22 50 3 50 12 14 40 25 4 24 31 21 50 50 3 22 19 43 0 42 39 40 32 10 31 25 20 36 50 9 45 36 42 13 47 8 43 50 47 33 29 14 8 41 50 19 0 19 21 50 16 14 39 19 44 20 11 32 1 9 27 30 39 39 40 42 50 23 45 11 
33 39 43 18 40 49 15 14 46 1 43 40 46 50 28 45 39 18 43 50 33 12 50 30 15 45 2 21 3 48 34 50 32 6 6 46 15 1 26 42 37 4 32 21 28 25 34 50 14 15 3 50 29 0 47 13 16 10 50 46 17 43 49 25 11 44 32 41 7 14 14 15 17 27 50 4 32 7 33 11 24 13 2 47 21 45 14 25 50 11 2 17 21 10 4 2 1 45 36 50 50 50 17 14 17 2 11 50 17 36 23 40 35 49 45 46 17 48 32 50 12 23 46 37 3 10 50 40 37 49 45 4 8 39 23 15 24 14 50 27 48 50 18 21 38 49 21 22 50 36 50 
14 20 20 33 50 11 17 47 50 22 0 36 22 50 32 41 2 18 21 16 41 48 36 2 28 46 22 50 29 46 7 50 49 50 15 14 45 50 38 50 1 36 27 45 44 12 20 24 50 40 36 50 14 13 42 19 23 37 47 34 28 33 10 32 11 14 1 47 3 28 50 35 50 30 50 35 50 31 1 33 21 32 38 9 2 38 46 43 31 33 42 34 23 11 3 31 16 20 5 15 50 24 6 41 2 5 21 22 37 50 50 13 19 28 7 46 42 21 12 50 4 24 44 20 17 36 49 33 22 10 31 33 31 3 39 11 14 7 13 16 23 50 35 11 37 46 22 34 44 19 
22 50 20 9 35 26 3 17 50 27 18 40 4 23 22 27 28 8 4 50 18 39 8 43 6 40 38 17 46 50 45 30 46 50 12 15 39 34 50 50 50 43 50 0 34 50 50 36 50 27 29 23 9 46 50 22 10 31 38 39 18 43 50 6 42 43 46 49 48 36 50 42 25 50 31 27 12 50 50 2 47 13 7 31 12 4 41 9 47 50 6 50 30 45 3 50 4 23 35 13 21 21 0 50 50 26 50 40 38 29 47 28 0 50 7 5 25 25 5 6 38 4 23 7 11 1 31 50 13 0 50 42 50 17 50 20 43 50 44 26 50 40 30 41 44 35 32 24 12 
16 5 16 43 47 1 27 15 47 46 43 32 46 50 50 37 50 31 19 46 11 15 29 14 50 17 50 10 47 2 47 25 50 50 25 48 25 18 17 28 19 50 50 35 50 50 10 26 38 15 2 1 46 24 1 17 19 50 48 9 42 30 21 50 25 27 31 3 50 12 25 50 24 39 11 50 46 42 12 11 50 48 50 15 48 50 1 32 47 42 50 38 19 45 10 41 30 21 40 36 31 9 17 34 9 0 14 23 7 50 9 6 27 18 0 14 35 19 9 31 28 24 44 42 31 19 6 50 2 43 48 50 17 15 20 20 1 50 19 10 1 35 44 4 8 16 44 34 
50 35 21 13 50 36 50 48 50 50 16 39 38 4 45 12 18 1 50 46 0 19 0 50 34 35 16 43 41 11 36 2 5 50 20 34 6 45 40 24 36 27 50 19 49 50 35 0 14 49 18 25 44 37 37 32 4 42 50 50 50 1 45 23 50 40 50 40 6 4 5 30 3 45 39 39 28 46 0 50 0 30 8 45 50 8 13 36 42 49 28 50 9 2 44 46 8 47 30 19 15 34 41 33 34 47 17 50 50 50 11 5 43 17 20 21 33 50 37 16 43 15 9 32 13 20 44 9 13 50 21 29 28 18 50 7 10 41 40 45 31 5 36 50 15 35 1 
26 26 1 8 50 50 42 24 35 47 50 18 24 8 50 50 30 33 41 4 5 21 50 44 42 22 31 4 13 50 50 43 19 50 8 7 50 50 32 40 21 35 8 20 48 28 10 1 39 46 4 50 3 18 21 45 47 49 50 45 24 36 1 33 21 23 44 24 13 50 45 50 20 2 50 28 50 50 34 19 17 40 15 31 50 27 50 34 38 24 18 50 34 45 47 50 32 0 27 31 22 50 45 34 29 36 36 0 2 14 37 21 50 5 24 13 20 44 50 50 38 30 12 16 9 9 18 4 47 47 50 9 50 8 50 40 33 24 15 10 50 39 6 50 50 1 
50 18 36 35 9 23 50 46 38 9 41 22 50 25 10 25 16 50 8 27 31 36 50 25 14 22 44 33 35 30 20 38 13 9 42 14 37 50 50 5 50 38 30 15 27 32 47 6 34 25 25 3 13 38 42 29 50 32 9 50 46 26 50 44 37 33 22 25 2 20 23 26 50 50 35 50 44 0 44 46 48 38 33 50 31 21 28 10 31 4 50 40 37 30 16 30 44 8 37 38 8 21 50 19 19 50 50 7 5 33 10 33 25 11 45 50 28 50 5 50 9 43 32 50 1 25 10 12 50 50 46 10 0 18 43 50 47 37 50 7 50 42 9 50 41 
8 15 44 12 48 50 46 16 32 21 50 19 42 34 8 15 22 13 25 24 33 33 20 6 39 15 43 20 6 36 32 0 40 13 30 14 49 13 50 0 35 13 29 22 0 45 23 13 44 12 4 29 40 18 6 48 31 9 23 43 16 34 50 22 34 4 6 50 31 17 31 8 35 37 19 6 31 41 39 50 50 17 5 36 41 50 31 0 42 48 50 34 46 7 24 50 20 12 39 17 1 8 19 50 16 7 8 45 16 50 26 16 27 31 23 11 32 0 50 26 50 41 39 49 28 20 7 50 25 26 5 47 35 50 6 6 50 6 33 49 32 47 42 34 
33 25 19 10 23 11 28 29 40 15 39 50 11 45 4 35 3 27 24 42 44 7 47 39 7 27 17 8 9 38 43 2 50 19 2 29 30 32 35 12 49 32 21 35 9 29 35 37 22 34 4 14 4 5 50 27 50 50 24 3 25 19 37 29 39 39 32 34 35 10 24 37 44 21 24 31 9 2 5 43 25 37 47 36 18 40 50 7 50 41 28 40 29 28 50 37 37 25 22 26 20 10 32 42 33 28 3 42 31 6 50 9 7 10 13 21 44 19 11 39 5 3 29 10 47 30 50 43 31 36 12 22 34 18 13 50 50 15 42 4 2 50 22 
24 28 41 50 5 50 13 39 10 17 36 15 47 45 43 38 0 48 41 8 3 38 36 4 49 49 43 50 3 46 10 2 37 14 50 27 7 50 31 10 44 50 38 1 50 38 27 4 11 11 39 50 16 0 50 20 42 0 0 45 13 26 47 35 25 49 32 24 50 14 31 10 50 10 7 50 10 20 33 24 21 5 41 19 40 4 14 36 24 3 26 6 32 19 39 0 34 24 13 11 50 18 16 15 44 15 50 35 38 50 21 50 12 24 28 25 45 26 40 8 22 16 11 4 46 50 50 11 27 50 46 1 50 5 11 47 6 11 50 40 29 32 
5 40 19 9 42 8 50 50 50 29 23 32 44 50 22 0 24 48 32 25 7 50 20 34 12 50 18 13 4 50 19 0 15 39 39 33 26 25 50 46 40 8 33 38 2 48 19 31 7 36 26 36 25 2 50 13 0 28 36 50 50 37 36 33 50 27 24 36 2 28 9 50 41 12 2 13 42 30 31 35 50 15 30 27 45 10 2 50 16 12 36 31 5 50 47 38 28 50 50 43 50 0 32 47 17 48 48 50 7 18 45 10 24 2 45 28 44 2 24 16 21 8 11 50 50 50 36 21 25 19 50 39 48 46 48 39 50 50 18 20 49 
21 50 50 50 42 8 30 23 50 12 1 22 16 50 50 35 25 38 33 18 50 7 23 50 3 32 42 11 6 39 47 24 19 30 9 0 17 50 19 39 31 32 37 2 47 50 15 7 28 35 50 9 37 5 50 31 13 39 29 20 48 38 41 8 39 50 6 50 33 47 42 12 41 42 14 32 39 6 11 4 23 50 19 50 14 21 15 41 50 40 43 40 35 50 8 36 5 50 26 50 50 18 50 22 31 5 50 35 6 33 18 48 10 24 47 24 43 3 19 10 42 22 15 9 49 25 12 23 22 32 50 22 5 37 41 42 22 46 50 0 
3 27 47 23 50 34 22 30 5 32 15 50 40 47 50 4 45 50 43 50 13 17 24 50 50 48 40 0 50 21 50 50 5 28 48 35 14 32 50 32 27 46 37 8 44 2 45 41 44 50 31 23 50 31 50 16 50 41 18 50 48 2 44 50 0 50 28 10 21 28 15 31 26 50 40 32 50 14 39 5 28 17 43 37 9 10 0 6 36 3 27 0 40 34 46 50 37 47 45 20 26 38 50 20 35 0 8 21 24 49 39 49 49 47 24 19 41 50 22 48 15 14 23 8 9 47 50 43 47 14 4 38 0 48 10 10 30 10 37 
0 16 36 50 32 49 8 21 4 8 50 39 18 0 43 6 20 16 28 45 47 40 6 46 0 33 1 39 22 13 21 23 38 4 23 21 35 3 45 1 8 43 2 10 22 40 18 36 27 50 2 41 39 31 37 2 17 20 50 33 20 21 49 40 27 34 43 5 28 0 8 14 41 41 25 49 14 12 11 42 18 20 50 34 6 44 35 50 50 11 50 28 21 5 1 9 48 43 50 2 41 14 50 50 6 2 13 12 43 11 50 48 4 32 50 20 48 41 28 31 50 46 2 40 29 4 50 4 41 6 16 31 13 7 20 5 35 50 
50 49 7 49 40 46 50 34 50 50 50 6 47 18 26 50 32 32 21 29 50 50 41 19 20 49 48 48 44 34 5 17 41 49 19 50 42 41 41 33 18 2 31 48 17 45 50 50 36 33 50 40 50 17 3 8 35 5 23 45 0 0 38 22 46 36 47 41 27 31 7 11 13 19 26 22 25 48 48 50 50 50 35 50 30 25 32 4 30 40 12 30 50 19 19 50 50 21 3 30 41 11 24 3 5 23 50 28 0 10 24 45 50 19 35 9 50 16 49 50 29 1 26 50 24 43 35 5 20 3 31 45 26 3 5 29 50 
43 41 4 44 39 22 18 37 11 25 26 0 27 0 3 21 29 38 6 10 18 10 34 13 11 30 21 50 6 4 44 12 21 17 21 32 29 39 50 34 42 27 7 48 43 50 8 50 16 4 3 46 31 17 21 34 50 21 0 39 13 7 5 4 24 27 30 50 29 35 34 14 45 50 13 29 50 4 50 43 9 32 50 45 38 5 41 50 13 47 45 16 41 32 15 50 6 1 23 16 23 50 0 50 37 28 13 50 50 31 19 13 3 50 36 11 38 40 19 29 7 47 36 29 27 50 33 37 45 6 40 29 1 14 34 37 
7 50 49 11 14 14 22 8 37 1 50 39 17 24 17 10 31 0 21 15 13 5 41 11 38 50 17 9 47 21 16 12 37 28 1 21 21 50 26 20 27 0 6 11 21 40 1 20 50 29 6 22 50 12 48 25 37 42 36 17 31 47 46 31 35 50 50 19 46 10 9 50 50 31 46 19 37 50 50 31 36 33 45 24 18 50 50 41 37 50 20 11 50 13 1 37 33 50 20 18 50 38 50 50 50 2 7 19 0 50 15 50 50 50 42 43 35 50 31 41 42 5 20 47 30 23 49 48 50 38 46 19 29 35 48 
34 39 50 50 14 9 15 50 2 50 50 36 39 27 34 25 10 9 12 19 17 32 9 19 50 31 14 34 31 30 10 9 9 47 16 31 28 32 38 50 6 28 22 50 29 48 0 50 49 21 5 41 28 43 37 30 50 18 29 13 32 50 50 26 42 38 25 48 16 15 1 15 0 9 3 42 21 45 50 12 22 16 18 50 11 26 1 28 12 34 38 36 21 28 50 34 30 8 49 8 37 41 47 2 1 3 29 18 35 35 42 9 46 35 34 24 48 46 33 18 32 10 50 43 50 10 47 12 31 30 50 50 30 45 
12 50 21 44 50 21 24 17 31 3 21 31 29 47 44 50 50 7 50 43 42 31 24 36 40 17 50 1 36 31 37 41 20 42 10 43 3 44 36 23 50 35 31 33 23 49 25 0 15 33 28 50 30 4 38 15 50 50 49 9 49 2 9 27 26 50 29 42 33 29 0 38 47 33 3 5 12 24 22 50 37 46 43 47 14 25 30 26 14 4 41 22 4 1 9 29 22 28 37 43 35 5 45 23 50 50 50 50 15 34 13 48 43 35 45 33 3 28 6 24 29 39 35 50 50 13 29 38 27 28 50 16 33 
9 16 48 30 2 28 8 50 50 21 8 2 31 46 11 41 44 19 17 47 23 47 7 35 46 41 47 2 14 6 50 14 41 43 26 33 23 41 24 24 20 13 9 22 32 12 44 44 33 0 16 20 8 4 40 50 46 41 50 36 22 50 50 9 23 50 37 46 46 34 30 50 45 50 34 50 45 47 45 2 27 47 42 15 34 10 17 41 17 50 31 21 35 39 3 27 3 10 49 39 10 50 1 10 5 38 19 50 40 29 43 40 41 50 31 45 48 37 39 38 8 12 40 16 8 9 14 38 1 50 5 50 
30 49 0 34 50 50 6 24 45 10 27 33 14 34 50 20 41 10 5 50 20 18 50 30 14 44 50 22 6 37 37 39 3 2 12 4 7 39 32 45 4 23 0 23 28 0 2 18 19 29 50 43 2 42 50 49 46 18 20 19 11 9 31 50 21 18 14 23 50 21 21 0 20 50 50 22 30 43 50 36 35 36 14 50 20 15 30 21 31 20 30 22 50 30 50 14 11 50 50 43 50 15 34 20 50 45 23 18 33 48 40 1 49 50 50 42 5 33 1 28 17 7 16 42 43 48 10 44 24 8 39 
14 34 50 12 40 0 40 5 17 43 22 1 21 41 50 7 36 45 25 2 46 22 13 37 18 33 28 50 50 46 11 20 32 50 25 31 35 6 14 32 33 50 12 37 36 43 6 2 7 1 34 1 22 40 3 39 50 39 14 20 10 22 5 32 39 30 33 34 50 28 4 15 11 20 0 31 33 13 3 29 0 15 41 13 40 7 50 1 35 32 50 50 1 9 22 45 5 7 50 50 39 8 20 5 50 50 17 38 50 3 24 30 48 41 1 40 47 24 40 22 43 42 11 24 6 50 30 38 11 5 
38 14 21 27 25 50 15 24 31 18 50 1 32 6 8 0 38 8 23 50 10 29 47 50 17 4 20 19 22 46 18 0 1 22 33 49 19 47 50 34 50 40 43 30 8 39 3 50 0 24 42 24 17 40 28 45 50 50 30 50 29 50 3 25 46 16 5 43 43 6 45 13 15 1 46 46 35 8 11 12 7 50 50 49 30 27 23 4 4 19 16 50 16 14 5 34 50 5 48 46 2 33 30 49 49 37 18 14 39 34 16 5 29 49 47 12 25 15 30 8 31 14 24 50 50 47 8 48 43 
32 0 26 16 23 3 23 23 14 15 21 8 29 18 7 47 16 50 1 7 25 50 41 33 18 50 29 30 50 31 45 30 29 41 22 28 2 5 36 24 22 18 46 12 40 39 13 50 0 50 31 10 40 50 47 28 50 23 19 23 5 18 14 25 42 50 9 20 6 47 50 6 10 30 38 50 27 19 11 46 2 3 35 41 48 26 14 41 8 45 50 2 3 5 50 14 38 44 50 29 36 10 14 38 7 31 50 26 5 34 40 42 30 50 50 20 45 50 50 21 50 42 10 10 36 3 9 50 
38 46 29 4 35 50 10 20 50 34 28 6 0 20 50 44 4 49 50 11 24 7 47 1 32 50 17 23 47 39 12 50 32 23 50 48 24 21 14 50 50 50 21 19 19 27 35 50 5 6 12 31 23 9 12 29 41 30 31 39 18 47 38 32 13 40 30 18 50 43 11 22 32 45 16 38 50 50 12 2 28 36 5 37 41 25 40 50 31 9 42 6 29 15 32 11 25 12 38 13 47 27 23 35 24 19 49 39 50 10 46 42 16 21 12 8 49 39 31 50 37 50 50 33 35 10 22 
20 49 20 8 50 24 28 43 7 50 45 39 50 0 22 12 50 0 31 24 9 14 14 46 19 4 29 38 18 46 10 50 21 15 4 8 0 18 10 50 3 50 36 50 17 40 16 47 43 42 22 50 50 7 23 19 50 45 18 5 1 36 28 14 11 15 38 45 5 43 36 31 11 20 27 35 15 49 15 2 21 14 37 1 24 27 46 6 20 29 4 12 29 31 1 31 3 34 45 39 49 50 43 23 37 21 23 31 10 1 15 25 1 50 50 48 46 32 37 38 29 25 50 38 34 46 
27 27 48 1 45 9 43 50 6 13 38 43 22 24 21 43 30 7 41 25 50 26 50 22 50 8 21 50 33 29 50 48 16 35 4 4 0 32 25 34 12 23 29 50 50 23 11 18 50 5 50 12 43 50 48 35 2 0 37 28 13 26 50 34 1 11 50 50 15 37 46 4 35 32 0 26 26 32 35 0 27 0 8 30 13 12 47 14 50 50 35 22 50 31 28 5 36 44 47 32 10 16 11 49 50 19 12 6 25 11 31 12 31 11 27 37 41 13 28 8 50 19 30 25 5 
27 9 50 31 11 2 6 47 12 50 13 50 50 35 14 43 50 6 43 49 41 41 21 9 9 42 11 49 39 30 5 46 0 2 1 35 2 10 11 48 14 16 9 26 2 19 37 16 39 50 48 17 0 0 46 23 47 50 37 32 21 1 6 23 29 5 29 48 50 41 25 27 18 25 33 31 50 14 50 40 19 17 14 0 6 50 23 2 48 2 50 35 46 3 7 28 31 37 16 15 23 13 10 10 50 38 50 50 23 50 42 32 28 13 10 21 12 24 50 33 23 50 24 39 
38 30 3 6 24 11 0 50 0 11 11 34 18 24 44 50 36 10 28 21 23 31 22 42 50 38 50 39 12 4 50 7 44 17 19 27 50 9 19 46 37 34 49 50 7 11 3 50 42 20 50 50 49 50 30 38 28 2 16 23 4 29 48 26 48 46 50 28 50 0 1 49 12 5 26 40 23 19 15 21 8 9 13 31 26 7 30 14 20 19 12 46 23 50 50 23 36 50 50 23 20 6 38 21 22 26 48 19 23 39 21 11 32 47 4 39 43 3 6 41 9 20 6 
21 5 42 12 10 24 49 50 50 12 33 42 30 50 46 45 45 21 8 31 4 1 8 14 50 33 19 14 24 48 48 14 18 5 19 3 28 27 9 17 25 2 7 19 14 50 50 48 46 5 40 0 40 15 21 43 46 1 41 45 13 50 35 30 38 5 34 39 1 13 5 50 50 21 49 44 50 38 36 30 12 42 50 48 2 6 43 24 20 50 47 33 26 23 28 8 24 47 15 23 21 43 45 17 22 47 34 50 50 47 11 46 50 19 27 25 40 32 25 0 25 40 
47 6 19 38 5 25 44 38 50 34 30 0 32 41 50 25 40 24 22 15 9 35 41 17 50 23 29 49 4 13 3 40 3 49 50 41 4 39 10 46 28 29 2 30 26 14 44 0 50 37 49 30 50 50 20 37 50 32 50 50 33 28 30 47 25 49 26 8 46 0 2 32 45 13 31 1 37 36 15 7 50 10 44 50 42 13 11 5 42 34 34 16 44 50 50 34 50 9 6 2 50 50 17 15 24 2 20 50 48 28 11 19 41 35 28 46 50 31 50 17 36 
50 14 31 17 4 7 48 50 50 47 50 26 33 10 39 44 28 4 19 14 8 11 50 31 35 30 50 37 50 48 25 28 25 12 40 35 50 7 16 12 38 17 42 41 50 41 1 47 50 18 50 5 6 39 50 20 32 15 8 6 50 36 44 50 50 12 30 50 39 1 47 45 17 17 46 39 50 50 50 20 28 33 6 47 3 14 27 7 13 28 17 5 37 47 26 39 13 50 15 5 13 38 46 29 6 50 50 19 9 45 0 23 22 4 37 50 6 37 2 50 
33 50 35 40 50 16 9 17 23 44 45 38 43 43 36 50 50 14 4 16 38 27 13 13 28 40 21 37 28 32 32 45 11 23 32 40 50 35 50 15 32 39 26 6 29 3 14 5 10 38 49 19 8 38 26 31 50 50 50 7 9 44 34 25 24 10 50 50 6 14 31 21 4 32 35 7 48 50 50 35 6 44 44 20 35 41 44 45 46 29 50 50 50 15 50 40 22 24 9 42 33 39 9 15 26 39 39 24 14 26 19 43 5 34 50 15 24 33 50 
50 50 25 11 9 6 47 3 27 6 12 50 40 14 41 24 37 13 2 15 46 31 38 43 39 28 23 12 14 28 5 50 43 4 50 33 21 34 50 39 50 15 1 12 32 35 11 4 32 43 6 26 37 8 13 28 2 22 3 15 38 50 21 50 48 49 16 30 43 14 36 21 35 24 40 31 50 50 20 10 9 19 13 1 50 39 22 41 12 2 5 43 50 30 50 40 25 50 2 28 26 15 32 28 50 27 37 50 21 50 49 25 50 50 50 50 0 27 
5 2 0 5 46 1 26 5 36 38 41 50 40 46 5 30 44 17 11 38 43 9 11 12 46 47 36 27 29 30 33 1 7 14 31 29 36 38 42 36 40 48 24 2 48 17 28 32 50 50 14 40 48 34 50 26 35 14 32 26 29 33 0 10 7 1 5 43 32 22 29 16 50 23 2 28 6 8 50 33 19 45 42 11 13 50 9 1 34 50 41 25 34 50 37 37 22 8 50 40 38 50 10 50 6 7 12 19 16 21 34 3 27 5 29 19 40 
50 50 50 20 39 38 26 4 23 10 36 42 4 50 7 50 8 21 30 8 25 45 4 24 50 35 10 11 40 50 38 8 6 50 47 50 22 50 48 50 28 5 20 33 29 50 46 1 32 0 14 45 26 25 33 43 16 42 13 11 23 2 47 39 50 5 6 4 42 2 50 3 2 1 5 50 13 14 50 8 21 31 13 28 3 50 50 7 2 30 18 2 28 42 13 5 17 6 22 14 27 22 34 50 23 39 22 45 9 35 47 36 21 42 2 11 
16 26 50 40 34 50 49 50 39 39 50 13 28 50 50 18 48 6 33 14 15 50 29 3 23 20 5 50 39 15 48 27 50 4 31 50 33 18 26 50 49 34 34 47 50 6 0 28 50 6 30 50 50 50 11 27 15 38 36 14 5 15 25 47 50 18 38 14 49 50 42 50 21 28 50 32 29 35 6 39 50 11 34 38 32 32 10 36 22 31 25 50 23 42 26 45 13 18 50 18 11 11 6 8 20 22 46 49 50 33 50 12 28 9 29 
36 42 5 5 50 50 50 16 33 40 13 3 22 26 2 30 14 3 11 22 33 13 3 46 26 32 19 39 22 42 50 50 13 36 18 13 47 50 10 39 37 24 36 20 10 16 37 27 50 7 50 50 26 21 15 6 10 6 19 49 50 28 13 20 48 2 42 19 42 33 40 17 50 43 17 41 20 17 26 33 50 4 30 6 19 41 50 11 26 20 18 50 34 36 32 48 15 7 24 11 50 47 0 22 16 34 50 3 8 27 35 39 41 4 
31 26 11 33 46 5 50 47 12 23 50 1 37 50 21 50 24 31 49 6 50 33 0 50 50 28 27 50 50 36 3 6 19 3 3 14 32 8 17 45 14 25 13 21 28 31 16 49 30 16 10 31 11 18 5 9 11 22 50 47 32 50 15 18 7 50 44 50 13 11 39 11 36 38 23 49 48 44 29 40 9 26 50 15 50 17 50 22 21 21 45 8 40 36 50 3 33 7 49 30 2 20 26 32 14 9 38 12 15 50 23 11 21 
7 42 42 5 25 41 20 10 32 10 50 13 48 0 6 18 45 22 47 4 36 50 50 24 0 25 43 2 50 50 33 47 15 8 42 45 21 24 50 17 3 26 37 50 31 34 44 35 47 42 44 50 25 41 50 29 44 4 7 6 5 7 19 48 43 11 28 3 27 24 1 12 50 40 9 0 31 8 20 50 9 46 6 10 20 40 31 31 20 17 50 50 7 37 37 50 50 50 50 2 21 50 9 13 46 1 50 35 50 34 47 33 
44 37 32 6 36 50 5 28 50 6 50 20 37 9 32 50 10 31 28 6 12 50 24 26 33 2 10 6 50 7 32 30 33 31 29 47 5 3 11 50 50 8 50 9 23 32 36 2 20 41 45 7 46 50 23 50 9 29 14 12 41 11 38 36 15 14 50 50 2 50 30 10 50 50 36 50 11 27 43 13 50 29 23 50 19 26 41 50 35 17 25 50 50 50 6 27 10 28 17 40 50 45 38 49 1 33 50 50 16 50 50 
50 8 47 27 25 34 6 9 34 24 16 4 50 11 21 35 3 50 14 32 46 29 39 3 21 36 24 18 50 26 35 27 21 15 42 50 23 35 43 39 21 21 49 32 42 8 19 50 50 50 10 45 37 22 13 9 43 24 10 17 46 27 49 35 24 39 7 49 48 33 5 50 47 41 38 32 15 42 25 20 44 14 32 20 26 50 2 46 20 24 41 18 50 37 14 9 18 47 50 25 0 26 34 50 3 40 19 39 24 48 
37 2 29 39 47 22 10 1 41 50 26 50 41 28 26 50 18 35 0 50 30 0 5 14 8 33 12 30 33 20 50 50 42 2 18 34 21 50 37 20 44 21 50 48 50 0 12 42 9 35 43 15 8 50 26 17 2 22 33 18 1 1 11 50 38 19 33 50 50 50 12 50 7 43 44 50 4 48 3 34 29 26 27 50 20 5 50 50 24 27 46 6 47 14 4 0 10 13 22 39 25 41 9 47 24 30 50 10 31 
11 12 37 11 50 40 9 29 49 7 27 50 28 8 50 12 4 48 23 41 47 50 21 8 33 50 43 32 16 28 7 50 43 15 6 22 23 16 21 27 30 46 27 26 36 49 20 18 50 29 0 50 43 39 4 2 8 34 46 45 50 43 25 34 4 11 8 50 18 14 1 28 2 4 8 33 50 25 41 50 50 50 46 34 50 40 7 34 27 50 3 39 5 11 27 36 1 33 50 29 26 34 10 48 26 22 7 9 
17 50 31 50 40 35 24 2 27 23 4 3 21 14 45 13 4 18 50 37 27 23 50 25 7 42 15 9 33 39 42 27 50 7 39 46 50 50 49 14 26 16 18 2 50 38 50 10 18 50 50 0 4 28 8 24 50 50 50 50 11 16 45 8 50 32 50 19 15 50 32 24 16 50 50 50 4 9 48 10 6 18 50 50 50 4 50 8 40 7 42 9 50 25 44 2 37 2 18 45 10 50 22 50 50 46 19 
17 50 23 16 50 6 50 19 7 50 9 1 50 0 50 1 50 24 50 1 35 40 40 45 0 5 50 50 26 50 50 38 8 4 15 14 50 1 5 35 6 34 39 7 50 50 50 44 50 10 17 0 11 23 50 50 13 50 19 50 50 30 49 50 9 46 16 9 16 50 50 17 7 50 50 11 50 50 11 16 13 24 50 43 30 38 50 50 4 48 37 19 25 11 50 50 28 19 15 48 26 49 13 41 50 3 
50 50 20 39 50 36 50 27 50 50 44 17 28 11 32 8 50 33 13 50 20 23 3 50 34 3 20 50 31 43 22 20 5 42 15 50 10 28 18 1 28 23 35 28 21 5 17 17 18 49 50 26 50 30 50 50 24 25 27 41 22 22 50 0 36 44 15 39 28 43 25 22 50 50 50 50 0 11 50 45 50 7 49 12 50 28 50 0 15 50 50 4 50 50 43 50 40 37 3 10 39 39 21 48 13 
47 37 31 50 5 40 50 50 44 40 10 50 44 34 44 50 50 36 50 0 50 43 50 38 5 50 28 50 17 8 28 39 50 50 50 21 1 6 19 4 24 14 30 18 6 1 6 50 36 36 50 5 19 1 44 38 36 3 50 34 50 50 31 12 24 50 50 7 29 16 18 17 2 23 43 33 19 8 27 37 50 50 50 50 50 44 50 12 50 30 50 17 5 1 19 21 49 16 1 50 50 40 46 44 
50 41 50 38 43 50 50 0 6 27 50 40 50 42 10 37 24 50 50 1 50 50 3 19 1 23 50 23 0 35 50 2 30 47 40 44 3 25 39 0 50 15 23 50 8 18 36 25 50 42 29 29 37 30 14 50 39 50 0 50 50 50 50 50 24 50 7 15 11 26 42 50 49 50 50 20 45 5 44 50 10 36 29 13 50 30 27 9 50 6 50 1 49 46 29 34 48 22 8 29 50 50 29 
46 49 33 3 50 10 31 29 50 50 0 50 50 13 42 50 17 41 38 15 50 25 27 50 19 50 25 41 50 50 34 23 3 49 17 46 29 50 47 42 50 35 38 50 30 17 12 48 18 50 42 0 50 37 40 50 50 50 32 50 50 17 42 14 34 17 6 33 20 4 21 39 0 24 50 49 50 14 42 50 11 50 24 50 41 24 1 29 48 50 8 20 50 46 50 49 37 26 45 9 50 14 
1 20 1 50 50 22 46 30 50 21 32 19 35 14 44 50 50 16 49 22 30 13 41 17 50 43 50 50 50 40 26 5 50 28 43 50 41 50 50 1 50 1 50 18 44 48 50 39 50 2 24 12 24 9 50 35 50 36 50 6 28 50 50 14 50 32 13 50 23 27 41 9 6 14 35 9 33 18 15 21 50 50 40 49 28 50 50 50 23 29 30 10 35 44 49 42 50 31 32 27 26 
47 10 49 50 17 50 50 50 28 50 3 28 32 35 50 50 35 35 2 13 39 50 37 6 50 29 26 24 33 35 34 9 50 14 50 10 50 27 10 50 3 50 23 50 27 47 3 20 44 14 50 15 6 14 10 18 50 21 10 22 33 50 50 22 17 50 2 41 44 45 50 50 14 7 21 13 50 50 44 6 50 50 2 0 50 50 48 50 50 50 32 50 26 17 50 37 50 19 20 44 
23 50 7 37 4 50 4 37 13 6 50 5 50 18 50 38 50 40 22 27 36 50 4 18 38 29 13 19 42 40 14 29 50 30 19 1 44 18 50 50 18 50 7 50 50 4 50 31 50 48 10 15 50 50 27 38 28 35 50 50 15 8 25 47 7 46 50 9 50 28 37 26 46 50 50 45 3 50 20 50 19 50 20 24 18 50 3 18 50 1 50 49 50 50 50 39 0 36 50 
50 19 38 40 50 39 50 7 40 36 12 49 50 47 26 2 7 22 41 1 13 12 25 50 50 7 39 50 27 16 38 12 50 17 47 50 15 50 50 12 50 38 29 29 50 45 35 16 43 50 7 37 50 50 30 25 24 14 15 50 4 40 1 43 45 50 50 50 24 32 5 50 46 50 50 19 50 50 50 33 46 36 0 6 33 32 17 7 50 19 8 14 50 50 46 50 7 14 
0 50 5 31 35 20 41 35 50 29 50 29 19 1 50 50 50 27 29 4 36 24 50 50 33 31 7 50 31 13 33 42 50 49 50 16 42 22 50 46 50 46 44 36 50 9 27 20 42 30 12 17 42 50 36 50 46 50 1 8 13 50 13 50 50 46 12 50 29 31 2 25 26 49 50 26 45 50 43 47 50 50 23 8 50 48 5 50 50 21 0 24 29 26 45 28 50 
29 39 38 50 34 10 44 14 9 45 16 13 1 50 8 50 37 23 38 19 17 49 13 15 23 33 17 28 40 29 50 25 50 50 33 48 30 32 37 36 37 47 50 50 50 50 28 37 9 15 50 50 16 14 35 35 26 15 22 48 2 28 14 24 50 40 50 50 27 43 50 1 34 42 50 19 49 2 50 39 23 47 38 20 42 9 37 45 35 8 50 8 50 27 7 50 
33 41 50 50 45 47 29 50 40 50 1 46 50 19 19 21 47 31 29 31 49 34 23 24 9 18 50 31 46 50 37 1 16 50 29 36 50 50 25 50 9 50 50 46 35 40 50 50 37 41 17 27 50 33 50 32 50 36 30 40 50 50 25 50 5 50 6 2 50 8 50 50 50 25 50 21 41 50 36 50 41 50 50 42 30 42 33 50 40 13 12 7 13 38 36 
48 10 2 50 9 29 26 28 11 38 29 50 11 38 41 3 9 50 29 19 49 43 32 1 50 50 18 29 38 13 50 18 22 50 35 50 6 26 50 27 35 37 9 42 23 17 11 12 50 19 35 22 50 50 30 12 4 31 44 49 5 2 11 33 23 29 2 37 19 21 28 50 50 50 50 50 11 29 35 32 50 34 50 35 50 49 30 50 9 31 15 50 8 34 
50 35 43 50 50 31 35 50 40 6 50 27 26 35 2 50 50 50 50 35 15 50 16 50 50 19 45 0 50 38 18 9 50 30 14 8 50 7 23 50 49 3 50 46 50 50 39 23 6 2 50 35 47 35 50 8 50 13 2 43 23 49 15 37 18 10 39 42 21 15 50 18 50 50 50 20 50 50 47 35 5 45 37 21 3 6 49 0 44 50 24 21 41 
23 9 50 50 7 29 50 29 50 43 45 17 50 47 28 48 26 1 14 50 50 50 49 50 47 50 50 2 37 10 19 11 37 45 47 50 12 0 31 37 26 31 39 32 25 23 50 50 12 50 50 15 25 26 45 18 36 26 50 23 50 5 46 30 50 22 6 50 50 50 5 50 50 42 15 10 0 4 40 50 25 50 35 44 22 11 50 50 12 6 6 50 
50 8 37 9 50 14 50 12 50 50 46 31 25 19 33 4 40 28 2 25 16 38 22 33 9 42 20 24 50 18 1 27 30 50 14 33 22 5 50 13 50 50 28 22 45 50 37 34 42 50 27 16 32 6 39 50 9 49 50 6 50 16 50 29 50 50 46 12 42 7 0 2 49 30 47 36 9 50 45 50 50 50 18 20 50 39 39 50 33 41 1 
50 11 13 50 50 50 21 50 19 29 8 50 50 50 50 23 16 18 31 44 22 50 50 24 10 24 50 33 43 50 31 50 36 42 50 50 35 50 43 18 25 2 9 11 50 50 41 17 50 50 50 32 16 50 10 0 50 50 11 50 50 6 50 21 4 50 27 43 28 28 13 50 50 50 44 4 1 16 30 23 50 22 23 33 6 39 5 22 50 3 
50 36 6 45 50 50 50 37 37 50 50 10 48 28 6 50 33 3 20 31 21 18 43 50 42 50 31 5 33 19 39 45 16 49 50 34 18 11 3 43 48 47 10 43 7 50 28 28 19 16 30 50 29 50 50 34 22 30 50 34 23 50 23 26 17 25 50 50 17 29 50 15 50 50 36 9 20 50 50 6 46 5 5 50 50 0 2 20 50 
11 29 1 50 13 9 15 50 1 4 17 37 45 9 50 50 50 0 50 18 9 47 50 30 50 12 12 20 50 50 50 5 17 50 17 50 50 50 34 0 8 22 50 50 50 32 50 50 21 34 21 50 50 50 37 32 25 30 50 5 26 50 2 38 41 49 16 30 50 50 37 50 40 50 41 30 28 6 49 39 26 20 27 50 21 13 50 30 
50 50 4 50 50 5 50 50 32 50 21 38 50 18 25 7 2 36 41 50 10 2 50 50 24 16 50 9 24 4 35 50 33 43 35 39 1 50 4 46 50 50 1 39 50 32 42 50 34 25 50 50 50 3 3 44 2 50 14 50 50 0 46 2 50 1 19 31 6 16 16 15 50 44 41 15 50 22 26 1 33 50 1 25 50 20 38 
50 50 50 50 15 8 0 47 50 46 12 45 1 27 22 10 47 25 38 16 35 19 50 23 50 33 17 43 45 40 50 13 7 14 50 25 50 10 50 50 46 11 10 38 50 22 50 28 50 11 32 32 50 50 19 23 24 4 17 50 39 43 32 30 25 37 32 29 35 9 46 23 17 10 23 21 49 12 48 47 47 12 30 16 48 1 
50 45 50 16 22 17 39 50 49 3 46 50 32 42 43 17 33 49 13 50 25 50 45 49 8 38 50 39 8 50 37 32 27 20 35 47 41 5 50 12 11 42 7 50 29 47 6 50 50 32 13 12 50 50 14 30 50 3 50 50 32 50 50 24 12 25 47 50 37 4 20 21 21 35 33 19 16 50 13 50 8 50 45 13 10 
1 38 44 12 50 31 7 15 15 49 8 29 15 11 50 39 26 37 50 11 43 50 13 32 37 50 13 18 50 50 50 29 50 32 50 6 33 22 50 20 50 50 41 50 28 1 0 50 50 3 22 25 12 26 21 17 50 50 19 50 46 50 33 26 29 8 3 50 41 24 44 21 32 5 5 38 49 21 2 38 32 7 50 50 
10 31 30 48 16 7 50 26 25 39 24 50 29 29 50 24 50 41 50 30 6 50 50 50 13 50 5 50 50 5 9 47 49 30 10 50 50 8 10 0 31 50 50 50 42 17 50 50 34 41 42 26 35 37 30 50 45 50 26 15 50 9 50 37 29 1 29 36 21 10 1 17 50 12 50 21 40 34 50 37 47 34 17 
50 50 24 50 38 50 16 37 50 50 7 18 42 0 34 11 32 44 46 16 50 50 50 23 21 50 5 18 42 36 50 24 20 15 18 3 50 20 11 20 14 17 50 4 23 50 31 9 24 50 22 5 50 50 36 32 21 42 27 50 16 50 44 50 28 50 50 19 4 50 29 46 34 9 4 50 44 40 39 50 25 6 
6 50 11 50 50 47 2 50 13 20 0 30 50 50 50 44 50 50 50 7 50 50 30 50 50 50 40 50 50 5 1 50 5 50 50 4 11 50 50 40 44 0 38 29 16 50 50 50 1 16 29 37 22 50 32 50 36 50 32 41 50 14 2 28 28 0 5 33 15 50 6 50 46 20 50 42 3 50 35 6 50 
6 23 2 31 9 50 39 50 50 50 50 48 20 43 50 23 35 50 13 36 18 36 8 27 30 50 50 40 11 38 50 5 19 10 22 12 15 10 10 50 22 18 7 3 45 48 50 31 33 46 10 48 50 50 3 48 41 4 25 31 50 22 50 50 29 50 35 35 50 14 39 31 1 38 28 41 41 50 9 17 
38 42 50 41 50 40 50 38 40 50 42 50 50 45 30 45 6 50 50 47 37 50 2 50 3 2 42 34 21 50 37 30 24 50 24 44 50 29 4 36 26 30 50 23 46 22 24 6 38 19 33 38 39 19 44 13 50 50 50 16 6 50 10 4 0 33 50 17 27 50 12 50 50 15 0 19 18 17 50 
8 25 50 23 50 50 50 40 25 50 28 50 23 1 46 50 24 22 43 43 10 14 50 48 8 11 50 38 50 50 50 12 44 50 19 2 24 50 21 47 3 50 14 50 32 35 50 50 18 27 17 49 19 9 9 0 37 50 21 50 20 50 23 50 8 1 10 7 50 50 16 27 3 34 20 48 26 28 
50 19 2 30 36 27 50 2 50 42 6 16 4 36 2 50 50 5 50 50 50 50 23 50 50 33 42 34 50 33 19 49 20 50 24 9 47 16 39 17 15 47 5 50 23 1 28 41 8 50 38 26 39 13 4 13 50 40 50 50 26 35 44 8 37 50 50 50 37 44 21 39 6 46 40 3 36 
8 12 14 19 3 50 32 13 50 16 49 10 34 1 42 0 36 19 17 40 50 49 50 18 8 0 36 7 43 19 50 30 50 14 10 50 46 15 12 27 2 43 23 50 50 47 34 5 7 1 8 38 26 47 25 33 38 45 50 50 44 25 15 7 27 23 49 30 50 38 35 50 1 50 50 50 
11 35 50 50 10 44 40 32 50 50 21 49 29 3 50 30 50 50 34 8 27 11 50 49 22 40 9 4 18 36 1 36 34 50 50 32 50 6 49 43 50 32 50 10 19 50 19 25 1 10 9 50 1 33 50 50 39 50 50 3 12 50 9 50 50 50 48 50 15 2 41 7 50 43 23 
50 13 12 11 38 21 24 6 50 3 47 18 50 7 18 44 18 17 24 50 19 44 50 15 11 18 34 5 50 12 8 50 35 10 50 35 21 13 50 25 34 25 50 34 50 25 32 9 50 35 18 36 33 10 50 50 32 8 46 34 50 50 14 50 24 15 14 48 50 41 22 23 30 29 
50 11 50 31 38 50 7 8 31 44 50 50 50 50 13 21 50 37 47 37 39 50 50 34 7 13 50 38 33 28 32 5 49 17 50 36 41 28 36 38 27 36 32 50 15 48 0 0 6 15 27 50 46 17 13 25 50 50 50 50 50 35 37 50 42 38 9 18 50 46 31 44 50 
15 41 33 2 50 35 12 36 29 39 19 50 9 46 50 50 50 44 44 13 24 50 50 10 50 50 50 7 40 20 23 50 50 22 22 43 3 23 50 43 50 17 13 50 12 38 45 50 50 50 50 24 50 47 13 50 46 50 50 32 29 28 22 3 50 19 50 30 3 44 50 50 
37 50 50 50 16 50 42 50 4 16 10 50 38 0 30 2 50 12 35 50 47 50 21 50 3 44 39 16 2 50 50 50 25 45 22 41 50 36 32 34 28 48 21 50 12 50 20 50 13 11 35 50 50 50 50 24 50 50 28 50 50 42 50 16 3 38 12 50 16 50 34 
50 3 11 19 50 50 50 50 10 12 30 0 50 18 14 50 43 47 18 28 50 50 20 10 6 50 40 24 3 18 13 33 27 25 20 19 19 45 36 50 4 10 50 25 29 1 12 27 50 28 36 39 5 34 7 49 42 23 12 14 49 22 9 33 13 5 30 50 28 23 
11 50 40 20 33 9 18 45 50 50 23 0 50 50 44 26 17 50 50 28 46 40 15 28 19 26 38 50 2 50 49 16 5 50 39 8 28 1 22 33 50 1 9 50 4 7 50 20 5 2 50 50 50 50 20 47 50 13 17 2 34 6 50 50 50 26 31 3 5 
13 6 32 45 50 19 50 27 50 38 19 21 50 50 11 48 16 19 7 24 12 50 46 8 4 23 17 50 50 28 35 50 22 33 50 18 49 50 12 13 49 5 50 16 26 0 32 13 4 50 50 48 50 49 47 34 28 50 50 31 6 10 30 48 50 9 22 35 
7 50 13 50 15 41 39 50 9 15 18 39 7 3 37 50 28 45 39 44 47 20 8 39 50 25 33 15 25 13 33 5 50 18 42 43 32 38 31 30 3 50 50 31 39 39 36 22 50 0 50 9 37 17 6 7 39 8 9 40 50 16 39 50 16 44 33 
42 50 31 36 49 3 50 45 50 29 11 42 34 49 50 50 22 40 46 2 50 50 10 47 27 2 28 50 4 50 18 17 50 26 31 12 50 17 40 50 28 26 50 50 20 14 34 45 9 50 50 50 3 44 33 4 23 43 50 23 7 50 50 6 28 50 
50 50 23 39 45 47 20 35 10 46 50 50 1 12 16 50 25 50 26 26 15 26 27 50 50 9 26 32 49 17 35 20 10 30 50 50 41 50 42 50 34 50 50 0 50 11 25 47 50 40 27 30 7 43 14 2 50 33 37 50 49 28 38 34 14 
41 17 50 50 50 46 35 44 50 34 50 7 49 36 34 21 8 12 50 50 35 50 23 27 50 36 39 12 6 4 50 0 15 12 37 50 37 16 19 7 15 46 50 50 50 21 50 31 2 5 8 19 31 50 8 37 19 44 18 50 40 32 23 5 
41 50 21 45 50 5 25 4 49 22 10 37 34 4 50 34 44 37 25 41 50 50 50 6 50 20 15 35 10 50 37 50 42 26 50 12 47 23 22 47 50 33 50 28 44 8 5 47 12 27 8 13 26 48 27 10 43 50 50 50 45 50 42 
50 16 2 50 17 50 33 2 6 40 18 33 9 13 35 26 22 28 50 35 48 36 12 50 40 45 46 19 50 0 8 50 50 50 50 0 49 50 50 22 43 23 50 50 45 40 17 23 50 50 33 42 38 47 34 27 34 27 50 42 50 1 
35 6 48 50 49 35 50 40 50 45 6 29 14 50 50 21 33 50 28 15 12 50 30 43 50 50 50 18 3 46 13 1 18 39 22 33 5 40 38 34 32 29 27 42 5 28 50 35 16 50 48 21 7 48 21 21 35 20 25 17 46 
50 33 47 0 3 18 50 41 5 50 49 43 2 6 5 35 50 29 49 50 11 12 50 26 26 50 50 50 50 50 50 50 50 1 39 46 14 1 50 8 35 50 49 4 38 22 48 7 28 21 35 35 19 27 16 22 39 18 27 18 
10 13 10 50 50 46 14 37 50 35 50 21 45 33 50 29 16 32 21 11 50 10 40 50 50 40 50 38 24 50 23 49 50 48 40 19 9 45 50 16 21 50 50 28 45 44 34 27 50 7 3 11 38 50 24 45 49 23 10 
50 50 22 29 26 50 40 31 22 26 32 50 50 5 50 50 50 0 24 50 5 38 50 50 50 50 50 23 24 18 50 10 33 43 36 50 1 49 42 5 20 50 50 50 50 14 50 7 32 28 6 50 38 17 31 50 50 25 
50 49 45 11 50 43 48 15 21 50 29 3 50 50 27 38 43 16 45 6 36 15 50 47 50 41 41 50 29 50 37 14 48 11 40 50 43 31 16 20 50 50 4 4 30 37 49 13 28 50 14 44 32 50 50 43 46 
29 15 50 28 50 7 50 50 50 47 25 5 39 3 50 5 2 18 43 30 37 18 1 21 11 11 50 24 6 50 50 5 19 40 50 27 47 50 3 36 50 12 48 40 1 15 26 6 21 50 50 32 50 33 23 47 
50 12 31 19 50 50 50 27 50 6 23 37 47 50 50 50 49 38 24 50 10 16 50 46 24 4 50 30 50 6 49 50 50 50 24 6 22 39 41 19 42 50 43 2 50 40 0 50 45 41 28 46 50 14 27 
44 24 50 50 2 19 28 14 14 16 9 50 39 29 10 31 50 50 47 23 14 10 8 37 50 13 3 38 50 26 14 40 29 7 48 30 50 28 43 50 0 33 6 50 23 50 30 50 17 44 6 8 10 38 
25 2 14 14 50 30 39 6 18 50 36 20 50 3 50 24 35 50 50 1 1 38 15 10 30 8 26 50 18 29 0 50 42 35 18 50 3 50 32 31 50 13 50 14 30 36 14 21 30 50 14 20 2 
18 31 20 22 50 43 45 21 17 13 15 48 22 25 28 23 26 50 6 26 32 15 50 50 32 42 15 36 50 50 50 1 23 49 33 45 40 9 8 50 33 29 1 35 20 28 21 42 29 22 50 8 
50 50 50 50 50 18 2 50 14 37 4 38 9 1 7 13 47 49 50 50 17 47 8 44 10 34 5 22 50 25 50 5 7 10 39 11 26 50 27 23 38 50 1 18 0 50 17 50 13 2 10 
13 31 50 3 50 0 23 0 50 12 50 50 9 50 4 1 38 8 6 50 40 24 50 30 11 32 29 14 28 35 29 33 18 34 34 17 9 23 28 38 46 12 50 38 16 15 22 50 33 47 
19 50 50 0 45 41 1 17 41 50 50 29 2 50 15 19 49 50 19 40 29 50 50 50 50 29 26 50 50 50 48 42 0 50 38 1 50 20 8 26 50 9 43 46 23 50 37 20 9 
50 6 30 5 38 43 50 50 16 35 50 47 28 24 50 29 44 50 50 4 45 10 1 22 50 33 39 14 19 50 41 1 34 50 17 35 8 0 47 14 50 50 50 1 40 30 21 50 
11 50 8 50 50 38 50 50 11 38 50 1 9 20 2 50 24 28 26 25 3 18 23 22 1 46 39 39 25 35 50 47 1 9 33 48 6 50 50 3 13 12 50 12 50 46 19 
42 36 50 45 50 26 29 7 38 47 29 32 19 29 50 50 39 45 30 50 38 6 32 0 25 18 50 35 40 36 50 8 50 50 16 50 4 41 50 32 24 29 47 28 31 39 
50 45 9 16 50 38 50 20 1 5 2 40 49 18 28 47 50 3 0 42 4 50 25 30 45 50 20 50 50 50 38 34 12 50 10 50 4 50 39 22 25 15 17 50 50 
50 17 50 23 6 50 18 45 50 1 50 48 50 28 22 16 50 39 50 19 3 50 50 50 16 27 25 22 40 0 39 14 3 8 31 50 50 24 33 50 50 18 27 17 
50 25 39 37 30 50 50 50 32 50 24 50 13 3 15 9 50 26 50 18 49 27 22 50 28 7 10 39 2 50 2 50 50 50 50 17 50 50 50 22 44 5 5 
22 50 31 22 50 32 27 26 50 3 32 1 35 10 50 30 50 34 28 18 38 41 26 50 50 19 31 50 23 25 5 50 40 50 50 31 20 50 50 20 50 50 
40 37 50 50 50 50 0 13 8 10 50 45 50 25 50 32 22 50 50 29 36 10 21 28 18 35 22 50 50 49 0 13 42 50 42 50 9 23 26 50 50 
50 7 41 17 50 1 50 7 29 28 2 50 27 0 7 26 26 16 50 50 42 35 32 50 7 50 50 15 48 6 16 8 8 34 43 5 42 50 12 50 
45 43 26 25 17 14 50 14 6 50 50 47 26 36 50 28 46 50 37 28 36 41 50 15 42 50 8 29 46 3 17 13 50 32 50 41 18 50 41 
41 3 48 3 16 32 10 4 10 50 50 43 50 20 39 27 4 0 46 7 50 50 18 14 27 18 50 50 16 50 8 50 7 50 50 50 14 50 
11 50 12 30 33 8 50 50 25 50 50 38 50 50 40 0 45 36 5 5 50 20 16 13 50 40 50 50 35 46 46 34 24 29 50 50 50 
28 30 3 50 25 39 50 50 17 29 50 50 20 49 50 33 13 50 50 11 36 50 50 50 50 2 32 24 34 50 50 38 2 26 42 50 
50 1 50 46 17 9 50 39 13 35 4 50 10 47 49 39 48 3 14 5 50 40 50 50 5 43 29 50 29 49 32 41 50 50 38 
37 8 39 28 50 27 50 50 50 31 26 50 49 34 0 44 50 8 24 31 50 50 11 44 0 18 33 38 27 50 16 17 32 50 
9 34 20 50 30 12 1 49 36 49 8 11 32 50 8 42 30 20 50 0 30 50 50 32 43 2 45 24 50 50 1 50 24 
24 50 39 50 29 20 33 24 5 20 6 21 23 50 21 36 6 34 28 22 44 21 50 39 16 15 36 24 27 31 5 29 
50 30 37 50 17 32 13 16 9 20 0 1 50 50 14 10 17 32 19 29 14 41 20 50 50 15 40 49 50 22 50 
14 32 30 50 31 47 50 50 50 50 4 26 36 1 50 18 50 50 25 6 31 32 10 23 11 7 1 49 30 50 
25 40 50 50 32 22 18 11 50 36 20 50 48 37 50 47 50 29 22 16 50 7 40 50 44 33 32 23 15 
50 50 40 1 50 22 38 50 25 46 45 18 50 38 41 9 50 50 50 32 43 22 8 14 2 47 20 20 
49 50 30 19 50 33 50 50 47 34 50 23 1 37 31 49 26 23 5 50 50 50 19 37 50 32 44 
25 50 50 31 50 28 4 5 43 38 18 24 50 50 34 0 50 15 50 27 37 6 50 48 37 10 
45 42 18 50 47 50 50 50 50 19 16 50 12 49 20 4 50 0 23 1 50 46 46 48 7 
41 7 50 27 23 50 24 1 31 34 50 9 50 50 48 50 34 25 43 33 45 3 45 34 
50 10 16 30 1 50 42 3 44 5 15 37 45 50 15 50 50 50 30 24 27 45 16 
21 16 40 16 25 50 50 50 6 32 28 47 46 19 50 50 50 19 33 27 50 49 
50 36 50 38 25 50 50 41 21 50 25 2 3 4 9 50 46 19 22 50 29 
31 2 3 41 32 30 50 50 50 35 15 44 50 50 30 50 50 1 50 50 
5 15 33 50 18 24 31 3 48 50 18 50 50 29 20 22 11 50 33 
14 50 35 50 6 25 45 27 16 50 27 50 30 49 50 22 21 35 
33 50 29 33 50 50 7 26 50 8 50 4 23 14 44 20 50 
8 13 50 18 4 34 36 50 50 42 17 50 45 32 24 5 
50 50 29 41 50 50 50 46 10 50 0 50 15 9 39 
50 6 34 50 12 27 11 44 26 50 20 38 13 7 
47 50 4 16 50 5 50 22 9 40 7 10 10 
49 24 16 20 0 3 17 26 50 41 6 50 
50 16 50 2 29 11 50 12 45 50 43 
50 33 28 16 39 19 34 50 50 10 
44 50 45 50 32 50 41 47 2 
50 12 50 24 50 50 50 8 
3 50 38 50 38 41 3 
50 25 50 50 50 50 
40 50 3 24 22 
50 50 22 31 
2 43 4 
14 48 
50 

