200 50
17 29 4 47 39 19 23 37 34 19 33 1 41 3 50 37 49 45 18 3 36 43 25 39 27 50 34 11 48 50 29 13 32 45 2 45 29 5 44 50 46 20 47 35 7 50 36 46 50 50 24 27 38 2 30 50 23 22 26 44 25 50 50 44 7 33 36 50 25 24 37 34 30 26 50 15 9 22 3 19 8 46 49 40 18 34 13 42 46 50 15 15 1 28 1 1 50 4 21 1 50 13 27 35 47 19 50 41 3 49 11 10 24 26 50 25 19 31 20 31 11 41 0 43 50 34 43 42 36 47 46 6 3 16 13 19 20 37 16 35 31 16 6 38 50 17 18 11 50 50 31 3 23 6 43 50 36 50 46 43 50 44 37 50 14 18 2 8 44 23 1 23 43 50 39 50 48 25 46 39 7 15 21 13 42 35 29 16 5 12 3 20 27 15 0 42 16 0 50 
23 44 30 50 13 40 36 5 37 44 24 10 6 12 50 23 27 33 2 23 19 50 12 50 13 46 50 33 40 28 48 41 20 1 17 49 7 14 2 48 15 23 12 1 34 1 5 47 48 45 16 35 43 11 5 37 32 31 33 25 9 50 39 25 27 39 50 15 21 3 22 50 34 21 26 14 22 20 21 50 10 11 50 41 41 13 42 38 0 18 45 0 1 41 4 30 50 14 40 32 4 19 32 14 42 24 44 19 50 47 18 17 49 50 19 42 12 9 18 3 30 19 18 50 13 50 9 50 8 50 20 50 20 50 1 28 18 50 4 12 36 34 17 41 50 23 0 5 45 1 2 24 21 18 50 21 37 24 28 9 21 22 4 3 15 43 42 10 35 3 8 10 23 50 18 35 42 46 22 14 16 50 37 8 22 13 50 46 15 8 25 22 2 31 35 50 5 50 
35 36 48 36 7 16 20 16 6 1 3 18 9 36 36 6 41 4 9 31 23 7 4 19 1 45 3 49 47 18 1 37 19 30 40 7 44 35 38 33 20 1 31 44 40 12 50 4 4 28 6 50 3 50 50 46 35 42 9 16 45 4 29 18 4 11 2 50 34 15 43 6 33 2 29 35 46 14 31 13 48 3 15 27 31 47 35 11 27 22 6 5 46 50 46 47 19 16 16 12 12 6 50 46 24 9 21 44 10 22 34 4 38 24 18 30 50 46 6 32 16 17 35 15 6 27 7 14 27 2 44 21 30 50 32 27 13 14 10 50 49 50 21 0 50 28 32 8 24 12 6 37 3 11 9 50 17 2 50 0 10 12 50 47 22 10 14 42 4 13 7 24 16 50 42 14 23 17 40 35 41 48 50 22 40 21 25 50 50 34 50 20 50 8 21 43 31 
50 22 0 27 31 29 50 1 47 7 26 23 42 41 50 47 3 23 39 33 42 19 50 8 50 24 3 50 8 14 21 18 9 46 50 4 28 49 25 26 50 48 1 41 20 4 11 41 31 26 49 42 16 28 12 41 13 4 9 43 44 49 44 21 37 7 50 24 36 36 27 4 36 44 9 50 35 25 50 27 9 22 34 31 10 23 50 8 50 21 23 22 49 36 1 19 45 17 50 49 7 47 37 22 47 49 39 33 44 39 27 43 11 49 4 50 50 1 40 48 1 23 38 14 28 48 0 2 8 6 10 28 50 9 29 9 42 41 1 16 24 21 46 37 21 16 20 24 0 44 50 50 0 23 35 16 42 37 48 9 22 17 46 11 40 41 9 50 0 45 25 7 12 48 26 24 42 32 50 27 49 36 3 48 37 49 20 41 10 4 50 2 41 35 45 13 
50 39 27 43 33 39 47 7 9 10 8 32 35 42 5 27 40 50 23 41 1 32 16 36 12 27 4 8 50 5 50 50 29 1 45 35 44 39 29 41 24 50 50 50 49 6 11 2 36 25 31 7 48 43 6 35 18 38 37 38 6 35 25 13 7 44 12 1 18 10 41 8 50 3 25 14 4 17 21 2 3 25 9 46 50 19 50 47 43 7 29 22 20 6 33 12 50 25 46 42 46 21 23 44 41 50 29 50 24 37 50 18 48 13 14 43 27 11 10 45 50 50 9 28 15 10 50 15 0 20 8 23 50 44 43 50 40 18 50 34 20 50 16 37 50 2 7 23 47 20 50 50 12 43 14 40 50 50 12 35 3 0 31 34 50 18 10 9 28 19 11 2 16 50 8 41 18 19 10 39 24 26 14 25 34 21 42 21 9 9 10 16 50 20 4 
6 29 19 50 19 18 50 37 14 40 8 28 50 24 18 11 49 11 50 41 19 0 50 22 27 7 33 3 24 5 40 21 46 30 39 2 25 10 19 2 33 0 17 50 41 15 15 19 1 46 38 31 46 32 37 50 2 23 50 1 50 44 34 18 36 36 15 15 5 2 30 24 8 38 48 50 1 38 50 35 14 31 28 5 49 47 50 49 22 25 48 41 5 50 19 16 12 45 43 22 33 19 14 50 34 5 7 34 15 48 17 23 25 0 6 37 17 18 0 2 11 3 31 43 0 18 50 50 5 49 8 46 10 5 5 49 50 15 4 50 16 37 24 49 19 49 25 44 1 38 32 19 5 7 2 43 3 20 28 22 50 37 30 50 42 3 8 32 50 50 29 50 9 50 2 14 50 39 50 12 24 21 25 34 40 0 50 4 17 48 50 14 47 0 
40 41 21 34 44 50 33 39 23 4 45 17 39 50 9 50 18 8 16 35 34 10 50 15 50 50 19 41 0 30 8 36 10 1 32 15 7 16 31 50 9 41 10 50 29 50 50 34 17 37 32 35 48 25 5 50 50 49 3 3 50 18 50 33 41 43 3 50 33 11 29 36 22 50 7 29 45 35 30 7 6 10 42 11 4 28 38 4 29 3 2 1 27 44 20 10 41 50 8 35 23 39 50 12 50 32 50 26 14 5 16 18 21 38 38 50 50 26 50 17 14 10 46 7 41 24 6 30 32 24 28 33 19 36 41 13 41 50 39 44 6 26 47 50 50 3 8 34 50 18 50 27 8 17 37 48 11 17 37 49 50 46 6 8 24 1 50 20 30 17 7 6 27 34 50 7 50 32 24 30 10 15 50 50 14 41 45 9 27 39 6 38 7 
0 26 16 41 42 50 34 10 44 30 2 45 17 30 27 16 4 48 6 2 30 50 0 43 9 33 31 23 41 43 33 41 50 36 44 17 22 1 7 50 10 41 18 31 1 37 34 49 19 11 34 44 30 0 18 47 35 42 16 8 37 50 13 18 12 3 9 38 1 46 37 16 36 41 18 15 30 50 39 50 19 18 1 36 50 9 37 22 21 46 36 41 50 50 42 30 4 37 18 14 0 30 50 1 23 36 44 21 50 50 22 50 13 28 29 3 42 47 47 50 9 16 46 36 37 40 15 50 7 19 35 21 32 10 40 10 48 21 5 48 17 1 19 19 13 19 0 45 37 33 12 43 50 31 17 30 20 15 30 50 6 33 31 16 1 13 50 23 24 16 5 12 7 39 47 24 23 41 8 47 1 43 50 9 9 16 33 21 23 7 42 50 
44 43 31 50 28 0 50 34 26 1 26 36 11 19 50 2 16 25 44 19 24 10 50 0 1 29 50 25 16 27 15 41 12 50 50 26 13 32 32 15 8 6 11 50 37 23 50 21 33 9 13 39 5 29 2 41 32 0 7 27 1 22 20 45 38 12 39 28 8 34 49 48 45 43 9 20 45 34 11 22 39 44 23 5 12 35 23 6 14 50 10 25 24 31 32 22 30 33 10 46 2 15 8 35 50 0 32 9 26 32 14 4 41 50 27 48 36 50 0 50 34 36 34 15 9 13 15 16 34 50 37 42 49 20 40 43 28 39 37 17 36 50 11 45 6 7 40 43 17 43 29 14 30 14 7 34 3 50 44 12 1 10 50 38 29 16 16 17 4 16 8 42 5 4 16 0 3 50 48 9 14 49 27 13 42 15 30 49 38 50 36 
13 2 23 25 22 24 50 50 50 46 39 20 31 11 4 50 24 2 30 22 8 48 41 50 47 50 0 6 17 50 33 14 46 7 50 35 38 38 48 42 46 47 49 50 45 47 32 24 50 49 39 47 50 50 1 0 41 26 3 6 0 40 50 50 50 42 45 47 15 2 33 32 27 2 34 3 23 18 48 34 12 35 50 28 15 47 31 50 39 50 50 19 50 15 8 50 50 24 11 5 26 19 41 0 50 25 25 21 43 36 49 9 33 50 46 20 0 12 32 19 29 40 18 22 50 20 29 10 24 50 43 29 30 23 50 2 28 34 34 30 50 47 24 0 31 2 17 18 50 13 37 11 25 50 8 40 39 12 10 10 5 45 50 31 22 35 2 1 30 50 26 50 1 50 9 48 22 8 47 27 4 41 4 14 10 50 12 31 18 2 
29 32 50 48 0 36 50 23 11 26 50 46 14 43 36 26 34 18 50 10 16 50 1 33 20 1 29 50 26 10 0 48 16 13 13 33 7 6 45 50 50 50 35 25 7 41 26 30 34 50 33 45 31 25 29 49 28 16 47 10 9 35 50 4 8 25 15 2 50 50 31 7 29 1 29 48 36 24 15 39 17 15 50 15 50 45 50 45 12 27 26 45 24 7 22 8 35 47 50 43 36 50 13 19 27 27 20 35 40 24 50 50 4 24 7 5 3 1 48 9 35 9 29 20 14 45 49 31 19 49 42 27 19 38 46 50 41 33 3 46 27 21 22 46 39 21 16 34 19 5 50 13 25 50 38 21 8 26 18 50 34 10 50 50 43 28 12 43 0 40 3 41 21 26 39 46 7 47 4 43 26 50 36 38 41 39 48 24 25 
50 27 5 23 40 50 38 29 43 20 22 50 5 2 49 44 27 35 37 50 45 26 2 27 38 7 11 40 30 45 32 31 18 21 19 44 0 48 45 42 33 9 50 7 1 31 30 44 17 22 36 8 9 49 50 28 5 40 17 2 20 10 49 50 7 12 2 50 24 50 48 37 10 31 46 11 50 10 42 17 44 17 46 50 32 25 35 34 43 47 3 41 31 50 11 23 41 49 50 50 39 21 35 8 22 5 1 48 13 27 32 34 49 27 50 27 32 40 3 40 44 50 12 42 50 39 33 11 0 22 47 9 29 9 3 35 50 17 5 4 50 23 18 38 23 0 35 3 45 6 28 50 46 33 28 24 2 47 28 40 34 45 44 37 16 50 24 15 8 9 12 50 50 13 50 43 13 41 47 37 41 9 24 31 16 44 19 50 
27 50 13 21 2 46 50 44 48 32 4 35 29 38 25 18 46 7 23 35 21 45 11 5 45 30 11 23 3 30 5 14 50 4 41 50 20 31 46 41 35 35 12 17 3 29 32 50 23 50 1 0 50 14 30 50 0 46 34 4 7 32 10 34 11 13 40 27 29 46 50 26 35 46 23 39 19 11 5 41 50 48 33 29 47 18 24 42 40 29 18 5 46 16 9 19 40 23 6 39 17 0 29 50 45 28 50 39 29 32 41 49 8 7 50 7 30 21 40 50 43 50 13 15 33 22 41 7 5 50 37 1 4 22 20 13 17 27 16 5 26 28 22 5 34 32 28 33 42 50 3 1 0 47 14 34 44 30 50 11 45 28 7 49 31 4 32 8 44 7 31 17 50 37 2 18 41 33 33 1 7 50 39 24 5 0 44 
35 17 23 50 16 50 33 24 50 50 22 21 14 49 35 50 25 7 15 49 50 19 14 28 40 18 50 11 39 39 7 32 41 16 21 42 42 18 14 25 7 48 40 7 35 27 21 12 30 47 32 22 50 37 36 40 16 9 25 39 50 47 17 20 28 35 23 25 6 49 50 50 21 47 43 49 27 27 7 42 42 5 50 40 50 26 47 50 35 13 28 27 30 10 10 49 12 25 29 22 50 46 24 38 4 21 27 10 42 17 13 19 27 5 6 26 23 39 17 33 50 2 2 35 49 5 38 41 50 5 35 47 23 33 45 6 25 50 15 44 12 40 4 15 12 45 32 22 16 18 14 29 35 29 43 50 10 2 50 25 37 24 23 48 10 1 29 9 21 18 36 16 7 42 21 6 50 13 25 37 37 1 50 5 9 5 
42 44 35 9 45 36 32 41 50 30 43 36 30 37 17 15 2 30 47 31 40 17 9 50 38 50 39 21 32 19 49 50 43 23 18 14 34 50 16 42 18 9 40 5 48 42 49 40 16 50 50 35 42 24 6 44 28 5 50 21 1 29 17 50 12 42 18 21 20 11 34 42 12 8 35 5 28 5 8 5 3 50 49 39 50 9 21 28 41 36 25 0 46 37 10 50 29 23 9 22 50 13 26 39 0 50 41 22 26 40 12 19 43 5 37 47 14 48 0 23 19 46 28 20 33 8 40 6 8 39 46 31 21 21 31 32 35 3 12 0 46 39 50 22 8 26 17 20 24 44 46 9 17 34 19 6 37 31 50 38 30 2 31 50 12 50 6 8 8 43 13 13 38 21 50 0 50 46 2 40 50 16 20 25 13 
50 50 4 36 50 14 13 19 28 38 28 0 0 43 43 43 27 15 49 36 30 30 11 45 30 50 29 8 9 23 15 32 46 39 3 30 32 29 39 28 32 4 34 42 50 32 16 49 48 50 20 50 7 47 49 25 14 47 28 6 26 44 23 30 20 16 27 35 50 4 10 18 17 26 16 36 41 46 7 19 50 50 1 45 16 18 50 44 10 31 6 0 43 39 38 28 36 13 34 50 47 5 9 45 18 50 17 40 50 50 50 50 20 18 50 11 36 19 45 41 22 34 17 36 23 49 50 33 7 36 41 23 35 7 50 28 47 24 50 8 32 24 38 8 17 50 23 7 50 40 26 47 50 37 1 13 25 24 44 8 20 19 50 23 19 8 26 47 45 28 15 29 34 36 16 49 50 21 39 41 21 12 35 4 
50 10 19 40 32 4 8 37 43 50 28 17 17 50 44 7 4 3 50 35 10 46 43 31 12 50 50 12 50 17 29 45 50 16 40 50 7 50 36 18 4 23 22 42 44 25 35 50 16 0 41 38 24 20 16 50 3 44 47 35 45 8 41 28 34 5 46 21 37 50 11 19 2 9 50 14 21 25 10 38 43 50 28 35 50 8 22 7 26 3 50 10 30 16 14 21 50 50 50 39 17 48 0 34 48 8 20 8 15 37 10 24 50 13 5 50 26 22 41 50 34 50 39 1 39 50 38 22 31 11 21 20 15 8 32 34 50 45 39 47 46 49 1 5 1 50 20 0 11 50 50 11 50 46 16 50 4 35 50 33 45 49 31 2 37 8 8 29 11 16 4 45 42 38 24 28 48 16 50 45 50 44 37 
23 14 33 41 48 27 37 50 26 39 31 50 50 36 42 14 25 38 46 32 3 44 27 12 41 34 0 22 40 50 29 10 6 29 50 13 50 35 6 21 26 48 17 33 11 37 18 16 25 44 38 44 29 30 16 45 38 0 8 14 7 50 1 0 39 7 27 37 20 24 36 14 50 9 45 27 44 40 16 21 13 15 18 15 6 45 6 24 50 11 27 48 22 0 39 19 50 17 41 40 36 39 4 22 46 38 50 50 50 7 30 1 10 50 23 48 50 8 24 16 23 19 22 25 34 46 31 12 50 31 22 4 30 3 29 9 17 48 8 50 29 45 3 7 30 40 19 44 44 20 17 47 5 8 34 4 50 50 42 31 14 2 31 2 22 12 26 24 2 43 49 14 50 41 10 50 22 21 19 2 39 27 
3 32 50 38 35 8 50 19 37 6 50 26 32 13 4 31 49 4 24 5 50 48 50 9 50 50 21 23 50 17 20 12 29 40 19 33 21 29 15 31 50 13 43 4 30 40 30 24 50 50 12 16 19 6 39 27 3 50 0 21 50 19 29 45 1 50 50 40 40 6 20 4 12 48 40 3 45 6 38 3 45 36 47 6 2 3 29 20 16 50 20 50 36 46 50 6 28 21 37 23 16 24 44 11 29 34 43 28 24 50 17 5 30 35 22 24 34 49 6 29 24 50 12 12 9 48 4 19 50 40 30 34 50 6 30 5 47 9 29 18 2 39 14 34 31 42 16 22 19 50 50 20 50 43 7 31 50 50 50 47 20 50 34 7 17 50 20 16 27 25 34 3 34 11 45 2 35 44 5 25 32 
3 1 14 26 40 38 50 35 44 9 30 6 50 41 50 38 18 50 40 50 21 44 50 50 13 1 36 15 39 44 21 9 45 46 3 46 12 2 50 42 2 24 10 46 0 40 11 50 29 20 31 10 46 26 20 9 17 19 50 8 13 32 0 50 14 50 0 50 9 33 41 43 25 0 6 27 41 50 50 15 6 29 34 41 18 16 46 16 35 31 16 29 39 16 0 50 35 44 25 30 31 21 4 19 7 4 14 5 50 50 50 50 22 50 22 50 35 7 29 20 33 19 27 37 50 2 20 37 23 41 34 46 31 23 36 50 10 34 50 38 19 4 50 49 19 50 31 49 37 44 41 50 4 23 39 3 47 16 4 42 22 35 29 50 0 49 25 35 46 49 15 31 11 50 4 8 50 16 14 15 
6 50 6 29 32 6 50 1 15 35 24 16 23 21 7 18 46 12 15 3 10 30 34 23 50 13 34 19 20 48 2 11 29 7 24 46 30 39 26 7 16 22 50 10 38 50 36 14 39 48 23 30 12 50 50 50 38 12 27 11 33 50 33 50 37 30 34 32 17 45 29 44 50 44 47 50 50 27 0 42 18 27 26 10 46 50 46 31 36 24 40 46 22 23 25 2 42 50 11 20 43 18 25 45 18 7 16 5 28 16 29 9 43 19 50 28 34 17 28 40 45 13 23 50 23 4 41 34 50 32 23 50 0 11 37 12 32 12 17 14 46 39 43 32 11 26 45 40 35 35 50 38 39 40 10 50 22 19 2 21 36 37 26 50 40 40 38 42 49 10 6 24 46 40 22 12 9 50 6 
17 32 16 13 32 2 44 50 47 31 50 28 48 50 23 50 10 28 36 37 33 42 50 26 50 7 11 38 44 11 27 38 50 13 50 5 45 25 42 30 20 1 11 9 4 50 9 22 50 39 49 30 44 13 19 46 3 50 3 0 50 27 49 3 50 24 21 35 17 36 0 13 25 50 50 9 33 1 33 17 50 44 50 48 3 16 21 10 25 24 47 30 5 50 6 35 50 50 10 45 50 50 10 48 13 43 50 3 13 15 29 50 47 3 28 5 34 2 25 15 50 29 43 7 12 2 21 24 19 50 11 34 36 46 44 30 13 28 31 8 25 32 14 25 39 28 50 2 27 20 35 0 4 23 49 36 23 18 50 48 6 50 6 11 20 18 46 28 50 11 42 10 10 7 2 50 17 4 
50 29 39 9 42 32 46 20 12 50 47 50 48 48 46 45 18 12 8 29 50 28 50 35 11 28 40 28 50 49 29 50 3 12 0 35 50 22 23 37 41 45 50 47 3 0 50 25 30 49 50 4 33 24 0 28 50 50 40 23 50 30 3 50 34 6 3 20 17 3 50 50 26 14 9 30 22 8 46 30 50 24 35 41 46 50 21 16 40 36 43 11 23 36 50 11 50 2 49 8 32 36 9 50 39 40 14 50 38 50 34 34 37 14 4 47 50 50 50 13 37 39 0 11 47 35 35 31 15 45 50 12 50 50 38 19 34 50 9 17 22 3 21 50 27 10 23 50 16 29 24 50 50 2 41 45 18 49 50 50 34 37 8 26 36 17 42 44 8 26 45 7 34 48 39 37 26 
31 50 29 30 50 50 10 35 37 50 17 49 42 40 34 30 15 20 23 28 41 50 15 23 18 44 33 38 8 21 50 43 33 46 10 28 6 14 1 31 38 42 50 48 45 23 17 17 7 34 43 45 3 12 50 44 33 43 5 32 31 40 50 24 10 50 48 19 14 39 29 50 47 29 7 37 3 22 50 5 30 34 42 33 25 21 17 50 35 1 22 4 35 50 24 23 17 48 2 24 19 41 23 34 1 39 17 10 6 29 50 17 49 19 15 16 5 36 26 19 42 7 19 44 12 49 22 43 28 40 42 17 47 1 32 50 45 9 50 35 43 35 50 50 10 4 21 25 50 17 26 8 45 28 9 10 50 19 2 50 33 32 20 21 50 20 29 22 49 13 16 50 44 7 43 11 
4 44 50 45 50 2 50 38 19 30 31 46 7 50 4 2 38 22 33 39 17 6 20 15 13 30 2 32 22 5 9 24 14 43 9 50 39 20 42 15 34 35 44 50 38 36 50 26 39 19 43 50 18 45 3 19 33 6 27 44 50 23 33 19 45 21 32 41 14 22 37 2 14 42 37 50 23 5 50 50 18 43 12 7 50 41 23 30 16 38 40 12 12 50 50 50 36 50 39 5 50 10 49 10 10 33 23 22 45 38 6 10 28 50 19 8 19 0 7 18 29 30 36 16 21 9 33 23 37 50 46 2 16 46 17 50 3 30 10 8 44 30 50 36 39 17 38 40 10 9 28 46 6 0 42 10 33 27 21 34 29 38 41 42 23 39 10 47 34 5 27 0 17 50 50 
22 8 48 48 50 20 2 32 5 35 10 41 50 26 3 50 22 20 4 11 21 18 7 7 50 5 49 32 13 28 21 24 26 32 40 34 26 50 11 41 9 49 42 45 42 23 13 50 49 4 9 46 11 1 0 2 30 0 6 37 6 15 18 26 19 35 37 5 7 20 9 34 50 7 19 50 15 50 48 43 48 50 33 16 36 42 50 50 47 7 7 50 44 27 39 6 50 23 23 9 49 21 50 6 44 16 1 18 0 35 50 34 5 25 23 47 41 50 6 25 19 48 25 14 35 43 43 38 41 31 1 22 4 32 40 19 34 42 15 20 49 18 37 19 3 30 40 37 36 2 19 10 25 2 24 3 9 22 44 50 47 50 37 50 43 5 15 36 49 50 50 31 28 12 
39 28 22 50 36 9 37 10 41 50 23 22 18 15 48 43 10 50 3 28 33 44 28 44 12 24 34 37 45 50 1 26 49 30 45 0 14 50 9 41 44 17 8 37 20 21 49 43 50 25 50 37 48 45 20 50 33 50 14 37 30 32 46 37 36 50 31 12 50 29 24 42 34 22 43 38 22 22 50 50 3 6 50 49 13 23 30 50 45 15 0 9 6 24 35 50 16 15 31 41 26 5 34 2 21 4 24 30 11 17 25 50 2 30 32 15 1 37 44 50 24 50 4 3 50 50 50 8 44 50 3 1 50 38 12 50 14 39 30 50 25 12 37 41 32 12 26 50 43 10 50 49 12 10 11 50 26 50 50 50 39 34 36 30 47 27 39 24 39 34 40 9 50 
23 49 50 12 14 50 50 29 22 50 24 11 8 25 41 31 32 0 7 34 24 12 38 3 50 41 33 50 19 0 48 32 31 19 32 48 5 36 43 39 33 20 3 22 12 37 42 9 14 23 15 10 40 39 22 50 10 20 14 4 47 26 6 41 25 13 6 40 12 19 19 36 38 32 7 50 0 12 36 1 7 39 50 5 30 3 50 15 32 1 50 44 26 49 45 24 44 17 30 7 22 50 28 50 50 48 50 39 9 21 7 13 37 26 42 7 35 20 33 7 22 5 18 32 25 11 14 31 9 50 48 46 43 4 5 32 50 24 18 35 29 44 46 26 32 46 27 33 36 22 25 10 26 10 50 26 14 50 32 33 50 43 32 49 31 50 43 31 38 33 20 45 
10 15 39 23 50 33 10 50 50 29 26 50 24 43 19 15 3 2 17 16 27 34 50 5 17 50 50 15 13 22 45 8 21 38 28 49 36 8 36 16 50 4 49 32 45 1 49 40 0 46 16 29 6 12 17 12 14 36 21 19 7 2 50 50 46 28 37 5 31 23 31 6 5 41 41 7 13 50 1 14 25 37 35 47 36 33 29 3 50 0 50 41 50 49 47 22 50 50 28 26 13 25 12 21 50 33 48 22 31 41 37 8 17 50 13 30 9 50 41 14 20 35 32 40 28 50 40 20 49 11 14 47 43 0 35 46 7 11 50 45 44 50 40 32 38 29 35 50 36 4 50 48 50 10 50 16 44 2 26 37 26 43 26 9 33 13 20 39 20 8 21 
50 50 16 30 50 11 18 48 25 20 25 33 17 42 39 50 18 23 50 12 22 31 29 2 30 3 22 40 38 32 37 45 27 27 24 18 6 50 50 15 3 29 41 50 6 50 43 50 24 25 50 32 6 4 36 5 49 40 15 16 12 27 6 42 25 50 10 48 30 10 29 3 31 45 19 41 50 0 30 15 40 36 15 32 40 43 16 25 50 6 8 41 22 27 13 19 24 15 50 50 6 30 50 5 12 44 34 14 43 12 14 20 25 35 12 42 40 32 21 6 6 20 15 14 49 7 49 9 50 43 15 3 18 12 20 24 6 6 29 9 50 33 50 31 4 42 37 50 10 18 50 23 29 29 50 1 50 19 23 50 25 18 2 39 20 6 50 6 32 33 
47 41 5 43 26 45 33 14 19 9 10 48 13 26 45 7 19 10 50 34 5 3 7 50 24 18 31 34 36 38 1 8 50 12 2 15 27 11 24 50 2 5 5 30 50 19 30 30 49 50 39 49 50 36 28 17 6 50 37 50 41 30 16 14 10 24 22 16 36 4 46 10 16 23 46 50 7 45 18 4 9 5 8 3 47 34 45 47 38 50 34 50 43 2 50 50 20 50 14 16 26 2 49 38 36 50 46 40 10 38 21 31 2 19 26 34 29 20 50 35 34 39 44 24 36 41 18 5 31 11 30 16 37 41 12 2 47 4 33 25 16 28 50 50 11 46 37 48 48 16 21 19 10 32 19 40 50 21 27 30 37 10 36 38 31 50 7 48 23 
23 2 6 49 43 50 49 4 47 42 22 44 21 44 36 14 4 19 45 28 50 50 46 17 50 27 18 19 47 38 50 9 13 1 35 47 4 3 50 15 0 5 50 2 19 10 10 22 43 50 26 25 4 19 10 4 50 50 28 33 20 14 33 48 45 42 6 35 36 38 46 7 50 36 28 38 33 49 50 49 4 35 50 30 50 41 9 30 15 19 38 50 24 23 16 22 50 0 19 34 44 15 39 19 27 19 28 30 10 32 50 4 0 18 10 26 23 21 31 18 42 50 1 7 3 11 50 25 38 8 27 41 50 27 29 29 33 7 23 4 6 50 15 21 50 49 48 2 17 50 50 35 7 5 8 50 22 40 14 20 15 5 26 25 50 50 22 42 
7 0 30 39 5 40 50 42 14 7 39 24 16 41 45 39 12 5 48 25 33 24 32 47 43 1 20 49 46 33 21 50 18 50 31 4 27 50 5 10 19 46 9 27 19 27 50 39 25 46 50 25 27 17 50 50 48 48 6 14 50 40 46 44 37 36 28 28 7 14 7 20 49 24 49 44 36 26 34 17 50 3 50 37 41 50 13 50 45 3 18 18 6 50 19 45 18 11 13 39 50 12 15 10 22 17 50 45 2 46 18 50 39 5 38 27 46 33 50 50 46 10 44 10 2 50 35 14 46 50 41 3 38 18 9 3 24 5 24 15 48 37 9 22 39 3 49 5 33 31 6 2 45 7 14 15 30 7 42 17 3 42 50 5 39 2 27 
48 3 50 11 16 40 42 30 33 12 38 15 26 16 27 30 18 31 27 50 39 6 20 20 12 6 48 50 45 22 45 36 45 46 41 27 26 23 31 42 22 50 49 4 17 31 39 25 33 24 2 17 50 4 17 33 31 18 33 50 4 36 2 22 9 30 16 14 31 23 5 23 43 50 50 5 20 17 33 50 4 31 6 50 45 50 4 14 2 0 29 25 16 23 47 0 15 50 29 24 48 36 33 7 50 8 32 48 21 19 30 16 19 3 29 38 4 38 37 50 35 42 16 30 3 11 18 50 3 24 50 45 44 50 41 14 12 17 39 39 45 25 36 33 21 6 36 50 25 50 50 7 22 13 11 16 31 50 30 10 21 9 50 24 50 18 
12 25 46 47 17 24 48 50 15 37 18 32 30 7 19 6 1 36 50 4 3 22 1 21 44 10 50 26 25 8 10 20 46 13 47 26 29 26 40 50 35 43 13 17 9 30 50 3 50 8 50 17 2 49 23 3 50 44 50 9 19 25 50 50 28 33 12 37 50 28 22 6 27 37 45 25 50 27 21 50 37 13 14 50 42 22 9 32 32 44 32 50 32 14 30 3 31 19 8 50 10 4 50 42 25 44 40 41 10 25 47 45 47 46 13 29 27 6 32 21 47 44 42 47 41 50 2 1 32 50 50 9 20 40 35 33 34 42 15 50 28 50 50 15 19 35 46 50 11 7 49 50 36 16 17 3 50 50 15 9 40 44 50 4 38 
43 15 9 15 50 16 11 11 27 50 30 19 50 17 3 35 30 18 43 50 43 8 16 2 17 5 49 28 7 45 17 39 50 47 37 49 29 49 8 50 2 30 34 5 34 7 27 25 50 50 25 50 50 34 24 22 45 17 43 11 33 20 29 0 43 0 22 38 37 46 19 43 17 29 47 46 3 37 33 10 32 4 45 18 25 34 37 1 50 37 17 25 14 15 41 45 37 1 24 26 3 50 30 10 9 50 30 5 33 29 17 50 37 15 29 36 34 3 45 40 15 50 20 13 34 15 5 6 17 14 48 44 50 25 50 33 1 38 29 4 24 50 29 16 32 5 13 50 21 48 0 21 4 6 15 21 13 23 7 24 28 38 50 12 
50 41 22 50 6 37 29 6 37 9 28 19 12 29 23 33 50 34 50 29 6 20 42 50 13 31 2 37 0 50 50 6 14 14 8 50 49 28 48 50 2 47 17 31 49 34 44 45 12 17 45 21 17 41 41 50 30 50 11 46 20 27 50 22 50 7 46 42 17 14 7 1 32 50 26 16 24 13 13 44 42 18 26 23 3 6 1 45 10 50 41 17 4 15 2 41 3 47 49 35 8 19 9 14 3 36 40 7 40 30 16 48 41 3 24 4 24 16 23 44 34 19 1 50 32 48 34 50 42 45 14 50 9 42 50 4 20 34 38 41 50 45 50 50 31 0 46 36 50 20 42 25 5 28 50 13 9 11 20 6 40 43 21 
1 30 11 26 48 39 35 9 12 26 33 19 49 21 5 50 5 0 44 17 25 10 14 24 9 29 44 34 49 14 50 50 46 29 50 50 50 38 38 50 21 50 26 35 32 21 11 48 22 25 48 35 11 39 10 23 16 20 14 50 28 23 43 19 41 35 50 0 41 49 50 12 8 17 18 45 38 14 41 30 46 50 19 50 2 21 17 12 31 41 47 7 31 46 50 32 48 50 26 11 27 50 26 7 9 44 50 9 4 49 50 48 50 43 1 48 46 33 9 27 9 1 18 20 30 30 5 28 29 50 9 49 50 24 17 14 26 23 45 30 50 16 5 33 1 36 19 9 11 15 8 6 8 2 16 29 32 44 3 44 33 22 
16 48 35 11 50 50 50 7 42 42 32 9 15 6 46 45 0 25 26 20 10 18 1 46 10 18 36 16 40 36 50 45 43 48 18 39 2 43 40 7 17 25 27 50 50 50 30 22 2 42 46 29 50 17 19 20 26 4 15 49 21 39 13 7 30 14 17 37 27 18 27 45 37 32 19 39 11 50 36 50 9 1 34 8 28 50 7 47 31 4 9 26 38 50 50 48 9 50 43 50 3 27 50 35 50 40 12 3 50 18 38 26 41 8 45 50 17 32 8 22 50 47 8 29 0 50 18 25 23 11 50 27 11 43 46 27 35 3 17 50 24 19 28 27 37 16 45 7 46 27 26 6 50 6 34 11 14 50 29 37 50 
43 47 39 37 29 5 25 9 50 4 10 49 24 0 27 32 44 43 24 5 50 50 4 50 18 29 35 12 50 42 48 50 46 16 50 14 4 14 27 12 25 50 50 47 49 50 50 46 20 23 44 40 16 15 3 44 43 42 16 35 10 10 36 30 50 47 14 43 35 26 50 14 48 2 43 37 24 50 2 3 30 1 50 31 13 22 14 50 29 15 43 17 18 7 24 27 30 19 9 31 19 36 43 46 39 24 3 42 29 50 22 7 26 4 8 40 38 20 15 50 38 46 11 14 11 50 43 9 50 50 14 50 38 31 28 49 11 50 42 36 40 25 47 50 21 19 35 7 39 6 17 9 43 34 34 10 27 40 1 13 
30 50 2 50 22 44 6 50 10 17 50 50 46 1 0 17 4 34 37 44 22 14 27 12 8 20 25 23 27 2 5 18 48 15 31 47 18 29 21 50 50 11 50 14 49 50 7 31 50 7 48 50 41 8 43 37 28 50 20 17 7 50 10 5 34 50 0 49 9 8 2 39 50 43 46 23 30 16 25 50 21 40 50 50 31 27 37 50 48 24 29 1 35 50 44 43 49 22 25 36 43 37 31 50 34 14 50 47 40 25 27 30 28 18 11 50 26 45 10 44 2 40 45 50 5 7 18 50 12 14 22 0 50 32 32 0 46 45 37 22 42 2 50 46 3 50 50 30 24 28 31 41 28 12 47 45 5 34 9 
24 16 50 42 25 13 9 11 41 7 24 8 12 45 26 49 19 18 50 26 6 15 7 22 16 0 44 14 50 31 4 24 35 50 15 17 50 49 41 22 8 4 17 19 1 12 31 44 50 45 15 13 8 50 50 35 46 10 2 50 50 50 33 34 26 37 25 32 46 29 34 29 50 50 48 23 35 33 18 44 50 50 9 14 22 45 45 27 11 50 42 47 30 13 50 23 49 50 36 13 25 14 29 10 16 31 0 4 37 36 21 8 5 4 50 50 7 47 48 39 17 29 33 26 44 44 46 38 23 28 49 14 5 39 50 44 50 50 50 49 21 4 25 30 18 50 4 50 50 1 18 20 41 18 23 24 50 35 
50 44 4 8 29 17 20 1 11 50 25 47 16 31 50 41 50 49 4 50 2 44 44 50 38 6 36 50 50 50 50 8 42 32 32 19 50 50 50 36 19 23 1 26 44 8 50 21 2 20 50 33 36 45 22 35 18 49 29 50 2 36 50 12 50 36 33 15 28 48 40 49 37 41 10 13 28 29 13 40 40 0 24 20 49 50 18 41 16 17 39 7 37 19 48 13 50 50 40 14 22 21 47 22 48 45 50 45 23 50 11 50 50 23 50 39 50 25 50 15 14 40 16 41 0 22 25 7 49 30 11 29 26 20 12 24 15 12 34 50 5 50 10 25 21 1 45 45 3 37 7 1 31 4 50 36 48 
11 19 34 1 3 1 50 9 9 14 28 3 22 20 7 50 25 19 50 28 49 2 41 40 12 13 32 39 9 16 5 13 30 32 39 50 50 21 50 36 30 50 22 24 23 9 22 37 36 44 42 37 50 17 16 11 30 5 23 48 0 46 0 24 30 29 44 50 8 36 32 15 3 15 46 34 36 33 30 31 50 43 5 7 5 38 49 16 35 25 21 17 28 13 41 8 50 40 36 18 50 11 20 13 38 28 21 40 4 50 50 39 30 31 0 39 37 3 39 50 48 50 31 15 26 39 5 44 30 33 4 48 5 36 8 50 33 33 33 30 48 29 50 2 38 7 33 44 11 50 43 27 25 41 50 18 
50 47 50 50 4 32 0 50 50 46 0 43 0 7 11 32 7 32 17 37 8 49 36 5 25 50 50 9 26 43 29 22 25 23 24 22 18 43 44 12 2 10 25 49 10 28 35 40 45 50 15 16 37 48 48 49 35 32 25 25 50 0 0 40 50 1 23 13 18 30 24 50 33 31 50 15 22 1 12 50 15 11 50 48 32 6 10 44 45 41 17 50 47 28 27 35 45 8 6 22 42 5 10 50 46 50 50 9 29 7 50 42 43 0 37 30 22 38 46 25 6 25 37 5 50 29 2 25 21 35 16 31 27 50 50 25 5 8 48 46 13 31 21 50 17 24 39 16 22 24 50 10 49 13 4 
42 20 24 37 0 50 33 20 26 19 26 2 18 37 16 15 34 30 47 39 45 13 38 40 0 6 50 29 44 47 17 11 17 50 50 38 18 24 17 11 13 7 50 47 7 50 46 20 12 7 45 50 26 19 2 50 49 34 44 40 35 18 21 44 18 26 20 43 50 38 4 41 10 50 13 35 46 11 10 18 21 39 8 19 48 10 42 50 39 43 21 36 2 50 7 35 40 27 7 6 50 33 6 50 48 21 23 17 25 18 15 25 50 28 14 25 2 40 35 14 16 45 50 12 36 9 40 17 43 31 6 49 46 5 50 38 5 26 0 19 32 2 45 50 47 50 16 37 24 13 12 50 31 16 
8 0 10 34 0 12 38 49 1 18 25 5 35 31 38 49 35 19 11 44 8 31 47 14 2 1 14 0 17 50 9 50 46 5 16 2 15 41 25 5 45 24 50 49 20 50 20 42 32 7 13 4 15 2 14 29 50 50 14 27 23 39 30 50 40 8 9 1 4 2 7 50 1 41 44 50 45 50 14 29 21 20 8 9 45 9 50 45 24 32 40 4 42 50 31 1 47 20 41 29 50 31 33 12 45 27 44 3 19 23 7 35 15 20 35 50 2 20 42 28 33 0 24 0 9 40 6 50 31 0 50 16 6 43 50 50 33 18 44 6 23 17 39 35 50 47 50 3 49 18 41 24 35 
50 38 27 23 26 12 22 40 13 50 48 44 40 17 28 15 2 13 31 37 50 47 8 23 20 47 4 17 50 22 10 12 12 16 49 50 1 49 50 2 42 26 48 50 9 20 20 27 14 48 50 25 29 43 34 5 46 41 24 49 9 8 40 46 40 2 18 12 22 24 5 15 32 26 50 47 50 12 45 50 38 48 44 40 50 5 49 16 49 27 23 20 40 25 39 6 1 4 45 4 22 50 47 15 49 4 50 44 14 47 50 12 50 9 6 48 22 14 25 8 28 11 5 31 15 1 50 22 24 35 44 44 44 4 27 2 28 44 20 38 50 2 50 43 13 17 9 34 6 34 8 29 
50 20 50 46 16 4 33 27 30 23 37 14 28 11 29 40 10 32 20 50 40 31 39 22 39 28 50 11 34 50 50 24 37 50 25 39 7 50 50 32 18 15 31 24 12 48 16 2 11 2 1 47 31 47 11 38 50 44 33 26 19 15 50 34 50 34 28 50 50 25 49 50 31 7 25 18 48 26 5 13 27 8 48 8 50 30 13 36 7 41 50 22 50 50 42 21 38 5 18 28 18 29 10 38 21 40 2 46 1 33 8 4 44 40 27 50 11 21 45 48 17 14 50 50 14 1 46 17 1 5 49 31 16 50 24 37 44 16 8 40 19 18 50 14 5 28 20 41 7 25 50 
21 2 1 7 50 1 50 15 43 30 49 10 19 47 4 22 50 29 10 30 12 9 50 33 47 21 45 38 34 1 44 11 50 34 17 24 2 0 43 1 4 50 36 26 50 9 3 44 10 28 26 39 50 34 50 6 1 50 47 29 38 33 5 50 50 13 29 39 15 50 9 46 16 15 14 41 18 25 10 35 42 50 2 6 38 32 46 14 18 31 19 29 50 9 35 18 27 28 4 50 6 50 0 36 50 50 10 14 24 28 29 50 47 4 37 41 4 26 9 0 23 36 14 28 34 50 49 22 12 6 12 7 50 0 31 50 29 30 15 35 34 2 17 27 41 50 1 34 5 33 
34 45 26 42 50 33 43 50 15 1 40 15 38 30 14 4 42 12 23 37 50 7 33 24 32 34 47 50 44 26 10 42 19 17 22 50 31 13 21 19 9 10 30 19 0 1 41 14 15 18 21 2 1 48 3 29 21 46 4 22 50 31 25 47 29 3 29 44 3 37 10 45 8 4 43 4 14 50 12 32 50 36 45 29 50 18 50 7 12 45 26 33 15 1 32 45 42 18 39 33 15 12 9 50 15 24 50 1 1 29 50 19 50 50 45 50 27 6 50 38 31 21 34 28 50 22 33 13 26 22 35 2 37 36 17 32 47 22 26 15 50 39 38 15 18 25 22 41 31 
18 11 50 39 50 7 49 15 38 23 45 23 42 47 3 16 8 37 38 35 24 47 43 41 28 8 15 50 49 50 8 42 4 24 31 12 11 50 43 31 30 45 37 6 21 9 9 3 20 24 7 2 11 22 22 50 0 3 50 50 17 38 39 49 10 40 50 19 29 29 4 18 44 50 28 7 38 32 40 25 49 37 3 26 11 22 4 18 9 46 5 45 16 6 17 14 24 48 13 50 48 4 2 43 6 16 30 44 10 21 39 12 17 11 0 4 8 48 4 31 50 6 46 14 46 9 36 45 23 8 9 12 50 27 0 24 50 20 2 9 49 14 50 47 50 27 38 1 
12 0 24 2 18 50 9 6 27 21 23 30 4 28 47 2 29 0 30 37 27 29 37 42 3 44 31 40 13 7 38 36 45 11 36 50 50 16 9 46 9 35 42 20 5 20 48 32 36 25 7 20 32 10 42 33 39 8 50 28 32 27 24 30 17 50 3 33 16 19 20 36 50 14 33 17 5 33 25 48 48 1 25 6 50 36 10 35 22 32 49 36 31 37 19 23 3 1 3 48 30 1 18 50 44 26 14 1 17 50 45 25 50 41 50 38 34 4 12 50 50 35 50 36 23 8 18 49 27 43 21 44 33 26 37 40 27 43 28 27 17 43 33 50 50 31 17 
46 6 20 22 41 47 1 14 16 22 26 45 43 50 26 43 31 31 18 22 9 50 18 17 17 0 6 36 45 31 50 39 22 34 24 15 1 11 14 37 37 8 25 39 40 43 10 44 22 43 6 14 7 8 27 32 17 25 37 15 50 17 50 11 15 29 46 42 7 18 36 22 50 10 39 15 0 37 17 22 20 50 26 49 49 11 0 49 21 5 1 35 32 6 50 17 50 4 24 35 39 12 24 40 16 0 39 31 11 48 19 16 28 50 15 4 41 40 29 39 5 46 9 44 38 36 16 20 28 22 11 8 34 15 50 0 34 20 25 50 38 32 22 17 36 47 
47 46 42 50 35 40 24 35 46 18 50 50 8 44 14 50 6 19 14 11 50 49 13 1 19 22 7 12 27 27 14 34 2 13 42 19 31 8 7 49 26 18 36 47 1 1 20 33 26 19 30 2 50 45 50 29 47 5 38 30 32 43 33 50 45 15 4 50 4 37 15 48 7 44 26 36 39 39 4 45 29 50 50 21 30 1 1 16 14 0 36 18 24 16 23 0 36 42 44 49 16 49 50 31 50 19 31 30 7 22 27 50 37 33 50 50 43 34 21 40 1 5 49 49 46 45 41 50 47 21 34 19 7 30 39 11 6 16 10 17 50 18 7 25 44 
15 45 8 14 18 50 31 50 28 50 46 3 23 45 33 39 41 50 3 23 33 20 44 30 6 12 28 50 47 46 6 16 50 46 9 44 17 19 50 50 45 39 20 12 26 18 39 20 19 38 45 50 35 37 4 21 47 50 28 36 41 12 37 46 11 46 16 50 32 46 36 17 14 21 1 7 26 14 49 46 50 4 7 50 50 25 50 25 20 2 50 19 41 50 25 50 32 11 48 4 39 18 17 39 5 11 34 12 50 4 27 50 39 50 15 31 1 4 32 31 24 10 39 43 33 39 11 44 19 50 50 43 2 29 22 48 20 13 46 12 10 37 46 0 
50 50 5 17 19 9 0 19 1 43 43 18 46 36 29 29 0 30 16 45 22 42 38 5 26 28 39 24 31 13 11 42 50 21 50 48 16 12 28 50 50 30 50 46 35 23 38 7 10 18 13 21 30 28 20 24 5 50 19 41 6 45 44 20 22 7 6 10 46 50 26 2 3 38 50 40 44 33 5 40 6 14 35 9 50 27 30 16 3 11 23 7 46 48 50 10 26 41 11 46 17 27 13 19 50 31 12 40 11 16 50 6 50 27 1 22 31 45 35 19 10 50 13 39 26 49 50 8 50 50 50 21 50 34 39 50 47 24 7 31 50 13 37 
16 50 38 14 15 49 3 42 32 3 37 28 50 3 5 49 36 23 2 32 50 2 18 7 50 32 20 50 35 11 37 25 29 39 50 23 12 44 50 38 24 30 33 2 9 10 5 8 0 17 50 45 11 27 8 30 17 50 50 50 7 6 50 43 45 50 9 6 50 36 34 1 50 38 34 50 50 5 15 13 49 50 50 6 50 8 12 50 28 44 12 50 40 50 35 50 28 13 46 43 17 32 44 40 50 12 19 15 37 29 42 50 36 11 42 15 44 50 50 34 6 22 42 42 50 5 8 21 9 36 0 50 50 6 14 4 50 33 1 41 47 35 
20 49 40 32 50 23 44 4 46 20 2 35 18 50 42 50 11 23 36 35 50 26 4 40 50 40 7 50 42 3 50 14 16 28 30 50 48 50 27 16 48 48 50 14 33 8 27 4 1 48 8 50 36 19 20 47 39 23 14 34 30 47 49 32 50 50 50 25 50 50 28 50 50 45 39 5 32 50 13 30 35 49 5 13 39 50 47 42 1 25 19 42 50 0 50 50 5 15 50 22 13 50 50 27 7 34 41 50 28 50 5 7 50 26 46 28 48 40 46 50 19 45 23 50 4 7 45 22 16 29 22 4 4 50 20 50 49 41 19 50 50 
31 8 35 19 21 4 50 34 0 33 39 38 18 14 50 9 3 50 46 7 50 14 38 3 30 24 26 25 12 41 50 13 32 43 29 50 50 21 19 32 50 0 50 50 25 41 45 27 38 36 0 36 50 25 36 25 1 40 50 10 50 5 19 34 49 26 21 30 47 22 50 31 17 28 40 37 12 18 10 8 50 48 7 40 31 0 45 43 25 14 3 44 26 50 19 43 8 25 30 50 19 29 2 50 5 40 18 50 40 50 23 3 19 5 50 28 50 50 3 8 4 46 50 41 49 2 50 50 40 31 42 0 18 36 50 0 36 18 5 28 
50 43 12 50 50 6 26 50 9 26 50 44 18 50 40 12 15 10 0 50 35 26 50 42 12 14 35 24 50 44 30 16 50 38 49 46 50 50 6 3 10 2 50 8 30 2 33 22 50 40 50 23 50 38 19 50 10 50 21 50 5 1 50 11 8 50 8 46 11 13 22 25 14 19 26 25 3 10 7 31 28 21 6 37 10 38 50 50 31 50 21 13 50 16 15 7 32 4 7 13 1 50 23 21 50 38 11 14 43 13 50 42 27 50 12 29 50 31 35 6 0 17 2 50 17 50 37 36 29 21 50 34 11 2 33 23 20 6 23 
45 5 29 4 2 35 50 29 27 50 35 50 38 16 50 17 50 17 12 32 35 50 34 50 50 21 20 36 12 35 29 21 50 22 33 41 40 50 50 30 44 11 43 50 17 46 6 33 50 26 6 10 43 22 15 21 5 32 50 50 36 7 42 16 50 2 48 46 50 17 50 27 21 50 11 17 44 15 5 47 7 1 50 38 50 3 1 26 23 13 45 43 46 33 50 30 40 40 13 50 50 47 47 8 29 11 50 50 38 2 29 48 46 3 50 50 50 23 33 4 17 14 16 38 14 4 22 5 29 43 15 37 37 50 46 50 50 16 
50 25 34 41 40 30 11 47 1 1 12 50 11 43 3 15 16 50 45 28 3 35 19 50 25 50 47 50 50 50 50 25 31 21 50 1 50 8 24 48 20 34 21 13 7 20 31 33 19 9 40 46 48 40 44 30 37 20 35 50 50 50 50 8 18 31 50 50 50 11 40 16 16 11 38 50 26 50 50 8 3 31 25 18 4 8 13 39 45 8 50 34 25 0 24 32 48 45 40 16 17 37 16 50 9 18 32 18 50 50 15 48 6 50 50 47 10 22 23 38 39 19 41 25 50 8 47 50 31 49 48 49 50 50 50 14 5 
39 29 38 7 30 42 42 50 15 7 43 10 0 31 36 50 8 6 37 49 18 36 50 50 33 9 19 41 28 34 50 15 50 50 45 21 32 10 12 50 1 50 33 33 6 6 50 20 3 5 18 15 17 12 24 49 32 30 25 39 23 50 12 42 0 12 33 22 47 41 28 43 43 47 36 45 50 50 7 50 18 6 8 5 38 6 50 50 42 0 50 50 50 50 50 4 45 48 5 45 36 46 50 25 48 5 50 2 11 46 22 22 11 48 21 50 26 50 50 13 15 20 50 8 50 13 34 50 27 50 6 47 49 50 29 3 
10 8 49 50 49 24 48 39 34 43 36 20 4 50 41 11 48 45 16 21 50 0 34 26 33 16 5 29 5 38 49 43 44 31 50 50 45 36 41 50 23 30 18 33 33 1 9 35 50 7 50 46 44 50 0 42 50 50 15 50 37 47 12 32 20 22 37 30 26 35 39 24 44 50 50 2 31 13 13 48 22 10 12 9 3 45 26 50 50 50 16 38 36 8 8 15 5 13 17 49 9 11 12 3 34 50 35 37 3 8 20 20 50 3 25 17 10 50 36 16 0 50 37 20 8 22 22 23 42 35 37 33 46 11 46 
50 18 50 22 27 15 44 21 50 11 14 49 16 48 50 4 50 13 32 42 27 50 50 30 41 34 20 16 42 50 0 29 6 36 9 50 20 50 22 50 39 50 24 38 0 18 43 30 16 26 36 44 5 50 31 27 46 30 40 25 50 39 43 50 12 9 2 45 14 46 50 17 44 17 48 40 41 22 28 46 32 44 7 50 50 4 47 50 50 6 50 22 24 50 50 20 35 1 50 31 10 50 26 49 32 50 50 44 47 41 50 30 15 17 50 1 50 50 4 44 20 1 22 27 41 29 23 24 32 16 8 16 48 48 
49 0 41 50 23 43 28 50 30 32 34 35 22 13 17 14 32 39 34 50 38 50 50 30 11 50 50 10 40 28 50 43 50 3 50 14 35 44 32 50 50 28 50 50 10 6 28 50 19 22 2 1 50 50 48 7 1 50 9 22 46 27 17 50 22 37 2 24 50 1 37 6 50 12 50 24 50 18 31 49 23 32 29 13 10 50 45 25 30 11 37 40 13 32 25 50 17 24 50 33 43 50 42 28 6 49 20 1 16 50 5 34 6 29 50 38 50 50 7 50 29 50 8 50 42 47 45 4 1 34 25 12 50 
2 50 50 50 48 31 31 44 20 23 30 50 21 42 45 39 3 50 50 9 6 23 39 50 50 50 44 1 50 50 50 44 34 29 23 10 50 28 13 30 50 47 44 50 37 33 1 6 36 25 30 15 25 50 50 50 23 22 43 16 47 28 36 50 11 50 50 42 18 31 31 37 27 26 17 50 50 33 21 10 50 19 50 22 20 9 3 5 50 10 33 50 12 9 39 2 37 23 17 50 50 15 19 27 2 4 35 37 16 0 39 50 45 17 50 6 50 50 50 46 12 13 44 9 14 28 45 50 48 50 9 1 
14 31 45 24 42 27 30 50 12 29 17 49 50 28 40 50 29 1 6 38 50 50 17 25 33 23 8 10 50 2 34 50 40 50 33 18 19 50 21 36 50 36 28 38 32 9 15 16 50 21 45 45 41 22 32 50 36 40 50 25 40 50 14 50 24 13 3 39 10 50 50 34 3 14 36 2 15 37 50 19 39 50 50 37 50 47 5 42 50 34 34 40 42 50 50 8 20 28 44 50 14 44 50 7 50 4 22 33 50 15 17 45 29 32 50 50 21 34 36 21 27 16 50 22 50 47 50 50 19 6 10 
38 50 39 50 34 41 42 50 19 50 50 5 50 37 43 24 50 37 46 8 2 35 50 50 24 2 50 47 42 35 50 40 1 50 7 38 27 7 49 50 5 16 22 15 50 28 10 19 41 22 44 5 24 48 25 9 50 50 45 44 50 50 10 42 39 0 14 28 34 9 49 35 3 50 50 49 40 50 5 50 38 33 50 18 27 6 49 18 22 50 24 50 50 50 21 50 28 50 44 15 28 25 0 16 48 44 20 44 50 50 7 7 15 10 42 1 17 11 19 49 50 50 2 50 50 50 39 46 15 44 
1 39 40 34 14 46 42 34 36 36 16 9 27 28 15 50 29 50 4 32 16 24 16 50 27 25 50 50 18 22 8 10 12 27 3 45 28 42 10 50 38 13 27 13 38 6 50 20 7 50 42 8 31 43 12 22 33 50 50 50 21 23 50 50 50 2 37 42 27 25 38 50 1 10 33 43 46 43 29 30 50 13 34 16 50 41 23 4 50 5 21 50 50 45 18 49 0 50 21 25 12 43 28 4 19 41 50 35 33 44 50 10 43 14 7 49 42 3 26 17 7 25 39 18 50 50 42 50 17 
24 50 12 40 13 8 23 50 41 50 45 50 48 22 50 38 24 8 43 27 50 28 15 50 25 16 4 50 49 2 50 37 48 39 50 25 18 27 45 50 17 19 50 50 46 6 50 7 34 12 41 31 48 50 11 3 50 37 50 3 48 5 27 47 16 50 45 21 9 42 45 2 2 40 42 9 5 33 42 0 50 48 50 44 50 37 50 50 50 50 49 50 50 2 0 24 23 50 50 8 23 25 19 50 6 50 9 31 32 50 49 9 42 44 50 38 49 50 41 48 12 4 50 50 44 42 38 5 
38 50 50 11 48 50 29 24 47 50 17 6 21 22 22 50 29 9 9 48 6 49 50 0 50 50 12 50 50 38 50 19 23 9 34 50 32 24 18 36 14 41 39 26 33 43 40 28 45 28 30 42 25 41 50 32 17 50 20 20 50 50 50 24 28 50 37 29 9 50 15 8 22 13 39 44 11 49 50 10 17 27 37 50 41 14 24 48 50 13 8 45 50 17 23 8 50 22 1 1 44 25 18 44 26 12 30 24 26 6 2 43 5 29 45 50 22 49 36 50 50 48 50 44 17 16 50 
24 45 11 50 16 29 36 28 19 44 50 50 11 24 5 17 50 30 50 28 18 50 50 28 50 29 39 40 41 6 40 6 50 50 2 2 29 42 50 40 50 50 42 46 44 41 39 42 18 44 2 17 42 29 5 50 40 46 47 21 46 50 50 18 10 50 40 28 50 15 46 1 15 28 30 50 5 38 16 50 0 50 22 37 11 17 7 50 41 50 15 1 49 50 23 50 11 48 41 41 29 50 43 6 12 3 49 36 7 50 50 30 46 50 32 23 32 8 22 0 18 9 32 12 45 12 
0 47 29 50 1 21 10 12 22 7 20 16 1 6 50 0 5 14 50 7 10 20 1 15 9 18 50 8 39 42 22 49 31 20 49 50 50 28 48 20 26 42 17 34 9 33 0 49 17 15 5 0 19 50 37 17 11 34 50 22 24 15 50 25 20 50 44 22 32 15 50 29 5 44 17 50 50 8 49 50 13 50 50 10 50 2 16 50 0 50 17 50 26 50 44 50 2 22 15 37 8 50 42 9 43 50 44 7 23 50 21 46 50 26 16 24 22 50 18 12 50 28 7 50 48 
21 50 3 8 21 49 14 50 50 50 2 5 18 50 50 33 48 18 5 7 50 37 13 19 50 50 24 28 15 7 21 31 35 5 21 12 32 50 26 50 50 4 50 50 45 38 50 3 50 50 13 50 25 26 50 21 3 50 31 40 46 20 28 50 17 15 40 37 9 50 50 47 50 43 50 41 21 42 15 33 50 10 50 8 48 39 38 11 7 40 19 6 2 36 35 47 19 49 45 0 35 50 45 47 21 34 3 32 17 50 42 37 3 20 50 50 35 2 50 50 14 33 38 49 
21 23 50 50 8 50 30 5 50 49 31 50 34 50 35 17 12 28 50 28 22 14 50 50 48 16 47 2 12 29 10 24 48 47 30 13 35 26 50 15 38 0 38 25 50 28 18 50 45 32 28 32 29 50 21 50 13 50 11 3 5 9 50 20 0 48 8 21 18 9 18 37 6 8 38 43 41 50 50 50 50 7 34 28 18 15 19 35 6 40 25 41 4 39 42 50 35 45 50 35 9 0 4 11 16 32 0 50 32 50 14 50 13 26 50 1 33 29 16 32 16 19 18 
50 19 31 31 36 16 44 35 14 1 18 49 19 50 1 31 16 50 34 7 40 29 34 50 50 50 50 28 50 27 27 6 27 50 44 50 29 35 23 35 10 31 36 14 28 41 50 36 41 43 50 38 50 44 29 19 38 11 17 8 33 43 36 50 50 34 29 50 50 33 8 26 42 43 19 50 0 19 50 43 32 15 35 16 17 23 50 36 39 50 18 6 2 1 13 0 50 49 28 16 14 50 43 35 38 36 1 42 22 37 9 9 50 27 3 21 4 18 47 47 50 27 
29 50 50 50 6 27 34 21 50 14 50 12 50 50 44 50 4 50 12 35 50 50 16 16 50 30 33 7 26 34 33 50 25 46 50 45 21 13 50 4 50 24 19 0 50 10 50 46 50 29 14 50 50 7 36 13 50 9 50 50 43 35 1 50 28 17 9 6 10 27 49 23 48 27 18 0 30 15 50 13 45 8 50 50 50 50 31 4 50 48 23 35 50 0 50 24 50 9 6 1 50 8 3 50 14 36 27 28 50 38 13 17 46 34 34 50 21 50 50 1 45 
2 29 22 24 37 50 5 15 34 50 50 21 49 23 45 50 0 33 39 45 50 49 18 1 45 27 25 50 11 12 19 5 20 50 2 30 47 50 0 50 28 35 34 32 29 6 50 50 0 38 20 50 46 31 50 11 3 50 14 50 47 26 1 17 5 48 50 13 23 47 3 50 8 31 49 48 37 37 5 10 20 45 32 50 14 5 36 50 24 50 35 50 25 50 30 46 50 44 26 8 2 6 36 50 38 22 33 4 1 50 40 50 50 43 22 13 50 0 24 25 
2 4 41 40 22 31 43 50 47 20 5 41 28 14 29 47 6 32 15 22 28 10 5 21 49 28 5 24 28 20 16 36 50 38 38 42 50 10 50 50 39 13 0 50 9 46 0 10 50 30 30 8 50 15 12 6 18 48 42 50 31 36 50 45 50 19 50 20 50 28 50 2 9 12 7 50 46 23 7 5 38 19 50 21 37 50 25 16 12 7 50 12 50 37 14 3 50 50 26 16 50 44 16 30 20 32 48 6 45 19 32 50 30 3 50 50 31 17 28 
50 47 31 20 50 50 50 50 9 23 42 24 28 17 50 50 36 4 50 17 50 50 44 39 50 41 41 50 46 42 28 16 23 25 43 48 18 5 31 40 13 28 34 11 18 48 33 34 27 45 5 7 42 49 50 10 50 50 50 50 50 40 50 34 23 27 25 16 25 50 10 13 5 6 50 2 35 22 50 1 50 18 25 50 48 19 45 3 33 12 1 3 50 26 0 38 50 10 36 50 32 5 50 50 7 35 48 50 37 46 47 44 18 1 3 42 17 50 
3 50 20 50 7 29 22 7 39 3 36 9 27 31 38 30 47 50 44 19 0 43 26 23 48 50 16 45 32 38 29 38 50 49 20 38 33 50 50 50 50 7 42 18 4 20 47 50 30 35 19 43 3 50 50 36 46 16 32 50 44 29 39 49 41 38 50 12 36 7 14 45 50 36 19 50 16 40 33 2 17 50 41 3 50 3 5 32 13 29 34 50 43 24 0 50 50 31 50 30 46 17 28 50 50 50 50 49 29 50 8 12 13 35 50 36 50 
50 27 37 50 49 6 12 18 50 46 50 42 50 50 50 28 44 1 0 50 48 20 50 28 50 26 34 16 0 31 45 9 17 10 27 45 34 39 20 36 50 50 46 50 29 29 50 40 36 4 38 38 16 13 2 7 42 50 45 9 5 31 50 34 0 5 50 50 22 43 50 41 43 47 50 43 50 8 1 43 37 50 50 31 15 31 8 21 9 17 50 8 34 22 50 33 50 50 2 8 9 38 18 36 50 24 23 39 13 50 25 42 50 50 32 33 
0 7 50 25 31 50 14 4 50 34 50 50 4 50 50 50 18 26 1 50 36 6 5 5 16 34 39 27 45 16 5 14 25 50 0 38 30 50 47 3 28 50 18 50 50 16 50 28 5 43 2 40 17 50 48 6 38 46 44 50 42 22 50 5 29 50 50 34 0 50 35 23 50 38 2 34 48 34 33 50 34 45 18 15 20 50 12 50 9 28 35 10 14 33 8 35 50 50 41 24 10 35 50 49 50 39 16 33 50 9 31 44 11 50 9 
3 50 12 25 16 2 39 50 44 50 45 27 29 50 41 23 50 17 29 4 8 50 3 5 26 14 50 50 6 48 27 42 18 34 28 50 19 38 48 38 32 50 25 4 50 44 50 50 5 23 44 9 50 37 34 50 50 38 28 19 22 41 50 20 14 50 8 28 31 17 50 50 35 50 15 50 37 6 6 37 50 4 31 26 22 34 50 32 43 15 4 47 4 44 4 9 39 50 8 0 50 25 5 50 23 25 20 46 50 2 34 5 16 50 
50 50 50 32 1 34 48 43 26 4 43 43 26 3 50 5 50 49 50 48 26 15 50 50 9 27 29 50 50 18 21 20 11 50 32 48 47 50 50 49 4 50 47 42 40 14 31 50 50 37 38 41 50 50 36 50 50 37 50 41 10 27 12 15 18 50 50 50 14 39 30 3 50 50 6 23 15 50 1 50 45 50 50 36 11 21 50 24 39 23 50 43 45 50 11 26 32 50 30 11 12 31 35 44 43 50 50 47 25 21 23 50 50 
50 50 14 27 14 50 3 0 50 50 50 18 45 50 18 36 25 31 32 13 4 46 11 13 35 0 18 2 50 50 50 2 50 23 48 50 22 19 26 5 9 43 50 17 6 50 1 18 8 16 24 50 40 36 25 27 4 20 45 50 38 16 6 32 13 21 26 32 34 43 46 50 16 50 37 50 35 50 27 40 50 9 16 38 24 20 34 13 16 11 27 50 20 46 50 3 3 0 50 22 50 50 31 26 10 29 42 30 50 50 50 50 
5 46 33 17 50 42 50 8 44 50 9 50 50 28 20 50 3 32 10 47 41 50 35 9 25 50 14 32 41 50 30 8 50 22 45 50 50 50 43 31 50 21 41 18 46 47 23 12 4 47 45 9 27 29 6 21 18 32 15 40 50 9 31 29 26 5 50 50 50 25 13 24 50 44 12 15 50 15 2 50 36 8 12 15 50 47 25 45 50 40 50 50 30 50 22 19 22 31 33 50 50 50 33 50 30 47 50 8 50 10 40 
42 10 38 3 24 2 50 18 50 44 30 9 21 50 17 45 10 2 50 21 11 50 12 40 50 33 50 4 50 21 49 50 22 50 50 23 16 40 27 50 50 40 50 19 25 1 22 50 50 50 20 47 40 23 45 50 38 49 39 9 33 50 35 32 47 18 46 29 33 9 50 50 30 5 32 5 5 50 10 50 19 50 40 20 24 9 37 28 22 16 50 1 43 4 50 50 17 50 31 41 41 14 0 48 50 50 50 11 27 50 
50 50 50 6 21 42 1 13 47 39 39 4 12 50 50 19 44 50 28 19 9 8 1 3 46 50 50 33 28 18 42 50 1 1 36 50 42 50 50 50 41 50 50 20 10 35 27 50 45 50 40 35 16 50 47 6 42 6 0 25 2 50 37 12 50 35 49 11 45 18 47 47 20 50 41 16 40 14 14 29 39 29 13 47 12 50 25 38 45 50 50 34 50 14 31 30 16 17 33 50 50 21 47 50 17 50 50 31 8 
20 20 14 45 50 50 35 23 50 6 21 39 47 50 50 32 30 50 0 50 23 1 27 32 9 50 2 49 11 50 9 37 50 17 48 50 15 24 27 29 3 50 43 50 50 12 50 47 21 50 50 50 31 6 45 28 6 47 50 28 50 47 50 50 13 33 30 8 44 37 17 40 50 40 35 8 48 22 0 50 33 33 50 4 50 20 50 50 50 6 50 31 41 45 2 37 7 50 7 39 50 22 50 45 30 9 38 39 
20 8 26 50 50 39 30 50 22 30 12 50 50 1 16 50 13 44 31 28 5 7 50 50 0 24 12 50 6 50 50 48 6 6 50 41 50 37 50 50 27 13 11 46 20 50 50 15 27 9 37 29 50 43 50 50 38 25 26 49 23 50 50 38 50 0 12 49 8 1 28 42 50 17 39 34 32 18 45 50 2 31 45 50 34 50 50 41 50 16 22 23 44 50 50 50 50 45 22 3 36 35 50 50 21 21 31 
36 50 24 50 50 50 35 31 50 32 28 50 47 13 11 26 28 35 50 30 47 50 46 15 16 34 48 24 6 49 46 14 2 13 6 3 46 40 38 50 12 20 36 37 48 35 28 50 15 50 16 47 44 45 9 33 50 25 50 50 18 50 21 50 50 45 50 28 46 36 45 36 46 32 5 0 30 50 50 24 47 13 50 50 50 50 20 1 28 46 46 48 50 50 50 17 48 50 50 6 48 12 15 49 3 26 
13 40 33 50 50 39 50 37 16 20 39 50 50 26 32 9 31 50 29 50 5 14 5 50 4 23 46 50 25 37 6 34 4 5 10 49 4 17 50 50 37 37 22 31 35 50 50 41 2 17 50 49 50 23 19 50 48 24 50 17 2 50 4 13 39 31 50 32 14 50 24 3 50 50 12 26 43 2 17 12 48 48 41 13 15 50 28 50 19 24 0 36 50 30 50 50 45 45 11 16 1 50 6 10 9 
41 40 31 17 26 1 44 12 50 8 50 50 36 50 36 50 4 34 43 36 14 48 25 30 4 50 19 50 50 49 6 16 7 47 33 31 50 16 23 46 23 33 50 31 41 50 9 4 26 47 50 33 20 23 50 21 0 32 0 44 36 25 16 16 50 14 4 3 24 50 9 16 47 2 8 22 6 22 26 49 50 37 0 49 16 46 50 8 20 14 50 5 37 50 44 2 4 29 47 39 50 40 9 38 
0 5 38 10 28 50 39 25 0 50 22 48 12 34 42 50 49 28 7 33 24 37 26 50 13 47 18 22 40 20 11 13 50 18 10 41 45 50 50 29 36 6 50 16 50 15 34 33 47 34 22 25 29 18 10 31 9 13 6 50 14 28 3 26 10 12 7 13 21 18 50 29 13 7 50 50 50 34 12 15 50 16 47 34 50 29 43 12 10 50 6 14 50 50 50 3 50 19 14 38 50 8 7 
33 50 6 50 6 32 42 0 8 0 37 50 12 47 26 50 50 25 0 50 50 8 35 50 24 50 19 2 50 7 28 40 50 43 38 50 50 6 47 2 32 4 2 47 50 35 24 14 0 38 27 12 50 7 6 23 38 19 27 1 9 43 45 4 10 46 23 7 2 50 21 5 2 50 19 50 12 31 47 5 17 50 50 39 15 50 33 50 3 30 19 41 21 5 23 21 24 39 25 22 6 4 
3 48 42 50 50 31 13 3 29 50 50 25 28 41 0 32 50 12 50 50 47 35 25 18 4 35 28 13 33 39 50 44 50 23 49 44 18 37 23 14 50 2 46 24 50 50 1 11 20 33 4 50 50 50 13 21 21 11 44 10 37 39 34 39 16 39 27 35 29 50 50 27 14 47 33 36 50 50 34 46 0 44 4 44 42 44 37 50 3 49 11 31 27 29 50 50 50 19 1 26 46 
50 27 21 50 50 29 32 49 18 40 50 8 1 21 50 34 50 9 31 31 50 45 50 48 44 43 15 50 41 33 20 9 12 50 21 3 42 31 50 39 1 50 30 28 50 20 50 13 48 4 3 50 36 50 32 7 40 49 50 41 21 46 49 11 20 22 11 50 50 44 31 50 2 50 47 50 14 50 2 10 16 21 29 50 14 44 14 50 30 50 28 50 28 5 50 44 30 15 2 2 
29 25 23 50 50 24 50 30 4 47 4 50 50 16 23 50 50 40 50 30 10 41 42 50 50 36 36 29 50 2 40 7 30 2 0 49 42 50 50 7 26 5 14 40 24 33 41 32 13 50 46 3 8 7 50 8 50 22 46 28 48 40 9 27 31 16 50 22 0 21 6 50 10 3 50 30 31 11 50 44 29 31 9 30 20 50 50 47 37 6 50 18 48 27 50 19 50 27 50 
30 27 44 13 50 49 50 2 9 5 47 15 50 50 11 15 46 41 36 16 44 39 50 38 50 50 47 32 50 50 48 5 25 32 50 9 50 50 6 50 50 14 20 50 50 32 34 6 50 45 10 24 40 46 50 24 23 7 50 6 23 7 36 37 28 42 39 41 50 22 46 36 16 50 50 37 46 50 0 12 48 37 5 44 7 6 11 24 50 42 42 34 9 34 50 4 49 25 
12 44 38 16 22 15 36 19 50 7 4 50 50 22 50 45 19 28 34 44 50 50 50 3 25 50 19 50 29 17 29 32 49 36 25 50 49 48 28 49 50 23 50 1 20 50 50 50 17 50 36 39 13 44 32 13 50 50 27 37 47 23 8 28 12 34 50 50 37 4 15 23 13 29 31 0 8 28 21 30 16 41 37 35 50 50 26 0 20 50 50 26 6 19 18 50 18 
17 22 23 19 50 39 9 27 23 0 8 45 3 50 36 50 50 45 50 46 50 50 3 36 50 49 16 50 21 11 0 26 46 42 50 31 26 50 49 44 14 15 50 46 13 0 50 50 36 4 50 50 40 50 29 3 42 43 40 50 50 38 50 3 40 17 42 34 50 5 22 26 4 27 29 16 25 29 27 50 2 24 50 50 35 30 50 50 20 39 6 25 50 50 33 9 
35 10 4 50 50 50 50 47 49 9 34 50 50 18 50 37 14 4 23 2 50 13 30 35 18 48 50 29 9 50 12 32 17 50 50 50 41 40 20 9 39 24 50 21 27 50 6 30 4 50 21 1 36 50 22 47 16 45 31 15 11 34 16 50 15 21 13 50 9 49 39 35 7 48 17 19 50 50 23 49 35 49 31 28 31 50 35 34 12 50 28 24 15 17 8 
29 50 25 25 50 38 50 15 6 10 8 50 50 50 50 45 50 5 11 50 50 50 2 50 29 10 50 50 13 17 16 17 29 47 50 20 50 50 25 7 18 35 50 50 46 48 13 19 32 50 47 50 50 3 50 46 15 49 42 50 50 47 38 50 37 28 49 50 47 50 12 36 39 50 38 22 50 45 18 21 0 41 41 21 21 50 28 50 50 11 22 50 1 2 
22 39 50 14 12 6 43 44 6 44 38 37 46 33 50 50 37 9 23 50 31 16 28 7 49 0 3 50 50 50 32 26 45 50 26 50 27 48 19 35 30 5 50 33 0 11 50 19 44 10 38 43 50 50 12 50 6 50 50 17 49 50 50 50 1 24 23 3 8 50 50 44 34 4 37 50 47 5 23 2 49 40 49 19 33 38 46 27 50 3 38 10 4 
50 3 50 30 37 50 3 38 6 13 29 16 3 50 50 15 1 46 30 29 39 7 48 50 34 44 28 39 11 49 50 30 25 50 22 7 50 45 40 9 50 36 47 46 42 3 13 15 2 50 30 42 39 1 29 50 34 34 5 45 47 48 18 8 7 5 24 50 17 5 3 50 25 2 6 6 50 50 49 42 0 29 7 39 8 38 50 50 50 50 6 40 
33 7 25 32 50 9 48 50 17 46 50 1 40 50 26 1 34 50 50 7 2 40 43 45 31 50 41 44 15 1 31 9 3 48 16 25 10 11 15 50 1 31 20 50 6 6 29 50 50 20 30 14 39 26 38 19 20 50 50 22 42 32 45 30 47 37 30 2 50 47 50 50 23 50 50 14 18 29 29 15 50 45 28 42 9 22 32 14 24 8 50 
38 5 21 50 12 6 44 42 12 26 5 40 31 36 24 50 38 33 16 45 23 14 9 50 11 50 47 41 50 50 50 42 43 50 5 0 50 39 9 50 14 42 22 46 50 29 18 13 50 24 50 3 50 24 13 40 20 24 50 50 13 50 31 50 50 50 20 50 17 44 50 50 38 11 45 20 4 50 27 15 49 50 3 15 41 50 41 50 7 17 
43 25 50 6 8 23 49 50 50 32 29 20 50 22 43 9 17 50 50 38 50 45 50 50 3 5 18 50 13 20 50 22 27 18 50 50 50 50 3 30 46 24 50 11 47 50 10 34 43 50 50 50 45 22 33 28 50 50 15 45 37 0 44 1 34 26 41 8 50 49 50 50 50 50 47 44 34 16 15 50 20 50 9 50 12 19 50 3 28 
50 50 50 45 15 22 48 50 37 11 50 50 50 49 15 33 0 38 50 50 41 1 9 22 3 50 22 50 35 6 22 50 50 50 50 40 36 1 45 36 50 5 15 5 12 50 50 39 16 28 42 40 40 20 46 44 14 2 46 15 50 26 29 50 47 6 21 50 46 20 2 50 25 50 50 4 7 7 50 2 15 50 27 50 50 5 50 50 
4 50 29 27 46 30 50 15 7 27 2 25 50 50 50 47 50 50 50 2 11 12 44 46 37 15 50 11 24 38 11 28 50 39 19 50 28 31 50 40 45 23 50 2 41 42 9 11 46 10 50 50 40 50 37 50 50 28 17 30 50 0 50 50 47 32 47 27 23 25 21 49 10 2 41 29 45 50 38 50 3 32 19 39 50 0 50 
4 50 46 40 31 43 50 43 30 17 6 50 11 29 29 41 42 41 12 20 37 31 50 50 3 40 11 8 43 50 20 22 50 26 41 31 38 9 24 50 39 20 50 19 34 13 46 50 43 38 11 50 45 50 25 50 50 17 24 38 48 14 27 50 42 26 45 7 4 35 50 44 43 50 10 19 50 50 7 50 33 50 1 50 44 6 
13 50 50 1 3 50 8 36 36 11 28 32 19 50 48 24 26 7 50 20 10 12 8 50 42 13 29 47 13 50 50 29 35 39 50 50 22 29 11 50 25 50 34 50 50 50 50 50 6 36 49 49 43 42 27 26 50 50 48 30 8 50 15 30 36 50 48 32 20 32 48 46 10 8 38 46 24 37 48 39 34 4 27 2 12 
18 50 9 50 17 20 50 2 25 50 23 4 13 22 50 50 50 50 41 25 30 50 2 1 4 35 47 50 9 41 50 50 19 43 35 50 9 12 13 22 24 50 10 27 50 4 32 37 50 50 50 16 50 44 48 33 50 7 39 19 21 45 50 50 4 15 24 6 32 44 44 50 25 3 50 50 3 47 2 27 38 18 12 50 
7 37 27 50 30 35 50 27 4 8 24 31 3 39 40 50 20 16 29 20 50 50 11 38 45 1 50 30 50 14 5 50 16 50 50 19 48 6 31 28 47 6 18 25 8 43 36 50 38 50 1 50 23 50 46 32 43 27 50 13 50 16 4 47 50 31 40 43 2 30 25 12 46 50 41 50 13 50 12 20 49 35 50 
22 50 41 45 49 50 32 50 29 21 50 8 50 24 24 21 49 6 50 1 34 34 44 31 36 31 16 50 37 46 50 26 50 43 4 50 41 50 17 50 1 35 33 29 34 18 50 49 34 37 15 8 10 0 16 41 31 27 38 44 17 46 50 28 50 50 9 0 13 50 48 14 26 36 50 37 16 32 50 14 3 46 
50 24 42 8 26 37 13 8 23 45 50 50 50 42 5 50 9 36 50 31 12 29 8 43 25 40 50 48 41 9 12 49 3 0 49 50 4 19 50 50 50 30 12 29 41 39 50 0 42 42 24 0 34 33 50 28 50 36 31 1 17 45 8 30 50 22 24 48 31 43 31 0 3 48 9 50 27 35 50 9 38 
41 7 50 33 34 12 26 50 7 50 33 23 36 15 50 50 47 50 40 8 43 50 50 38 24 22 24 27 46 8 2 32 39 3 38 7 1 21 26 15 45 5 2 27 27 17 50 21 32 47 25 3 2 50 25 50 45 50 32 41 50 9 47 25 36 10 50 50 27 49 3 21 6 21 42 15 14 50 10 34 
50 50 33 41 35 8 20 3 15 40 37 50 50 41 50 50 37 2 39 3 50 11 50 1 50 50 41 37 39 37 9 33 15 50 15 46 50 43 23 40 1 6 4 37 50 20 30 44 2 11 21 38 13 50 16 50 34 10 1 50 50 50 28 7 9 36 7 25 50 50 6 49 50 37 41 24 19 50 0 
50 21 19 50 44 50 10 47 50 12 44 50 14 31 22 50 43 8 44 50 30 24 50 0 30 34 35 41 22 47 15 50 38 16 50 20 50 50 15 34 10 1 50 14 26 50 50 38 50 46 27 50 24 2 11 50 50 15 32 1 29 33 48 28 5 50 24 37 30 44 50 21 50 29 30 50 41 8 
23 6 48 31 33 26 17 27 50 37 17 46 47 32 35 32 50 50 1 39 13 43 13 17 14 8 39 12 17 1 3 45 11 50 50 50 34 19 50 50 50 9 50 45 50 50 30 39 48 23 50 39 38 49 47 22 46 50 50 31 3 44 50 50 15 50 50 12 50 14 8 28 19 32 24 43 16 
1 30 10 21 10 50 5 27 36 39 34 12 34 50 13 26 42 34 50 16 25 50 50 27 50 3 24 1 40 0 9 27 16 18 48 50 47 49 10 5 50 9 32 19 25 23 3 50 35 50 50 39 50 1 14 24 50 13 41 42 41 5 17 43 50 50 18 32 39 13 11 49 3 50 50 50 
24 12 24 50 1 22 16 27 13 50 26 44 6 12 27 50 29 6 27 49 39 50 21 11 50 50 24 1 26 32 34 10 50 36 50 7 15 50 14 35 6 50 47 48 22 1 44 37 21 50 26 22 50 0 50 38 33 19 29 50 4 31 37 17 13 14 50 50 50 3 2 50 42 21 50 
13 11 29 47 15 25 10 38 50 49 23 44 46 31 5 7 26 49 16 0 50 50 29 50 31 25 5 50 10 29 50 8 50 15 50 24 50 50 50 50 25 50 45 50 11 45 28 19 19 22 50 29 50 31 50 1 48 7 29 50 6 49 36 50 50 37 50 50 50 7 21 0 41 31 
19 11 25 28 11 46 49 12 34 42 18 50 37 19 15 50 21 19 17 21 34 50 50 50 19 50 50 17 50 50 50 50 43 11 30 6 50 1 27 50 15 12 26 50 26 27 20 15 0 10 41 22 8 50 50 24 1 49 47 15 14 45 13 20 18 46 35 13 40 23 36 25 0 
50 6 43 25 34 13 25 38 36 27 35 4 50 43 22 26 35 50 9 30 42 50 48 50 34 35 50 37 50 37 5 50 19 22 26 6 38 23 50 44 31 18 50 26 9 26 50 31 50 50 15 47 45 47 47 33 18 34 14 49 19 36 7 21 28 0 40 50 6 34 19 23 
10 24 50 48 50 50 50 9 50 49 18 1 28 50 35 14 20 6 50 47 50 4 17 34 3 41 19 50 50 28 50 16 24 24 29 50 50 3 50 33 30 50 50 25 18 50 30 7 34 18 50 32 50 12 6 32 37 16 31 50 17 41 21 50 14 41 45 39 29 25 24 
38 50 10 7 50 50 31 16 33 50 23 29 50 1 11 17 18 8 21 40 12 4 50 50 50 1 9 23 38 50 50 50 50 48 50 37 46 48 28 50 20 50 50 21 19 50 18 50 50 40 50 26 34 42 50 25 50 35 40 50 25 50 29 14 47 50 4 27 13 13 
50 50 50 28 50 50 23 1 12 31 26 6 50 50 26 50 8 28 16 50 37 49 50 11 28 42 50 50 50 39 46 50 50 50 29 45 50 33 50 47 24 50 48 50 42 2 36 50 50 50 20 50 32 48 31 12 3 12 37 50 10 50 50 49 50 28 44 7 14 
2 3 27 50 1 50 50 13 50 24 43 16 48 44 50 16 42 20 14 33 34 12 15 24 10 32 16 50 7 6 50 50 24 50 50 10 8 31 49 45 50 16 50 50 6 50 45 50 50 50 30 50 50 17 24 50 1 3 38 17 38 50 9 32 31 50 38 31 
26 44 46 35 40 30 36 47 50 11 39 50 50 35 28 50 2 29 50 37 50 29 15 35 3 50 26 50 40 50 43 50 32 50 26 50 31 44 11 10 20 50 8 39 24 48 26 19 49 50 46 31 20 50 47 50 50 50 24 41 50 11 17 27 31 20 48 
22 28 11 50 9 50 41 22 19 19 50 17 0 32 11 27 50 50 43 8 24 50 43 40 44 25 50 22 46 30 47 28 50 50 50 45 48 50 50 13 42 6 16 30 49 31 17 2 46 1 48 2 18 14 50 37 12 20 7 5 22 39 11 44 50 48 
50 50 36 32 50 50 12 50 28 50 50 41 50 30 50 50 34 50 50 50 22 47 30 50 29 7 50 50 27 12 31 50 20 50 50 50 2 32 3 40 5 6 11 11 6 32 34 41 50 50 11 50 16 8 12 50 50 6 50 50 50 5 3 27 21 
48 29 50 50 30 7 29 46 50 36 36 25 8 50 1 45 1 50 45 50 32 17 40 18 0 17 12 50 31 50 15 30 7 6 25 11 5 50 29 50 47 2 17 50 0 23 50 33 11 8 0 32 38 50 50 1 50 50 5 31 8 50 30 5 
27 28 50 30 23 50 24 28 50 43 50 40 50 3 14 40 35 22 1 25 13 20 45 30 46 16 30 7 50 45 50 44 1 50 39 46 42 41 8 22 10 50 29 34 50 29 6 39 4 3 36 44 19 45 50 21 40 39 41 50 17 14 50 
11 7 50 40 41 45 21 31 50 26 49 27 17 46 9 20 27 40 16 33 50 50 32 30 50 48 42 7 50 34 9 42 14 29 34 50 39 41 4 35 14 3 50 12 31 35 50 22 29 11 50 15 50 43 32 50 20 31 18 47 9 28 
50 37 50 50 3 39 17 50 12 11 50 50 9 13 33 0 41 32 50 38 0 4 50 0 33 50 4 23 21 27 8 43 43 50 50 50 50 11 16 50 12 11 50 3 0 18 30 31 41 32 50 1 50 50 2 49 24 35 45 50 50 
18 50 20 10 8 50 19 26 16 41 23 21 3 7 8 21 24 45 18 46 13 47 5 33 42 42 9 45 50 28 25 16 50 9 21 50 29 11 18 30 8 50 19 29 50 18 9 36 50 50 0 20 28 50 50 26 50 2 1 7 
40 13 24 7 50 50 12 4 26 44 50 50 13 48 35 37 41 20 5 38 7 35 49 50 9 23 50 44 21 21 44 32 1 23 15 4 24 7 29 1 50 10 32 5 50 16 46 23 39 23 40 35 0 21 34 50 4 30 41 
4 50 0 32 42 44 50 42 15 50 50 3 8 37 33 10 12 44 13 50 50 19 36 22 35 50 40 44 14 46 23 50 49 50 41 26 2 5 43 20 20 1 50 1 6 0 47 36 28 50 27 14 0 31 24 50 43 27 
45 50 10 6 24 36 35 50 50 5 50 39 28 49 9 50 34 14 50 19 37 50 17 3 17 26 50 12 30 50 50 20 50 1 50 50 34 50 44 49 18 6 50 41 50 39 42 42 45 15 50 50 45 50 47 35 16 
14 34 13 16 50 48 50 47 48 32 50 33 50 27 48 24 44 38 50 11 41 24 3 50 50 47 36 39 35 2 8 33 50 41 29 8 45 48 50 50 9 50 24 13 50 46 29 32 50 35 50 14 50 30 32 50 
50 9 43 50 50 3 47 45 50 45 50 50 28 50 24 50 50 50 16 17 9 45 4 50 38 36 30 31 50 50 36 40 40 36 19 39 14 50 32 23 1 50 22 22 21 44 49 42 34 9 43 9 42 18 50 
6 4 48 4 50 43 31 31 50 50 50 1 34 6 50 7 41 0 42 44 17 50 9 46 10 23 45 50 32 8 36 48 19 22 28 50 20 22 50 13 50 3 36 47 19 10 49 41 36 36 18 0 49 3 
31 45 37 41 5 40 38 50 43 30 46 20 50 50 50 50 28 41 33 31 33 28 13 50 9 10 50 36 28 41 34 15 19 7 7 15 39 13 44 50 39 0 30 50 0 50 8 50 48 40 15 30 24 
50 50 50 7 50 23 19 50 47 20 21 50 35 7 30 50 20 37 39 40 12 35 50 36 46 50 22 50 26 35 24 16 50 16 50 39 50 11 21 17 16 50 40 45 50 50 26 11 34 23 23 50 
48 25 48 36 42 20 18 34 3 5 31 38 44 50 5 48 50 17 6 16 5 21 50 9 41 50 43 50 16 50 19 47 16 46 50 27 21 12 46 8 10 26 32 50 43 50 9 44 26 48 20 
50 12 25 50 20 6 34 29 43 50 1 9 36 4 0 11 37 50 28 10 50 34 47 22 12 2 0 1 27 50 32 0 38 31 2 50 34 50 50 20 32 50 33 10 47 40 12 10 40 50 
50 28 50 42 35 24 50 46 50 0 50 26 42 6 23 43 49 37 36 50 11 5 7 40 5 50 50 44 0 50 30 50 47 21 8 35 20 37 35 21 7 27 13 50 9 4 20 9 12 
21 50 20 29 50 24 34 32 17 26 50 3 19 34 8 8 16 38 9 9 38 43 9 39 50 0 17 22 34 50 12 35 50 19 50 50 50 50 50 29 7 39 50 35 0 7 25 18 
50 50 12 17 26 2 40 32 50 33 37 50 1 34 50 36 9 22 43 29 23 24 50 21 7 37 40 45 28 3 14 12 19 24 45 50 13 29 33 50 18 50 46 50 50 3 42 
7 11 9 2 48 49 25 4 16 39 8 26 25 19 50 50 14 36 3 50 26 19 50 28 18 43 50 24 8 50 40 23 50 39 24 50 15 5 3 17 39 44 10 22 5 19 
50 9 50 39 7 50 47 50 38 13 41 15 23 23 34 50 30 50 50 13 31 24 36 23 43 34 43 39 49 19 50 7 43 33 23 50 27 32 50 47 24 50 10 7 46 
5 16 50 14 20 46 36 13 21 13 23 39 50 28 50 28 50 29 13 48 26 16 0 10 48 32 37 10 34 0 49 50 39 16 16 42 49 50 4 50 33 7 29 50 
8 21 22 43 0 15 50 9 38 50 18 38 50 37 50 17 37 42 42 50 34 36 25 37 50 39 45 2 50 45 25 17 9 50 37 50 5 46 50 50 43 18 50 
17 23 11 0 7 30 14 15 50 32 19 30 50 16 50 17 34 9 50 50 2 35 18 50 50 49 5 50 50 10 13 15 4 33 50 50 50 42 6 48 22 20 
11 42 13 42 50 30 14 24 50 42 0 3 50 50 34 10 24 50 19 50 29 42 29 50 0 30 33 50 11 8 14 31 17 8 19 12 17 38 7 29 19 
29 50 44 17 50 14 38 37 9 29 1 38 24 31 46 24 2 21 50 1 21 50 44 2 20 38 9 22 20 20 50 42 18 38 5 44 15 18 50 17 
0 15 24 33 43 4 19 49 38 10 50 12 50 46 40 7 11 50 32 34 3 50 50 43 50 50 41 21 50 35 6 37 24 28 20 32 38 50 50 
50 23 50 28 12 43 50 35 46 49 0 50 39 24 50 8 43 50 31 11 10 11 18 36 50 50 26 50 50 2 50 29 41 36 39 23 30 50 
34 43 46 31 7 3 2 50 9 28 30 25 37 32 41 20 27 50 10 20 25 50 39 50 9 29 50 50 40 25 45 21 39 50 50 50 14 
6 50 29 17 2 22 50 33 18 47 7 43 26 15 12 33 50 10 47 4 13 50 15 34 13 50 50 25 2 28 0 25 45 22 50 36 
50 35 9 39 21 50 26 29 50 50 20 49 50 25 17 50 39 4 32 22 45 50 17 4 0 13 1 45 50 50 13 7 31 50 50 
50 50 33 33 50 6 46 22 50 26 25 50 50 11 14 50 37 2 38 50 50 8 21 16 25 33 9 20 14 36 50 50 32 34 
50 23 50 48 50 33 36 9 18 1 27 49 43 4 34 25 48 30 29 50 39 34 12 36 4 28 45 2 10 8 44 41 35 
47 13 15 28 50 41 45 47 37 43 8 50 50 40 25 48 4 2 23 12 37 48 1 21 31 1 37 8 50 8 20 50 
50 23 33 40 50 16 2 50 50 50 8 20 26 11 0 21 50 50 34 31 30 40 2 29 40 23 43 50 50 31 43 
36 12 41 34 29 6 50 41 30 12 36 49 0 46 32 50 50 34 50 7 36 30 13 29 35 50 30 22 46 50 
32 12 28 2 49 44 12 34 9 50 11 33 50 17 6 50 50 50 50 18 42 32 17 50 50 29 38 30 50 
11 2 45 21 13 15 36 11 33 50 48 21 25 41 22 32 50 48 28 5 2 17 18 32 49 32 13 32 
50 10 50 30 50 4 50 0 14 50 48 50 49 50 9 9 32 14 15 33 50 20 17 50 50 5 50 
19 3 26 50 33 50 15 50 29 36 50 24 8 40 3 50 48 49 24 49 5 14 47 11 34 50 
30 10 43 25 18 39 35 36 50 10 18 49 50 50 50 7 28 41 28 50 11 50 45 50 26 
8 39 50 13 16 18 50 15 49 41 50 48 35 50 3 34 5 13 36 27 36 50 50 24 
26 31 9 45 50 27 41 2 5 32 50 50 2 13 50 50 43 18 44 50 31 7 4 
31 13 44 26 20 11 15 43 40 50 33 15 27 34 39 2 47 49 50 28 46 6 
10 27 35 49 37 22 27 2 47 50 14 26 27 5 1 4 20 32 32 4 50 
3 9 38 8 26 25 16 37 50 50 9 6 50 5 1 43 50 50 28 36 
24 19 50 50 50 49 50 13 50 32 50 50 38 50 50 50 47 50 50 
37 37 10 6 22 20 50 17 22 50 34 50 8 50 6 50 31 10 
50 16 20 45 25 10 7 50 12 16 33 49 50 37 50 11 50 
45 50 50 18 50 50 47 47 50 4 50 34 50 50 15 24 
22 48 41 13 50 14 12 50 50 4 37 22 50 20 49 
39 1 50 46 26 50 6 50 50 42 9 31 27 49 
24 5 50 28 41 19 50 48 13 21 50 31 4 
46 2 33 50 36 0 22 24 50 50 9 39 
19 49 29 49 6 15 19 14 30 44 50 
3 39 46 33 13 43 7 37 50 34 
20 50 28 24 16 34 50 36 20 
36 44 4 22 50 1 20 39 
11 4 50 27 6 31 50 
50 24 41 14 50 15 
32 21 50 50 50 
27 5 8 50 
47 26 46 
17 22 
9 

