50 62
55 45 60 26 62 11 45 12 55 8 43 1 47 5 9 17 62 51 7 18 2 38 16 62 11 62 20 47 62 8 42 37 23 62 62 58 43 53 62 46 31 50 43 16 34 45 51 10 38 62
45 61 5 61 22 62 16 52 56 22 18 54 48 48 2 8 59 40 9 26 62 48 52 62 33 25 62 62 22 52 24 62 50 20 38 49 7 4 21 20 13 53 62 20 51 16 18 17 62
1 31 42 25 6 21 41 15 59 51 39 42 43 52 48 53 31 41 22 0 26 27 17 32 36 8 62 62 34 41 31 12 55 62 55 11 47 3 21 8 24 30 62 3 50 62 45 62
36 39 53 56 61 23 62 62 17 62 52 57 30 20 50 47 15 62 27 14 34 26 28 21 61 30 62 6 7 55 62 0 8 27 41 37 15 23 24 30 24 50 37 6 47 36 62
62 62 29 62 62 49 7 7 30 53 30 43 44 5 54 49 41 7 60 38 43 38 38 38 58 62 26 56 40 55 48 6 27 12 61 32 2 30 13 2 62 24 6 6 8 62
62 3 11 62 62 62 62 62 62 62 62 62 62 62 62 62 20 62 62 62 62 62 62 62 62 62 62 62 62 62 62 62 62 62 62 62 62 62 62 62 62 62 62 62 62
62 62 62 62 62 62 62 62 62 62 62 62 62 62 62 62 62 62 62 62 62 62 62 62 62 62 62 62 47 62 62 62 62 62 62 13 62 62 62 62 62 62 62 62
62 62 62 62 34 62 62 62 62 62 62 62 62 62 62 62 62 62 62 62 62 62 0 62 62 62 62 62 62 62 62 62 62 62 62 62 62 62 62 62 62 62 62
62 62 31 62 62 62 62 62 62 62 62 62 62 62 62 62 62 62 62 62 62 62 62 48 62 62 62 62 62 62 62 62 62 62 62 62 62 62 58 62 62 62
62 62 62 62 62 62 62 62 62 62 62 62 11 62 62 62 62 62 62 62 62 62 62 62 62 62 62 19 62 62 62 62 62 62 62 62 62 62 62 62 62
62 62 62 62 62 62 62 62 8 62 62 62 62 62 62 62 62 62 62 62 62 62 62 62 62 62 62 62 62 62 62 62 62 62 62 62 62 62 62 62
62 62 62 62 62 62 62 62 62 62 62 62 62 62 62 62 62 62 62 62 62 62 62 62 62 62 62 62 62 62 62 62 62 62 62 62 62 62 62
62 62 62 62 62 62 62 62 62 62 62 62 62 62 62 62 62 62 62 62 62 62 62 62 62 62 62 62 62 62 62 62 39 62 62 62 59 62
62 62 62 62 7 62 62 55 62 62 62 62 26 62 62 62 62 62 62 62 62 62 62 62 62 62 62 62 62 62 62 62 62 62 62 62 62
62 62 62 62 62 62 62 62 62 62 62 4 62 62 57 62 62 62 62 62 62 62 62 62 62 62 62 62 26 62 62 62 62 62 62 62
62 62 62 62 62 62 62 62 62 62 62 62 62 62 62 62 62 62 62 62 7 62 62 62 62 62 62 62 62 62 62 62 62 62 62
62 62 31 62 62 62 62 62 62 62 62 62 62 62 62 62 62 62 62 62 62 62 62 62 62 62 62 62 62 62 62 62 62 62
62 62 62 62 62 7 62 62 62 62 62 62 62 62 62 62 62 62 62 62 62 62 62 62 62 62 62 62 19 62 62 62 62
62 62 62 62 62 62 62 62 62 62 62 62 62 62 62 62 62 62 62 62 62 62 62 58 62 62 62 62 62 62 62 62
62 62 62 62 62 62 62 10 62 62 62 62 62 62 62 62 62 62 62 62 62 62 62 62 62 62 62 62 62 62 62
62 62 62 62 62 62 62 62 62 62 25 62 62 62 62 62 62 62 62 62 62 39 62 62 62 62 62 62 62 62
62 62 62 62 62 62 62 62 62 62 62 62 62 62 62 62 62 62 62 62 62 62 62 62 62 62 62 62 62
62 62 62 62 62 62 62 62 62 62 62 62 29 62 62 62 62 62 62 62 62 62 62 62 62 62 62 62
62 31 62 62 62 62 62 62 62 62 62 62 62 62 62 62 62 62 62 62 62 62 62 62 62 62 62
62 57 62 62 62 62 62 62 62 62 62 62 62 62 62 62 18 62 62 62 62 62 62 62 62 62
62 62 62 62 62 62 62 62 62 62 62 62 62 62 62 62 62 62 62 62 62 62 62 62 62
62 62 62 62 62 62 62 62 62 62 62 62 62 62 62 62 62 62 62 62 62 62 62 62
62 62 62 62 62 62 55 62 62 62 62 62 62 62 62 62 62 62 62 62 62 62 62
62 62 26 62 62 62 62 62 62 62 62 31 62 62 62 62 62 62 62 62 62 62
62 62 62 62 62 62 7 62 62 62 62 62 62 62 62 62 62 62 62 62 62
62 62 62 62 62 62 62 62 62 62 62 62 62 62 62 62 62 62 62 62
62 62 62 62 62 62 62 62 62 62 62 62 62 62 62 62 62 62 62
62 62 62 62 62 62 62 62 62 62 62 62 62 62 62 62 62 62
11 62 62 62 62 62 62 62 62 62 62 62 3 62 62 62 62
62 62 62 62 62 62 62 62 62 62 62 62 62 59 62 62
62 62 62 62 62 62 62 62 62 62 62 62 62 62 62
62 62 62 62 62 62 62 62 62 62 62 62 62 62
62 62 62 62 62 62 62 62 62 62 62 62 62
62 17 62 62 62 62 62 62 62 62 62 62
62 62 62 19 62 62 62 62 62 62 62
62 62 62 62 62 62 62 62 62 62
62 62 62 62 62 62 62 62 62
62 62 62 62 62 62 62 62
62 62 62 62 62 62 62
62 62 62 62 62 62
62 62 62 62 62
62 62 62 62
62 62 62
62 62
62
