50 62
22 55 11 2 3 3 5 29 17 47 62 62 20 58 57 4 41 47 16 62 4 30 8 13 62 58 62 32 62 62 62 1 61 29 62 30 62 24 31 34 62 55 1 4 54 62 3 23 62 62
36 48 9 34 56 24 3 58 53 62 49 62 54 60 54 62 40 2 27 26 51 8 14 51 47 47 61 58 62 62 46 3 39 20 62 2 10 35 62 34 44 23 14 62 43 31 37 20 62
27 4 12 62 25 61 9 28 39 8 62 22 51 53 27 32 50 58 43 62 5 6 33 37 29 30 62 12 58 38 20 30 8 38 59 27 49 40 57 31 24 44 29 6 32 7 12 62
47 44 62 55 45 55 14 19 13 29 31 24 62 20 45 14 10 1 62 62 47 62 50 53 53 26 48 59 62 28 39 45 49 40 19 21 62 43 51 32 2 1 0 40 43 4 62
62 7 44 21 51 5 39 62 52 19 9 62 30 55 29 27 62 59 0 37 41 11 6 52 31 16 62 33 14 52 35 60 15 44 57 28 38 15 24 38 22 43 3 3 62 62
40 40 54 22 30 36 54 41 42 37 43 62 1 47 27 62 62 62 62 62 62 62 62 62 62 62 62 62 62 62 62 62 62 62 62 62 62 62 62 62 62 62 62 62 62
62 30 62 62 62 62 62 62 62 62 62 62 62 62 62 62 62 62 62 62 62 62 56 62 62 62 62 62 62 62 62 62 62 62 62 62 62 62 62 62 62 62 62 62
62 62 34 62 62 62 62 62 62 62 62 62 62 62 62 62 62 62 62 62 62 62 62 62 15 62 62 62 62 62 62 62 62 62 62 62 62 62 62 62 62 62 62
62 62 62 60 62 62 62 62 62 62 62 62 62 62 62 62 62 62 62 62 62 62 62 62 62 62 62 62 62 62 62 62 62 62 62 62 62 62 62 62 62 62
62 62 62 62 62 62 62 62 62 62 62 62 62 62 62 62 62 62 62 62 62 62 62 62 62 62 62 62 62 62 62 62 62 62 62 62 62 62 62 62 62
62 62 62 62 62 62 62 62 62 62 62 62 62 62 62 62 62 62 62 62 62 62 62 62 62 62 62 41 62 62 62 62 62 62 62 62 62 62 62 62
62 62 62 62 62 62 62 62 62 62 62 62 62 62 1 62 62 62 62 62 62 62 62 62 62 62 62 62 62 62 62 62 62 62 62 12 62 62 62
62 62 62 62 62 62 62 62 62 62 62 62 62 62 62 62 62 62 62 62 62 62 62 62 62 62 62 62 62 62 62 62 62 62 62 62 62 62
62 62 62 62 62 62 62 62 62 62 62 62 62 62 62 62 62 62 62 62 62 62 62 62 62 62 8 62 62 62 62 62 62 33 62 62 62
62 62 62 62 62 62 62 62 62 62 62 62 62 62 62 62 62 62 62 62 62 62 62 62 62 62 62 62 62 62 62 62 62 62 62 62
62 62 62 62 62 62 62 62 62 62 62 62 62 62 62 62 62 62 62 62 62 62 62 62 62 62 62 62 62 62 62 62 62 62 62
62 62 62 62 62 38 62 62 62 62 62 62 62 62 62 62 62 62 62 62 62 62 62 62 8 62 62 62 62 62 62 62 62 62
62 62 62 62 62 62 62 62 62 62 62 62 62 62 62 62 62 62 62 62 62 62 62 62 62 2 62 62 62 62 62 62 62
62 62 62 62 62 62 62 62 62 62 62 62 62 62 62 62 62 62 62 62 1 62 62 62 62 62 62 62 62 62 62 62
62 62 62 62 62 62 62 62 62 62 62 62 62 62 62 62 62 62 62 62 62 62 62 62 62 11 62 62 62 62 62
16 62 62 62 62 62 62 30 62 62 62 62 62 62 62 62 62 62 62 62 62 62 62 62 62 62 62 62 62 62
62 62 62 62 62 62 62 62 62 62 62 62 62 62 62 62 62 62 62 62 62 62 62 62 7 62 62 62 62
62 62 62 62 62 62 62 62 62 62 62 62 62 62 53 62 62 62 62 62 62 62 62 62 62 55 62 62
62 62 62 62 62 62 62 62 12 62 62 62 62 62 62 62 62 62 62 62 62 62 62 62 62 62 62
62 62 62 62 62 62 62 62 62 62 62 62 62 62 62 62 62 62 62 62 62 62 62 54 62 62
62 62 62 62 62 62 62 62 62 62 40 62 62 62 62 62 62 62 62 62 62 62 62 12 62
62 62 62 62 62 62 62 62 62 62 62 62 62 62 62 62 62 62 62 62 62 62 62 62
62 62 47 62 62 62 62 62 62 62 62 62 62 62 62 62 62 62 62 62 62 62 62
62 62 62 3 62 62 62 62 62 62 62 62 62 62 62 62 62 62 62 62 62 62
62 62 62 62 62 40 62 62 62 62 62 62 62 62 62 62 62 62 62 62 62
62 62 62 62 62 62 62 62 62 62 62 62 62 62 62 62 62 62 62 62
58 62 62 62 62 62 62 62 62 62 62 62 62 62 62 62 62 62 62
62 62 62 62 62 62 62 62 62 62 62 62 62 62 62 62 62 62
62 62 62 62 62 62 62 62 62 23 62 62 62 62 62 62 62
62 62 62 62 62 62 62 62 62 62 62 40 62 62 62 62
62 62 62 0 62 62 62 62 62 62 62 62 62 62 62
62 62 62 62 62 36 62 62 62 62 62 62 62 62
62 62 62 62 62 62 62 62 62 62 62 62 62
62 62 62 62 62 62 62 62 62 62 62 62
62 62 62 62 62 62 62 62 62 62 62
62 62 62 62 62 43 62 62 62 62
62 62 62 23 62 62 62 62 62
62 62 62 62 62 62 62 62
62 62 62 62 62 62 62
62 62 62 62 62 62
62 62 62 62 62
62 62 62 62
62 62 62
62 62
62
