100 125
125 125 125 75 35 5 125 125 125 111 125 125 91 74 114 37 125 125 125 26 90 17 89 125 125 83 125 6 125 40 125 104 10 125 67 36 73 121 39 97 125 125 85 33 125 125 125 76 125 125 125 125 44 125 125 0 1 125 125 125 68 70 82 125 125 125 125 115 70 125 125 125 125 125 44 125 36 125 125 125 123 85 18 125 123 44 125 17 92 125 125 125 125 125 125 37 62 10 125 125
108 38 125 125 25 125 125 125 125 125 79 125 125 29 27 125 100 41 60 125 18 125 125 125 125 125 109 11 97 125 34 36 125 125 5 60 125 43 125 111 125 125 125 125 58 125 125 44 20 10 125 56 111 125 2 125 109 125 125 65 95 102 125 125 18 94 125 113 125 125 125 35 30 97 13 66 52 125 125 125 10 125 125 125 125 61 31 55 125 125 12 89 125 124 100 125 107 23 125
125 97 45 125 125 125 125 31 66 125 99 125 24 86 125 15 125 125 125 68 125 125 125 125 72 88 95 125 125 22 125 125 94 125 125 125 125 125 16 125 125 112 125 41 125 71 125 125 125 8 15 9 125 125 125 72 125 61 125 125 30 125 49 26 21 125 125 17 60 114 125 125 106 125 52 68 125 125 125 52 125 71 125 80 125 125 125 125 125 125 79 125 125 125 84 52 10 125
99 32 125 2 125 125 125 125 125 125 125 125 115 125 125 48 125 125 125 125 125 64 125 65 98 125 125 105 10 100 125 50 55 125 120 125 125 54 125 125 105 21 125 51 125 125 125 110 25 125 49 125 125 110 9 125 97 38 60 125 69 125 125 23 107 109 125 96 125 125 123 7 125 125 125 125 125 74 125 121 111 43 125 104 125 125 52 125 125 125 125 37 125 125 23 125 125
109 125 125 125 5 125 125 125 99 28 78 125 125 77 125 20 125 125 125 125 125 125 74 125 125 125 32 115 125 125 125 125 125 40 125 117 41 4 8 125 104 125 125 125 125 125 125 73 102 62 125 41 125 125 125 125 125 104 47 125 125 61 125 104 125 125 11 125 58 48 125 115 125 93 125 125 104 125 7 19 125 116 43 125 33 13 125 125 125 125 125 125 125 108 125 125
125 125 36 125 125 125 69 103 25 125 59 59 125 125 115 125 31 62 125 125 5 125 125 125 125 53 16 20 125 125 125 125 125 112 125 65 125 69 125 125 125 125 125 125 4 125 125 125 125 125 26 124 80 89 125 115 52 125 125 125 83 125 92 125 89 27 18 34 74 125 25 125 125 125 125 102 19 60 125 42 116 118 125 125 29 125 125 44 77 125 46 125 93 70 125
125 75 106 125 125 5 125 58 7 125 125 125 125 125 7 125 92 125 125 125 101 125 125 125 90 79 8 125 28 125 64 22 82 125 68 125 125 31 125 125 125 125 102 125 125 74 34 50 125 12 125 84 125 31 91 125 125 125 125 55 114 74 81 125 13 125 125 100 73 73 68 125 26 125 125 125 125 125 125 125 87 50 78 70 125 125 97 125 125 125 125 125 122 125
125 1 41 61 125 5 61 28 125 73 125 125 125 125 97 119 125 125 125 125 125 125 81 84 59 125 125 125 125 68 68 95 125 125 53 125 125 125 72 54 125 125 125 125 88 125 125 125 123 125 37 30 54 125 87 125 67 125 125 125 108 104 19 56 125 110 125 63 125 1 111 125 125 125 125 21 20 64 125 125 52 125 125 7 118 125 125 125 31 125 125 125 125
125 47 125 125 125 116 125 66 125 66 25 125 37 125 9 124 125 45 37 125 16 4 125 91 125 113 125 62 125 125 85 125 40 48 125 114 125 27 91 74 71 125 14 125 76 25 104 125 125 125 125 61 125 18 4 125 78 21 106 125 125 25 119 125 125 63 125 125 125 125 88 57 65 26 108 125 125 54 125 125 125 3 123 34 2 111 125 92 18 21 65 125
18 125 42 125 125 125 16 91 125 125 125 125 125 125 105 125 125 66 125 125 53 125 125 125 10 125 125 125 96 125 125 125 125 125 125 0 14 125 125 26 25 45 45 125 120 34 125 125 60 17 125 106 24 47 125 40 42 71 125 125 125 125 125 90 125 88 74 114 125 23 104 70 125 125 125 125 101 28 125 114 125 19 125 6 17 125 47 125 120 74 125
125 3 125 125 125 37 125 11 125 125 56 94 31 125 125 13 125 58 125 125 41 125 125 60 103 19 125 72 46 125 125 29 125 66 125 37 125 58 125 46 20 125 125 94 29 84 125 125 125 81 125 125 13 125 118 125 20 125 30 8 125 6 6 125 13 125 101 125 80 97 72 125 60 125 125 87 56 125 125 121 125 125 110 125 32 125 110 125 38 125
125 125 90 125 98 58 83 125 55 8 125 71 85 25 125 125 53 125 125 2 122 92 49 125 121 125 125 125 125 125 125 125 125 28 51 88 26 122 53 120 29 125 125 125 73 28 93 125 125 125 125 35 125 125 125 125 48 72 125 58 125 9 125 90 122 82 125 70 103 122 125 85 125 125 44 117 75 7 24 125 68 88 92 125 125 92 95 125 125
19 49 7 65 125 125 125 125 44 125 125 35 122 70 125 125 120 125 125 125 125 125 41 36 125 71 125 114 125 2 10 94 55 77 75 125 120 125 19 60 125 100 125 36 85 47 98 125 125 122 125 125 68 125 89 125 125 125 5 125 57 120 70 125 100 63 102 125 125 125 125 125 31 125 125 89 25 88 125 39 125 117 15 125 125 125 18 125
53 125 63 125 125 125 47 125 125 95 102 58 125 125 125 125 125 125 68 125 122 23 125 60 0 125 49 14 125 125 76 125 125 18 114 101 125 125 125 51 125 6 125 87 90 27 12 32 125 17 125 125 31 9 60 125 125 96 112 125 3 125 125 83 125 125 125 125 123 125 125 80 125 110 125 125 116 125 125 78 125 84 125 125 60 125 125
25 125 125 125 116 125 87 125 99 65 125 68 11 125 28 125 125 6 125 19 125 125 125 73 125 125 125 125 125 108 55 6 125 125 125 125 125 49 125 41 15 103 3 63 125 125 28 116 113 125 125 125 125 92 125 125 125 125 16 90 41 125 125 20 78 123 84 125 125 125 125 125 125 125 125 125 125 125 64 125 125 60 123 125 125 125
125 30 125 75 76 125 31 125 125 125 10 2 125 125 125 125 68 92 47 106 117 28 125 4 2 82 52 125 55 125 60 125 125 123 122 125 125 34 125 20 119 125 12 125 125 104 125 125 125 125 125 125 125 125 125 78 125 110 50 38 44 125 125 77 125 71 125 28 120 125 125 125 69 125 125 125 100 125 125 56 125 125 125 108 125
29 38 94 109 0 2 42 61 125 125 125 125 20 34 125 56 125 125 125 51 125 125 60 125 125 20 125 112 125 44 125 125 125 51 112 44 3 75 80 11 125 125 29 39 119 19 125 125 125 81 39 125 41 125 35 125 79 125 119 125 125 125 76 43 125 28 125 92 54 125 125 125 125 90 125 125 83 125 125 43 125 125 113 125
125 125 125 125 125 91 125 125 125 114 125 73 125 125 124 125 12 125 125 18 125 64 125 125 52 125 125 125 125 48 125 9 90 125 125 125 45 58 105 40 125 8 125 75 125 125 43 125 125 3 51 125 50 70 45 89 125 125 51 125 71 125 125 125 50 125 21 125 39 125 125 125 125 45 125 84 2 14 125 17 97 125 125
40 5 125 91 34 125 125 30 8 61 36 125 118 125 125 55 125 125 125 125 125 125 125 125 63 89 125 101 125 8 125 118 42 72 125 78 125 122 46 125 37 125 96 39 125 125 30 70 125 125 87 45 125 125 125 125 94 8 4 12 58 125 125 125 122 44 13 125 125 114 100 96 125 0 125 80 83 42 125 125 51 125
103 125 125 109 111 82 107 80 98 30 125 66 77 90 54 125 125 125 15 125 9 13 125 125 125 125 85 28 85 125 111 125 125 125 1 22 28 96 7 125 125 125 8 125 58 40 87 125 125 125 125 125 125 124 125 87 0 56 125 68 44 125 125 125 125 114 78 120 125 125 125 125 125 18 6 125 125 125 125 84 125
125 125 125 125 53 125 125 74 2 125 74 30 85 57 61 125 125 88 125 125 109 39 54 107 81 125 55 125 125 42 98 49 125 125 125 125 125 125 125 38 125 125 125 125 24 125 125 13 36 19 125 103 25 125 125 125 125 125 96 108 19 8 125 113 107 117 20 16 22 125 125 37 125 125 71 54 125 45 88 125
99 34 125 125 113 125 125 125 125 88 125 125 125 125 125 125 125 125 125 125 125 21 16 125 70 84 125 52 125 20 125 125 125 71 125 125 125 120 125 125 125 125 63 37 125 1 125 91 125 125 88 52 125 53 90 117 31 125 17 37 125 70 125 79 125 109 125 125 25 125 125 3 125 125 80 125 125 125 125
6 125 42 125 125 92 80 86 19 125 88 38 125 19 125 90 46 125 24 20 27 50 76 125 125 36 125 104 93 26 125 125 11 123 125 125 125 125 23 106 125 125 125 62 125 89 125 87 125 125 125 125 125 125 125 125 125 125 125 124 125 125 125 125 125 125 125 125 125 125 125 125 125 125 125 125 125 125
125 125 125 125 125 125 125 125 125 125 125 125 125 125 125 125 125 125 125 125 125 125 125 125 125 125 125 125 125 125 125 125 125 125 125 125 125 125 125 125 125 125 125 125 125 125 125 125 125 125 125 125 125 125 125 125 125 125 125 125 125 125 125 125 125 125 125 125 125 125 125 125 125 125 125 125 125
125 125 125 125 125 125 125 125 125 125 125 125 125 125 125 125 125 125 125 125 125 125 125 125 125 125 125 125 125 125 125 125 125 125 125 125 125 125 125 125 125 125 125 125 125 125 125 125 125 125 109 125 125 125 125 125 125 125 125 125 125 125 125 125 125 125 125 125 125 125 125 125 125 125 125 125
125 125 125 125 125 125 125 125 125 125 125 125 125 125 125 125 125 125 125 125 125 125 125 125 125 125 125 125 125 125 125 125 125 125 125 125 125 125 125 125 125 125 125 125 125 125 125 125 125 125 125 125 125 125 125 125 125 125 125 125 125 125 125 125 125 125 125 125 125 125 125 125 125 125 125
125 125 125 125 125 125 125 125 125 125 125 125 125 125 125 125 125 125 125 125 125 125 125 125 125 125 125 125 125 125 125 125 125 125 125 125 125 125 125 125 125 125 125 125 125 125 125 125 125 125 125 125 125 125 125 125 125 125 125 125 125 125 125 125 125 125 125 125 125 125 125 125 125 125
125 125 125 125 125 125 125 125 125 125 125 125 125 125 125 62 125 125 125 125 125 125 125 125 125 125 125 125 125 13 125 125 125 125 125 125 125 125 125 125 125 125 125 125 125 125 125 125 125 125 125 125 125 125 125 125 125 125 125 125 125 125 125 125 125 125 125 125 125 125 125 125 125
125 125 125 125 125 125 125 125 125 125 125 125 125 125 125 125 125 125 125 80 125 125 125 125 125 125 125 125 125 125 125 125 125 125 125 125 125 125 125 125 125 125 125 125 125 125 125 125 125 125 125 125 125 125 125 125 125 125 125 125 125 125 125 125 125 125 125 125 125 125 125 125
125 125 125 125 125 125 125 125 125 125 125 125 125 125 125 125 125 125 125 125 125 125 125 125 72 125 125 125 125 125 125 125 125 125 125 125 125 125 125 125 125 125 125 125 125 125 125 125 125 125 125 125 125 125 125 125 125 125 125 125 125 125 125 125 125 125 125 125 125 125 125
125 125 125 125 125 125 125 125 125 125 125 125 125 125 125 125 125 125 125 125 125 125 125 125 125 125 125 125 125 125 125 125 125 125 125 125 125 125 125 125 125 125 125 125 125 125 125 125 125 125 125 125 125 125 125 125 125 125 125 125 125 125 125 125 125 125 30 125 125 125
125 125 125 125 125 125 125 125 125 125 125 125 125 125 125 125 125 125 125 125 125 125 125 125 125 125 125 125 125 125 125 125 125 125 125 125 125 125 125 125 125 125 125 125 125 125 125 125 125 125 125 125 125 125 15 125 125 125 125 125 125 125 125 125 125 125 125 125 125
125 125 125 125 125 125 125 125 125 125 125 125 125 125 125 125 125 125 125 125 125 125 125 125 125 125 125 125 125 125 125 125 125 125 125 125 125 125 125 125 125 125 125 125 125 125 125 125 125 125 125 125 125 125 125 125 125 125 62 125 125 125 125 125 125 125 125 125
125 125 125 125 125 125 125 125 125 125 125 125 125 125 125 125 125 125 125 125 125 125 125 125 125 125 125 125 125 125 125 125 110 125 125 125 125 125 125 125 125 125 125 125 125 125 125 125 125 125 125 125 125 125 125 125 125 125 125 125 125 125 125 125 125 125 125
125 125 125 125 125 125 125 125 125 125 125 125 125 125 125 125 29 125 125 125 125 125 125 125 125 125 125 125 125 125 125 125 125 125 125 125 125 125 125 125 125 125 125 125 125 125 125 125 125 125 125 125 125 125 125 125 125 125 125 125 125 125 125 125 125 125
125 125 125 125 125 125 125 125 125 125 125 125 125 125 125 125 125 125 125 125 125 125 125 125 125 125 125 125 125 125 125 125 125 125 125 125 112 125 125 125 125 125 125 125 125 125 125 125 125 125 125 125 105 125 125 125 125 125 125 125 125 125 125 125 125
125 125 125 125 125 125 125 125 125 125 125 125 125 125 125 125 125 125 125 125 125 125 125 125 125 125 125 125 125 125 125 125 125 125 125 125 125 125 125 125 125 125 125 125 125 125 125 125 125 125 125 125 102 125 125 125 125 125 125 125 125 125 125 125
125 125 125 125 125 125 125 125 125 125 125 125 125 125 125 125 125 125 125 125 125 125 125 125 125 125 125 125 125 125 125 125 125 125 125 125 125 125 125 125 125 125 125 125 125 125 125 125 125 125 125 125 125 125 53 125 125 125 125 125 125 125 125
125 125 125 125 125 125 125 125 125 125 125 125 125 125 125 102 125 125 125 125 125 125 125 125 125 125 125 125 125 125 125 125 125 125 125 125 125 125 125 125 125 125 125 125 125 125 125 125 125 125 125 125 125 125 125 125 125 125 125 125 125 125
125 125 125 125 125 125 125 125 125 125 125 125 125 125 125 125 125 125 125 125 125 125 125 125 125 125 125 125 125 125 125 125 125 125 125 125 125 125 125 125 125 125 125 125 125 125 125 125 125 125 125 125 125 125 125 125 125 125 125 125 125
125 125 125 125 125 125 125 125 125 125 125 125 125 125 125 125 125 125 125 125 125 125 125 125 125 125 125 125 125 125 125 125 125 125 125 51 125 125 125 0 125 125 125 125 125 125 125 125 125 125 125 125 125 125 125 125 1 125 125 125
125 125 125 125 125 125 1 125 125 125 125 125 125 125 125 125 125 125 125 125 125 125 125 125 125 125 125 125 125 125 125 125 125 125 125 125 125 125 125 125 125 125 125 125 125 125 125 125 125 125 125 125 125 125 125 125 125 125 125
125 125 125 125 125 125 125 125 125 125 125 125 125 125 125 125 125 125 125 125 125 125 125 125 125 125 125 125 125 125 125 125 125 125 125 125 125 125 125 125 125 125 125 125 125 125 125 125 125 125 125 125 21 125 125 125 125 125
125 125 125 125 125 125 125 125 125 125 125 125 125 125 125 125 125 125 125 125 125 125 125 125 125 125 125 125 125 125 125 125 125 125 125 125 125 125 125 125 125 125 94 125 125 125 125 125 125 125 125 125 125 125 125 125 125
125 125 125 125 125 125 125 125 125 125 125 125 125 125 125 125 125 125 125 125 125 125 125 125 125 8 125 125 125 125 125 125 125 125 125 125 125 125 125 125 125 125 125 125 125 125 125 125 125 125 125 125 125 125 125 125
125 125 125 125 125 125 125 125 125 125 125 125 125 125 125 125 125 125 125 125 125 125 125 125 125 125 125 125 125 125 125 125 125 125 125 125 125 125 1 125 125 125 125 125 125 125 125 125 125 125 125 125 125 125 125
125 125 125 125 125 125 125 125 125 125 125 125 125 125 10 125 125 125 125 125 125 125 125 125 125 125 125 125 125 125 125 125 125 125 125 125 125 125 125 125 125 125 125 125 125 125 125 125 125 125 125 125 125 125
125 125 125 125 85 125 125 125 125 125 125 125 125 125 125 125 125 125 125 125 125 125 125 125 125 125 125 125 125 125 125 125 125 125 125 125 125 125 125 125 125 125 125 125 125 125 125 125 125 125 125 125 125
125 125 125 125 125 125 125 125 125 125 64 125 125 125 125 125 125 125 125 125 125 125 125 125 125 125 125 125 125 125 125 125 125 125 125 125 125 125 125 125 125 125 125 125 125 125 125 125 125 125 125 125
125 125 125 125 125 125 125 125 125 125 125 125 125 125 125 125 125 125 125 125 125 125 125 21 125 125 125 125 125 125 125 125 125 125 125 125 125 125 125 125 125 125 125 125 125 125 125 125 125 125 125
125 125 125 125 125 125 125 125 125 125 125 125 125 125 125 125 125 125 125 125 125 125 125 125 125 125 125 125 125 125 125 125 125 125 125 125 125 125 125 125 125 125 125 125 125 125 72 125 125 125
125 125 125 125 125 125 125 125 125 125 125 125 125 125 125 125 125 125 125 125 125 125 125 125 125 125 125 125 125 125 125 125 125 125 125 125 125 125 125 125 125 125 125 125 125 125 125 125 125
125 125 125 125 125 125 125 125 125 125 125 125 125 125 125 125 125 125 125 125 125 125 125 125 125 125 125 125 125 125 125 125 125 59 125 125 125 125 125 125 125 125 125 125 125 125 125 125
125 125 125 125 125 125 125 125 125 125 125 92 125 125 125 125 125 125 125 125 125 125 125 125 125 125 125 125 125 125 125 125 125 125 125 125 125 125 125 125 125 125 125 125 125 125 125
125 125 125 125 125 125 125 125 125 125 125 125 125 125 125 125 125 125 125 125 125 125 125 125 125 125 125 125 125 125 125 125 125 125 125 125 125 125 125 125 125 125 125 125 125 125
125 125 125 125 125 125 125 125 125 125 125 125 125 125 125 125 125 125 125 125 125 125 125 125 125 125 125 125 125 125 125 125 14 125 66 125 125 125 125 125 125 125 125 125 125
125 125 125 125 125 125 125 125 125 125 125 125 125 125 125 125 125 125 125 125 125 125 125 71 125 125 125 125 125 125 125 125 125 125 125 125 125 125 125 125 125 125 125 125
125 125 125 125 125 125 125 125 125 125 125 125 125 125 125 125 125 125 125 125 125 125 125 125 125 125 125 125 125 125 125 125 125 125 125 125 125 125 125 125 125 125 125
125 125 125 125 125 125 125 125 125 113 125 125 125 125 125 125 125 125 125 125 125 125 125 125 125 58 125 125 125 125 125 125 125 125 125 125 125 125 125 125 125 125
125 125 125 125 125 125 125 125 125 125 125 125 125 125 125 20 125 125 125 125 125 125 125 125 125 125 125 125 125 125 125 125 125 125 125 125 125 125 125 125 125
125 125 125 125 125 125 125 125 125 125 125 125 125 125 125 125 125 125 125 125 125 125 125 125 125 125 125 125 125 125 125 125 125 125 125 125 125 125 125 125
125 125 125 125 125 125 125 125 125 125 125 125 125 125 125 125 125 125 125 125 125 125 125 125 125 125 125 125 125 125 125 125 125 125 125 125 125 125 125
125 125 125 125 125 125 125 125 125 125 125 125 125 125 125 125 84 60 125 125 125 125 125 125 125 125 125 125 125 125 125 125 125 125 125 125 94 125
125 125 125 45 125 125 125 125 125 125 125 125 125 125 125 125 125 125 125 125 125 125 125 125 125 125 125 125 125 125 125 125 125 125 125 125 125
125 125 125 125 94 125 125 125 125 125 125 125 125 125 125 125 125 125 125 125 125 125 125 125 125 125 125 125 125 125 125 125 125 125 125 125
125 125 125 125 125 125 125 125 125 125 125 125 125 125 125 125 125 125 125 100 125 125 125 125 125 125 125 125 125 125 125 125 125 125 125
125 125 125 125 125 125 125 125 125 125 125 125 125 119 125 125 125 125 125 125 125 125 125 125 125 125 125 125 125 125 125 125 125 125
125 125 125 125 125 125 125 125 125 125 125 125 125 125 125 125 125 125 125 125 125 125 125 125 125 125 125 125 125 125 125 125 125
125 125 125 125 125 125 125 125 125 125 125 125 125 125 125 125 125 125 125 125 125 125 125 125 125 125 125 125 125 125 125 125
125 125 13 125 125 125 125 125 125 125 125 125 125 125 125 125 125 125 125 125 125 125 125 125 125 125 125 125 125 125 125
20 125 125 125 125 125 125 125 125 125 118 125 125 125 125 125 125 125 125 125 125 125 125 125 125 87 125 125 125 125
125 125 125 125 125 125 125 125 125 125 125 125 125 125 125 125 125 125 125 125 125 125 125 125 125 125 125 125 125
125 125 125 67 125 125 125 125 125 125 125 125 125 125 125 125 125 125 125 125 98 125 125 125 125 125 125 125
125 125 125 125 125 125 125 125 125 125 125 125 125 125 125 125 125 125 125 125 125 125 125 125 125 125 125
125 80 125 125 125 125 125 125 125 125 125 125 125 125 125 125 125 87 125 125 125 125 125 125 125 125
125 125 125 125 125 125 125 125 125 125 125 125 125 125 125 125 125 125 125 125 125 125 125 125 125
125 125 125 125 125 125 125 125 125 125 125 125 125 125 125 125 125 125 125 125 125 125 125 125
125 125 125 125 125 125 125 125 125 125 125 125 125 125 125 125 125 125 125 125 125 125 125
125 125 125 125 125 125 125 125 125 125 125 125 29 125 125 125 125 125 125 125 125 125
125 125 125 125 125 125 125 125 125 125 125 125 125 125 125 125 125 125 125 125 125
125 125 125 125 125 125 125 125 125 125 125 125 125 125 125 125 125 125 125 125
125 125 125 125 125 125 125 125 125 125 125 125 125 125 125 125 125 125 125
125 125 125 125 125 125 125 125 125 125 125 125 125 125 125 125 125 125
125 125 125 125 125 125 125 125 125 125 125 88 125 125 125 125 125
125 125 125 125 125 125 125 125 125 125 125 125 125 125 125 125
125 125 125 125 125 125 125 125 31 125 125 125 125 125 125
125 125 125 125 125 125 125 125 125 125 125 125 125 125
125 125 125 125 125 125 125 125 125 125 125 125 125
125 125 125 125 125 125 125 125 125 125 125 125
125 125 125 125 125 125 125 125 125 125 125
125 125 125 125 125 125 125 125 125 125
125 125 125 125 125 125 125 125 125
125 125 125 125 125 125 125 125
125 125 125 125 125 125 125
125 125 125 125 125 125
125 125 125 125 125
125 125 125 125
125 125 125
125 125
125
