100 50
6 31 26 50 50 50 21 5 17 29 50 50 43 50 40 34 21 50 50 10 50 44 8 10 16 4 40 29 30 9 50 50 39 14 50 19 6 44 50 10 50 50 35 16 41 20 25 25 39 50 25 50 36 7 29 50 50 46 13 50 23 50 28 50 16 14 35 26 13 42 50 23 50 35 12 44 19 27 33 5 46 17 12 50 50 40 50 23 15 34 3 38 50 7 50 34 6 27 50 50
40 50 50 50 28 24 47 15 4 50 40 11 50 22 10 4 50 31 50 16 22 34 33 50 4 50 50 50 45 33 9 7 50 50 19 8 21 40 0 0 0 50 16 50 34 15 45 43 50 50 50 39 50 38 17 50 43 50 23 50 2 21 31 50 12 50 37 42 21 50 4 13 50 50 50 22 49 31 43 4 42 50 33 21 2 50 50 50 50 27 29 1 27 5 44 47 1 41 50
50 34 19 9 50 48 50 48 21 50 4 12 50 4 16 4 8 45 50 30 50 12 49 29 50 23 50 50 13 13 10 17 7 33 50 48 50 17 18 50 22 50 14 50 42 18 21 6 27 33 50 11 35 13 2 3 3 27 39 1 14 1 11 42 2 5 20 50 50 19 50 15 50 50 1 2 18 39 1 10 50 33 0 26 41 16 30 14 50 24 50 35 32 33 30 50 3 50
50 27 27 37 26 5 50 28 31 22 47 50 11 37 7 19 0 50 1 15 19 42 17 47 45 31 34 34 11 9 10 1 43 49 22 23 42 50 50 18 36 18 32 26 2 14 50 50 33 7 6 27 33 19 13 23 39 14 8 29 0 39 50 35 48 13 39 25 5 43 12 16 23 13 29 20 23 46 50 19 29 11 50 47 50 40 50 40 50 8 10 50 30 50 31 0 50
35 47 50 9 9 50 28 19 50 8 50 43 27 50 32 50 44 48 46 29 42 11 45 43 4 33 50 39 21 37 18 46 50 50 2 30 50 15 32 31 8 50 50 38 18 50 46 9 45 45 31 40 32 8 29 50 8 24 11 50 50 23 38 10 43 31 25 50 25 4 50 50 1 14 38 22 5 14 9 50 46 50 37 14 37 38 48 48 35 14 0 25 46 39 49 50
25 28 50 46 33 39 50 50 40 50 50 14 11 50 21 18 11 39 7 49 19 41 5 13 50 50 23 8 30 4 10 14 41 27 50 48 50 9 50 46 50 44 50 18 13 47 29 27 1 9 50 50 28 9 30 34 50 50 45 6 19 15 10 35 35 0 6 10 12 50 23 24 39 50 47 50 33 6 50 2 8 9 29 37 20 48 46 48 20 34 50 50 50 49 50
6 41 4 8 11 46 16 36 6 50 6 50 50 50 1 27 11 36 41 25 19 50 50 11 43 31 13 11 2 16 50 41 40 50 36 6 17 43 50 7 40 7 50 28 50 48 50 50 50 24 50 50 1 11 37 2 50 34 28 17 32 50 5 50 48 7 32 43 33 1 42 3 33 25 32 8 50 31 5 37 50 28 10 14 49 50 50 44 47 40 22 50 10 50
5 35 21 41 19 7 0 50 50 7 15 21 36 1 40 25 11 37 20 37 38 27 32 9 27 36 22 43 21 3 43 19 42 37 32 45 4 16 50 50 46 44 50 46 50 50 40 4 50 16 9 38 1 50 45 27 9 50 50 18 19 30 40 50 17 45 8 32 37 28 16 19 9 50 4 47 50 22 10 30 22 27 11 26 12 50 50 39 50 13 50 50 50
38 44 50 50 50 47 1 16 12 22 3 9 36 26 42 50 34 28 34 41 50 36 0 17 36 50 13 48 50 19 35 50 50 5 38 2 31 8 50 9 50 48 12 21 50 44 46 15 50 50 33 33 50 31 24 5 8 38 50 16 9 24 50 50 13 23 50 50 37 13 43 11 32 4 50 31 13 30 5 18 10 50 7 50 49 23 0 19 17 26 14 50
50 17 35 45 30 40 5 50 4 34 50 50 14 50 47 49 30 50 50 4 23 21 35 20 32 50 50 50 5 9 50 11 50 28 15 22 45 44 38 50 50 21 15 50 50 4 0 50 21 50 9 32 8 23 7 11 50 1 10 36 36 38 50 30 2 31 44 38 26 50 24 50 36 21 50 26 6 50 50 50 16 36 16 43 50 33 50 42 38 50 50
5 30 41 17 40 39 18 50 9 50 50 50 43 5 37 9 48 19 30 16 50 22 41 50 42 1 50 27 27 22 50 50 0 44 50 23 38 50 19 21 0 20 29 9 50 23 26 36 50 24 34 33 8 18 50 50 49 23 39 45 5 26 50 37 13 50 3 17 50 15 35 50 41 16 29 50 50 48 3 4 29 36 18 21 48 50 25 41 41 50
13 29 50 38 17 9 5 50 50 32 29 26 50 23 13 23 29 27 41 5 49 48 38 35 48 38 50 9 27 43 46 7 49 23 16 29 50 50 44 23 17 3 23 15 9 50 16 20 34 19 11 36 8 5 4 10 38 35 7 50 45 49 21 37 7 46 46 50 50 41 37 14 50 7 9 27 50 1 50 50 19 50 50 11 50 32 40 3 50
50 9 50 0 45 21 31 15 19 31 50 24 11 16 48 50 10 32 31 11 28 41 50 37 4 46 30 16 28 50 15 50 50 47 28 50 50 44 6 0 17 48 50 37 5 8 3 50 20 25 42 27 50 42 50 33 20 50 22 50 50 50 47 3 35 43 8 11 50 50 50 49 15 24 40 50 50 31 24 26 41 46 8 47 50 4 42 50
48 13 36 22 41 50 48 46 38 48 43 29 32 40 50 6 18 12 50 50 16 15 1 9 33 5 23 12 0 48 12 2 50 5 38 32 13 47 50 36 50 50 48 14 50 50 18 6 45 50 1 50 12 6 24 37 6 13 25 50 50 37 50 50 15 10 50 18 22 16 37 50 13 20 8 30 42 47 27 14 12 23 39 34 3 35 50
50 46 15 50 0 25 50 16 0 49 50 3 49 50 31 40 50 13 50 34 10 27 41 47 47 2 19 8 16 2 40 19 24 12 3 11 46 32 50 50 16 10 27 23 50 50 5 1 27 24 18 44 50 11 10 20 34 12 16 50 44 50 5 12 12 50 15 14 6 25 38 22 50 20 50 0 44 49 50 44 50 50 12 2 38 50
41 50 48 6 21 6 35 26 35 42 31 31 49 39 50 43 35 19 50 40 50 22 1 34 49 44 50 23 50 16 50 30 50 50 15 50 2 21 30 36 43 50 46 49 50 3 2 50 2 45 42 50 7 50 50 2 35 36 7 3 41 19 50 35 50 12 3 30 8 50 50 16 50 35 50 9 41 18 29 50 34 4 40 50 50
50 50 33 49 14 46 2 50 30 50 50 50 50 32 50 50 50 30 42 50 1 50 45 21 45 50 50 42 32 12 22 14 50 50 50 26 15 50 2 28 46 12 21 27 46 39 17 12 23 21 50 9 37 33 50 18 26 47 9 50 45 10 43 33 19 41 49 25 37 50 36 31 50 50 50 13 49 44 50 15 42 50 2 50
50 50 4 13 37 16 50 46 50 22 18 0 50 4 25 50 18 7 48 21 1 0 50 50 42 50 49 17 50 50 12 43 30 9 42 46 45 32 6 18 26 33 12 32 14 33 30 48 45 0 35 24 14 8 18 50 50 50 50 18 6 50 50 27 36 50 21 27 27 20 40 42 5 37 13 49 50 13 25 30 2 24 50
6 48 48 26 14 25 0 9 50 20 50 50 50 50 50 0 2 26 50 13 50 17 26 33 8 38 49 0 50 25 23 5 29 35 50 44 30 21 10 50 7 26 49 50 5 30 50 3 23 21 13 25 39 10 50 9 50 50 50 50 50 36 38 32 47 40 26 9 30 50 50 50 15 39 50 44 19 3 32 28 50 50
50 50 15 15 32 8 50 50 38 50 26 35 22 50 25 50 48 7 14 29 5 42 50 50 50 38 14 16 50 22 47 43 50 34 50 19 40 10 12 19 50 8 50 33 50 50 2 50 48 50 45 48 50 2 4 45 46 50 50 50 21 31 46 38 50 49 13 34 13 14 24 12 39 11 36 50 37 28 30 6 50
19 39 13 50 28 12 11 32 13 22 14 31 29 50 11 11 15 20 49 36 8 16 50 44 1 27 50 10 42 19 48 4 25 19 50 50 36 17 50 32 50 50 32 50 44 4 42 50 43 26 46 41 50 33 4 50 37 21 21 48 8 32 14 49 6 1 50 29 11 34 50 44 6 15 50 36 9 41 44 50
50 12 35 50 50 50 37 50 43 50 31 13 42 36 50 33 28 44 17 50 33 34 44 23 1 39 50 50 30 15 7 0 6 50 50 5 50 38 50 45 1 40 31 50 50 21 34 44 50 22 25 41 34 50 34 36 49 50 41 40 50 50 18 30 25 10 15 1 28 41 50 39 8 50 12 9 37 41 50
44 26 42 42 50 50 48 10 17 7 50 24 34 36 18 50 50 50 43 20 9 44 0 50 32 14 19 45 27 2 15 50 11 24 0 50 50 18 31 11 29 1 19 35 50 50 50 50 29 22 1 45 43 50 50 42 33 50 7 8 50 23 50 36 41 22 50 1 34 50 22 5 47 42 50 8 21 50
50 39 10 50 10 36 36 21 6 29 8 8 36 24 11 50 8 50 8 8 45 41 28 50 40 50 47 50 50 50 42 50 50 39 48 50 42 23 9 45 20 43 31 50 48 40 2 26 50 9 50 42 5 13 16 3 4 50 50 50 7 2 27 50 32 2 1 2 5 14 50 23 21 24 42 35 50
25 45 39 50 50 49 36 7 48 50 20 3 49 46 3 50 23 50 26 49 50 28 19 50 10 50 50 50 26 36 21 50 3 31 2 50 35 42 16 50 1 22 16 41 24 50 43 43 24 0 7 45 50 50 50 32 42 17 43 45 8 38 7 30 50 41 18 5 43 28 13 5 50 40 49 50
50 50 50 50 39 50 43 13 18 16 50 20 11 30 15 16 39 18 6 17 38 50 1 50 27 47 0 34 36 26 50 9 50 50 41 10 18 2 1 2 50 14 50 50 46 0 50 6 22 50 50 42 45 37 26 50 22 50 0 12 27 7 11 50 2 16 50 23 50 4 7 32 29 50 50
6 34 19 50 25 50 50 50 50 31 37 45 50 50 26 12 50 26 50 1 19 23 50 29 29 32 12 29 50 10 6 50 22 37 0 46 6 15 0 50 6 50 8 50 50 27 8 45 19 37 12 11 41 32 38 4 33 50 50 50 42 50 35 45 2 50 50 46 0 14 42 47 36 50
36 50 29 50 50 50 44 20 1 50 3 9 24 2 39 9 0 15 50 9 47 50 50 36 39 50 50 48 7 42 4 16 50 1 45 19 10 28 2 50 41 50 21 40 50 40 50 5 45 32 45 17 23 50 19 43 38 17 18 29 50 50 39 34 50 14 3 15 16 25 25 44 50
50 50 33 50 42 5 48 9 6 36 50 50 47 50 49 27 50 35 49 10 50 33 15 15 50 17 50 7 11 49 50 25 7 11 50 32 50 50 47 15 50 41 24 31 50 17 47 42 26 41 18 48 4 10 50 18 43 50 50 14 48 50 23 3 49 21 24 41 50 45 29 50
26 42 50 45 38 9 18 2 14 5 50 6 50 3 3 50 50 50 23 50 50 1 3 26 33 49 10 41 50 23 50 32 50 50 50 43 24 14 50 24 14 45 15 3 50 21 11 41 50 25 29 7 19 13 39 29 50 19 50 18 50 50 46 40 50 16 50 48 43 34 50
18 6 46 43 3 38 50 50 37 33 0 24 21 0 50 50 44 50 40 6 0 30 6 6 29 18 50 50 50 31 23 6 30 12 39 50 50 46 16 27 50 1 3 38 50 7 34 50 48 50 39 50 14 7 50 49 41 24 14 14 32 10 17 15 24 50 25 50 22 50
36 15 50 50 5 50 7 50 33 35 35 48 50 44 8 15 50 6 50 43 35 50 22 34 1 42 50 32 30 48 41 12 28 45 19 3 11 50 50 2 9 21 27 24 50 20 37 7 27 33 50 11 0 3 50 43 7 1 46 50 9 25 50 49 50 50 4 26 50
3 38 4 50 50 50 21 50 23 44 28 8 15 48 47 17 38 50 35 37 50 50 18 41 40 22 7 15 34 47 42 5 35 15 20 50 31 50 50 50 0 34 46 30 49 49 50 12 50 50 31 23 2 50 50 30 50 13 50 39 28 33 28 50 50 4 35 50
26 24 50 50 36 4 18 34 12 12 48 32 50 50 50 20 0 0 49 50 0 35 12 50 0 13 30 50 24 5 6 40 50 28 26 9 20 50 12 50 21 50 50 49 14 50 50 13 24 7 7 6 50 1 50 38 1 36 50 47 9 50 19 6 32 37 50
50 5 48 50 24 49 34 9 21 33 4 50 24 28 44 12 21 25 50 26 9 13 40 12 50 3 50 41 30 37 43 50 17 4 3 39 21 1 50 50 40 50 33 50 50 2 38 35 31 50 5 0 50 15 41 14 42 22 50 16 31 50 36 49 42 50
20 50 9 50 50 44 49 32 50 31 28 1 50 24 0 20 34 50 14 50 15 0 37 30 50 50 49 41 10 39 34 50 25 21 50 34 6 50 2 31 7 50 5 27 8 23 22 50 33 47 50 12 16 7 7 24 22 50 50 50 17 3 50 6 50
16 25 50 50 31 50 8 36 24 33 50 49 50 40 50 14 50 5 8 50 45 3 0 21 26 9 15 43 1 50 15 50 33 23 22 1 3 10 47 50 50 1 15 35 50 8 39 50 50 4 33 50 3 50 39 39 50 14 47 50 17 0 34 50
38 0 0 50 5 31 31 15 32 33 7 50 44 10 48 50 50 26 23 50 50 37 16 33 9 5 32 50 50 50 18 13 5 3 20 25 15 13 50 17 4 39 49 50 16 27 31 50 50 23 29 19 50 26 46 50 50 34 50 50 37 50 50
32 46 50 42 7 35 50 50 3 41 3 50 31 33 20 15 23 50 17 36 50 12 17 41 36 39 50 50 4 21 7 50 50 50 0 50 35 48 0 32 50 6 10 34 24 46 1 22 49 38 31 4 50 50 35 50 46 0 50 11 50 50
3 29 13 40 33 11 30 20 29 24 5 14 28 34 34 46 39 36 16 41 45 50 33 35 12 50 50 19 27 50 50 21 17 9 11 26 21 7 28 10 50 11 5 34 44 49 6 38 50 50 18 15 14 50 50 50 45 38 46 50 50
27 50 20 34 4 31 50 37 6 22 39 50 39 2 50 24 11 15 31 8 50 32 5 31 27 18 13 50 50 34 4 24 50 10 48 48 50 45 0 30 50 3 9 48 4 5 25 50 14 9 41 50 26 13 42 50 19 50 0 50
37 50 40 50 16 0 50 35 50 37 0 41 20 5 10 12 10 26 31 10 44 14 50 9 47 30 27 23 50 48 39 21 13 7 9 50 22 43 50 50 50 50 50 50 50 50 50 50 50 50 50 50 50 50 50 50 50 50 50
50 50 50 50 50 50 50 50 50 50 50 13 50 50 50 50 50 50 50 50 50 50 50 50 50 50 50 50 50 50 50 50 50 19 50 50 50 50 50 50 50 50 50 50 50 50 50 50 50 50 50 50 50 50 50 50 50 50
20 50 50 50 50 50 50 50 50 50 50 50 50 50 50 50 50 50 50 6 50 50 50 50 50 50 50 50 50 50 50 50 50 50 50 50 50 50 50 50 50 50 50 50 50 50 50 50 50 50 50 50 50 50 50 50 50
50 50 50 50 50 50 50 50 50 50 50 50 50 50 50 50 50 50 50 50 5 50 50 50 50 50 50 50 50 50 50 50 50 50 50 50 50 50 50 50 50 50 50 50 50 50 50 50 50 50 50 50 50 50 50 50
50 50 50 50 50 50 50 50 50 50 50 13 50 12 50 50 50 50 50 50 50 50 50 50 50 50 50 50 50 50 50 50 50 50 50 50 50 50 50 50 50 50 50 50 50 50 50 50 50 50 50 50 50 50 50
50 50 50 50 50 50 50 50 50 50 50 50 50 50 50 50 50 50 50 50 50 50 50 50 50 50 50 50 50 50 50 50 50 50 50 50 50 50 50 50 50 50 50 50 50 50 50 50 50 50 50 50 50 50
50 50 1 50 50 50 50 50 50 50 50 50 50 50 50 50 50 50 50 50 50 50 50 50 50 50 50 50 50 50 50 50 50 50 50 50 50 50 50 50 50 50 50 4 50 50 50 50 50 50 50 50 50
50 50 50 50 50 50 50 50 50 50 50 50 50 50 50 50 50 50 50 50 50 50 50 50 50 50 50 50 50 50 50 50 50 50 50 50 50 0 50 50 50 50 50 50 50 50 50 50 50 50 50 50
50 50 50 50 50 50 50 50 50 50 50 50 50 50 50 50 50 50 50 50 50 50 50 50 50 50 50 50 50 50 50 50 50 50 50 50 41 50 50 50 50 50 50 50 50 50 50 50 50 50 50
50 50 50 50 50 50 50 50 50 50 50 50 50 50 50 50 50 50 50 50 50 50 50 50 50 50 50 50 50 50 50 50 50 50 50 50 50 50 50 50 50 50 50 50 50 50 50 50 50 50
50 50 50 50 50 50 50 50 50 50 50 50 50 50 50 50 50 50 50 50 50 50 50 50 50 50 50 50 50 50 50 50 50 50 50 50 50 50 50 50 50 50 50 50 50 50 50 50 50
50 50 50 50 50 50 50 50 50 50 50 50 50 50 50 50 50 50 50 50 50 50 50 50 50 50 50 50 50 50 50 50 50 50 50 50 50 50 50 50 50 50 50 50 50 50 50 50
50 50 50 50 50 50 50 50 11 50 50 50 50 50 50 50 50 50 50 50 50 50 50 50 50 50 50 50 50 50 50 50 50 50 50 50 50 50 50 50 50 50 50 50 50 50 50
50 50 50 50 50 50 50 50 50 50 38 50 50 50 50 50 50 50 50 50 50 50 50 50 50 50 50 50 50 50 50 50 50 50 50 50 50 50 50 50 50 50 50 50 50 50
50 50 50 50 50 50 50 50 50 50 50 50 50 50 50 50 50 50 50 50 50 50 50 50 50 50 50 50 50 50 50 50 50 50 25 50 50 50 50 50 50 50 50 50 50
50 50 50 50 50 50 50 50 50 50 50 50 50 50 50 50 50 50 50 50 50 50 50 50 50 50 50 44 50 50 50 50 50 50 50 50 50 50 50 50 50 50 50 50
50 50 50 50 50 50 50 50 50 50 50 50 50 50 50 50 50 50 50 50 50 50 50 50 50 50 50 50 50 50 50 50 50 50 50 50 50 50 50 50 50 50 50
50 50 50 50 50 50 50 50 50 50 50 50 50 50 50 50 50 50 50 50 50 50 50 50 50 50 50 50 50 50 50 50 50 50 50 0 50 50 50 50 50 50
36 50 50 50 50 50 50 50 50 50 50 50 50 50 50 50 50 50 50 50 50 50 50 50 50 50 50 50 50 50 50 50 50 50 50 50 50 50 50 50 50
50 50 50 50 50 50 50 50 50 50 50 50 50 50 50 50 50 50 50 50 50 50 50 50 50 50 50 50 50 50 50 50 50 50 50 50 50 50 50 50
50 50 50 50 50 50 50 50 50 50 50 50 50 50 50 50 50 50 50 50 50 50 50 50 50 50 50 50 50 50 50 50 50 50 50 50 50 50 50
50 50 50 50 50 50 50 50 50 50 50 50 50 50 50 50 50 50 50 50 50 50 50 50 50 28 50 50 50 50 50 50 50 50 50 50 50 50
50 50 50 50 43 50 50 50 50 50 50 50 50 50 50 50 50 50 50 50 50 50 50 50 50 50 50 50 50 50 50 50 50 50 50 50 50
50 50 50 50 50 50 50 50 50 50 50 50 50 50 50 50 50 50 50 50 50 50 50 50 50 50 50 50 50 50 50 50 50 50 50 50
50 50 50 50 50 50 50 50 50 50 50 50 50 50 50 50 50 50 50 50 50 50 50 50 50 50 50 50 50 50 50 50 50 50 50
50 50 50 50 50 50 50 50 50 50 50 50 14 50 50 50 50 50 50 50 50 50 50 50 50 50 50 50 50 50 50 50 50 50
50 50 50 50 50 50 50 50 50 50 50 50 50 50 50 50 50 50 50 50 50 50 50 50 50 50 50 50 50 50 50 50 50
50 50 50 50 50 50 50 50 50 50 50 50 50 50 50 50 50 50 50 50 50 50 50 50 50 50 50 50 50 50 50 50
50 50 50 50 50 50 50 50 50 50 50 20 50 50 50 50 50 50 50 50 50 50 50 50 50 50 50 50 50 50 50
50 50 50 50 50 50 50 50 50 50 50 50 50 50 50 50 50 50 50 50 50 50 50 50 50 50 50 50 50 50
50 50 50 50 50 50 50 50 50 50 50 50 50 50 50 50 50 50 50 50 50 50 50 50 50 50 50 50 50
50 50 50 50 50 50 50 50 50 50 50 50 50 1 50 50 50 50 50 50 50 50 50 50 50 50 50 50
50 50 50 50 50 50 50 50 50 50 50 50 50 50 50 50 50 50 50 50 50 50 50 50 50 50 50
50 50 50 50 50 50 27 50 50 50 50 50 50 50 50 50 50 50 50 50 50 50 50 50 50 50
50 50 50 50 50 50 50 50 50 50 50 50 50 50 50 50 50 50 50 1 50 50 50 50 50
50 50 50 50 50 50 50 50 50 50 50 50 50 50 50 50 50 5 50 50 50 50 50 50
50 50 50 50 50 50 50 50 50 50 50 50 50 50 50 50 50 50 50 50 50 50 50
50 50 50 50 50 0 50 50 50 50 50 50 50 50 50 50 50 50 50 50 50 50
50 50 50 50 50 50 50 50 50 50 50 50 50 50 50 50 50 50 50 50 50
50 50 50 50 50 50 50 50 50 11 50 50 50 50 50 50 50 50 50 50
50 50 50 50 50 50 50 50 50 50 50 50 50 50 50 50 50 50 50
50 50 50 50 50 50 50 50 50 50 50 50 50 50 50 50 6 50
50 50 50 50 50 50 50 50 50 50 50 50 50 50 50 50 50
50 50 50 50 50 50 50 50 50 50 50 50 50 50 50 50
50 50 50 50 50 50 50 50 50 50 50 22 50 50 50
50 50 50 50 50 50 50 50 50 50 50 50 50 50
50 50 50 50 50 50 50 50 50 50 50 50 50
50 50 50 50 50 50 50 50 50 50 50 50
50 50 50 50 50 50 50 50 50 50 50
50 50 6 50 50 50 50 50 50 50
50 50 50 50 50 50 50 50 50
50 50 50 50 50 50 50 50
50 50 50 50 50 50 50
50 50 50 50 50 50
50 50 50 50 50
50 50 50 50
50 50 50
50 50
50
