50 50
10 48 12 6 50 17 50 39 49 29 27 39 50 14 50 10 18 50 50 50 40 50 22 50 22 47 26 25 24 18 50 40 46 50 49 50 12 50 50 2 35 17 50 8 38 50 50 18 15 50
50 7 49 50 10 43 1 24 7 50 6 15 11 17 18 13 3 26 30 50 43 12 50 50 23 0 50 16 50 5 50 50 0 34 5 11 0 21 27 1 10 50 41 26 44 36 50 31 50
50 7 37 50 50 43 50 50 7 39 50 5 50 10 40 2 23 28 49 44 50 50 3 42 50 16 13 50 10 1 35 50 9 50 45 2 3 16 41 50 50 34 50 4 50 19 9 50
10 50 50 50 42 14 24 2 26 50 42 50 38 35 22 21 49 50 3 28 37 34 50 17 38 50 50 34 5 22 5 16 22 44 48 50 10 9 43 50 13 35 17 44 50 50 50
29 36 1 34 36 14 50 29 50 7 50 31 3 34 50 28 17 50 41 50 50 50 50 50 8 50 33 50 0 46 0 20 12 50 44 9 37 50 16 44 50 26 29 32 50 50
50 37 50 27 17 0 40 23 50 16 50 4 39 50 50 3 17 5 26 6 32 50 50 50 3 50 31 50 50 50 50 12 50 21 50 50 21 50 23 50 42 50 50 8 50
31 50 32 1 50 29 33 50 2 50 47 8 45 50 33 9 50 14 50 18 6 50 15 10 33 50 39 0 50 41 20 37 50 0 42 50 50 49 40 50 15 44 50 50
34 50 50 50 50 50 50 50 50 50 50 50 50 38 50 50 50 50 50 50 50 50 50 50 50 50 50 50 0 50 50 50 50 50 50 50 50 50 50 50 50 50 50
50 50 50 50 50 50 50 50 50 50 50 50 50 50 50 50 50 50 50 50 50 50 50 50 50 50 50 50 50 50 50 50 50 50 50 50 50 50 50 50 15 50
50 50 50 50 50 50 50 50 50 50 50 31 50 50 50 50 50 50 50 50 50 50 50 50 50 50 50 50 50 50 50 23 50 50 50 50 50 50 50 50 50
50 50 50 50 50 50 50 50 50 50 50 50 50 50 50 50 50 50 50 50 38 50 26 50 50 50 50 50 50 50 50 50 50 50 50 50 50 50 50 50
50 50 50 50 50 50 50 50 50 50 50 33 50 50 50 50 50 50 50 50 50 50 50 50 50 50 50 50 50 50 50 50 50 50 50 50 50 50 50
50 50 50 50 50 50 50 50 50 50 50 50 50 50 50 50 50 50 32 50 50 50 50 50 29 50 50 50 50 50 50 50 50 50 50 50 50 50
50 50 50 50 50 50 50 50 50 50 50 50 50 50 50 50 50 50 50 50 13 50 50 50 50 50 50 50 50 50 50 50 50 50 50 50 50
50 50 50 50 50 50 50 50 50 50 50 50 50 50 50 50 50 50 50 50 50 50 50 50 50 50 50 50 50 50 50 12 19 50 50 50
50 50 50 50 50 50 30 50 50 50 50 50 50 50 50 50 50 50 50 50 50 50 50 50 50 50 50 50 50 50 50 50 50 50 50
50 50 50 50 28 50 50 50 50 50 50 25 50 50 50 50 50 50 50 50 50 50 50 50 50 50 50 50 50 50 50 50 50 50
50 50 50 50 50 50 50 50 50 50 50 50 50 50 50 8 50 50 50 50 50 50 50 50 50 50 50 50 50 50 50 50 50
50 50 50 50 50 50 50 50 50 50 50 50 50 50 50 50 50 50 50 50 50 50 50 50 50 50 50 50 50 50 50 50
50 50 50 50 50 50 50 50 50 50 31 50 50 50 50 50 50 50 50 50 50 50 50 50 12 50 50 50 50 50 50
50 50 50 50 50 50 50 50 50 50 50 50 46 50 50 50 50 50 50 50 50 50 50 50 50 50 50 50 50 50
50 50 50 50 50 50 50 50 50 50 50 50 50 50 50 50 50 50 50 50 50 50 50 50 50 50 50 50 50
50 50 50 50 50 50 50 50 50 50 50 50 50 50 50 50 50 50 50 50 9 50 50 50 50 16 50 50
50 50 50 50 50 50 50 50 50 50 50 50 50 50 50 50 50 50 50 50 50 3 50 50 50 50 50
50 50 50 50 50 50 50 50 50 50 50 50 50 50 50 50 50 50 50 50 50 50 50 50 50 50
50 50 50 50 50 50 50 50 50 50 50 50 50 50 41 50 50 50 14 50 50 50 50 50 50
50 50 50 50 50 50 50 50 50 50 50 50 50 50 50 50 50 50 50 33 50 50 50 50
50 50 50 50 50 50 50 50 50 50 50 50 50 50 50 50 50 50 50 50 50 50 50
50 50 50 50 50 50 50 50 50 50 50 50 50 50 50 50 50 50 50 37 50 50
50 50 50 50 50 50 50 50 50 50 50 50 50 50 50 50 50 50 50 50 50
50 50 50 50 50 50 50 50 50 50 50 12 50 50 50 50 50 50 50 50
50 50 50 50 50 50 50 50 50 50 50 50 50 50 50 50 50 50 50
7 50 50 50 50 50 50 50 50 50 50 50 11 50 50 50 50 50
50 50 50 50 50 50 50 50 50 50 50 50 50 50 50 50 50
50 50 50 50 50 35 50 50 50 50 50 50 50 50 50 50
50 50 50 50 50 50 50 50 50 50 50 50 50 50 50
50 50 50 50 50 50 50 50 41 50 50 50 50 50
50 50 50 50 50 50 50 50 50 50 50 50 50
50 50 33 50 50 50 50 50 50 50 50 50
50 50 50 50 50 50 50 50 50 50 50
50 50 50 50 50 50 50 50 50 50
50 50 50 50 50 50 50 50 50
50 50 50 50 50 50 50 50
50 50 50 50 50 50 50
50 50 50 50 50 50
50 50 50 50 50
50 50 50 50
50 50 50
50 50
50
