50 50
38 30 40 50 50 50 33 50 38 36 50 38 45 34 50 33 22 36 45 12 16 35 21 48 50 50 37 9 0 4 17 35 41 50 50 26 41 50 3 16 50 23 50 50 50 1 29 50 1 50
50 50 25 41 50 50 50 9 36 40 26 50 14 22 50 14 1 21 10 29 17 3 12 50 43 23 39 50 19 50 50 50 40 30 50 26 2 21 50 48 5 50 18 31 31 37 19 50 50
50 22 50 28 45 26 50 20 41 45 41 20 19 50 14 50 50 0 8 14 50 23 50 50 8 50 22 50 34 30 14 2 50 42 44 50 50 36 29 45 14 50 45 10 36 7 35 50
22 33 8 24 16 50 41 4 50 50 11 19 50 15 38 50 13 50 50 50 50 10 31 50 50 24 17 37 0 0 39 21 19 17 50 24 45 46 28 50 50 23 50 17 18 47 50
50 19 50 34 7 6 50 17 3 7 36 46 37 50 50 14 24 4 0 50 15 50 50 10 50 35 27 43 38 50 11 10 50 40 16 24 7 37 50 50 50 50 43 4 38 50
2 11 48 3 18 35 17 50 44 39 50 19 25 50 17 8 4 10 22 44 8 47 43 50 50 26 38 40 45 7 37 50 45 26 6 14 3 50 5 26 20 50 50 50 50
4 50 50 50 50 24 12 9 45 2 1 50 0 49 40 50 43 31 39 18 50 50 50 50 50 50 50 50 50 50 50 50 50 50 50 50 50 50 50 50 50 50 50 50
50 24 50 50 50 50 50 50 50 50 50 50 50 50 50 50 50 50 50 50 50 50 50 50 50 50 50 50 50 50 50 50 50 50 50 50 50 50 50 50 50 50 50
50 50 50 50 50 50 50 50 50 50 50 50 50 50 50 50 32 50 50 50 50 50 50 50 50 50 50 50 50 50 50 50 50 50 50 50 50 50 50 50 50 50
50 50 50 50 50 50 38 50 50 50 50 50 50 50 50 50 50 50 50 50 50 50 50 50 50 50 50 50 50 50 50 50 50 50 50 50 50 50 50 50 50
50 50 50 50 50 50 50 50 50 50 50 50 50 16 50 50 50 50 50 50 50 50 50 50 50 50 50 50 50 50 50 24 50 50 50 50 50 50 50 50
50 50 50 50 50 50 50 50 50 50 50 50 50 50 50 50 50 50 50 50 50 50 50 50 50 50 50 50 50 50 50 50 50 50 50 31 50 50 50
50 50 50 50 50 50 14 50 50 50 50 50 50 50 50 23 50 50 50 50 50 50 50 50 21 50 50 50 50 50 50 50 50 50 50 50 50 50
50 50 50 50 50 50 50 50 50 50 50 50 50 50 50 50 50 50 50 50 50 50 50 50 50 50 50 50 50 50 50 50 33 50 50 50 50
47 50 50 50 50 50 50 50 50 50 50 50 50 50 50 50 50 50 50 50 50 50 50 50 50 50 50 50 50 50 50 50 50 50 50 50
50 50 50 50 50 50 50 50 50 50 50 50 50 50 50 50 50 50 50 50 33 50 50 50 50 50 50 50 50 50 50 50 50 50 50
50 50 50 50 10 50 50 50 50 50 50 50 50 50 50 50 44 50 50 50 50 50 50 50 50 50 50 50 50 50 50 50 50 50
50 50 50 50 50 50 50 50 50 50 50 50 50 50 50 50 50 50 50 5 50 50 50 1 50 50 50 50 50 50 50 50 50
50 50 50 50 50 50 50 28 50 50 50 50 50 50 50 50 50 50 50 50 50 50 50 50 50 50 50 50 50 50 50 50
50 50 50 50 5 50 50 50 50 50 50 50 50 50 50 50 50 50 50 50 50 50 50 6 50 50 50 50 50 50 50
50 50 50 50 50 31 50 50 50 45 50 50 50 50 50 50 50 50 50 50 50 50 50 50 50 50 50 50 50 50
50 50 50 50 50 50 50 3 50 50 50 50 50 50 50 50 50 50 50 50 50 50 50 50 50 9 50 50 50
50 50 50 50 50 4 50 50 50 50 50 31 50 50 50 50 50 50 50 50 50 50 50 50 50 50 50 50
50 50 50 50 50 50 50 50 50 50 50 50 46 50 50 50 50 50 50 50 50 50 50 50 50 50 50
50 50 50 50 50 25 50 50 50 50 50 50 50 50 50 50 50 50 50 50 50 50 50 50 50 50
50 50 50 50 50 50 50 50 50 50 50 50 30 50 50 50 50 50 50 50 50 50 50 50 50
50 50 50 50 50 50 50 50 50 50 50 50 50 50 50 50 50 50 50 50 50 44 50 50
50 50 50 14 50 50 50 50 50 50 21 50 50 50 50 50 50 50 50 50 50 50 50
50 50 50 50 50 50 50 50 50 50 50 50 50 50 50 50 50 50 50 50 50 50
50 50 50 50 50 50 50 50 50 50 50 50 50 50 50 50 50 50 50 50 50
50 50 50 50 50 50 50 50 50 50 50 50 50 50 50 50 50 50 50 50
50 50 50 50 50 50 50 50 50 50 44 50 50 50 50 50 50 50 50
50 50 50 50 50 50 50 50 50 50 50 50 50 50 50 50 50 50
50 50 50 50 50 50 50 50 50 50 50 50 50 50 50 50 50
50 50 50 50 50 50 50 50 50 50 50 42 50 50 50 50
5 50 50 50 50 50 50 50 50 50 50 50 50 50 50
50 50 50 43 50 50 50 50 50 50 50 50 50 50
50 50 50 50 50 50 50 50 50 35 50 50 50
35 50 50 50 50 50 50 50 50 50 50 50
50 50 50 50 50 50 50 50 50 28 50
50 50 50 32 50 50 50 50 50 50
50 50 50 50 50 50 50 50 50
50 50 50 50 50 50 50 50
50 50 50 50 50 50 50
50 50 50 50 50 50
50 50 50 50 50
50 50 50 50
50 50 50
50 50
50
