50 50
50 50 50 37 50 15 50 50 20 50 50 50 50 50 7 50 50 21 8 27 50 42 25 50 50 20 44 50 50 12 50 34 29 50 50 41 50 50 50 6 50 50 50 50 50 50 27 50 50 50
50 50 50 50 50 50 50 50 50 50 50 50 0 31 50 50 9 26 50 34 11 8 33 50 9 50 48 50 50 50 50 50 32 50 50 50 50 50 50 32 30 39 50 50 50 50 7 2 50
6 50 50 50 50 50 50 50 50 50 50 50 50 50 19 50 50 50 50 50 7 36 3 50 13 42 50 0 23 50 50 4 50 50 19 22 2 50 18 18 50 37 50 50 50 50 50 50
50 50 50 50 50 26 50 50 50 14 21 21 50 50 50 50 50 47 43 50 50 19 50 50 49 50 50 28 15 50 50 50 23 11 8 50 16 50 50 50 50 27 6 43 50 21 50
50 50 45 50 50 50 50 50 50 14 2 50 50 41 50 50 50 50 50 48 50 50 50 4 50 50 50 50 8 50 50 41 49 50 50 50 32 50 3 1 8 1 12 50 50 50
50 50 50 24 1 50 50 36 40 50 50 50 50 11 50 50 50 40 50 50 50 23 41 50 46 46 50 50 50 17 50 50 50 50 50 15 50 50 12 19 50 50 47 50 50
50 50 4 50 50 20 50 50 47 50 4 50 5 50 26 0 37 48 50 50 50 50 18 50 34 39 50 50 50 50 50 50 50 50 50 50 50 50 50 50 49 50 30 50
12 50 50 40 40 20 50 50 50 50 5 50 2 50 47 50 37 22 50 50 45 9 27 50 50 50 50 50 50 31 50 50 50 50 1 1 50 50 50 50 50 16 50
50 50 50 50 50 50 50 34 37 50 27 50 50 50 50 27 50 50 50 29 50 50 50 50 50 50 50 46 50 50 50 37 20 50 50 50 50 50 50 38 50 50
50 50 50 50 50 20 50 50 50 50 17 47 50 50 19 0 50 9 46 50 50 50 50 50 37 50 30 24 50 50 50 50 50 50 8 50 50 50 46 50 50
16 2 26 50 50 50 50 18 47 15 31 50 50 50 50 50 9 50 50 44 50 50 50 50 50 50 50 50 50 50 50 50 18 50 49 50 50 50 50 50
39 50 50 50 50 50 45 50 50 50 50 50 7 50 50 50 50 6 50 50 50 50 50 50 50 50 50 7 39 35 50 50 50 50 50 50 50 50 50
50 36 50 24 50 48 40 50 44 6 50 29 40 50 50 9 50 50 50 50 50 50 50 50 50 50 50 48 50 50 50 17 50 50 28 50 50 50
50 50 50 50 50 50 25 50 50 18 50 50 50 50 24 43 50 50 43 50 15 50 50 50 50 2 50 50 50 20 50 50 20 50 50 12 50
50 25 50 50 50 15 50 50 50 50 32 50 33 50 50 50 50 50 29 50 10 50 23 50 50 50 50 27 44 50 50 50 50 45 45 50
50 50 49 50 50 50 50 50 50 50 50 11 50 18 31 50 50 50 34 38 50 50 33 34 50 42 50 6 50 50 50 50 20 50 50
50 50 48 50 23 50 8 8 50 44 50 50 16 50 8 50 42 50 50 50 50 50 50 50 50 50 42 50 50 50 50 50 50 50
50 50 29 8 45 50 50 31 50 50 50 50 50 50 24 50 50 50 2 50 50 29 50 3 50 50 50 50 50 50 50 50 50
50 50 50 50 50 50 50 50 50 50 50 50 50 50 50 50 50 50 50 50 50 27 50 50 50 50 50 50 50 50 50 50
50 50 50 50 50 50 50 50 50 50 50 50 50 50 50 50 50 50 50 50 50 50 50 50 50 50 50 50 50 50 50
50 50 50 50 50 50 50 50 50 31 50 50 50 50 50 50 50 50 50 50 50 50 50 50 50 50 50 50 50 50
50 50 50 50 50 50 40 50 50 50 50 50 50 50 50 50 50 50 50 50 50 21 50 50 50 50 50 50 50
50 50 50 50 50 50 50 50 50 50 50 50 50 50 50 50 50 50 50 50 50 50 50 50 50 50 50 50
50 50 50 50 50 50 50 50 50 50 50 50 50 50 50 50 50 50 50 50 50 50 50 50 50 50 50
50 50 50 50 50 50 50 50 50 50 33 50 50 50 50 50 50 50 50 50 50 18 50 50 50 50
50 50 50 30 50 50 50 50 50 50 50 50 50 50 50 50 50 50 50 50 50 50 50 50 50
50 50 50 50 50 50 50 50 50 50 50 50 50 30 50 50 50 50 50 50 50 50 50 50
50 50 50 50 50 50 50 50 50 50 50 50 50 50 50 50 50 50 50 50 50 50 50
50 50 50 50 50 50 50 50 50 50 50 50 50 17 50 50 50 50 50 50 50 50
50 50 50 50 50 50 50 50 50 50 50 50 50 50 50 50 50 50 50 50 50
50 50 50 50 50 50 29 50 50 50 50 50 50 50 50 50 50 50 50 50
50 50 50 50 50 50 50 35 50 50 50 50 50 50 50 50 17 50 50
50 50 50 50 50 50 50 50 5 50 50 50 50 50 50 50 50 50
50 50 50 50 50 50 43 50 50 50 50 50 50 50 50 50 50
50 50 50 50 50 50 50 50 50 50 50 50 27 50 50 50
50 50 50 50 50 50 50 50 50 50 50 50 50 50 50
50 3 50 50 50 50 50 50 50 50 50 50 50 50
36 50 50 50 50 50 50 50 50 50 50 50 50
50 50 50 50 50 50 50 50 50 50 50 50
50 50 50 50 50 50 50 50 50 50 50
50 50 50 50 50 50 50 50 50 50
50 50 50 50 50 50 50 50 50
50 50 50 50 50 50 50 50
50 50 50 50 50 50 50
50 50 50 50 50 50
50 50 48 50 50
50 50 50 50
50 50 50
50 50
50
