50 50
20 37 28 49 50 43 21 50 3 8 50 45 47 50 50 50 50 23 14 29 8 27 50 26 50 18 6 41 50 50 39 42 50 42 50 50 50 50 27 50 50 50 50 42 10 7 37 9 24 50
30 50 21 49 18 49 26 42 50 6 24 30 50 6 50 19 50 50 50 14 25 34 17 50 38 50 50 9 50 50 19 50 39 0 2 26 1 13 50 8 50 29 37 50 38 8 37 50 50
33 50 0 44 50 50 15 50 50 35 29 50 0 50 31 24 50 27 11 50 10 13 29 3 30 30 50 13 23 50 4 39 37 50 28 21 13 31 5 50 50 45 43 50 41 50 50 50
0 45 50 50 38 38 7 50 49 15 50 26 13 6 50 50 50 50 50 13 50 17 33 50 50 50 30 28 0 50 45 50 15 50 50 32 35 5 50 39 50 38 50 50 40 50 50
50 29 50 50 25 21 48 50 0 41 44 50 15 12 50 11 18 41 11 50 30 50 47 16 22 22 50 50 50 38 50 6 21 50 40 10 0 28 50 28 46 49 33 50 50 50
31 37 25 27 50 7 11 50 50 6 17 15 18 50 5 50 50 30 46 13 50 31 50 50 38 50 50 49 50 11 50 36 21 50 35 42 6 15 50 50 20 50 36 16 50
43 50 19 50 50 33 2 0 39 50 0 10 41 50 50 5 21 39 18 35 9 46 17 50 50 6 50 28 50 45 23 50 3 50 50 40 44 50 50 22 41 24 42 50
1 50 27 40 40 11 50 50 14 50 32 44 50 50 50 50 50 50 50 19 50 50 0 20 50 39 50 47 50 50 50 50 7 49 50 40 50 34 23 50 40 0 50
18 22 47 50 50 50 50 50 50 50 45 50 5 12 50 50 50 13 50 50 33 50 50 50 50 50 50 50 41 16 50 13 50 50 50 50 12 27 12 50 50 50
50 18 50 50 4 13 50 50 50 50 50 41 50 5 43 43 23 50 50 50 50 10 20 2 50 50 50 50 50 50 29 1 50 50 50 6 50 50 50 29 50
7 50 50 5 50 50 19 50 42 50 35 50 48 50 50 50 9 16 50 50 31 21 50 4 11 24 50 50 50 50 50 12 50 50 50 31 50 50 50 50
50 3 23 50 13 50 19 50 50 35 50 50 48 50 50 50 18 11 50 8 5 50 32 26 50 35 7 18 35 50 21 35 50 50 0 50 46 50 50
50 50 50 50 50 22 33 35 50 16 34 50 33 1 50 26 19 50 50 2 5 50 50 8 31 50 50 40 50 40 50 5 50 34 12 50 50 50
50 50 5 41 31 50 50 29 11 50 50 48 39 50 50 16 50 24 50 50 7 50 41 50 37 50 12 50 3 50 16 28 27 50 50 50 50
50 50 43 28 31 50 50 50 44 50 8 33 37 50 28 50 0 50 5 22 33 43 50 50 25 42 27 50 50 38 50 50 50 50 50 50
50 50 50 50 50 1 16 2 50 49 26 50 42 50 50 36 50 50 50 18 32 15 24 50 22 50 11 50 50 50 11 26 50 33 50
50 50 13 23 25 50 4 50 27 22 50 50 35 50 36 35 48 13 39 25 50 0 50 18 50 50 48 13 50 50 50 32 50 50
50 50 6 50 19 12 50 50 16 50 50 50 8 6 50 50 40 50 50 36 49 0 50 50 23 28 47 31 9 47 50 9 50
50 46 50 50 19 50 8 50 43 27 50 50 50 50 50 50 50 6 45 50 1 50 50 42 6 24 50 50 38 36 50 50
1 50 50 50 50 50 50 37 15 47 37 18 22 50 50 22 50 50 15 6 50 38 29 8 42 50 50 38 50 50 50
50 46 50 29 50 0 50 3 50 50 50 50 48 21 50 50 50 13 25 50 50 50 50 35 50 38 3 7 50 50
31 25 50 50 50 36 4 31 50 50 22 27 38 50 50 5 50 50 50 43 19 50 50 37 16 50 6 50 50
19 50 48 50 35 31 10 14 50 27 50 50 50 39 49 27 50 50 50 50 50 34 3 20 39 50 50 50
40 50 44 50 50 25 26 50 21 50 12 11 50 50 50 7 50 50 17 20 38 23 1 14 50 7 50
50 8 50 22 4 50 0 13 41 15 50 50 50 50 50 50 47 50 50 13 44 38 50 50 50 50
50 50 50 50 50 27 28 26 41 50 35 50 50 34 50 34 50 49 50 50 50 27 35 50 50
50 50 50 50 50 50 0 50 23 50 12 50 50 44 50 50 50 50 16 47 50 50 50 50
6 15 50 30 38 50 4 50 50 50 50 50 48 50 46 48 20 34 3 2 50 49 50
6 50 50 50 35 0 50 48 50 50 36 50 50 5 49 6 3 41 50 50 35 50
35 50 12 3 50 41 50 41 50 50 50 50 50 50 50 50 4 50 13 50 50
50 50 11 50 50 50 36 50 50 50 50 19 50 30 50 14 50 50 50 50
9 50 7 50 50 50 14 50 50 50 50 50 50 24 42 50 50 15 50
50 50 50 2 50 50 50 28 50 50 32 32 50 49 50 14 50 50
2 50 43 33 18 18 50 50 13 50 50 50 50 12 50 1 50
31 5 37 50 8 50 3 50 7 18 50 21 44 50 26 50
50 50 22 18 50 30 28 50 21 40 5 0 50 7 50
50 2 50 7 50 50 50 25 36 1 40 36 50 50
11 50 50 50 50 27 50 38 50 50 50 50 50
50 15 50 36 22 50 50 4 50 8 7 50
50 19 50 46 50 50 32 18 50 37 50
36 15 50 50 50 18 7 50 50 50
46 48 1 0 50 50 38 50 50
50 9 50 50 13 22 50 50
50 8 50 50 47 15 50
6 50 28 50 45 50
50 50 40 50 50
50 50 50 50
50 50 50
15 50
50
