50 50
42 33 35 50 50 6 50 12 50 50 39 50 1 41 50 15 49 17 50 23 25 47 21 7 50 48 50 33 25 50 50 28 50 50 13 50 50 21 46 3 50 50 50 50 4 27 44 50 50 50
50 2 0 50 50 50 11 37 50 20 50 21 50 42 50 16 50 47 5 37 34 50 50 50 50 50 3 42 50 2 50 23 50 50 20 50 50 50 9 50 28 21 50 50 50 34 50 20 50
38 22 43 50 7 50 50 49 50 50 1 50 50 50 14 15 50 50 50 50 27 50 50 50 50 50 50 50 20 38 50 50 31 29 50 5 6 33 25 16 24 50 33 1 17 24 34 50
50 15 36 47 50 43 50 50 20 50 50 50 50 50 49 46 3 42 50 44 50 32 18 25 1 32 26 27 8 34 50 49 17 16 24 42 2 13 15 49 50 10 50 50 50 43 50
50 50 41 50 50 50 50 50 27 3 7 35 35 50 50 50 25 50 38 15 50 24 11 1 50 50 6 11 16 10 30 50 27 2 26 28 50 29 35 29 25 50 29 6 50 50
50 48 0 50 50 23 14 44 34 50 2 36 50 50 50 50 50 50 34 38 50 10 5 48 50 46 50 2 42 33 28 9 50 50 50 13 50 5 20 50 50 50 50 43 50
22 50 33 8 50 5 36 50 27 24 32 26 50 44 7 22 50 3 50 6 8 50 14 50 50 49 37 50 50 50 9 50 50 50 46 21 50 50 50 35 50 31 41 50
50 26 17 50 50 47 35 50 50 31 44 37 50 14 35 44 42 50 40 9 50 50 24 22 1 50 50 50 21 7 50 50 37 50 1 45 6 12 8 40 50 50 50
10 18 50 46 12 25 4 23 43 49 5 39 50 32 31 50 36 50 19 50 3 35 49 21 49 50 50 36 29 39 11 35 50 50 20 50 29 50 50 50 50 50
50 16 16 50 11 15 42 48 23 50 31 50 5 8 42 30 16 50 20 50 35 33 5 20 50 0 43 0 15 50 18 14 45 50 33 31 16 28 40 32 50
25 31 50 50 35 20 17 50 38 50 46 50 50 50 26 21 28 10 20 24 50 2 50 50 50 30 23 44 50 50 50 50 26 23 23 50 50 50 43 50
50 50 50 27 5 50 50 10 50 50 43 50 20 1 2 50 46 29 37 49 50 39 50 50 50 0 19 30 31 18 1 50 50 50 50 50 7 9 50
50 48 30 19 7 50 50 22 28 13 50 50 50 9 50 45 20 28 50 50 33 46 50 12 50 50 3 50 50 50 6 50 50 50 6 50 50 50
50 50 50 30 36 50 28 36 50 2 50 50 19 34 50 50 50 50 7 32 13 39 50 35 50 50 50 44 50 43 18 50 50 41 49 50 50
50 50 50 50 46 35 10 50 32 35 15 22 50 28 50 50 50 48 46 50 46 50 50 27 50 50 50 50 50 50 34 50 24 50 4 50
31 5 0 50 50 50 50 50 50 50 50 50 50 50 47 3 50 9 17 24 50 50 50 37 50 26 50 50 19 50 46 50 21 50 50
50 27 32 50 8 50 50 50 50 41 50 47 11 50 50 50 50 50 50 50 50 46 50 1 31 44 50 11 50 50 50 50 45 50
50 50 50 17 50 29 42 37 33 50 50 50 1 21 7 50 6 50 50 14 50 29 50 50 50 38 50 50 3 17 38 22 50
50 40 31 50 50 10 50 50 50 50 50 50 50 50 32 50 37 14 50 50 15 50 34 50 50 50 33 50 43 24 50 50
50 15 17 50 50 44 50 50 11 10 50 0 50 36 40 48 50 50 18 50 33 25 50 50 50 19 50 50 26 45 50
33 50 8 24 34 28 50 50 30 46 4 8 46 50 50 50 44 50 50 13 50 50 29 50 38 50 50 50 16 50
50 50 50 50 32 15 50 50 33 50 50 50 29 32 50 17 50 50 50 17 20 27 1 50 44 16 50 50 50
50 50 50 47 50 50 50 50 13 50 50 18 50 50 31 50 0 50 50 23 33 50 50 6 50 1 27 50
27 50 15 50 27 12 50 50 2 42 34 50 30 47 47 50 50 22 37 8 50 42 46 23 50 30 50
50 11 50 50 50 48 6 4 50 50 50 50 17 28 50 50 37 50 39 50 50 43 44 50 50 50
50 50 50 50 39 11 44 42 15 2 50 50 23 50 50 50 50 50 50 50 50 44 50 35 50
31 50 50 50 50 50 5 50 46 49 50 5 7 50 44 50 50 36 50 50 30 50 24 50
1 36 50 50 34 50 50 50 50 18 50 50 50 50 50 50 16 34 50 25 1 15 50
47 50 7 23 44 50 50 0 50 10 50 50 50 18 29 50 5 27 18 50 50 50
50 34 50 50 50 50 50 28 50 44 50 50 50 50 47 7 29 41 50 50 50
46 50 44 50 16 50 1 50 11 17 15 50 34 50 50 50 16 50 50 50
27 27 43 17 44 50 17 19 50 50 50 50 50 50 21 4 15 25 50
37 17 50 50 50 50 50 50 23 25 12 41 38 50 20 44 50 50
50 50 21 50 30 50 50 50 50 50 12 16 0 50 35 39 50
50 50 33 50 50 0 27 5 50 50 50 50 32 34 9 50
50 40 50 50 42 37 50 16 50 50 50 21 50 50 50
50 36 36 50 50 50 50 50 50 50 50 50 4 50
33 50 50 50 50 16 50 8 50 49 40 39 50
50 50 38 35 50 5 5 27 16 50 50 50
50 50 50 50 50 50 50 25 50 2 50
36 50 7 20 41 0 50 50 50 50
23 14 50 50 50 48 12 50 50
50 50 50 50 50 47 36 50
1 25 1 50 44 50 50
50 4 50 50 50 50
28 50 50 50 50
50 50 50 50
50 14 50
50 50
50
