50 50
10 48 12 6 50 17 50 39 49 29 27 39 50 14 50 10 18 50 50 50 40 50 22 50 22 47 26 25 24 18 50 40 46 50 49 50 12 50 50 2 35 17 50 8 38 50 50 18 15 50
50 7 49 50 10 43 1 24 7 50 6 15 11 17 18 13 3 26 30 50 43 12 50 50 23 0 50 16 50 5 50 50 0 34 5 11 0 21 27 1 10 50 41 26 44 36 50 31 50
50 7 37 50 50 43 50 50 7 39 50 5 50 10 40 2 23 28 49 44 50 50 3 42 50 16 13 50 10 1 35 50 9 50 45 2 3 16 41 50 50 34 50 4 50 19 9 50
10 50 50 50 42 14 24 2 26 50 42 50 38 35 22 21 49 50 3 28 37 34 50 17 38 50 50 34 5 22 5 16 22 44 48 50 10 9 43 50 13 35 17 44 50 50 50
29 36 1 34 36 14 50 29 50 7 50 31 3 34 50 28 17 50 41 50 50 50 50 50 8 50 33 50 0 46 0 20 12 50 44 9 37 50 16 44 50 26 29 32 50 50
50 37 50 27 17 0 40 23 50 16 50 4 39 50 50 3 17 5 26 6 32 50 50 50 3 50 31 50 50 50 50 12 50 21 50 50 21 50 23 50 42 50 50 8 50
31 50 32 1 50 29 33 50 2 50 47 8 45 50 33 9 50 14 50 18 6 50 15 10 33 50 39 0 50 41 20 37 50 0 42 50 50 49 40 50 15 44 50 50
34 23 41 29 42 50 50 35 28 50 41 44 14 38 25 50 50 50 50 40 36 50 33 50 50 50 8 10 0 42 50 27 50 50 6 50 30 42 50 50 23 24 50
26 50 5 3 50 46 21 47 50 50 15 38 38 15 47 7 22 5 25 50 16 0 42 50 3 1 50 5 50 2 50 50 50 38 50 37 18 19 50 50 15 50
50 50 17 18 50 50 34 45 50 44 29 31 50 50 26 38 50 10 36 50 50 36 39 50 50 9 0 50 50 16 50 23 40 50 31 36 50 46 14 32 50
50 5 13 7 50 50 18 42 1 23 50 37 11 45 2 24 39 22 8 50 38 47 26 44 8 10 50 14 11 39 11 50 42 29 50 50 35 11 15 50
28 13 50 50 41 50 35 50 37 50 43 33 19 50 21 6 22 50 48 50 50 3 37 19 50 27 0 50 8 50 50 50 33 50 2 30 50 50 50
29 7 50 47 50 50 7 18 38 9 11 50 50 50 21 15 50 50 32 50 8 50 7 50 29 42 21 50 50 50 18 42 37 47 10 25 49 50
12 20 29 30 6 50 50 50 50 36 50 50 50 10 40 28 6 47 50 31 13 22 34 50 32 48 50 50 4 21 50 50 50 50 50 50 50
50 50 32 50 8 37 22 14 50 50 44 3 50 34 23 50 43 44 38 15 1 9 18 47 50 14 1 40 11 50 29 12 19 1 28 50
39 40 0 49 50 14 30 24 13 41 20 43 45 41 15 26 1 50 5 50 4 50 48 50 39 29 20 20 45 50 17 50 3 2 50
22 44 36 17 28 6 50 50 34 50 50 25 27 41 50 43 29 50 50 19 50 7 50 44 50 50 36 5 50 42 50 37 47 50
50 50 34 50 50 46 50 50 2 36 50 50 23 49 50 8 50 4 50 28 50 18 0 50 2 50 32 50 50 22 50 50 50
25 36 3 25 50 47 9 31 43 12 50 36 50 24 8 14 6 41 50 34 50 50 50 50 36 1 50 42 50 50 24 50
6 21 50 50 3 50 50 6 30 50 31 30 6 49 23 28 21 50 6 50 11 37 40 50 12 50 21 50 20 50 50
50 27 50 50 50 20 16 50 45 50 8 26 46 50 2 14 46 50 35 48 50 23 7 13 50 50 22 38 50 50
50 50 50 50 20 48 29 33 50 0 50 27 8 34 50 24 4 14 17 43 50 30 5 50 50 10 26 23 50
48 50 1 39 50 13 49 35 50 18 16 18 18 50 50 38 34 50 50 8 9 18 14 50 9 16 26 50
16 50 50 50 11 50 50 46 40 23 50 15 50 12 13 41 50 50 2 50 50 3 25 50 41 6 50
18 37 13 20 35 43 36 50 1 9 50 50 50 25 47 24 44 46 50 13 28 49 50 50 42 50
50 50 50 50 34 32 10 50 18 31 46 5 41 47 41 50 50 50 14 50 50 50 50 50 50
50 50 50 50 50 50 50 50 50 50 50 50 50 50 50 50 50 50 50 33 50 50 50 50
50 50 50 50 50 50 50 50 50 50 50 50 50 50 50 50 50 50 50 50 50 50 50
50 50 50 50 50 50 50 50 50 50 50 50 50 50 50 50 50 50 50 37 50 50
50 50 50 50 50 50 50 50 50 50 50 50 50 50 50 50 50 50 50 50 50
50 50 50 50 50 50 50 50 50 50 50 12 50 50 50 50 50 50 50 50
50 50 50 50 50 50 50 50 50 50 50 50 50 50 50 50 50 50 50
7 50 50 50 50 50 50 50 50 50 50 50 11 50 50 50 50 50
50 50 50 50 50 50 50 50 50 50 50 50 50 50 50 50 50
50 50 50 50 50 35 50 50 50 50 50 50 50 50 50 50
50 50 50 50 50 50 50 50 50 50 50 50 50 50 50
50 50 50 50 50 50 50 50 41 50 50 50 50 50
50 50 50 50 50 50 50 50 50 50 50 50 50
50 50 33 50 50 50 50 50 50 50 50 50
50 50 50 50 50 50 50 50 50 50 50
50 50 50 50 50 50 50 50 50 50
50 50 50 50 50 50 50 50 50
50 50 50 50 50 50 50 50
50 50 50 50 50 50 50
50 50 50 50 50 50
50 50 50 50 50
50 50 50 50
50 50 50
50 50
50
