50 25
7 9 24 25 9 25 25 25 11 7 18 18 10 13 18 4 18 5 16 5 19 13 25 20 18 13 20 12 13 21 21 1 11 18 15 18 25 7 10 20 24 20 25 21 18 15 17 19 23 
25 5 20 14 3 25 3 14 16 23 25 17 11 7 25 10 22 0 15 24 25 9 6 25 17 5 13 7 9 17 14 11 11 8 22 21 3 0 2 11 10 9 13 12 22 25 5 20 
5 6 9 2 12 21 21 16 5 19 2 5 15 1 24 19 13 10 22 20 25 19 10 21 2 23 0 7 13 2 7 19 20 10 24 0 13 15 4 25 25 22 7 14 10 23 25 
2 9 17 14 7 3 8 16 20 5 19 8 3 4 24 5 25 2 15 25 6 19 20 15 12 19 25 25 22 13 17 0 12 13 13 10 13 19 25 17 6 10 7 10 7 19 
25 6 10 10 22 5 18 25 25 7 15 3 25 10 12 0 25 3 16 20 9 25 11 2 22 24 22 13 0 12 14 3 6 25 10 2 23 23 6 12 12 22 25 12 23 
13 6 22 10 16 15 25 22 5 20 25 18 10 5 25 16 21 19 4 14 16 9 2 18 25 9 4 18 13 9 8 17 17 23 3 1 6 5 19 12 17 10 25 25 
2 18 11 14 1 3 1 17 23 7 15 7 19 24 13 25 25 10 25 6 20 0 22 16 13 9 6 8 6 25 25 19 18 6 21 15 11 25 6 25 3 15 25 
25 19 8 15 13 2 25 24 2 25 22 4 23 0 0 14 25 5 7 16 13 16 22 25 12 18 11 13 23 1 10 4 1 10 18 25 8 0 8 12 22 25 
2 18 24 5 17 2 3 1 13 20 25 25 11 22 25 25 23 25 11 25 5 1 7 11 19 18 17 0 18 17 9 13 8 1 10 6 10 18 12 14 25 
1 4 25 19 4 16 25 4 25 19 8 16 17 2 15 17 25 2 6 19 25 6 12 2 2 2 25 24 8 15 5 1 2 8 0 18 23 15 23 18 
21 2 25 8 8 13 11 25 20 25 8 7 9 24 23 9 11 25 3 22 5 20 22 25 25 8 6 15 25 25 8 5 25 17 25 5 0 3 14 
3 24 25 10 25 25 15 24 17 23 4 12 12 10 25 25 25 25 21 24 18 25 7 1 19 0 25 5 2 17 25 16 20 8 19 11 8 5 
25 25 1 20 24 22 25 18 1 25 7 6 13 25 19 21 10 8 6 2 16 21 25 20 25 19 6 3 25 25 25 15 20 1 2 25 1 
25 0 2 10 20 21 14 7 10 11 9 11 8 25 1 25 25 0 20 6 3 5 6 25 10 8 25 21 3 4 9 25 18 6 15 23 
13 20 8 8 4 9 25 6 25 10 25 7 19 23 25 22 12 15 16 13 24 20 3 25 25 13 1 25 12 0 5 2 25 8 15 
25 25 0 7 19 7 25 20 25 7 13 3 25 23 5 0 25 5 2 25 13 25 25 15 5 20 16 14 6 18 23 3 16 18 
1 4 5 3 11 22 25 20 2 13 24 0 0 25 0 15 17 15 5 24 25 15 13 24 25 24 1 16 18 3 7 13 18 
15 25 0 23 5 11 7 25 5 25 3 12 22 20 22 19 13 6 10 25 17 6 25 9 1 2 25 25 25 11 25 7 
4 20 10 13 2 9 25 10 25 11 20 25 23 5 13 21 8 25 15 25 25 13 21 17 7 5 25 25 11 10 4 
2 25 22 23 25 14 16 20 3 22 22 17 13 25 25 25 8 25 21 13 4 24 14 0 12 25 0 0 3 21 
5 25 11 21 17 5 2 4 8 13 5 2 25 9 4 21 25 13 7 24 4 1 13 1 25 5 25 21 0 
25 18 6 25 4 25 18 7 20 17 15 2 7 16 7 17 14 17 13 22 22 19 15 12 25 7 6 25 
12 3 24 17 19 18 25 4 19 25 2 25 17 25 25 3 24 15 2 2 11 12 15 15 22 8 11 
11 3 1 25 25 17 4 19 12 5 25 25 25 8 7 2 13 18 14 12 16 25 25 20 25 20 
25 24 14 15 18 17 8 13 25 0 2 13 9 25 0 19 22 25 0 25 4 2 8 25 22 
25 9 23 5 23 25 25 23 7 15 25 11 22 10 1 15 4 25 7 15 17 15 24 5 
10 21 7 18 18 9 15 18 20 25 7 10 8 1 4 24 12 8 13 13 9 5 25 
25 25 1 9 21 7 8 25 24 25 16 24 25 1 15 15 11 18 25 7 15 24 
12 17 3 20 11 0 24 7 17 7 15 17 25 25 17 25 16 13 1 13 11 
19 25 21 25 17 6 9 22 10 0 12 2 25 14 22 4 10 9 19 20 
15 23 8 9 5 25 25 14 25 11 8 3 5 21 14 11 20 18 24 
23 17 5 16 9 3 25 21 17 25 25 25 25 12 25 18 18 10 
25 8 25 1 25 10 25 5 21 25 4 23 24 25 5 25 25 
24 25 16 23 25 5 2 9 25 8 25 24 5 6 18 25 
12 3 12 15 7 1 15 9 8 25 1 15 25 25 2 
8 25 25 17 25 22 2 25 10 4 15 18 12 19 
20 9 4 3 25 10 25 1 1 2 25 23 8 
24 3 25 25 7 19 3 13 21 4 22 7 
4 12 17 25 18 4 2 11 14 17 0 
10 9 18 2 25 7 24 1 19 23 
25 25 21 16 3 17 14 11 25 
25 25 15 1 21 19 15 4 
10 5 25 25 6 12 20 
9 25 12 19 2 25 
3 20 25 3 5 
5 19 25 9 
7 19 12 
25 8 
25 

