50 25
22 19 10 25 10 2 22 17 25 7 21 16 12 13 22 19 16 4 17 6 15 7 2 4 23 6 21 8 5 14 25 25 24 15 21 21 7 24 25 0 16 17 13 20 5 4 12 5 15 
20 4 22 21 8 18 21 10 25 13 19 13 0 10 19 25 25 24 14 23 5 16 10 21 20 20 7 4 9 5 10 24 2 4 12 14 18 25 25 16 12 7 1 13 4 2 2 9 
13 19 5 20 6 12 23 7 25 20 0 8 20 10 24 25 15 23 17 21 25 15 9 21 25 20 18 6 25 16 22 21 9 5 3 25 3 22 2 25 22 10 10 4 17 23 8 
22 12 3 25 9 24 25 14 11 5 6 19 11 25 3 13 20 15 25 15 0 3 19 21 6 17 21 11 9 11 21 21 17 16 2 22 11 25 10 25 19 10 11 4 13 16 
11 24 1 22 7 13 25 17 4 1 8 22 2 17 10 21 5 2 11 15 3 11 23 25 25 14 9 1 7 24 0 9 25 7 1 5 8 20 8 13 6 22 23 19 13 
1 14 19 24 23 4 15 9 6 18 0 16 19 22 6 9 13 13 11 25 4 11 19 15 6 4 6 24 5 13 9 11 25 23 6 25 3 0 13 11 20 24 20 20 
25 25 22 14 25 25 12 11 20 13 16 20 21 13 2 21 17 25 21 14 9 21 3 25 25 22 0 1 0 25 4 10 10 4 25 25 13 22 5 1 25 22 25 
2 19 10 23 25 13 2 7 19 13 1 13 22 18 5 21 6 10 23 25 8 23 14 24 1 25 7 19 6 25 9 24 10 12 24 9 8 14 20 21 19 15 
24 10 5 14 4 25 14 12 11 0 7 8 10 16 24 9 13 25 19 4 19 11 4 25 17 25 21 25 5 17 17 1 24 9 19 5 6 4 16 25 25 
8 24 1 4 13 15 13 14 20 25 2 6 22 20 0 25 4 21 23 13 15 24 20 15 16 25 17 0 15 18 25 16 18 8 5 25 25 23 8 15 
24 8 7 24 10 2 14 2 2 9 10 5 9 5 18 25 22 25 12 23 2 5 10 10 11 22 25 25 11 8 2 25 14 10 4 17 8 20 24 
10 1 23 25 25 8 24 9 2 25 3 18 17 13 14 9 14 15 0 14 19 25 16 23 6 1 13 9 3 3 24 12 25 25 21 15 10 9 
15 15 3 25 10 25 12 1 9 1 1 11 25 7 25 9 25 24 3 1 8 3 23 0 25 15 20 23 25 25 21 12 0 25 16 20 19 
7 23 21 20 21 25 18 25 25 7 25 25 11 23 0 7 0 24 25 0 12 16 14 6 20 25 25 3 5 23 25 15 13 1 7 1 
5 10 4 20 10 1 0 20 21 5 5 11 15 2 25 8 25 25 10 5 8 16 22 17 20 17 23 1 8 23 7 21 5 25 25 
25 19 25 11 3 10 10 6 20 24 6 21 9 25 25 25 20 4 25 3 25 21 14 5 14 19 2 1 25 0 13 25 11 1 
25 11 1 25 4 7 20 20 25 25 11 5 8 25 14 17 13 6 12 18 8 8 17 10 23 3 23 22 15 25 0 25 6 
7 8 24 6 12 3 12 9 8 7 22 25 16 6 25 7 20 16 25 22 21 25 25 11 25 10 8 25 25 3 14 1 
1 22 12 5 24 8 25 5 18 3 25 14 3 10 25 7 13 5 13 16 25 16 13 3 25 25 25 14 15 24 1 
1 21 1 25 5 10 0 25 8 13 25 1 10 9 12 14 16 25 13 6 0 2 25 14 8 10 25 4 14 25 
1 11 25 25 18 12 25 11 9 25 3 11 19 25 1 11 0 25 6 0 11 7 13 5 16 5 23 14 11 
1 25 0 21 0 18 0 8 15 25 25 14 12 5 7 22 20 10 20 18 24 25 24 25 25 20 1 5 
25 2 25 19 25 13 10 6 15 24 25 0 14 20 25 25 15 8 21 25 24 15 25 25 25 25 11 
21 10 25 24 2 25 13 10 22 6 25 13 17 25 17 16 25 25 14 6 12 4 17 25 23 22 
25 21 3 25 13 5 17 21 25 14 25 11 25 8 18 17 12 20 7 25 16 15 23 15 2 
18 25 25 20 0 15 11 14 25 25 18 25 10 13 25 21 9 0 12 15 25 6 3 22 
9 25 25 3 7 24 25 9 10 3 9 3 20 25 11 25 8 8 10 20 25 14 25 
25 17 8 10 19 23 25 22 8 14 1 5 1 2 13 20 21 24 25 17 25 11 
14 25 3 17 16 1 19 12 22 5 3 23 23 19 2 16 2 16 6 10 25 
15 18 15 25 9 25 13 25 25 25 16 25 22 21 25 21 22 12 4 25 
6 6 25 25 7 2 23 25 19 12 25 1 17 25 19 17 8 8 25 
5 25 25 16 12 22 8 25 25 11 10 19 17 25 14 25 11 3 
6 23 6 14 22 3 15 4 9 25 19 17 15 15 0 25 25 
8 15 25 13 10 24 25 25 3 0 12 18 25 16 7 0 
25 23 25 2 17 11 25 0 25 7 9 17 25 12 13 
16 5 12 19 25 15 11 22 10 25 21 12 8 3 
25 19 11 13 3 9 18 12 25 20 7 1 25 
25 25 14 25 25 7 14 9 21 12 19 3 
25 15 2 25 4 25 6 4 25 25 14 
25 23 25 16 17 2 0 23 17 0 
19 12 18 19 16 23 17 21 18 
25 16 25 13 17 20 0 1 
12 9 25 25 16 14 25 
16 25 11 18 19 4 
20 21 24 25 24 
24 17 25 3 
25 14 25 
19 24 
15 

