50 25
19 15 20 25 20 25 16 25 19 18 5 19 22 17 5 16 11 18 22 6 8 17 10 24 12 25 18 4 0 2 8 17 20 10 25 13 20 0 1 8 16 11 25 13 24 0 14 16 0 
22 24 12 20 25 3 16 4 18 20 13 12 7 11 14 7 0 10 5 14 8 1 6 25 21 11 19 13 9 23 5 25 20 15 12 13 1 10 25 24 2 19 9 15 15 18 9 25 
11 11 22 14 22 13 25 10 20 22 20 10 9 8 7 0 12 0 4 7 5 11 22 11 4 25 11 25 17 15 7 1 3 21 22 8 19 18 14 22 7 24 22 5 18 3 17 
11 16 4 12 8 19 20 2 13 4 5 9 25 7 19 25 6 16 15 15 25 5 15 25 11 12 8 18 0 0 19 10 9 8 1 12 22 23 14 25 25 11 11 8 9 23 
4 9 10 17 3 3 25 8 1 3 18 23 18 24 25 7 12 2 0 4 7 25 25 5 19 17 13 21 19 20 5 5 25 20 8 12 3 18 25 22 10 7 21 2 19 
1 5 24 1 9 17 8 5 22 19 11 9 12 24 8 4 2 5 11 22 4 23 21 19 21 13 19 20 22 3 18 21 22 13 3 7 1 12 2 13 10 25 4 6 
2 15 24 10 25 12 6 4 22 1 0 24 0 24 20 8 21 15 19 9 1 25 8 0 3 22 19 16 4 17 2 18 5 7 13 25 3 15 25 14 17 19 25 
3 12 5 7 8 19 5 25 3 17 15 22 5 23 14 19 25 1 3 1 24 2 14 12 23 6 25 9 5 4 12 8 1 11 21 22 21 25 7 20 24 10 
0 14 16 19 22 14 14 15 25 24 9 16 10 2 19 6 16 0 15 10 22 16 14 8 23 25 1 9 25 20 25 16 24 13 19 15 21 2 20 8 3 
11 24 15 11 10 22 19 21 4 8 20 21 22 5 14 9 6 0 12 1 6 8 7 12 25 13 10 25 4 21 21 25 19 25 25 24 1 15 16 0 
2 25 14 9 25 22 8 10 1 25 6 14 20 8 7 1 6 4 6 21 8 25 20 1 16 25 25 19 5 15 13 12 12 4 17 9 18 23 14 
15 7 6 23 9 22 13 8 14 23 8 0 1 2 20 25 19 14 24 14 6 18 8 14 23 17 9 5 25 9 25 18 12 6 0 15 9 11 
11 9 25 23 24 18 7 4 11 4 8 13 23 8 25 11 5 19 14 16 16 8 10 25 10 8 6 22 5 25 0 25 5 11 11 11 9 
25 22 6 12 17 1 13 9 25 10 3 4 22 6 18 1 17 25 13 25 13 9 0 14 25 22 0 12 25 20 7 4 16 6 19 1 
23 18 10 24 17 16 8 18 22 17 5 3 6 14 4 21 7 16 20 3 12 4 6 13 23 18 23 5 22 15 8 15 20 9 25 
18 14 1 15 21 11 1 16 11 1 19 25 17 1 2 2 4 16 4 7 16 11 18 15 1 8 17 12 4 16 4 12 0 15 
25 7 25 20 5 0 6 3 17 2 25 16 25 6 18 25 22 25 11 22 14 16 1 17 5 25 4 0 14 5 12 25 25 
25 25 25 17 10 15 14 12 19 25 25 18 25 24 25 0 8 12 25 2 8 11 17 0 23 13 25 19 23 25 25 21 
22 16 16 11 20 18 13 14 9 25 25 25 10 25 19 14 10 25 25 25 4 25 25 25 0 25 25 7 6 25 25 
17 8 23 21 2 20 3 11 25 22 25 12 6 6 25 25 25 24 4 4 12 17 10 3 25 1 23 25 25 0 
20 25 25 9 25 15 25 23 25 22 18 13 5 25 7 25 1 24 15 7 25 3 0 1 25 25 22 7 12 
25 17 25 8 9 3 25 1 5 18 14 14 25 2 25 15 5 20 25 25 25 25 12 25 3 4 12 15 
25 21 13 5 23 2 25 12 25 14 25 15 25 11 13 5 21 25 25 10 25 25 25 0 24 6 0 
22 25 18 3 4 13 3 9 22 14 3 18 23 25 12 25 25 21 25 25 13 25 10 21 20 2 
12 25 25 25 25 12 22 25 0 2 25 25 5 5 9 9 5 25 6 25 25 12 3 25 21 
4 9 25 8 8 14 25 25 25 14 18 25 15 25 14 22 2 10 25 14 25 25 25 25 
20 5 25 22 7 12 1 3 5 17 24 14 25 0 18 11 20 2 25 25 11 22 25 
6 25 11 7 25 11 21 8 25 9 10 20 3 6 0 21 0 15 13 25 7 24 
25 9 20 25 18 5 16 25 21 16 25 2 16 23 2 15 6 1 25 1 1 
10 11 20 25 16 19 14 25 12 25 25 17 11 25 25 24 25 25 22 5 
23 22 5 23 25 18 5 25 11 16 1 5 15 14 17 12 2 13 25 
0 24 18 9 2 25 25 25 25 14 22 25 0 8 8 25 5 24 
10 24 5 25 19 14 5 18 13 25 10 18 13 10 3 19 11 
25 1 25 18 24 15 14 20 24 25 17 25 25 8 23 15 
1 4 25 13 17 18 25 10 25 19 25 21 4 9 7 
2 13 12 8 25 25 7 24 14 25 25 24 25 25 
25 25 25 21 11 24 14 25 22 10 2 5 25 
11 15 15 4 25 25 3 12 9 17 25 7 
17 25 9 19 21 24 25 4 12 25 25 
17 1 5 0 25 14 5 25 12 14 
25 21 25 16 25 17 25 17 5 
17 6 16 23 3 25 20 3 
10 10 12 25 25 9 25 
10 25 20 11 25 16 
25 19 13 6 25 
4 25 12 25 
4 7 13 
11 22 
25 

