50 50
50 12 50 50 50 35 11 50 39 12 28 50 36 45 19 50 50 8 3 50 25 50 32 50 50 50 36 0 50 7 44 50 3 12 22 0 15 50 50 50 39 50 36 50 6 16 2 29 36 50
50 50 14 50 50 30 50 39 0 5 34 50 39 50 50 50 50 50 17 36 5 44 31 50 21 29 50 47 18 50 22 50 40 5 45 7 50 24 50 12 43 8 3 33 50 11 26 4 50
46 50 14 19 4 50 18 49 9 50 38 30 50 50 50 7 50 46 50 36 48 30 23 24 50 6 0 49 50 36 42 50 50 50 2 42 50 0 17 49 38 29 16 23 47 5 50 50
36 50 50 50 50 37 21 9 15 21 32 50 23 28 50 50 42 50 50 10 50 50 41 50 50 22 49 20 29 2 41 50 21 22 50 50 34 31 6 13 50 46 50 38 48 24 50
47 32 39 50 50 50 7 8 47 19 50 26 27 50 50 50 1 49 50 50 50 8 50 15 48 50 47 21 50 50 9 33 1 23 50 26 8 34 37 44 12 33 12 8 50 50
15 16 41 50 50 50 50 26 50 50 4 14 20 50 24 50 50 18 13 48 24 31 50 2 48 20 29 1 24 50 38 3 50 9 50 50 50 3 50 17 50 0 35 50 50
31 25 10 41 38 41 50 17 37 16 46 40 50 50 50 50 17 13 39 50 10 23 38 15 15 16 15 36 17 29 3 50 15 7 18 21 43 50 50 50 38 13 50 50
37 50 50 3 36 39 40 14 50 26 18 50 43 33 35 21 50 50 46 14 50 5 14 39 33 18 32 43 21 4 24 28 50 29 25 25 50 50 12 30 43 29 50
50 47 1 12 37 50 26 39 19 50 50 50 12 41 50 41 50 0 50 12 50 9 15 50 50 50 50 50 50 50 50 50 29 13 13 50 28 29 25 50 43 50
50 3 26 36 50 23 24 50 8 14 17 21 26 17 20 23 50 33 25 6 50 50 50 17 50 9 42 15 8 46 39 50 47 30 50 15 38 28 50 50 50
30 21 1 50 13 50 35 47 50 50 35 49 11 49 50 26 17 24 50 31 50 41 0 50 50 34 50 41 15 19 4 13 20 50 50 35 31 50 12 50
50 13 20 50 50 23 19 23 6 43 18 50 46 43 10 50 50 10 50 50 2 50 44 50 1 50 43 50 50 50 3 33 50 22 50 12 50 35 50
29 50 10 10 15 50 27 15 50 50 30 50 50 45 30 50 13 50 50 5 37 44 50 42 39 50 27 50 2 20 27 50 43 50 31 28 15 50
50 45 50 49 7 14 48 23 4 24 50 50 16 47 48 45 50 43 11 5 37 47 37 25 49 39 50 50 50 47 50 12 19 50 48 14 50
37 35 50 21 50 50 13 50 11 8 24 0 50 26 50 50 18 50 32 50 19 20 42 49 50 40 18 50 50 43 6 45 50 3 50 50
19 49 13 50 9 50 50 36 50 50 19 50 50 50 4 12 17 50 50 50 14 47 8 5 24 5 47 21 37 6 50 50 21 31 50
50 15 43 50 10 19 50 50 29 50 35 42 46 22 43 50 50 13 8 4 49 46 50 6 25 50 50 31 35 50 5 50 50 50
50 48 50 50 16 23 33 50 18 15 36 36 50 50 37 37 50 8 50 37 20 26 20 50 7 21 38 33 27 50 50 40 50
50 50 4 6 3 16 37 50 50 35 42 9 29 50 50 18 27 2 50 34 15 24 33 2 50 35 40 31 13 48 39 50
50 27 11 50 35 45 50 6 32 50 46 50 18 49 39 50 28 24 50 50 50 50 22 50 4 50 24 9 45 46 50
22 9 46 15 17 3 18 50 35 50 50 16 50 13 14 50 0 50 50 50 50 0 13 50 8 24 50 6 48 50
11 50 32 2 37 0 10 50 28 37 43 28 50 50 16 50 46 50 17 40 35 22 50 22 31 50 18 1 50
50 50 47 10 38 50 50 50 50 38 31 49 11 50 7 26 50 42 41 3 50 3 5 50 12 50 19 50
42 50 50 3 42 50 50 18 13 21 32 50 13 34 50 50 48 7 0 45 31 26 49 27 16 28 50
12 35 25 21 50 42 50 7 50 24 36 36 27 50 36 41 25 25 12 50 50 50 50 50 4 50
50 50 50 50 50 50 50 50 50 50 50 50 50 50 50 50 50 50 50 50 50 50 50 50 50
50 50 50 50 50 50 50 50 50 50 50 50 50 50 50 50 50 16 50 50 50 50 50 50
50 50 50 50 50 50 50 50 50 50 50 50 50 50 50 50 50 18 50 50 50 50 50
50 50 50 50 50 50 50 50 50 50 50 50 50 50 50 50 50 4 50 50 50 50
5 50 31 50 50 50 50 50 50 50 50 44 50 50 50 50 17 50 50 50 50
50 50 50 50 50 50 50 50 50 50 50 50 50 50 50 50 50 50 50 50
50 50 50 50 50 50 50 50 50 50 50 50 50 50 50 50 50 17 50
50 50 50 50 50 50 50 50 50 50 50 50 50 50 50 50 50 50
50 22 50 50 50 50 50 50 50 50 50 50 50 50 50 50 50
50 50 50 50 50 50 50 50 50 50 45 50 50 50 50 50
50 50 50 50 50 50 50 50 50 50 50 50 50 50 50
50 50 50 50 50 50 50 50 50 50 50 50 50 50
50 25 50 50 46 50 50 50 50 50 50 50 50
50 50 50 50 50 50 50 50 50 50 50 50
50 50 50 24 50 50 50 50 50 50 50
50 50 50 50 50 50 50 50 50 50
50 50 50 50 50 50 50 50 50
50 50 50 50 50 50 50 50
50 50 50 50 50 50 50
50 50 50 50 19 50
50 50 50 50 50
50 50 50 50
50 50 50
50 50
50
