200 50
50 50 50 31 50 50 50 50 50 50 50 50 50 50 20 33 46 50 50 37 50 50 50 39 20 50 8 50 27 18 38 48 11 47 11 50 49 13 36 50 50 50 50 26 2 50 50 50 28 5 0 34 5 50 1 50 50 50 50 30 50 50 50 29 2 50 39 50 50 50 50 15 3 41 49 37 50 1 50 31 7 41 2 34 50 7 8 50 37 13 50 46 50 47 50 9 31 14 46 50 38 50 50 45 50 31 32 50 49 40 50 50 43 50 50 50 27 49 50 48 50 20 50 50 27 28 50 50 6 50 26 50 50 11 50 50 26 41 32 50 32 0 16 50 50 32 37 50 50 10 7 50 44 28 5 50 48 50 50 50 50 31 50 44 24 50 27 24 49 50 50 10 18 50 50 33 1 26 23 50 50 10 50 36 44 8 50 39 34 35 34 47 19 2 5 50 32 45 50 50
50 12 50 50 39 32 50 35 46 26 50 50 3 50 50 50 50 50 50 7 49 50 22 21 10 48 45 46 32 50 15 50 4 50 38 50 50 16 50 28 26 31 29 44 3 14 24 50 50 22 50 50 50 4 50 41 50 36 50 8 50 12 5 50 5 30 50 50 11 50 36 50 45 28 9 12 50 50 50 50 36 17 21 30 38 50 24 20 49 37 11 50 2 24 25 5 50 36 18 47 5 31 50 30 45 19 4 27 13 50 50 50 49 50 50 50 15 5 50 10 50 50 50 50 42 50 23 45 50 37 50 26 50 50 5 50 50 50 0 39 45 50 50 50 9 50 50 50 50 50 50 50 50 48 50 50 14 31 7 8 50 50 3 33 50 15 50 34 31 48 50 35 50 50 50 18 30 50 50 36 46 50 3 8 50 50 16 27 50 18 19 50 50 50 50 50 16 50 50
29 27 50 42 44 50 50 49 50 27 50 2 16 50 50 35 37 44 40 35 27 17 50 22 50 50 50 50 50 30 48 50 24 25 50 48 30 39 50 43 50 25 45 50 27 8 5 24 29 50 41 6 50 50 10 24 19 50 50 50 47 50 50 50 24 50 40 50 50 18 50 37 50 10 50 50 25 48 50 50 50 27 50 50 50 48 45 20 50 50 3 43 19 24 31 32 27 16 3 44 50 29 50 0 50 7 50 50 50 50 50 18 25 39 41 19 50 50 22 3 4 2 46 27 50 46 50 50 50 14 50 50 50 42 50 50 50 50 50 43 37 50 47 23 50 50 50 38 50 40 14 48 6 50 50 27 43 50 50 50 40 50 32 31 50 50 19 16 50 15 13 43 18 50 11 17 7 41 50 28 24 50 1 20 30 50 50 50 19 48 50 50 50 40 41 50 50 50
20 4 50 8 8 5 50 0 50 47 35 26 40 50 40 50 42 18 42 48 1 31 15 50 50 50 50 32 14 50 6 44 50 36 50 50 23 14 50 50 23 50 18 19 12 11 50 50 50 22 50 22 50 17 47 7 50 2 30 50 50 50 50 41 50 45 50 40 26 33 2 50 47 2 2 48 37 20 44 50 50 28 50 4 50 0 32 12 38 50 39 42 50 9 50 40 50 50 21 44 30 34 32 4 35 50 50 5 50 50 50 43 50 30 32 50 27 24 38 50 50 50 27 5 50 50 37 50 38 29 50 28 19 50 50 33 50 0 20 50 50 50 21 36 25 1 37 26 50 50 50 22 50 50 34 23 40 50 41 50 50 24 12 49 45 50 50 32 50 32 31 50 50 11 34 18 50 50 32 50 22 50 33 50 50 50 50 19 35 50 47 30 50 1 50 11 50
38 50 50 20 50 50 50 12 10 50 2 50 50 50 47 30 32 50 20 50 50 50 50 50 50 50 32 13 13 48 50 50 41 50 42 25 23 50 50 36 35 48 37 31 14 50 42 9 50 50 11 50 50 50 15 50 50 31 24 50 10 50 7 23 35 50 50 50 15 16 50 18 7 50 50 19 42 50 21 50 50 22 21 50 47 50 50 43 50 15 50 50 36 26 37 41 50 10 11 16 50 24 50 21 50 21 32 50 25 38 11 50 50 4 50 17 50 50 39 31 50 4 50 4 50 50 47 50 2 4 44 50 33 3 50 26 38 48 50 50 50 16 50 50 1 50 50 22 50 6 50 11 40 50 20 17 12 50 50 0 50 50 50 50 50 7 44 50 49 50 50 50 50 17 50 50 50 50 24 50 37 34 32 49 50 2 50 1 50 50 50 50 50 50 40 50
13 50 50 50 50 8 19 50 50 50 26 12 13 44 32 50 16 22 26 50 50 50 17 48 24 30 5 6 21 50 1 3 1 50 42 29 50 21 27 50 50 50 50 38 50 6 50 11 23 50 40 42 36 19 50 50 6 50 15 50 50 16 50 46 12 50 47 15 16 7 50 50 50 50 50 50 6 50 38 31 24 50 10 34 4 50 46 0 31 14 50 50 50 6 39 50 50 50 50 50 22 39 50 50 50 26 39 36 14 36 50 50 8 50 50 22 47 30 40 42 21 50 40 31 47 50 50 2 50 10 2 50 50 50 14 50 36 50 50 50 10 13 15 50 50 50 50 50 50 41 31 26 12 20 13 50 50 39 50 50 26 50 10 46 40 47 50 50 50 39 23 1 50 50 41 18 17 50 50 50 50 50 50 50 15 50 50 50 45 8 17 50 15 50 50
32 41 33 31 50 15 50 50 21 50 30 49 27 24 50 49 10 50 26 50 42 34 50 50 50 50 26 50 4 50 22 43 4 2 40 50 50 50 50 26 16 50 50 50 50 50 16 8 21 50 30 5 14 50 15 34 50 46 44 45 11 50 50 34 50 12 2 48 50 13 47 50 27 25 47 34 50 50 16 11 4 36 50 5 50 50 50 22 50 50 34 50 39 25 41 50 50 42 21 50 34 36 50 40 47 8 50 28 50 50 34 2 50 1 22 50 50 35 25 50 50 31 17 50 50 44 50 50 47 46 7 50 50 50 50 50 50 50 50 8 50 14 50 50 6 47 1 50 36 18 37 50 12 19 16 30 6 18 50 27 50 11 22 50 3 18 42 50 47 48 50 50 27 1 50 50 16 50 28 49 25 6 50 50 38 14 11 28 35 50 8 50 33 50
11 30 36 50 50 50 50 50 18 50 50 1 50 22 29 23 50 50 50 40 2 50 10 38 50 50 41 22 16 50 50 43 50 22 50 5 10 50 50 33 7 22 17 50 50 27 50 50 36 37 50 50 50 50 23 20 42 42 50 50 50 37 50 50 50 48 50 1 50 50 50 4 18 26 50 49 50 50 34 25 50 25 30 2 30 9 18 50 38 50 50 50 34 50 19 0 33 50 13 50 50 50 50 50 50 4 49 20 50 11 50 33 9 50 50 28 50 9 13 27 50 45 50 50 47 50 14 17 50 29 35 0 50 2 50 50 50 43 31 50 50 50 7 6 28 22 50 45 50 50 43 50 42 21 50 50 50 6 28 50 50 17 50 50 50 25 50 11 10 26 50 30 50 50 16 50 14 31 50 18 50 50 50 50 23 36 45 44 36 26 50 50 50
50 5 50 33 50 4 50 50 50 37 4 50 37 0 42 50 50 37 50 35 1 4 34 50 50 6 17 50 47 50 20 21 50 50 50 50 50 48 50 18 50 3 50 50 50 25 50 47 50 4 50 50 20 50 37 50 50 50 14 0 11 14 50 50 11 50 4 9 50 21 50 27 40 50 8 2 50 38 27 27 50 41 50 50 50 50 50 26 50 48 50 50 37 33 50 50 37 50 14 50 7 50 10 24 50 50 50 30 50 30 33 40 30 30 18 50 50 50 8 18 20 50 35 37 11 50 50 35 20 50 45 50 37 50 50 15 50 36 24 21 19 50 50 29 19 17 50 45 50 4 50 8 29 50 12 50 48 35 35 50 38 50 50 7 46 50 38 50 46 50 50 50 50 50 17 38 8 13 18 50 50 50 50 8 50 50 50 17 22 47 7 50
50 12 25 15 33 50 7 28 26 17 50 50 30 50 45 50 44 50 50 9 50 7 50 50 50 29 34 50 50 50 12 50 30 23 50 50 8 50 30 13 34 46 48 26 45 47 41 50 50 28 50 50 33 50 11 39 50 50 39 8 2 41 50 38 50 50 45 6 50 48 6 50 50 7 50 26 50 50 50 50 45 50 26 23 50 50 35 22 38 19 44 35 50 26 50 50 12 20 50 5 50 11 9 41 50 50 29 50 50 50 22 39 50 3 38 50 34 50 50 50 50 39 50 50 50 44 50 38 50 50 50 30 50 47 30 9 15 34 50 50 0 22 10 50 50 50 7 50 50 21 47 28 23 50 30 50 35 23 50 50 28 7 50 42 50 50 50 49 50 47 38 0 32 50 50 50 48 50 18 4 50 14 31 42 21 50 46 50 50 50 50
50 50 50 49 50 50 2 50 50 50 50 50 7 50 20 29 50 8 9 50 21 6 50 50 2 50 50 50 4 50 50 5 18 50 50 50 34 50 22 17 50 50 50 18 41 50 2 50 50 20 50 50 28 50 49 37 11 46 41 17 10 50 43 50 21 24 46 18 50 0 50 50 27 50 29 5 25 46 9 35 50 27 50 50 14 50 50 50 40 50 50 50 50 11 50 50 1 50 7 22 41 50 50 13 50 50 24 37 50 32 2 44 13 38 40 3 36 50 50 45 50 34 24 49 50 31 27 50 15 50 37 3 27 50 31 50 14 50 19 50 50 45 50 24 24 50 50 50 50 50 34 13 50 50 50 23 21 23 50 50 50 50 2 49 18 48 24 40 50 50 18 23 50 50 50 27 42 49 33 50 50 50 34 50 46 50 50 16 50 50
27 50 50 50 50 50 38 50 25 38 50 50 11 50 7 50 50 50 15 8 39 9 26 11 50 6 20 26 49 3 2 26 3 50 22 50 0 1 50 12 50 50 4 50 50 34 30 15 50 29 32 5 50 50 27 15 29 7 15 50 37 50 50 8 31 50 50 50 19 50 6 50 30 50 5 38 37 50 31 12 3 5 47 3 50 19 50 50 43 11 50 50 50 16 15 50 50 20 25 32 50 17 50 25 50 50 30 18 50 50 50 2 27 37 50 50 17 1 50 3 20 50 44 50 50 47 20 26 47 50 30 50 50 50 1 50 9 50 26 50 50 50 10 14 50 15 0 50 43 40 50 50 20 50 28 4 50 6 50 33 37 50 50 50 50 50 50 15 12 50 37 50 50 50 22 50 50 14 31 27 34 28 9 9 50 50 50 45 50
50 28 50 50 2 47 5 32 50 50 42 50 50 12 43 20 4 50 50 50 2 15 3 35 50 50 50 33 50 8 50 0 10 46 50 18 50 50 50 39 50 50 30 43 34 50 50 50 50 38 50 39 50 50 14 18 50 50 50 40 8 5 25 47 50 26 45 50 50 50 50 50 50 50 34 36 50 16 37 22 50 35 50 50 25 50 50 4 17 50 50 50 50 35 50 20 8 5 50 50 39 43 50 50 20 50 48 50 3 30 6 50 50 26 46 2 23 50 50 25 50 50 13 50 10 10 21 50 50 44 37 2 48 36 42 50 50 28 50 50 50 50 50 3 49 31 9 50 10 34 44 41 43 50 20 50 7 50 6 50 50 34 19 50 50 39 40 48 50 50 47 50 50 50 2 50 17 50 10 50 50 32 50 26 50 24 50 50
50 1 35 50 50 50 39 50 9 31 41 5 50 30 50 50 22 38 50 41 10 50 32 27 35 50 50 50 11 50 50 48 50 34 50 1 23 50 50 14 50 30 50 44 50 50 0 50 21 50 50 50 43 10 50 11 50 19 50 14 50 50 50 50 1 1 21 12 50 4 50 39 23 50 47 10 50 50 50 50 40 21 45 1 50 50 50 50 50 50 50 9 50 50 41 50 50 5 9 27 20 50 50 0 23 50 50 5 36 50 38 50 31 50 50 13 50 50 29 27 17 50 50 50 50 15 35 50 50 14 39 50 18 9 25 50 27 50 50 30 41 20 40 50 50 41 35 50 4 50 50 50 35 3 50 50 50 21 50 50 27 39 41 50 50 26 50 6 31 49 44 2 50 50 37 11 50 50 21 50 50 8 6 50 42 44 50
18 38 28 50 37 50 50 50 47 26 50 13 16 16 50 50 50 5 3 4 50 17 50 41 50 50 12 23 38 50 50 50 50 50 48 50 50 24 50 50 13 50 23 50 50 50 50 46 50 28 50 48 27 22 50 50 4 50 26 5 50 50 12 50 47 16 35 50 50 50 42 0 50 24 27 50 2 49 0 50 13 50 45 2 50 50 20 46 11 27 50 50 50 50 0 50 18 10 16 50 28 36 31 50 14 50 39 7 50 50 8 50 49 38 50 10 50 50 50 23 12 50 28 3 50 17 13 25 50 50 2 50 1 40 27 50 21 8 17 50 50 5 19 50 19 50 50 22 50 6 50 50 50 50 50 34 50 50 10 50 47 38 44 33 50 21 50 50 31 50 47 9 25 50 21 50 20 42 36 50 14 50 50 35 50 50
5 50 50 50 50 10 50 16 23 50 50 40 44 31 50 50 50 47 0 50 50 50 14 50 50 50 50 20 3 10 30 50 50 37 50 50 38 50 50 45 50 28 50 12 1 50 50 43 50 6 8 21 30 50 31 50 1 34 50 16 7 20 6 50 39 50 17 50 5 50 50 9 19 50 27 50 23 50 47 50 50 50 0 48 49 40 50 50 50 6 50 50 50 50 50 14 18 50 50 11 36 33 50 49 50 31 50 50 0 33 46 50 31 14 14 50 50 50 39 50 10 1 6 31 50 6 25 50 31 36 50 50 32 35 6 50 23 50 50 20 28 50 50 9 18 29 49 39 33 50 3 50 50 50 50 50 50 4 36 0 5 30 21 50 50 19 47 11 50 43 50 50 50 42 50 15 50 32 50 10 50 50 50 4 50
50 50 50 33 44 44 8 40 43 50 7 50 50 9 35 45 50 50 1 8 10 50 50 50 50 8 50 16 14 50 10 1 50 50 2 12 43 50 50 50 43 50 50 3 50 8 29 50 40 50 5 23 50 50 28 34 27 50 50 47 50 50 50 39 50 50 50 50 12 4 50 50 21 28 50 27 34 50 2 29 34 50 50 23 24 50 50 9 50 24 50 50 30 50 14 16 50 50 31 50 13 50 41 50 44 50 50 8 20 42 50 50 35 16 50 50 35 50 50 50 50 49 19 8 20 50 25 43 24 7 8 50 28 50 31 23 50 42 50 50 50 50 29 20 50 25 9 50 50 50 50 50 50 50 21 50 24 35 14 16 50 50 50 50 28 2 50 31 50 37 50 50 50 50 24 50 50 40 25 50 8 50 31 50
45 50 39 9 33 50 48 23 35 44 44 33 50 5 50 9 50 22 27 50 6 27 10 50 50 50 16 13 50 2 6 37 44 11 50 33 27 50 50 50 50 50 34 6 36 17 4 50 48 50 23 40 50 50 11 44 50 50 23 50 11 22 50 1 44 50 10 14 50 50 37 10 14 4 27 50 50 43 4 27 42 49 50 50 50 48 32 50 50 50 18 27 50 49 38 50 50 37 32 50 50 10 50 50 43 50 13 15 31 34 50 44 50 50 37 8 7 3 5 24 7 1 50 50 50 42 10 50 50 41 50 50 39 11 50 11 50 50 50 50 50 50 46 50 25 8 46 50 50 50 4 12 50 10 50 39 25 50 22 26 50 50 50 50 50 50 1 49 50 50 26 29 10 40 50 50 41 50 23 20 50 5 50
0 36 1 50 15 50 50 46 0 30 50 38 36 7 50 50 50 50 50 50 50 50 50 39 48 7 50 30 50 50 7 50 50 50 27 50 14 22 50 50 50 42 14 37 39 50 50 43 50 40 50 14 50 39 50 50 50 5 49 50 20 50 26 50 50 25 50 50 50 50 50 50 50 5 50 37 50 50 1 49 50 50 50 45 14 50 50 50 50 38 37 28 50 41 2 50 43 43 50 50 26 12 47 50 50 50 50 50 50 50 39 23 39 27 43 34 50 14 26 50 50 9 50 50 32 50 50 50 10 50 50 44 16 50 24 50 3 50 18 50 50 31 31 31 27 9 12 25 50 50 30 23 40 32 50 39 5 50 42 50 45 43 50 50 28 50 50 50 50 50 50 50 50 26 50 22 16 37 3 50 19 50
50 50 50 50 50 50 28 13 1 34 50 28 50 50 22 50 50 50 45 50 50 43 50 50 5 50 37 22 4 28 33 25 47 50 50 25 50 47 50 22 23 24 50 41 25 46 18 50 26 50 2 50 4 40 3 50 50 50 23 42 23 50 50 5 5 50 50 37 50 9 50 50 12 50 50 47 50 21 50 14 48 50 50 50 21 10 20 50 50 39 50 50 6 46 50 50 50 10 50 50 50 25 31 25 50 5 50 39 50 50 50 16 50 50 22 50 50 50 38 50 24 50 29 50 36 48 42 48 11 50 50 3 50 12 49 32 49 30 17 50 46 50 38 50 21 7 50 50 50 6 50 32 50 43 50 29 13 1 50 38 47 14 19 50 50 9 34 49 50 50 50 42 47 39 50 50 44 50 18 50 50
50 43 50 50 50 15 45 43 50 50 50 50 50 50 28 4 50 50 35 3 50 50 50 50 50 49 25 47 2 50 3 33 47 18 50 5 26 30 50 50 50 18 43 50 31 50 17 17 50 50 42 0 50 50 28 50 50 37 29 50 9 50 44 50 24 50 49 47 44 13 50 41 31 50 50 28 16 29 45 50 21 24 18 50 50 17 50 50 3 34 32 50 31 50 11 3 50 50 48 33 4 50 20 23 16 17 18 36 50 11 50 50 50 50 50 50 50 3 33 50 50 27 50 22 21 50 33 35 50 22 35 50 50 22 50 39 18 30 50 50 9 50 50 50 50 39 39 50 50 50 30 38 50 30 50 45 50 50 50 25 28 31 21 50 50 50 9 14 50 40 50 50 35 39 2 50 50 15 10 50
24 50 39 19 26 45 37 50 50 4 50 50 12 50 50 46 29 50 50 50 32 50 50 50 50 50 32 50 50 50 29 50 39 50 50 50 50 50 50 40 34 50 50 31 5 50 4 47 50 7 42 50 20 3 50 1 31 50 50 20 13 50 50 50 3 19 16 50 46 50 50 50 36 17 32 50 50 50 13 50 50 42 5 12 50 17 33 23 50 28 2 37 50 5 50 50 22 48 41 50 47 20 42 15 3 6 50 50 3 50 50 36 48 50 50 16 8 50 50 50 50 31 50 39 40 50 50 40 20 50 50 50 30 11 50 48 50 36 38 25 50 50 38 31 18 50 13 50 14 43 42 42 50 37 0 28 50 12 38 33 17 50 10 50 38 23 50 11 50 50 50 50 50 50 50 46 50 1 50
31 24 48 50 50 1 50 35 31 50 10 50 34 32 50 23 50 49 50 50 41 37 28 40 50 35 50 10 15 7 34 50 38 29 11 37 14 29 50 18 10 0 4 15 50 50 18 50 32 32 49 47 50 50 23 0 24 37 50 50 50 50 50 50 50 50 12 24 50 22 0 5 25 13 50 31 50 2 50 40 47 50 2 34 25 2 44 36 5 12 50 7 1 50 6 50 6 50 50 19 28 26 17 50 50 12 50 50 40 37 50 48 50 50 27 2 0 32 1 13 50 44 50 50 32 1 18 14 36 43 50 36 44 45 41 32 33 21 24 50 48 33 10 50 14 39 18 50 3 50 50 30 21 24 50 50 50 50 42 23 28 50 49 34 35 50 50 40 15 46 50 38 50 50 14 13 4 50
50 28 26 50 50 16 49 8 29 4 50 8 50 50 50 50 26 21 16 12 50 50 49 50 24 50 50 13 50 40 45 40 27 42 16 42 50 8 50 50 50 50 20 33 32 1 50 17 47 50 37 27 21 50 40 16 50 40 50 40 18 34 50 15 50 50 22 28 50 22 47 46 6 32 38 39 47 50 34 5 50 50 49 10 50 50 31 50 43 50 50 41 32 50 29 41 14 50 26 50 50 25 30 50 49 24 8 50 39 26 33 50 50 2 32 47 50 50 0 50 50 25 9 50 50 12 50 47 34 25 50 50 0 50 50 30 18 50 27 48 37 44 50 50 50 38 50 50 43 46 8 28 47 0 12 50 50 12 26 11 10 6 50 37 50 40 50 50 50 50 33 6 50 50 10 50 50
44 13 44 50 31 50 50 50 36 50 50 5 50 6 50 0 36 50 39 7 50 50 21 7 50 40 15 50 50 13 12 18 46 4 50 42 50 50 46 32 17 50 50 37 18 30 50 10 5 3 7 50 50 36 28 50 4 50 50 50 50 50 50 47 5 50 42 49 50 33 31 50 25 17 39 42 50 21 47 7 32 50 40 6 50 50 50 25 26 50 14 50 21 50 45 38 50 28 50 48 24 50 50 50 8 37 50 35 22 15 50 50 28 48 21 50 42 50 36 50 50 8 50 50 50 50 50 50 40 1 50 20 17 50 50 50 41 50 50 22 15 39 50 50 50 50 7 50 50 50 50 6 27 4 50 27 28 50 3 47 29 50 49 14 50 4 35 22 24 50 48 39 50 3 49 50
50 50 8 33 50 50 50 41 7 29 50 48 42 50 50 21 11 50 50 50 50 41 47 50 6 50 13 50 50 3 50 50 14 50 50 49 43 50 1 19 50 50 50 50 50 50 39 50 24 2 50 50 21 50 9 50 24 10 50 50 36 50 50 27 33 20 50 50 2 16 16 50 39 40 15 32 50 50 50 50 44 3 50 50 50 48 31 16 16 39 50 4 50 50 50 13 50 34 40 1 44 18 50 35 26 50 50 50 50 36 50 50 44 25 15 50 50 50 50 37 44 9 50 50 50 7 33 50 50 45 50 49 25 50 50 5 50 43 50 22 50 45 5 50 19 50 50 50 50 50 37 4 50 12 17 43 5 33 50 38 50 39 50 25 32 29 11 50 50 50 50 19 50 9 50
2 50 22 50 50 48 50 10 50 26 4 50 50 50 22 50 21 50 3 50 17 43 50 20 46 50 6 0 50 50 50 50 47 27 50 28 34 50 50 50 50 21 50 10 50 11 50 50 9 50 50 50 37 36 42 1 11 47 39 49 50 18 50 50 16 9 26 47 50 50 50 50 50 38 26 50 50 50 50 50 50 4 32 26 50 50 4 50 50 46 36 50 50 12 50 50 38 50 50 50 50 26 50 17 12 26 50 50 50 50 50 20 43 21 46 50 50 2 50 50 50 47 24 50 50 50 50 41 50 50 27 23 50 39 50 44 19 29 50 49 12 50 9 50 40 50 50 50 50 29 50 19 5 50 15 50 50 50 50 39 20 34 45 50 50 50 23 32 50 50 9 50 50 50
50 45 19 50 0 4 50 50 50 34 15 50 50 50 35 50 50 50 26 50 44 39 7 4 48 11 29 24 39 50 50 15 50 15 50 20 50 3 50 50 50 50 50 4 0 37 30 5 10 24 28 50 50 5 33 32 16 42 50 50 41 19 24 50 50 50 43 24 50 4 50 22 32 50 29 19 50 19 1 50 50 39 10 34 12 10 50 50 38 3 50 11 33 42 50 41 38 50 50 47 50 50 50 50 13 30 50 50 37 50 48 50 44 25 50 13 13 42 50 38 38 14 27 50 44 18 50 50 18 17 2 40 50 50 15 37 19 50 19 30 21 50 14 29 29 50 50 33 37 50 50 50 12 31 50 50 50 50 50 50 4 32 50 50 50 43 50 40 50 50 12 50 50
50 50 50 1 50 50 48 50 25 46 38 46 50 12 50 21 50 31 25 15 11 50 50 50 4 50 48 50 22 50 2 13 50 50 0 10 50 50 50 15 50 24 33 15 3 50 50 50 50 5 50 50 39 16 50 50 30 24 47 50 10 34 50 50 30 50 3 50 50 50 50 22 26 50 50 28 34 50 40 50 4 42 50 50 23 15 50 44 49 21 11 50 50 50 38 39 48 50 50 6 50 50 50 8 50 50 24 50 50 50 36 50 39 24 50 6 50 50 50 50 48 49 25 10 50 7 20 7 27 28 49 50 31 48 50 41 31 50 50 20 50 2 6 47 50 50 22 48 50 29 1 10 21 29 16 29 23 50 2 50 50 41 20 50 50 50 50 4 45 42 50 50
50 50 50 50 50 46 37 26 26 50 42 37 50 29 2 50 20 34 50 50 50 22 8 8 27 50 21 4 39 21 11 11 1 4 16 50 38 50 14 44 50 50 50 50 24 20 44 15 50 38 50 50 47 6 50 34 32 8 50 13 50 50 26 50 47 36 50 50 50 50 50 50 50 30 50 50 8 50 50 22 10 29 36 31 50 38 21 50 50 50 1 40 50 32 50 8 40 50 7 50 15 46 38 50 50 50 20 40 50 50 40 19 49 50 41 49 50 13 50 28 50 50 50 50 20 11 39 50 46 50 36 2 50 45 50 50 26 37 50 50 11 21 22 50 50 50 33 4 39 50 50 18 49 1 38 50 4 50 34 38 21 23 50 50 50 10 23 50 50 50 50
26 26 48 20 20 0 22 50 30 40 50 50 50 50 6 50 50 21 50 27 50 46 5 50 36 38 50 50 33 8 38 10 18 41 31 50 8 4 1 35 17 2 35 25 0 50 50 48 8 42 27 40 46 35 50 42 45 50 50 42 10 50 50 50 45 22 37 50 46 50 50 29 50 50 7 12 50 50 45 50 20 48 50 50 50 50 44 10 50 50 50 50 34 21 50 50 8 44 30 50 17 3 50 11 9 49 13 50 50 50 50 4 29 26 40 36 35 23 50 8 7 44 50 24 18 50 13 50 33 49 50 50 28 50 25 2 31 50 27 50 23 40 50 1 50 50 15 23 50 43 31 35 50 31 26 50 43 48 6 26 31 50 6 50 31 41 0 10 50 50
19 50 7 50 49 22 50 50 50 18 18 15 23 31 50 30 33 50 40 18 28 22 10 50 14 16 10 7 16 11 26 1 50 50 46 50 26 38 2 50 20 31 50 50 6 35 50 50 50 16 48 50 50 11 48 50 50 50 50 43 50 50 50 50 16 50 50 50 13 50 50 41 49 50 36 18 11 12 42 50 6 50 26 0 49 50 34 49 50 13 22 42 7 50 50 39 44 50 50 41 50 50 50 50 50 50 22 50 50 8 20 50 32 50 50 19 41 45 28 29 50 16 50 21 50 50 26 18 50 50 18 50 50 50 50 41 50 50 33 5 50 23 34 3 50 7 1 13 50 50 14 50 50 17 50 50 50 50 50 33 10 37 20 19 36 50 50 43 50
50 50 12 36 39 50 43 44 50 50 50 13 50 34 50 40 44 29 12 50 50 50 21 18 50 35 12 45 31 3 13 35 5 50 47 9 26 50 50 50 50 39 50 50 44 5 50 21 50 32 50 12 39 50 5 9 32 50 18 38 27 39 13 26 50 20 20 50 26 50 11 50 35 50 50 50 26 50 8 30 40 38 50 17 46 11 41 44 50 50 40 50 6 44 9 49 50 47 50 6 19 13 50 50 31 50 0 50 50 50 50 50 50 50 47 50 50 50 28 50 50 12 50 50 7 13 50 10 50 50 50 17 50 0 50 26 6 50 31 50 50 19 46 3 50 50 50 50 50 50 16 50 50 25 43 50 50 10 50 50 11 50 50 29 46 15 30 50
50 50 33 17 36 45 11 48 50 50 14 50 50 50 50 42 50 50 50 50 50 50 50 50 50 50 41 12 50 19 17 1 22 50 50 48 50 14 2 50 30 6 50 50 21 27 39 50 25 50 39 33 50 40 45 50 50 32 50 40 50 50 50 50 50 50 50 23 50 11 50 32 45 50 50 50 1 20 0 41 50 50 50 5 50 36 26 24 7 50 42 18 50 50 1 13 41 50 50 50 27 11 7 50 50 44 49 50 50 50 50 21 50 50 11 50 43 42 50 10 50 46 40 19 14 50 50 50 9 50 42 30 26 25 50 5 36 10 6 50 50 17 50 50 50 50 5 43 34 50 11 7 50 50 42 0 49 48 50 1 35 28 35 50 16 45 50
44 50 3 50 40 46 50 50 50 1 48 16 28 50 5 30 31 38 50 33 42 36 50 50 29 50 50 22 27 41 15 50 44 3 25 50 50 9 50 26 38 8 50 50 50 50 50 42 50 50 22 50 39 47 32 35 50 50 28 50 50 50 31 1 48 38 15 50 50 20 49 38 0 50 50 50 48 23 39 38 50 50 27 3 0 2 32 50 50 17 50 8 22 50 30 50 50 29 50 50 11 50 21 1 21 50 50 50 50 25 50 50 50 50 39 50 23 50 13 4 50 12 50 41 50 47 0 26 36 50 35 19 50 33 50 50 41 42 50 7 50 24 40 50 50 50 24 50 19 24 31 8 35 29 4 50 14 50 50 5 50 40 50 39 5 50
50 50 22 50 50 50 17 14 2 29 50 13 50 38 20 50 22 50 34 32 50 50 50 50 42 50 18 14 19 50 50 50 11 30 50 15 11 50 50 46 41 50 8 2 18 49 29 49 50 24 50 50 34 11 50 50 50 40 33 39 6 50 18 43 34 50 38 50 50 50 50 50 50 29 36 50 7 33 50 16 43 50 41 0 49 50 50 33 31 14 50 50 50 50 50 50 50 14 12 0 50 50 41 8 46 50 50 27 3 33 49 49 44 50 50 50 24 16 50 42 33 50 50 50 50 50 50 39 50 33 50 47 50 8 50 13 23 21 50 40 25 50 50 3 50 43 50 43 50 50 32 48 8 50 6 50 21 44 50 21 8 15 50 50 50
5 40 50 44 50 4 13 47 50 50 30 41 50 50 23 13 50 50 50 27 13 50 50 5 32 50 46 8 50 46 50 50 50 29 50 50 6 50 50 18 50 50 50 17 37 23 50 50 50 50 25 3 42 0 15 29 50 50 22 5 45 47 50 42 34 30 9 7 50 50 3 24 17 14 4 50 50 50 44 33 35 50 41 42 23 50 50 10 50 36 7 50 50 24 35 39 50 50 50 50 36 24 50 16 44 50 50 15 30 22 48 50 10 22 11 50 50 50 16 47 0 43 48 50 46 50 50 50 50 50 50 35 50 20 17 1 31 6 50 50 50 29 50 42 29 32 50 50 11 2 50 50 50 50 22 14 50 50 42 50 50 4 7 50
50 37 46 26 21 50 47 18 17 13 50 24 50 31 23 50 50 50 32 28 50 45 49 50 23 50 50 50 41 50 50 32 16 44 50 50 26 5 21 31 47 50 16 27 50 50 50 50 47 50 50 50 42 50 31 50 15 37 50 50 50 50 8 50 50 50 50 17 34 3 50 3 50 37 30 7 39 30 50 31 44 42 50 34 5 50 16 5 50 0 7 31 42 22 33 50 50 50 50 50 50 50 47 50 50 50 43 50 30 50 50 3 21 50 50 23 43 42 49 50 6 50 22 47 50 50 46 27 50 50 12 9 50 50 14 22 50 50 50 50 32 35 49 50 50 50 45 16 2 50 35 50 3 18 18 50 50 50 2 50 37 50 50
11 50 23 50 50 46 50 50 50 5 50 9 36 26 50 50 42 50 28 47 19 48 50 50 29 13 26 50 17 11 7 50 32 44 37 50 16 49 40 50 32 50 50 16 50 42 24 46 20 50 50 2 15 50 50 50 50 14 26 29 50 50 50 9 50 41 50 50 50 50 50 50 23 37 15 50 34 9 50 33 10 16 27 50 45 50 33 50 45 17 16 38 50 17 50 19 7 40 50 10 10 8 27 50 50 50 9 50 50 50 50 30 28 49 50 50 50 44 38 44 3 24 50 50 50 50 8 4 50 50 5 14 43 50 40 46 5 50 11 50 27 50 1 50 6 26 50 50 47 44 50 50 20 50 46 35 50 28 50 33 50 50
50 50 50 2 9 27 50 50 50 50 50 46 50 50 16 41 0 50 36 11 44 24 50 32 45 50 11 24 35 42 50 50 50 31 50 50 34 19 50 49 50 50 50 50 12 40 50 50 50 50 14 25 50 50 34 50 50 50 27 22 50 50 14 50 34 10 20 30 4 50 50 7 50 50 50 50 6 50 27 2 41 50 50 40 14 4 49 50 24 50 25 50 48 50 26 14 37 3 19 50 9 44 50 0 50 15 50 50 50 50 50 50 50 50 50 50 50 50 50 50 50 50 50 50 50 50 50 50 50 50 50 50 50 50 50 50 50 50 50 50 50 50 50 50 50 50 50 50 50 50 50 50 50 50 50 50 50 50 50 50 50
50 50 50 50 50 50 50 50 50 50 50 50 50 50 50 50 50 50 50 50 50 50 50 50 50 50 50 50 50 50 50 50 50 50 50 50 50 50 50 50 50 50 50 50 50 50 50 50 50 50 50 50 50 50 50 50 50 50 50 50 50 50 50 50 50 50 50 50 50 50 50 50 50 50 50 50 50 50 50 50 50 50 50 50 50 50 50 50 50 50 50 50 50 50 50 50 50 50 50 50 50 50 50 50 50 50 50 50 50 50 50 50 17 50 50 50 50 50 50 50 50 50 50 50 50 50 50 50 50 50 50 50 50 50 50 50 50 50 50 50 50 50 50 50 50 50 50 50 50 50 50 50 50 50 50 50 50 50 50 50
50 50 50 50 50 50 50 50 50 50 50 50 50 50 50 50 50 50 50 50 50 50 50 50 50 50 50 50 50 50 50 50 50 50 50 50 50 50 50 50 50 50 50 50 50 50 50 50 50 50 50 50 50 50 50 50 50 50 50 50 50 50 50 50 50 50 50 50 50 50 50 50 50 50 50 50 50 50 50 50 50 50 50 50 50 50 50 50 50 50 50 50 50 50 50 50 50 50 50 50 50 50 50 50 50 50 50 50 50 50 50 50 50 50 50 50 50 50 50 50 50 50 50 50 50 50 50 50 50 50 50 50 50 50 50 50 50 50 50 50 50 50 50 50 50 50 50 50 50 50 50 50 50 50 50 50 50 50 50
50 50 50 50 50 50 50 50 50 50 50 50 50 8 50 50 50 50 50 50 50 50 50 50 50 50 50 50 50 50 50 50 50 50 50 50 50 50 50 50 50 50 50 23 50 50 50 50 50 50 50 50 50 50 50 50 50 50 50 50 50 50 50 50 50 50 50 50 50 50 50 50 50 50 50 50 50 50 50 50 50 50 50 50 50 50 50 50 50 50 50 50 50 50 50 50 50 50 50 50 50 50 50 50 50 50 50 50 50 50 50 50 50 50 50 50 50 50 50 50 50 50 50 50 50 50 50 50 50 50 50 50 50 50 50 50 50 50 50 50 50 50 24 50 50 50 50 50 50 50 50 50 50 50 50 50 50 50
50 50 50 50 50 50 50 50 50 50 50 50 50 50 50 50 50 50 50 50 50 50 50 50 50 50 50 50 50 50 50 50 50 50 50 50 50 50 50 50 50 50 50 50 50 50 50 50 50 50 50 50 50 50 50 50 50 50 50 50 50 50 50 50 50 50 50 50 50 50 50 50 50 50 50 50 50 50 50 50 50 50 50 50 50 50 50 50 50 50 50 50 50 50 50 50 50 50 50 50 50 50 50 50 50 50 50 50 50 50 50 50 50 50 50 16 50 50 50 50 50 50 50 50 50 50 50 50 50 50 50 50 50 50 50 50 50 50 50 50 50 50 50 50 50 50 50 50 50 50 50 50 50 50 50 50 50
50 50 50 50 50 50 50 50 50 50 50 50 50 50 50 50 50 50 50 50 50 50 50 50 50 50 50 50 50 50 50 50 50 50 50 50 50 50 50 50 50 50 50 50 50 50 50 50 50 50 50 50 50 50 50 50 50 50 50 50 50 50 50 50 50 50 50 50 50 50 50 50 50 50 50 50 50 50 50 50 50 50 50 50 50 50 50 50 50 50 50 50 50 50 50 50 50 50 50 50 50 50 50 50 50 50 50 50 50 50 50 50 50 50 50 50 50 50 50 50 50 50 10 50 50 50 50 50 50 50 50 37 50 50 50 50 50 50 50 50 50 50 50 50 50 50 50 42 50 50 50 50 50 50 50 50
50 50 50 50 50 50 50 50 50 50 50 50 50 50 50 50 50 50 50 50 50 50 50 50 50 50 50 50 50 50 50 50 50 50 50 50 50 50 50 50 50 50 50 50 50 50 50 50 50 50 50 50 50 50 50 50 50 50 50 50 50 50 50 50 50 50 50 50 50 50 50 50 50 50 50 50 50 50 50 50 50 50 50 50 50 50 50 50 50 50 50 50 50 48 50 50 50 50 50 50 50 50 50 50 50 50 50 50 50 50 50 50 50 50 50 50 50 50 50 50 50 50 50 50 50 50 50 50 50 50 50 50 50 50 50 50 50 50 50 50 50 50 50 50 50 50 50 50 50 50 50 50 50 50 50
50 50 50 50 50 50 50 50 50 50 50 50 50 50 50 50 50 50 50 50 50 50 50 50 50 50 50 50 50 50 50 50 50 50 50 50 50 50 50 50 50 50 50 50 50 50 50 50 50 50 50 50 50 50 50 50 50 50 50 50 50 50 50 50 50 50 50 50 50 50 50 50 50 50 50 50 50 50 50 50 50 50 50 50 50 50 50 50 50 50 50 50 50 50 50 50 50 50 25 50 50 50 50 50 50 50 50 50 50 50 50 50 50 50 6 50 50 50 50 50 50 50 50 50 50 50 50 50 50 50 50 50 50 50 50 50 50 50 50 50 50 50 50 50 50 50 50 50 50 50 50 50 50 50
50 50 50 50 50 50 50 50 50 50 50 50 50 50 50 50 50 50 50 50 50 50 50 50 50 50 50 20 50 50 50 50 50 50 50 50 50 50 50 50 50 50 50 50 50 50 50 50 50 50 50 50 50 50 50 50 50 50 50 50 50 50 50 50 50 50 50 50 50 50 50 50 50 50 50 50 50 50 50 50 50 50 50 50 50 50 50 50 50 50 50 50 50 50 50 50 50 50 50 50 50 50 50 50 50 50 50 50 50 50 50 50 50 50 50 50 50 50 50 50 50 50 50 50 50 50 50 50 50 50 50 50 50 50 50 50 50 50 50 50 50 50 50 50 50 50 50 50 50 50 50 50 50
50 50 50 50 50 50 50 50 50 50 50 50 50 50 50 50 50 50 50 50 50 50 50 50 50 50 50 50 50 50 50 50 50 50 50 50 50 50 50 50 50 50 50 50 50 50 50 50 50 50 50 50 50 50 50 50 50 50 50 50 50 50 50 50 50 50 50 50 8 50 50 50 50 50 50 50 50 50 50 50 50 50 50 50 50 50 50 50 50 50 50 50 50 50 50 50 50 50 50 50 50 50 50 50 50 50 50 50 50 50 50 50 50 50 50 50 50 50 50 50 50 50 50 50 50 50 50 50 50 50 50 50 50 50 50 50 50 50 50 50 50 50 50 50 50 50 50 50 50 50 50 50
50 50 50 50 50 50 50 50 50 50 35 50 50 50 50 50 50 50 50 50 50 50 50 50 50 50 50 50 50 50 50 50 50 50 50 50 50 50 50 50 50 50 50 50 50 50 50 50 50 50 50 50 50 50 50 50 50 50 50 50 50 50 50 50 50 50 50 50 50 50 50 50 50 50 50 50 50 50 50 50 50 50 50 50 50 50 50 50 50 50 50 50 50 50 50 50 50 50 50 50 50 50 50 50 50 50 50 50 50 50 50 50 50 50 50 50 50 50 50 50 50 50 50 50 50 50 50 50 50 50 50 50 50 50 50 50 50 27 50 50 24 50 50 50 50 50 50 50 50 50 50
50 50 50 50 50 50 50 50 50 50 50 50 50 50 50 50 50 50 50 50 50 50 50 50 50 50 50 50 50 50 50 50 50 50 50 50 50 50 50 50 50 50 50 50 50 50 50 50 50 50 50 50 50 50 50 47 50 50 50 50 50 50 50 50 50 50 50 50 50 50 50 50 50 50 50 50 50 50 50 50 50 50 50 50 50 33 50 50 50 50 50 50 50 50 50 50 50 50 50 50 50 50 50 50 50 50 50 50 50 50 50 50 50 50 50 50 50 50 50 50 50 50 50 50 50 50 50 50 25 50 50 50 50 50 50 50 50 50 50 50 50 50 50 50 50 50 50 50 50 50
50 50 50 50 50 50 50 50 50 50 50 50 50 50 50 50 50 50 50 50 50 50 50 50 50 50 50 50 50 50 50 50 50 50 50 50 50 50 50 50 50 50 50 50 50 50 50 50 50 50 50 50 50 50 50 50 50 50 50 50 50 50 50 50 50 50 50 50 50 50 50 50 50 50 50 50 50 50 50 50 50 50 50 50 50 50 50 50 50 50 50 50 50 50 50 50 50 50 50 50 50 50 50 50 50 50 50 50 50 50 50 50 50 50 35 50 50 50 50 50 50 50 50 50 50 50 50 50 50 50 50 50 50 50 50 50 50 50 50 50 50 50 50 50 50 50 50 50 50
50 50 50 50 50 50 50 50 50 50 50 50 50 50 50 50 50 50 50 50 50 50 50 50 50 50 50 50 50 50 50 50 50 50 50 50 50 50 50 50 50 50 50 50 50 50 50 50 50 50 50 50 50 50 50 50 50 50 50 50 50 50 50 50 50 50 50 50 50 50 50 50 50 50 50 50 50 50 50 50 50 50 50 50 50 50 50 50 50 50 50 50 50 50 50 50 50 50 50 50 50 50 50 50 50 50 50 50 50 50 50 50 50 50 50 50 50 50 50 50 50 50 50 50 50 50 50 50 50 50 50 50 50 50 50 50 50 50 50 50 50 50 50 50 50 50 50 50
50 50 50 50 50 50 50 50 50 50 50 50 50 50 50 50 50 50 50 50 50 50 50 50 50 50 50 50 50 50 50 50 50 50 50 50 50 50 50 50 50 50 50 50 50 50 50 50 50 50 50 50 50 50 50 50 11 50 50 50 50 50 50 50 50 50 50 50 50 50 50 50 50 50 50 50 50 50 50 50 50 50 50 50 50 50 50 50 50 50 50 50 50 50 50 50 50 50 50 50 50 50 50 50 50 50 50 50 50 50 50 50 50 50 50 50 50 50 50 50 50 50 50 50 50 50 50 50 50 50 50 50 50 50 50 50 50 50 50 50 50 50 50 50 50 50 50
50 50 50 50 50 50 50 50 50 50 50 50 50 50 50 50 50 50 50 50 50 50 50 50 50 50 50 50 50 50 50 50 50 50 50 50 50 24 50 50 50 50 50 50 50 50 50 50 50 50 50 50 50 50 50 50 50 50 50 50 50 50 50 50 50 50 50 50 50 50 50 50 50 50 50 50 50 50 50 50 50 50 50 50 50 50 50 50 50 50 50 50 50 50 50 50 50 50 50 50 50 50 50 50 50 50 50 50 50 50 50 50 50 50 50 50 50 50 50 50 50 50 50 50 50 50 50 50 50 50 50 50 50 50 50 50 50 50 50 50 50 50 50 50 50 50
50 50 50 50 50 50 50 50 50 50 50 50 50 50 50 50 50 50 50 50 50 50 50 50 50 50 50 50 50 50 50 50 50 50 50 50 50 50 50 50 50 50 50 50 50 50 50 50 50 50 50 50 50 50 50 50 50 50 50 50 50 50 50 50 50 50 50 50 50 50 50 50 50 50 50 50 50 50 50 50 50 50 50 50 50 50 50 50 50 12 50 50 50 50 50 50 50 50 50 50 50 50 50 50 50 50 50 50 50 50 50 50 50 50 50 50 50 50 50 50 50 50 50 50 50 50 50 50 50 50 50 50 50 50 50 50 50 50 50 50 50 50 50 50 50
50 50 50 50 50 50 50 50 50 50 50 50 50 50 50 50 50 50 50 50 50 50 50 50 50 50 50 50 50 50 50 50 50 50 50 50 50 50 50 50 50 50 50 50 50 50 50 50 50 50 50 50 50 50 50 50 50 50 50 50 50 50 50 50 50 50 50 50 50 50 50 50 50 50 50 50 50 50 50 50 50 50 50 50 50 50 50 50 50 50 50 50 50 50 50 50 50 50 50 50 50 50 50 50 50 50 50 50 50 50 50 50 50 50 50 50 50 50 50 50 50 50 50 50 50 50 50 50 50 50 50 50 50 50 50 50 50 50 50 50 50 50 50 50
50 50 50 50 50 50 50 50 50 50 50 50 50 50 50 50 50 50 50 50 50 50 50 50 50 50 50 40 50 50 50 50 50 50 50 50 50 50 50 50 50 50 50 50 50 50 50 50 50 50 50 50 50 50 50 50 50 50 50 50 50 50 50 50 50 50 50 50 50 50 50 50 50 50 50 50 50 50 50 50 50 50 50 50 50 50 50 50 50 50 50 50 50 50 50 50 50 50 50 50 50 50 50 50 50 50 46 50 50 50 50 50 50 50 50 50 50 50 50 50 50 50 50 50 50 50 50 50 50 50 50 50 50 50 50 50 50 50 50 50 50 50 50
50 50 50 50 50 50 50 50 50 50 50 50 50 50 50 50 50 50 50 50 50 50 50 50 50 50 50 50 50 50 50 50 50 50 50 50 50 50 50 50 50 50 50 50 50 50 50 50 50 50 50 50 50 50 50 50 50 50 50 50 50 50 50 50 50 50 50 50 50 50 50 50 50 50 50 50 50 50 50 50 50 50 4 50 50 50 50 50 50 50 50 50 50 50 50 50 50 50 50 50 50 50 50 50 50 50 50 50 50 50 50 50 50 50 50 50 50 50 50 50 50 50 50 27 50 50 50 50 50 50 50 50 50 50 50 50 50 50 50 50 50 50
50 50 50 50 50 50 50 50 50 50 50 50 50 50 50 50 50 50 50 50 50 50 50 50 50 50 50 50 50 50 50 50 50 50 50 50 50 50 50 50 50 50 50 50 50 50 50 50 50 50 50 50 50 50 50 50 50 50 50 50 50 50 50 50 50 50 50 50 50 50 50 50 50 50 50 50 50 50 50 50 50 50 50 50 50 50 50 50 50 50 50 39 50 50 50 50 50 50 50 50 50 50 50 50 50 50 50 50 50 50 50 50 50 50 50 50 50 50 50 50 50 50 50 50 50 50 50 50 50 50 50 50 50 50 50 50 50 50 50 50 50
50 50 50 50 50 50 50 50 50 50 50 50 50 50 50 50 50 50 50 50 50 50 50 50 50 50 50 50 50 50 50 50 50 50 50 50 50 50 50 50 50 50 50 50 50 50 50 50 50 50 50 50 50 50 50 50 50 50 50 50 50 50 50 50 50 50 50 50 50 50 50 50 50 50 50 50 50 50 50 50 50 50 50 50 50 50 50 50 50 50 50 50 50 50 50 50 50 50 50 50 50 50 50 50 50 50 50 50 50 50 50 50 50 50 50 50 50 50 50 50 50 50 50 50 50 50 50 50 50 50 50 50 50 50 50 50 50 50 50 50
50 50 50 50 50 50 50 50 50 26 50 50 50 50 50 50 50 50 50 50 50 50 50 33 50 50 50 50 50 50 50 50 50 50 50 50 50 50 50 50 50 50 50 50 50 50 50 50 50 50 50 50 50 50 50 50 50 50 50 50 50 50 50 50 50 50 50 50 41 50 50 50 50 50 50 50 50 50 50 50 50 50 50 50 50 50 50 50 50 50 50 50 50 50 50 50 50 50 50 50 50 50 50 50 50 50 50 50 50 50 50 50 50 50 50 50 50 50 50 50 50 50 50 50 50 50 50 50 50 50 50 50 50 50 50 12 50 50 50
50 50 50 50 50 50 50 50 50 50 50 50 40 50 50 50 50 50 50 50 50 50 50 50 50 50 50 50 50 50 50 50 50 50 50 50 50 50 50 50 50 50 50 50 50 50 50 50 50 50 50 50 50 50 50 50 50 50 50 50 50 50 50 50 50 50 50 50 50 50 50 50 50 50 50 50 50 50 50 50 50 50 50 50 50 50 50 50 50 50 50 50 50 50 50 50 50 50 50 50 50 50 50 50 50 50 50 50 50 50 50 50 50 50 50 50 50 50 50 50 50 50 50 50 50 50 50 50 21 50 50 50 50 50 50 50 32 50
50 50 50 50 50 50 50 50 50 50 50 50 50 50 50 50 50 50 50 50 50 50 50 50 50 50 50 50 50 50 50 50 50 50 50 50 50 50 50 50 50 50 50 50 50 50 50 50 50 50 50 50 50 50 50 50 50 50 50 50 50 50 50 50 50 50 50 50 50 50 50 50 50 50 50 50 50 50 50 50 50 50 50 17 50 50 50 50 50 50 50 50 50 50 50 50 50 50 50 50 50 50 50 50 50 50 50 50 50 50 50 50 50 50 50 50 50 50 50 50 50 50 50 50 50 50 50 50 50 50 50 50 50 50 50 50 50
50 50 50 50 50 50 50 50 50 50 50 50 50 50 50 50 50 50 50 50 50 50 50 50 50 50 50 50 50 50 50 50 50 50 50 50 50 50 50 50 50 50 50 50 50 50 50 50 50 50 50 50 50 50 50 50 50 50 50 50 50 50 50 50 50 50 50 50 50 50 50 50 50 50 50 50 50 50 50 50 50 50 50 32 50 50 50 50 50 50 50 50 50 50 50 50 50 29 50 50 50 50 50 50 50 50 50 50 50 50 50 50 50 50 50 50 50 50 50 50 50 50 50 50 50 50 50 50 50 50 50 50 50 50 50 50
50 50 50 50 50 50 50 50 50 50 50 50 50 50 50 50 50 50 50 50 50 50 50 50 50 50 50 50 50 50 50 50 50 50 50 50 50 50 50 50 50 50 50 50 50 50 50 50 50 50 50 50 50 50 50 50 50 50 50 50 50 50 50 50 50 50 50 50 50 50 50 50 50 50 50 50 50 50 50 50 50 50 50 50 50 50 50 50 50 50 15 50 50 50 50 50 50 50 50 18 50 50 50 50 50 50 50 50 50 50 50 50 50 50 50 50 50 50 50 50 50 50 50 50 50 50 50 50 50 50 50 50 50 50 50
50 50 50 50 50 50 50 50 50 50 50 50 50 50 50 50 50 50 50 50 50 50 50 32 50 50 50 50 50 50 50 50 50 50 50 50 50 50 50 50 50 50 50 50 50 50 0 50 50 50 44 50 50 50 50 50 50 50 50 50 50 50 50 50 50 50 50 50 50 50 50 50 50 50 50 50 50 50 50 50 50 50 50 50 50 50 50 50 50 50 50 50 50 50 50 50 50 50 50 50 50 50 50 50 50 50 50 50 50 50 50 50 50 50 50 50 50 50 50 50 50 50 50 50 50 50 50 50 50 50 50 50 50 50
50 50 50 50 50 50 50 50 50 50 50 50 50 50 50 50 50 50 50 50 50 50 50 50 50 50 50 50 50 50 50 50 50 21 50 50 50 50 50 50 50 50 50 50 50 50 50 50 50 50 50 50 50 50 50 50 50 50 50 50 50 20 50 50 50 50 50 50 50 50 50 16 50 50 50 50 50 50 50 50 50 50 50 50 50 50 50 50 50 50 50 50 50 50 50 50 50 50 50 50 50 50 50 50 50 50 50 50 50 50 50 50 50 50 50 50 50 50 44 50 50 50 50 50 50 50 50 50 50 50 50 50 50
50 50 50 50 50 50 50 50 50 50 50 50 50 50 50 50 50 50 50 50 50 50 50 50 50 50 50 50 50 50 50 50 50 50 50 50 50 50 50 50 50 50 50 50 50 50 50 50 50 50 50 50 50 50 50 50 50 50 50 50 50 50 50 50 50 50 50 50 50 50 50 50 50 50 50 50 50 50 50 50 50 50 50 50 50 50 50 50 50 50 50 50 50 50 50 50 50 50 50 50 50 50 50 50 50 50 50 50 50 50 50 50 50 50 50 50 50 50 50 50 50 50 50 50 50 50 50 50 50 50 50 50
50 50 28 50 50 50 50 50 50 50 50 50 50 50 50 50 50 50 50 50 50 50 50 50 50 50 50 50 50 50 50 50 50 50 50 50 50 50 50 50 50 50 50 50 50 50 50 50 50 50 50 50 50 50 16 50 50 50 50 50 50 50 50 50 50 50 50 50 50 50 50 50 50 50 50 50 50 50 50 50 50 50 50 50 50 50 50 50 50 44 50 50 50 50 50 50 50 50 50 50 50 50 28 50 50 50 50 50 50 50 50 50 50 50 50 50 50 50 50 50 50 50 50 50 50 50 50 50 50 50 50
50 50 50 50 50 50 50 50 50 50 50 50 50 50 50 50 50 50 50 50 50 50 50 50 50 50 50 50 50 50 50 50 50 50 50 50 50 50 50 50 50 50 50 50 50 25 50 50 50 50 50 50 50 50 50 50 50 50 50 50 50 50 50 50 50 50 50 50 50 50 50 50 50 50 50 50 50 50 50 50 50 50 50 50 50 50 50 50 50 50 50 50 50 50 50 50 50 50 50 50 50 50 50 50 50 50 50 50 50 50 50 50 50 50 50 50 50 50 50 50 50 50 50 50 50 50 50 50 50 50
50 50 50 50 50 50 41 50 50 50 50 50 50 50 50 50 50 50 50 50 50 50 50 50 50 50 50 50 50 50 50 50 50 50 50 50 50 50 50 50 50 50 50 50 50 50 50 50 50 50 50 50 50 50 50 50 50 50 50 50 50 50 50 50 50 50 50 50 50 50 50 50 50 50 50 50 50 50 50 50 50 50 50 50 50 50 50 50 50 50 50 50 50 50 50 50 50 50 50 50 50 50 50 50 50 50 50 50 50 50 50 50 50 50 50 50 50 50 50 50 50 50 50 50 50 50 50 50 50
50 50 50 50 50 50 50 50 50 50 50 50 50 50 50 50 50 50 50 50 50 50 50 50 50 50 50 50 50 50 50 50 50 50 50 50 50 50 50 50 50 50 50 50 50 50 50 50 50 50 50 50 50 50 50 50 50 50 50 50 50 50 50 50 50 50 50 50 50 50 50 50 50 50 50 50 50 50 50 50 50 50 50 50 50 50 50 50 50 50 50 50 50 50 50 50 50 50 50 50 50 50 50 50 50 50 50 50 50 50 50 50 50 50 50 50 50 50 50 50 50 50 50 50 50 50 50 50
50 50 50 50 50 50 50 50 50 50 50 50 50 50 50 50 50 50 50 50 50 50 50 50 50 50 50 50 50 50 50 50 50 50 12 50 50 50 50 50 50 50 50 50 50 50 50 50 50 50 50 50 50 50 50 50 50 50 50 50 50 50 50 50 50 50 50 50 50 50 50 50 50 50 50 50 50 50 50 50 50 50 50 50 50 50 50 50 50 50 50 50 50 50 50 1 50 50 50 50 50 50 50 50 50 50 50 50 50 50 50 50 50 50 50 50 50 50 50 50 50 50 50 50 50 50 50
50 50 50 50 50 50 50 50 50 50 50 50 50 50 50 50 50 50 50 50 50 50 50 50 50 50 50 50 50 50 50 50 50 50 50 50 50 50 50 50 50 50 50 50 50 50 50 50 50 50 50 50 50 50 50 50 50 50 50 50 50 50 37 50 50 50 50 50 50 50 50 50 50 50 50 50 50 50 50 50 50 50 50 50 50 50 50 50 50 50 50 50 50 50 50 50 50 50 50 50 50 50 50 50 50 50 50 50 50 50 50 50 50 50 50 50 50 50 50 50 50 50 50 50 50 50
50 50 50 50 50 50 50 50 50 50 50 50 50 50 50 50 50 50 50 50 50 50 50 50 50 50 50 50 50 50 50 50 50 50 50 50 50 50 50 50 50 50 50 50 50 50 50 50 50 50 50 50 50 50 50 50 50 50 50 50 50 50 50 50 50 50 50 50 50 50 50 50 50 50 50 50 50 50 50 50 50 50 50 50 50 50 50 50 50 50 50 50 50 50 50 50 50 50 50 50 50 50 50 50 50 50 50 50 50 50 50 50 50 50 50 50 50 50 50 50 50 50 50 50 50
50 50 50 50 50 50 50 50 50 50 50 50 50 50 50 50 50 50 50 2 50 50 50 50 50 50 50 50 50 50 50 50 50 50 50 50 50 50 50 50 50 50 50 50 50 50 50 50 50 50 50 50 50 50 50 50 50 50 50 50 50 50 50 50 50 50 50 50 50 50 50 50 50 50 50 50 50 50 50 50 50 50 50 50 50 50 50 50 50 50 50 50 50 50 50 50 50 50 50 50 50 50 50 50 50 50 50 50 50 50 50 50 50 50 50 50 50 50 50 50 50 50 50 50
50 50 50 50 50 50 50 50 50 50 50 50 50 50 50 50 50 50 50 50 50 50 50 50 50 50 50 50 50 50 50 50 50 50 50 50 50 50 50 50 50 50 50 50 50 50 50 50 50 50 50 50 50 50 50 50 50 50 50 50 50 50 50 50 50 50 50 50 50 50 50 50 50 50 50 50 50 50 50 50 50 50 50 50 50 50 50 50 50 50 50 50 50 50 50 50 50 50 50 50 50 50 50 50 50 50 50 50 50 50 42 50 50 50 50 50 50 50 50 50 50 50 50
50 50 50 50 50 50 50 50 50 50 50 50 50 50 50 50 50 50 50 50 50 50 50 50 50 50 50 50 50 50 50 50 50 50 50 50 50 50 50 50 44 50 50 50 50 50 50 50 50 50 50 50 50 50 50 50 50 50 50 50 50 50 50 50 50 50 50 50 50 50 50 50 50 50 50 50 50 50 50 50 50 50 50 50 50 50 50 50 50 50 50 50 50 50 50 50 24 50 50 50 50 50 50 50 50 50 50 50 50 50 50 50 50 50 50 50 50 50 50 50 50 50
50 50 50 50 50 50 50 50 50 50 50 50 50 50 50 50 50 50 50 50 50 50 50 50 50 50 50 50 50 50 50 50 50 50 50 50 50 50 50 50 50 50 50 50 50 50 50 50 50 50 50 50 50 50 50 50 50 50 13 50 50 50 50 50 50 50 50 50 50 50 50 50 50 50 50 50 50 50 50 50 50 50 50 50 50 50 50 50 50 50 50 50 50 50 50 50 50 50 50 50 50 50 50 50 50 50 50 50 50 50 50 50 50 50 50 50 50 50 50 50 50
50 50 50 50 50 50 50 50 50 50 50 50 50 50 50 50 50 50 50 50 50 50 50 50 50 50 50 50 50 50 50 50 50 50 50 50 50 50 50 50 50 50 50 50 50 50 50 50 50 50 1 50 50 50 50 50 50 50 50 50 50 50 50 50 50 50 50 44 50 50 50 50 50 50 50 50 50 50 50 50 50 50 50 50 50 50 50 50 50 50 50 50 50 50 50 50 50 50 50 50 50 50 50 50 50 50 50 50 50 50 50 50 50 50 50 50 50 50 50 50
50 50 50 50 50 50 50 50 50 50 50 50 50 50 50 50 50 50 50 50 50 50 50 50 50 50 50 50 50 50 50 50 50 50 50 50 50 50 50 50 50 50 50 50 50 50 50 50 50 50 50 50 50 22 50 50 50 50 50 50 50 50 50 50 50 50 50 50 50 50 50 50 50 50 50 50 50 50 50 50 50 50 50 50 50 50 50 50 50 50 50 50 50 50 50 50 50 50 50 50 50 50 50 50 50 50 50 50 50 50 50 50 50 50 50 50 50 50 50
50 11 50 50 50 50 50 50 50 50 50 50 50 50 50 50 50 50 50 50 50 50 50 50 50 50 50 50 50 50 50 50 50 50 50 50 50 50 50 50 50 50 50 50 50 50 50 50 50 50 50 50 50 50 50 50 50 50 50 50 50 50 50 50 50 50 50 50 50 50 50 50 50 50 50 50 50 50 50 50 50 50 50 50 50 50 50 50 50 50 50 50 50 50 50 50 50 50 50 50 50 1 50 50 50 50 50 50 50 50 50 50 50 50 50 50 50 50
50 50 50 50 50 50 50 50 50 50 50 50 50 50 50 50 50 50 50 50 50 50 50 50 50 50 50 50 50 50 50 50 50 50 50 50 50 50 50 50 50 50 50 50 25 50 50 50 50 50 50 50 50 50 50 50 50 50 50 50 50 50 50 50 50 50 50 50 50 46 50 50 50 50 50 50 50 50 50 50 50 50 50 50 50 50 50 50 50 50 50 50 50 50 50 50 50 50 50 50 50 50 50 50 50 50 50 50 50 50 50 50 50 50 1 50 50
50 50 50 50 50 50 50 50 50 50 50 50 50 50 50 50 50 50 50 50 50 50 50 50 50 50 50 50 50 50 50 50 50 50 50 50 50 50 50 50 50 50 50 50 50 50 50 50 50 50 50 50 50 50 50 50 50 50 50 50 50 50 50 50 50 50 50 50 50 50 50 50 50 50 50 50 50 50 50 50 50 50 50 50 50 50 50 50 50 50 50 50 1 50 50 50 50 50 50 50 50 50 50 50 50 50 50 50 50 50 50 50 50 50 50 50
50 50 50 50 50 50 50 50 50 50 50 50 50 50 50 50 50 50 50 50 50 50 50 50 50 50 50 50 50 50 50 50 50 50 50 50 50 50 50 50 50 50 50 50 50 50 50 50 50 50 50 50 50 50 50 50 50 50 50 50 50 50 50 50 50 50 50 50 50 50 50 50 50 50 50 50 50 50 50 50 50 50 50 50 50 50 50 50 50 50 50 50 50 50 50 50 50 50 50 50 50 50 50 50 50 50 50 50 50 7 50 50 50 50 50
50 50 50 50 50 50 50 50 50 50 50 50 50 50 50 50 50 50 50 50 50 50 50 50 50 50 50 50 50 50 50 50 50 50 50 50 50 50 50 50 50 50 50 50 50 50 50 50 50 50 50 50 50 50 50 50 50 50 50 50 50 50 50 50 50 50 50 50 50 50 50 50 50 50 50 50 50 50 50 50 50 50 50 50 50 50 50 50 50 50 50 50 50 50 50 50 50 50 50 50 50 50 50 50 50 50 50 50 50 50 50 50 50 50
50 50 50 50 50 50 50 50 50 50 50 50 50 50 50 50 50 50 50 50 50 50 50 50 50 50 50 50 50 50 50 50 50 50 50 50 50 50 50 50 50 50 50 50 50 50 50 50 50 50 50 50 50 50 50 50 50 50 50 50 50 50 50 50 50 50 50 50 50 50 50 50 50 50 50 50 50 50 50 50 50 50 50 50 50 50 50 50 50 50 50 50 50 50 50 50 50 50 50 50 50 50 50 50 50 50 50 50 50 50 50 50 50
50 50 50 50 50 50 50 50 50 50 50 50 50 50 50 50 50 50 50 50 50 50 50 50 50 50 50 50 50 50 50 50 50 50 50 50 50 50 50 50 50 50 50 50 50 50 50 50 50 50 50 50 50 50 50 50 50 50 50 50 50 50 50 50 50 50 50 50 50 50 50 50 50 50 50 50 50 50 50 50 50 50 50 50 50 50 50 50 50 50 50 50 50 50 50 50 50 50 50 50 50 50 50 50 50 50 50 50 50 50 50 50
50 50 50 50 50 50 50 50 50 50 50 50 50 50 50 30 50 50 50 50 50 50 50 50 50 50 50 50 50 50 50 50 50 50 50 50 50 50 50 50 50 50 50 50 50 50 50 50 50 50 50 50 50 50 50 50 50 50 50 50 50 50 50 50 50 50 50 50 50 50 50 50 50 50 50 50 50 50 50 50 50 50 50 50 50 50 50 50 50 50 50 50 50 50 50 50 50 50 50 50 50 50 50 50 50 50 50 50 50 50 50
50 50 50 50 50 50 50 50 50 50 50 50 50 50 50 50 50 50 50 50 50 50 50 50 50 50 50 50 50 50 50 50 50 50 50 50 50 50 50 50 50 50 50 50 50 50 50 50 50 50 50 50 50 50 50 50 50 50 50 50 50 50 50 50 50 50 50 50 50 50 50 50 50 50 50 50 50 50 50 50 50 50 50 50 50 50 50 50 50 50 50 50 50 50 50 50 50 50 50 50 50 50 50 50 50 50 50 50 50 50
50 50 50 50 50 50 50 50 50 50 50 50 50 50 50 50 50 50 50 50 50 50 50 50 50 50 50 50 50 50 50 50 50 50 50 50 50 50 50 50 50 50 50 50 50 50 50 50 50 50 50 50 50 50 50 50 50 50 50 50 50 50 50 50 50 50 50 50 50 50 50 50 50 50 50 50 50 50 50 50 50 50 50 50 50 50 50 50 50 50 50 50 50 50 50 50 50 50 50 50 50 50 50 50 50 50 50 50 50
50 50 50 50 50 50 50 50 50 50 50 50 50 50 50 13 50 50 50 50 50 50 50 50 50 50 50 50 50 50 50 50 50 50 50 50 50 50 50 50 50 50 50 50 50 50 50 50 50 50 50 50 50 50 50 50 50 50 50 50 50 50 50 50 50 50 50 50 50 50 50 50 50 50 50 50 50 50 50 50 50 50 50 50 50 50 50 50 50 50 50 50 50 50 50 50 50 50 50 50 50 50 50 50 50 50 50 50
50 50 50 50 50 50 50 50 50 50 50 50 50 50 50 50 50 50 47 50 50 50 50 50 50 50 50 50 50 50 50 50 50 50 50 50 50 50 50 50 50 50 50 50 50 50 50 50 50 50 50 50 50 50 50 50 50 50 50 50 44 50 50 50 50 50 50 50 50 50 50 50 50 50 50 50 50 50 50 50 50 50 50 50 50 50 12 50 50 50 50 50 50 50 50 50 50 50 50 50 50 50 50 50 50 50 50
50 50 50 50 50 50 50 50 50 50 50 50 50 50 50 50 50 50 50 12 50 50 50 50 50 50 50 50 50 50 50 50 50 50 50 50 50 50 50 50 50 50 50 50 50 50 50 50 50 50 50 50 50 50 50 50 50 50 50 50 50 50 50 50 50 50 50 50 50 50 50 50 50 50 50 50 50 50 50 50 50 50 50 50 50 50 50 50 50 50 50 50 50 50 50 50 50 50 50 50 50 50 50 26 50 50
50 50 50 50 50 50 49 50 50 50 50 50 50 50 50 50 50 50 50 50 50 50 50 50 50 50 50 50 50 50 50 50 50 50 50 50 50 50 50 50 50 50 50 50 50 50 50 50 50 50 50 50 50 50 50 50 50 50 50 50 50 50 50 50 50 50 50 50 50 50 50 50 50 50 50 50 50 50 50 50 50 50 50 50 50 50 50 50 50 50 50 50 50 50 50 50 50 50 50 50 50 50 50 50 50
50 50 50 50 50 50 50 50 50 50 50 50 50 50 50 50 50 50 50 50 50 50 50 50 50 50 50 50 50 50 50 50 50 50 50 50 50 50 50 50 50 50 50 50 50 50 50 50 50 50 50 50 50 50 50 50 50 50 50 50 50 50 50 50 50 50 37 50 50 50 50 50 50 50 50 50 50 50 50 50 50 50 50 50 50 50 50 50 50 50 50 50 50 50 50 50 50 50 50 50 50 50 50 50
50 50 50 50 50 50 50 50 50 50 50 50 50 50 50 50 50 50 50 50 50 50 50 50 50 50 50 50 50 50 50 50 50 50 50 50 50 50 50 50 50 50 50 50 50 50 50 50 50 50 50 50 50 50 50 50 50 50 50 50 50 50 50 50 50 50 50 50 50 50 50 50 50 50 50 50 50 50 50 50 50 50 50 50 50 50 50 50 50 50 50 50 50 50 50 3 50 50 50 50 50 50 50
50 50 50 50 50 50 50 50 50 50 50 50 50 50 50 50 50 50 50 50 50 50 50 50 50 50 50 50 50 50 50 50 50 50 50 50 50 50 50 50 50 50 50 50 50 50 50 50 50 50 50 50 50 50 50 50 50 50 50 50 50 50 50 50 50 50 50 50 50 50 50 50 50 50 50 50 50 50 50 50 50 50 50 50 50 50 50 50 50 50 50 50 50 50 50 50 50 50 50 50 50 50
50 50 50 50 50 50 50 50 50 50 50 50 50 50 50 50 50 50 50 50 50 50 50 50 50 50 50 50 50 50 50 50 50 50 50 50 50 50 50 50 50 50 50 50 50 50 50 50 50 50 50 50 50 50 50 50 50 50 50 50 50 50 50 50 50 50 50 50 50 50 50 50 50 50 50 50 50 50 50 50 50 50 50 50 50 50 50 50 50 50 50 50 50 50 50 50 50 50 50 50 50
50 50 50 50 50 50 50 50 50 50 50 50 50 50 50 50 50 50 50 50 50 50 50 50 50 50 50 50 50 50 50 50 50 50 50 50 50 50 50 50 50 50 50 50 50 50 50 50 50 50 50 50 50 50 50 50 50 50 50 50 50 50 50 50 50 50 50 50 50 50 50 50 50 50 50 50 50 50 50 50 50 50 50 50 50 50 50 50 50 50 50 50 10 50 50 50 50 50 50 50
50 50 50 50 50 50 50 50 50 50 50 50 50 50 50 50 50 50 50 50 50 50 50 50 50 50 50 50 50 50 50 50 50 50 50 50 50 50 50 50 50 50 50 50 50 50 50 50 50 50 50 50 50 50 50 50 50 50 50 50 50 50 50 50 50 50 50 50 50 50 50 50 50 50 50 50 9 50 50 50 50 50 50 50 50 50 50 50 50 50 50 50 50 50 50 50 50 50 50
50 50 50 50 50 50 50 50 50 50 50 50 50 50 50 50 50 50 50 50 50 50 50 50 50 50 50 50 50 50 50 50 50 50 50 50 50 50 50 50 50 50 50 50 50 50 50 50 50 50 50 50 50 50 50 50 50 50 50 50 50 50 50 50 50 50 50 50 50 50 50 50 50 50 50 50 50 50 50 50 50 50 50 50 50 50 50 50 50 50 50 50 50 50 50 50 50 50
50 50 50 50 50 50 50 50 50 50 50 50 50 50 50 50 50 50 50 50 49 50 50 50 50 50 50 50 50 50 50 50 50 50 50 50 50 50 50 50 50 50 50 50 50 50 50 50 50 50 50 50 50 50 50 50 50 50 50 50 50 50 50 50 50 50 50 50 50 36 50 50 50 50 50 50 50 50 50 50 50 50 50 50 50 50 50 50 50 50 50 50 50 50 50 50 50
50 50 50 50 50 50 50 50 50 50 50 50 50 50 50 50 50 50 50 50 50 50 50 50 46 50 50 50 50 50 50 50 50 50 50 50 50 50 50 50 50 50 50 50 50 50 50 50 50 50 50 50 50 50 50 50 50 50 50 50 50 50 50 50 50 50 50 50 50 50 50 50 50 50 50 50 50 50 50 50 50 50 50 50 50 50 50 50 50 50 50 50 50 50 50 50
50 50 50 50 50 50 50 50 50 50 50 50 50 50 50 50 50 50 50 50 50 50 50 50 50 50 50 50 50 50 50 50 50 50 50 50 50 50 50 50 50 50 50 50 50 50 46 50 50 50 50 50 50 50 50 50 50 50 50 50 50 50 50 50 50 50 50 50 50 50 50 50 50 50 50 23 50 50 50 50 50 50 50 50 50 50 50 50 50 50 50 50 50 50 50
50 50 50 50 50 50 50 50 50 50 50 50 50 50 50 50 50 50 50 50 50 50 50 50 50 50 50 50 50 50 50 50 50 50 50 8 50 50 50 50 50 50 50 50 50 50 50 50 50 50 50 0 50 50 50 50 50 50 50 50 50 50 50 50 50 50 50 50 50 50 50 50 50 50 50 50 50 50 50 50 50 50 50 50 50 50 50 50 50 50 50 50 50 50
50 50 50 50 50 50 50 50 50 50 50 50 50 50 50 50 50 50 50 50 50 50 50 50 50 50 50 50 50 50 50 50 50 50 50 50 50 50 50 50 50 50 50 50 50 50 50 50 50 50 50 50 50 50 50 50 50 50 50 50 50 50 50 50 50 50 50 50 5 50 50 50 50 50 50 50 50 50 50 50 50 50 50 50 50 50 50 50 50 50 50 50 50
50 50 50 50 50 50 50 50 50 50 50 50 50 50 50 50 50 50 50 50 50 50 50 50 50 50 50 50 50 50 50 50 50 50 50 50 50 50 50 50 50 50 50 50 50 50 50 50 50 50 50 50 50 50 50 50 50 50 50 50 50 50 50 50 50 50 50 50 50 50 50 50 50 50 50 50 50 50 50 50 50 50 50 50 50 50 50 50 50 50 50 50
50 50 50 50 50 50 50 50 50 50 50 50 50 50 50 50 25 50 50 50 50 50 50 50 50 50 50 50 50 50 50 50 50 50 50 50 50 50 50 50 50 50 50 50 50 50 50 50 50 50 50 50 50 50 50 50 50 50 50 50 50 50 50 50 50 50 50 50 50 50 50 50 50 50 50 50 50 50 50 50 50 50 50 50 50 50 50 50 50 50 50
50 50 50 50 50 50 50 50 50 50 50 50 50 50 50 50 50 50 50 50 50 50 50 50 50 50 50 50 50 50 50 50 50 50 50 50 50 50 50 50 50 50 50 50 50 50 50 50 50 50 50 50 50 50 50 50 50 50 50 50 50 50 50 50 50 50 50 50 50 50 50 50 50 50 50 50 50 50 50 50 50 50 50 50 50 19 50 50 50 50
50 50 50 50 50 50 50 50 50 50 50 50 50 50 50 50 50 50 50 50 50 50 50 50 50 50 50 50 50 50 50 50 50 50 50 50 50 50 50 50 50 50 50 50 50 50 50 50 50 50 50 50 50 50 50 50 50 50 50 50 50 50 50 50 50 50 50 50 50 50 50 50 50 50 50 50 50 50 50 50 50 50 50 50 50 50 50 50 50
50 50 50 50 50 50 50 50 50 50 50 50 50 50 50 50 50 50 50 50 50 50 50 50 50 50 50 50 50 50 50 50 50 50 50 50 50 50 50 50 50 50 50 50 50 50 50 50 50 50 50 50 50 50 50 50 50 50 50 50 50 50 50 50 50 50 50 50 50 50 50 50 50 50 50 50 50 50 50 50 50 50 50 50 50 50 50 50
50 50 50 50 50 50 50 50 50 50 50 50 50 50 50 50 50 50 50 50 50 50 50 50 50 50 50 50 50 50 50 50 50 50 50 50 50 50 50 50 50 50 50 50 50 50 50 50 50 50 50 50 50 50 50 50 50 50 50 50 50 50 50 50 50 50 50 50 50 50 50 50 50 50 50 50 50 50 50 50 50 50 50 50 50 50 50
50 50 50 50 50 50 50 50 50 50 50 50 50 50 50 50 50 50 50 50 50 50 50 50 50 50 50 50 50 50 50 50 50 50 50 50 50 50 50 50 50 50 50 50 50 50 50 50 50 50 50 50 50 50 50 50 50 50 50 50 50 50 50 50 50 50 50 50 50 50 50 50 50 50 50 50 50 50 50 50 50 50 50 50 50 50
50 50 50 50 50 50 50 50 50 50 50 50 50 50 50 50 50 50 50 50 50 50 50 50 50 50 48 50 50 50 50 50 50 50 50 50 50 50 50 50 50 50 50 50 50 50 50 50 50 50 50 50 50 50 50 50 50 4 50 50 50 50 50 50 50 50 50 50 50 50 50 50 50 50 50 50 50 50 50 50 50 50 50 50 50
50 50 50 50 50 50 50 50 50 50 45 50 50 50 50 50 50 50 50 50 50 50 50 50 50 50 50 50 50 50 50 50 50 50 50 50 50 50 50 50 50 50 50 50 50 50 50 50 50 50 50 50 50 50 50 50 50 50 50 50 50 50 50 50 50 50 50 50 50 50 50 50 50 50 50 50 50 50 50 50 50 50 50 50
50 50 50 50 50 50 50 50 50 50 50 50 50 50 50 50 50 50 50 50 50 50 50 50 50 50 50 50 50 50 50 50 50 50 50 50 50 50 50 50 50 50 50 50 50 50 50 50 50 50 50 3 50 50 50 50 50 50 50 50 50 50 50 50 50 50 50 50 50 50 50 50 50 50 50 50 50 50 50 50 50 50 50
50 50 50 50 50 50 50 50 50 50 50 50 50 50 50 50 50 50 50 50 50 50 50 50 50 50 50 50 50 50 50 50 50 50 50 50 50 50 50 50 50 50 50 50 50 50 50 50 50 50 50 50 50 50 50 50 50 50 50 50 50 50 50 50 50 50 50 50 50 50 50 50 50 50 50 50 50 50 50 50 50 50
50 50 50 50 50 50 50 50 50 50 50 50 50 50 50 50 50 50 50 50 50 50 50 50 50 50 50 50 50 50 50 50 50 50 50 44 50 50 50 50 50 50 50 50 50 50 50 50 50 50 50 50 50 50 50 50 50 50 50 50 50 50 50 50 50 50 50 50 50 50 50 50 50 50 50 50 50 50 50 50 50
50 50 50 50 50 50 50 50 50 50 50 50 50 50 50 50 50 50 50 50 50 50 50 50 50 50 50 50 50 50 50 50 50 50 50 50 50 50 50 50 50 50 50 50 50 50 50 50 50 50 50 50 50 50 50 50 50 50 50 50 50 50 50 50 50 50 50 50 50 50 50 50 50 50 50 50 50 50 50 50
50 50 50 50 50 50 50 50 50 50 50 50 50 50 50 50 50 50 50 50 50 50 50 50 50 50 50 50 50 50 50 50 50 50 50 50 50 50 50 50 50 50 50 13 50 50 50 50 50 50 50 50 50 50 50 50 50 50 50 50 50 50 50 50 50 50 50 50 50 50 50 50 50 50 50 50 50 50 50
50 50 50 50 50 50 50 50 50 50 50 50 50 50 50 50 50 50 50 32 50 50 50 50 50 50 50 50 50 50 50 50 50 50 50 50 50 50 50 50 50 50 50 50 50 50 50 50 50 50 50 50 50 50 50 50 50 50 50 50 50 50 50 50 50 50 50 50 50 50 50 50 50 50 50 50 50 50
50 50 50 50 50 50 50 6 50 50 50 50 50 50 50 50 50 50 50 50 50 50 50 50 50 50 50 50 50 50 50 50 50 50 50 50 50 50 50 50 50 50 50 50 50 50 50 50 50 50 50 50 50 50 50 50 50 50 50 50 50 50 50 50 50 50 50 50 50 50 50 50 50 50 50 50 50
50 50 50 50 50 50 50 50 50 50 50 50 50 50 50 50 50 50 50 50 50 50 50 50 50 50 50 50 50 50 50 50 50 50 50 50 50 50 50 50 50 50 50 50 50 50 50 50 50 50 50 50 50 50 50 50 50 50 50 50 50 50 50 50 50 50 50 50 50 50 50 50 50 50 50 50
50 50 50 50 50 50 50 50 50 50 50 50 50 50 50 50 50 50 50 50 50 50 50 50 50 50 50 50 50 50 50 50 3 50 50 50 50 50 50 50 50 50 50 50 50 50 50 50 50 50 50 50 50 50 50 50 50 50 50 50 50 50 50 50 50 50 50 50 50 50 50 7 50 50 50
50 50 50 50 50 50 50 50 50 50 50 50 50 50 50 50 50 50 50 50 50 50 50 50 50 50 50 50 50 50 50 50 50 50 50 50 50 50 50 50 50 50 50 50 50 50 50 34 50 50 50 50 50 50 50 50 50 50 50 50 50 45 50 50 50 50 50 50 50 50 50 50 50 50
50 50 50 50 50 50 50 50 50 50 50 50 50 50 50 50 50 50 50 50 50 50 50 50 50 50 50 50 50 50 50 50 50 50 50 50 50 50 50 50 50 50 50 50 50 50 50 50 50 50 50 50 50 50 50 50 50 50 50 50 50 50 50 50 50 50 50 50 50 50 50 50 50
50 50 50 50 50 50 50 50 50 50 50 50 50 50 50 50 50 50 50 50 50 50 50 50 50 50 50 50 50 50 50 50 50 50 50 50 50 50 50 50 50 50 50 50 50 50 50 50 50 50 50 50 50 50 50 50 50 50 50 50 50 50 41 50 50 50 50 50 50 50 50 50
50 50 50 50 50 50 50 50 50 50 50 50 50 50 50 50 50 50 50 50 50 50 50 50 50 50 50 50 50 50 50 50 50 50 50 50 50 50 50 50 50 50 50 50 50 50 50 50 50 50 50 50 50 50 50 50 50 50 50 50 50 50 50 50 50 50 50 50 50 50 50
50 50 50 50 50 50 50 50 50 50 50 50 50 50 50 50 50 50 50 50 50 50 50 50 50 50 50 50 50 50 50 50 50 50 50 50 50 50 50 50 50 50 50 50 50 50 50 50 50 50 50 50 50 50 50 50 50 50 50 50 50 50 50 50 50 50 50 50 50 50
50 50 50 50 50 50 50 50 50 50 50 50 50 50 50 50 50 50 50 50 50 50 50 50 50 50 50 50 50 50 50 50 50 50 50 50 50 50 50 50 50 50 50 50 50 50 50 50 50 50 50 50 50 50 50 50 50 50 50 50 50 50 50 50 50 50 50 50 50
50 50 50 50 50 50 50 50 50 50 50 50 50 50 50 50 50 50 50 50 50 50 50 50 50 50 50 50 50 50 50 50 50 50 50 50 50 50 50 29 50 50 50 50 50 50 50 50 50 50 50 50 50 50 50 50 50 50 50 50 50 50 50 50 50 50 50 50
50 50 50 50 50 50 50 50 50 0 50 50 50 50 50 50 50 50 50 50 50 50 50 50 50 50 28 50 50 50 50 50 50 50 50 50 50 50 50 50 50 50 50 50 50 50 50 50 50 50 50 50 50 50 50 50 50 50 50 50 50 50 50 50 50 50 50
50 50 50 50 50 50 50 50 50 50 50 50 50 50 50 50 50 50 50 50 50 50 50 50 50 50 50 50 50 50 50 50 50 50 50 50 50 50 50 50 50 50 50 50 50 50 50 50 50 50 50 50 50 50 50 50 50 50 50 50 50 50 50 50 50 50
50 50 50 50 50 50 50 50 50 50 50 50 50 50 50 50 50 50 50 50 50 50 50 50 50 50 50 50 50 50 50 50 50 50 50 50 50 50 50 50 44 50 50 50 50 50 50 50 50 50 50 50 50 50 50 50 50 50 50 50 50 50 50 50 50
50 50 50 50 50 50 50 50 50 50 50 50 50 50 50 50 50 50 50 50 50 50 50 50 50 50 50 50 50 50 50 50 50 50 50 50 50 50 50 50 50 50 50 50 50 50 50 50 50 50 50 50 50 50 50 50 50 50 50 50 50 50 50 50
50 50 50 50 50 50 50 50 50 50 50 50 50 50 50 50 50 50 50 50 50 50 50 50 50 50 50 50 50 50 50 50 50 50 50 50 18 50 50 50 50 50 50 50 50 50 50 50 50 50 50 50 50 50 50 50 50 50 50 50 50 50 50
50 50 50 50 50 50 50 50 50 50 33 50 50 50 50 50 50 50 50 50 50 50 50 50 50 50 50 50 50 50 50 50 50 50 50 50 50 50 50 50 50 50 50 50 50 50 50 50 50 50 50 50 50 50 50 50 50 50 50 50 50 50
50 50 50 50 50 50 50 50 50 50 50 50 50 50 50 50 50 50 50 50 50 50 50 50 50 50 50 50 50 50 50 50 50 50 50 50 50 50 50 50 50 50 50 50 50 50 50 50 50 50 50 50 50 50 50 50 50 50 50 50 50
50 50 50 50 50 50 50 50 50 50 50 50 50 50 40 50 50 50 50 50 50 50 50 50 50 50 50 50 50 50 50 50 50 50 50 50 50 50 50 50 50 50 50 50 50 50 50 50 50 50 50 50 50 50 50 50 50 50 50 50
50 50 50 50 50 50 50 50 50 50 50 50 50 50 50 50 50 50 50 50 50 50 50 50 50 50 50 50 50 50 50 50 50 50 50 50 50 50 50 50 50 50 50 50 50 50 50 50 50 50 50 50 50 50 50 50 50 50 50
50 50 50 50 50 50 50 50 50 50 50 50 50 50 50 50 50 50 50 50 50 50 50 50 50 50 50 50 50 50 50 50 50 50 50 50 50 50 50 50 50 50 50 50 50 50 50 50 50 50 50 50 50 50 50 50 50 50
50 50 50 50 50 50 50 50 50 50 50 50 50 50 50 50 50 50 50 50 50 50 50 50 50 50 50 36 50 50 50 50 50 50 50 50 50 50 50 50 50 50 50 50 50 50 50 50 50 50 50 50 50 50 50 50 50
50 50 50 50 50 50 50 50 50 50 50 50 50 50 50 50 50 50 50 50 50 50 50 50 50 50 50 50 50 50 50 50 50 50 50 50 50 50 50 50 50 50 50 8 50 50 50 50 50 50 50 50 50 50 50 50
50 50 50 50 50 50 50 50 50 50 50 50 50 50 50 50 50 50 50 50 50 50 50 50 0 50 50 50 50 50 50 50 50 50 50 50 50 50 50 50 50 50 50 50 50 50 50 50 50 50 50 50 50 50 50
50 50 50 50 50 50 50 50 50 50 50 50 50 50 50 50 50 50 50 29 50 50 50 50 50 50 50 50 50 50 50 50 50 50 50 50 50 50 50 50 50 50 50 50 50 50 50 50 50 50 50 50 50 50
50 50 50 50 50 50 50 50 50 50 50 50 50 50 50 50 50 50 50 50 50 50 50 50 50 50 50 50 50 50 50 50 50 50 50 50 50 50 50 50 50 50 50 50 50 50 50 50 50 50 50 50 50
50 50 50 50 50 50 50 50 50 50 50 50 50 50 50 50 50 50 50 50 50 50 50 50 50 50 50 50 50 50 50 50 50 50 50 50 50 50 50 50 50 50 50 50 50 50 50 9 50 50 50 50
50 50 50 50 50 50 50 50 50 50 50 50 50 50 50 50 50 50 50 50 50 50 50 50 50 50 50 50 50 50 50 50 50 50 50 50 50 50 50 50 50 50 50 50 50 50 50 50 50 50 50
50 50 50 50 50 50 50 50 50 50 50 50 50 50 50 50 50 50 50 50 50 50 50 50 50 50 50 50 50 50 50 50 50 50 50 50 50 50 50 50 50 50 50 50 50 50 50 50 50 50
50 50 50 50 50 50 50 50 50 50 50 50 50 50 50 50 50 50 50 50 50 50 50 50 50 50 50 50 50 50 50 50 50 50 50 50 50 50 50 50 50 50 50 50 50 50 50 50 50
50 50 50 50 50 50 50 50 50 50 50 50 50 50 50 50 50 50 50 50 50 50 50 50 50 50 50 50 50 50 50 50 50 50 50 50 50 50 50 50 50 50 50 50 50 50 50 50
50 50 50 50 50 50 50 50 50 50 50 50 50 50 50 50 50 50 50 50 50 50 50 50 50 50 50 50 50 50 50 50 50 50 50 50 50 50 50 50 50 50 50 50 50 50 50
50 50 50 50 50 50 50 50 50 50 50 50 50 50 50 50 50 50 50 50 50 50 50 50 50 50 50 50 50 50 50 50 50 50 50 50 50 50 50 50 50 50 50 50 50 50
50 50 50 50 50 50 50 50 50 50 50 50 50 50 50 50 50 50 50 50 50 50 50 50 50 50 50 50 50 50 50 50 50 50 50 50 50 50 50 50 50 50 50 50 50
50 50 50 50 50 50 50 50 50 50 50 50 50 50 50 50 50 50 50 50 50 50 50 50 50 50 50 50 50 50 50 50 50 50 50 50 50 50 50 50 50 50 50 50
50 50 50 50 50 50 50 50 50 50 50 50 50 50 50 50 50 50 50 50 50 50 50 50 50 50 50 50 50 50 50 50 50 50 50 50 50 50 50 50 50 50 50
50 50 50 50 50 50 50 50 50 50 50 50 50 50 50 50 50 50 50 50 50 50 50 50 50 50 50 50 50 50 50 50 50 50 50 50 50 50 50 50 50 50
50 50 50 50 50 50 50 50 50 50 50 50 50 50 50 50 50 50 50 50 50 50 50 50 50 50 50 50 50 50 50 50 50 50 50 50 50 50 50 50 50
50 50 50 50 50 50 50 21 50 50 50 50 50 50 50 50 50 50 50 50 50 50 50 50 50 50 50 50 50 50 50 50 50 50 50 50 50 50 50 50
50 50 50 50 50 50 50 50 50 50 50 50 50 50 50 50 50 50 50 50 50 50 50 50 50 50 50 50 50 50 50 50 50 50 50 50 50 50 50
50 50 50 50 50 50 50 50 50 50 50 50 50 50 50 50 50 50 50 50 50 50 50 50 50 50 50 50 50 50 50 50 50 50 50 50 50 50
50 50 50 50 50 50 50 50 50 50 50 50 50 50 50 50 50 50 50 50 50 50 50 50 50 50 50 50 50 50 50 50 50 50 50 50 50
50 50 50 50 50 50 50 50 50 50 50 50 50 50 50 19 50 50 50 50 50 50 50 50 50 50 50 50 50 50 50 50 50 50 50 50
50 50 50 50 50 50 50 50 50 50 50 50 50 50 50 50 50 50 50 50 50 50 50 50 50 50 50 50 50 50 50 50 50 50 50
50 50 50 50 50 50 50 50 50 50 50 50 50 50 50 50 50 50 50 50 50 50 50 50 50 50 50 50 50 50 50 50 50 50
50 50 50 50 50 50 50 50 50 50 50 50 50 50 50 50 50 50 50 50 50 18 50 50 50 50 50 50 50 50 50 50 50
50 50 50 50 50 50 50 50 50 50 50 50 50 50 50 50 50 50 50 50 50 50 50 50 50 50 50 50 50 50 50 50
50 50 50 50 50 50 50 50 50 50 50 50 50 50 50 50 50 50 50 50 50 50 50 50 50 50 50 50 50 50 50
50 50 50 50 50 50 50 50 50 50 50 50 50 50 50 50 50 50 50 50 50 50 50 50 50 50 50 50 50 50
50 50 50 50 50 50 50 50 50 50 50 50 50 50 50 50 50 50 50 50 50 50 50 50 50 50 50 50 50
50 50 50 50 50 50 50 50 50 50 50 50 50 50 50 50 50 50 50 50 50 50 50 50 50 50 50 50
50 50 50 50 50 50 50 50 50 50 50 50 50 50 50 50 50 50 50 50 50 50 50 50 50 50 50
50 50 50 50 50 50 50 50 50 50 50 50 50 50 50 50 50 50 50 50 50 50 50 50 50 50
50 50 50 50 50 50 50 50 50 17 50 50 50 50 50 50 50 50 50 50 50 50 50 50 50
50 50 50 50 50 50 50 50 50 50 50 50 50 50 50 50 50 50 50 50 50 50 50 50
50 50 50 50 50 50 50 50 50 50 50 50 50 50 50 50 50 50 50 50 50 50 50
50 50 50 50 50 50 50 50 50 50 50 50 50 50 50 50 50 50 50 50 50 50
50 50 50 50 50 50 50 50 50 50 50 50 50 50 50 50 50 50 50 50 50
50 50 50 50 50 50 50 50 50 50 50 50 50 50 50 50 50 50 50 50
50 50 50 50 50 50 50 50 50 50 50 50 50 50 50 50 50 50 50
50 50 50 50 50 50 50 50 50 50 50 50 50 50 50 50 50 50
50 50 50 50 50 50 50 50 50 50 50 50 14 50 50 50 50
50 50 50 50 50 50 50 50 50 50 50 50 50 50 50 50
50 50 50 50 50 50 50 50 50 50 50 50 50 50 50
50 50 50 50 50 50 50 50 50 50 50 50 50 50
50 50 50 50 50 50 50 50 50 50 50 50 50
50 50 50 50 50 50 50 50 50 50 50 50
50 50 50 50 50 50 50 50 50 50 50
50 50 50 50 50 50 50 50 50 50
50 50 50 50 50 50 50 50 50
50 31 50 50 50 50 50 50
50 50 50 50 50 50 50
50 50 50 50 50 50
50 50 50 50 50
50 50 50 50
50 50 50
50 50
50
