200 50
50 50 28 50 32 50 50 50 50 50 50 31 50 50 50 33 20 4 39 12 50 0 50 50 50 50 50 50 50 50 46 50 22 19 50 50 50 50 50 49 26 39 50 50 42 50 20 50 50 20 22 50 48 50 50 21 50 50 50 50 8 50 20 50 50 50 44 10 50 19 50 50 44 3 50 39 15 24 50 50 50 50 50 9 50 50 43 50 50 50 50 50 49 3 50 50 50 50 50 29 50 50 44 17 50 50 50 50 50 21 50 50 50 50 15 50 50 9 50 50 50 50 50 50 2 50 50 50 39 50 2 50 50 50 31 50 50 39 50 50 50 50 50 29 50 50 50 12 46 50 50 50 50 50 16 50 46 16 1 3 50 41 50 50 50 50 50 50 29 50 24 50 50 43 50 50 50 50 41 19 50 50 24 50 41 50 50 50 23 23 19 50 46 50 37 50 50 41 50 50
2 7 50 46 17 50 13 5 30 50 50 10 50 50 50 50 50 50 50 50 14 50 50 50 50 41 50 42 23 23 50 50 50 50 12 25 50 50 2 50 50 50 50 21 50 2 29 50 50 50 50 50 50 50 50 50 27 50 50 50 50 50 50 50 30 50 50 50 50 50 49 50 50 35 50 46 21 50 50 50 33 50 37 50 35 11 7 13 29 50 10 50 50 50 50 41 50 6 50 50 16 46 47 50 50 50 37 50 17 50 50 50 18 50 37 28 50 30 42 50 50 50 42 23 2 50 50 50 50 50 20 27 37 50 50 50 40 50 50 50 36 31 3 50 50 34 25 9 32 50 27 50 50 12 50 50 50 50 40 50 50 29 13 20 50 5 50 33 50 12 36 50 50 50 22 45 29 32 50 5 50 50 40 8 50 27 50 10 50 50 50 50 50 50 50 34 50 50 50
50 50 28 50 50 39 50 50 50 50 50 48 50 0 16 24 50 2 24 50 34 29 50 50 50 50 38 47 50 50 50 50 50 50 32 50 50 50 50 50 50 50 50 50 50 27 50 50 50 50 21 50 50 50 28 21 50 50 50 50 35 50 50 50 49 50 15 12 50 50 34 50 50 50 50 50 50 50 41 7 22 50 44 50 25 50 0 44 50 50 50 50 8 50 20 50 50 50 21 50 50 3 47 50 50 50 23 50 50 50 19 50 50 50 46 50 26 50 26 10 50 14 50 3 50 50 50 50 50 45 6 30 24 36 50 50 50 50 25 50 50 34 50 16 19 38 45 50 10 50 50 29 28 50 50 49 30 50 10 50 50 50 50 50 24 50 50 8 24 31 50 42 50 50 10 50 50 50 50 25 50 50 50 50 35 22 26 10 50 50 50 50 21 50 50 50 1 50
49 13 1 44 50 50 50 7 8 50 50 7 50 50 50 50 50 50 50 11 50 50 50 50 50 50 50 42 50 50 50 50 50 50 50 50 50 50 50 50 27 50 50 50 50 50 50 50 50 50 0 5 50 50 10 10 18 18 50 48 50 41 50 24 50 44 42 9 18 50 16 16 28 50 50 50 50 50 36 50 50 50 29 45 50 9 50 50 28 50 50 50 50 40 50 35 50 50 50 7 50 2 50 32 19 50 48 29 50 1 50 50 50 50 40 50 45 50 22 37 50 37 50 50 49 50 50 50 50 16 50 50 50 50 41 7 50 29 18 50 50 11 50 26 50 15 50 50 50 50 50 40 50 37 11 33 50 50 50 32 50 50 5 50 47 50 8 50 12 50 47 2 2 15 50 23 40 50 32 39 28 50 24 50 50 50 50 50 50 50 50 50 50 50 50 44 50
50 13 50 44 50 15 50 50 50 50 50 39 23 50 50 50 22 3 50 28 34 24 50 21 50 50 0 50 50 36 19 50 48 50 50 50 50 50 50 50 50 0 16 50 50 50 10 49 50 50 48 11 50 50 50 29 11 37 50 50 50 50 50 36 50 50 50 50 50 29 50 50 50 50 3 50 36 49 50 50 50 50 50 50 48 50 34 50 50 17 46 30 50 13 37 27 50 50 37 50 50 50 50 38 50 7 19 50 14 50 50 50 50 50 17 50 50 50 18 50 28 50 50 48 50 50 50 50 50 16 50 49 28 50 45 50 50 5 11 50 22 30 30 50 48 50 7 24 50 50 50 50 14 34 50 50 50 50 50 50 49 50 50 27 50 50 50 50 50 2 50 23 48 50 50 50 40 25 41 50 50 50 50 50 34 50 35 10 35 50 15 50 47 6 50 50
50 50 7 21 50 50 50 50 50 50 50 50 50 50 50 50 40 23 50 50 50 50 50 50 27 50 49 50 39 24 50 50 19 5 50 50 50 50 50 50 50 4 50 40 50 50 50 20 50 2 50 35 36 10 5 13 50 6 50 50 50 8 22 50 50 50 50 50 50 50 1 50 50 33 50 50 50 50 49 50 50 32 50 44 50 50 46 50 50 31 50 33 50 50 50 50 50 30 50 50 46 50 35 50 39 26 50 50 50 4 50 11 50 50 2 50 7 50 50 50 29 50 50 50 50 50 43 22 2 50 50 50 50 50 19 50 16 6 50 50 1 25 50 50 11 46 45 21 50 50 50 37 50 50 50 50 50 13 50 16 50 50 8 31 50 50 16 50 50 50 50 50 50 50 50 50 50 50 50 25 50 50 24 49 50 50 50 50 32 50 50 50 50 50 50
12 50 50 50 4 50 42 50 50 50 27 37 18 42 50 11 50 50 5 9 50 50 50 50 22 50 24 50 50 49 21 50 50 50 13 50 8 47 50 4 50 50 41 50 50 50 50 50 50 50 50 50 31 50 50 50 20 50 21 50 50 50 50 50 50 50 50 50 50 11 50 50 50 50 50 50 50 50 50 40 50 50 22 50 50 50 43 11 15 50 50 43 13 17 49 24 50 50 50 50 8 13 50 30 50 50 20 50 45 50 50 50 50 8 50 50 50 6 17 4 50 50 50 50 44 50 50 1 30 32 4 50 50 11 15 47 7 50 50 50 32 50 50 16 50 50 34 31 50 47 50 50 50 30 50 50 50 11 50 37 21 50 50 50 50 36 50 50 50 50 50 50 17 50 50 45 50 50 50 50 50 50 50 50 50 45 50 29 50 50 49 50 50 50
39 50 7 50 25 50 50 50 50 50 50 50 50 50 50 50 3 36 50 50 50 18 50 50 50 50 16 50 3 50 16 50 50 50 17 50 50 1 20 50 20 28 18 35 50 50 20 50 28 50 50 50 20 50 8 50 50 50 50 50 50 50 50 50 33 0 5 50 6 50 50 50 16 2 50 36 13 50 50 12 3 13 31 47 50 50 22 50 50 50 50 50 50 50 50 25 35 50 50 50 50 3 50 47 16 50 50 50 31 50 49 50 50 50 14 50 38 15 50 50 12 28 50 50 34 18 50 50 50 50 50 50 3 1 50 21 50 50 50 50 48 17 5 50 50 45 50 38 50 0 50 32 50 50 16 50 50 20 41 50 50 43 44 33 50 50 32 50 50 12 50 26 31 50 50 21 50 50 50 6 50 3 50 50 50 50 50 50 50 1 50 50 50
44 50 49 50 50 17 9 13 50 3 50 50 50 3 50 50 50 16 35 50 50 50 50 50 50 49 50 34 50 1 50 50 31 50 17 50 50 50 50 50 50 31 50 50 50 50 50 50 7 2 50 50 50 50 33 50 50 50 50 21 50 50 29 1 50 29 12 50 50 22 24 50 50 50 50 50 50 50 50 15 50 50 50 32 50 50 50 50 50 17 39 50 50 50 50 50 50 50 50 50 15 50 50 50 50 9 50 50 50 15 12 25 41 36 50 50 50 50 38 43 50 0 32 45 50 50 47 8 6 50 26 50 50 23 50 28 21 50 50 50 35 50 50 39 50 45 50 50 50 50 35 50 50 50 50 50 50 50 50 50 50 50 50 9 45 28 33 50 21 50 50 49 50 50 28 50 50 50 48 50 50 50 50 50 50 14 50 0 50 36 50 50
50 35 50 50 50 21 36 50 50 12 50 6 50 40 50 50 50 31 50 43 50 50 50 46 50 50 24 50 41 50 50 2 50 17 50 50 37 32 34 7 50 35 15 50 7 50 50 50 18 50 9 50 10 9 50 30 50 50 14 50 41 37 50 44 50 50 20 50 50 50 50 50 50 21 50 50 50 50 25 50 35 50 50 35 50 32 50 50 50 50 50 50 25 22 50 15 50 50 50 50 50 50 50 50 50 50 37 50 50 50 50 50 50 29 50 50 50 50 37 43 50 50 50 50 50 33 50 50 40 50 50 50 50 39 21 50 50 50 50 50 50 17 0 50 50 50 24 10 50 10 35 50 50 50 50 6 50 50 50 50 24 50 50 50 6 50 26 4 50 43 49 21 50 50 50 34 50 50 43 50 50 17 50 40 50 27 20 50 50 50 50
13 35 50 8 50 50 50 50 50 50 50 13 4 12 50 50 50 50 50 30 29 6 29 50 50 19 50 50 31 50 50 32 50 50 50 50 20 45 50 50 14 50 50 50 25 50 33 50 30 50 50 50 3 50 50 4 0 43 28 50 45 50 50 22 50 7 30 18 18 50 50 11 18 27 50 50 50 50 50 50 50 49 50 50 40 50 50 50 50 50 50 50 50 50 14 48 28 50 50 9 50 3 50 20 50 50 31 50 40 50 32 0 50 17 50 50 50 50 50 50 1 10 50 50 50 50 50 50 48 50 50 50 50 50 50 50 11 50 50 50 21 50 50 7 50 12 17 0 50 50 50 50 31 40 50 50 50 50 50 50 50 44 19 50 50 50 50 32 42 50 50 50 4 14 50 50 20 50 23 50 24 50 50 50 50 50 50 2 50 50
34 10 5 38 50 38 50 11 50 50 50 50 50 6 50 46 50 50 23 50 50 50 50 47 50 50 6 50 14 50 50 34 50 50 34 50 21 28 50 10 44 50 50 50 50 50 5 50 50 45 50 50 50 50 50 50 22 50 50 11 50 37 11 50 37 24 44 50 50 50 50 50 29 50 50 11 50 50 50 50 50 50 20 30 50 50 19 50 50 50 50 39 27 50 17 50 50 50 47 40 18 37 29 1 50 8 50 18 7 50 50 50 50 50 50 11 50 2 46 49 50 50 50 49 50 24 50 50 50 50 26 50 31 13 11 50 50 50 50 2 45 31 50 9 50 50 7 50 50 50 50 50 50 50 22 48 12 50 20 50 19 38 43 49 18 50 50 50 15 50 50 17 50 6 50 50 44 50 50 35 50 50 36 50 36 50 50 50 50
50 50 50 10 50 50 50 50 50 12 50 50 8 50 50 29 50 50 50 8 50 19 27 50 50 50 50 50 32 50 44 50 50 50 50 24 50 50 50 50 50 50 25 30 50 50 50 41 50 50 50 50 50 50 7 50 3 50 41 50 39 20 4 12 50 50 50 50 50 50 47 50 50 46 50 50 32 50 43 50 50 50 50 50 44 50 50 50 50 50 50 50 32 50 50 18 9 50 50 50 50 50 50 50 50 5 37 3 50 50 50 48 50 50 12 24 44 50 50 50 32 50 50 17 50 50 8 50 50 50 50 47 11 50 50 50 50 50 50 10 50 0 50 42 7 50 50 50 28 47 50 50 50 28 50 50 50 50 45 50 50 50 50 4 31 13 50 50 50 50 1 12 50 50 50 50 50 16 50 42 50 50 50 50 48 49 50 50
50 50 39 50 50 9 50 5 11 50 50 50 50 5 50 50 50 50 50 50 18 50 2 32 50 50 20 50 50 17 50 50 50 50 34 50 50 50 50 49 50 3 36 44 50 50 50 50 45 50 44 28 50 50 50 50 50 48 50 50 4 50 6 34 1 50 38 18 50 50 50 50 32 49 49 50 30 50 9 50 50 50 7 1 50 50 50 5 28 25 50 50 50 50 26 50 22 50 50 45 50 50 50 50 50 12 50 50 50 5 0 50 50 31 50 50 50 50 50 42 50 26 17 44 48 34 50 15 35 49 50 43 20 50 18 50 45 50 50 41 50 50 50 50 50 50 50 50 50 50 27 50 50 47 50 50 34 41 50 17 16 50 50 50 50 50 50 50 9 50 16 50 50 50 36 50 50 50 50 18 25 50 50 50 4 27 50
23 50 50 50 4 50 20 50 50 50 50 50 50 50 28 50 50 50 50 4 50 32 50 50 50 50 50 50 50 50 44 50 50 50 33 50 2 5 34 50 50 48 50 15 50 50 27 50 50 50 50 50 50 50 50 17 43 50 50 50 50 6 13 24 50 50 0 50 50 50 50 50 39 50 39 14 50 50 50 50 27 50 38 50 25 50 17 50 10 50 50 50 50 50 50 33 8 50 50 50 50 50 50 50 50 50 11 50 50 50 36 14 17 50 50 50 50 50 50 46 50 31 50 10 50 50 17 50 50 25 50 50 50 50 50 50 50 50 50 48 50 50 50 50 13 50 30 24 18 50 3 45 50 27 50 50 10 50 50 50 34 45 50 50 50 4 50 6 50 50 31 50 41 50 4 46 50 50 50 50 50 3 50 44 50 50
50 50 50 50 50 50 36 50 50 34 50 50 4 48 50 50 50 50 50 23 50 50 38 50 16 50 50 33 50 6 50 50 50 48 50 50 50 44 50 50 50 4 50 50 17 50 50 24 19 50 50 50 50 6 50 15 14 30 50 50 50 50 50 8 50 50 50 50 50 38 22 42 45 50 50 50 7 50 48 50 50 9 50 50 42 40 50 26 1 50 12 50 50 45 50 44 50 50 50 50 24 48 50 0 50 50 32 50 50 47 34 50 50 50 50 9 50 50 29 50 50 50 7 50 50 50 50 50 50 38 50 29 50 13 50 7 50 50 50 1 37 50 5 50 50 50 15 50 50 50 50 50 50 50 9 50 28 50 10 47 50 50 50 50 50 50 31 50 50 50 45 3 50 12 38 2 50 11 50 50 50 50 2 50 50
35 50 50 12 2 41 50 50 50 50 4 50 50 50 48 50 50 34 50 50 50 50 50 41 16 50 22 50 50 50 50 50 50 50 50 50 37 50 50 16 50 23 0 50 50 50 27 50 50 29 50 50 50 2 50 50 50 50 50 50 1 36 50 50 12 1 50 40 8 26 0 50 50 50 21 45 50 50 50 50 3 35 50 36 50 46 33 50 50 50 50 50 50 50 50 50 38 17 50 50 50 50 26 8 50 9 3 50 14 50 49 27 30 50 50 50 50 50 50 50 50 50 50 48 50 50 6 45 50 10 50 50 50 23 45 8 50 50 33 0 50 50 50 50 7 11 50 26 50 50 9 50 44 50 50 50 50 50 31 50 50 50 50 50 49 50 22 50 50 24 50 50 18 50 28 27 5 43 28 47 12 38 50 50
50 2 12 50 50 50 50 50 50 10 1 50 50 50 50 50 20 50 50 7 50 29 35 50 50 42 44 50 50 50 49 50 50 13 17 41 50 42 50 50 50 50 50 44 50 50 50 50 50 50 27 50 12 50 27 19 50 26 50 50 50 18 50 39 39 50 50 50 50 50 50 50 18 41 50 13 50 50 50 50 10 50 50 50 44 25 50 20 6 50 50 50 50 50 21 27 50 32 50 41 31 50 23 10 49 50 36 44 50 50 50 50 50 50 37 50 6 50 37 37 50 50 50 50 23 13 50 50 50 50 49 50 50 50 50 50 32 50 50 50 50 50 43 50 50 50 14 36 50 50 50 23 29 4 7 16 50 10 50 21 30 50 5 50 50 50 50 27 13 50 50 50 6 50 50 50 50 50 21 50 50 50 50
43 34 50 27 50 50 25 50 50 50 30 50 50 50 50 50 50 22 50 50 20 50 3 50 50 50 50 0 6 50 7 50 50 50 50 50 50 6 50 50 50 50 30 50 4 50 50 47 50 4 50 50 32 50 17 50 50 2 19 50 50 40 50 50 50 50 50 50 33 50 50 50 50 45 5 50 50 48 15 50 10 50 37 50 50 50 50 3 21 50 50 15 22 50 44 50 40 50 48 39 50 50 18 44 13 50 50 50 50 50 50 44 50 50 50 50 50 50 50 50 50 50 50 35 50 50 50 50 20 39 50 14 50 50 50 42 50 50 50 29 50 50 50 5 50 50 43 50 50 27 43 40 50 50 50 26 50 50 50 50 50 50 50 50 50 50 21 50 50 50 36 50 50 50 31 8 50 50 50 50 50 50
50 50 38 47 50 10 35 50 50 50 5 50 8 50 50 50 50 50 50 50 31 50 50 50 50 47 50 50 4 42 46 12 50 50 50 50 50 50 50 23 50 50 50 50 32 3 34 50 48 23 23 50 50 50 50 4 50 50 50 50 50 50 50 50 50 50 50 50 19 50 50 50 12 26 50 50 0 50 25 50 11 50 26 50 20 50 50 50 50 50 50 50 50 50 37 23 50 50 50 50 50 50 50 50 50 50 50 7 50 24 37 50 50 11 50 50 50 50 50 50 50 41 50 25 50 50 50 50 50 3 45 41 50 28 16 50 3 50 50 50 50 50 50 50 50 16 50 50 15 50 44 35 37 50 32 50 16 30 50 50 50 6 47 50 43 50 50 40 48 24 50 50 27 50 24 50 50 50 5 22 50
50 17 50 14 30 50 19 33 50 50 50 10 41 50 36 38 21 50 38 50 50 27 50 45 50 50 50 47 50 41 12 50 50 50 45 50 50 50 31 50 23 31 33 46 50 16 50 50 50 6 26 30 50 50 24 50 50 10 50 31 50 50 50 50 50 24 50 50 33 50 50 50 50 37 50 1 50 50 50 6 11 50 42 50 23 50 37 3 50 44 50 35 50 50 50 50 1 10 33 50 50 50 50 50 50 41 50 43 50 5 0 50 18 50 50 50 40 15 50 50 50 23 50 6 50 50 50 37 50 50 46 50 50 50 50 3 4 18 50 50 50 50 20 50 50 50 50 50 50 50 50 20 50 32 15 50 14 50 50 50 50 26 50 50 50 34 50 37 34 50 50 50 50 47 50 12 50 17 50 50
50 50 50 2 50 50 17 24 42 50 50 50 50 50 50 0 50 50 32 50 50 50 50 0 50 50 50 47 50 50 50 50 2 50 50 7 50 50 50 18 50 50 50 50 50 50 50 50 50 45 50 20 14 33 50 25 50 6 16 50 41 31 50 22 50 50 50 13 50 11 50 30 50 50 45 50 50 50 50 31 17 50 50 50 50 50 50 50 0 50 50 39 13 50 23 43 50 50 50 16 50 50 43 50 50 50 50 12 50 50 50 45 50 41 50 31 40 50 50 50 50 34 16 50 15 4 50 50 17 49 50 6 50 40 33 50 50 50 50 50 21 50 33 50 15 50 10 45 38 50 50 50 0 50 50 50 1 36 50 50 29 50 50 7 50 50 50 50 50 10 50 37 50 47 50 50 50 42 50
16 38 50 50 50 50 50 50 45 1 24 30 50 50 7 11 50 50 50 20 50 50 50 45 50 50 50 50 50 50 41 50 0 50 50 14 50 50 50 50 36 2 27 50 50 32 8 50 50 50 40 50 50 50 50 50 50 50 4 21 34 44 4 50 50 50 50 50 47 22 50 45 50 44 50 50 50 50 50 50 2 50 50 50 50 50 50 50 50 50 50 44 27 28 15 50 16 50 3 50 50 23 17 50 50 50 8 50 50 50 50 50 26 50 50 49 50 50 37 50 50 50 50 50 46 50 50 50 50 50 50 50 50 50 12 50 25 50 32 47 50 4 22 50 50 50 50 50 2 50 50 1 50 50 50 50 50 50 50 18 23 39 31 50 37 9 50 50 25 17 50 50 7 50 33 27 50 50
50 0 50 50 43 5 50 50 50 50 50 50 50 10 50 50 10 50 50 21 50 50 50 30 50 50 50 4 47 50 8 35 23 50 50 50 38 39 50 50 50 50 48 50 50 9 50 50 50 50 6 19 7 50 50 50 50 34 50 49 50 50 26 50 29 50 50 50 50 33 46 43 50 48 50 3 50 21 50 50 12 50 50 21 50 22 50 50 50 34 50 50 25 50 50 1 50 5 50 50 50 50 50 50 2 50 50 50 17 50 50 19 17 50 50 48 47 50 50 50 18 47 50 50 50 50 50 50 25 0 2 50 50 15 50 19 18 50 50 50 50 50 50 50 8 50 50 50 50 50 50 50 50 50 50 50 5 50 50 50 15 50 38 42 50 50 50 9 50 50 47 19 17 50 50 44 50
24 24 50 50 50 29 36 46 50 50 50 50 23 50 26 5 18 50 50 0 50 50 45 3 50 50 50 9 50 50 33 19 50 50 50 43 7 9 48 23 50 50 50 21 50 5 50 50 14 50 50 38 50 50 50 46 50 18 41 50 50 50 50 9 50 1 50 22 50 50 50 50 10 50 50 50 50 50 50 50 50 50 37 50 13 21 24 50 50 50 50 50 50 7 21 50 50 21 14 50 47 50 11 47 13 50 33 50 50 15 50 50 23 50 8 26 50 50 50 50 50 50 13 8 50 50 36 50 36 50 4 2 50 27 50 50 50 22 6 50 26 50 9 12 50 50 42 38 49 50 42 32 12 18 1 50 50 50 46 50 30 6 50 50 50 50 30 50 10 50 50 50 36 37 50 50
16 13 50 50 20 50 50 50 43 50 50 40 38 50 44 50 50 50 50 24 50 50 50 32 42 50 50 42 11 50 50 20 41 46 2 50 50 17 50 47 50 50 50 50 28 50 35 50 19 50 50 50 13 50 20 42 50 50 50 35 50 50 50 50 50 27 50 8 50 50 50 50 31 20 38 50 50 50 49 50 50 50 50 50 47 38 50 50 14 23 50 50 43 50 50 50 50 18 50 50 50 22 50 42 35 50 4 50 50 50 50 50 50 50 50 50 50 50 33 29 50 50 50 34 25 10 9 40 50 26 50 50 50 50 50 3 50 50 50 50 16 21 50 3 50 50 50 50 41 50 13 31 41 22 50 50 50 1 32 30 50 50 50 46 50 50 50 50 50 32 41 9 25 18 50
50 50 50 50 50 50 0 50 50 0 50 50 50 45 40 17 50 40 50 50 30 50 50 50 50 50 24 27 50 1 48 50 50 21 41 50 50 29 27 14 50 26 50 50 49 50 50 50 50 50 50 50 50 50 50 50 50 23 50 50 26 50 49 31 50 35 50 23 50 50 46 50 41 30 47 50 50 50 50 50 21 18 50 50 50 13 50 20 20 50 50 50 50 50 50 50 50 17 16 50 50 50 50 50 50 50 12 50 36 16 50 50 47 50 50 50 50 50 50 50 50 50 50 50 50 50 50 50 50 50 50 50 0 18 50 50 50 32 50 50 50 50 50 50 48 16 50 36 50 50 50 41 50 50 50 50 50 18 9 50 30 50 50 50 14 50 50 50 50 32 50 50 50 50
50 50 28 50 50 50 50 50 50 50 50 50 50 24 26 50 50 50 13 50 50 50 50 15 39 19 50 50 50 20 50 50 15 50 50 50 50 50 49 1 50 50 50 32 50 50 19 50 22 0 50 24 50 50 50 33 50 33 50 50 50 27 46 50 50 49 50 50 50 19 0 50 50 32 44 50 50 46 46 42 42 10 20 50 13 50 50 50 50 44 18 50 50 50 50 30 50 50 50 25 15 50 8 20 50 50 38 50 50 50 19 22 37 35 50 50 50 50 2 50 50 3 50 50 21 50 9 39 50 20 50 50 50 50 50 50 11 50 50 50 31 40 50 17 50 50 46 5 50 50 43 50 50 11 50 50 44 50 50 5 10 50 50 50 50 50 50 42 50 23 37 26 50
50 50 50 24 50 50 50 50 50 50 3 50 30 2 50 7 50 50 18 0 50 50 50 12 50 43 50 50 50 50 50 50 50 8 50 50 50 50 50 50 50 50 4 50 50 50 50 50 50 50 50 50 50 4 50 50 7 50 50 10 50 50 16 50 34 15 50 10 35 9 50 50 50 33 7 50 50 50 50 50 31 21 50 43 50 50 50 50 2 50 18 50 50 17 50 50 34 50 50 44 29 50 50 30 50 28 50 44 50 50 50 50 13 50 50 50 50 50 9 50 50 50 50 50 3 50 50 46 13 9 38 50 50 3 50 50 50 50 38 50 50 41 50 50 50 12 50 50 39 50 34 50 34 50 50 50 50 50 50 50 46 2 50 50 4 50 4 50 50 44 13 50
50 50 50 32 50 19 50 50 50 50 50 50 50 37 47 50 50 50 50 50 8 16 50 50 50 35 50 50 50 25 50 50 50 45 50 7 50 50 2 50 50 44 22 50 16 50 50 44 48 50 10 50 50 50 50 16 50 20 50 50 50 30 19 50 50 50 50 9 50 16 4 50 50 50 27 48 50 21 50 50 10 29 50 25 49 50 38 2 50 50 34 42 25 50 50 50 50 40 19 50 50 25 50 50 50 50 28 50 50 50 29 47 50 35 50 9 50 50 47 50 43 50 50 50 39 0 50 50 19 50 50 50 50 50 50 50 50 5 50 50 50 50 50 50 5 50 50 49 10 50 2 50 50 50 11 22 50 41 50 50 50 50 50 50 17 35 28 50 50 50 50
50 50 50 50 50 44 50 50 50 48 38 50 50 50 22 50 44 19 50 50 12 41 37 50 36 50 50 5 50 23 3 50 34 18 50 50 50 37 50 46 50 50 50 50 50 50 50 2 41 42 50 50 50 18 12 50 29 14 50 20 23 50 50 50 50 50 50 50 50 33 50 50 50 50 25 50 50 16 50 50 50 50 50 13 35 50 35 50 13 50 50 50 50 50 32 50 50 1 50 50 50 13 9 21 50 50 50 50 50 50 50 50 27 50 34 50 50 50 50 50 50 50 33 50 50 50 50 28 22 20 50 45 6 50 19 9 50 50 35 50 26 50 50 43 19 2 50 50 29 50 50 50 14 50 46 50 50 49 50 50 50 11 50 50 9 21 50 50 50 50
50 50 50 50 16 42 50 8 2 26 30 50 49 50 50 50 50 26 50 50 36 50 50 50 50 50 50 50 50 50 37 50 37 50 50 4 50 50 50 50 28 50 50 50 50 50 50 14 50 50 11 50 49 50 50 50 50 37 50 50 50 50 9 48 50 50 44 50 50 50 11 12 50 29 50 50 50 24 43 50 50 50 40 12 50 50 50 50 3 50 23 50 37 20 50 50 50 50 50 50 50 50 50 50 50 11 50 50 42 50 50 50 31 50 50 39 50 50 50 50 23 50 50 46 36 50 50 50 50 50 50 50 50 33 50 50 29 34 10 6 50 50 50 50 3 50 50 50 50 50 50 50 6 50 50 10 7 50 50 50 50 45 50 50 16 50 29 50 50
50 46 49 50 50 50 19 50 50 50 50 50 50 50 50 50 25 50 50 50 11 50 50 22 19 50 50 50 50 17 0 32 17 9 8 10 50 50 17 50 21 50 50 50 50 49 22 50 33 50 50 50 50 50 35 50 50 41 50 50 50 31 10 50 47 2 40 50 5 50 50 33 50 50 2 28 1 50 50 50 50 50 50 15 30 50 50 40 50 14 20 50 37 47 50 50 50 5 50 33 50 18 17 50 43 24 50 50 50 15 25 50 50 50 50 50 40 48 50 50 50 26 48 50 50 50 50 16 46 50 29 50 50 2 50 50 50 26 43 50 50 50 50 30 17 8 22 50 15 50 50 30 49 50 50 50 50 50 50 50 30 50 9 25 50 50 50 50
50 43 34 50 50 50 25 50 50 50 45 50 11 50 6 50 50 50 46 50 50 31 32 50 34 50 50 50 32 50 50 48 50 8 50 50 50 16 50 31 50 50 26 1 50 50 50 19 50 50 50 37 50 50 37 50 50 10 30 50 50 23 50 50 37 50 50 50 50 35 50 50 27 50 50 50 50 50 50 50 48 20 17 11 50 50 50 50 50 50 50 13 45 23 46 50 50 50 50 46 50 44 50 38 49 14 50 50 14 50 42 4 50 50 3 50 17 50 50 50 10 50 50 50 28 50 50 50 50 1 35 50 50 11 50 50 50 50 50 49 50 50 50 50 50 50 50 50 36 50 50 50 40 50 50 50 34 46 50 50 50 8 50 50 50 11 50
50 50 50 14 32 1 50 50 50 5 41 16 50 50 4 50 50 50 50 50 50 49 50 50 50 39 50 38 50 50 50 36 44 50 20 7 50 14 32 40 50 50 50 15 41 50 24 50 50 41 50 50 50 50 50 44 50 13 38 50 50 50 50 38 34 50 27 50 50 21 50 50 41 50 18 50 29 50 50 50 50 5 50 50 30 50 50 50 3 50 30 50 50 50 50 31 23 50 29 10 50 50 50 2 50 37 50 50 21 50 19 49 30 50 50 50 50 14 50 50 50 43 50 50 50 50 42 50 50 50 50 50 50 50 50 50 50 50 50 50 50 50 50 23 50 50 50 50 13 50 50 50 50 50 19 50 12 50 9 50 50 16 50 50 50 50
50 7 50 50 23 50 50 50 9 50 50 22 50 50 50 50 50 50 50 50 50 50 9 50 50 50 50 50 50 50 9 50 50 33 50 50 50 50 50 50 50 31 50 50 50 50 50 50 50 50 50 50 49 50 28 16 26 50 50 50 50 43 29 50 50 50 46 50 50 50 45 16 6 50 50 50 50 50 24 50 50 11 50 49 33 50 50 14 50 7 9 50 50 50 31 43 50 50 20 33 50 50 50 50 41 18 19 9 28 34 50 31 0 50 50 50 50 50 17 50 50 50 7 50 50 50 17 50 50 50 50 50 27 50 50 35 31 50 1 50 50 50 50 50 50 22 39 50 50 50 50 45 17 43 38 50 14 50 7 50 50 50 8 50 50
0 50 36 50 50 50 50 48 50 50 50 50 31 1 50 40 50 50 50 31 50 4 50 50 50 50 50 50 50 10 50 7 37 48 50 50 50 50 50 50 50 50 50 33 14 42 50 50 28 19 50 50 50 50 37 0 50 50 50 50 50 50 40 50 50 50 13 50 50 50 32 50 50 50 50 50 50 38 50 50 34 10 50 37 50 50 24 26 46 50 50 40 28 50 50 15 50 50 50 50 50 5 50 50 50 9 2 50 50 50 50 46 50 50 49 50 16 10 8 2 50 33 50 50 50 50 50 50 50 50 31 50 33 50 50 50 50 50 50 50 1 18 50 50 50 50 50 40 50 50 15 13 50 32 0 50 41 48 50 50 17 50 50 50
50 21 50 50 50 50 50 50 50 50 50 50 50 50 50 50 50 50 39 50 12 50 32 43 50 45 50 50 43 36 50 23 50 22 50 25 32 50 34 12 50 50 50 37 44 39 1 50 19 1 25 23 50 50 50 13 50 50 50 50 50 50 47 40 50 50 50 50 15 8 50 50 50 50 50 50 34 0 40 50 50 20 50 50 50 47 50 50 50 50 50 34 7 50 50 50 50 50 19 49 50 50 39 3 0 50 50 50 22 50 50 50 50 50 50 50 50 50 43 35 21 50 15 50 6 29 50 50 50 17 25 50 31 50 50 50 16 50 47 8 21 50 50 50 27 50 38 50 50 38 50 7 50 39 46 50 50 5 45 50 42 50 50
50 50 32 50 50 50 13 50 50 50 50 15 8 50 50 50 50 50 50 50 50 50 50 50 43 50 11 44 10 50 50 50 50 27 22 50 50 50 50 50 50 50 49 32 50 50 50 50 0 50 50 50 50 44 36 50 50 50 50 35 18 37 50 50 29 41 50 19 50 50 50 20 50 50 50 50 50 50 50 23 1 33 50 50 50 41 26 50 50 50 12 50 50 50 29 50 50 17 35 50 50 50 30 9 50 50 25 50 50 50 50 50 50 50 50 49 50 50 50 50 50 14 50 50 50 36 50 50 50 8 50 50 50 11 50 50 42 25 50 50 35 50 48 50 50 39 50 50 50 50 50 46 50 19 5 50 19 50 12 45 50 50
18 50 26 50 12 50 50 50 50 50 9 50 25 26 50 50 50 33 37 20 50 20 50 50 50 29 36 26 50 50 50 50 45 6 50 50 50 50 50 30 50 50 50 37 50 24 50 50 27 50 50 50 39 9 32 41 42 50 50 50 50 50 50 10 22 50 23 50 50 36 50 36 50 50 50 50 50 50 24 50 50 50 50 50 20 50 17 50 50 50 34 45 50 8 50 0 32 50 50 44 50 41 50 50 50 50 50 35 31 50 50 50 25 50 41 28 50 50 50 28 4 50 50 18 37 21 50 28 12 28 11 50 17 50 50 50 50 50 50 50 21 50 50 50 50 50 50 50 38 50 50 9 50 50 50 50 50 30 50 50 50
33 13 50 50 39 44 49 50 37 50 7 50 21 7 50 50 50 50 50 50 44 50 50 50 50 50 50 50 50 50 10 33 50 50 50 39 50 50 16 40 50 50 50 21 50 50 50 26 50 50 50 50 50 50 50 50 50 48 24 50 50 50 50 50 50 50 50 50 50 50 50 50 50 50 50 50 50 50 50 18 50 50 50 42 24 10 24 28 50 21 50 50 50 50 50 50 50 28 50 50 50 14 24 50 39 36 50 50 50 39 50 50 21 50 50 50 33 35 50 50 0 50 41 50 50 50 50 50 23 50 50 35 50 42 50 50 33 21 50 30 14 40 6 14 50 50 3 50 50 50 50 50 50 47 50 50 50 50 50 50
27 17 50 50 50 21 50 50 50 15 50 50 50 50 40 36 50 50 50 50 3 2 50 50 40 50 50 50 50 50 4 50 50 39 15 50 15 50 18 50 46 4 32 50 50 24 48 50 50 50 50 49 23 16 15 50 50 41 46 50 50 50 50 50 4 50 50 50 50 50 50 21 50 50 50 16 29 50 18 50 23 50 12 35 50 50 50 27 50 50 50 31 25 50 23 50 19 41 45 50 50 50 46 50 50 5 34 50 50 50 21 50 45 50 7 50 32 50 50 44 50 50 50 50 50 50 30 16 39 50 38 50 50 25 20 50 14 46 11 0 50 27 36 50 50 50 50 50 50 50 32 50 50 50 50 50 50 14 50
34 50 50 18 23 50 50 50 8 50 50 50 22 50 50 50 1 50 50 50 50 21 50 50 50 50 50 50 50 50 50 50 50 23 50 50 39 50 50 50 22 50 50 50 47 50 50 50 44 48 50 50 50 50 50 33 49 50 38 50 14 50 21 23 50 2 50 50 50 40 50 1 50 50 50 50 50 14 18 50 50 50 50 29 50 50 50 50 44 50 50 50 50 50 10 50 50 50 1 50 20 50 34 15 50 25 50 50 50 39 0 50 4 50 50 15 30 27 46 20 27 50 50 37 50 50 11 38 50 50 15 26 50 50 5 50 50 50 50 27 39 50 50 16 28 39 1 50 50 50 50 3 50 50 50 12 11 50
7 50 50 19 42 50 50 29 50 50 50 50 50 50 50 50 50 50 9 50 50 46 50 16 50 32 50 50 44 24 50 14 50 50 50 50 45 50 50 50 50 50 50 50 24 5 50 50 5 50 50 50 24 17 50 50 50 50 16 50 50 12 50 50 50 50 50 50 50 50 50 50 50 50 39 50 49 42 50 42 23 13 50 50 50 50 32 50 35 41 50 50 50 50 50 50 50 6 50 32 31 50 50 50 50 50 50 50 50 50 24 50 50 39 50 50 50 50 50 50 50 50 40 33 50 50 50 47 44 50 48 11 50 17 50 28 50 50 8 50 50 50 50 50 12 50 50 29 50 50 50 50 50 22 50 50 50
50 50 9 48 50 18 50 46 50 50 50 50 9 50 50 50 15 14 50 50 50 50 50 50 50 50 50 33 17 6 12 50 20 50 25 9 50 50 50 50 50 50 50 50 28 50 50 50 9 50 50 50 28 34 13 13 50 50 50 50 50 50 39 50 4 44 5 50 35 50 50 17 50 50 19 11 50 50 50 50 50 24 29 50 50 18 50 50 50 26 50 50 42 50 21 27 18 50 36 50 50 32 50 35 50 50 50 50 50 34 11 25 50 50 41 50 32 48 50 50 50 19 29 50 36 50 50 50 50 50 50 50 47 6 43 50 15 50 50 50 46 50 50 29 2 50 50 50 50 50 50 50 50 50 30 50
50 26 50 32 50 50 48 50 23 37 50 50 50 31 50 50 50 1 50 9 50 50 50 40 50 29 37 50 50 50 50 14 50 50 50 36 50 50 50 50 17 50 50 50 50 50 50 50 38 50 50 49 50 50 28 50 50 38 50 50 50 50 50 50 50 32 50 50 50 50 18 50 50 50 50 17 1 50 50 50 50 50 50 50 50 50 50 50 31 50 35 35 30 50 13 50 38 26 13 3 50 49 50 4 2 50 50 50 50 19 50 50 6 14 50 50 50 45 50 50 50 50 11 12 24 26 50 50 29 50 50 48 50 50 50 50 50 50 49 50 50 50 50 50 50 50 50 50 19 50 16 4 50 50 50
2 50 50 50 50 50 50 50 50 50 11 50 30 37 50 9 50 50 50 50 50 31 50 50 13 50 50 50 15 21 50 50 42 41 43 9 32 50 50 34 50 41 50 50 5 29 50 50 50 50 50 50 50 50 50 50 50 50 50 50 50 50 50 50 48 50 50 50 50 4 50 50 50 2 50 35 50 28 39 50 50 42 9 50 50 9 50 48 34 3 50 50 11 10 16 41 17 50 50 50 50 50 50 28 50 43 7 50 50 50 50 50 50 50 38 50 50 50 50 18 50 22 50 42 23 50 50 17 50 50 50 50 29 50 50 19 50 47 50 50 50 50 50 50 50 13 50 29 50 50 50 50 50 50
50 50 50 50 50 15 47 50 31 50 50 50 19 31 50 27 43 18 50 12 50 50 50 19 50 14 46 39 50 36 50 50 50 31 50 50 50 22 50 50 50 50 50 21 50 20 50 50 50 28 50 34 50 4 24 50 50 50 36 26 50 50 38 50 50 50 50 14 50 50 24 29 25 12 50 50 1 50 50 50 50 50 50 50 50 50 15 7 39 50 50 50 36 0 19 50 48 50 50 50 49 26 50 50 50 50 20 50 2 50 26 10 10 50 14 50 11 50 50 50 50 26 50 50 50 50 2 34 0 50 50 2 50 50 50 14 50 50 3 50 50 50 50 17 22 38 50 15 50 50 50 50 50
50 4 50 9 29 50 50 50 16 50 30 50 37 33 50 26 50 50 50 50 50 50 50 50 50 8 50 43 50 50 15 50 37 50 50 50 50 10 2 50 50 50 2 50 31 35 1 41 30 4 50 1 50 50 44 16 50 36 50 50 50 50 43 50 36 46 50 50 50 50 50 50 50 50 50 28 50 5 50 50 50 50 6 50 50 44 5 34 34 50 35 28 50 11 50 50 8 14 35 50 50 50 19 26 48 50 50 50 50 50 50 50 50 50 50 20 11 50 50 50 50 50 50 37 50 10 50 32 50 50 50 1 50 50 50 50 50 50 50 7 50 10 31 48 50 28 50 50 50 50 50 50
8 50 50 50 5 50 50 50 37 50 32 35 35 50 50 46 8 50 25 50 21 50 49 26 41 50 20 50 50 50 50 50 50 8 31 50 50 50 27 50 40 50 50 50 50 50 21 50 50 50 50 50 50 37 50 42 50 50 50 50 50 50 4 50 35 50 7 50 50 50 50 50 2 34 7 50 50 39 31 50 50 50 50 50 34 14 50 50 50 39 50 50 50 12 50 7 50 50 50 50 7 12 50 50 32 50 50 5 50 50 22 50 43 50 50 41 25 50 11 5 50 50 50 50 50 50 50 50 50 48 50 6 50 50 50 50 35 50 50 50 42 50 50 50 50 50 50 50 50 44 50
45 12 50 50 50 30 50 50 50 1 50 50 50 50 16 50 30 50 18 50 50 34 50 50 38 50 50 50 50 50 34 40 50 50 50 50 50 50 50 50 50 50 50 21 50 50 50 50 28 50 29 50 50 50 37 45 50 50 9 21 50 50 27 50 50 9 50 16 50 17 50 50 50 42 37 50 50 50 28 36 43 30 50 50 50 40 50 10 35 50 1 50 50 50 0 50 50 50 50 8 50 50 26 50 3 50 50 50 50 37 50 50 50 12 50 50 50 50 50 50 9 50 50 50 50 50 50 23 50 50 36 50 15 39 38 50 50 9 9 50 19 12 50 50 50 4 50 47 50 50
50 50 50 50 50 6 28 50 36 50 50 50 1 26 50 43 50 50 16 50 50 12 50 50 44 28 50 50 39 28 47 50 50 50 50 21 28 18 50 50 50 50 50 50 24 27 50 48 50 50 50 50 28 9 50 50 50 50 19 50 50 50 12 50 50 18 50 50 50 50 50 50 50 50 50 50 50 50 21 18 40 50 50 50 30 50 50 50 50 50 50 39 7 50 50 50 50 50 28 50 25 33 31 39 0 50 50 36 50 50 20 18 50 50 50 32 50 35 50 50 50 44 16 50 4 50 50 50 50 50 50 50 50 50 50 50 50 50 35 50 50 50 50 4 50 50 50 50 50
50 50 50 50 48 3 27 50 12 50 5 50 50 16 50 50 50 50 50 50 50 47 50 50 38 3 50 34 16 50 19 50 50 50 50 50 50 50 35 6 50 50 50 50 27 16 18 25 45 9 50 50 50 50 12 41 12 8 5 13 50 50 50 50 7 50 50 50 50 50 12 50 50 50 50 50 50 50 50 17 50 36 50 50 16 50 50 13 50 38 50 50 17 50 38 50 50 50 50 50 26 50 44 50 50 50 50 50 34 11 17 50 0 17 50 50 26 50 50 32 4 50 50 50 50 50 50 50 50 2 50 38 50 50 10 50 35 50 50 50 50 50 50 43 50 50 50 50
50 6 50 50 50 50 50 50 34 21 50 50 50 50 22 50 50 50 50 50 50 50 50 20 50 50 50 2 37 50 50 16 50 50 4 21 50 27 50 39 50 50 50 50 50 50 50 50 50 50 50 50 1 50 1 50 24 50 50 50 46 50 50 50 50 50 0 36 2 50 50 34 50 7 50 50 50 50 26 50 50 50 50 50 50 50 50 38 50 50 50 50 6 50 50 50 50 50 50 50 50 50 4 50 50 45 50 29 50 50 50 50 15 50 29 50 18 50 50 26 43 50 50 50 1 50 11 50 50 50 50 50 50 50 50 15 50 20 50 50 50 13 50 50 50 43 50
50 50 24 43 50 50 50 10 50 10 50 15 4 50 21 24 44 50 50 50 50 50 50 50 50 50 15 50 50 50 50 50 50 8 4 50 50 27 50 50 50 50 50 50 50 50 50 13 3 50 50 50 20 24 50 50 24 50 50 50 50 50 20 6 50 50 50 50 16 16 50 50 50 39 50 50 39 50 50 50 50 9 50 50 50 50 6 50 50 24 50 50 40 50 50 45 50 16 38 37 50 50 49 11 50 50 16 50 9 50 50 50 50 50 50 15 50 50 50 50 50 50 37 50 50 50 50 50 50 50 50 50 50 50 31 39 1 50 15 50 50 50 50 43 43 50
50 50 50 50 9 50 21 50 50 50 50 46 50 1 50 50 50 18 20 50 36 19 36 12 33 48 2 50 50 50 50 50 50 50 50 50 19 10 50 50 2 50 50 50 50 50 50 50 50 42 0 50 50 50 31 14 50 50 50 50 50 44 50 50 50 50 50 50 50 34 41 50 18 50 17 50 49 17 50 50 50 50 50 50 50 50 50 50 50 8 23 50 50 50 50 50 49 35 50 28 50 46 10 17 50 50 50 50 35 14 50 50 50 50 24 21 50 12 50 42 19 50 50 26 50 50 50 50 50 50 38 27 17 24 50 50 50 50 50 50 17 50 15 21 50
50 50 50 50 50 50 21 50 47 50 50 50 47 50 50 50 50 50 50 17 22 50 50 50 50 50 50 37 50 50 0 50 22 50 50 50 50 7 50 50 50 50 50 50 50 48 40 50 50 41 6 50 50 23 14 50 20 50 26 50 50 50 22 50 50 50 50 50 6 50 13 4 23 50 14 50 50 50 50 50 50 50 50 12 49 7 50 50 26 50 50 50 50 50 50 50 26 50 18 50 50 50 50 50 21 3 6 50 0 40 50 50 50 27 16 50 43 30 35 30 50 23 33 46 18 9 28 4 50 50 50 50 50 13 50 50 50 38 50 50 50 7 50 50
5 50 50 50 12 50 50 50 48 50 50 50 50 35 34 40 50 43 50 47 50 25 47 27 50 50 50 50 50 3 50 50 50 50 27 50 50 50 44 8 42 50 50 50 2 50 50 50 50 50 21 50 50 33 36 50 39 6 50 50 50 30 20 48 50 50 50 50 50 50 0 50 41 50 50 50 20 40 50 50 50 50 50 50 50 50 50 50 37 0 50 50 40 50 43 37 25 9 50 38 50 50 50 44 50 2 50 50 50 16 50 50 50 50 27 50 4 50 2 50 50 50 50 50 50 31 5 50 50 13 4 50 50 50 50 50 14 50 50 50 37 50 50
50 50 21 23 49 50 13 50 50 50 50 50 50 34 15 50 50 50 20 15 50 26 43 50 43 50 50 50 50 50 50 50 4 50 34 50 47 50 50 1 50 50 50 16 50 50 20 50 50 32 50 50 50 50 50 18 35 19 50 50 50 50 50 50 50 33 23 50 50 50 50 24 16 50 50 50 11 50 50 50 50 50 45 50 14 9 50 4 13 20 50 45 50 50 50 15 32 30 50 45 40 22 50 50 50 50 40 50 50 50 50 12 29 50 50 50 50 50 48 50 31 50 50 50 50 50 50 11 50 24 50 50 46 50 46 50 50 50 50 50 50 50
50 50 50 16 16 50 37 50 50 38 34 20 50 50 50 35 50 50 50 50 40 50 50 6 50 3 50 7 50 50 23 50 36 48 50 21 50 19 50 50 50 50 50 50 50 50 7 40 1 50 50 35 2 23 50 50 50 50 24 50 50 18 50 50 50 50 50 4 50 50 50 50 50 31 50 50 50 22 50 39 50 50 50 50 50 50 25 50 50 50 37 49 50 5 50 50 50 50 21 50 6 18 50 50 29 50 50 49 50 50 50 50 50 50 50 4 38 50 50 50 50 31 50 50 50 50 11 50 50 50 50 50 50 50 50 50 50 13 50 50 50
50 45 50 50 42 50 34 50 50 50 50 50 50 50 50 38 50 21 50 50 50 50 50 50 50 50 50 50 50 50 50 28 50 50 37 50 50 50 12 50 50 8 50 50 50 46 45 50 50 50 50 50 50 50 50 33 50 50 43 50 19 24 25 13 50 50 50 25 50 50 50 50 29 50 30 36 29 22 50 30 37 44 19 50 22 50 50 1 50 50 50 50 50 29 0 45 50 1 50 50 50 50 46 44 39 50 50 50 50 50 50 50 36 50 0 17 40 50 50 30 50 50 50 50 17 50 50 5 50 43 50 50 16 5 50 50 36 50 50 50
12 25 50 50 50 50 50 48 50 18 50 43 50 50 20 7 50 22 11 50 21 50 50 4 29 28 50 50 33 50 32 50 0 25 28 50 8 50 50 50 50 50 50 50 50 50 50 50 50 35 50 50 50 50 50 22 50 50 50 42 28 50 43 5 50 13 50 50 50 50 5 50 50 50 50 50 33 50 13 50 50 50 50 27 8 50 11 50 50 50 50 50 47 46 28 50 8 6 50 50 36 50 50 50 10 50 50 32 50 50 33 50 50 3 50 37 5 50 50 28 44 50 20 50 9 50 50 50 50 26 15 50 50 50 50 50 24 50 50
40 50 50 50 50 50 3 50 41 50 50 50 50 50 50 6 50 50 50 50 50 50 22 26 50 50 50 31 50 50 37 50 4 50 50 50 9 42 40 50 50 50 50 50 50 50 50 21 50 48 50 50 50 50 50 50 50 50 5 50 50 50 50 48 50 46 50 45 9 40 50 17 50 44 50 50 50 50 50 50 37 48 6 50 3 50 26 50 50 50 30 50 50 50 13 50 48 50 6 50 50 50 50 24 50 50 50 50 50 28 50 36 48 27 50 50 50 50 50 50 28 47 50 23 50 18 20 50 50 50 50 50 5 42 50 50 16 50
39 6 31 50 50 50 50 50 34 43 50 50 50 50 50 50 50 50 50 0 50 45 50 50 21 50 50 33 50 50 50 50 21 50 50 13 50 2 50 50 50 18 2 50 50 50 50 50 50 50 50 36 50 50 50 26 43 50 8 50 50 50 50 38 34 24 50 50 50 50 50 50 50 50 50 50 18 50 50 37 50 39 50 50 4 50 43 39 12 11 50 8 50 50 16 38 41 0 50 50 40 43 50 26 50 50 50 50 21 3 23 50 50 5 44 50 50 50 50 50 50 50 50 50 50 47 50 50 50 50 50 50 50 50 50 12 50
47 50 50 3 50 16 50 50 50 37 39 50 50 50 50 50 50 50 8 50 50 50 50 50 17 50 50 39 50 50 48 50 3 50 50 20 28 35 50 50 50 43 44 29 50 50 43 50 50 25 50 50 34 50 50 16 50 0 50 50 50 35 50 21 50 50 50 50 38 2 50 34 50 50 50 50 14 50 41 50 50 50 31 50 50 50 50 50 50 50 50 50 40 50 50 50 50 33 33 50 50 50 50 28 35 50 50 50 50 50 50 50 7 18 50 50 27 50 11 13 50 50 10 50 50 22 50 50 50 50 50 50 50 50 41 50
50 50 50 29 40 50 42 50 50 17 22 0 50 8 50 19 50 50 50 34 50 9 50 31 50 50 12 50 50 50 29 50 40 50 50 50 23 50 50 35 31 50 50 50 27 3 50 50 50 50 49 50 50 50 3 10 50 31 50 50 50 50 50 50 50 50 50 50 8 50 50 13 50 50 41 50 38 50 9 34 39 50 50 22 50 50 50 50 50 21 4 50 50 39 50 10 50 5 50 50 50 24 50 50 50 50 50 10 50 50 50 50 50 50 15 25 48 50 50 50 50 50 25 50 50 29 50 50 50 1 39 50 50 12 50
34 50 45 39 50 32 49 50 50 42 39 50 50 23 50 50 6 50 50 50 50 50 49 50 50 50 50 50 50 50 50 50 14 50 50 42 50 50 40 50 50 50 50 50 9 50 50 22 50 50 29 26 50 50 50 50 50 50 50 43 50 32 50 50 40 11 32 23 9 50 50 50 36 50 25 17 50 50 50 50 50 50 30 50 50 50 33 50 33 50 50 4 50 50 50 50 50 50 4 21 31 50 50 50 50 50 33 27 50 50 30 50 50 50 50 50 48 9 50 50 50 24 50 50 50 50 50 50 50 28 50 50 50 50
50 50 50 50 50 50 49 44 5 10 50 50 50 50 12 12 50 50 50 50 30 50 43 50 50 50 50 50 50 50 37 50 50 17 15 50 50 50 50 50 10 32 10 50 39 50 50 50 50 7 50 50 49 50 9 50 50 50 50 50 50 50 10 44 16 50 50 50 35 27 50 50 50 50 50 50 50 50 50 21 50 6 50 50 47 50 34 3 19 16 50 42 50 50 50 50 50 50 15 50 50 50 50 0 15 50 50 50 50 50 50 50 50 50 50 50 50 50 50 50 50 50 50 50 50 50 50 50 50 50 50 50 50
50 50 50 50 50 50 50 50 50 50 50 50 50 50 50 50 50 50 50 50 50 50 50 50 50 50 50 50 50 50 50 50 50 50 50 50 50 50 50 50 50 50 50 50 50 50 50 50 50 50 50 50 50 50 50 50 50 50 50 50 50 50 50 50 50 50 50 50 50 50 50 50 11 50 50 50 50 50 50 50 50 50 50 50 50 50 50 50 50 50 50 50 50 50 50 50 50 50 50 50 50 50 50 50 50 50 50 50 50 50 50 50 50 50 50 50 50 50 50 50 50 50 50 50 50 50 50 50 50 50 50 50
50 50 50 50 50 50 50 50 50 50 50 50 50 50 50 50 50 50 50 50 50 50 50 50 50 50 50 50 50 50 50 50 50 50 50 50 50 50 50 50 50 50 50 50 50 50 50 50 50 50 50 50 50 50 50 50 50 50 50 50 50 50 50 50 50 50 50 50 50 50 50 50 50 50 50 50 50 50 50 50 50 50 50 50 50 50 50 50 50 50 50 50 50 50 50 50 50 50 50 50 50 50 50 50 50 50 50 50 50 50 50 50 50 50 50 50 50 50 50 50 50 50 50 50 50 50 50 50 50 50 50
50 50 50 18 50 50 50 50 50 50 50 50 50 50 50 50 50 50 50 50 50 50 50 50 50 50 50 50 50 50 50 50 50 50 50 50 50 50 50 50 50 50 50 50 50 50 50 50 50 50 50 50 50 50 50 50 50 50 50 50 50 50 50 50 50 50 50 50 50 50 50 50 50 50 50 50 50 50 50 50 50 50 50 50 50 50 50 50 50 50 50 50 50 50 50 50 50 50 50 50 50 50 50 50 50 50 50 50 50 50 50 50 50 50 50 50 50 50 50 50 50 50 50 50 50 50 50 50 50 50
50 50 50 50 50 50 50 50 50 50 50 50 50 50 50 50 50 50 50 50 50 50 50 50 50 50 50 50 50 50 50 50 50 50 50 50 50 50 50 50 50 50 50 50 50 50 50 50 50 50 50 50 50 50 50 50 50 50 50 50 50 50 50 50 50 50 50 50 50 50 50 50 50 50 50 50 50 50 50 50 50 50 50 50 50 50 50 50 50 50 50 50 50 50 50 50 50 50 50 50 50 50 50 50 50 50 50 50 50 50 50 50 50 50 50 50 50 50 50 50 50 50 50 50 50 50 50 50 50
50 50 50 50 50 50 50 50 50 50 50 50 50 50 50 50 50 50 50 50 50 50 50 50 50 50 50 50 50 50 50 50 50 50 50 50 50 50 50 50 50 50 50 50 50 50 50 50 50 50 50 50 50 50 50 50 50 50 50 50 50 50 50 50 50 50 50 50 50 50 50 50 50 50 50 50 50 50 50 50 50 50 50 50 50 50 50 50 50 50 50 50 50 50 50 50 50 50 50 50 50 50 50 50 50 50 50 50 50 50 50 50 50 50 50 50 50 50 50 50 50 50 50 50 50 50 50 50
50 50 50 50 50 50 50 50 50 50 50 50 50 50 50 50 50 50 50 50 50 50 50 50 50 50 50 50 50 50 50 50 50 50 50 50 50 50 50 50 50 50 50 50 50 50 0 50 50 50 50 50 50 50 50 50 50 50 50 50 50 50 50 50 50 50 50 50 50 50 50 50 50 50 50 50 50 50 50 50 50 50 50 50 50 50 50 50 50 50 50 50 50 50 50 50 50 50 50 50 50 50 50 50 50 50 50 50 50 50 50 50 50 50 50 50 50 50 50 50 50 50 50 50 50 50 50
50 50 50 50 50 50 50 50 50 50 50 50 50 50 50 50 50 50 50 50 50 50 50 50 50 50 50 50 50 50 50 50 50 50 50 50 50 50 50 50 50 50 50 50 50 50 50 50 50 50 50 50 50 50 50 50 50 50 50 50 50 50 50 50 50 50 50 50 50 50 50 50 50 50 50 50 50 50 50 50 50 50 50 50 50 50 50 50 45 50 50 50 50 50 50 50 50 50 50 50 50 50 50 50 50 50 50 50 50 50 50 50 50 13 50 50 50 50 50 50 50 50 50 50 50 50
50 50 50 50 50 50 50 50 50 50 50 50 50 50 50 50 50 50 50 50 50 50 50 50 50 50 50 50 50 50 50 50 50 50 50 50 50 50 50 50 50 50 50 50 50 50 50 50 50 50 50 50 50 50 50 50 50 50 50 50 50 50 50 50 50 50 50 50 50 50 50 50 50 50 50 50 50 50 50 50 50 50 50 50 50 50 50 50 50 50 50 50 50 50 50 50 50 50 50 50 50 50 50 50 50 50 50 50 50 50 50 50 50 50 50 50 50 50 50 50 50 50 33 50 50
50 50 50 50 50 50 50 50 50 50 50 50 50 50 50 50 50 50 50 50 50 50 50 50 50 50 50 50 50 50 50 50 50 50 50 50 50 50 50 50 50 50 50 50 50 50 50 50 50 50 50 50 50 50 50 50 50 50 50 50 50 50 50 50 50 50 50 50 50 50 50 50 50 50 50 50 50 50 50 50 50 50 50 50 50 50 50 50 50 50 50 50 50 50 50 50 50 50 50 50 50 50 50 50 50 50 50 50 50 50 50 50 50 50 50 50 50 50 50 50 50 50 50 50
50 50 50 50 50 50 50 50 50 50 50 50 50 50 50 50 50 50 50 50 50 50 50 50 50 50 50 50 50 50 50 50 50 50 50 50 50 50 50 50 50 50 50 50 50 50 50 50 50 50 50 50 50 50 50 50 50 50 50 50 50 50 50 50 50 50 50 50 50 50 50 50 50 50 50 50 50 50 50 50 50 50 50 50 50 50 50 50 50 50 50 50 50 50 50 50 50 50 50 50 50 50 50 50 50 50 50 50 50 50 50 50 50 50 50 50 50 50 50 50 50 50 50
50 50 50 50 50 50 50 50 50 50 50 50 50 50 50 50 50 50 50 50 50 50 50 50 50 50 50 50 50 50 50 50 50 50 50 50 50 50 50 50 50 50 50 50 50 50 50 50 50 50 50 50 50 50 50 50 50 50 50 50 50 50 50 50 50 50 50 26 50 50 50 50 50 50 50 50 50 50 50 50 50 50 50 50 50 50 50 50 50 50 50 50 50 50 50 50 50 50 50 50 50 50 50 50 50 50 2 50 50 50 50 50 50 50 50 50 50 50 50 50 50 50
50 50 50 50 50 50 50 50 50 50 50 50 50 50 50 50 50 50 50 50 50 50 50 50 50 50 50 50 50 50 50 50 50 50 50 50 50 50 50 50 50 50 50 50 50 50 50 50 50 50 50 50 50 50 50 50 50 50 50 50 50 50 50 50 50 50 50 50 50 50 50 50 50 50 50 50 50 50 50 50 50 50 50 50 50 50 50 50 50 50 50 50 50 50 50 50 50 50 50 50 50 50 50 50 50 50 50 50 50 50 50 50 50 50 50 50 50 50 50 50 50
50 50 50 50 50 50 50 50 50 50 50 50 50 50 50 50 50 50 50 50 50 50 50 50 50 50 50 50 50 50 50 50 50 50 50 50 50 50 50 50 50 50 50 50 50 50 50 50 50 50 50 50 50 50 50 50 50 50 50 50 47 50 50 50 50 50 50 50 50 50 50 50 50 50 50 50 50 50 50 50 50 50 50 50 50 50 50 50 50 50 50 50 50 50 50 50 50 50 50 50 50 50 50 50 50 50 50 50 50 50 50 50 50 50 50 50 50 50 50 50
50 50 50 50 50 50 50 12 50 50 50 50 50 50 50 50 50 50 50 50 50 50 50 50 50 50 50 50 50 50 50 50 11 50 50 50 50 50 50 50 50 50 50 50 50 50 50 50 50 50 50 50 50 50 50 50 50 50 50 50 15 50 50 50 50 50 50 50 50 50 50 50 50 50 50 50 50 50 50 50 50 50 50 50 50 50 50 50 50 50 50 50 50 50 50 50 50 50 50 50 50 50 50 50 50 50 50 50 50 50 50 50 50 50 50 50 50 50 50
50 50 50 50 50 50 50 50 50 50 50 50 50 50 50 50 50 50 50 50 50 50 50 50 50 50 50 50 50 50 50 50 50 50 50 50 50 50 50 50 50 50 50 50 50 50 50 50 50 50 50 50 50 50 50 50 50 36 50 50 50 50 50 50 50 50 50 50 50 50 50 50 50 50 50 50 50 50 50 50 50 50 50 50 50 50 50 50 50 50 50 50 50 50 50 22 50 50 50 50 50 50 50 50 50 50 50 50 50 50 50 50 50 50 50 50 50 50
50 50 50 50 50 50 50 50 50 50 50 50 50 50 50 50 50 50 50 50 50 50 50 50 50 50 50 50 50 50 50 50 50 50 50 50 50 50 50 50 50 50 50 50 50 50 50 50 50 50 25 50 50 50 50 50 50 50 50 50 50 50 50 50 50 50 50 50 50 50 50 50 50 50 50 50 50 50 50 50 50 50 50 50 50 50 50 50 50 50 50 50 50 50 50 50 50 50 50 50 50 50 50 50 50 50 50 50 50 50 50 50 50 50 50 50 50
50 50 50 50 50 50 50 50 50 50 50 50 50 50 50 50 50 50 50 50 50 50 50 50 50 50 50 50 50 50 50 50 50 50 50 50 50 50 50 50 50 50 50 50 50 50 50 50 50 50 50 50 50 50 50 50 50 50 50 50 50 50 50 50 50 50 50 50 50 50 50 50 50 50 50 50 50 50 50 50 50 50 50 50 50 50 50 50 50 50 50 50 50 50 50 37 50 50 50 50 50 50 50 50 50 50 50 50 50 50 50 50 50 50 50 50
50 50 50 50 50 50 50 50 50 50 50 50 50 50 50 50 50 50 50 50 50 50 50 50 50 50 50 50 50 50 50 50 50 50 50 50 50 50 50 50 50 50 50 50 50 50 50 50 50 50 50 50 50 50 50 50 50 50 46 50 50 50 50 50 50 50 50 50 50 50 50 50 50 50 50 50 50 50 50 50 50 50 50 50 50 50 50 50 50 50 50 50 50 50 50 50 50 50 50 50 50 50 50 50 50 50 50 50 50 50 50 50 50 50 50
50 50 50 50 50 50 50 50 50 50 50 50 50 50 50 50 50 50 50 50 50 50 50 50 50 50 50 50 50 50 50 50 50 50 50 50 50 50 50 50 50 50 50 50 50 50 50 50 50 50 50 50 50 50 50 50 50 50 50 50 50 50 50 50 50 50 50 50 50 50 50 50 50 50 50 50 50 50 50 50 50 50 50 50 50 50 50 50 50 50 50 50 50 50 50 50 50 50 50 50 16 50 50 50 50 50 50 50 50 50 50 50 50 50
50 50 50 50 50 50 50 50 50 50 50 50 50 50 50 50 50 50 50 50 50 50 50 50 50 50 50 50 50 50 50 50 50 50 50 50 50 50 50 50 50 10 50 50 50 50 50 50 50 50 50 50 50 50 50 50 50 50 50 50 50 50 50 50 50 50 50 50 50 50 50 50 50 50 50 50 50 50 50 50 50 50 50 50 50 50 50 50 50 50 50 50 50 50 50 50 50 50 50 50 50 50 50 50 50 50 50 50 50 50 50 50 50
50 50 50 50 50 50 50 50 50 50 50 50 50 50 50 50 50 50 50 50 50 50 50 50 50 50 50 50 50 50 50 50 50 50 50 50 50 50 50 50 50 50 50 50 50 50 50 50 50 50 50 50 50 50 50 50 50 50 50 50 50 50 50 50 50 50 14 50 50 50 50 50 50 50 50 50 50 50 50 50 50 50 50 50 50 50 50 50 50 50 50 50 50 50 50 50 50 50 50 50 50 50 50 50 50 50 50 50 50 50 50 50
50 50 50 50 13 50 50 50 50 50 50 50 50 50 50 50 50 50 50 50 50 50 50 50 50 50 50 50 50 50 50 50 50 50 50 50 50 50 50 50 50 50 50 50 50 50 50 50 50 50 50 50 50 50 50 50 50 50 50 50 50 50 50 50 50 50 50 50 50 50 50 50 50 50 50 50 50 50 50 50 50 50 50 50 50 11 50 50 50 50 50 50 50 50 50 50 50 50 50 50 50 50 50 50 50 50 50 50 50 50 50
50 50 50 50 50 50 50 50 50 50 50 50 50 50 50 50 50 50 50 50 50 50 50 50 50 50 50 50 50 50 50 50 50 50 50 50 50 50 50 50 50 50 50 50 50 50 50 50 50 50 50 50 50 50 50 50 50 50 50 50 50 50 50 50 50 50 50 50 50 50 50 50 50 50 50 50 50 50 50 50 50 50 50 50 50 50 50 50 50 50 50 50 50 50 50 50 50 50 50 50 50 50 50 50 50 50 50 50 50 50
50 50 50 50 50 50 50 50 50 50 50 50 50 50 50 50 50 50 50 50 50 50 50 50 50 50 50 50 50 50 50 50 50 50 50 50 50 50 50 50 50 50 50 50 50 50 50 50 50 50 50 50 50 50 50 50 50 50 50 50 50 50 50 50 50 50 50 50 50 50 50 50 50 50 50 50 50 50 50 50 50 50 50 50 50 21 50 50 50 50 50 50 50 50 50 50 50 50 50 50 50 50 50 50 50 50 50 50 50
50 50 50 50 50 50 50 50 50 50 50 50 50 50 50 50 50 50 50 50 50 50 50 50 50 50 50 50 50 50 12 50 50 50 50 50 50 50 50 50 50 50 50 50 50 50 50 50 50 50 50 50 50 50 50 50 50 50 50 50 50 50 50 50 50 50 50 50 50 50 50 50 50 50 50 50 50 50 50 50 50 50 50 50 50 50 50 50 50 50 32 50 50 50 50 50 50 50 50 50 50 50 50 50 50 50 50 50
50 50 50 50 50 50 50 50 50 50 50 50 50 50 50 50 50 50 50 50 50 50 50 50 50 50 50 50 50 50 50 28 50 50 50 50 50 50 50 50 50 50 50 50 50 50 50 50 50 50 50 50 50 50 50 50 50 50 50 50 50 50 50 50 50 50 50 50 50 50 50 50 50 50 50 50 50 50 50 50 50 50 50 50 50 50 50 50 50 50 50 50 50 50 50 50 50 50 50 50 50 50 50 50 50 50 50
50 50 50 50 50 50 50 50 50 50 50 50 50 50 50 50 50 50 50 50 50 50 50 50 50 50 50 50 50 50 50 50 50 50 50 50 50 50 50 50 50 50 50 50 50 50 50 50 50 50 50 50 50 50 50 50 50 50 50 50 50 50 50 50 50 50 50 50 50 50 50 50 50 50 50 50 50 50 50 50 50 50 50 50 50 50 50 50 50 50 50 50 50 50 50 50 50 50 50 50 50 50 50 50 50 50
50 50 50 50 50 50 50 50 50 50 50 50 50 50 50 50 50 50 50 50 50 50 50 50 50 50 50 50 50 50 50 50 50 50 50 50 50 50 50 50 50 50 50 50 50 50 50 50 50 50 50 50 50 50 50 50 50 50 50 50 50 50 50 50 50 50 50 50 50 50 50 50 50 50 50 50 50 50 50 50 50 50 50 50 50 50 50 50 50 50 50 50 50 50 50 50 50 50 50 50 50 50 50 50 50
50 50 50 50 50 50 50 50 50 50 50 50 50 50 50 50 50 50 50 50 50 50 50 50 50 50 50 50 50 50 50 50 50 50 50 50 50 50 50 50 50 50 50 50 50 50 50 50 50 50 50 50 50 50 50 50 50 50 50 50 50 50 50 50 50 50 50 50 50 50 50 50 50 50 50 50 50 50 50 50 50 50 50 50 50 50 50 50 50 50 50 50 50 50 50 50 50 50 50 50 50 50 50 50
50 50 50 50 50 50 50 50 50 50 50 50 50 50 50 50 50 50 50 50 50 25 50 50 50 50 50 50 50 50 50 50 50 50 50 50 50 50 50 50 50 50 50 50 35 50 50 50 50 50 50 50 50 50 50 50 50 50 50 50 50 50 50 50 50 50 50 50 50 50 50 50 50 50 50 50 50 50 50 50 50 50 50 50 50 50 50 50 50 50 50 50 50 50 50 50 50 50 50 50 50 50 50
50 50 50 50 50 50 50 50 50 50 50 50 50 50 50 50 50 50 50 50 50 50 50 50 50 50 50 50 50 50 50 50 50 50 50 50 50 50 50 50 50 50 50 50 50 50 50 50 50 50 50 50 50 50 50 50 50 50 50 50 50 50 50 50 50 50 50 50 50 50 50 50 50 50 50 50 50 50 50 50 50 50 50 50 50 50 50 50 50 50 50 50 50 50 50 50 50 50 50 50 50 50
50 50 50 50 50 50 50 50 50 50 50 50 50 50 50 50 50 50 50 50 50 50 50 50 50 50 50 50 50 50 50 50 50 50 50 50 50 50 50 50 50 50 50 50 50 50 50 50 50 50 50 50 50 50 50 50 50 50 50 50 50 50 50 50 50 50 50 50 50 50 50 50 50 50 50 50 50 50 50 50 50 50 50 50 50 50 50 50 50 50 50 50 50 50 50 50 50 50 50 50 50
50 50 50 50 50 50 50 50 50 18 50 50 50 50 50 50 50 50 50 33 50 50 50 50 50 50 50 50 50 50 50 50 50 50 50 50 50 50 50 50 50 50 50 50 50 50 50 50 50 50 50 50 50 50 50 50 50 50 50 50 50 50 50 50 50 50 50 50 50 50 50 50 50 50 50 50 50 50 50 50 50 50 50 50 50 50 50 50 50 50 50 50 50 50 50 50 50 50 50 50
39 50 50 50 50 50 50 50 50 50 50 50 50 50 50 50 50 50 50 50 50 50 50 50 50 50 50 50 50 50 50 50 50 50 50 50 50 50 50 50 50 50 50 50 50 50 50 50 50 50 50 50 50 50 50 50 50 50 50 50 50 50 50 50 50 50 50 50 50 50 50 50 50 50 50 50 50 50 50 50 50 50 50 50 50 50 50 50 50 50 50 50 50 50 50 50 50 50 50
50 50 50 50 50 50 50 50 50 50 50 50 50 50 50 50 50 50 50 50 50 50 50 50 0 50 50 50 50 50 50 50 50 50 50 50 50 50 50 50 50 12 50 50 50 50 50 50 50 50 50 50 50 50 50 50 50 50 50 50 50 50 50 50 50 50 50 50 50 50 50 50 50 50 50 50 50 50 50 50 50 50 50 50 50 50 50 50 50 50 50 50 50 50 50 50 50 50
50 50 50 50 50 50 50 50 50 50 50 50 50 50 50 50 50 50 50 50 50 50 50 50 50 50 50 50 50 50 50 50 50 50 50 50 50 50 50 50 50 50 50 50 50 50 50 50 50 50 50 50 50 50 49 50 50 50 50 50 50 50 50 50 50 50 50 50 50 50 50 50 50 50 50 50 50 50 50 50 50 50 50 50 50 50 50 50 50 50 50 50 50 50 50 50 50
50 50 50 50 50 50 50 50 50 50 50 50 50 50 50 50 50 50 50 50 50 50 50 50 50 50 50 50 50 50 50 50 50 50 50 50 50 50 50 50 50 50 50 50 50 50 50 50 50 50 50 50 50 50 50 50 50 50 50 50 50 50 50 50 50 50 50 50 50 50 50 50 50 50 50 50 50 50 50 50 50 50 50 50 50 50 50 50 50 50 50 50 50 50 50 50
50 50 50 50 50 50 50 50 50 50 50 50 50 50 50 50 50 50 50 23 50 50 50 50 50 50 50 50 50 50 50 50 50 50 50 50 50 50 50 50 50 50 50 50 50 50 50 50 50 50 50 50 50 50 50 50 50 50 50 50 50 50 50 50 50 50 50 50 50 50 50 50 50 50 50 50 50 50 50 50 50 50 50 50 50 50 50 50 50 50 50 50 50 50 50
50 50 50 50 50 50 50 50 50 50 50 50 50 50 50 50 50 50 50 50 50 50 50 50 50 50 50 50 50 50 50 50 50 50 50 50 50 50 50 50 50 50 50 50 50 50 50 50 50 50 45 50 50 50 50 50 50 50 50 50 50 50 50 50 50 50 50 50 50 50 50 50 50 50 50 50 50 50 50 50 50 50 50 50 50 50 50 50 50 50 50 50 50 50
50 50 50 50 50 50 50 50 50 50 50 50 50 50 50 50 50 50 50 50 50 50 50 50 50 50 50 50 50 38 50 50 50 50 50 50 50 50 50 50 50 50 50 50 50 50 50 50 50 50 50 50 50 50 50 50 50 50 50 50 50 50 50 50 50 50 50 50 50 50 50 50 50 50 50 50 50 50 50 7 50 50 50 50 50 50 50 50 50 50 50 50 50
50 50 50 50 50 50 50 50 50 50 50 50 50 50 50 50 50 50 50 50 50 50 50 50 50 50 50 50 50 50 50 50 50 50 50 50 50 50 50 50 50 50 50 50 50 50 50 50 50 50 50 50 50 50 50 50 50 50 50 50 50 50 50 50 50 50 50 50 50 50 50 50 50 50 50 50 50 50 50 50 50 50 50 50 50 50 50 50 50 50 50 50
50 50 50 50 50 50 50 50 50 50 50 50 50 50 50 50 50 50 50 50 50 50 50 50 50 50 50 50 50 50 50 50 50 50 50 50 50 50 50 50 50 50 50 50 50 50 50 50 30 50 50 50 50 50 50 50 50 50 50 50 50 50 50 50 50 50 50 50 50 50 50 50 50 50 50 50 50 50 50 50 50 50 50 50 50 50 50 50 50 50 50
50 50 50 50 50 50 50 50 50 50 50 50 50 50 50 50 50 50 50 50 50 50 50 50 50 50 50 50 50 50 50 50 50 50 50 50 50 50 50 50 50 50 50 50 50 50 50 50 50 50 50 50 50 50 50 50 50 50 50 50 50 50 50 50 50 50 22 50 50 50 50 50 50 50 50 50 50 50 50 50 50 50 50 50 50 50 50 50 50 50
50 50 50 50 50 50 50 50 50 50 50 50 50 50 50 50 50 50 50 50 50 50 50 50 50 50 50 50 50 50 50 50 50 50 50 50 50 50 50 50 50 50 50 50 50 50 50 50 50 50 50 50 50 50 50 50 50 50 50 50 50 50 50 50 50 50 50 50 50 50 50 50 50 50 50 50 50 50 50 50 50 50 50 50 50 50 50 8 50
50 50 50 50 50 50 50 50 50 50 50 50 50 50 9 50 50 50 50 50 50 50 50 50 50 50 50 50 50 50 50 50 50 50 50 50 50 50 50 50 50 50 50 50 50 50 50 50 50 50 50 50 50 50 50 50 50 50 50 50 50 50 50 50 50 50 50 50 50 50 50 50 50 50 50 50 50 50 50 50 50 50 50 50 50 50 50 50
50 50 50 50 50 50 50 50 50 50 50 50 50 50 50 50 50 50 50 50 50 50 50 50 50 50 50 50 50 50 50 50 50 50 50 50 50 50 50 50 50 50 50 50 50 50 50 50 50 50 50 50 50 50 50 50 50 50 50 50 50 50 50 50 50 50 50 50 50 50 50 50 50 50 50 50 50 50 50 50 50 50 50 50 50 50 50
50 50 50 50 50 50 50 50 50 50 50 50 50 50 50 50 50 50 50 50 50 50 50 50 50 50 50 50 50 50 50 50 50 50 50 50 50 50 50 50 50 50 50 50 50 50 50 50 50 50 50 50 50 50 50 40 50 50 50 50 50 50 50 50 50 50 50 50 50 50 50 50 50 50 50 50 50 50 50 50 50 50 50 50 50 50
50 50 50 50 50 50 50 50 50 50 50 50 50 50 50 50 50 50 50 50 50 50 50 50 50 50 50 50 50 50 50 50 50 50 50 50 50 50 50 50 50 50 50 50 50 50 50 50 50 50 50 50 50 50 50 50 50 50 50 50 50 50 50 50 50 50 50 50 50 50 50 50 50 50 50 50 50 50 50 50 50 37 50 50 50
50 50 50 50 50 50 50 50 50 50 50 50 50 50 50 50 50 50 50 50 50 50 50 50 50 50 50 50 50 50 50 50 50 50 50 50 50 50 50 50 50 50 50 50 50 50 50 50 50 50 50 50 50 50 50 50 50 50 50 50 50 50 50 50 50 50 50 50 50 50 50 50 50 50 50 45 50 50 50 50 50 50 50 50
50 50 50 50 50 50 50 50 50 50 50 50 50 50 50 50 50 50 50 50 50 50 50 50 50 50 50 50 50 50 50 50 50 37 50 50 50 50 50 50 50 50 50 50 50 50 50 50 50 50 50 50 50 50 50 50 50 50 50 50 50 50 50 50 50 50 50 50 50 50 50 50 50 50 50 50 50 50 50 50 50 50 50
50 50 50 50 50 50 50 50 50 50 50 50 50 50 50 50 50 5 50 50 50 50 50 50 50 50 50 50 50 50 38 50 50 50 50 50 50 50 50 50 50 50 50 50 50 50 50 50 50 50 50 50 50 50 50 50 50 50 50 50 50 50 50 50 50 50 50 50 50 50 50 50 50 50 50 50 50 50 50 50 50 50
50 50 50 50 50 50 50 50 50 50 50 50 50 50 50 50 50 50 50 50 50 50 50 50 50 50 50 50 50 50 50 50 50 50 50 50 50 50 50 50 50 50 50 50 50 50 50 50 50 50 50 50 50 50 50 50 50 50 50 50 50 50 50 50 50 50 50 50 50 50 50 50 50 50 50 50 50 50 50 50 50
50 50 50 50 50 50 50 50 50 50 50 50 50 50 50 50 50 50 50 50 50 50 50 50 50 50 50 50 50 50 50 50 50 50 50 50 50 50 50 50 50 50 50 50 50 50 50 50 50 50 50 50 50 50 50 50 50 50 50 50 50 50 50 50 50 50 50 50 50 50 50 50 50 50 50 50 50 50 50 50
50 50 50 50 50 50 50 50 50 50 50 50 50 50 50 50 50 50 50 50 50 50 50 50 50 50 50 50 50 50 50 50 50 50 50 50 50 50 50 50 50 50 50 50 50 50 50 50 50 50 50 50 50 50 50 50 50 50 50 50 50 50 50 50 50 50 50 50 50 50 50 50 50 50 50 50 50 50 50
50 50 50 50 50 50 50 50 50 50 50 50 50 50 50 50 50 50 50 50 50 50 50 50 50 50 50 50 50 50 50 50 50 50 50 50 50 50 50 50 50 50 50 50 50 50 50 50 50 50 50 50 50 50 50 50 50 50 50 50 50 50 50 50 50 50 50 50 50 50 50 50 50 50 50 50 50 50
50 50 50 50 50 50 50 50 50 50 50 50 50 50 50 50 50 50 50 50 50 50 50 50 50 50 50 50 50 50 8 50 50 50 50 50 50 50 50 50 50 50 50 50 50 50 50 50 50 50 50 50 50 50 50 50 50 50 50 50 50 50 50 50 50 50 50 50 50 50 50 50 50 50 50 50 50
50 50 50 50 50 50 50 50 50 50 50 50 50 50 50 50 50 50 50 50 50 50 50 50 50 50 50 50 50 50 50 50 50 50 50 50 50 50 50 50 50 50 50 0 50 50 50 50 50 50 50 50 50 50 50 50 50 50 50 50 50 50 50 50 50 50 50 50 50 50 50 50 50 50 50 50
50 50 50 50 50 50 50 50 50 50 50 50 50 50 50 50 50 50 50 50 50 50 50 50 50 50 50 50 50 50 50 50 50 50 50 50 50 50 50 50 50 50 50 50 50 50 50 50 50 50 50 50 50 50 50 50 50 50 50 50 50 50 50 50 50 50 50 50 50 50 50 50 50 50 50
50 50 50 50 50 50 50 50 50 50 50 50 50 50 50 50 50 50 50 50 50 50 50 50 50 50 50 50 50 50 50 50 50 50 50 50 50 50 50 50 50 50 50 50 50 50 50 50 50 50 50 50 50 50 50 50 50 50 50 50 50 50 50 50 50 50 50 50 50 50 50 50 50 50
50 50 50 50 50 50 50 50 50 50 50 50 50 50 50 50 50 50 50 50 50 50 50 50 50 50 50 50 50 50 50 50 50 50 50 50 50 50 50 50 50 50 50 50 50 50 50 50 50 50 50 50 50 50 50 50 50 50 50 50 50 50 50 50 50 50 50 50 50 50 50 50 50
50 50 50 50 50 50 50 50 50 50 50 50 50 50 50 50 50 50 50 50 50 50 50 50 50 50 50 50 50 50 50 50 50 50 50 50 50 50 50 50 50 50 50 50 50 50 50 50 50 50 50 50 50 50 50 50 50 50 50 50 50 50 50 50 50 10 50 50 50 50 50 50
50 50 50 50 50 50 50 50 50 50 50 50 50 50 50 50 50 50 50 50 50 50 50 50 50 50 50 50 50 50 50 50 50 50 50 50 50 50 36 50 50 50 50 50 50 50 50 50 50 50 50 50 50 50 50 50 50 50 50 50 50 50 50 50 50 50 50 50 50 50 50
50 50 50 50 50 50 50 50 50 50 50 50 50 50 50 50 50 50 50 50 50 50 50 50 50 50 50 50 50 50 50 50 50 50 50 50 50 50 22 50 50 50 50 50 50 50 50 50 50 50 50 50 50 50 50 50 50 50 50 50 50 50 50 50 50 50 50 50 50 50
50 50 50 50 50 50 50 50 50 50 50 50 50 50 50 50 50 50 50 50 50 50 50 50 50 50 50 50 50 50 50 50 50 50 50 50 50 50 50 50 50 50 50 50 50 50 50 50 50 50 50 50 50 50 50 50 50 50 50 50 50 50 50 50 50 50 50 50 50
50 50 50 50 50 50 50 50 50 50 50 50 50 50 50 50 50 50 50 50 50 50 50 50 50 50 50 50 50 50 50 50 50 50 50 50 50 50 50 50 50 50 50 50 50 50 50 50 50 50 50 50 50 50 50 50 50 50 50 50 50 50 50 50 50 50 50 50
50 50 50 50 50 50 14 50 50 50 50 50 50 50 50 50 50 50 50 50 50 50 50 50 50 50 50 50 50 50 50 50 50 50 50 50 50 50 50 50 50 50 50 50 50 50 50 50 50 50 50 50 50 50 50 50 50 50 50 50 50 50 50 50 50 50 50
50 50 50 50 50 50 50 50 50 50 50 50 50 50 50 50 50 50 50 50 50 50 50 50 50 50 50 50 50 50 50 50 50 50 50 50 50 50 50 50 50 50 50 50 50 50 50 50 50 50 50 50 50 50 50 50 50 50 50 50 50 50 50 50 50 50
21 50 50 50 50 50 50 50 50 50 50 50 50 50 50 50 50 50 50 50 50 50 50 50 50 50 50 50 50 50 50 50 50 50 50 50 50 50 50 50 50 50 50 50 50 50 50 50 50 50 50 50 50 50 50 50 50 50 50 50 50 50 50 50 50
50 50 50 50 50 50 50 50 50 50 50 50 50 50 50 50 50 50 50 50 50 50 50 50 50 50 50 50 50 50 50 50 50 50 50 50 50 50 50 50 50 50 50 50 50 50 50 50 50 50 50 50 50 50 50 50 50 50 50 50 50 50 50 50
50 50 50 50 50 50 50 50 50 50 50 50 50 50 50 50 50 50 50 50 50 28 50 50 50 50 50 50 50 50 50 50 50 50 50 50 50 50 50 50 50 50 50 50 50 50 50 4 50 50 50 50 50 50 50 50 50 50 50 50 50 50 50
50 50 50 50 5 50 50 50 50 50 50 50 50 50 50 50 50 50 50 50 50 50 50 50 50 50 50 50 50 50 50 50 50 50 50 50 50 50 50 50 50 50 50 50 50 50 50 50 50 50 50 50 50 50 50 50 50 50 50 50 50 50
50 50 50 50 50 50 50 50 50 50 50 50 22 50 50 50 50 50 50 50 50 50 50 50 50 50 50 50 50 50 50 50 50 50 50 50 50 50 50 50 22 50 50 50 50 50 50 50 50 50 50 50 50 50 50 50 50 50 50 50 50
50 50 50 50 50 50 50 50 50 50 50 50 50 50 50 50 50 50 50 50 50 50 50 50 50 50 50 50 50 50 50 50 50 50 50 50 50 50 50 50 50 50 50 50 50 50 50 50 50 50 50 50 50 50 50 50 50 50 50 50
17 50 50 50 50 50 50 50 50 50 50 50 50 50 50 50 50 50 50 50 50 50 50 50 50 50 50 50 50 50 50 50 50 50 50 50 37 50 50 50 50 50 50 50 50 50 50 50 50 50 50 50 50 50 50 50 50 50 50
50 50 50 50 50 50 50 50 50 50 50 50 50 50 50 50 50 50 50 50 50 50 50 50 50 50 50 50 50 50 50 50 50 50 50 50 50 50 50 50 50 50 50 50 50 50 50 50 50 50 50 50 50 50 50 50 50 50
50 50 50 50 50 50 50 50 50 50 50 50 50 50 50 50 50 50 50 50 50 50 50 50 50 50 50 50 50 32 50 50 50 50 50 50 50 50 50 50 50 50 39 50 50 50 50 50 50 50 50 50 50 50 50 50 50
50 50 50 50 36 50 50 50 50 50 50 50 50 50 50 50 50 50 50 50 50 50 50 50 50 50 50 50 50 50 50 50 50 50 50 50 50 50 50 50 50 50 50 50 50 50 50 50 50 50 50 50 50 50 50 50
50 50 50 50 50 50 50 50 50 50 50 50 50 50 50 50 50 50 50 50 50 50 50 50 50 50 50 50 50 50 50 50 50 50 50 50 50 50 50 50 50 50 50 50 50 50 50 50 50 50 50 50 50 50 50
50 50 50 50 50 50 50 50 50 50 50 50 50 50 50 50 50 50 50 50 50 50 50 50 50 50 50 50 50 50 50 50 50 50 50 50 50 50 50 50 50 50 50 50 4 50 50 50 50 50 50 50 50 50
50 50 50 50 50 50 50 50 50 50 50 50 50 50 50 50 50 50 50 50 50 50 50 50 50 50 50 50 50 50 50 50 50 50 50 50 50 50 50 50 50 50 50 50 50 50 50 50 50 50 50 50 50
50 50 50 50 50 50 50 50 50 50 50 50 50 50 50 50 50 50 50 50 50 50 50 50 50 50 50 50 50 50 50 50 50 50 50 50 50 50 50 50 50 50 50 50 50 50 50 50 50 50 50 50
50 50 50 50 50 50 50 50 50 50 50 50 50 50 50 50 50 50 50 50 50 50 50 50 50 50 50 50 50 50 50 50 50 50 50 50 50 50 50 50 50 50 50 50 50 50 50 50 50 50 50
50 50 50 50 50 50 50 50 50 50 50 50 50 50 50 50 50 50 50 50 50 50 50 50 50 50 50 50 50 47 50 50 50 50 50 50 50 50 50 50 50 50 50 50 50 50 50 50 50 50
50 50 50 50 50 50 50 50 50 50 50 50 50 8 50 50 50 50 50 50 50 50 50 50 50 50 50 50 50 50 50 50 50 50 50 50 50 50 50 50 50 50 50 50 50 50 50 50 50
50 50 50 50 50 50 50 50 50 50 50 50 50 50 50 50 50 50 50 50 50 50 50 50 50 50 50 50 50 50 50 50 50 50 50 50 50 50 50 50 50 50 50 50 50 50 50 50
50 50 50 50 50 50 50 50 50 50 50 50 50 50 50 50 50 50 50 50 50 50 50 50 50 50 50 50 50 50 50 50 50 50 50 50 50 50 50 50 50 50 50 50 50 50 50
50 50 50 50 50 50 50 50 50 50 50 50 50 50 50 50 50 50 50 50 50 50 50 50 50 50 50 50 50 50 50 50 50 50 50 50 50 50 50 50 50 50 50 50 50 50
50 50 50 50 50 50 50 50 50 50 50 50 50 50 50 50 50 50 50 50 50 50 50 50 50 50 50 50 50 50 50 50 50 50 50 50 50 50 50 50 50 50 50 50 50
50 50 50 50 50 50 50 50 50 50 50 50 50 50 50 50 50 50 50 19 50 50 50 50 50 50 50 50 50 50 50 50 50 50 50 50 50 50 50 50 50 50 50 50
50 50 50 50 50 50 50 50 50 50 50 50 50 50 38 50 50 50 50 50 50 50 50 50 50 50 50 50 50 50 50 50 50 50 50 50 50 50 50 50 50 50 50
50 50 50 50 50 50 50 50 50 50 50 50 50 50 50 50 50 50 50 50 50 50 50 50 50 50 50 50 50 50 50 50 50 50 50 50 50 50 50 50 50 50
50 50 50 50 50 50 50 50 50 50 50 50 50 50 50 50 50 50 50 50 50 50 50 50 50 50 50 50 50 50 50 50 50 50 50 50 50 50 50 50 50
50 50 50 50 50 50 50 50 50 50 50 50 50 50 50 50 50 50 50 50 50 50 50 50 50 50 50 50 50 50 50 50 50 50 50 50 50 50 50 50
50 50 50 50 50 50 50 50 50 50 50 50 34 50 50 50 50 50 50 50 50 50 50 50 50 50 50 50 50 50 50 50 50 50 50 50 50 50 50
50 50 50 4 50 50 50 50 50 50 50 50 50 50 50 50 50 50 50 50 50 50 50 50 50 50 50 50 50 50 50 50 50 50 50 50 50 50
50 50 50 50 50 50 50 50 50 50 50 50 50 50 50 50 50 50 50 50 50 50 50 50 50 50 50 50 50 50 50 50 50 50 50 50 50
50 50 50 50 50 50 50 50 50 50 50 50 50 50 50 50 50 50 50 50 50 50 50 50 50 50 50 50 50 50 50 50 50 50 50 50
50 50 50 2 50 50 50 50 50 50 50 50 50 50 50 50 50 50 50 50 50 50 50 50 50 50 50 50 50 50 50 50 50 50 50
50 50 50 50 50 50 50 50 50 50 50 50 50 50 50 50 50 50 50 50 50 50 50 50 50 6 50 50 50 50 50 50 50 50
50 50 50 50 50 50 50 50 50 50 50 50 50 50 50 50 50 50 50 50 50 50 50 50 50 50 50 50 50 50 50 50 50
50 50 50 50 50 50 50 50 50 50 50 50 50 50 50 50 50 50 50 50 50 50 50 50 50 50 50 50 50 50 50 50
50 50 50 50 50 50 50 50 50 50 50 50 50 50 50 50 50 50 50 50 50 50 50 50 50 50 50 50 50 50 50
50 50 50 50 50 50 50 50 50 50 50 50 50 50 3 50 50 50 50 50 50 50 50 50 50 50 50 50 50 50
50 50 50 50 50 50 50 50 50 50 50 50 50 50 50 50 50 50 50 50 50 50 50 50 50 50 50 50 50
50 50 50 50 50 50 50 50 50 50 50 50 50 50 50 50 50 0 50 50 50 50 50 24 50 50 50 50
50 50 50 50 50 50 50 50 50 50 50 50 50 50 50 50 50 50 50 50 50 50 50 50 50 50 50
50 50 50 50 50 50 50 50 50 50 50 50 50 50 50 50 50 50 50 50 50 50 50 50 50 50
50 50 50 31 50 50 50 50 50 50 50 50 50 50 50 50 50 50 50 50 50 50 50 50 50
50 50 50 50 50 50 50 50 50 50 50 50 50 50 50 50 50 50 50 50 50 50 50 50
50 50 50 50 50 50 50 50 50 50 50 50 50 50 50 50 50 50 50 50 50 50 50
50 50 50 50 50 50 50 50 50 50 50 50 50 50 50 50 50 50 50 50 50 50
50 50 50 50 50 50 50 50 50 50 50 50 50 50 50 50 50 50 50 50 50
50 50 50 50 50 50 50 50 50 50 50 50 50 50 50 50 50 50 50 50
50 50 50 50 50 50 50 50 50 50 50 50 50 50 50 50 50 50 50
50 50 50 50 30 50 50 50 50 50 50 50 50 50 50 50 50 50
50 50 50 50 50 50 50 50 50 50 50 50 50 50 50 50 50
50 50 50 50 50 50 50 50 50 50 50 50 50 50 50 50
50 50 50 50 50 50 50 50 50 50 50 50 50 50 50
50 50 50 50 50 50 50 50 50 50 50 50 50 50
50 50 50 50 50 50 50 50 50 50 50 50 50
50 50 50 50 50 50 50 50 50 50 50 50
50 50 50 50 50 50 50 50 50 50 50
50 50 50 50 50 50 50 50 39 50
50 50 50 50 50 50 50 50 50
50 50 50 50 50 50 50 50
50 50 50 50 50 50 50
28 50 50 50 50 50
50 50 50 50 50
50 50 50 50
50 50 50
50 50
50
