100 50
22 50 43 3 1 50 23 50 42 31 10 16 50 50 11 50 50 50 50 50 49 21 6 50 9 0 11 21 50 35 50 45 50 33 50 16 35 40 30 10 50 50 34 50 28 50 50 28 17 50 50 50 26 5 50 15 10 9 50 34 50 4 40 48 50 46 50 50 50 33 6 50 50 50 50 16 50 50 19 50 40 50 16 35 31 50 13 50 50 50 40 50 50 20 50 6 50 45 50 50
5 47 50 50 1 4 21 49 12 32 50 28 50 50 50 26 36 8 50 46 50 20 3 50 24 50 7 50 16 39 50 50 50 50 37 50 24 6 50 50 48 50 31 50 50 22 13 13 50 50 50 36 44 32 50 1 50 35 8 50 50 21 50 45 50 50 50 40 50 5 19 6 50 24 23 20 29 50 50 50 50 20 50 50 29 50 50 16 50 50 25 50 50 50 50 50 36 50 50
12 50 37 16 50 50 40 17 48 23 29 21 4 50 39 50 41 3 50 4 41 50 13 10 50 50 50 46 50 50 50 24 19 50 50 12 50 50 21 39 50 50 50 32 38 50 20 45 50 49 50 50 30 50 50 23 50 50 50 33 12 50 50 50 14 22 50 50 40 49 50 50 50 50 50 50 50 50 50 2 50 12 43 50 50 12 50 39 29 50 3 4 35 50 37 50 50 50
50 50 49 31 50 0 6 50 50 50 50 43 50 36 50 50 50 20 32 12 50 50 31 21 50 50 20 0 35 50 50 50 50 2 50 31 50 50 50 50 6 50 50 50 50 50 38 50 50 50 50 7 50 47 50 49 10 50 32 50 50 50 23 50 12 39 50 23 8 46 3 50 24 50 26 35 50 50 16 50 50 12 50 36 10 18 50 50 42 12 50 34 23 1 48 50 50
3 0 29 0 50 44 29 50 14 50 10 39 50 50 50 50 6 27 50 50 38 24 1 50 41 38 50 44 18 36 50 50 50 14 4 50 10 50 0 50 50 40 21 0 50 50 15 8 50 42 50 50 44 50 1 21 50 19 50 44 27 40 20 47 50 50 44 46 50 50 42 50 23 50 50 26 6 50 50 27 12 30 50 28 50 50 50 50 50 50 33 50 50 50 50 50
38 50 50 21 50 50 22 50 50 50 50 50 10 50 50 2 4 2 50 1 50 48 50 0 27 13 40 46 50 3 44 19 43 5 50 50 50 50 27 50 4 4 50 50 17 50 31 12 23 9 46 50 3 48 50 40 50 28 15 50 50 50 7 50 50 5 50 50 41 50 30 41 2 50 50 23 45 50 2 50 50 22 50 33 50 50 31 42 50 24 50 17 32 25 50
50 50 50 50 50 15 50 48 50 19 50 20 16 50 41 50 31 50 50 9 50 50 40 50 16 50 44 50 1 41 50 24 50 50 0 30 50 28 50 17 8 10 50 50 50 27 35 50 50 50 19 50 8 35 50 42 43 50 15 33 50 4 40 50 13 50 46 10 1 10 29 18 50 50 23 50 18 50 50 50 50 50 50 33 50 50 50 50 26 50 50 50 13 50
50 48 50 50 35 2 50 12 23 38 50 11 50 50 2 50 50 16 12 25 6 40 23 36 23 50 50 8 27 20 17 50 36 50 34 50 36 32 50 6 50 50 50 41 50 50 50 50 50 50 50 8 34 50 20 7 1 15 35 50 50 50 50 50 27 25 37 7 18 50 34 50 50 50 4 11 36 50 50 46 13 50 13 50 50 24 50 33 50 50 50 19 50
50 41 31 36 50 30 50 42 48 16 24 50 17 49 43 50 46 10 23 7 50 5 50 50 27 17 1 6 50 50 50 50 50 9 50 50 9 50 50 50 50 15 50 3 50 6 31 43 4 50 50 8 50 24 50 50 50 50 18 50 40 4 16 50 5 43 48 19 38 33 45 50 34 50 28 50 50 33 50 50 24 43 19 50 3 50 8 50 50 50 50 50
50 7 38 50 50 36 50 50 50 34 5 21 50 22 50 50 50 2 40 28 39 31 50 30 45 45 50 15 50 18 43 19 39 50 50 12 13 15 22 0 50 50 50 16 16 1 50 15 2 50 50 8 15 5 50 38 6 31 23 50 50 48 24 39 11 50 19 14 50 47 11 50 34 50 10 16 49 23 50 0 9 5 12 50 18 50 50 50 2 37 50
45 42 50 50 50 50 18 50 48 50 50 50 34 21 27 13 50 30 50 20 4 25 50 50 29 50 31 50 50 46 50 50 33 5 50 40 16 0 50 50 36 30 50 50 39 39 5 50 20 42 50 50 50 50 50 1 50 50 50 50 42 50 50 26 47 50 24 50 47 20 50 50 1 22 50 50 18 50 50 50 7 50 50 19 26 9 29 50 33 50
29 50 34 18 20 50 38 43 29 50 50 41 14 0 50 50 29 3 22 50 50 50 50 50 34 11 50 50 50 3 10 50 50 50 34 50 31 50 50 50 50 12 49 2 50 50 1 50 1 27 26 50 15 28 40 29 25 12 31 50 24 50 50 32 50 50 50 30 50 50 50 25 50 50 26 27 44 33 49 50 9 50 50 50 33 50 50 50 50
50 50 40 50 50 41 25 41 50 28 50 46 43 7 35 50 50 50 50 25 50 50 31 39 50 11 6 50 50 50 16 50 10 1 50 42 48 0 50 50 44 50 50 50 29 50 26 50 36 50 50 50 50 4 7 50 2 21 9 50 34 50 50 50 50 31 14 50 50 38 42 50 6 50 41 50 50 50 50 18 13 13 0 2 50 50 24 50
31 40 22 50 50 2 50 23 36 16 35 50 47 50 50 50 25 39 50 3 37 20 50 43 50 50 50 50 50 50 9 50 27 21 0 50 18 7 50 35 50 31 1 50 50 17 50 50 28 50 50 31 44 1 46 50 50 44 42 40 40 50 50 27 29 31 1 50 50 33 50 43 50 50 50 27 50 28 33 27 33 50 50 45 43 50 50
50 12 50 50 50 43 43 49 50 50 50 47 50 50 50 26 50 34 50 50 29 49 40 50 50 50 50 11 35 50 5 50 27 21 27 47 7 50 50 16 34 44 11 34 14 30 12 50 50 50 50 14 50 50 46 50 22 50 17 50 13 50 50 50 45 21 40 50 50 12 50 15 11 31 21 28 50 32 50 50 38 4 35 49 50 50
50 50 50 50 50 10 45 50 50 50 1 50 50 50 11 50 13 8 19 50 50 50 20 50 26 50 23 0 50 7 50 50 50 36 25 50 50 16 13 50 50 50 2 50 50 2 38 50 41 50 50 50 39 50 48 50 0 50 50 18 50 50 18 34 50 50 9 26 47 30 19 50 24 50 50 50 4 46 21 24 0 7 50 50 50
50 21 33 50 10 47 50 50 50 50 11 32 33 38 50 12 6 42 50 50 18 35 50 50 50 50 50 50 19 50 50 19 34 50 33 50 7 24 50 50 50 50 10 4 44 50 43 50 50 50 50 5 50 50 14 33 26 5 50 50 50 50 50 50 50 50 28 11 50 50 50 50 31 50 50 33 17 50 24 42 50 9 50 50
34 9 24 10 35 50 5 50 50 6 50 50 50 50 18 4 50 50 1 12 3 20 9 50 33 22 50 50 50 50 50 50 50 50 50 50 50 50 50 50 50 8 18 50 29 50 50 50 41 50 50 1 15 18 32 50 30 50 50 28 25 37 50 31 50 50 50 1 50 25 50 15 26 46 26 50 50 1 11 26 29 50 50
50 21 50 50 47 50 1 50 50 50 50 50 48 5 50 50 50 50 38 50 8 8 50 48 50 3 50 50 5 50 50 27 50 41 32 36 50 50 50 32 50 50 17 26 50 37 9 50 45 50 50 48 50 46 44 50 48 50 21 50 50 50 18 50 36 50 50 50 27 25 4 50 20 19 37 1 47 6 8 50 37 50
12 45 50 50 29 16 46 43 10 50 50 50 26 50 10 47 50 6 35 30 17 50 50 50 50 3 50 14 33 50 23 50 39 32 11 17 50 50 50 43 21 27 50 50 38 50 50 50 34 11 50 47 29 50 50 50 28 27 50 20 50 31 9 12 50 29 21 0 39 50 50 33 50 50 10 19 50 34 50 50 50
42 32 32 30 50 13 50 50 50 31 50 36 28 50 50 46 49 50 36 50 10 50 7 50 38 50 50 50 15 37 50 35 21 32 50 50 9 44 50 50 44 44 50 10 3 10 50 50 50 50 50 50 7 50 10 50 50 50 50 24 25 50 50 50 38 50 34 24 32 48 50 50 23 46 50 50 50 50 50 50
50 44 11 12 50 4 42 50 50 50 2 50 43 10 18 50 7 50 50 49 18 50 50 50 50 50 2 3 24 23 33 2 50 50 25 25 33 25 18 8 43 50 27 50 50 43 50 50 50 50 28 8 50 44 37 50 31 28 50 47 7 50 41 50 50 44 27 18 21 50 50 50 50 15 36 50 50 22 50
16 36 19 50 50 40 42 18 50 0 50 8 19 50 50 50 23 4 50 25 50 8 50 50 18 50 12 9 23 50 12 35 50 50 7 44 50 50 50 36 1 50 50 50 24 50 50 3 19 38 50 50 25 4 24 16 50 7 50 50 30 50 16 34 11 3 10 50 50 42 50 42 16 50 50 50 36 50
50 24 12 4 50 50 50 41 50 50 50 50 50 50 50 50 2 50 9 26 50 50 50 4 49 40 50 44 17 50 44 5 5 2 50 50 50 50 15 50 50 49 45 50 2 50 21 50 23 50 50 0 41 46 50 49 40 33 50 41 32 50 12 50 43 50 50 21 12 50 48 1 50 1 50 50 50
50 46 50 16 50 29 50 50 50 50 50 50 50 25 36 50 50 35 50 28 50 37 25 22 50 50 50 1 41 8 15 50 44 50 15 50 50 50 50 14 50 8 50 50 50 50 50 50 15 5 50 50 34 46 3 50 14 0 50 31 20 49 12 43 50 2 50 3 20 50 11 50 37 20 44 50
50 50 19 6 50 13 50 50 37 50 5 50 10 50 3 13 22 50 2 50 50 50 37 22 19 12 50 50 50 50 27 50 13 21 50 14 50 50 22 42 14 50 20 50 7 39 50 19 50 50 3 50 6 50 50 50 27 9 50 50 50 35 2 18 20 42 50 50 22 49 50 40 50 25 50
16 24 12 50 50 50 50 16 18 50 50 47 50 50 50 50 1 4 50 50 50 50 35 50 50 50 50 50 11 50 50 23 40 50 7 50 3 15 50 2 50 50 50 50 17 15 5 21 50 50 10 50 16 33 50 50 43 50 50 50 23 50 50 45 50 50 50 50 50 0 50 37 5 50
15 50 10 10 40 50 50 11 50 50 3 50 27 50 26 20 24 29 50 50 25 50 50 39 50 50 50 0 50 50 23 29 50 50 40 42 50 13 50 36 50 26 50 5 50 50 21 50 50 50 46 50 50 50 50 50 9 50 35 21 22 50 5 50 50 6 35 26 43 50 8 50 50
28 38 50 37 29 50 29 21 50 50 50 50 22 9 50 50 5 50 50 32 21 50 50 37 50 49 50 26 50 50 50 37 33 50 50 17 50 50 50 26 50 50 21 50 16 50 50 43 31 18 8 50 36 50 3 50 1 10 50 0 50 50 50 50 50 50 42 50 44 50 15 50
14 45 6 46 50 40 50 34 50 43 50 46 43 50 50 50 3 50 50 50 2 32 50 50 50 42 6 50 50 25 34 50 50 13 30 25 29 50 50 49 17 50 20 7 50 50 42 50 50 50 50 50 42 31 50 50 50 50 50 4 5 17 32 16 50 21 50 35 33 50 50
8 41 50 43 50 50 50 7 25 49 50 22 50 39 50 50 14 14 50 15 50 50 20 48 47 21 50 50 50 50 50 50 20 40 50 9 45 50 16 50 50 28 30 50 44 31 50 50 45 50 50 50 11 4 12 43 50 50 50 27 50 50 50 50 50 16 50 34 50 50
1 3 21 46 50 50 4 50 50 50 50 14 11 44 50 50 50 50 7 50 43 9 13 44 46 48 50 40 9 50 25 50 28 50 50 2 27 50 50 24 16 50 15 50 35 46 50 12 50 50 22 13 50 26 35 2 50 50 45 50 8 50 17 30 50 36 50 36 50
50 2 25 50 50 45 15 50 49 41 36 32 13 36 17 50 50 50 50 9 50 50 5 47 50 2 41 50 50 50 50 50 2 46 35 35 22 35 39 22 38 46 1 50 50 50 32 50 6 50 29 6 50 50 50 50 50 19 50 50 4 50 4 31 50 0 50 50
39 50 3 50 17 50 19 50 45 50 16 50 11 50 50 18 50 50 50 15 42 50 50 50 19 50 46 26 50 8 10 27 50 50 16 50 50 50 50 50 47 50 50 50 50 50 50 50 50 23 46 50 16 26 50 31 35 50 0 50 50 45 50 10 50 17 50
37 29 42 37 33 7 50 50 50 36 50 48 50 10 22 50 29 50 50 50 4 44 50 3 17 50 26 40 31 50 50 13 50 50 49 50 50 50 50 50 28 40 37 50 22 50 50 9 34 46 35 50 33 49 50 5 50 44 15 17 24 38 50 28 50 50
50 10 50 50 50 36 50 50 50 22 2 5 50 50 50 5 37 42 50 22 50 50 50 50 34 19 50 50 50 50 49 11 46 50 44 50 1 44 28 33 13 50 2 29 40 38 44 50 13 16 50 50 43 50 1 18 50 50 50 50 12 50 29 50 50
50 42 50 41 50 50 50 5 41 50 44 11 41 50 50 50 50 5 50 41 50 50 50 13 50 18 27 28 41 50 37 50 23 46 9 32 50 50 42 50 50 39 4 50 20 12 50 50 2 50 34 3 8 47 50 2 50 22 37 50 50 50 45 50
23 50 34 32 18 50 11 44 6 50 44 45 50 50 17 6 32 50 37 50 39 41 16 43 12 50 50 50 50 50 50 26 44 50 27 24 50 50 16 24 47 49 50 50 0 5 50 50 5 50 50 50 50 44 50 18 21 50 50 50 50 50 50
17 50 50 50 35 50 17 3 30 50 48 46 13 50 15 33 50 23 50 5 50 50 50 50 45 37 50 16 50 50 35 50 50 50 50 7 50 44 50 50 0 33 12 50 10 10 50 6 41 50 50 50 50 16 4 9 50 7 50 50 50 50
29 50 44 37 50 12 10 50 0 50 9 50 46 29 44 50 50 20 1 50 50 50 20 50 50 50 29 50 17 50 24 27 12 50 50 50 50 24 49 50 50 28 24 50 35 7 2 10 17 43 4 44 50 40 46 25 50 26 50 50 50
20 39 2 50 21 11 50 6 50 1 50 50 12 50 50 50 44 50 1 50 50 50 50 7 27 41 25 50 50 50 10 6 50 16 28 50 50 50 18 50 50 12 50 50 50 50 50 50 47 50 50 50 50 1 50 50 50 0 50 50
48 50 50 50 50 50 8 39 28 50 1 50 47 38 35 50 50 38 50 50 17 50 50 50 29 50 50 50 50 25 22 50 36 16 7 20 50 0 50 50 50 10 50 50 40 50 50 46 50 20 43 50 26 50 40 36 39 50 50
50 50 50 33 50 50 50 48 2 40 14 50 50 50 50 50 50 14 50 50 33 50 36 50 50 50 50 26 50 13 11 16 5 43 50 0 23 36 47 50 50 7 50 48 50 50 25 20 50 28 22 50 42 50 50 21 50 50
50 28 50 2 35 50 35 50 50 18 43 29 50 50 50 50 29 37 22 50 50 32 45 5 50 16 50 2 5 50 48 32 50 27 50 50 9 2 50 48 50 50 50 30 50 50 50 24 50 50 7 21 50 50 50 38 50
34 50 50 24 50 50 50 50 49 50 33 50 16 22 50 6 4 50 50 50 13 50 6 50 33 50 50 50 50 33 50 9 50 50 29 50 50 18 50 35 20 50 50 47 23 26 50 25 50 50 50 50 30 35 43 50
49 50 16 48 38 8 50 50 20 46 50 39 50 50 50 32 35 50 50 50 50 50 50 50 50 50 35 16 50 50 46 13 50 2 49 39 50 50 6 44 25 33 50 50 16 50 16 50 50 3 26 50 50 47 50
50 15 46 10 17 47 45 50 50 50 1 50 16 46 50 50 4 34 50 19 2 50 50 50 22 29 50 50 50 6 45 50 50 46 39 50 50 14 50 34 17 2 50 22 50 38 47 8 6 22 50 22 50 50
10 5 50 13 37 4 6 50 33 50 50 50 50 50 50 50 0 50 28 50 12 50 50 26 33 8 20 50 50 50 38 50 23 50 50 44 45 14 28 50 50 50 34 6 50 50 3 50 50 8 41 50 50
48 50 46 46 50 50 25 50 50 50 50 41 50 50 50 50 50 47 50 50 50 2 39 1 14 42 50 34 16 29 50 7 50 50 21 4 50 50 27 7 41 50 38 18 50 37 13 50 50 48 50 50
27 8 0 50 50 50 50 4 23 8 5 5 36 50 50 50 35 50 50 30 50 50 35 0 50 10 16 2 50 41 37 50 50 50 3 50 50 50 21 50 48 49 35 36 43 30 50 26 22 50 50
31 50 27 9 50 50 50 26 20 50 50 5 43 50 4 50 50 15 50 18 40 50 50 50 50 50 42 50 9 50 50 13 50 22 50 17 50 20 33 50 28 50 50 50 50 45 20 24 50 50
2 50 31 50 50 40 20 50 50 50 50 48 23 20 50 50 50 50 7 28 50 50 7 50 50 10 50 35 50 50 20 50 50 50 50 50 37 49 50 50 50 22 50 50 18 19 34 50 50
50 50 1 24 50 50 16 16 7 48 50 14 6 7 39 13 50 18 13 50 50 32 9 48 45 50 28 40 48 50 42 50 50 50 15 3 25 24 50 50 17 22 50 19 50 50 41 50
50 50 27 36 50 28 50 23 50 50 40 50 9 50 27 50 50 6 50 50 19 1 32 39 45 39 50 50 50 13 50 7 50 49 8 22 0 50 50 50 50 15 50 22 23 15 50
50 41 47 50 50 12 50 16 8 50 50 10 50 50 50 50 50 50 50 49 50 50 42 50 50 30 50 50 50 50 50 50 50 48 41 50 50 50 47 50 50 20 50 50 50 50
50 20 3 45 50 50 48 34 50 14 2 50 50 50 50 14 50 32 50 50 50 38 50 50 50 50 50 11 50 50 50 50 46 50 50 50 32 50 1 50 32 50 11 50 50
50 26 50 50 36 50 50 50 50 20 0 50 50 50 1 24 7 13 50 47 8 50 6 23 37 50 50 38 28 50 47 28 50 38 50 50 50 34 50 50 50 46 50 50
50 13 22 50 19 49 50 50 50 6 4 50 20 50 50 23 50 13 22 24 50 50 50 50 36 29 50 50 50 50 50 44 49 38 50 40 48 50 50 31 50 49 50
50 11 50 46 50 50 36 50 47 50 50 50 50 39 41 50 22 21 21 43 30 21 24 3 23 47 1 50 50 43 50 50 29 50 50 50 50 50 39 50 50 50
50 50 50 50 15 15 50 48 50 50 50 0 50 13 50 50 30 49 50 17 21 50 50 50 50 16 50 44 50 20 36 50 50 35 46 37 13 24 23 50 50
38 50 50 24 44 25 50 50 50 50 2 22 1 27 38 15 17 27 30 50 43 35 50 50 25 50 47 11 50 50 50 8 22 42 50 20 36 50 50 50
11 38 23 50 40 40 28 27 50 4 2 34 50 0 50 35 50 50 19 50 28 0 45 50 50 40 50 1 32 50 42 15 14 46 50 50 29 50 50
45 2 50 50 50 44 50 39 28 31 13 1 50 10 50 50 50 46 40 50 23 5 7 23 44 3 22 50 24 47 50 50 24 5 50 50 50 50
50 17 10 34 50 50 50 39 1 50 24 13 25 50 41 26 50 50 50 47 50 50 50 24 39 1 0 42 50 50 2 19 50 50 50 5 50
27 18 36 50 25 33 4 28 1 14 21 11 32 30 50 49 31 50 50 44 50 50 50 50 29 8 11 50 31 43 29 33 22 11 7 50
7 34 50 18 50 50 50 50 50 13 18 45 4 50 4 50 19 19 50 29 50 46 50 50 21 50 50 35 37 17 30 14 50 50 50
50 50 50 50 0 41 38 50 50 50 0 38 50 34 50 30 50 50 50 50 27 50 15 37 35 39 50 50 42 50 50 0 50 50
50 50 50 50 50 32 50 24 45 2 50 0 50 41 50 31 27 50 48 50 50 46 21 5 50 50 28 19 6 27 50 45 50
50 50 41 50 50 50 50 11 50 15 44 50 5 50 9 50 50 39 50 50 50 50 50 50 29 27 16 33 50 50 50 50
50 19 33 15 50 50 50 21 50 49 50 50 34 50 50 14 47 50 5 31 50 48 50 50 50 11 50 50 50 50 50
14 7 20 50 19 30 9 13 50 4 13 50 20 33 40 50 50 50 39 23 50 50 50 50 50 50 17 21 50 50
6 50 50 8 13 14 16 14 38 50 50 50 17 50 50 42 50 40 50 46 50 50 26 50 50 50 21 50 50
50 50 14 50 50 50 50 50 30 50 34 50 5 50 47 11 50 44 50 37 50 50 26 49 50 17 19 50
50 50 50 50 13 38 50 34 34 22 50 50 1 39 50 12 3 50 23 29 50 20 50 50 50 37 50
50 21 13 50 50 50 50 50 9 50 50 0 44 50 36 50 4 50 1 27 50 50 14 4 15 50
13 50 50 27 50 9 50 24 36 50 18 38 50 38 6 50 50 50 5 50 6 33 50 50 50
50 17 50 49 14 30 50 4 15 50 50 50 50 40 25 50 50 39 49 12 36 50 22 50
50 46 9 50 13 1 32 50 50 50 50 50 32 50 27 50 50 3 39 5 50 23 50
50 16 50 50 50 50 35 35 50 41 13 50 50 19 50 3 50 50 50 44 50 50
17 31 28 50 50 9 50 50 7 50 50 50 43 50 39 16 50 44 50 50 50
46 12 50 50 50 50 26 43 47 19 50 1 47 50 35 50 50 50 50 50
50 50 50 50 50 36 42 50 50 29 50 43 28 19 47 50 39 50 50
50 41 33 50 49 31 28 50 50 50 35 50 50 8 13 27 4 50
50 22 50 48 46 50 8 31 50 27 50 28 27 24 50 50 50
26 40 43 50 50 50 50 3 29 7 18 50 0 50 27 50
11 48 27 33 50 50 15 50 50 36 18 50 50 47 50
50 19 50 50 50 21 36 50 50 25 50 37 10 50
50 50 1 50 24 36 50 49 9 23 28 50 50
50 46 50 2 45 50 21 50 50 50 50 50
50 50 50 50 2 50 50 50 25 50 50
4 50 14 50 0 50 9 50 50 50
50 50 50 50 50 49 50 50 50
50 50 50 31 6 50 50 50
46 50 50 50 26 50 50
50 50 19 50 9 50
36 50 50 44 50
50 28 50 50
50 50 50
50 50
50
