100 50
11 10 1 35 50 9 27 50 50 50 26 20 50 25 35 36 50 50 50 12 4 24 19 50 10 17 44 21 18 24 11 32 45 50 49 6 50 17 50 50 50 50 50 50 50 22 21 49 44 0 15 47 50 48 43 50 50 50 45 38 39 50 34 5 50 50 5 50 50 50 44 48 50 10 13 45 50 50 17 35 17 16 14 50 50 50 50 50 34 25 16 50 50 50 29 50 50 32 12 50
50 35 32 50 50 48 20 50 45 28 17 3 41 32 50 50 50 50 42 33 50 0 34 50 0 50 12 50 17 39 7 50 50 1 50 44 50 50 50 50 50 32 50 50 41 50 50 50 43 50 50 0 40 23 50 50 50 50 4 39 37 40 50 28 23 50 50 50 50 23 50 50 10 50 17 35 31 6 50 50 50 12 8 21 50 50 50 50 34 23 36 42 45 13 50 5 44 50 50
32 50 34 50 9 33 50 2 13 47 11 6 50 50 50 50 9 50 50 50 7 50 46 15 10 33 50 39 49 0 25 41 20 50 50 3 3 9 19 43 50 7 50 50 35 4 15 44 49 34 23 41 29 18 50 50 50 35 50 25 13 21 50 44 50 50 50 25 50 50 44 50 40 50 47 50 33 50 50 22 18 25 2 16 50 50 50 50 50 50 50 32 30 19 9 50 50 50
50 50 24 26 50 5 3 50 32 50 50 7 47 50 50 50 43 4 43 50 50 15 47 50 18 49 5 50 50 50 16 0 50 50 50 3 1 50 50 34 50 43 50 29 50 8 50 50 14 50 50 19 30 50 35 41 17 50 50 50 48 34 50 20 10 50 50 29 11 50 5 26 8 50 23 10 50 50 42 50 43 25 39 50 50 9 0 50 50 50 50 50 2 50 50 31 50
50 50 8 46 50 22 50 50 1 5 13 7 50 3 27 50 42 1 50 50 5 50 50 26 33 2 21 50 39 50 50 8 50 33 50 34 50 9 50 50 26 46 50 50 11 39 11 16 39 50 29 50 8 50 50 50 23 11 28 13 50 50 41 3 50 50 25 50 50 50 37 50 14 19 50 21 50 23 50 32 48 50 50 50 28 23 19 50 18 9 41 33 28 40 50 50
50 12 50 37 50 19 50 50 42 50 50 22 41 47 32 50 7 18 50 50 21 2 41 50 50 23 45 46 50 50 50 36 50 8 35 47 37 28 42 21 22 50 38 18 42 50 35 47 10 25 50 50 50 21 42 29 30 50 30 50 47 38 50 6 50 50 0 36 12 50 50 50 50 13 50 30 31 11 0 50 26 50 32 48 50 50 40 4 50 38 50 50 18 50 50
47 50 46 6 50 19 50 23 50 22 14 25 37 44 41 42 34 50 50 50 18 50 44 50 20 26 15 1 50 13 34 47 50 50 50 1 40 11 29 50 50 50 50 30 12 50 39 50 50 0 49 50 14 13 50 13 50 20 50 4 10 23 45 50 50 15 50 6 50 37 5 3 4 38 48 50 50 50 29 20 20 45 50 50 30 50 3 50 12 50 44 36 7 50
42 31 50 35 50 18 48 45 50 50 27 50 50 8 43 50 31 50 50 50 50 50 7 50 32 50 6 50 50 0 50 47 50 50 50 37 47 50 50 34 2 50 4 50 50 25 2 50 49 50 50 45 50 49 50 50 50 31 30 48 50 45 18 44 43 2 21 32 50 50 22 50 36 50 50 36 50 12 50 50 50 39 50 29 50 43 12 29 36 50 14 50 50
8 39 11 50 0 42 16 36 50 0 41 50 38 50 14 1 50 42 19 50 6 50 6 48 50 50 50 50 46 50 6 30 50 42 50 50 50 8 7 50 50 28 50 50 50 6 50 11 1 50 14 50 48 50 50 21 50 20 50 50 50 50 34 34 50 20 16 50 45 50 8 26 46 2 48 50 50 16 32 50 50 50 50 6 23 7 13 50 50 47 50 50
6 30 50 50 50 50 13 43 50 48 50 50 0 37 50 0 45 27 8 34 50 50 18 4 14 17 10 50 50 50 50 5 50 14 10 26 50 50 48 50 1 50 50 15 13 50 44 34 50 50 18 50 50 50 44 50 50 50 50 38 44 50 50 22 8 0 18 14 44 9 19 50 50 50 4 50 50 11 3 50 48 40 40 23 41 50 50 50 12 13 50
50 36 50 31 2 50 34 50 25 33 41 6 9 50 37 50 24 50 50 50 43 36 50 50 7 44 50 50 50 50 8 50 24 44 50 50 31 50 6 7 49 46 50 48 42 50 50 50 50 1 50 50 1 22 44 18 50 50 46 5 27 50 48 5 50 50 50 10 35 19 36 50 50 50 26 47 50 27 50 34 25 50 50 50 50 36 2 50 10 50
29 48 22 10 49 50 50 50 10 50 50 50 50 50 15 38 50 50 13 44 46 22 31 36 7 50 32 50 50 23 50 13 50 45 50 11 50 50 24 50 16 32 31 2 50 50 50 50 50 34 50 49 50 48 35 50 49 50 50 50 34 34 6 29 31 50 49 50 3 50 50 50 1 50 50 36 50 34 17 50 50 50 37 5 12 23 50 50 50
50 50 50 50 38 50 20 50 16 24 26 50 37 50 49 50 50 29 42 32 50 50 50 14 11 22 24 30 5 50 36 50 50 50 6 14 2 20 9 50 9 50 26 40 10 5 28 50 50 50 22 6 30 37 50 50 50 48 50 21 15 18 50 50 50 44 50 50 50 22 49 39 43 50 21 50 50 50 42 50 38 44 34 50 50 16 25 50
50 17 50 37 32 50 50 50 50 50 20 50 50 50 11 28 50 50 50 50 50 50 13 50 50 9 50 3 48 50 50 48 38 48 37 3 50 50 50 50 50 36 32 41 27 45 50 50 6 50 13 37 43 23 9 50 40 50 22 16 50 50 50 50 50 9 1 27 2 50 50 9 50 50 32 13 50 50 46 11 39 50 50 50 50 39 50
35 47 50 50 50 12 10 20 2 50 50 35 39 21 44 23 50 41 50 16 45 50 46 25 40 39 9 18 50 25 25 2 50 33 15 50 47 50 50 50 50 48 50 50 50 50 50 46 50 11 47 50 50 10 4 50 17 50 25 24 50 50 2 25 26 30 12 3 50 23 12 50 29 19 25 50 12 50 50 16 50 50 35 50 50 50
42 50 21 50 50 41 41 12 50 2 50 50 50 20 50 50 36 16 50 44 19 6 50 43 8 49 50 50 50 50 8 50 50 16 50 50 50 46 3 50 1 25 50 14 22 21 50 11 50 44 48 43 29 50 50 49 0 28 34 50 23 50 50 41 50 41 2 50 41 3 50 2 46 14 4 50 50 50 50 50 27 50 47 6 50
50 5 50 50 50 50 50 31 50 11 50 20 26 50 3 27 50 29 22 14 15 21 30 50 35 50 21 50 50 12 43 1 50 18 50 50 50 50 50 11 50 50 0 24 33 50 3 50 27 50 50 50 50 50 50 27 31 35 50 48 50 31 45 49 35 13 31 41 27 31 5 2 17 50 13 50 50 16 50 2 38 50 6 50
19 50 50 0 41 30 50 50 5 22 2 21 50 50 50 50 40 50 50 50 50 50 26 50 36 38 50 16 41 50 7 50 37 14 20 37 21 50 15 34 27 20 28 50 50 27 19 50 50 20 27 50 50 42 50 50 50 50 50 8 50 31 50 15 49 36 39 50 50 14 50 49 46 1 0 50 50 50 50 34 50 12 50
0 46 50 50 20 50 50 12 14 34 36 17 50 41 24 50 50 50 50 50 24 50 2 50 50 35 42 50 50 50 50 50 50 36 47 50 50 37 4 50 50 7 50 17 50 20 50 50 50 50 50 50 50 27 50 50 4 50 50 18 50 50 50 36 9 50 2 50 50 50 50 50 13 50 7 9 50 24 50 50 50 50
50 50 50 15 44 50 50 13 49 50 50 50 50 50 50 50 50 32 50 2 23 50 50 33 41 50 39 31 50 50 50 14 46 12 22 36 50 33 28 50 50 40 37 6 16 17 50 15 50 26 10 31 35 18 13 3 50 2 40 50 50 50 26 50 30 50 50 50 17 50 36 4 8 50 3 20 2 50 1 50 50
50 50 17 10 50 50 50 32 50 42 49 50 46 50 11 21 22 44 50 17 50 50 50 0 21 18 50 50 50 15 50 50 8 50 50 40 50 41 50 37 50 50 50 50 50 16 26 50 50 50 50 34 24 23 50 50 50 50 47 50 50 50 19 50 50 50 50 50 50 27 3 50 39 50 25 2 6 50 25 50
34 50 47 50 50 50 42 50 50 45 50 50 50 50 2 50 31 50 27 13 50 45 50 50 6 28 0 32 50 50 50 50 32 50 44 27 38 50 15 50 28 23 50 13 50 17 7 21 38 16 7 25 40 29 47 50 50 50 13 8 50 27 19 24 50 15 0 32 42 22 50 50 50 50 9 40 50 50 50
29 50 50 33 50 50 50 25 50 39 18 50 50 50 31 1 50 50 27 18 50 40 50 50 50 50 50 50 21 34 50 50 50 13 50 42 50 34 50 37 5 50 25 34 50 44 35 12 38 50 50 24 39 9 50 50 50 50 50 50 5 50 50 4 50 50 14 3 50 25 48 50 41 50 35 50 50 50
50 32 50 50 50 14 50 16 2 50 17 23 22 50 50 50 43 50 17 48 47 9 1 4 50 17 7 40 39 38 50 50 35 4 50 50 50 0 6 50 15 17 50 30 50 33 50 50 44 22 5 29 50 17 50 50 36 3 9 50 50 32 50 50 43 6 3 28 50 14 20 40 44 19 50 35 50
50 50 50 13 50 3 13 50 50 21 49 50 17 50 19 23 40 26 50 43 33 50 50 50 16 50 24 6 15 50 50 50 50 25 50 50 50 50 30 34 37 50 50 50 41 10 15 41 25 33 1 50 50 6 50 50 50 50 40 29 50 6 0 30 50 50 13 50 50 50 9 25 20 33 6 50
0 0 50 50 45 50 50 5 50 50 50 30 50 50 37 43 50 50 50 50 50 26 50 50 28 2 11 50 50 39 50 13 50 50 50 50 50 18 50 50 29 29 21 26 5 11 40 15 50 50 50 50 50 50 2 29 50 50 50 7 50 49 13 4 50 32 50 50 22 50 41 21 40 31 50
33 14 3 8 50 43 50 50 50 50 13 29 30 41 3 34 50 2 5 50 50 50 50 50 3 50 21 25 19 24 50 42 49 50 17 50 50 50 50 50 50 13 0 50 50 45 50 50 26 0 7 20 36 50 50 50 16 19 50 25 30 30 50 27 50 29 5 4 50 50 50 23 19 50
50 50 21 50 50 15 50 35 50 45 50 50 50 5 10 50 50 13 45 50 49 2 34 50 30 50 4 1 20 29 25 46 39 32 14 41 50 50 50 12 49 30 17 24 40 43 31 27 14 50 50 50 50 50 42 27 39 50 50 50 39 50 50 50 24 33 32 50 50 41 25 50 50
50 50 50 50 50 50 50 45 50 50 50 25 23 38 50 50 9 50 32 23 42 50 50 50 22 39 50 25 50 26 50 50 40 23 50 49 25 34 50 50 11 37 50 50 36 50 50 14 50 50 50 50 50 1 50 50 50 50 50 36 50 50 16 50 50 50 50 6 7 33 49 50
50 10 50 50 39 50 31 50 50 3 50 50 50 50 45 50 30 44 50 50 50 0 2 50 50 50 50 50 1 48 50 50 50 50 50 16 50 50 50 50 50 48 50 39 50 50 50 50 50 50 50 50 4 28 14 50 8 50 50 20 6 50 50 25 50 0 19 50 0 50 50
0 50 50 6 13 34 21 44 50 50 20 18 50 14 4 7 34 22 50 28 50 16 50 22 50 50 43 50 50 35 50 50 50 50 43 29 5 50 50 50 50 49 7 30 50 25 50 24 43 50 50 50 45 50 50 50 50 50 50 24 50 42 39 9 50 49 50 50 40 50
50 38 38 13 50 23 13 49 50 50 50 50 50 24 50 33 47 50 7 31 44 39 33 20 27 50 50 32 25 50 8 50 50 29 2 50 22 45 48 38 44 28 2 13 38 6 50 13 50 44 34 50 50 2 50 28 38 50 39 50 50 50 50 41 50 50 32 50 50
50 50 50 50 50 35 39 41 50 50 45 50 39 50 50 16 50 42 50 50 50 5 37 8 50 13 50 50 50 43 50 50 50 50 50 49 0 24 50 50 1 50 14 50 22 50 25 50 50 21 4 18 37 25 50 50 11 50 28 50 22 38 22 11 50 40 50 50
45 21 10 50 50 50 25 43 20 50 50 15 30 50 21 50 50 35 50 10 50 50 27 17 50 50 50 50 19 50 50 1 50 4 50 20 50 50 50 4 18 50 43 35 50 50 49 50 50 50 24 29 2 50 50 50 50 50 31 50 42 50 21 8 50 20 50
50 34 50 50 12 50 50 38 19 50 50 27 23 50 50 50 50 27 50 11 50 50 23 50 37 50 50 32 41 7 31 50 50 39 6 23 45 28 45 50 50 50 42 50 11 50 50 36 32 42 50 28 50 50 50 50 5 39 13 50 50 47 14 38 16 50
7 23 50 44 38 4 50 40 12 50 50 14 50 50 50 50 18 34 50 50 50 24 50 25 50 48 50 50 50 50 50 20 50 50 42 50 50 24 31 49 28 50 5 8 0 2 50 5 48 50 50 50 49 11 50 50 50 48 26 50 7 33 50 50 50
5 50 20 25 50 21 50 50 50 50 50 23 50 39 50 50 48 1 50 11 3 50 50 50 45 43 50 14 49 50 50 16 25 50 1 50 39 50 50 18 50 50 28 6 50 3 50 50 42 20 30 28 50 50 26 50 33 50 30 50 22 50 10 50
9 50 50 23 50 50 50 50 50 15 50 50 14 35 36 36 33 50 9 5 37 10 50 50 8 0 50 50 43 10 50 50 50 50 27 35 50 14 50 50 50 50 50 50 22 50 50 50 18 50 50 45 41 12 38 17 34 50 9 50 50 21 50
13 50 50 24 17 50 38 47 50 50 48 50 50 50 50 50 21 50 14 48 17 50 10 50 50 50 50 37 19 22 50 50 50 50 50 18 39 50 5 50 15 5 0 50 4 50 50 15 50 50 50 11 50 36 50 15 50 27 50 50 50 50
50 50 50 50 31 50 11 21 10 8 34 5 50 22 48 43 50 50 50 50 50 7 4 29 50 47 12 50 50 22 50 12 46 50 36 50 46 50 50 50 50 50 4 28 21 40 50 19 7 50 50 4 47 37 50 50 50 40 13 11 50
50 45 50 50 50 10 50 50 21 50 50 50 50 50 50 50 30 28 50 50 50 39 50 50 50 4 27 50 45 12 50 29 50 50 40 50 46 13 7 36 29 38 35 18 50 50 50 22 50 39 11 50 50 50 4 50 50 27 28 50
31 37 8 38 48 50 45 38 50 43 50 48 7 26 47 50 50 40 50 50 12 50 3 30 23 50 21 50 50 50 24 50 50 18 13 21 50 40 5 50 19 50 9 28 50 19 50 50 50 50 31 50 15 1 26 8 50 28 50
50 40 50 50 50 50 50 50 50 25 50 26 50 50 7 50 34 38 50 50 50 50 16 12 50 41 23 50 50 44 2 50 3 50 26 50 50 23 4 32 50 50 49 50 50 9 48 23 20 49 45 50 49 50 22 50 50 50
14 50 50 50 8 50 15 31 50 8 2 50 44 3 16 50 50 50 50 50 5 12 50 3 15 5 50 50 50 46 25 50 50 23 42 50 45 45 50 13 50 36 23 0 42 46 50 6 50 32 12 41 28 47 32 50 50
3 41 19 28 20 50 5 0 50 50 50 48 50 36 50 15 33 2 31 50 50 32 28 32 41 50 13 3 32 50 50 5 50 2 44 50 50 49 50 50 50 50 38 50 17 0 9 15 16 50 50 50 50 50 50 50
47 10 50 50 50 41 6 41 50 44 50 12 50 34 50 50 50 50 50 19 41 35 50 50 50 45 22 50 50 50 50 50 50 50 25 50 50 50 8 50 20 22 50 50 50 50 50 50 50 50 33 50 50 3 50
50 50 36 50 50 0 14 50 25 50 50 38 50 50 50 20 50 20 40 50 50 50 50 25 30 50 50 6 50 40 44 1 50 8 28 37 34 46 50 47 37 50 50 47 9 17 30 50 50 50 50 31 50 50
50 46 17 47 50 48 22 50 50 50 50 50 50 50 50 50 19 28 38 50 34 50 21 50 47 14 42 25 3 50 50 50 50 50 50 27 37 8 35 50 28 50 50 19 30 0 50 50 42 9 11 36 50
10 19 10 41 46 50 50 50 50 50 41 3 6 49 50 50 50 39 44 45 19 21 33 50 49 50 50 50 50 27 19 46 50 45 26 6 50 42 50 50 27 49 0 50 17 50 50 50 40 8 2 50
24 31 50 50 50 50 19 34 22 8 22 36 50 3 50 25 50 14 50 50 12 50 3 50 31 34 37 50 50 42 50 43 50 22 20 50 37 4 50 50 16 6 23 50 50 50 11 50 50 50 50
23 50 49 50 50 33 5 50 50 50 15 16 35 50 35 3 46 50 50 50 1 27 50 8 19 50 50 11 50 5 45 9 50 47 50 50 33 50 50 13 46 50 50 50 2 4 50 50 50 50
50 50 45 50 50 10 50 47 50 1 46 50 50 20 8 50 17 17 50 50 44 50 50 50 50 29 24 50 33 43 12 50 35 17 16 0 18 43 50 8 35 50 0 50 50 50 50 50 50
28 41 50 20 41 50 50 50 18 12 22 50 50 19 15 50 50 44 50 27 50 50 50 50 50 50 19 12 50 34 4 45 50 8 50 17 14 50 50 50 2 50 50 50 50 15 50 50
50 50 50 43 45 50 50 50 50 50 20 50 49 50 12 50 15 12 50 50 14 11 50 50 4 50 50 50 29 50 17 50 50 33 41 15 50 14 8 50 30 50 27 50 32 50 50
50 27 50 50 8 50 50 22 22 21 50 50 12 21 30 50 12 32 7 50 43 50 22 26 32 50 50 46 50 5 39 6 0 44 50 49 47 40 9 50 17 6 12 50 50 50
30 20 27 50 33 50 50 50 25 50 42 50 50 23 45 50 50 50 50 32 50 41 11 25 48 6 50 22 50 35 34 31 50 50 50 20 50 50 31 36 31 50 15 50 50
50 49 50 19 50 19 30 50 28 22 17 5 27 40 32 30 37 49 28 50 50 8 50 50 50 46 50 50 50 50 49 50 50 46 50 50 50 50 50 25 20 0 50 50
50 23 50 50 44 35 50 50 50 35 10 50 50 40 13 50 23 50 50 18 50 50 50 12 24 50 50 50 50 23 50 45 21 50 6 50 50 50 38 50 50 50 50
16 6 50 50 50 21 20 23 13 50 50 41 50 39 44 32 27 50 49 36 28 16 35 50 42 50 50 50 35 7 19 50 37 3 16 50 50 43 18 50 50 50
50 50 27 50 36 50 50 31 36 1 40 1 50 40 2 19 50 50 50 50 6 50 50 35 50 13 29 50 48 50 50 50 3 8 49 49 50 22 50 50 50
50 50 49 50 50 50 2 26 35 50 50 10 50 50 22 50 50 47 50 40 50 24 9 29 35 14 50 7 23 44 30 50 50 32 50 5 23 14 38 50
50 50 50 0 25 50 50 14 46 50 50 41 50 50 50 50 50 5 50 32 50 50 50 50 50 18 50 35 27 50 7 1 50 50 50 50 35 50 50
42 50 50 50 5 50 6 50 50 50 50 50 2 50 50 28 45 50 50 39 50 50 50 42 50 19 50 41 50 50 50 42 5 50 48 45 15 50
14 48 50 50 50 5 50 50 50 4 50 29 50 33 50 50 50 50 2 50 37 11 50 16 50 19 20 9 29 34 1 50 50 13 45 50 50
33 3 50 35 50 50 12 12 36 50 49 50 3 50 19 21 5 50 50 39 23 50 50 50 12 50 17 3 50 50 50 50 50 6 50 50
42 50 50 50 50 50 50 13 7 50 50 50 6 50 27 50 50 50 30 25 50 41 25 47 50 50 50 34 22 49 49 50 28 46 50
50 42 50 29 50 50 50 37 49 41 25 36 50 40 50 16 3 21 50 50 50 18 50 50 50 50 20 50 50 50 50 50 50 50
50 50 20 50 50 43 43 32 50 30 50 50 50 37 50 23 23 30 26 50 50 20 33 50 38 47 50 9 27 35 16 50 50
22 44 24 50 50 32 13 50 46 22 42 5 50 50 43 2 24 50 50 13 50 50 49 50 50 38 30 50 26 16 50 50
50 35 20 41 50 34 47 43 50 28 50 50 37 50 24 50 50 18 50 35 50 50 50 10 50 50 50 49 27 29 50
29 50 50 50 26 50 0 32 50 50 39 50 50 50 50 50 43 50 5 50 50 19 50 50 15 8 50 21 4 50
50 50 50 50 50 50 12 10 50 50 50 44 8 50 36 1 43 50 50 6 50 37 45 41 14 36 29 31 50
8 33 50 4 6 8 8 50 23 9 17 50 23 50 50 31 50 50 50 50 50 50 50 50 50 50 50 50
29 29 50 50 50 50 28 50 18 50 8 50 50 50 50 7 50 18 50 17 34 49 50 29 50 50 50
24 50 2 50 15 50 50 50 50 50 50 50 50 3 4 50 19 50 30 50 24 50 50 50 50 50
29 41 50 32 50 39 28 50 27 13 50 39 50 26 50 50 50 50 41 50 33 50 50 50 50
50 50 9 50 50 47 50 50 50 50 50 50 50 50 50 50 19 40 50 50 50 50 50 50
50 50 23 33 50 50 36 50 24 42 50 50 50 1 50 4 27 34 50 19 45 49 50
50 50 50 50 15 50 50 24 50 34 33 50 50 50 2 50 50 50 50 50 50 50
50 50 50 50 50 50 14 50 50 50 50 34 50 9 50 50 50 50 6 50 50
50 32 50 50 50 50 50 50 16 50 50 50 50 34 2 1 24 50 50 50
50 50 50 50 35 50 29 50 50 50 50 50 50 50 41 49 50 42 50
50 50 50 50 50 29 50 44 50 50 50 27 14 50 38 25 50 50
50 3 50 50 50 50 50 50 50 50 50 50 50 50 49 50 50
40 50 50 50 0 49 50 50 2 39 29 46 50 31 50 50
50 50 50 2 50 5 50 50 50 21 50 10 18 50 50
50 50 50 32 2 50 50 50 50 50 50 50 50 50
50 6 7 39 39 50 50 50 50 50 29 0 50
50 50 18 50 50 24 29 50 50 50 9 50
50 50 50 50 50 50 50 50 50 32 50
20 50 50 40 50 50 50 50 50 50
50 50 50 50 50 50 50 50 50
50 27 50 50 50 50 50 50
50 50 50 50 50 43 50
50 50 50 50 50 50
50 26 50 50 50
41 50 50 50
50 10 50
50 50
50
