100 25
3 15 13 25 25 25 10 2 8 14 25 25 21 25 20 17 10 25 25 5 25 22 4 5 8 2 20 14 15 4 25 25 19 7 25 9 3 22 25 5 25 25 17 8 20 10 12 12 19 25 12 25 18 3 14 25 25 23 6 25 11 25 14 25 8 7 17 13 6 21 25 11 25 17 6 22 9 13 16 2 23 8 6 25 25 20 25 11 7 17 1 19 25 3 25 17 3 13 25 25
25 25 25 25 14 12 23 7 2 25 25 5 25 11 25 2 25 15 25 8 11 17 16 25 2 25 25 25 22 16 4 3 25 25 9 4 25 20 0 0 0 25 8 25 17 7 22 21 25 25 25 19 25 19 8 25 21 25 11 25 1 10 25 25 25 25 18 21 10 25 2 6 25 25 25 11 24 15 21 25 21 25 16 10 1 25 25 25 25 13 14 0 13 2 25 23 0 20 25
25 25 25 4 25 24 25 25 10 25 2 25 25 25 25 25 4 22 25 15 25 6 25 14 25 11 25 25 6 6 5 25 25 25 25 25 25 25 9 25 11 25 25 8 21 9 10 3 13 25 25 5 17 6 1 25 1 25 19 0 7 0 25 21 25 25 10 25 25 9 25 7 25 25 0 1 25 19 0 5 25 16 0 25 20 25 15 7 25 12 25 17 25 16 15 25 1 25
25 13 13 25 13 25 25 25 25 11 23 25 5 18 25 9 0 25 0 7 25 21 8 23 22 15 17 17 25 25 5 25 21 25 11 11 25 25 25 25 18 9 16 13 1 7 25 25 16 3 3 13 16 9 6 11 19 7 4 14 25 25 25 17 24 6 19 12 2 21 6 8 11 6 14 10 11 23 25 9 14 5 25 23 25 25 25 20 25 4 5 25 15 25 15 0 25
17 25 25 4 25 25 14 25 25 25 25 21 13 24 16 25 25 24 23 14 25 25 22 21 25 16 25 19 10 18 9 25 25 25 1 15 25 7 16 15 4 25 24 19 9 25 23 4 22 22 15 20 16 25 14 25 25 25 5 25 25 25 19 5 21 15 12 25 12 2 25 25 0 7 19 11 2 7 4 25 23 25 18 7 18 19 24 24 17 25 25 25 25 19 24 25
12 14 25 25 25 19 25 25 25 25 25 25 25 25 10 9 5 25 25 24 9 20 2 6 25 25 11 4 15 25 5 7 20 25 25 25 25 4 25 23 25 22 25 25 6 23 14 13 25 25 25 25 14 4 15 17 25 25 22 3 9 25 25 17 17 0 25 5 25 25 25 12 19 25 23 25 16 3 25 1 4 4 25 18 10 24 23 25 10 17 25 25 25 25 25
3 20 2 25 5 23 25 18 25 25 25 25 25 25 0 13 25 18 20 12 9 25 25 5 21 15 6 5 25 8 25 20 25 25 25 3 8 25 25 3 20 3 22 14 25 25 25 25 25 12 25 25 0 5 18 25 25 17 14 8 16 25 2 25 25 3 16 21 16 0 21 1 16 12 16 25 25 25 2 18 25 25 5 7 24 25 25 25 25 20 11 25 5 25
2 17 10 20 25 25 0 25 25 25 7 10 18 25 25 12 5 18 10 18 19 13 25 4 13 18 11 21 10 1 21 9 21 18 16 22 2 8 25 25 25 25 25 23 25 25 20 2 25 8 4 19 0 25 22 13 4 25 25 9 25 25 20 25 8 22 25 16 18 14 8 9 4 2 25 23 25 11 5 15 11 13 5 25 6 25 25 19 25 25 25 25 25
19 22 25 25 25 23 25 8 6 25 25 4 18 25 25 25 17 14 25 25 25 18 0 8 18 25 6 24 25 9 17 25 25 2 19 1 15 25 25 4 25 24 6 10 25 25 23 7 25 25 16 16 25 15 12 2 4 19 25 8 25 12 25 25 6 11 25 25 18 25 21 5 16 2 25 25 25 15 2 9 5 25 3 25 25 11 25 9 25 25 7 25
25 8 17 22 15 20 2 25 2 25 25 25 7 25 23 24 15 25 25 25 11 10 17 25 16 25 25 25 2 25 25 25 25 14 7 11 22 22 25 25 25 10 25 25 25 2 25 25 10 25 25 16 4 11 3 5 25 0 5 18 18 19 25 15 1 15 22 19 13 25 12 25 18 10 25 13 3 25 25 25 8 18 8 21 25 16 25 21 25 25 25
2 25 25 8 20 19 9 25 4 25 25 25 25 2 25 25 25 25 15 8 25 11 20 25 21 0 25 13 13 25 25 25 0 22 25 11 19 25 9 10 25 10 14 4 25 25 13 18 25 25 17 16 4 9 25 25 24 11 19 22 2 13 25 18 6 25 1 8 25 7 17 25 20 8 14 25 25 24 1 2 14 18 25 10 24 25 12 25 20 25
6 14 25 19 8 4 25 24 25 16 25 25 25 25 6 25 14 25 25 25 24 24 19 17 24 25 25 4 13 21 23 3 24 11 8 14 25 25 22 11 8 1 11 7 4 25 8 10 17 9 25 18 25 25 2 5 19 25 3 25 22 24 25 18 25 23 23 25 25 20 25 7 25 3 25 13 25 0 25 25 9 25 25 5 25 25 20 1 25
25 4 25 25 22 25 15 7 9 15 25 12 5 8 25 23 5 16 15 5 14 25 25 18 2 23 15 8 14 25 7 25 25 23 14 25 25 22 3 0 8 24 25 18 2 25 1 25 10 12 25 13 25 21 25 16 10 25 11 25 25 25 23 1 25 25 4 25 25 25 25 24 7 12 20 25 25 15 12 13 20 23 4 23 25 25 21 25
25 6 18 11 20 25 24 23 19 24 21 14 16 20 25 3 25 25 25 25 8 25 25 4 25 2 11 25 0 25 6 1 25 2 19 16 25 23 25 18 25 25 24 7 25 25 25 3 25 25 0 25 6 3 25 18 25 6 12 25 25 18 25 25 7 5 25 9 11 8 18 25 25 10 4 15 21 23 13 25 6 11 19 17 1 17 25
25 23 7 25 0 12 25 8 0 25 25 1 24 25 15 25 25 25 25 17 5 25 20 23 23 1 9 4 25 1 20 9 12 25 1 5 23 16 25 25 8 5 13 11 25 25 2 25 25 12 25 22 25 5 5 10 25 6 8 25 25 25 2 6 6 25 7 7 3 12 19 25 25 10 25 25 22 24 25 25 25 25 6 1 19 25
20 25 24 3 10 25 17 13 25 21 15 15 24 25 25 21 25 9 25 20 25 11 0 17 24 25 25 11 25 8 25 15 25 25 7 25 25 10 15 18 21 25 23 24 25 1 1 25 1 22 21 25 3 25 25 1 17 18 3 1 20 9 25 17 25 6 25 15 4 25 25 8 25 17 25 4 20 9 14 25 17 2 20 25 25
25 25 25 24 7 23 1 25 15 25 25 25 25 16 25 25 25 25 21 25 0 25 22 10 25 25 25 21 16 6 11 25 25 25 25 13 25 25 1 14 23 6 25 13 23 19 25 25 11 10 25 4 25 16 25 9 13 23 4 25 22 25 21 16 9 20 24 12 18 25 18 15 25 25 25 25 25 22 25 7 21 25 1 25
25 25 2 6 18 8 25 23 25 25 9 25 25 2 12 24 9 25 25 10 0 0 25 25 25 25 25 8 25 25 6 21 15 4 21 23 25 16 3 9 13 16 25 25 7 25 25 24 22 0 17 12 25 4 9 25 25 25 25 9 3 25 25 13 18 25 10 13 25 10 20 21 25 25 6 25 25 25 12 15 1 12 25
3 24 24 25 7 12 0 25 25 10 25 25 25 25 25 25 25 13 25 6 25 8 13 16 4 19 24 0 25 12 11 25 14 17 25 22 25 10 5 25 3 13 24 25 25 15 25 1 11 10 6 12 19 5 25 4 25 25 25 25 25 18 19 16 23 20 25 25 15 25 25 25 7 19 25 25 9 1 16 14 25 25
25 25 7 7 25 4 25 25 19 25 13 17 11 25 12 25 25 3 7 14 25 25 4 25 25 19 7 8 25 11 23 21 25 25 25 9 20 5 6 9 25 4 25 16 25 25 1 25 24 25 22 24 25 1 2 22 23 25 25 25 10 25 23 19 25 24 6 17 6 7 12 6 19 5 18 25 18 14 25 3 25
9 19 25 25 14 25 5 25 6 11 7 15 25 25 5 5 25 10 24 18 4 8 25 22 0 13 25 5 25 9 24 2 12 9 25 25 18 8 25 16 25 25 25 25 22 25 21 25 21 13 23 20 25 16 2 25 25 10 10 24 4 25 7 24 3 25 25 14 5 17 25 22 3 25 6 18 4 20 25 25
25 6 17 25 25 25 25 25 25 25 15 6 21 25 25 16 14 22 8 25 25 17 22 11 25 19 25 25 25 7 3 0 3 25 25 2 25 19 25 22 25 25 15 25 25 10 17 25 25 11 25 20 25 25 17 25 24 25 20 25 25 25 25 15 12 5 7 25 14 20 25 19 4 25 6 25 18 25 25
22 25 25 21 25 25 24 25 8 3 25 12 17 18 9 25 25 15 25 10 4 22 25 25 16 7 25 22 13 1 7 25 5 12 25 25 25 9 15 25 14 25 9 17 25 25 25 25 14 11 0 22 21 25 25 21 16 25 3 4 25 11 25 18 20 25 25 0 17 25 11 2 25 21 25 4 10 25
25 19 25 0 5 18 25 10 25 25 4 4 18 12 25 25 4 25 4 4 25 20 14 25 20 25 23 25 25 25 21 25 25 19 25 25 21 11 4 22 10 21 15 25 25 20 1 13 25 4 25 25 2 25 25 1 2 25 25 25 3 1 13 25 16 1 25 1 2 7 25 11 10 25 25 17 25
12 25 19 25 25 24 18 3 24 25 10 1 25 23 25 25 11 25 13 25 25 14 9 25 5 25 25 25 13 25 10 25 25 15 25 25 25 21 8 25 0 11 8 25 12 25 21 21 12 0 3 22 25 25 25 25 21 8 21 22 4 19 3 15 25 20 9 25 21 14 25 2 25 20 25 25
25 5 25 25 19 25 21 6 9 8 25 10 5 15 7 8 19 9 3 8 19 25 0 25 13 23 0 25 18 13 25 4 25 25 20 5 9 1 25 1 25 25 25 25 23 0 25 3 11 25 25 25 22 18 13 25 25 25 0 6 13 3 5 25 1 8 25 11 25 2 3 16 14 25 25
3 17 9 25 12 25 25 25 25 15 18 22 25 25 13 6 25 13 25 25 9 11 25 14 25 25 6 14 25 5 3 25 11 18 25 23 25 7 0 25 25 25 4 25 25 25 4 25 9 25 25 5 20 16 19 25 16 25 25 25 25 25 17 22 1 25 25 25 0 7 21 23 18 25
25 25 14 25 11 25 22 10 0 25 1 25 12 1 25 4 25 7 25 4 23 25 25 18 19 25 25 25 3 21 2 8 25 0 22 9 5 14 25 25 20 22 10 20 25 20 25 2 22 16 22 8 25 25 9 21 25 8 9 14 25 25 19 17 25 25 1 7 8 12 12 22 25
25 25 16 25 21 2 24 4 3 18 25 25 23 25 24 13 25 25 25 5 25 16 25 7 25 8 25 3 25 24 25 12 3 5 25 25 25 25 23 7 25 20 12 15 25 8 25 21 13 20 9 25 2 5 25 9 21 25 25 7 24 25 11 1 24 10 12 25 25 22 14 25
13 21 25 22 19 4 9 25 7 2 25 3 25 1 1 25 25 25 25 25 25 0 1 13 16 24 25 25 25 11 25 16 25 25 25 21 12 25 25 12 7 22 7 25 25 10 5 20 25 12 14 25 9 6 19 14 25 9 25 9 25 25 23 20 25 8 25 24 21 17 25
9 3 23 21 1 19 25 25 18 16 0 12 10 0 20 25 22 25 25 3 0 15 25 3 14 9 25 25 25 15 11 3 15 6 19 25 25 23 8 13 25 0 1 19 16 3 17 25 24 25 25 25 7 25 25 24 20 12 7 25 16 5 8 7 25 25 12 25 11 25
18 25 25 25 2 25 3 25 25 17 17 25 25 22 4 25 25 3 25 21 17 25 11 17 0 21 25 25 15 24 20 6 14 22 9 1 5 25 25 1 4 10 13 12 25 10 18 3 13 16 25 5 0 1 25 21 3 0 23 25 4 12 25 24 25 25 25 13 25
1 19 2 25 25 25 10 25 11 22 14 4 7 24 23 8 19 25 17 18 25 25 9 20 20 11 25 7 17 25 21 2 17 7 10 25 15 25 25 25 0 17 23 15 24 24 25 6 25 25 25 11 1 25 25 25 25 6 25 25 14 16 14 25 25 2 17 25
13 12 25 25 25 2 9 17 6 6 25 16 25 25 25 25 25 0 24 25 0 25 6 25 0 6 15 25 25 25 3 20 25 14 13 25 10 25 6 25 10 25 25 25 7 25 25 6 12 3 3 3 25 0 25 19 25 18 25 23 4 25 9 25 16 18 25
25 25 25 25 12 24 17 25 10 25 2 25 12 14 22 25 10 12 25 13 4 6 20 25 25 1 25 20 25 18 21 25 8 2 1 19 10 0 25 25 20 25 16 25 25 1 25 17 25 25 25 25 25 7 20 7 21 11 25 8 15 25 18 24 25 25
10 25 4 25 25 22 24 16 25 15 14 0 25 12 25 10 25 25 7 25 7 0 18 15 25 25 24 20 25 19 25 25 12 10 25 17 25 25 1 25 25 25 25 13 4 11 25 25 25 23 25 6 8 3 3 25 11 25 25 25 8 1 25 3 25
8 12 25 25 25 25 4 25 12 16 25 24 25 20 25 25 25 2 25 25 22 1 0 10 13 25 25 21 0 25 7 25 16 11 11 25 1 25 25 25 25 0 7 17 25 25 25 25 25 25 16 25 1 25 19 19 25 25 23 25 8 0 17 25
19 0 0 25 2 15 15 7 16 16 3 25 22 5 25 25 25 13 11 25 25 18 8 16 4 2 16 25 25 25 9 6 2 1 10 12 25 25 25 8 2 19 24 25 8 13 15 25 25 11 14 9 25 13 23 25 25 17 25 25 25 25 25
16 23 25 21 3 25 25 25 1 25 1 25 15 25 25 7 11 25 8 18 25 6 8 20 18 19 25 25 2 25 3 25 25 25 25 25 17 24 25 16 25 3 25 17 12 23 25 11 24 19 15 25 25 25 25 25 23 0 25 5 25 25
1 25 6 20 16 5 25 10 14 12 2 7 14 17 17 25 19 25 8 20 22 25 16 17 6 25 25 25 13 25 25 10 25 4 5 13 10 3 14 5 25 5 2 17 25 25 3 19 25 25 9 25 7 25 25 25 22 19 23 25 25
13 25 10 17 25 15 25 18 3 11 19 25 19 1 25 12 5 7 15 4 25 16 2 15 13 25 6 25 25 17 25 12 25 5 24 24 25 22 0 15 15 1 4 25 25 2 12 25 7 4 20 25 13 6 21 25 9 25 0 25
18 25 20 25 25 0 25 17 25 25 0 20 10 2 25 6 5 13 15 5 22 7 25 25 23 15 13 11 25 24 19 10 25 25 4 25 11 21 25 25 25 25 25 25 25 25 25 25 25 25 25 25 25 25 25 25 25 25 25
25 25 25 25 25 25 25 25 25 25 25 6 25 25 25 25 25 25 25 25 25 25 25 25 25 25 25 25 25 25 25 25 25 9 25 25 25 25 25 25 25 25 25 25 25 25 25 25 25 25 25 25 25 25 25 25 25 25
10 25 25 25 25 25 25 25 25 25 25 25 25 25 25 25 25 25 25 3 25 25 25 25 25 25 25 25 25 25 25 25 25 25 25 25 25 25 25 25 25 25 25 25 25 25 25 25 25 25 25 25 25 25 25 25 25
25 25 25 25 25 25 25 25 25 25 25 25 25 25 25 25 25 25 25 25 2 25 25 25 25 25 25 25 25 25 25 25 25 25 25 25 25 25 25 25 25 25 25 25 25 25 25 25 25 25 25 25 25 25 25 25
25 25 25 25 25 25 25 25 25 25 25 6 25 6 25 25 25 25 25 25 25 25 25 25 25 25 25 25 25 25 25 25 25 25 25 25 25 25 25 25 25 25 25 25 25 25 25 25 25 25 25 25 25 25 25
25 25 25 25 25 25 25 25 25 25 25 25 25 25 25 25 25 25 25 25 25 25 25 25 25 25 25 25 25 25 25 25 25 25 25 25 25 25 25 25 25 25 25 25 25 25 25 25 25 25 25 25 25 25
25 25 0 25 25 25 25 25 25 25 25 25 25 25 25 25 25 25 25 25 25 25 25 25 25 25 25 25 25 25 25 25 25 25 25 25 25 25 25 25 25 25 25 2 25 25 25 25 25 25 25 25 25
25 25 25 25 25 25 25 25 25 25 25 25 25 25 25 25 25 25 25 25 25 25 25 25 25 25 25 25 25 25 25 25 25 25 25 25 25 25 25 25 25 25 25 25 25 25 25 25 25 25 25 25
25 25 25 25 25 25 25 25 25 25 25 25 25 25 25 25 25 25 25 25 25 25 25 25 25 25 25 25 25 25 25 25 25 25 25 25 20 25 25 25 25 25 25 25 25 25 25 25 25 25 25
25 25 25 25 25 25 25 25 25 25 25 25 25 25 25 25 25 25 25 25 25 25 25 25 25 25 25 25 25 25 25 25 25 25 25 25 25 25 25 25 25 25 25 25 25 25 25 25 25 25
25 25 25 25 25 25 25 25 25 25 25 25 25 25 25 25 25 25 25 25 25 25 25 25 25 25 25 25 25 25 25 25 25 25 25 25 25 25 25 25 25 25 25 25 25 25 25 25 25
25 25 25 25 25 25 25 25 25 25 25 25 25 25 25 25 25 25 25 25 25 25 25 25 25 25 25 25 25 25 25 25 25 25 25 25 25 25 25 25 25 25 25 25 25 25 25 25
25 25 25 25 25 25 25 25 5 25 25 25 25 25 25 25 25 25 25 25 25 25 25 25 25 25 25 25 25 25 25 25 25 25 25 25 25 25 25 25 25 25 25 25 25 25 25
25 25 25 25 25 25 25 25 25 25 19 25 25 25 25 25 25 25 25 25 25 25 25 25 25 25 25 25 25 25 25 25 25 25 25 25 25 25 25 25 25 25 25 25 25 25
25 25 25 25 25 25 25 25 25 25 25 25 25 25 25 25 25 25 25 25 25 25 25 25 25 25 25 25 25 25 25 25 25 25 12 25 25 25 25 25 25 25 25 25 25
25 25 25 25 25 25 25 25 25 25 25 25 25 25 25 25 25 25 25 25 25 25 25 25 25 25 25 22 25 25 25 25 25 25 25 25 25 25 25 25 25 25 25 25
25 25 25 25 25 25 25 25 25 25 25 25 25 25 25 25 25 25 25 25 25 25 25 25 25 25 25 25 25 25 25 25 25 25 25 25 25 25 25 25 25 25 25
25 25 25 25 25 25 25 25 25 25 25 25 25 25 25 25 25 25 25 25 25 25 25 25 25 25 25 25 25 25 25 25 25 25 25 0 25 25 25 25 25 25
25 25 25 25 25 25 25 25 25 25 25 25 25 25 25 25 25 25 25 25 25 25 25 25 25 25 25 25 25 25 25 25 25 25 25 25 25 25 25 25 25
25 25 25 25 25 25 25 25 25 25 25 25 25 25 25 25 25 25 25 25 25 25 25 25 25 25 25 25 25 25 25 25 25 25 25 25 25 25 25 25
25 25 25 25 25 25 25 25 25 25 25 25 25 25 25 25 25 25 25 25 25 25 25 25 25 25 25 25 25 25 25 25 25 25 25 25 25 25 25
25 25 25 25 25 25 25 25 25 25 25 25 25 25 25 25 25 25 25 25 25 25 25 25 25 14 25 25 25 25 25 25 25 25 25 25 25 25
25 25 25 25 21 25 25 25 25 25 25 25 25 25 25 25 25 25 25 25 25 25 25 25 25 25 25 25 25 25 25 25 25 25 25 25 25
25 25 25 25 25 25 25 25 25 25 25 25 25 25 25 25 25 25 25 25 25 25 25 25 25 25 25 25 25 25 25 25 25 25 25 25
25 25 25 25 25 25 25 25 25 25 25 25 25 25 25 25 25 25 25 25 25 25 25 25 25 25 25 25 25 25 25 25 25 25 25
25 25 25 25 25 25 25 25 25 25 25 25 7 25 25 25 25 25 25 25 25 25 25 25 25 25 25 25 25 25 25 25 25 25
25 25 25 25 25 25 25 25 25 25 25 25 25 25 25 25 25 25 25 25 25 25 25 25 25 25 25 25 25 25 25 25 25
25 25 25 25 25 25 25 25 25 25 25 25 25 25 25 25 25 25 25 25 25 25 25 25 25 25 25 25 25 25 25 25
25 25 25 25 25 25 25 25 25 25 25 10 25 25 25 25 25 25 25 25 25 25 25 25 25 25 25 25 25 25 25
25 25 25 25 25 25 25 25 25 25 25 25 25 25 25 25 25 25 25 25 25 25 25 25 25 25 25 25 25 25
25 25 25 25 25 25 25 25 25 25 25 25 25 25 25 25 25 25 25 25 25 25 25 25 25 25 25 25 25
25 25 25 25 25 25 25 25 25 25 25 25 25 0 25 25 25 25 25 25 25 25 25 25 25 25 25 25
25 25 25 25 25 25 25 25 25 25 25 25 25 25 25 25 25 25 25 25 25 25 25 25 25 25 25
25 25 25 25 25 25 25 25 25 25 25 25 25 25 25 25 25 25 25 25 25 25 25 25 25 25
25 25 25 25 25 25 25 25 25 25 25 25 25 25 25 25 25 25 25 0 25 25 25 25 25
25 25 25 25 25 25 25 25 25 25 25 25 25 25 25 25 25 2 25 25 25 25 25 25
25 25 25 25 25 25 25 25 25 25 25 25 25 25 25 25 25 25 25 25 25 25 25
25 25 25 25 25 25 25 25 25 25 25 25 25 25 25 25 25 25 25 25 25 25
25 25 25 25 25 25 25 25 25 25 25 25 25 25 25 25 25 25 25 25 25
25 25 25 25 25 25 25 25 25 25 25 25 25 25 25 25 25 25 25 25
25 25 25 25 25 25 25 25 25 25 25 25 25 25 25 25 25 25 25
25 25 25 25 25 25 25 25 25 25 25 25 25 25 25 25 3 25
25 25 25 25 25 25 25 25 25 25 25 25 25 25 25 25 25
25 25 25 25 25 25 25 25 25 25 25 25 25 25 25 25
25 25 25 25 25 25 25 25 25 25 25 11 25 25 25
25 25 25 25 25 25 25 25 25 25 25 25 25 25
25 25 25 25 25 25 25 25 25 25 25 25 25
25 25 25 25 25 25 25 25 25 25 25 25
25 25 25 25 25 25 25 25 25 25 25
25 25 25 25 25 25 25 25 25 25
25 25 25 25 25 25 25 25 25
25 25 25 25 25 25 25 25
25 25 25 25 25 25 25
25 25 25 25 25 25
25 25 25 25 25
25 25 25 25
25 25 25
25 25
25
