100 25
13 25 25 15 7 1 25 11 1 22 19 9 18 14 22 7 20 25 7 5 18 3 17 25 24 16 13 1 25 8 25 20 2 9 13 7 14 24 7 19 14 25 17 6 25 25 16 15 25 25 13 23 8 25 24 0 0 5 2 8 13 14 16 22 25 25 23 23 14 21 21 25 10 25 8 23 7 25 25 22 24 17 3 25 24 8 15 3 18 4 25 7 25 4 10 7 12 2 25 25
21 7 25 9 5 0 25 25 25 25 25 25 1 25 25 25 20 25 12 20 3 3 25 6 14 25 21 25 19 25 6 7 25 25 1 12 25 8 25 22 8 25 25 23 25 11 25 8 4 2 25 11 25 25 0 25 21 6 6 25 19 20 25 10 3 18 25 25 11 18 13 7 25 19 2 13 25 25 19 20 2 18 15 1 25 12 6 11 25 9 2 17 25 24 20 11 21 4 25
25 25 9 25 25 25 4 25 13 25 25 14 4 17 25 3 25 25 25 13 24 25 25 25 14 17 19 2 25 25 5 25 25 8 25 17 7 2 3 17 4 22 25 8 16 14 23 25 25 25 3 1 25 10 25 14 25 25 5 18 6 9 9 25 4 25 25 3 12 22 25 22 21 25 10 13 25 25 14 10 22 14 25 16 25 6 19 12 25 4 15 22 25 4 16 25 2 25
19 6 6 0 8 25 25 0 25 25 25 4 23 25 25 9 25 25 25 25 23 25 19 13 19 25 25 21 2 20 25 10 11 20 24 25 1 10 25 25 21 25 25 25 22 6 25 22 5 16 9 9 25 25 1 25 19 7 25 18 13 25 25 25 25 25 25 19 8 12 25 25 17 25 23 12 25 14 25 24 22 8 3 20 25 25 10 25 22 11 25 7 10 25 25 25 25
21 25 25 5 1 10 25 8 19 25 15 25 25 15 15 4 14 25 25 25 4 25 25 3 13 25 6 23 25 24 25 25 25 8 5 25 8 0 1 25 20 25 25 19 1 10 17 14 25 12 25 8 11 25 25 9 25 20 9 25 25 12 25 20 14 25 2 5 11 9 25 23 17 18 17 25 20 25 1 3 25 23 25 25 6 2 0 25 25 9 25 25 25 21 25 25
25 25 7 2 20 18 25 20 5 25 25 11 25 5 25 1 6 12 25 5 1 14 25 25 25 10 3 4 25 25 25 25 25 22 25 13 25 13 25 25 25 25 25 25 0 25 25 25 25 25 5 24 25 25 25 23 25 25 25 25 16 25 18 25 17 5 3 25 14 25 5 25 25 25 25 20 3 25 25 8 25 23 25 25 5 25 25 8 15 25 9 25 18 14 25
25 15 21 25 25 1 25 11 1 25 25 25 25 25 1 25 18 25 25 25 20 25 25 25 18 15 1 25 5 25 12 4 16 25 13 25 25 6 25 25 25 25 20 25 25 25 6 25 25 2 25 16 25 6 25 25 25 25 25 11 22 14 16 25 2 25 25 25 14 25 13 25 5 25 25 25 25 25 25 25 17 10 15 14 25 25 19 25 25 25 25 25 24 25
25 0 8 12 25 1 12 5 25 25 25 25 25 25 19 23 25 25 25 25 25 25 16 16 25 25 25 25 25 13 13 19 25 25 10 25 25 25 14 10 25 25 25 25 17 25 25 25 24 25 7 6 25 25 17 25 25 25 25 25 21 20 3 11 25 22 25 12 25 0 22 25 25 25 25 4 4 12 25 25 10 25 25 1 25 25 25 25 6 25 25 25 25
25 9 25 25 25 23 25 13 25 13 25 25 7 25 1 25 25 9 7 25 25 0 25 18 25 25 25 12 25 25 25 25 8 9 25 22 25 5 18 14 25 25 2 25 15 5 20 25 25 25 25 12 25 3 0 25 15 4 25 25 25 5 23 25 25 12 25 25 25 25 17 11 13 25 21 25 25 10 25 25 25 0 24 6 0 25 25 18 3 4 13 25
3 25 8 25 25 25 3 18 25 25 25 25 25 25 21 25 25 13 25 25 10 25 25 25 2 25 25 25 19 25 25 25 25 25 25 0 2 25 25 5 25 9 9 25 25 6 25 25 12 25 25 21 4 9 25 8 8 14 25 25 25 25 25 18 25 17 14 22 25 4 20 14 25 25 25 25 20 5 25 22 25 3 25 1 3 25 9 25 24 25 25
25 0 25 25 25 7 25 2 25 25 11 18 6 25 25 2 25 11 25 25 8 25 25 12 20 3 25 14 9 25 25 5 25 13 25 7 25 25 25 25 25 25 25 25 5 25 25 25 25 16 25 25 2 25 23 25 4 25 6 1 25 1 1 25 2 25 20 25 25 19 25 25 12 25 25 17 11 25 25 24 25 25 22 25 6 25 22 25 7 25
25 25 18 25 19 11 16 25 11 1 25 14 17 25 25 25 10 25 25 0 24 25 9 25 24 25 25 25 25 25 25 25 25 5 25 17 5 25 10 24 25 25 25 25 25 5 18 25 25 25 25 7 25 25 25 25 9 14 25 11 25 1 25 18 24 16 25 14 20 24 25 25 25 25 8 23 15 1 4 25 25 17 18 25 25 18 19 25 25
3 9 25 13 25 25 25 25 8 25 25 7 24 25 25 25 24 25 25 25 25 25 25 7 25 14 25 22 25 0 2 18 11 25 15 25 24 25 3 12 25 20 25 7 17 9 19 25 25 24 25 25 13 25 17 25 25 25 1 25 11 24 25 25 25 12 20 25 25 25 25 25 6 25 25 17 5 17 25 25 25 23 3 25 25 25 3 25
10 25 12 25 25 25 9 25 25 19 20 11 25 25 25 25 25 25 13 25 24 4 25 12 0 25 9 2 25 25 25 25 25 3 25 20 25 25 25 10 25 1 25 17 18 5 2 6 25 25 25 25 6 1 12 25 25 25 22 25 0 25 25 25 25 25 25 25 24 25 25 25 25 25 25 25 23 25 25 15 25 16 25 25 12 25 25
5 25 25 25 23 25 17 25 19 13 25 13 2 25 5 25 25 1 25 25 25 25 25 14 25 25 25 25 25 21 11 1 25 25 25 25 25 9 25 8 3 20 0 12 25 25 5 25 22 25 25 25 25 25 25 25 25 25 3 18 8 25 25 4 15 24 16 25 25 25 25 25 25 25 25 25 25 25 25 25 25 12 24 25 25 25
25 6 25 25 15 25 25 25 25 25 2 0 25 25 25 25 13 18 9 21 23 5 25 25 0 16 10 25 11 25 12 25 25 24 24 25 25 6 25 4 23 25 2 25 25 20 25 25 25 25 25 25 25 25 25 15 25 22 10 7 8 25 25 15 25 14 25 25 24 25 25 25 13 25 25 25 20 25 25 11 25 25 25 25 25
5 7 18 21 0 0 8 12 25 25 25 25 4 6 25 11 25 25 25 10 25 25 12 25 25 25 25 22 25 8 25 25 25 25 25 25 25 25 16 2 25 25 25 7 25 25 25 25 25 16 7 25 8 25 7 25 15 25 25 25 25 25 15 25 25 5 25 18 10 25 25 25 25 18 25 25 16 25 25 25 25 25 22 25
25 25 25 25 25 18 25 25 25 22 25 14 25 25 24 25 2 25 25 3 25 12 25 25 25 25 25 25 25 9 25 1 18 25 25 25 9 11 21 8 25 1 25 15 25 25 8 25 25 0 10 25 10 14 9 17 25 25 25 25 14 25 25 25 25 25 4 25 7 25 25 25 25 25 25 16 0 2 25 25 19 25 25
8 1 25 25 25 25 25 6 25 12 7 25 23 25 25 11 25 25 25 25 25 25 25 25 12 17 25 20 25 1 25 23 25 14 25 15 25 24 9 25 7 25 19 7 25 25 6 14 25 25 17 9 25 25 25 25 18 1 0 2 11 25 25 25 24 8 2 25 25 22 20 19 25 0 25 16 16 8 25 25 10 25
20 25 25 21 25 16 21 16 19 6 25 13 15 18 10 25 25 25 3 25 1 2 25 25 25 25 17 25 25 25 25 25 25 25 0 4 25 19 25 25 25 25 1 25 11 8 17 25 25 25 25 25 25 24 25 17 0 11 25 13 8 25 25 25 25 22 15 24 25 25 25 25 25 3 1 25 25 25 25 16 25
25 25 25 25 25 25 25 14 0 25 14 6 25 11 12 25 25 17 25 25 21 7 10 21 16 25 11 25 25 8 19 9 25 25 25 25 25 25 25 25 25 25 25 25 4 25 25 2 25 3 25 20 5 25 25 25 25 25 19 21 3 1 25 22 21 23 4 3 25 25 25 7 25 25 14 10 25 9 17 25
19 25 25 25 22 25 25 25 25 17 25 25 25 25 25 25 25 25 25 25 25 4 3 25 14 16 25 10 25 4 25 25 25 14 25 25 25 24 25 25 25 25 12 25 25 0 25 18 25 25 17 10 25 10 18 23 6 25 3 25 25 25 25 15 25 21 25 25 5 25 25 0 25 25 16 25 25 25 25
1 25 8 25 25 25 16 17 3 25 17 7 25 3 25 18 9 25 25 25 25 10 15 25 25 7 25 20 18 5 25 25 2 24 25 25 25 25 4 21 25 25 25 12 25 17 25 17 17 25 25 12 25 25 25 25 12 11 25 24 25 25 25 17 25 25 25 6 25 18 18 25 25 25 25 14 25 25
25 25 25 18 20 25 21 25 16 25 25 25 23 25 25 19 10 25 17 25 25 4 2 9 25 25 12 5 25 5 17 25 25 25 25 3 14 25 1 25 25 25 25 3 25 13 2 25 21 24 25 25 21 17 14 21 25 0 9 20 25 13 25 25 25 6 17 25 4 25 25 25 18 25 25 6 25
2 6 25 25 25 25 25 15 14 25 14 25 25 9 25 7 25 25 25 16 10 25 25 10 25 25 25 25 25 24 25 25 16 25 15 25 25 25 1 25 25 2 0 21 14 25 22 25 25 11 21 3 15 9 9 25 25 5 4 25 25 25 11 25 25 25 25 25 25 20 15 8 25 25 16 25
25 7 24 14 25 25 4 25 1 4 13 25 15 25 20 25 16 0 25 8 25 25 12 25 25 0 5 23 25 25 25 25 25 25 25 25 25 20 25 5 25 25 25 10 16 3 25 25 8 0 25 25 13 15 20 25 25 25 25 16 1 25 9 25 25 25 25 25 21 25 25 25 2 25 25
25 25 25 25 11 5 25 25 25 25 14 25 1 25 25 5 2 19 25 19 5 17 25 25 25 25 3 25 23 25 25 11 25 25 16 23 25 25 3 25 7 25 17 25 25 17 25 10 14 25 5 22 25 25 25 25 25 2 25 25 25 25 25 25 25 25 25 11 25 25 5 25 18 25
25 0 25 12 22 25 25 25 25 25 25 25 25 5 25 12 25 12 25 10 15 14 9 25 25 25 25 19 11 2 25 9 23 25 9 25 14 0 25 4 0 6 9 25 25 25 25 7 25 1 23 24 25 25 25 25 8 25 25 25 25 3 25 25 15 6 5 25 25 25 25 1 25
22 15 25 25 25 25 3 25 25 25 25 15 25 11 24 6 25 25 25 16 3 25 25 25 9 25 25 25 7 25 8 25 3 25 25 22 25 17 25 25 18 25 18 25 25 25 25 9 5 25 25 19 25 6 25 25 4 25 25 14 25 25 25 4 25 9 13 25 25 25 25 25
16 25 22 25 25 25 25 25 25 25 25 25 25 25 12 15 25 25 25 25 13 25 25 25 14 25 3 25 1 25 20 25 19 10 2 6 25 25 25 25 25 0 25 25 25 23 25 25 16 25 25 25 25 25 25 25 22 25 25 25 25 25 25 16 9 9 4 25 25 25 25
25 25 25 25 25 25 4 18 25 25 24 25 5 6 25 22 25 25 25 16 25 25 25 25 25 25 12 25 25 23 5 25 25 25 25 25 2 15 25 25 21 3 25 25 25 25 23 10 25 14 25 25 25 25 25 9 25 25 2 15 6 25 25 25 25 0 6 11 25 25
25 25 25 25 7 25 25 8 25 24 24 25 25 19 25 25 4 25 25 25 25 25 25 25 2 19 25 25 25 25 9 25 1 25 25 25 10 25 25 8 25 25 25 25 25 25 25 25 25 24 5 0 25 22 3 25 25 25 22 25 25 25 8 25 25 25 24 25 25
25 2 25 3 17 0 25 19 9 25 25 25 25 16 24 24 25 15 25 4 25 25 25 3 0 25 25 25 2 14 12 25 25 25 25 25 11 25 25 25 13 25 25 25 6 25 25 25 0 25 25 15 25 25 25 25 25 21 12 13 8 25 24 25 25 7 17 25
24 25 21 10 25 9 25 22 15 25 25 25 25 25 25 25 25 25 3 25 25 25 25 25 25 17 20 25 8 8 25 25 25 25 25 25 25 4 25 25 11 25 18 23 25 25 9 12 20 25 2 13 25 25 13 2 25 25 25 21 25 25 25 25 14 25 25
25 25 25 2 25 16 25 25 25 25 25 25 25 25 22 25 5 25 25 25 1 2 17 25 2 25 25 7 25 25 25 25 25 22 25 25 25 8 7 25 25 25 25 25 25 6 12 25 25 0 25 25 25 25 25 19 25 19 7 25 25 25 25 13 3 25
25 25 9 8 4 25 25 25 25 19 16 4 25 25 25 25 25 25 25 25 25 5 25 25 25 18 7 8 25 25 11 25 25 23 25 15 22 5 25 25 25 25 25 25 25 25 25 17 25 25 25 25 21 25 16 25 25 6 25 25 25 9 25 1 25
22 25 13 25 25 5 25 9 17 22 25 25 25 2 25 3 25 25 15 6 25 25 2 23 25 14 21 1 25 22 25 25 25 25 25 13 18 25 25 17 25 25 2 24 25 25 25 25 25 11 11 19 20 8 25 25 16 25 3 25 25 25 24 25
25 25 25 25 25 25 25 2 25 25 8 13 12 9 25 22 25 25 25 25 7 15 25 25 25 25 25 4 25 25 25 25 25 19 11 21 25 25 25 25 3 25 24 25 25 25 8 25 25 25 25 0 7 10 10 22 3 25 25 25 25 25 25
12 24 25 25 25 25 16 25 25 23 17 25 13 25 4 20 25 14 25 25 25 3 25 22 25 25 6 25 25 25 25 6 25 3 25 25 4 4 25 25 25 25 25 25 7 25 15 25 25 25 4 25 14 4 2 25 25 25 25 9 25 25
11 25 25 22 1 25 6 19 1 25 5 24 25 7 15 17 25 25 6 25 20 25 25 24 2 25 25 25 25 25 17 25 25 25 25 25 8 25 25 25 25 25 25 25 25 25 25 18 25 25 8 25 25 0 25 25 25 13 25 25 25
14 25 25 25 1 25 12 25 25 5 0 25 25 25 3 16 20 4 13 0 25 17 25 22 25 25 25 1 25 25 18 25 23 25 25 10 25 25 25 0 25 2 25 8 25 25 25 25 13 4 25 4 1 25 11 24 25 25 15 25
25 25 25 25 24 25 0 25 25 25 8 25 22 25 5 8 25 11 22 4 25 25 16 0 17 25 1 0 24 13 25 25 4 25 22 16 25 25 25 15 25 25 25 25 25 24 25 11 25 25 12 25 25 9 6 25 13 2 25
21 14 25 6 19 21 1 6 25 25 25 25 22 25 0 25 25 25 25 25 10 12 3 25 25 17 10 21 25 25 25 25 24 25 25 25 8 20 25 21 25 23 25 25 22 25 18 25 25 25 13 25 4 18 13 9 25 25
13 25 25 25 25 4 25 25 25 25 25 25 25 25 25 9 25 25 6 25 25 25 25 5 16 25 22 12 25 10 3 25 25 12 25 10 13 25 16 25 20 15 18 11 5 24 25 25 25 25 25 25 25 25 25 25 25
25 3 25 18 25 25 25 23 11 6 25 25 25 25 24 25 25 9 7 25 25 25 25 19 21 25 25 25 25 25 25 25 25 11 14 2 3 8 25 5 25 10 15 25 2 25 25 25 25 6 25 25 25 3 25 25
15 25 25 10 25 25 7 25 17 25 13 25 25 25 25 25 25 15 25 25 25 25 25 25 11 25 10 25 1 14 25 25 0 3 25 3 25 25 0 18 25 3 25 25 25 25 15 25 2 25 25 23 25 11 25
25 16 2 13 25 1 9 25 25 25 25 25 20 25 25 25 25 25 25 25 25 25 25 25 25 25 5 25 18 25 25 25 25 1 10 25 25 25 11 25 22 25 25 25 24 19 25 25 25 25 6 25 23 25
16 25 22 25 17 25 25 25 21 25 25 24 17 25 10 25 25 25 19 25 7 25 25 1 25 25 25 25 25 17 2 15 25 21 25 5 25 25 20 25 25 25 13 25 25 25 25 25 21 25 14 25 25
25 25 25 18 16 25 25 4 25 25 12 25 20 25 19 23 25 5 17 25 25 2 25 4 25 25 9 25 25 3 25 21 25 25 23 25 25 25 25 25 6 25 25 13 15 25 11 25 25 25 16 25
1 25 25 24 11 11 25 25 25 25 11 9 25 25 25 25 25 25 25 21 9 25 25 25 6 13 25 25 0 25 12 25 5 25 13 3 19 25 25 25 25 25 25 25 25 18 11 25 25 25 25
19 25 25 10 25 25 3 25 12 18 25 25 5 25 25 25 15 25 25 20 25 25 25 25 25 25 25 1 22 20 25 14 8 25 25 25 25 25 17 25 25 25 8 25 25 7 14 22 25 25
25 25 25 25 8 15 25 25 25 25 23 25 25 25 0 25 24 25 25 25 25 25 12 25 19 2 11 25 25 25 7 15 25 9 16 25 21 5 20 25 25 19 10 25 19 25 25 13 25
25 22 25 25 25 23 25 20 6 25 25 25 25 25 7 25 25 2 25 16 23 0 19 12 3 13 15 25 25 12 25 7 24 11 25 25 17 25 12 25 25 16 25 25 25 18 4 25
16 25 25 3 5 25 21 25 11 25 18 18 25 25 25 25 25 12 25 0 5 16 25 25 25 25 25 25 20 25 21 25 25 25 25 9 25 25 25 20 7 25 25 0 25 25 25
3 25 25 25 18 24 23 25 25 25 1 2 9 25 25 25 25 10 25 25 25 25 25 25 25 25 10 25 16 7 25 7 25 25 25 0 25 25 25 25 17 25 18 24 25 25
25 25 18 23 25 6 25 25 25 25 25 25 25 25 25 8 25 21 25 25 25 25 25 25 10 25 25 9 25 0 18 25 2 25 13 25 25 1 25 4 12 25 0 9 25
25 15 25 25 25 25 22 25 25 25 16 25 25 25 6 12 20 15 25 11 25 25 25 14 20 25 25 15 25 25 22 25 16 25 25 25 25 25 25 25 19 25 0 25
25 25 25 25 25 11 21 25 25 22 25 25 21 25 18 25 6 25 25 25 25 4 25 25 15 25 25 25 25 25 25 8 25 7 2 25 25 8 24 25 25 25 25
20 25 25 25 25 25 1 25 16 22 7 25 5 25 19 22 25 0 21 25 0 18 25 25 14 11 25 3 25 25 23 25 5 25 18 25 23 25 25 25 21 25
8 19 25 25 25 25 25 22 0 25 25 25 25 3 5 4 25 25 10 25 25 25 22 25 25 25 25 25 25 25 25 0 25 25 25 25 25 25 25 25 25
1 13 25 25 16 4 23 25 20 25 25 25 25 25 25 25 25 10 25 22 2 25 25 25 25 25 23 11 25 22 25 22 25 25 25 10 25 1 25 25
25 25 25 25 25 25 25 25 25 22 25 14 7 6 22 1 25 25 11 8 25 25 25 4 20 25 25 3 25 25 25 24 25 25 18 25 25 25 25
21 25 25 25 25 25 25 25 25 25 4 22 12 25 16 23 16 12 3 25 25 25 25 25 25 1 25 25 0 25 25 25 25 25 18 9 18 25
25 19 15 9 18 4 25 25 12 8 25 25 3 25 16 13 25 3 20 25 21 25 25 25 25 25 25 25 3 14 25 5 25 25 10 25 25
25 25 15 25 18 25 2 23 25 4 25 11 22 25 19 19 25 25 25 25 24 25 25 12 25 25 25 25 9 3 25 25 25 25 17 25
25 24 25 25 13 25 14 25 25 21 16 23 25 25 24 25 12 25 25 20 12 8 15 11 25 25 7 25 25 25 12 25 25 10 25
25 25 25 23 25 25 1 25 25 25 8 9 25 25 25 6 25 23 25 25 25 9 25 25 25 25 25 25 12 25 1 10 7 25
3 1 14 25 25 25 22 25 25 25 25 25 25 25 25 25 25 25 25 25 2 25 25 25 25 25 19 21 25 13 4 25 25
25 23 9 8 25 25 22 12 12 25 25 25 25 18 23 25 25 25 0 25 25 13 2 9 25 25 0 25 25 22 1 25
25 25 2 4 22 16 9 25 25 25 25 3 4 24 11 25 25 25 21 2 25 25 7 12 19 10 25 23 25 25 25
25 25 8 25 25 4 25 25 25 11 23 25 25 25 5 25 25 25 15 25 20 25 22 6 10 17 25 25 25 25
25 25 25 25 3 25 25 25 10 7 25 23 4 1 25 6 25 16 25 25 25 25 25 25 25 4 25 25 25
25 25 25 13 25 6 4 25 0 25 25 18 25 2 1 25 13 25 25 25 19 6 25 13 25 25 6 25
25 25 25 19 24 25 21 16 6 9 0 25 25 25 25 25 25 25 16 25 25 25 25 5 25 25 25
25 16 25 25 8 25 25 25 10 25 25 25 21 25 25 20 19 17 22 10 22 12 13 25 16 25
21 8 25 5 25 25 10 20 23 1 25 25 8 25 23 25 25 25 25 14 25 17 0 19 25
25 7 10 10 21 25 25 25 25 25 25 23 25 13 7 8 25 25 25 15 10 19 25 25
25 7 25 25 23 13 25 19 25 25 7 11 25 25 21 18 9 25 25 25 11 25 25
21 17 25 25 25 25 25 17 11 25 25 25 5 16 14 13 25 25 12 5 4 25
25 25 13 25 25 24 25 25 25 25 25 8 10 25 1 25 25 25 25 20 25
25 6 15 25 11 25 25 25 0 16 15 25 25 25 23 25 25 25 25 25
25 25 20 4 12 9 12 15 25 7 12 25 0 25 25 25 22 20 25
25 25 20 25 25 25 25 25 25 25 4 25 13 0 5 25 10 25
10 20 15 14 25 7 25 13 11 24 25 17 25 25 21 25 25
25 25 25 25 25 11 19 25 25 24 25 25 17 25 11 25
25 25 23 25 20 25 23 25 6 17 25 10 25 25 25
25 25 6 25 25 10 25 23 25 24 25 8 8 25
25 25 25 25 11 25 6 25 18 8 25 25 25
25 25 25 25 25 25 21 13 25 25 25 25
25 17 25 25 25 3 25 23 25 25 25
16 25 25 25 25 25 25 24 8 25
25 18 25 25 25 20 25 25 25
25 25 25 25 4 25 15 25
25 25 25 7 12 25 25
25 16 25 25 25 25
22 14 18 25 25
25 25 25 25
25 25 25
12 25
25
