100 25
25 25 25 25 25 25 25 25 14 25 17 17 1 25 13 13 25 25 25 14 25 25 10 7 10 25 25 25 6 25 24 25 25 25 25 25 25 25 13 25 25 25 25 3 16 25 25 25 25 25 25 24 25 25 0 12 25 3 25 25 25 25 23 23 25 2 25 25 25 12 25 25 6 25 25 25 15 25 25 25 25 15 10 5 25 25 25 25 25 20 25 25 18 25 23 18 25 25 25 25
17 11 25 1 9 25 12 17 25 25 25 25 18 25 25 25 25 1 25 25 25 25 25 25 24 13 25 25 10 25 6 25 25 25 25 13 25 16 3 25 6 25 25 19 18 25 25 25 25 25 25 25 3 15 25 0 25 8 15 25 2 25 25 2 25 25 25 23 0 0 25 25 17 16 25 25 22 25 25 18 11 25 25 25 25 25 25 10 18 25 25 25 25 25 25 25 12 25 25
5 25 2 25 1 25 25 25 25 25 22 25 25 25 24 25 25 1 25 25 25 0 25 25 25 25 9 25 25 2 25 25 25 25 25 25 25 25 25 12 4 25 25 25 25 25 25 25 17 25 15 17 0 2 19 25 6 12 25 9 17 25 25 25 25 25 25 25 8 0 25 23 25 23 25 21 2 25 8 8 13 25 25 25 25 25 25 9 24 25 20 14 25 25 25 25 25 25
25 20 25 25 25 8 25 25 25 4 13 25 25 25 25 25 25 25 25 25 25 25 25 25 25 25 10 25 25 23 25 25 18 25 25 25 19 25 25 25 25 17 25 25 9 19 25 25 5 25 25 25 20 24 25 2 25 25 25 25 25 13 1 25 25 25 2 25 2 0 25 25 20 25 19 25 25 25 25 25 25 25 25 25 25 1 25 19 25 25 22 25 7 25 11 25 25
25 25 18 25 0 25 25 25 3 20 25 8 25 25 3 4 25 25 25 6 25 23 25 23 25 25 9 25 7 23 25 19 25 25 22 25 15 16 25 24 20 25 25 25 25 25 25 25 25 13 25 25 25 25 25 25 25 25 25 25 13 22 25 3 25 25 25 25 25 5 25 25 13 20 16 25 16 0 8 25 25 16 18 25 25 0 5 19 22 14 2 25 24 25 25 25
25 25 15 25 25 25 12 25 13 25 25 24 25 25 25 3 25 25 25 25 25 0 13 11 25 25 5 25 18 22 25 22 19 25 25 10 25 17 25 25 9 1 2 25 25 25 5 25 25 25 6 25 25 25 25 25 25 25 17 23 13 25 25 1 25 25 25 25 25 25 25 5 25 25 11 10 25 2 25 22 23 25 25 25 25 14 2 25 25 25 25 25 8 25 25
0 25 25 25 14 23 25 25 0 10 25 25 25 11 25 25 25 2 25 20 25 18 25 4 25 25 12 24 25 1 25 25 25 5 25 18 25 22 25 25 4 25 20 25 25 25 18 8 25 25 25 25 19 25 12 10 24 25 25 5 25 25 8 25 12 2 25 25 25 9 23 2 25 25 25 25 25 22 25 25 25 3 25 25 24 25 25 25 25 25 25 25 25 25
2 15 25 14 25 25 25 25 25 25 25 25 22 25 18 19 13 25 25 2 25 25 25 0 19 22 25 25 25 4 25 25 25 25 25 25 25 25 24 25 25 7 15 3 25 22 25 1 16 25 7 25 17 15 24 25 17 25 25 25 9 15 25 25 9 25 25 1 4 25 25 8 13 25 9 25 24 25 25 25 25 25 25 21 25 25 25 25 21 25 25 25 25
25 25 25 24 25 25 25 25 25 11 19 25 17 25 25 25 25 25 17 25 25 8 25 11 25 25 25 25 25 25 25 25 25 25 12 12 25 25 25 25 25 19 25 21 25 25 25 25 25 25 25 25 25 3 5 25 14 25 20 25 24 25 5 12 9 25 25 25 25 25 25 25 25 12 25 20 25 25 25 25 25 25 25 25 5 25 25 12 25 24 25 25
25 25 25 25 25 25 25 25 25 25 25 25 25 25 25 1 21 25 25 25 25 15 16 25 25 25 4 7 25 25 25 25 25 25 17 25 22 25 25 25 25 25 25 12 19 20 9 25 25 25 25 1 2 1 23 23 25 25 25 25 25 7 25 25 25 21 25 25 25 25 25 25 25 18 25 2 11 25 25 25 25 25 25 25 25 7 24 25 19 25 25
25 25 21 25 25 25 20 25 25 25 15 25 25 9 25 22 25 4 6 11 9 25 25 7 25 3 20 25 14 25 25 25 0 10 25 25 25 25 25 9 24 25 25 25 25 25 20 25 25 10 2 25 4 25 5 16 25 19 25 25 25 25 13 20 25 20 25 25 25 25 25 21 24 0 25 25 25 17 25 25 25 16 25 14 3 22 25 25 25 25
25 25 11 7 25 25 11 25 25 25 9 6 25 23 25 25 11 25 11 25 17 25 25 25 3 25 25 11 25 25 25 25 25 25 25 25 25 25 7 20 25 25 16 1 25 23 25 1 24 18 10 22 25 25 25 25 25 2 25 0 16 25 25 25 25 25 25 25 25 25 4 25 20 25 25 10 25 25 25 25 17 25 25 2 17 25 25 25 25
13 25 25 21 25 15 25 25 25 25 25 25 19 25 25 25 13 25 20 25 18 25 19 14 25 25 25 25 25 25 25 16 25 25 5 25 25 25 6 25 25 25 25 12 0 25 13 25 25 25 11 25 25 17 11 20 25 25 25 25 12 6 25 25 22 25 25 16 25 25 25 25 25 25 25 5 17 25 25 25 25 16 25 25 25 25 16 25
25 25 25 25 9 25 25 25 25 25 25 18 25 25 16 5 19 25 25 10 25 25 25 6 25 14 1 25 25 25 23 25 25 25 25 25 25 25 25 25 25 25 25 25 25 16 25 9 9 25 25 21 20 25 21 25 25 20 25 25 25 18 25 25 24 13 25 25 13 25 25 4 25 25 5 25 25 25 7 25 25 25 15 12 25 5 25
25 25 1 25 25 25 25 25 25 8 5 21 25 25 3 25 25 9 21 25 25 25 25 25 25 25 25 25 23 25 25 21 25 7 25 25 18 13 18 25 25 25 25 1 11 18 12 25 10 25 10 16 25 25 25 19 25 16 25 2 25 8 25 25 19 15 25 25 2 25 2 25 25 23 25 1 2 22 25 16 1 25 13 19 24 25
25 25 25 8 25 25 0 25 25 12 25 25 3 25 5 20 2 25 25 8 6 15 25 25 20 25 25 25 25 25 3 25 25 24 25 25 25 25 8 25 25 25 25 5 25 25 25 25 25 25 16 24 25 1 25 0 25 25 25 25 25 25 20 6 11 25 25 25 25 1 25 25 25 25 13 25 6 11 25 25 25 25 8 11 25
13 25 25 25 8 25 25 25 25 15 5 1 2 25 11 0 25 10 20 21 14 25 10 13 25 4 25 25 25 25 25 3 13 5 11 25 20 21 18 9 25 25 3 25 7 25 25 8 25 23 6 25 23 7 8 25 18 25 25 25 25 25 17 21 25 25 25 25 0 25 25 5 25 25 25 15 25 25 0 25 25 7 25 25
25 25 3 25 25 25 25 25 25 25 25 25 19 25 25 5 25 25 19 18 7 18 25 25 4 2 25 11 23 25 25 20 12 25 25 20 15 25 25 25 25 1 25 25 4 19 25 25 7 25 18 25 25 25 25 5 2 20 25 25 25 25 25 20 15 13 6 10 25 17 25 19 25 25 25 25 25 25 7 25 20 25 25
25 25 25 25 25 25 11 25 25 25 25 9 8 25 25 25 25 25 25 25 7 25 25 25 25 25 4 25 25 25 7 25 16 20 3 25 25 7 25 25 25 25 25 25 25 25 25 25 25 12 25 24 5 25 13 25 21 17 25 25 25 25 13 25 2 25 25 25 21 25 13 7 25 25 25 25 25 25 25 25 18 25
25 25 25 25 25 25 11 7 25 25 15 2 7 25 7 17 25 25 25 22 22 5 25 25 25 25 6 25 12 25 25 25 19 25 25 25 25 25 23 17 25 2 25 12 13 11 25 25 2 20 25 25 11 25 25 17 25 19 12 25 25 25 25 25 25 10 25 17 25 25 25 20 25 25 25 24 14 25 25 17 25
1 25 0 11 25 25 25 25 25 25 25 25 25 25 8 25 25 25 25 25 25 23 25 25 25 24 25 25 25 25 25 25 25 25 17 25 17 25 10 25 25 18 18 9 18 25 25 7 25 8 15 25 12 25 25 13 25 5 11 25 1 9 21 25 25 25 24 25 25 13 25 15 25 25 14 25 25 24 25 25
25 3 25 25 25 25 7 5 14 17 25 25 14 16 25 1 25 25 25 25 25 25 25 25 9 25 25 0 25 25 25 14 25 25 25 25 25 20 1 25 25 9 25 25 25 25 25 11 8 25 25 21 25 11 25 25 11 17 25 16 25 3 25 8 13 25 25 25 25 25 18 18 25 25 25 25 25 25 25
10 25 25 21 25 25 25 18 25 25 25 24 25 25 23 25 25 2 9 25 25 25 24 25 25 25 25 12 25 12 15 1 15 25 8 25 25 19 25 25 25 25 25 25 25 0 16 25 25 15 25 25 25 25 25 25 3 25 10 25 5 25 25 25 25 17 25 25 14 25 25 3 0 25 25 25 8 25
25 25 25 25 25 25 7 8 25 14 17 0 25 25 18 25 25 1 25 25 25 25 25 25 25 6 8 25 11 25 25 25 25 25 21 25 25 25 10 25 25 25 3 25 25 25 25 25 25 25 25 25 25 25 25 5 5 13 25 15 25 25 8 25 7 15 25 9 25 25 25 25 25 25 18 25 25
25 25 25 18 13 25 25 25 25 25 18 16 25 2 25 25 25 25 2 25 25 25 25 1 25 25 25 18 25 17 25 12 13 25 25 25 3 25 25 25 25 25 25 10 10 25 25 25 25 25 24 25 9 25 1 25 25 25 25 25 25 25 25 25 2 25 25 25 6 25 18 25 25 25 7 25
25 2 12 21 25 5 25 2 25 15 25 25 25 25 25 20 25 25 10 21 19 13 13 25 18 25 25 25 25 13 25 25 25 25 25 25 25 16 25 25 18 25 7 25 25 15 5 25 25 25 25 25 15 25 15 25 25 20 15 15 20 25 25 25 25 25 3 25 10 25 17 25 25 5 25
25 25 25 25 10 25 22 25 18 25 25 7 25 3 25 10 9 25 25 14 9 25 25 25 22 25 25 13 25 5 25 7 6 25 25 25 25 25 25 25 25 25 25 25 23 25 2 25 25 19 25 23 25 25 25 25 25 8 19 4 25 6 25 25 25 25 25 4 25 25 25 8 11 25
23 3 25 6 12 7 16 25 25 4 25 25 25 25 25 25 25 15 25 25 16 25 25 25 25 25 18 20 25 17 25 25 25 25 17 25 25 25 6 25 15 11 25 25 25 19 25 25 25 1 25 23 24 25 25 22 23 20 25 25 14 25 25 16 25 25 6 25 25 25 25 25 25
4 1 20 25 19 25 25 22 25 23 24 3 25 25 3 25 13 25 25 25 25 22 25 25 25 11 25 25 25 25 25 19 9 25 25 17 25 25 25 25 25 5 25 16 25 14 10 1 4 25 25 25 25 25 25 12 25 8 25 25 1 25 25 25 17 25 25 25 25 19 25 25
25 25 22 25 19 25 25 25 15 25 25 25 25 25 4 25 11 15 25 25 0 11 5 25 25 25 25 22 25 10 25 25 14 11 25 25 25 25 17 25 25 25 25 14 3 25 25 25 24 25 25 24 25 7 25 25 25 0 25 25 25 25 25 24 25 25 25 25 13 25 25
25 5 25 25 25 10 25 23 25 25 25 25 25 25 24 25 25 1 25 25 25 25 25 3 21 10 25 25 25 4 25 18 10 3 25 25 25 24 25 25 25 19 25 2 25 8 25 25 25 17 25 11 8 25 25 25 25 25 20 25 25 14 25 10 25 25 14 25 24 25
18 5 23 20 8 25 4 11 25 25 25 12 25 25 25 25 25 0 25 25 25 12 25 25 2 12 23 4 17 25 25 25 25 25 7 25 25 25 20 25 25 25 25 25 23 25 0 25 25 2 25 20 25 25 6 25 25 12 25 25 25 25 25 1 22 6 25 25 25
20 1 25 25 25 25 25 25 25 17 25 25 24 25 15 25 25 25 7 25 18 25 5 25 25 15 25 25 23 25 25 25 25 25 25 25 25 25 25 25 25 25 25 25 25 25 25 25 25 25 25 25 25 25 25 25 25 25 25 25 25 25 25 25 25 25 25 25
25 25 25 25 25 25 25 25 25 25 25 25 25 25 25 25 25 25 25 25 25 25 0 25 25 25 25 25 25 25 25 25 25 25 25 25 25 25 25 25 25 25 25 25 25 25 25 25 25 25 25 25 25 25 25 25 25 25 25 25 25 25 25 25 25 25 25
14 25 25 25 25 25 25 25 25 25 25 25 25 25 25 25 25 25 25 25 25 25 25 25 25 25 25 25 25 25 25 25 25 25 25 25 25 25 25 25 25 25 25 25 25 25 25 25 25 25 25 25 25 25 25 25 6 25 25 25 25 25 25 25 25 25
25 25 25 25 25 25 25 25 25 25 25 25 25 25 25 25 25 25 25 25 25 25 25 25 25 25 25 25 25 25 25 25 25 25 25 25 25 25 25 25 25 25 25 25 25 25 25 25 25 25 25 25 25 25 25 25 25 25 25 25 25 25 25 25 25
25 25 24 25 25 25 25 25 25 25 25 25 25 25 25 25 25 25 25 25 25 25 25 25 25 25 25 2 25 25 25 25 25 25 25 25 25 25 25 25 25 25 25 25 25 25 25 25 25 25 25 25 25 25 25 25 25 25 25 25 25 25 25 25
25 25 25 25 25 25 25 25 25 25 25 25 25 25 25 25 25 25 25 25 25 16 25 25 25 25 25 25 25 25 25 25 25 25 25 25 25 25 25 25 25 25 25 25 25 25 25 25 25 25 25 25 25 25 25 25 25 25 25 25 25 25 25
25 25 25 25 25 25 25 25 25 25 25 25 25 25 25 25 25 25 25 25 25 25 25 25 25 25 25 25 25 25 25 25 25 25 25 25 25 25 25 25 25 25 25 25 25 25 25 25 25 17 25 25 25 25 25 25 25 25 25 25 25 25
25 25 25 25 25 25 25 25 25 25 25 25 25 25 25 25 25 25 25 25 25 25 25 25 25 25 25 25 25 25 25 25 25 25 25 25 25 25 25 25 25 25 25 25 25 25 25 25 25 25 25 25 25 25 25 25 25 25 25 25 25
25 25 25 25 25 25 7 25 25 25 25 25 25 25 25 25 25 25 25 25 25 25 25 25 25 25 25 25 25 25 25 25 25 25 25 25 25 25 25 25 25 25 25 25 25 25 25 25 25 25 25 25 25 25 25 25 25 25 25 25
25 25 25 25 25 25 25 25 25 25 25 25 25 25 25 25 25 25 25 25 25 25 25 25 25 25 25 25 25 25 25 25 25 25 25 25 25 25 25 25 22 25 25 25 25 25 25 25 25 25 25 25 25 25 25 25 25 25 25
25 25 25 25 25 25 25 25 25 25 25 25 25 25 25 25 25 25 25 25 25 25 25 25 25 25 25 25 25 25 25 25 25 25 25 25 25 25 25 25 25 25 25 25 25 25 25 25 7 25 25 25 25 25 25 25 25 25
25 25 25 25 1 25 25 25 25 25 25 25 25 25 25 25 25 25 25 25 25 25 25 25 25 25 25 25 25 25 25 25 25 25 25 25 25 25 25 25 25 25 25 25 25 25 25 25 25 25 25 25 25 25 25 25 25
25 25 25 25 25 25 25 25 25 25 25 0 25 25 25 25 25 25 25 25 25 25 25 25 25 25 25 25 25 25 25 25 25 25 25 25 25 25 25 25 25 25 25 25 25 25 25 25 25 25 25 25 8 25 25 25
7 25 25 25 25 25 25 25 25 25 25 25 25 25 25 25 25 25 25 25 25 25 25 25 25 25 25 25 25 25 25 25 25 25 25 25 25 25 25 25 25 25 25 25 25 25 25 25 25 25 25 25 25 25 25
25 25 25 25 25 25 25 25 25 25 25 25 25 25 25 25 25 25 25 25 25 25 25 25 25 25 25 25 25 25 25 25 25 25 25 25 25 25 25 25 25 25 25 25 25 25 25 25 25 25 25 25 25 25
25 25 25 25 25 25 25 25 9 25 25 25 25 25 25 19 25 25 25 25 25 25 25 25 25 25 25 25 25 25 25 25 25 25 25 25 25 25 25 25 25 25 25 25 25 25 25 25 25 25 25 25 25
25 25 25 25 25 25 25 25 25 14 25 25 25 25 25 12 25 25 25 25 25 25 25 25 25 25 25 25 25 25 25 25 25 25 25 25 25 25 25 25 25 25 25 25 25 25 25 25 25 25 25 25
25 25 25 25 25 25 25 25 25 25 25 25 25 25 25 25 25 25 25 3 25 25 25 25 25 25 25 25 25 25 25 25 25 25 25 25 25 25 25 25 16 25 25 25 25 15 25 25 25 25 25
25 25 25 25 25 25 25 25 25 25 25 25 25 25 25 25 25 25 25 25 25 25 25 25 25 25 25 25 25 25 25 25 25 25 25 25 2 25 25 25 25 25 25 25 25 25 25 25 25 25
25 25 25 25 25 25 25 25 25 25 25 25 25 25 25 25 25 25 25 25 25 25 25 25 25 25 25 25 25 25 25 25 25 25 25 25 25 25 25 25 25 25 25 25 25 25 25 25 25
25 25 25 25 25 25 25 25 25 25 25 25 25 25 25 25 25 25 25 25 25 25 25 25 25 25 25 25 25 25 25 25 25 25 25 25 25 25 25 25 25 25 25 25 25 20 25 25
25 25 25 7 25 25 25 25 25 25 25 25 25 25 25 25 25 25 25 25 25 25 25 25 25 25 25 25 25 25 25 25 25 25 25 25 25 25 25 25 25 25 25 25 25 25 25
1 25 25 25 25 25 25 0 25 25 25 25 25 25 25 25 25 25 25 25 25 25 25 25 25 25 25 25 25 25 25 25 25 25 25 25 25 25 25 25 25 25 25 25 25 25
25 25 25 25 25 25 25 25 25 25 25 25 25 25 25 25 25 25 25 25 25 25 25 25 25 25 25 25 25 25 25 25 25 25 25 25 25 25 25 25 25 25 25 14 25
25 25 25 25 25 25 25 25 25 11 25 25 25 25 25 25 25 17 25 25 25 25 25 25 25 25 25 25 25 25 25 25 25 25 25 14 25 25 25 25 25 25 25 25
25 25 25 25 25 25 25 25 25 25 25 25 25 25 25 25 25 25 25 25 25 25 25 13 25 25 25 25 25 25 25 3 25 25 25 25 25 25 25 25 25 25 25
25 4 25 25 25 25 25 25 25 25 25 25 25 25 25 25 25 25 25 25 25 25 25 25 25 25 25 25 25 25 25 25 25 25 25 25 25 25 25 25 25 25
25 25 25 25 25 25 25 25 25 25 25 25 25 25 25 25 25 25 25 25 25 25 25 25 25 25 25 25 25 25 25 25 25 25 25 25 25 25 25 25 25
25 25 25 25 25 25 25 25 25 25 25 25 25 25 25 25 25 25 25 25 25 25 25 25 25 25 25 25 25 25 25 25 25 25 25 25 25 25 25 25
25 25 25 25 25 25 25 25 25 25 25 25 25 25 25 25 25 25 25 25 25 25 25 25 25 25 25 25 25 25 25 25 25 25 25 25 25 25 25
25 25 25 25 25 25 25 25 25 25 25 25 25 25 25 25 25 25 25 25 25 25 25 25 25 25 25 25 25 25 25 25 25 25 25 25 25 25
25 25 25 25 25 25 25 25 25 25 25 25 25 25 25 25 25 25 25 25 25 25 25 25 25 25 25 25 25 25 25 25 25 25 25 25 25
25 25 25 25 25 25 25 25 25 25 25 25 5 25 25 25 25 25 25 25 25 25 25 25 25 25 25 25 25 25 25 25 25 25 25 25
25 25 25 25 25 25 25 25 25 25 25 25 25 25 25 25 25 25 25 25 25 25 25 25 25 25 25 25 25 25 25 25 25 25 25
25 25 25 25 25 25 25 25 25 25 25 25 25 25 25 25 25 25 25 25 25 25 25 25 25 25 25 25 25 25 25 25 25 25
25 18 25 25 25 25 25 25 25 25 25 25 25 25 25 25 25 25 25 25 25 25 25 25 25 16 25 25 25 25 25 25 25
25 25 25 12 25 25 25 25 25 25 25 25 25 25 25 25 25 25 25 25 25 25 25 25 25 25 25 25 25 25 25 25
25 25 25 25 25 25 25 25 25 25 25 25 25 25 25 25 25 25 25 25 25 25 25 25 25 25 25 25 25 25 25
25 25 25 25 25 25 25 25 25 25 25 25 25 25 25 25 25 25 25 25 25 25 25 25 25 25 25 25 25 25
25 25 25 25 25 25 25 25 25 25 25 25 25 25 25 25 25 25 25 25 25 25 25 25 25 25 25 25 25
25 25 25 25 19 25 25 25 25 25 25 25 25 25 25 25 25 25 25 25 25 25 25 25 25 25 25 25
25 25 25 25 25 25 25 25 25 13 25 25 25 10 25 25 25 25 25 25 25 25 25 25 25 25 25
25 25 25 25 25 25 25 25 25 25 25 25 25 25 25 25 25 25 25 25 25 25 25 25 25 25
25 25 25 25 25 25 25 25 25 25 25 25 25 25 25 25 25 25 25 25 25 25 25 25 25
25 25 25 25 25 25 25 25 25 25 25 25 25 25 25 25 25 25 25 25 25 25 25 25
25 25 25 25 25 25 25 25 25 25 25 25 25 25 25 25 25 25 25 25 25 25 25
25 16 25 25 25 25 25 25 25 25 25 25 25 25 25 25 25 25 25 25 25 25
25 25 25 25 25 25 25 25 25 25 25 25 25 25 25 25 25 25 25 25 25
25 25 25 25 25 25 25 25 25 25 25 25 25 25 25 25 25 25 25 25
25 25 25 25 25 25 25 25 25 25 25 25 25 25 25 25 25 25 25
25 25 25 25 25 25 25 25 25 25 25 25 25 25 25 25 25 25
25 25 25 25 25 25 25 25 25 25 25 25 25 25 25 25 25
25 25 25 25 25 25 25 25 25 25 25 25 25 25 25 25
25 25 25 25 25 25 25 25 25 25 25 25 25 25 25
25 25 25 25 25 25 25 25 25 25 25 25 25 25
25 25 25 25 25 25 25 25 25 25 25 25 25
25 25 25 25 25 25 25 25 25 25 25 25
25 25 25 24 25 25 25 25 25 25 25
25 25 25 25 25 25 25 25 25 25
25 25 25 25 25 25 25 25 25
25 25 25 25 25 25 25 25
25 25 25 25 25 25 25
25 25 25 25 8 25
25 25 25 25 25
25 25 25 25
25 25 25
25 25
25
