100 50
40 22 31 1 50 50 43 13 50 42 50 39 1 50 49 50 50 50 50 21 2 50 20 50 9 50 7 20 50 44 15 26 33 9 31 19 34 50 43 50 50 22 36 23 46 50 8 50 50 50 50 25 50 50 32 50 50 50 50 22 50 50 30 39 28 28 38 49 50 50 23 12 36 22 50 50 50 19 27 50 22 50 50 50 50 31 13 50 50 4 17 23 12 50 24 26 50 50 41 
50 40 40 24 44 32 38 50 41 50 50 38 50 50 50 35 32 28 18 50 50 50 44 33 1 50 50 20 50 41 32 50 27 50 10 2 50 50 46 6 50 21 50 50 50 50 50 50 0 44 44 37 50 43 28 35 32 49 50 50 50 50 13 12 21 50 24 50 19 38 41 42 38 32 50 50 28 15 30 50 0 10 31 50 50 18 26 50 50 8 12 23 50 18 50 21 50 34 
3 50 50 41 12 24 50 17 18 50 50 30 27 50 50 50 5 13 50 41 0 50 30 43 50 48 41 50 50 50 14 3 37 50 44 50 11 35 49 50 49 17 25 50 26 50 4 4 50 50 50 10 50 50 44 50 50 46 4 10 20 14 34 50 50 42 4 50 29 45 50 5 50 50 50 50 50 50 30 50 33 50 6 38 50 28 50 36 50 50 50 50 5 50 50 50 26 
19 50 47 47 10 50 11 38 30 30 50 50 50 15 6 26 50 3 23 50 50 1 39 49 50 3 50 42 40 50 32 16 42 25 0 2 50 40 13 13 50 50 22 50 43 50 43 50 38 50 23 47 1 5 15 50 50 37 32 50 12 21 50 6 50 50 13 50 50 50 15 36 50 8 50 50 3 0 41 41 50 22 6 50 36 50 50 50 20 11 13 50 44 34 40 35 
50 3 50 50 15 43 10 50 24 38 50 50 50 49 13 50 48 12 50 19 34 50 41 9 32 50 49 10 29 50 4 50 50 50 18 23 50 50 45 50 50 4 50 22 37 10 17 28 34 50 13 24 15 17 23 47 7 20 31 50 50 1 2 6 20 50 50 50 50 18 9 5 50 50 50 50 24 50 40 50 50 29 50 50 44 20 50 50 50 7 50 2 50 28 10 
48 17 50 50 5 24 28 6 21 50 42 50 50 32 50 50 26 6 37 6 13 50 28 22 50 10 20 50 42 50 31 20 50 25 50 32 50 23 50 50 40 16 20 50 23 46 23 50 0 50 25 50 50 50 0 8 14 50 48 50 0 50 50 28 50 15 50 5 13 50 50 46 50 50 50 50 50 5 22 50 50 24 50 28 50 38 23 7 50 50 44 49 50 9 
50 50 10 50 5 50 50 50 50 21 12 31 50 50 0 29 50 50 50 21 42 50 49 50 50 50 50 50 29 50 20 31 45 50 50 44 12 25 50 37 33 50 48 12 25 50 50 50 46 50 3 50 50 43 50 2 50 22 50 23 11 34 50 29 50 9 50 50 46 50 4 50 23 47 31 7 50 50 35 50 21 50 50 43 50 19 30 39 39 50 50 50 50 
14 49 50 50 21 2 28 1 50 50 50 50 50 9 30 50 29 50 50 35 17 7 50 50 50 44 42 3 14 28 5 47 42 50 50 50 50 50 50 4 22 32 50 50 25 1 3 45 47 50 50 50 5 50 13 28 50 50 38 50 50 26 50 50 33 0 50 42 50 47 50 9 50 50 50 39 17 32 50 49 50 50 50 38 25 17 50 10 28 50 50 44 
17 50 50 22 21 39 50 50 50 50 22 9 22 50 50 50 6 30 9 19 50 50 34 48 50 50 18 50 50 26 20 50 19 7 50 25 36 50 50 15 30 50 7 31 47 50 50 50 18 34 50 50 50 33 10 41 31 50 9 48 42 25 50 7 50 50 23 50 50 50 50 50 50 50 15 50 46 50 31 50 50 15 50 18 50 50 7 4 50 50 50 
22 12 50 37 50 50 47 0 50 50 50 50 0 50 50 39 50 50 38 32 46 50 50 28 32 50 17 25 50 50 50 41 32 32 18 50 36 38 50 40 50 26 50 50 50 50 50 50 1 50 26 44 39 21 50 50 50 25 41 50 32 50 50 50 36 9 50 12 11 19 50 47 13 0 40 50 50 50 50 43 43 50 50 50 50 33 50 50 50 50 
9 24 15 50 50 9 30 3 9 4 40 50 38 26 1 21 39 50 50 50 28 50 10 14 18 40 41 50 21 50 50 50 8 21 50 36 50 50 50 24 4 15 10 1 40 50 50 38 50 7 18 50 34 50 1 17 50 50 20 50 50 50 50 50 31 50 50 50 50 31 0 50 10 43 23 50 49 23 20 21 33 50 50 45 50 50 50 0 50 
50 48 11 50 31 29 50 15 50 9 8 49 50 14 50 50 50 18 22 42 34 9 50 50 45 50 46 50 34 50 17 50 33 12 50 3 42 33 35 40 17 23 50 34 50 31 31 50 19 50 50 22 50 50 50 1 41 14 5 22 50 16 50 13 45 47 50 50 50 50 50 50 50 50 5 18 5 34 38 50 12 45 50 32 9 50 50 50 
2 2 45 50 50 18 23 50 0 44 13 36 22 38 33 50 50 5 50 50 42 50 0 50 32 40 50 26 50 50 43 50 9 50 7 50 34 50 37 50 9 29 27 5 50 50 50 23 10 33 2 50 45 12 15 50 26 50 5 50 50 50 50 50 50 50 17 48 48 20 48 50 35 50 41 9 50 50 17 10 50 39 50 48 50 10 25 
50 37 50 50 50 50 17 50 14 50 50 38 50 50 12 46 35 43 50 50 35 50 41 18 50 50 27 33 50 50 50 48 50 9 26 3 37 50 50 19 45 50 20 50 43 50 27 50 12 50 50 15 50 48 50 34 50 50 50 26 50 50 30 50 3 33 50 4 24 50 50 21 11 18 34 50 21 50 20 50 50 50 31 50 50 23 
17 37 50 50 50 50 12 50 50 50 50 50 48 47 5 50 50 36 50 50 50 18 50 50 50 50 36 50 25 2 50 50 50 50 50 46 50 20 50 50 50 11 26 21 50 8 19 2 37 50 14 49 22 50 40 50 46 0 50 50 50 50 50 50 50 50 39 13 43 16 50 39 50 50 50 27 50 39 33 15 50 26 0 25 1 
50 50 50 39 5 43 50 14 50 3 50 35 21 50 13 4 50 5 10 11 50 0 24 17 50 50 50 50 1 50 1 15 50 50 50 47 50 50 45 50 50 41 22 7 20 50 50 41 8 42 39 18 20 15 33 43 28 4 2 2 50 0 50 50 0 41 23 19 8 14 33 49 23 45 50 28 50 27 50 30 50 11 35 20 
50 50 12 50 27 0 50 16 30 50 50 7 50 7 16 15 47 46 21 3 50 50 42 31 23 50 30 50 40 29 50 3 50 50 41 28 29 25 8 50 50 15 50 11 50 18 32 18 50 50 50 35 14 12 43 3 23 50 1 50 16 18 3 18 50 50 20 41 50 5 45 19 5 16 50 50 2 50 50 4 29 23 18 
50 50 15 50 3 32 50 50 50 23 8 13 13 19 50 23 50 50 7 50 35 1 16 50 50 50 50 50 50 14 44 50 20 50 37 49 35 50 50 5 34 50 50 50 38 50 50 50 19 49 28 50 41 50 50 30 50 32 42 23 50 50 50 43 50 50 38 20 21 50 31 50 50 40 34 3 50 43 43 50 46 50 
42 50 26 11 35 31 28 50 50 50 32 16 42 14 45 31 17 50 14 50 50 50 40 10 27 37 37 23 27 50 5 1 14 35 13 28 45 50 50 2 35 50 50 18 0 49 50 50 5 31 17 16 50 40 19 50 50 50 22 50 50 50 17 48 44 23 50 26 41 39 49 50 35 50 50 50 31 50 5 2 31 
38 3 50 7 50 5 33 8 50 13 20 30 36 50 50 18 50 33 50 27 50 50 44 43 28 28 29 50 50 45 50 50 39 26 2 49 18 50 29 50 50 50 33 2 50 50 50 20 5 50 50 50 50 50 50 50 46 12 50 44 50 12 40 50 50 30 50 50 50 50 16 50 50 18 18 26 50 50 37 28 
50 41 22 50 35 22 50 0 50 15 45 9 5 50 50 16 14 50 50 50 22 44 45 9 50 42 50 35 6 24 50 50 40 34 50 50 48 50 50 33 50 42 50 28 50 50 50 10 32 50 9 50 50 29 50 27 50 50 35 4 1 46 11 33 25 36 32 50 34 42 50 6 36 50 41 50 50 25 50 
50 50 50 27 32 50 50 17 50 40 50 32 49 48 20 50 50 28 22 50 48 31 14 29 50 50 3 50 50 50 7 50 40 50 35 50 50 49 50 50 4 34 50 50 35 22 4 50 14 28 50 50 50 27 41 50 36 42 40 17 43 40 42 50 50 47 20 50 50 50 2 16 50 41 50 50 4 14 
28 50 21 50 50 8 24 50 50 33 50 25 50 17 12 22 25 41 15 10 50 50 50 50 50 41 50 36 9 50 37 50 18 19 50 50 50 36 50 50 44 50 32 49 50 50 6 12 24 50 8 29 19 12 6 40 50 4 50 34 15 4 50 50 50 25 50 50 10 20 12 50 50 23 50 39 50 
35 47 50 50 50 37 0 26 50 36 18 50 50 28 50 50 3 8 30 50 50 50 5 50 11 8 31 50 18 21 15 50 34 50 36 50 16 41 33 20 50 50 27 50 50 50 20 50 9 50 50 50 50 44 10 50 3 30 50 27 50 50 50 50 39 19 14 33 50 50 50 50 50 18 27 50 
27 28 49 26 50 50 18 50 50 24 22 50 0 18 50 50 5 42 30 43 50 50 43 50 50 50 50 50 50 50 50 15 50 50 22 19 50 50 50 8 50 50 50 27 50 50 27 50 50 50 45 50 27 10 0 12 21 50 40 50 28 50 14 30 50 32 40 21 30 47 8 11 2 39 48 
8 50 28 42 46 50 21 50 50 50 27 12 38 14 50 50 50 37 20 15 17 50 26 12 39 38 17 50 2 42 50 50 29 40 50 14 50 50 49 50 43 50 31 50 50 50 32 50 50 24 25 50 37 50 50 40 50 42 50 45 48 50 43 40 19 14 50 50 50 50 50 50 9 18 
50 8 50 20 14 50 45 16 50 36 50 41 32 50 20 50 47 50 50 17 50 50 50 50 2 39 13 28 30 0 28 31 32 50 50 20 50 7 16 37 25 50 50 16 50 5 10 38 50 29 50 50 44 34 4 48 50 5 6 17 6 50 36 30 41 47 50 50 50 4 50 50 26 
45 50 49 44 50 40 14 50 26 6 50 41 33 38 50 50 41 50 50 50 8 50 7 50 35 3 10 50 0 50 50 50 40 50 50 6 39 50 48 50 50 45 50 29 50 27 7 17 50 38 41 50 50 22 50 10 20 48 50 50 50 50 50 26 5 50 50 50 49 25 24 50 
50 50 27 50 15 50 50 2 50 50 50 5 50 50 38 10 33 50 22 50 50 36 17 33 50 49 10 38 28 5 16 49 12 24 18 10 50 50 50 50 33 13 50 15 50 33 44 23 50 50 50 17 26 50 1 50 9 50 24 20 50 50 10 36 21 19 50 50 17 3 26 
50 50 50 27 50 50 50 16 50 48 5 50 48 37 50 50 50 31 50 50 50 19 1 50 48 5 19 30 50 29 50 50 50 50 34 50 50 50 50 2 47 35 34 34 20 16 9 20 48 50 50 19 10 8 50 5 50 7 50 37 9 30 27 50 24 10 7 41 50 50 
42 50 41 42 22 50 21 40 26 50 50 50 37 50 49 50 50 1 33 42 10 50 45 50 17 49 50 50 50 50 50 26 50 50 50 50 27 35 50 35 50 46 50 12 8 35 50 2 50 50 15 20 14 50 24 50 50 40 18 50 34 50 41 29 50 50 35 31 10 
50 14 16 22 50 50 50 25 19 50 50 50 50 34 50 7 45 18 43 50 50 42 50 35 50 6 50 50 50 38 50 50 23 50 50 50 21 21 9 50 50 4 29 39 13 29 50 50 17 19 3 50 50 4 50 30 39 50 44 50 50 50 50 32 33 50 50 42 
33 24 46 24 46 33 50 4 50 50 45 24 47 13 13 50 50 15 4 46 29 28 50 50 34 50 50 34 16 32 50 50 50 50 25 8 50 50 50 1 50 50 20 17 40 50 50 29 12 50 27 7 50 26 31 0 50 20 31 50 50 50 48 50 36 0 45 
50 50 3 50 46 29 50 41 47 50 37 50 2 44 6 50 31 25 50 5 50 16 50 50 39 50 26 46 17 50 25 50 50 50 2 50 50 50 29 50 50 15 50 18 50 25 39 50 50 10 31 50 50 50 50 50 50 50 50 47 50 24 14 10 50 29 
21 50 45 37 50 47 26 34 15 12 1 18 47 7 29 27 50 23 50 50 9 50 42 50 50 50 50 34 50 6 50 50 13 50 42 50 50 41 20 4 50 27 50 9 1 27 45 0 21 50 29 1 0 48 47 22 50 50 50 50 31 50 50 50 50 
50 1 6 17 11 19 50 50 20 50 50 15 50 50 50 9 50 48 31 50 25 50 50 9 42 50 21 50 18 50 19 50 20 50 50 50 50 50 14 7 50 17 40 13 19 50 6 37 24 41 35 0 24 50 40 50 50 20 10 50 41 50 13 48 
50 50 20 31 1 50 33 50 45 50 50 50 35 31 50 50 46 45 49 50 50 25 32 50 38 50 50 14 50 50 10 50 38 48 3 23 50 50 42 27 4 50 23 47 32 28 30 9 26 1 50 49 14 1 2 21 50 11 50 50 50 50 28 
28 39 7 48 49 17 47 50 2 41 16 45 50 29 5 43 50 50 16 17 48 25 35 27 9 36 50 23 50 9 50 4 50 50 27 33 27 50 50 50 2 50 7 45 24 50 34 50 12 38 49 50 50 50 50 39 50 31 50 50 50 50 
8 0 50 50 11 50 21 39 50 50 41 50 50 50 50 36 50 50 48 50 11 39 50 8 26 18 50 50 50 21 50 50 15 28 20 48 50 50 42 50 49 31 50 17 50 34 16 50 2 43 50 50 50 50 25 22 50 15 2 17 50 
50 24 48 50 21 50 34 50 50 50 20 26 50 50 9 5 50 50 44 50 48 50 10 50 26 28 13 50 15 50 8 50 47 42 50 5 50 46 5 5 50 32 50 49 28 47 16 1 50 50 2 44 28 50 17 50 14 50 50 36 
50 50 50 50 35 48 45 42 11 50 50 50 3 29 34 17 50 48 0 41 50 50 8 31 50 50 50 35 26 50 43 3 1 50 50 49 13 39 11 4 50 50 4 36 19 50 0 45 50 50 29 11 35 43 30 2 10 50 50 
29 50 8 43 50 50 46 32 50 50 43 34 16 50 13 50 29 50 50 16 2 46 17 16 50 48 15 11 50 50 50 26 6 23 16 50 29 23 50 50 22 25 9 50 24 50 12 50 50 34 32 32 50 50 50 22 50 50 
29 50 46 50 28 44 24 50 50 50 50 2 50 43 21 34 50 40 0 1 3 6 50 0 50 24 50 50 21 50 50 19 50 3 50 50 25 50 37 30 16 50 10 50 50 50 35 50 50 11 25 26 39 5 50 50 27 
20 33 9 50 50 7 3 50 27 10 4 2 5 50 32 28 22 21 50 1 1 50 50 8 43 25 50 37 20 50 48 19 17 50 50 50 50 50 2 50 50 32 50 9 14 50 13 50 50 50 50 19 48 33 46 11 
24 50 50 47 14 30 50 6 50 5 50 38 49 48 15 50 50 50 44 50 50 50 38 50 31 14 50 50 50 50 50 4 50 50 27 31 47 23 9 1 50 26 11 21 39 0 50 50 39 10 43 32 11 12 13 
5 5 50 50 50 26 50 11 30 50 50 28 50 50 40 4 28 47 17 31 27 50 50 23 38 50 28 24 1 5 48 50 50 33 11 20 50 50 26 50 15 6 1 50 33 50 50 50 30 47 24 42 28 12 
37 50 50 50 39 12 25 50 50 50 50 50 0 20 50 26 50 50 48 50 11 43 50 1 1 50 20 2 7 50 50 50 35 22 28 50 50 43 50 50 50 29 22 38 50 50 10 6 50 19 50 50 6 
50 38 9 48 44 50 50 17 50 17 50 23 15 13 50 50 6 23 50 50 50 37 4 2 50 50 29 50 48 50 47 1 50 23 18 50 50 5 50 50 50 50 50 50 21 50 30 50 11 50 28 38 
33 50 50 12 50 50 32 50 50 50 25 50 50 50 50 18 50 50 15 41 36 50 48 50 50 49 50 14 50 49 17 38 31 44 50 41 15 42 3 50 35 50 0 15 14 50 50 0 50 15 50 
4 16 50 50 42 50 22 50 50 39 14 26 50 50 38 45 41 3 50 50 50 50 11 10 11 50 28 1 5 50 50 50 32 22 50 50 50 50 37 37 50 40 1 50 50 7 4 50 50 50 
46 40 6 50 50 50 50 48 46 50 50 50 31 50 25 50 50 50 24 50 14 12 50 22 41 50 50 37 7 50 50 36 13 33 19 36 9 18 42 43 50 44 9 18 50 42 50 33 50 
25 50 50 30 50 22 38 0 41 32 3 50 4 9 12 10 16 50 50 47 36 45 27 12 9 36 30 25 30 50 22 46 7 25 50 24 50 25 50 50 50 7 50 50 50 50 50 50 
50 50 50 37 38 14 20 37 8 50 50 50 50 49 5 50 7 15 15 40 10 50 50 50 50 43 49 50 5 39 31 50 9 8 50 20 31 30 30 42 50 50 39 3 11 50 6 
50 0 15 50 33 25 50 41 36 42 50 50 50 50 50 50 50 9 36 50 29 18 14 38 50 29 50 20 7 13 12 50 50 31 38 29 10 50 41 50 50 19 11 50 3 50 
15 26 39 42 50 50 50 36 50 40 50 39 50 6 45 12 12 50 21 50 1 24 50 50 10 50 50 50 50 16 50 50 2 13 50 50 50 42 34 2 12 39 1 50 50 
50 50 50 50 6 8 31 20 4 50 50 42 48 16 50 50 2 48 50 50 11 12 50 25 50 50 32 50 39 16 24 10 45 47 36 50 50 25 50 1 16 9 6 11 
50 4 50 50 50 50 50 50 50 50 50 50 27 6 0 50 50 17 27 30 35 50 37 20 5 14 50 5 37 37 50 50 2 50 47 20 2 50 50 50 50 35 50 
14 10 20 50 1 33 10 16 50 2 44 50 50 20 12 27 13 7 42 50 11 50 50 50 35 30 50 50 38 50 50 50 50 34 50 47 19 32 4 6 50 5 
22 30 50 50 50 29 50 49 50 18 50 50 50 50 50 50 16 50 45 17 43 42 50 7 50 50 50 50 34 35 50 14 10 49 50 50 22 22 27 27 50 
37 50 23 50 50 50 31 50 50 45 24 16 50 32 50 30 50 50 50 50 50 15 32 16 50 0 26 50 15 50 36 50 5 50 50 42 50 50 50 16 
50 29 4 50 50 50 49 14 20 3 40 50 50 43 50 27 33 50 3 27 50 19 8 50 2 48 50 2 2 16 0 30 50 50 50 10 18 22 0 
32 37 45 50 31 50 50 50 50 11 50 47 50 50 21 18 23 50 23 13 4 50 4 14 29 50 42 48 50 7 13 50 31 29 50 50 27 25 
50 19 50 50 43 50 50 50 23 50 18 50 25 44 50 50 43 11 35 10 50 37 46 50 48 3 12 50 50 43 50 50 50 50 50 40 36 
50 50 10 2 50 50 50 40 16 25 39 50 50 50 22 1 14 9 50 31 50 26 50 50 50 9 41 15 50 26 40 45 50 50 3 50 
50 50 32 50 50 50 6 26 22 50 50 44 50 18 50 46 50 50 41 10 50 50 16 32 24 7 50 39 2 50 39 49 27 12 50 
49 0 24 50 50 50 50 50 50 35 38 50 50 6 50 50 25 34 18 32 21 6 15 50 10 50 50 14 50 36 46 34 50 17 
50 16 29 50 46 19 48 0 50 33 46 50 3 50 50 27 50 46 50 50 50 50 50 7 50 10 50 39 50 50 23 13 50 
50 50 3 27 1 47 50 48 6 50 50 2 50 50 50 28 11 38 21 50 7 26 50 6 50 50 50 5 50 9 10 10 
22 50 50 50 50 38 41 5 8 32 49 26 50 50 49 37 50 50 38 50 14 50 41 27 19 50 29 20 50 27 50 
50 49 50 9 50 50 50 50 50 50 50 50 50 50 50 50 50 50 50 50 50 50 50 50 50 50 50 50 50 50 
50 50 50 50 50 50 50 50 50 50 50 50 50 50 50 50 50 50 50 50 50 50 50 50 50 50 50 50 50 
50 50 50 50 50 39 50 50 50 50 50 50 36 50 50 50 50 50 50 50 50 50 50 50 50 50 50 50 
50 50 50 50 50 50 50 50 50 50 50 50 50 50 50 50 50 50 50 50 50 50 50 7 50 50 50 
50 50 50 50 50 50 50 50 50 50 50 50 50 50 50 50 50 50 50 50 50 50 50 50 50 50 
50 50 50 50 50 50 50 50 50 50 50 50 50 50 50 50 50 50 50 50 50 50 50 50 50 
50 50 50 50 50 50 50 50 50 50 50 50 50 50 50 50 50 50 50 50 50 50 50 50 
50 50 50 50 50 50 50 50 50 50 50 50 50 50 50 50 50 50 50 50 50 50 50 
50 50 50 50 50 50 50 50 50 50 50 50 50 50 50 50 50 50 50 50 50 50 
50 50 50 50 50 50 50 50 50 50 50 50 50 50 50 50 50 50 50 50 50 
50 50 50 50 50 50 50 50 50 50 50 50 50 50 50 50 50 50 50 50 
50 50 50 50 50 50 50 50 50 50 50 50 50 50 50 50 50 50 50 
50 50 50 50 50 50 50 50 50 50 50 50 50 50 50 50 50 50 
50 50 50 50 50 50 50 50 50 50 37 50 50 50 50 50 50 
50 50 50 50 50 50 50 50 50 50 50 50 50 50 50 50 
50 50 50 50 50 50 50 50 50 50 50 50 50 50 50 
50 50 50 50 50 50 50 50 50 50 50 50 50 50 
50 50 50 50 50 50 50 50 50 50 50 50 50 
50 50 50 50 50 50 50 50 50 50 50 50 
50 50 50 50 50 50 50 50 50 50 50 
50 50 23 50 50 50 50 50 50 50 
50 50 50 50 50 50 50 50 50 
50 50 50 50 50 50 50 50 
50 50 50 50 50 50 50 
50 50 50 50 50 50 
50 50 50 50 50 
50 50 50 50 
50 50 50 
50 50 
50 

