100 50
26 50 50 30 14 2 50 22 3 44 39 19 36 29 45 14 41 50 15 10 36 7 35 50 49 33 26 2 50 16 50 41 4 19 27 14 29 48 15 38 28 50 34 13 50 50 33 30 50 50 27 46 17 50 49 0 0 11 5 17 27 28 33 44 50 50 46 46 28 42 42 50 20 50 17 46 14 50 50 44 49 34 7 50 49 17 30 7 36 8 50 15 50 8 20 14 24 4 50 
43 15 50 19 10 1 50 50 50 50 31 50 2 11 10 3 40 16 24 41 7 6 50 12 29 50 43 4 38 50 13 14 50 50 2 24 50 17 50 44 17 50 50 46 23 23 50 17 8 4 50 22 44 50 1 44 43 12 13 26 38 40 50 20 7 37 50 45 23 37 26 14 12 38 5 26 20 50 39 40 4 37 30 2 50 24 12 22 50 18 5 35 50 49 40 23 43 9 
50 39 18 30 50 50 8 12 26 50 39 28 9 34 4 6 50 50 50 27 48 50 50 50 28 35 38 4 19 8 10 50 37 16 50 34 15 4 6 35 9 44 50 16 33 28 46 50 50 3 6 3 50 21 50 28 25 24 10 36 12 18 19 10 8 50 50 6 24 45 50 44 42 50 21 27 30 50 28 21 44 28 50 32 50 13 39 24 50 9 31 44 50 8 33 20 4 
39 12 13 0 16 50 50 1 29 50 50 8 46 50 50 19 50 50 50 4 47 25 39 26 39 50 50 42 4 40 50 20 22 41 48 50 2 21 50 4 42 8 28 20 44 13 50 44 10 32 19 19 50 44 3 50 39 15 24 37 27 50 50 9 43 43 50 38 16 25 49 3 35 50 47 25 50 29 50 48 44 17 7 41 50 2 21 50 44 22 50 15 20 50 9 50 
43 50 50 10 2 21 50 16 39 11 31 50 50 31 30 8 28 50 50 50 9 50 29 6 27 50 12 46 50 48 50 21 50 16 10 46 16 1 3 50 41 50 50 38 2 20 34 29 41 24 50 16 23 50 40 19 50 41 19 50 50 24 50 41 28 50 4 10 23 19 50 46 35 37 35 50 41 50 2 7 50 46 17 50 13 5 0 50 50 19 50 50 50 43 50 
50 50 14 5 40 36 27 41 10 26 23 23 50 10 46 2 12 25 50 11 2 28 50 50 50 21 6 8 50 50 50 50 50 45 50 26 50 27 50 50 50 50 50 50 1 50 50 50 50 50 10 49 32 35 50 46 21 50 50 50 33 50 37 50 35 11 7 13 29 50 10 50 50 50 50 41 7 24 50 16 46 47 50 50 11 50 50 17 31 50 18 50 37 28 
50 30 42 50 50 2 50 23 2 50 50 50 50 50 2 50 37 50 50 50 40 50 50 50 36 31 3 50 11 50 25 9 32 50 27 50 50 12 50 50 50 50 40 50 50 29 13 20 50 5 50 33 50 12 36 50 50 50 50 22 45 29 32 50 5 50 50 40 29 29 27 50 10 50 50 50 50 50 50 50 34 20 31 28 50 50 39 50 50 50 50 50 48 
50 0 16 24 50 2 24 11 50 29 50 50 50 50 38 47 50 50 50 50 50 50 32 33 23 50 50 50 50 27 27 38 50 50 21 50 50 50 28 21 50 50 50 50 35 50 50 50 49 50 15 12 21 50 34 50 26 50 50 50 43 41 7 22 50 44 50 25 50 0 44 50 50 50 50 8 8 25 50 50 21 50 50 3 47 50 50 50 12 50 50 50 
50 19 50 50 50 46 50 26 50 26 10 50 14 50 3 49 50 18 14 50 6 1 50 36 50 45 50 25 50 50 34 50 16 19 50 45 50 10 36 29 28 50 5 50 30 10 41 50 50 50 50 24 50 7 1 50 31 8 42 50 50 10 47 50 50 25 50 50 50 50 35 22 26 10 43 50 50 21 50 50 50 1 49 13 1 44 50 36 7 8 26 
7 50 17 50 50 50 6 36 50 50 50 50 50 50 42 50 50 26 50 50 21 50 50 50 4 50 50 50 38 50 50 50 50 50 50 0 5 50 50 10 10 18 18 50 48 13 50 50 24 6 50 42 9 18 50 16 16 28 50 50 50 50 50 36 50 35 29 45 50 9 41 28 50 50 50 50 40 11 50 45 50 7 50 2 7 50 19 50 48 29 
50 1 50 50 50 15 50 4 50 50 22 37 12 50 50 5 50 23 50 50 16 50 50 24 41 7 50 29 18 50 50 11 50 26 50 15 50 23 50 18 8 50 50 37 11 33 50 50 50 32 50 50 5 50 47 50 8 50 12 3 50 2 2 50 5 50 40 50 32 39 28 50 24 50 50 34 22 50 50 48 50 50 44 50 13 50 44 50 15 
50 50 36 50 39 23 33 50 22 3 50 28 34 10 50 50 21 50 50 0 49 36 19 50 48 50 50 50 50 50 50 50 50 11 20 35 10 49 21 48 11 50 50 50 29 11 37 50 50 50 50 14 50 50 50 50 19 29 50 23 50 3 50 36 49 33 50 28 41 48 50 34 50 50 17 46 30 3 9 50 27 35 37 50 50 37 38 50 
7 19 3 26 50 50 50 50 17 50 50 14 49 28 50 50 48 50 50 50 50 50 16 14 50 28 50 45 50 0 4 37 22 30 30 50 48 50 7 24 50 40 50 14 34 19 39 50 50 49 50 50 27 50 35 50 50 50 2 50 23 48 28 50 40 25 41 50 50 50 50 50 12 50 50 35 10 35 50 15 50 47 6 50 50 50 7 
21 50 25 50 50 50 18 50 50 38 40 23 50 50 50 50 50 50 27 50 49 9 50 24 0 50 19 5 50 50 30 50 50 7 45 40 50 50 50 20 50 2 50 35 36 10 5 13 50 6 50 50 12 3 24 50 50 38 45 50 1 50 50 33 50 50 50 50 49 50 50 32 50 44 50 50 46 50 50 31 50 33 50 50 24 50 
10 50 50 50 46 50 35 50 39 26 50 27 4 50 11 50 50 2 50 7 50 50 50 29 50 50 50 50 50 43 22 2 50 50 50 50 50 19 50 16 6 41 1 25 50 50 11 46 45 50 50 50 50 37 50 50 50 50 6 36 16 50 50 8 31 49 33 50 50 50 50 50 50 50 50 50 50 50 25 50 50 24 49 50 50 
50 12 50 30 30 50 12 50 50 50 4 0 50 50 50 50 27 37 18 42 47 11 50 1 1 32 21 50 22 50 24 50 50 49 49 50 50 13 50 8 47 50 4 50 50 41 50 50 50 50 50 50 50 50 50 31 50 44 20 15 17 50 50 30 50 28 50 11 48 50 50 50 27 50 50 50 40 50 50 22 50 50 50 43 
11 15 37 43 0 0 16 24 50 50 50 50 8 13 50 22 50 50 50 20 50 50 24 50 50 8 50 44 50 17 50 50 50 20 44 17 1 30 32 4 50 50 11 15 47 7 50 50 50 32 15 50 16 50 14 50 31 50 47 50 50 50 30 17 50 11 50 37 21 50 50 50 50 36 50 50 33 50 50 17 50 50 45 
50 50 50 50 50 36 50 50 50 45 50 29 50 50 49 50 5 50 50 7 50 25 50 50 20 50 50 50 50 19 50 3 36 50 50 50 18 23 42 16 50 3 50 30 50 50 17 50 50 1 20 50 20 28 18 35 50 50 20 50 28 50 50 50 20 50 8 50 15 50 50 50 50 18 50 33 0 5 50 6 39 50 
16 2 50 36 13 50 50 12 3 24 14 50 47 50 50 22 50 50 50 50 50 50 50 50 25 35 50 40 50 3 50 47 16 28 50 31 50 49 18 50 14 50 38 15 50 50 12 28 50 50 34 18 50 50 50 50 37 3 1 4 23 50 50 50 48 17 5 50 50 45 40 38 50 0 50 32 33 16 50 50 20 
41 50 50 43 44 33 42 32 39 12 50 26 31 36 21 50 50 50 6 50 3 5 50 50 50 50 34 11 34 50 44 50 50 50 0 9 11 38 3 50 50 50 3 50 23 16 35 50 50 50 50 50 50 49 50 34 0 22 50 27 17 50 50 50 50 45 31 48 50 50 50 50 50 7 2 50 50 50 50 33 
50 50 50 50 21 50 50 29 1 50 29 12 34 22 24 50 50 35 50 50 43 15 21 43 32 50 22 50 50 17 39 19 50 50 50 50 50 50 50 15 50 50 50 50 9 50 50 5 14 7 50 41 10 50 50 50 50 50 38 43 7 3 50 45 43 47 8 6 9 50 50 14 50 50 28 21 50 18 35 
39 13 50 50 45 50 50 50 50 35 50 50 50 50 50 50 50 50 50 50 50 8 6 50 28 33 50 21 50 8 50 50 50 28 50 50 50 48 50 50 50 50 25 14 50 0 50 36 50 50 35 21 50 21 36 47 12 50 6 14 50 28 50 31 50 43 50 50 10 50 50 1 50 50 32 50 50 50 
2 50 17 50 50 37 32 34 7 50 35 15 50 7 50 36 18 50 9 8 11 20 30 50 50 14 50 41 37 10 50 50 4 49 50 50 50 50 9 42 50 50 50 25 50 35 50 35 35 50 32 24 50 50 50 50 25 22 50 49 19 50 50 35 50 50 50 12 50 37 37 50 50 50 50 29 50 
50 50 50 37 40 50 43 50 33 50 50 40 46 50 50 39 21 50 34 50 50 8 4 18 50 50 24 10 50 10 35 50 50 50 50 6 28 50 2 50 50 50 50 6 50 26 4 50 43 49 21 50 42 34 29 43 50 0 18 40 50 27 20 50 20 13 35 50 8 50 50 50 36 50 50 13 
4 12 50 50 50 50 50 30 29 6 29 50 50 19 50 15 50 50 50 32 21 50 50 20 45 50 50 14 50 48 25 50 33 50 30 50 50 50 3 50 50 4 0 43 28 50 45 50 50 22 43 7 30 18 18 50 50 11 8 50 50 50 22 50 50 50 49 20 50 40 30 17 50 50 33 
50 14 48 28 50 50 9 50 3 8 26 50 31 50 40 50 32 0 50 17 50 50 24 50 50 1 10 47 50 50 50 50 50 50 50 50 50 41 50 11 50 50 50 21 33 7 50 12 17 0 50 50 26 31 40 50 50 50 50 32 3 50 19 50 50 50 50 32 42 50 50 50 4 14 
50 50 20 50 23 10 50 50 50 50 28 50 2 50 34 10 5 38 50 38 10 35 50 50 50 50 6 50 46 50 50 23 50 50 32 47 50 50 6 50 14 45 34 50 50 34 50 21 28 50 10 44 50 50 50 50 50 5 50 50 45 50 50 50 50 50 50 22 50 50 11 50 37 
11 0 50 24 44 50 50 50 50 50 29 50 50 11 50 25 50 25 50 20 30 28 19 50 50 50 50 39 22 5 29 19 47 40 18 37 29 1 50 8 0 13 18 50 50 50 50 15 48 2 46 49 50 50 50 49 16 50 50 50 50 6 50 50 31 13 11 50 50 50 50 2 
45 31 50 9 50 50 7 50 50 50 50 31 50 22 48 12 50 20 50 32 7 50 43 49 18 50 50 50 15 25 17 50 6 50 50 44 31 35 50 50 36 50 36 50 50 50 50 19 10 50 50 38 50 12 50 50 8 50 50 29 50 50 50 8 50 19 27 42 50 50 50 
32 50 44 50 50 50 11 50 50 50 50 50 50 50 25 30 50 50 50 41 27 50 50 50 29 50 7 50 3 50 41 50 39 20 4 12 50 50 50 50 50 0 50 50 50 46 50 50 32 3 50 50 50 50 50 50 44 50 50 50 50 30 50 32 19 18 9 50 50 50 
50 50 50 50 50 5 8 36 50 50 48 50 11 12 50 44 50 50 50 32 50 50 17 50 50 8 24 50 50 47 11 50 50 50 50 50 4 31 0 50 42 7 50 50 50 28 47 21 50 28 50 50 50 50 45 18 50 50 4 31 13 50 50 50 50 1 12 23 50 
50 50 50 16 15 50 50 17 50 48 49 50 39 39 50 50 9 50 5 11 50 50 50 50 5 38 50 50 50 50 18 50 2 32 50 50 20 50 50 17 50 50 50 5 50 50 50 50 50 49 10 0 50 44 6 50 50 50 45 50 44 28 17 50 50 50 48 50 
50 4 50 6 34 1 50 38 18 50 50 50 50 32 49 49 50 30 50 9 50 50 50 7 1 50 50 50 5 28 25 50 50 46 26 50 22 50 50 45 26 50 50 50 12 50 23 5 0 50 50 31 50 50 50 50 50 42 24 26 17 44 48 34 50 15 35 
49 50 43 20 50 18 50 45 31 41 50 50 28 50 50 50 50 50 7 50 50 50 47 50 50 34 41 50 17 16 50 50 44 50 50 50 50 9 50 16 23 50 36 47 50 50 18 25 40 50 4 27 23 50 26 4 50 20 50 42 50 50 50 50 28 50 
50 50 50 4 50 32 50 50 50 50 50 50 50 50 44 50 11 1 50 50 2 5 34 50 4 50 50 15 50 50 27 50 50 45 50 50 50 16 14 50 50 50 50 50 6 13 24 50 50 0 50 50 50 50 50 39 50 39 14 50 50 50 50 27 7 
50 50 18 17 9 24 50 50 50 38 33 8 50 50 50 50 50 50 50 50 50 11 50 50 50 36 14 17 50 50 23 50 50 46 50 31 45 10 50 50 17 50 50 25 50 50 50 35 50 50 50 50 42 50 32 50 50 13 14 50 50 18 50 3 
45 50 27 50 50 10 50 19 34 45 50 50 50 4 50 6 50 50 31 13 50 50 4 46 50 28 42 3 50 44 50 50 50 50 50 26 36 50 50 34 50 50 4 48 50 50 50 50 50 23 23 38 41 16 50 50 33 50 6 50 50 50 48 
50 50 50 44 50 50 50 4 50 50 17 27 24 19 50 44 50 6 50 15 14 30 50 50 50 50 50 8 50 50 50 50 50 38 22 42 45 50 50 50 7 50 48 50 50 9 17 42 40 50 26 1 15 20 21 45 7 50 50 50 50 50 
24 48 50 0 50 50 32 50 50 47 34 50 26 50 9 41 50 29 50 50 50 7 50 44 50 50 12 50 50 50 50 13 50 7 50 50 9 9 50 50 5 50 50 50 15 50 31 50 50 34 9 50 28 8 4 50 50 50 50 19 50 
22 50 50 45 3 50 12 38 2 50 11 48 50 14 31 35 50 50 12 2 41 50 50 48 4 50 50 50 50 18 34 50 50 50 41 41 16 50 50 50 50 50 50 50 48 50 50 37 50 50 16 50 23 0 50 50 50 27 50 50 
29 50 50 50 2 50 24 50 50 10 0 50 50 6 7 32 40 8 26 0 50 34 21 45 50 50 30 3 35 50 36 50 46 50 50 20 50 50 50 0 30 4 50 17 50 50 50 50 26 8 50 9 3 10 23 49 0 50 30 
50 50 50 50 48 50 0 50 50 48 17 6 45 50 10 17 50 23 45 8 50 50 33 0 34 50 3 0 49 26 50 50 9 50 44 33 50 50 50 31 50 50 50 50 50 49 50 22 50 50 24 50 50 18 12 50 27 5 
43 28 47 12 38 42 2 12 50 50 50 50 44 10 1 50 50 50 50 50 20 24 7 50 29 35 20 42 44 50 50 50 49 50 50 13 17 41 50 42 50 46 50 50 44 50 37 50 50 50 27 50 8 36 27 19 50 
26 50 50 50 50 9 50 50 50 50 50 50 50 50 50 18 41 50 13 50 50 50 50 10 33 50 44 25 50 20 6 50 50 25 50 21 27 50 32 50 41 31 37 23 10 49 50 36 44 50 50 50 50 50 50 37 
50 6 50 37 37 50 50 46 23 13 50 50 50 50 49 50 50 18 15 50 50 50 50 38 43 3 50 50 6 50 50 50 50 23 29 4 7 16 50 10 50 21 30 50 5 50 50 26 27 13 50 50 50 6 50 
31 50 50 21 50 50 15 50 34 50 27 50 50 25 50 50 50 30 50 50 50 50 50 50 22 24 20 50 3 28 50 50 0 6 50 7 50 50 0 37 50 6 50 50 50 50 30 50 4 50 50 47 7 22 
50 32 4 26 50 2 19 50 50 40 45 50 41 50 4 50 41 50 50 45 5 50 50 48 15 50 10 50 37 50 50 50 50 3 21 50 50 50 22 50 44 50 40 50 48 39 50 50 18 44 13 50 46 
32 50 44 50 34 50 50 50 43 50 50 49 35 50 21 50 50 20 39 50 14 50 50 3 50 50 50 50 29 35 4 30 50 43 50 10 50 43 40 50 50 50 26 50 50 50 50 50 42 50 29 21 
50 50 50 36 33 6 50 8 50 50 25 50 40 50 38 47 50 10 35 50 48 5 50 8 50 50 18 50 50 6 50 42 50 50 47 50 50 2 50 46 12 50 50 27 30 50 23 50 46 50 32 
3 34 50 48 23 23 50 50 50 8 23 19 50 50 50 50 50 50 50 42 19 50 50 8 12 26 50 50 0 50 25 50 11 50 26 6 39 50 50 50 50 50 50 50 50 37 23 50 50 50 
39 50 50 20 50 50 7 50 24 37 50 50 11 50 50 50 31 50 50 41 50 25 50 50 50 50 50 3 45 41 50 28 16 50 3 50 50 50 34 50 50 50 16 50 50 15 28 44 35 
37 50 32 50 16 30 50 50 50 6 47 50 50 50 0 50 48 24 50 50 27 50 24 50 38 5 22 50 17 50 14 30 50 19 33 50 42 10 41 50 36 38 21 50 38 50 50 27 
50 45 50 50 50 47 50 41 12 50 50 4 50 34 14 50 50 4 50 33 46 0 38 25 6 26 30 50 50 24 50 14 49 23 50 23 34 50 24 50 50 33 36 50 50 37 9 
33 50 50 6 11 50 42 50 23 50 37 36 18 44 7 50 50 25 50 1 10 33 50 50 50 50 50 50 41 50 43 50 50 0 50 18 50 50 50 40 15 50 50 1 50 50 
6 50 50 50 37 49 46 19 50 50 3 4 18 50 50 50 50 20 50 50 50 50 50 50 50 50 20 50 32 15 50 14 50 50 50 1 50 50 50 50 34 50 37 48 50 
50 50 36 47 50 12 50 17 50 50 50 50 50 50 50 17 24 42 50 50 29 50 50 0 21 32 50 18 50 0 36 50 5 50 26 20 50 2 50 8 24 50 1 18 
50 30 50 24 50 50 45 50 50 14 33 50 25 10 12 24 41 31 50 22 50 50 50 28 40 11 50 30 50 50 45 50 33 50 50 17 50 50 50 50 39 50 0 
50 50 39 13 50 23 43 50 50 44 50 50 43 50 36 50 12 50 50 50 45 9 50 50 31 40 50 50 50 50 34 16 50 15 4 50 50 17 49 50 6 50 
40 33 50 50 50 50 3 33 33 45 15 50 10 45 38 45 50 0 42 50 1 36 50 50 29 23 50 7 50 50 47 50 10 50 37 50 47 50 50 50 42 
16 38 50 50 34 50 50 45 1 24 30 50 50 7 11 8 50 50 20 50 50 50 45 50 50 50 50 50 50 41 50 0 50 50 14 50 50 50 50 36 
2 27 50 50 32 8 47 50 40 50 50 50 50 50 50 50 4 21 50 44 4 50 50 50 50 50 47 22 50 45 50 44 50 50 50 20 50 2 50 
50 50 50 50 50 50 50 50 50 44 27 28 15 12 44 3 50 50 23 17 50 50 50 8 41 50 50 6 50 50 50 49 50 50 37 50 50 50 
43 46 50 50 50 50 50 50 50 50 8 44 25 50 32 47 33 24 6 50 50 50 50 50 50 2 50 50 1 50 50 50 50 50 36 18 37 
50 39 31 18 37 9 50 50 25 17 50 50 7 50 33 27 50 7 41 50 43 5 50 50 50 50 50 50 7 28 50 10 50 50 21 50 
50 50 30 50 37 50 4 47 50 8 35 23 44 50 38 39 50 50 50 50 48 50 50 25 50 50 50 6 19 7 50 50 50 50 34 
50 49 50 50 26 50 29 50 50 42 33 46 43 50 48 15 24 21 22 40 25 16 31 22 50 50 15 50 50 50 25 50 9 21 
5 50 50 46 50 50 2 50 50 50 17 18 19 47 30 12 50 47 50 50 50 18 47 50 20 50 50 50 25 0 2 20 15 
6 3 28 50 50 50 45 50 8 50 50 50 50 50 50 50 50 50 50 50 5 50 50 50 15 50 38 42 50 27 9 50 
50 47 19 17 50 50 44 24 24 50 50 50 50 36 46 50 50 50 0 50 50 26 5 18 50 50 0 50 50 45 3 
50 50 5 9 45 33 19 50 50 14 50 7 9 48 23 50 50 3 43 5 50 50 14 25 38 20 50 46 50 18 
8 50 17 50 50 9 50 50 50 22 47 50 50 50 10 50 50 50 31 50 41 50 45 13 21 35 50 50 50 
50 50 50 50 7 21 50 50 21 14 50 47 9 2 50 13 50 33 50 50 15 50 50 23 50 8 26 50 
50 50 50 27 50 13 8 50 1 50 50 36 50 4 2 50 27 50 50 50 39 13 32 26 50 9 12 
50 50 42 38 49 50 42 32 12 18 1 50 50 50 46 3 50 6 32 50 50 30 50 10 50 50 
2 32 37 50 16 13 50 50 20 50 50 50 43 50 50 40 38 35 44 20 45 24 26 50 32 
42 17 42 11 50 50 20 41 46 2 50 50 17 50 47 50 50 50 50 28 50 35 0 38 
50 15 20 20 42 50 50 50 35 50 50 46 50 27 15 17 50 50 50 31 20 38 50 
50 14 50 50 47 27 47 38 50 50 14 23 50 50 43 36 18 18 50 37 22 50 
42 35 50 4 50 50 50 34 22 50 50 50 11 33 29 26 50 34 25 10 9 
40 50 26 34 50 49 3 50 50 50 50 16 21 50 3 50 50 50 50 41 
50 13 31 41 22 50 50 50 1 32 30 50 50 50 46 50 50 50 50 
50 32 41 9 25 18 24 31 50 15 25 50 0 50 50 50 45 40 
50 50 40 50 50 30 50 50 50 50 9 50 27 1 10 50 20 
21 41 30 29 27 14 50 26 22 49 50 35 50 50 43 50 
50 50 50 50 50 23 39 26 50 49 31 50 35 50 23 
50 50 46 50 41 30 47 50 12 35 50 21 18 50 
50 50 13 50 20 20 50 46 47 48 50 17 16 
50 50 50 50 23 50 12 50 36 16 50 8 
50 50 2 50 50 50 43 27 50 50 50 
50 34 50 50 50 6 16 46 50 50 
32 50 50 50 50 50 50 48 16 
50 36 50 50 50 41 50 50 
50 50 50 18 9 50 30 
50 50 50 14 25 50 
50 32 50 50 50 
44 28 36 50 
50 19 50 
28 50 
24 

