50 25
25 25 25 25 25 25 25 25 11 7 18 25 25 25 25 25 25 25 25 25 25 25 25 25 25 25 25 12 13 21 21 25 25 25 15 25 25 25 25 20 24 20 25 25 25 25 25 25 23 25
25 5 25 25 25 25 25 25 25 23 25 25 25 25 25 25 22 0 25 25 25 25 25 25 17 25 25 7 9 17 25 25 11 25 25 25 25 25 25 25 10 9 13 12 22 25 25 25 25
25 6 25 25 25 25 25 25 5 25 25 25 25 25 25 19 13 25 25 20 25 25 25 25 25 25 25 7 25 25 7 19 25 25 24 25 25 25 25 25 25 25 25 14 25 25 25 25
2 9 25 14 25 3 25 16 20 25 25 8 3 25 24 5 25 25 25 25 25 25 25 25 25 25 25 25 25 25 17 0 12 13 13 25 25 25 25 25 25 10 7 10 25 25 25
25 6 25 25 25 25 25 25 25 25 25 25 25 25 25 25 25 3 16 25 25 25 25 25 25 24 25 25 0 12 25 3 25 25 25 2 23 23 25 25 12 25 25 12 25 25
25 6 22 25 25 15 25 25 25 25 25 25 10 5 25 25 25 25 25 25 25 25 25 18 25 25 25 18 25 25 25 17 17 25 25 1 25 25 25 12 17 25 25 25 25
25 18 25 25 25 25 1 25 25 7 25 25 25 24 13 25 25 10 25 6 25 25 22 25 13 25 6 8 6 25 25 19 18 25 25 25 25 25 25 25 3 15 25 25
25 19 8 15 25 2 25 25 2 25 25 25 23 0 0 25 25 5 25 16 25 25 22 25 25 18 11 25 25 25 25 25 25 10 18 25 25 25 25 25 25 25 25
2 25 25 5 25 2 25 1 25 25 25 25 25 22 25 25 25 25 25 25 25 1 25 25 25 25 17 25 25 25 9 25 25 25 10 6 25 25 25 25 25 25
25 25 25 25 4 25 25 25 25 25 25 25 17 25 15 17 25 2 6 25 25 6 12 25 2 25 25 25 25 15 25 25 25 8 0 25 23 25 23 18 25
21 2 25 8 8 13 25 25 25 25 25 25 9 24 25 25 25 25 25 25 25 25 25 25 25 25 25 25 25 25 8 25 25 25 25 5 0 25 25 25
25 25 25 25 25 25 25 25 17 25 25 25 25 10 25 25 25 25 25 25 18 25 25 25 19 25 25 25 25 17 25 16 25 8 19 25 25 5 25
25 25 25 20 24 25 25 18 25 25 7 25 13 25 19 25 25 25 25 2 16 21 25 20 25 19 25 25 25 25 25 25 20 25 25 25 1 25
25 25 25 25 25 25 25 7 25 11 25 25 25 25 1 25 25 0 25 25 25 25 6 25 25 8 25 25 3 4 25 25 25 6 25 23 25
25 25 25 25 25 9 25 25 25 10 25 25 19 25 25 22 25 15 16 25 24 20 25 25 25 13 25 25 25 25 25 25 25 8 25 25
25 25 25 25 25 25 25 25 25 25 13 3 25 25 25 25 25 5 25 25 13 25 25 25 25 25 16 14 6 25 25 25 16 18 25
25 25 5 3 25 22 25 25 2 25 24 0 25 25 25 15 25 25 25 25 25 25 13 25 25 24 25 25 25 3 25 25 25 25
25 25 0 25 25 11 25 25 5 25 3 25 22 25 22 19 25 25 25 25 17 25 25 9 1 2 25 25 25 25 25 25 25
25 25 10 25 25 25 25 25 25 25 25 25 25 25 13 25 25 25 15 25 25 25 25 17 25 5 25 25 11 10 25 25
2 25 22 23 25 14 25 25 25 25 25 17 25 25 25 25 8 25 25 13 25 24 14 25 25 25 25 25 25 25 25
25 25 25 25 25 25 25 25 25 25 25 25 25 25 25 25 25 25 25 25 25 25 25 25 25 25 25 25 25 25
25 25 25 25 25 25 18 25 25 25 25 25 25 16 25 25 25 25 25 25 25 25 25 25 25 25 25 25 25
25 25 25 25 25 18 25 25 25 25 25 25 25 25 25 25 25 25 25 25 25 25 25 25 25 25 25 25
25 25 25 25 25 25 25 25 25 25 25 25 25 25 25 25 25 25 25 25 25 25 25 25 25 25 25
25 25 25 25 25 25 25 25 25 25 25 25 9 25 25 25 25 25 25 25 25 25 25 25 25 25
25 25 25 25 25 25 25 25 25 25 25 25 25 25 25 25 25 25 25 25 25 25 25 25 25
25 25 25 25 25 25 25 25 25 25 25 25 25 25 25 25 25 25 25 25 25 25 25 25
25 25 25 25 25 25 25 25 25 25 25 24 25 25 25 25 25 25 25 25 25 25 25
25 25 25 25 25 25 25 25 25 25 25 25 25 25 25 25 25 25 25 25 25 25
19 25 25 25 25 25 25 25 25 25 25 25 25 25 25 25 25 25 25 25 25
15 25 25 25 25 25 25 25 25 25 25 25 25 25 25 25 25 25 25 25
25 25 25 25 25 25 25 25 25 25 25 25 25 25 25 25 25 25 25
25 25 25 25 25 25 25 25 25 25 25 23 25 25 25 25 25 25
25 25 16 25 25 25 25 25 25 25 25 25 25 25 25 25 25
25 25 25 25 25 25 25 25 25 25 25 15 25 25 25 25
25 25 25 25 25 25 25 25 25 25 25 25 25 25 25
25 25 25 25 25 25 25 25 25 25 25 25 25 25
25 25 25 25 25 25 25 25 25 25 25 25 25
25 25 25 25 25 25 2 25 25 25 25 25
25 25 25 25 25 25 25 25 25 25 25
25 25 25 16 25 25 25 25 25 25
25 25 25 25 25 25 25 25 25
25 25 25 25 25 25 25 25
25 25 25 19 25 25 25
25 25 25 25 25 25
25 25 25 25 25
25 25 25 25
25 25 25
25 25
25
