50 25
25 25 25 18 25 7 25 25 10 25 25 25 25 25 3 25 25 10 4 13 25 21 12 25 25 10 22 25 25 6 25 17 14 25 25 20 25 25 25 3 25 25 25 25 25 25 13 25 25 25
25 25 25 25 25 25 25 25 25 25 25 25 0 15 25 25 4 13 25 17 5 4 16 25 4 25 24 25 25 25 25 25 16 25 25 25 25 25 25 16 15 19 25 25 25 25 3 1 25
3 25 25 25 25 25 25 25 25 25 25 25 25 25 9 25 25 25 25 25 3 18 1 25 6 21 25 0 11 25 25 2 25 25 9 11 1 25 9 9 25 18 25 25 25 25 25 25
25 25 25 25 25 13 25 25 25 7 10 10 25 25 25 25 25 23 21 25 25 9 25 25 24 25 25 14 7 25 25 25 11 5 4 25 8 25 25 25 25 13 3 21 25 10 25
25 25 22 25 25 25 25 25 25 7 1 25 25 20 25 25 25 25 25 24 25 25 25 2 25 25 25 25 4 25 25 20 24 25 25 25 16 25 1 0 4 0 6 25 25 25
25 25 25 12 0 25 25 18 20 25 25 25 25 5 25 25 25 20 25 25 25 11 20 25 23 23 25 25 25 8 25 25 25 25 25 7 25 25 6 9 25 25 23 25 25
25 25 2 25 25 10 25 25 23 25 2 25 2 25 13 0 18 24 25 25 25 25 9 25 17 19 25 25 25 25 25 25 25 25 25 25 25 25 25 25 24 25 15 25
6 25 25 20 20 10 25 25 25 25 2 25 1 25 23 25 18 11 25 25 22 4 13 25 25 25 25 25 25 15 25 25 25 25 0 0 25 25 25 25 25 8 25
25 25 25 25 25 25 25 17 18 25 13 25 25 25 25 13 25 25 25 14 25 25 25 25 25 25 25 23 25 25 25 18 10 25 25 25 25 25 25 19 25 25
25 25 25 25 25 10 25 25 25 25 8 23 25 25 9 0 25 4 23 25 25 25 25 25 18 25 15 12 25 25 25 25 25 25 4 25 25 25 23 25 25
8 1 13 25 25 25 25 9 23 7 15 25 25 25 25 25 4 25 25 22 25 25 25 25 25 25 25 25 25 25 25 25 9 25 24 25 25 25 25 25
19 25 25 25 25 25 22 25 25 25 25 25 3 25 25 25 25 3 25 25 25 25 25 25 25 25 25 3 19 17 25 25 25 25 25 25 25 25 25
25 18 25 12 25 24 20 25 22 3 25 14 20 25 25 4 25 25 25 25 25 25 25 25 25 25 25 24 25 25 25 8 25 25 14 25 25 25
25 25 25 25 25 25 12 25 25 9 25 25 25 25 12 21 25 25 21 25 7 25 25 25 25 1 25 25 25 10 25 25 10 25 25 6 25
25 12 25 25 25 7 25 25 25 25 16 25 16 25 25 25 25 25 14 25 5 25 11 25 25 25 25 13 22 25 25 25 25 22 22 25
25 25 24 25 25 25 25 25 25 25 25 5 25 9 15 25 25 25 17 19 25 25 16 17 25 21 25 3 25 25 25 25 10 25 25
25 25 24 25 11 25 4 4 25 22 25 25 8 25 4 25 21 25 25 25 25 25 25 25 25 25 21 25 25 25 25 25 25 25
25 25 14 4 22 25 25 15 25 25 25 25 25 25 12 25 25 25 1 25 25 14 25 1 25 25 25 25 25 25 25 25 25
25 25 25 25 25 25 25 25 25 25 25 25 25 25 25 25 25 25 25 25 25 13 25 25 25 25 25 25 25 25 25 25
25 25 25 25 25 25 25 25 25 25 25 25 25 25 25 25 25 25 25 25 25 25 25 25 25 25 25 25 25 25 25
25 25 25 25 25 25 25 25 25 15 25 25 25 25 25 25 25 25 25 25 25 25 25 25 25 25 25 25 25 25
25 25 25 25 25 25 20 25 25 25 25 25 25 25 25 25 25 25 25 25 25 10 25 25 25 25 25 25 25
25 25 25 25 25 25 25 25 25 25 25 25 25 25 25 25 25 25 25 25 25 25 25 25 25 25 25 25
25 25 25 25 25 25 25 25 25 25 25 25 25 25 25 25 25 25 25 25 25 25 25 25 25 25 25
25 25 25 25 25 25 25 25 25 25 16 25 25 25 25 25 25 25 25 25 25 9 25 25 25 25
25 25 25 15 25 25 25 25 25 25 25 25 25 25 25 25 25 25 25 25 25 25 25 25 25
25 25 25 25 25 25 25 25 25 25 25 25 25 15 25 25 25 25 25 25 25 25 25 25
25 25 25 25 25 25 25 25 25 25 25 25 25 25 25 25 25 25 25 25 25 25 25
25 25 25 25 25 25 25 25 25 25 25 25 25 8 25 25 25 25 25 25 25 25
25 25 25 25 25 25 25 25 25 25 25 25 25 25 25 25 25 25 25 25 25
25 25 25 25 25 25 14 25 25 25 25 25 25 25 25 25 25 25 25 25
25 25 25 25 25 25 25 17 25 25 25 25 25 25 25 25 8 25 25
25 25 25 25 25 25 25 25 2 25 25 25 25 25 25 25 25 25
25 25 25 25 25 25 21 25 25 25 25 25 25 25 25 25 25
25 25 25 25 25 25 25 25 25 25 25 25 13 25 25 25
25 25 25 25 25 25 25 25 25 25 25 25 25 25 25
25 1 25 25 25 25 25 25 25 25 25 25 25 25
18 25 25 25 25 25 25 25 25 25 25 25 25
25 25 25 25 25 25 25 25 25 25 25 25
25 25 25 25 25 25 25 25 25 25 25
25 25 25 25 25 25 25 25 25 25
25 25 25 25 25 25 25 25 25
25 25 25 25 25 25 25 25
25 25 25 25 25 25 25
25 25 25 25 25 25
25 25 24 25 25
25 25 25 25
25 25 25
25 25
25
