50 12
9 7 9 12 12 12 7 12 9 8 12 9 10 8 12 8 5 8 10 3 3 8 5 11 12 12 8 2 0 1 4 8 9 12 12 6 9 12 0 3 12 5 12 12 12 0 7 12 0 12
12 12 6 9 12 12 12 2 8 9 6 12 3 5 12 3 12 12 12 7 4 0 12 12 10 12 9 12 4 12 12 12 9 7 12 6 0 5 12 11 1 12 4 7 12 9 4 12 12
12 5 12 6 11 6 12 12 9 10 10 4 12 12 3 12 12 0 2 12 12 12 12 12 2 12 12 12 12 7 3 0 12 10 10 12 12 12 7 11 3 12 10 12 8 1 8 12
5 8 2 12 3 12 12 12 12 12 12 4 12 3 9 12 3 12 12 12 12 12 7 12 12 5 4 8 0 0 12 5 4 4 12 12 10 11 6 12 12 5 12 4 12 11 12
12 4 12 8 1 1 12 4 12 1 12 11 12 12 12 3 5 0 0 12 12 12 12 2 12 8 6 12 9 12 2 2 12 9 3 5 1 12 12 12 12 12 10 1 9 12
12 12 11 0 12 8 12 12 10 9 12 4 6 12 4 1 1 2 5 10 2 11 10 12 12 6 9 12 11 12 9 12 10 6 1 3 0 12 1 6 5 12 12 12 12
12 12 12 12 12 5 2 12 12 0 0 12 12 11 9 12 10 7 9 12 12 12 12 0 1 12 9 12 2 8 1 8 12 12 6 12 12 12 12 6 8 9 12 12
1 5 2 12 12 12 12 12 12 12 12 10 2 11 6 9 12 12 12 0 11 1 12 12 11 2 12 4 12 2 12 3 12 5 12 10 10 12 3 10 11 5 12
12 7 7 9 12 6 12 7 12 12 12 8 4 12 12 3 7 0 12 12 10 12 12 12 11 12 12 4 12 12 12 7 11 6 9 7 12 0 12 12 1 12
12 11 12 12 5 12 9 12 12 4 9 12 12 2 12 4 12 0 12 0 3 12 3 5 12 6 12 12 12 12 10 12 9 12 12 11 12 12 12 12 12
12 12 7 12 12 10 4 4 12 12 2 7 9 12 3 12 12 2 12 12 12 12 12 0 12 12 12 12 2 12 6 5 5 12 12 12 8 11 12 12
7 12 3 11 12 10 6 12 12 11 4 0 12 12 10 12 12 7 11 7 2 8 3 12 12 12 12 2 12 4 12 12 12 3 12 7 12 5 12
12 4 12 11 12 8 3 2 12 12 3 6 11 4 12 5 12 9 12 12 12 12 5 12 5 12 3 10 12 12 0 12 2 12 5 5 12 12
12 10 3 12 8 0 6 12 12 5 1 12 10 12 12 12 12 12 6 12 6 12 12 6 12 12 12 6 12 9 3 12 8 12 12 12 12
11 12 5 12 8 8 12 12 12 8 2 1 3 7 2 10 12 7 9 1 12 2 3 12 11 12 12 2 12 12 4 7 12 4 12 12
12 6 12 7 10 12 12 12 12 0 9 12 8 0 1 12 12 12 2 12 7 12 12 7 0 12 8 12 2 12 2 12 0 7 12
12 12 12 12 12 12 2 1 8 12 12 8 12 3 8 12 10 12 5 10 12 7 0 8 2 12 2 0 6 2 6 12 12 12
12 12 12 12 4 7 6 12 9 12 12 8 12 11 12 0 4 5 12 1 3 5 8 0 11 6 12 9 11 12 12 10 12
10 7 8 12 9 12 12 6 4 12 12 12 5 12 12 12 5 12 12 12 2 12 12 12 0 12 12 3 12 12 12 12
12 4 11 10 1 10 12 5 12 10 12 6 3 12 12 12 12 11 2 1 6 8 5 1 12 0 11 12 12 0 12
10 12 12 4 12 7 12 11 12 12 12 12 12 12 3 12 0 11 7 12 12 1 0 0 12 12 12 3 6 12
12 8 12 3 12 1 12 0 2 12 7 6 12 1 12 7 2 10 12 12 12 12 5 12 1 2 12 7 12
12 10 6 12 11 1 12 12 12 12 12 7 12 5 6 2 12 12 12 5 12 12 12 0 11 3 12 12
10 12 8 1 2 6 1 4 10 7 1 8 11 12 6 12 12 10 12 12 6 12 5 12 12 1 12
5 12 12 12 12 6 10 12 0 1 12 12 2 12 12 12 12 12 12 12 12 12 12 12 12 12
12 12 12 12 12 12 12 12 12 12 12 12 12 12 12 12 12 12 12 12 12 12 12 12 12
12 12 12 12 12 12 12 12 12 12 12 12 12 12 12 12 12 12 12 12 12 10 12 12
12 12 12 3 12 12 12 12 12 12 5 12 12 12 12 12 12 12 12 12 12 12 12
12 12 12 12 12 12 12 12 12 12 12 12 12 12 12 12 12 12 12 12 12 12
12 12 12 12 12 12 12 12 12 12 12 12 12 12 12 12 12 12 12 12 12
12 12 12 12 12 12 12 12 12 12 12 12 12 12 12 12 12 12 12 12
12 12 12 12 12 12 12 12 12 12 10 12 12 12 12 12 12 12 12
12 12 12 12 12 12 12 12 12 12 12 12 12 12 12 12 12 12
12 12 12 12 12 12 12 12 12 12 12 12 12 12 12 12 12
12 12 12 12 12 12 12 12 12 12 12 10 12 12 12 12
1 12 12 12 12 12 12 12 12 12 12 12 12 12 12
12 12 12 12 12 12 12 12 12 12 12 12 12 12
12 12 12 12 12 12 12 12 12 8 12 12 12
8 12 12 12 12 12 12 12 12 12 12 12
12 12 12 12 12 12 12 12 12 12 12
12 12 12 12 12 12 12 12 12 12
12 12 12 12 12 12 12 12 12
12 12 12 12 12 12 12 12
12 12 12 12 12 12 12
12 12 12 12 12 12
12 12 12 12 12
12 12 12 12
12 12 12
12 12
12
