30 30
21 29 7 30 26 7 17 29 22 7 14 15 30 20 12 8 8 18 2 10 30 8 3 18 18 11 10 26 27 
8 11 10 17 30 8 30 30 23 15 6 25 27 23 7 23 17 4 1 3 28 28 24 16 30 23 10 30 
30 20 15 16 26 25 13 1 20 11 22 24 29 24 10 13 8 5 30 30 16 29 30 2 1 30 21 
30 14 4 30 0 17 19 12 13 4 0 2 7 30 14 24 21 30 14 12 11 16 15 17 30 20 
8 7 14 8 26 6 30 19 18 3 3 24 20 29 16 9 28 8 24 9 23 22 28 11 21 
30 12 30 30 25 2 1 19 20 4 3 2 12 30 10 4 1 18 6 30 10 16 30 22 
15 25 17 30 20 1 14 16 16 29 28 28 1 29 9 13 30 30 6 14 29 20 21 
29 10 19 16 5 0 21 15 23 1 30 12 0 14 30 4 22 10 28 27 9 14 
30 3 26 2 26 18 18 30 30 30 30 18 12 7 22 15 17 24 24 22 8 
30 21 21 6 1 22 1 0 11 1 4 12 30 14 22 15 21 1 1 20 
30 28 29 15 30 27 13 30 7 13 10 15 7 3 1 9 24 5 4 
22 13 10 12 4 19 8 20 6 4 16 30 2 30 2 24 30 3 
30 1 0 20 20 20 17 26 24 22 13 15 23 21 1 2 24 
26 15 11 14 0 18 2 3 23 27 19 26 30 19 29 15 
1 9 15 0 29 27 11 12 3 16 30 30 15 12 9 
6 12 11 29 14 4 24 18 20 0 3 23 5 0 
21 2 22 30 23 19 2 6 1 1 30 0 30 
0 30 3 4 1 4 25 25 30 19 11 29 
7 19 16 10 30 11 7 14 30 4 12 
24 5 16 25 30 19 21 30 23 24 
22 30 12 20 27 30 4 21 17 
23 12 17 5 13 9 30 30 
30 30 30 30 30 30 30 
30 30 30 30 30 30 
30 30 30 30 30 
30 15 30 30 
30 30 30 
30 30 
30 

