30 30
7 19 11 30 29 14 9 11 26 21 16 21 25 23 18 26 30 27 16 7 12 4 15 30 0 20 18 14 19 
30 30 11 15 5 30 14 9 30 13 19 11 30 19 27 10 30 15 9 1 19 29 4 14 23 7 19 30 
20 21 28 19 30 9 11 18 9 20 23 28 30 3 29 27 26 30 0 6 30 30 30 14 30 29 24 
26 20 30 15 0 18 22 24 15 26 0 7 19 30 24 30 6 29 10 29 30 7 6 11 29 4 
21 3 20 0 24 30 26 7 30 28 26 2 27 2 25 14 13 20 30 30 30 30 17 26 17 
12 29 18 27 29 23 26 7 20 12 12 30 30 19 5 15 6 3 5 30 22 30 30 17 
30 17 2 6 25 12 9 27 24 25 15 26 30 13 30 9 5 16 18 25 8 12 23 
18 18 27 30 29 28 18 30 20 15 18 2 14 30 30 22 11 30 12 11 30 1 
30 25 0 10 3 30 12 27 30 30 25 15 0 30 22 26 24 8 19 28 13 
24 26 11 30 24 30 30 29 30 14 28 13 10 4 16 24 30 30 21 10 
1 22 30 25 8 17 25 29 3 16 1 25 18 30 13 9 28 5 13 
4 23 12 1 5 5 13 13 30 11 26 15 18 16 2 27 28 14 
12 7 3 20 8 26 3 20 13 30 21 14 28 20 30 17 29 
25 6 0 30 25 23 21 24 10 5 15 8 16 28 7 30 
23 19 30 17 23 29 30 5 14 7 21 15 10 6 17 
15 11 16 30 13 13 10 9 28 18 7 12 23 28 
6 30 30 24 30 27 6 13 3 15 15 17 24 
18 18 7 24 7 30 26 10 19 5 28 4 
24 1 19 7 30 15 8 8 21 18 27 
17 25 15 11 30 8 27 9 18 30 
30 21 24 12 28 5 30 30 16 
30 6 1 30 30 30 20 23 
29 1 30 30 30 30 9 
12 10 2 30 26 22 
14 17 3 13 30 
14 30 30 30 
19 30 30 
15 3 
22 

