30 30
29 20 2 28 30 2 30 2 3 15 29 3 24 23 30 0 22 10 1 27 27 17 10 0 2 9 12 29 5 
10 12 11 30 14 6 22 8 2 4 30 14 2 26 12 18 4 18 27 25 24 8 11 18 30 27 22 30 
12 16 5 20 4 12 18 19 29 0 22 2 4 4 27 25 3 9 18 30 8 18 18 29 9 19 30 
30 4 20 27 30 11 29 7 28 21 25 5 30 23 9 20 30 24 13 8 16 22 24 1 10 28 
21 15 30 2 25 18 10 19 7 25 21 30 8 27 8 30 14 23 23 1 4 28 19 4 30 
25 18 16 25 9 7 29 21 10 25 11 30 18 22 18 9 7 23 3 2 30 23 16 14 
30 24 9 25 14 3 13 17 2 29 12 2 10 3 7 7 28 25 19 21 30 21 25 
9 20 26 15 10 11 30 13 12 13 8 5 10 4 11 30 16 30 16 30 11 22 
3 1 26 5 19 30 7 8 18 21 6 30 15 9 6 3 21 10 30 11 30 
24 12 27 29 26 28 19 30 24 25 27 14 10 30 12 6 30 7 6 13 
7 16 12 6 21 14 14 14 9 18 18 13 30 15 28 22 14 27 20 
18 7 30 14 9 24 5 7 18 24 17 3 17 30 18 14 6 7 
23 5 1 23 23 30 21 20 15 21 2 7 27 7 30 19 3 
15 30 18 24 30 28 7 18 18 30 30 12 30 30 19 30 
30 20 30 3 13 30 17 30 30 30 13 3 19 23 27 
11 3 2 30 29 1 30 7 30 10 6 30 30 24 
30 10 0 24 8 30 30 27 12 30 30 9 12 
12 17 7 30 30 16 10 30 6 30 23 30 
17 30 8 1 30 30 15 2 19 4 30 
20 30 7 30 19 13 30 3 11 30 
6 17 24 18 30 25 30 29 30 
4 30 20 30 5 30 0 30 
12 14 17 30 30 3 29 
13 9 0 22 30 10 
8 27 7 13 3 
27 30 23 30 
11 11 3 
30 20 
30 

