30 30
30 29 11 20 2 30 6 29 20 30 30 13 5 22 6 30 13 16 17 14 21 12 30 24 11 25 27 7 22 
3 24 7 1 27 11 18 0 13 14 12 17 28 12 10 2 7 16 30 13 0 11 4 22 30 30 6 14 
26 29 14 26 13 9 30 5 30 27 30 8 12 10 11 16 21 4 12 15 25 30 30 3 18 29 30 
27 30 15 8 16 20 11 18 30 3 30 6 19 22 5 7 26 3 30 29 11 13 19 4 4 30 
23 22 11 3 19 15 18 30 7 4 25 17 12 8 30 0 30 30 23 23 30 12 20 7 21 
30 17 0 6 3 30 22 30 14 30 25 7 28 30 18 8 25 14 29 5 29 30 30 30 
0 18 25 2 3 30 30 18 18 22 15 3 24 16 23 22 30 30 18 7 15 7 24 
22 14 17 21 0 27 30 30 13 14 3 30 19 25 5 26 5 23 4 30 30 24 
20 30 30 14 20 1 23 18 1 30 29 15 9 25 30 3 1 7 20 11 19 
16 3 13 25 30 29 30 6 13 1 30 7 24 26 30 9 7 12 13 23 
7 15 13 18 0 28 30 1 21 28 25 2 19 4 30 30 27 26 27 
9 14 8 9 30 26 12 15 15 27 13 11 15 22 30 25 4 17 
13 24 27 8 24 22 5 17 29 9 8 19 20 21 8 25 24 
15 28 14 5 30 7 30 30 11 11 16 19 24 0 9 16 
22 13 22 30 23 14 4 13 11 28 10 30 1 22 30 
9 27 26 22 2 19 30 24 30 30 30 22 27 14 
27 30 30 2 13 24 6 9 5 22 18 19 26 
30 30 30 22 8 23 28 30 10 11 14 27 
13 24 19 5 7 2 5 4 8 19 11 
24 14 30 24 0 30 13 28 26 19 
15 20 15 6 4 3 30 30 5 
14 3 13 16 23 3 30 17 
25 27 30 13 23 30 8 
25 30 30 30 7 30 
28 21 8 30 16 
30 4 2 13 
28 29 30 
30 17 
30 

