30 30
25 22 7 25 15 21 16 30 11 26 6 18 19 19 20 27 3 7 21 11 28 10 4 1 26 1 29 24 29 
22 24 10 17 16 30 5 30 15 16 18 16 21 9 3 7 28 5 22 11 21 21 10 12 18 25 9 12 
12 11 30 30 10 4 7 28 13 5 16 3 11 15 15 3 0 10 11 3 11 20 17 2 30 24 28 
26 3 15 26 26 2 19 22 17 2 25 2 9 11 21 11 15 19 20 0 6 14 20 7 5 20 
19 2 7 20 29 14 15 17 25 19 8 29 8 7 2 3 30 13 26 12 4 1 3 29 30 
28 26 25 30 29 30 4 26 12 16 5 7 2 7 8 25 30 0 14 10 2 21 22 4 
2 16 10 11 30 22 30 19 21 28 20 20 30 30 30 8 12 12 12 24 28 26 10 
11 25 29 27 16 9 9 7 5 7 16 9 30 30 25 16 3 4 14 30 12 30 
1 30 30 29 19 1 1 11 24 12 16 7 30 11 27 30 30 14 5 30 3 
30 29 28 12 19 6 10 1 5 30 7 30 30 3 18 14 1 30 30 21 
30 10 19 30 25 30 9 30 13 30 14 25 30 27 27 28 30 10 10 
13 30 9 9 30 11 11 30 28 26 30 4 28 12 18 28 3 24 
3 30 15 0 22 29 21 14 11 30 17 30 23 14 26 12 12 
30 30 20 30 30 29 30 18 7 24 24 24 12 25 13 30 
1 10 28 3 30 13 30 30 27 5 16 20 16 15 18 
30 16 30 1 0 30 9 13 28 10 30 30 17 29 
22 5 23 29 1 8 28 17 30 30 21 22 7 
30 30 19 30 12 26 18 30 30 17 17 17 
17 21 12 30 30 30 2 2 30 30 30 
11 0 27 27 5 30 22 0 23 22 
30 18 14 18 14 29 5 30 9 
28 30 10 1 16 30 30 30 
30 11 6 7 18 28 18 
2 8 26 9 11 20 
30 26 30 30 6 
10 29 30 30 
14 23 16 
12 30 
27 

