30 30
30 29 11 30 30 30 6 29 20 30 30 13 5 30 30 30 30 30 30 14 30 12 30 24 11 25 27 7 22 30
3 30 7 30 30 30 18 0 30 14 12 30 30 30 10 30 30 30 30 30 30 11 30 22 30 30 6 14 30
30 29 30 26 13 30 30 5 30 27 30 30 12 30 30 30 30 4 12 15 25 30 30 30 18 29 30 30
30 30 15 30 30 20 30 30 30 30 30 6 30 22 5 30 26 3 30 29 30 30 30 4 4 30 30
30 22 11 30 30 30 30 30 7 30 25 30 12 8 30 30 30 30 23 30 30 30 30 30 21 30
30 17 30 30 30 30 22 30 14 30 25 30 30 30 30 30 25 30 30 5 29 30 30 30 30
30 30 25 30 3 30 30 18 18 30 30 30 30 30 23 22 30 30 30 30 30 30 30 30
30 14 30 30 30 30 30 30 30 30 30 30 30 30 5 30 30 30 30 30 30 30 30
30 30 30 14 30 30 23 30 30 30 30 30 30 30 30 30 30 30 30 30 30 30
30 30 30 30 30 30 30 30 30 30 30 7 30 30 30 30 30 30 13 30 30
30 30 30 30 30 30 30 30 30 30 30 30 19 30 30 30 27 30 30 30
30 30 30 30 30 30 30 30 30 30 30 30 30 22 30 30 30 30 30
30 30 30 30 30 30 30 30 30 30 30 30 20 30 30 30 30 30
30 30 30 30 30 30 30 30 30 30 30 30 30 30 30 30 30
30 30 30 30 23 30 30 13 30 30 30 30 30 30 30 30
30 30 30 30 30 30 30 30 30 30 30 30 30 30 30
30 30 30 30 30 30 30 30 30 30 30 30 30 30
30 30 30 30 30 30 30 30 10 30 30 30 30
13 30 30 30 30 2 30 30 30 30 30 30
30 30 30 30 30 30 30 30 30 30 30
30 30 30 30 30 3 30 30 5 30
30 30 30 30 30 30 30 30 30
30 30 30 30 30 30 30 30
30 30 30 30 30 30 30
30 30 30 30 30 30
30 30 30 13 30
30 30 30 30
30 30 30
30 30
30
