30 30
30 30 30 30 30 16 5 30 8 1 30 30 30 30 2 7 30 30 30 30 17 30 30 30 30 30 30 30 1 30
30 30 30 2 30 19 30 30 5 30 7 30 12 30 30 30 30 30 30 30 30 25 30 30 30 21 18 30 30
19 30 20 4 30 30 30 30 1 30 30 30 30 5 30 30 29 30 30 5 30 26 30 30 30 30 30 30
30 28 30 20 30 30 30 30 24 30 8 30 30 30 30 30 30 5 30 30 10 30 30 30 30 30 30
30 30 30 30 13 30 18 14 25 30 30 14 30 30 30 30 30 0 30 30 30 30 26 7 30 30
30 1 21 30 30 30 30 30 30 30 30 30 23 30 30 30 30 30 2 30 30 14 30 30 30
30 30 13 30 30 30 30 30 30 30 30 30 30 30 30 14 16 30 30 0 28 30 30 30
30 30 30 30 30 30 30 30 30 30 23 30 7 30 28 30 30 30 30 7 9 30 30
30 30 30 18 5 30 30 30 0 3 21 30 30 30 7 30 30 30 30 30 30 30
30 30 30 30 30 30 30 30 30 30 30 4 30 0 30 30 30 30 30 30 30
30 30 30 16 30 30 30 29 30 30 30 30 30 4 30 20 30 30 30 30
30 30 30 1 21 30 30 30 30 30 30 30 15 30 30 30 9 30 30
27 30 30 30 30 30 30 30 30 30 30 30 30 30 30 30 30 30
30 30 30 30 30 30 3 30 30 30 30 30 30 8 30 30 30
13 12 30 30 30 30 30 26 30 30 30 30 30 30 30 30
30 23 30 30 30 30 30 30 30 30 7 30 30 30 30
30 26 30 30 30 30 30 30 30 30 30 30 30 30
30 30 17 30 30 30 30 30 30 30 30 30 30
30 10 30 30 30 30 30 30 30 30 30 30
30 30 30 30 30 30 30 30 30 30 30
30 30 30 30 30 30 30 28 30 30
18 20 30 30 30 19 30 0 30
30 30 14 10 30 30 30 30
30 30 30 30 30 30 30
30 30 30 30 30 30
30 30 30 30 30
30 30 30 30
30 30 30
30 30
30
