30 30
25 22 7 25 15 21 16 30 30 26 6 30 19 30 30 30 3 30 21 11 30 10 4 1 26 1 29 24 29 30
30 24 10 30 16 30 5 30 15 16 18 30 21 9 3 7 30 30 22 30 30 21 10 12 18 25 9 12 30
12 11 30 30 30 4 30 30 13 5 16 3 30 15 30 3 0 30 11 3 11 20 17 30 30 24 28 30
30 3 30 26 26 2 19 30 17 30 30 30 30 30 30 30 30 30 20 30 30 30 30 30 30 30 30
30 2 7 20 30 30 30 30 30 30 8 30 30 30 30 30 30 30 30 30 30 30 30 30 30 30
30 30 30 30 30 30 30 30 30 16 30 30 30 30 30 30 30 30 30 30 30 30 22 30 30
30 30 30 30 30 30 30 30 30 30 30 30 30 30 30 30 30 30 30 30 30 30 30 30
30 30 30 30 30 30 30 30 30 30 30 30 30 30 30 30 30 4 14 30 30 30 30
30 30 30 30 30 30 30 30 30 30 30 30 30 30 30 30 30 30 30 30 30 30
30 30 30 12 30 30 10 30 30 30 30 30 30 3 30 30 30 30 30 30 30
30 30 30 30 30 30 9 30 30 30 30 30 30 30 30 30 30 30 30 30
30 30 30 30 30 30 11 30 30 30 30 4 30 30 30 30 30 30 30
30 30 30 30 30 30 30 30 30 30 17 30 30 30 30 30 30 30
30 30 30 30 30 30 30 30 30 30 30 30 30 30 30 30 30
30 30 30 30 30 30 30 30 30 30 30 30 30 30 30 30
30 30 30 30 30 30 30 30 30 30 30 30 30 29 30
30 30 30 30 30 30 30 30 30 30 30 30 30 30
30 30 30 30 30 26 18 30 30 30 30 30 30
30 21 30 30 30 30 30 30 30 30 30 30
30 30 27 27 30 30 30 0 30 30 30
30 30 30 30 30 30 30 30 30 30
30 30 30 30 30 30 30 30 30
30 30 30 7 30 30 30 30
30 30 30 30 30 30 30
30 30 30 30 30 30
30 30 30 30 30
30 30 30 30
30 30 30
30 30
30
