30 30
6 30 9 30 30 30 30 30 20 3 2 30 28 30 30 2 30 30 2 30 30 2 30 30 19 30 30 30 30 30
30 21 30 30 30 30 14 30 30 0 30 30 30 30 30 2 30 13 30 5 30 23 30 30 30 1 30 30 30
30 30 30 30 7 30 30 30 15 30 30 28 23 3 18 30 30 13 30 30 30 23 30 5 30 20 15 30
6 30 30 30 30 30 22 0 30 4 30 30 30 14 18 30 30 9 29 30 30 23 30 21 30 30 30
15 27 30 5 3 21 30 30 30 30 30 18 6 23 0 3 30 30 30 30 30 30 30 30 30 30
30 30 30 22 30 23 26 30 30 30 30 30 17 30 30 30 11 30 13 30 30 30 3 30 30
30 4 30 30 30 30 7 30 30 30 6 7 30 30 30 8 30 30 7 30 30 8 18 30
30 30 29 30 30 29 5 30 22 30 30 30 30 30 30 27 27 30 30 16 30 30 30
30 30 30 30 30 15 30 30 30 30 30 30 30 30 30 30 28 30 30 30 30 30
30 30 30 30 30 30 30 30 30 30 30 30 30 30 30 11 30 30 30 30 30
30 30 30 30 30 30 30 30 30 30 30 13 30 30 30 30 30 30 30 30
30 30 30 30 30 30 30 30 30 30 30 30 30 30 30 30 30 30 30
30 30 30 30 30 14 30 30 30 30 30 30 13 30 30 30 30 30
30 28 30 30 30 30 4 30 30 30 30 30 30 30 30 30 30
30 30 30 30 30 30 30 30 30 30 30 30 30 30 30 30
30 30 30 30 30 30 30 30 30 30 30 25 21 30 30
30 30 30 30 30 30 30 30 30 30 30 30 30 30
30 19 30 30 30 30 30 30 30 30 30 30 30
30 30 30 30 25 30 30 30 3 30 30 30
30 30 30 30 30 30 30 30 30 30 30
30 30 30 30 30 30 30 30 30 30
30 30 30 30 30 30 30 30 30
30 24 30 30 30 30 30 30
30 30 14 30 30 30 30
30 30 30 30 10 30
30 30 30 30 30
30 30 30 30
30 30 30
30 30
30
