100 125
6 92 25 14 110 47 57 120 74 125 85 86 7 50 68 67 38 95 5 71 108 116 51 37 54 124 90 121 31 53 123 46 78 26 125 13 77 125 69 90 100 109 125 19 80 51 18 95 50 75 27 123 120 82 1 60 47 19 64 47 47 96 118 115 46 13 32 125 36 64 10 106 34 25 115 94 75 43 125 125 31 76 50 29 66 43 125 11 26 100 95 17 93 87 118 90 79 1 30 125
88 57 21 6 49 65 63 87 49 29 61 125 92 28 12 9 78 6 125 78 125 26 125 81 124 65 7 125 54 125 31 123 61 27 104 65 29 81 15 100 31 89 125 98 93 66 39 38 125 95 96 14 17 79 17 4 125 40 79 27 11 46 79 13 0 10 125 119 4 2 45 61 87 84 125 115 110 114 32 93 57 125 58 125 7 125 93 53 91 82 70 125 100 107 125 31 61 31 125
26 4 10 0 7 4 77 34 104 79 110 7 80 101 120 45 88 7 5 46 63 1 0 11 33 74 48 8 94 13 8 101 17 124 16 125 116 47 71 62 22 110 98 50 30 100 23 101 85 125 76 85 1 13 99 69 30 60 2 47 87 46 55 85 110 48 90 80 40 4 47 118 92 117 13 108 14 110 42 43 69 78 103 125 1 82 54 49 124 69 102 70 82 26 125 35 98 125
83 101 21 9 125 42 75 53 60 22 68 96 90 105 57 70 125 111 125 78 125 88 125 29 101 38 52 125 22 115 117 125 93 36 125 54 99 119 72 119 125 88 40 40 47 95 21 74 29 95 20 110 100 124 50 13 125 54 42 30 0 66 6 44 125 61 11 71 14 1 45 101 101 120 97 125 67 107 41 106 51 90 112 9 80 5 51 98 76 82 111 102 38 31 55 35 125
94 125 93 52 3 102 40 67 19 103 73 42 100 47 19 21 105 37 81 33 55 117 103 117 57 119 46 11 36 116 82 95 50 99 114 125 78 81 19 124 104 125 46 40 39 25 101 62 77 69 107 125 109 104 108 47 13 73 102 35 67 113 99 16 125 104 125 59 125 28 122 60 66 102 81 99 80 0 40 125 120 80 94 31 41 2 29 99 110 71 13 93 121 64 24 125
38 125 77 124 119 85 60 64 67 119 12 124 34 125 75 15 100 67 121 125 125 4 66 59 28 37 25 125 92 110 24 111 97 59 21 54 125 86 0 32 48 6 12 30 0 27 26 30 88 64 30 17 102 39 61 12 125 82 89 117 66 20 26 9 111 104 9 19 125 79 45 29 27 91 56 53 110 12 89 112 115 70 4 19 68 74 11 125 19 123 33 53 40 120 125
4 121 38 73 74 118 34 0 4 51 99 11 125 56 125 125 11 10 114 104 52 91 89 20 92 46 61 123 57 6 12 55 66 29 79 90 18 114 125 125 24 10 101 33 89 81 91 43 89 125 14 28 95 123 60 50 124 78 81 29 82 44 42 20 63 12 46 52 118 45 118 13 107 65 90 65 92 113 42 63 66 16 36 125 123 121 82 33 70 97 113 72 63 125
10 77 61 71 90 2 20 94 100 88 55 112 114 125 93 99 65 120 53 14 125 125 51 2 97 114 125 22 95 23 103 125 70 125 100 125 85 52 120 125 49 36 77 18 40 112 57 9 84 97 38 31 85 79 121 102 89 50 26 17 46 75 125 117 49 2 47 9 21 83 57 40 69 125 46 123 122 114 11 125 121 56 61 108 121 125 80 42 107 37 50 125 125
34 125 62 122 88 82 101 125 125 57 97 73 89 121 105 125 125 125 87 29 51 42 125 56 104 119 125 16 43 34 125 125 7 53 60 63 108 59 125 125 74 99 37 108 34 125 125 53 39 24 125 125 125 18 28 60 74 104 104 52 120 22 25 61 49 25 124 43 125 1 41 125 67 60 69 101 125 125 95 5 125 58 97 97 25 95 38 61 34 121 125 125
105 125 125 125 9 49 125 114 125 57 79 23 61 65 82 7 109 74 24 125 125 77 80 86 125 71 21 38 110 45 66 88 67 125 87 125 110 90 93 99 110 63 125 63 98 104 47 125 94 110 23 9 10 7 116 116 84 125 24 114 74 35 22 62 12 106 125 95 108 125 125 125 125 93 125 14 59 125 49 96 58 125 125 29 96 36 121 68 97 55 125
36 125 108 67 18 125 102 61 11 99 78 63 82 48 95 111 67 20 30 57 47 16 17 38 57 19 103 56 72 125 120 117 4 50 42 121 53 11 82 48 120 57 81 125 65 100 104 96 43 51 11 35 22 125 26 84 98 95 41 86 33 117 66 100 125 101 114 125 71 125 34 106 121 3 53 125 26 85 40 114 74 81 82 74 17 110 113 92 106 125
125 16 58 37 125 98 59 125 67 45 49 32 36 118 23 66 55 1 55 48 85 121 91 95 18 125 88 55 17 125 125 125 12 81 65 112 74 125 38 101 125 117 84 7 125 118 125 6 121 94 52 110 125 125 29 37 72 12 125 1 80 77 56 24 36 125 125 69 109 46 24 108 101 58 106 54 12 105 6 112 87 53 119 11 88 38 125 125 125
69 125 125 109 125 77 52 57 125 99 125 61 95 49 72 33 67 118 104 121 92 113 97 73 125 125 60 125 83 73 125 83 37 116 26 81 82 125 33 98 51 86 112 64 3 102 66 125 125 125 56 114 24 85 57 102 112 103 103 1 62 30 125 67 114 85 58 81 15 125 68 88 105 14 110 27 85 125 111 99 19 80 58 125 125 55 83 125
61 125 29 125 49 39 110 39 125 52 37 90 101 80 84 29 95 12 70 51 80 25 75 31 31 71 5 125 72 77 119 125 55 125 81 125 45 125 125 95 125 125 49 62 125 80 125 46 49 60 125 109 103 89 107 21 52 102 74 49 125 92 37 76 122 66 125 63 68 87 31 23 98 94 28 125 8 7 38 38 125 106 78 60 88 26 125
46 125 5 118 125 111 125 125 32 42 28 109 115 94 17 121 30 48 106 62 22 125 63 10 57 125 96 95 118 15 125 109 110 38 114 125 91 67 94 34 7 125 125 7 59 94 61 125 52 79 54 81 36 63 103 97 113 81 16 11 73 43 115 125 97 77 25 125 10 72 11 24 85 117 125 6 10 111 125 83 8 81 67 95 120 125
20 108 125 40 32 125 4 30 81 64 104 125 16 101 27 102 12 125 62 43 31 79 125 115 100 31 58 53 125 78 15 125 37 123 105 125 125 10 44 125 125 125 57 27 5 27 87 74 0 125 81 123 125 6 37 4 61 125 51 38 9 125 100 34 56 4 68 79 125 8 40 90 124 125 67 60 32 59 112 125 39 125 41 55 125
65 97 125 7 43 125 73 125 55 75 26 8 11 8 56 2 33 51 100 105 73 11 53 67 28 21 58 39 90 112 124 16 66 28 57 40 102 106 91 49 99 120 15 13 37 74 125 41 21 117 32 83 119 38 41 125 93 42 125 97 61 29 89 107 1 125 125 125 2 125 122 25 3 25 125 75 1 125 0 65 72 35 125 125
125 36 15 98 121 84 125 125 79 31 125 125 98 5 4 28 33 125 99 91 36 90 121 71 21 11 3 57 117 19 125 100 62 40 74 100 79 121 6 125 88 5 125 50 24 99 125 61 35 35 91 106 97 73 60 29 12 101 117 94 66 65 125 104 79 65 32 52 74 89 116 98 38 87 125 116 125 55 37 54 100 68 125
125 52 88 41 125 52 59 103 28 2 125 46 44 98 96 57 36 112 2 125 39 35 61 65 125 125 21 37 125 96 38 125 81 103 15 124 86 38 125 100 108 32 31 125 72 125 11 118 90 60 125 123 25 125 67 125 106 85 125 125 43 20 66 0 10 125 25 74 108 63 67 37 125 95 53 125 125 125 3 33 93 125
125 80 92 21 101 125 58 35 51 38 77 13 37 125 38 86 125 52 18 110 112 28 102 49 124 57 31 125 61 30 125 16 97 26 70 125 125 125 119 87 125 125 22 64 65 58 84 102 13 100 6 125 55 32 125 86 65 98 63 125 61 4 63 125 55 54 41 87 125 84 112 100 12 124 125 122 71 122 3 86 125
6 19 4 56 125 87 96 54 59 73 125 125 125 3 43 84 95 125 65 65 72 119 51 51 105 124 125 125 1 75 102 125 125 125 86 16 85 125 54 125 21 90 92 46 92 13 14 38 92 42 76 125 64 83 20 67 125 29 57 46 9 45 107 20 20 72 121 3 87 69 63 78 89 62 71 83 125 123 65 125
21 17 60 68 119 125 36 28 70 88 87 22 74 84 35 8 106 25 125 125 7 125 106 57 46 125 125 3 125 125 125 73 41 123 125 19 30 101 6 113 125 46 125 120 90 15 21 56 40 125 109 108 114 55 59 28 59 89 123 82 20 17 125 42 67 125 125 49 98 7 90 93 27 125 32 29 125 98 125
51 12 73 105 78 70 93 94 125 89 58 122 22 17 116 125 110 10 45 45 125 34 124 125 125 125 125 62 104 62 77 5 77 125 42 12 125 95 125 125 75 49 125 16 90 0 82 103 85 79 4 96 125 109 78 106 19 125 51 5 27 125 125 109 120 86 28 125 72 125 13 16 1 125 79 104 43 125
6 96 48 47 99 67 35 43 76 73 88 0 45 45 92 8 125 8 125 125 100 125 83 7 101 34 42 70 55 86 27 125 35 125 107 53 61 54 53 27 74 125 15 113 125 115 125 65 96 39 80 53 125 78 117 27 25 65 88 76 97 125 40 60 35 78 125 46 63 71 125 104 36 66 91 125 125
90 74 92 91 65 98 125 100 33 13 94 83 125 12 125 125 90 93 12 29 30 105 125 5 121 66 125 93 124 88 125 63 65 117 125 125 15 55 107 19 98 63 98 52 52 125 125 125 125 125 120 125 45 125 8 55 125 15 22 52 125 125 12 29 12 73 31 104 32 125 92 86 125 94 36 125
40 14 63 105 125 29 67 10 105 77 46 125 0 125 125 101 18 88 53 106 95 68 68 52 91 85 8 125 42 67 40 44 104 125 125 123 77 82 74 125 93 125 35 125 83 75 26 125 125 51 48 91 76 125 75 125 99 102 77 76 103 125 98 23 109 110 17 90 52 125 88 125 125 29 125
125 101 110 74 51 100 114 70 93 125 47 38 89 15 53 54 48 104 79 72 47 40 125 14 113 125 78 67 63 25 108 35 30 125 125 125 97 125 125 125 13 107 54 63 119 125 125 30 125 96 8 115 8 37 125 88 125 44 97 20 68 30 125 33 125 125 40 21 125 51 125 43 57 125
117 19 73 32 64 38 82 63 125 24 125 21 12 33 100 97 119 75 23 125 83 39 120 111 94 125 94 100 125 87 62 72 22 124 85 125 125 125 30 66 75 58 112 125 125 98 1 94 49 5 21 116 121 100 125 114 119 104 125 70 72 13 30 83 1 18 32 73 25 83 79 125 125
22 6 103 2 95 66 16 113 78 119 122 15 13 125 19 88 65 125 38 3 125 113 125 117 105 59 125 115 99 125 57 96 47 19 29 89 125 65 63 115 37 29 125 80 125 73 51 6 21 91 114 125 41 125 125 61 35 41 43 115 8 107 125 125 86 125 125 117 125 98 125 125
54 104 111 83 95 36 32 9 77 125 125 120 16 125 23 5 58 77 30 15 0 57 25 125 69 98 39 113 125 52 99 83 71 59 125 125 118 125 88 81 125 100 125 70 17 125 125 3 122 59 125 122 82 36 125 112 39 0 63 3 51 125 103 120 125 125 74 79 69 125 125
66 26 125 19 125 54 54 115 75 125 78 6 47 125 124 125 84 6 125 119 14 89 125 19 109 50 4 13 125 20 125 94 54 17 125 125 94 123 125 106 125 97 83 14 125 44 123 125 67 86 102 56 43 24 125 106 77 65 103 99 125 72 45 50 26 125 72 125 124 125
92 27 116 104 44 122 23 59 125 90 54 60 60 29 18 125 125 1 69 0 124 64 125 117 14 63 115 23 89 28 125 125 87 41 35 14 112 42 101 89 125 125 115 48 119 125 3 50 125 10 64 104 125 125 32 125 125 60 125 97 125 125 125 5 111 34 59 125 125
102 9 125 125 125 39 115 125 117 86 125 39 124 125 78 9 62 66 37 24 93 125 26 96 22 77 19 85 119 47 105 37 113 125 60 61 98 125 125 57 125 125 125 33 64 49 106 125 125 79 125 59 103 125 39 125 6 50 122 46 125 2 67 125 125 121 57 125
99 46 58 125 125 68 68 106 124 83 5 82 125 125 44 125 22 55 113 76 41 125 0 125 125 125 29 125 53 95 15 64 125 46 4 88 63 88 19 74 81 97 66 41 29 125 23 66 109 28 100 125 46 79 125 53 125 37 125 21 39 125 7 125 57 125 125
71 43 94 30 125 104 105 99 18 85 125 125 38 125 65 125 125 62 36 97 20 56 92 39 73 49 17 122 125 11 125 35 20 76 125 12 125 48 113 15 124 76 13 14 96 78 79 30 9 38 57 20 9 7 73 32 33 109 29 95 50 73 40 38 125 125
87 80 81 64 80 125 105 44 47 40 13 110 41 76 29 76 95 38 27 125 7 116 104 125 22 5 42 3 123 73 11 20 125 110 125 103 119 85 29 29 3 119 125 77 83 51 125 16 79 23 29 125 86 125 95 81 26 37 107 38 2 73 108 101 125
125 125 122 125 125 71 124 15 66 83 92 125 47 18 125 64 125 125 125 64 83 92 121 125 11 55 125 13 36 79 27 17 85 72 24 24 125 22 116 125 78 9 125 7 125 125 6 30 122 65 125 125 100 106 61 125 31 109 50 11 125 26 76 125
125 22 52 48 97 125 20 125 83 117 125 73 99 30 60 59 52 45 102 26 125 83 92 8 125 76 107 86 109 52 37 116 33 125 125 99 116 15 125 6 125 112 92 54 1 24 20 125 47 13 101 125 68 125 125 113 46 51 125 99 125 75 125
125 90 125 91 58 40 94 55 28 88 68 34 64 109 14 11 42 125 117 21 9 88 64 51 20 14 72 125 125 15 108 2 46 51 125 120 42 9 125 59 15 55 20 125 63 117 5 58 125 86 64 39 125 33 27 26 26 116 14 125 125 125
119 13 105 6 121 77 49 106 18 125 70 79 41 125 42 124 9 106 14 79 23 93 26 17 89 112 103 77 105 125 82 91 125 19 92 16 125 18 78 98 47 62 87 34 71 100 88 125 125 90 61 125 40 110 125 125 79 44 77 26 125
8 120 80 25 65 125 39 85 43 6 3 88 117 125 50 98 120 77 52 125 125 33 42 109 76 11 88 55 95 35 103 26 119 9 125 68 89 18 125 125 74 74 106 121 125 87 125 3 57 28 6 36 125 36 125 56 110 122 125 125
1 125 54 5 12 18 108 25 10 29 125 65 52 125 119 109 34 12 89 3 4 53 79 90 11 125 99 57 80 118 27 72 125 125 123 100 54 125 125 125 110 104 125 125 81 125 18 69 23 125 67 14 54 78 109 13 24 41 125
68 95 125 2 59 125 56 125 59 83 106 125 78 125 78 21 125 125 111 101 21 22 125 44 125 63 60 25 125 34 104 8 76 36 125 76 19 98 125 125 50 78 110 68 125 125 75 103 36 94 101 21 97 104 12 57 65 125
11 125 99 60 9 54 7 125 22 79 52 56 118 80 125 125 107 125 76 125 66 65 48 79 51 125 57 109 111 5 2 125 125 15 28 57 13 125 54 125 117 20 16 125 105 30 125 46 52 70 4 92 125 125 81 66 125
81 88 122 11 13 70 125 91 13 8 10 4 44 89 77 40 16 37 31 57 96 125 7 125 125 125 27 125 59 82 62 91 125 125 70 125 13 125 22 9 56 116 125 125 125 105 125 70 67 125 125 6 43 107 119 125
36 88 13 29 125 32 43 7 124 42 125 80 110 93 95 40 125 1 101 60 69 4 5 122 0 116 33 125 92 125 5 73 99 52 124 125 28 68 119 125 86 37 2 120 46 25 41 125 70 91 78 90 36 125 125
125 125 94 84 125 21 58 94 38 96 86 26 109 84 27 41 69 31 114 70 82 120 43 98 27 62 6 125 100 91 4 101 69 32 53 22 93 125 27 125 14 21 68 46 47 125 22 55 125 125 111 125 125 125
71 123 87 57 125 111 107 119 48 19 9 62 82 28 54 96 21 77 117 125 12 23 64 26 53 125 101 117 107 69 84 111 36 125 111 125 83 15 13 125 125 61 117 27 125 41 57 52 125 101 110 89 125
125 125 125 125 82 25 75 105 26 71 32 24 69 125 21 64 48 7 26 125 28 125 40 92 125 125 95 90 36 112 110 62 125 80 113 49 115 8 108 89 15 21 53 76 123 78 125 89 62 87 49 125
125 65 65 125 15 39 99 125 6 88 64 13 125 125 35 63 125 125 68 16 125 47 125 22 69 56 65 67 0 92 123 100 25 125 75 11 98 123 19 125 80 36 125 5 101 76 29 91 83 103 125
124 125 77 125 35 1 84 25 125 3 77 35 35 63 125 120 10 67 35 94 29 65 3 72 125 15 64 72 125 1 111 125 23 56 82 53 10 15 104 58 67 125 50 71 125 88 24 45 74 125
86 105 99 82 107 125 111 81 14 125 125 29 12 92 87 44 49 116 53 53 107 125 125 78 125 29 125 109 31 125 54 60 60 82 125 117 117 16 125 116 95 125 81 10 111 125 125 84 125
110 110 22 25 69 96 2 93 108 108 114 23 88 14 85 67 125 4 31 23 83 83 8 86 21 43 46 0 122 10 4 92 125 5 31 108 63 79 125 109 71 125 8 125 21 101 125 125
48 101 125 35 31 74 125 42 71 85 69 28 28 65 36 91 113 125 125 16 49 125 125 37 32 125 11 94 6 47 125 70 46 69 35 125 125 5 125 125 86 125 125 58 61 68 125
6 24 54 125 48 125 125 0 19 4 37 125 91 7 77 125 110 101 103 91 110 5 52 98 40 125 125 81 116 93 89 40 125 125 89 63 76 111 64 39 81 49 125 29 59 125
57 125 15 108 109 20 18 70 107 70 49 78 59 125 106 74 43 84 97 73 50 11 64 23 124 125 1 125 70 107 56 107 54 125 34 10 88 36 92 88 5 110 124 73 125
109 6 25 77 76 94 25 125 125 59 60 125 125 100 64 125 3 86 50 78 125 125 74 98 99 65 1 125 121 58 114 116 110 111 84 74 14 125 24 39 55 92 34 125
66 15 31 125 27 77 125 125 93 61 95 5 15 94 31 105 29 68 125 83 69 52 125 69 125 56 125 5 8 50 5 17 9 1 93 91 33 125 59 101 5 125 125
28 24 125 107 125 37 105 108 29 125 125 125 42 77 92 96 64 82 30 93 26 35 14 45 111 19 125 109 2 55 125 90 124 74 84 101 121 80 125 125 125 125
125 89 69 120 123 16 122 14 81 93 81 79 106 78 99 3 109 125 32 39 78 86 112 19 46 52 6 23 17 125 50 47 23 56 119 125 4 118 81 47 125
124 96 26 12 11 103 125 125 97 125 95 34 115 97 125 125 125 31 18 74 2 63 22 115 125 20 125 10 30 66 99 113 99 64 45 56 125 90 113 125
116 103 23 87 125 3 124 91 85 66 72 25 101 117 34 125 46 125 59 51 125 13 0 70 120 4 17 125 36 101 74 117 2 76 125 116 36 90 125
12 102 74 30 28 13 73 125 125 5 97 77 125 125 99 106 93 66 13 18 125 76 39 26 12 125 35 56 64 37 91 106 17 36 101 97 120 125
125 60 105 46 101 27 119 95 99 56 50 125 125 3 125 125 51 19 117 11 100 125 50 26 110 16 112 90 117 111 13 125 94 65 76 3 125
124 122 120 56 114 125 107 2 14 125 97 94 29 64 48 59 68 9 68 125 48 109 125 125 54 31 30 118 125 7 125 119 28 100 58 125
97 59 98 68 81 125 86 0 36 122 44 125 15 22 125 25 81 16 125 125 26 125 43 125 125 125 116 60 98 117 81 56 105 125 125
121 77 79 78 9 15 23 31 49 79 125 1 75 114 45 46 63 80 125 125 88 14 125 105 114 125 125 108 23 100 52 74 125 125
125 91 40 125 40 13 102 66 39 56 42 94 9 13 48 99 125 125 75 125 25 125 118 125 3 83 105 12 100 70 103 29 125
125 34 84 60 59 102 125 33 125 109 125 34 125 116 92 56 12 27 112 84 63 4 6 125 118 63 78 118 100 52 15 125
57 61 78 103 62 115 46 41 102 102 125 9 75 12 125 125 9 74 78 46 58 106 58 91 125 13 111 106 125 125 125
30 14 23 29 108 125 94 67 88 43 125 97 23 35 120 39 125 49 53 26 50 96 0 77 18 32 125 125 7 125
86 125 125 87 27 117 125 116 62 79 117 112 32 33 82 125 59 43 41 49 40 51 37 121 125 107 95 121 125
125 125 125 74 99 125 125 123 125 125 44 120 29 8 125 9 125 27 2 13 8 34 90 125 77 44 101 125
50 125 125 96 108 54 4 86 36 67 108 92 81 50 125 125 25 74 33 125 118 96 118 120 62 31 125
97 84 88 48 125 125 31 93 48 51 105 118 98 125 103 111 98 91 4 119 18 5 116 59 33 125
18 37 61 125 109 125 125 125 125 125 125 71 11 103 125 89 4 114 6 125 29 17 122 62 125
119 91 71 60 32 125 119 45 69 14 66 75 66 80 125 46 108 125 19 0 125 44 125 125
88 75 125 106 55 76 74 70 13 125 125 56 73 118 57 122 111 125 62 11 122 119 125
112 81 119 104 78 8 125 125 125 40 125 121 114 125 23 93 61 46 9 0 43 125
71 125 8 85 80 3 18 22 70 29 9 96 28 121 4 85 10 57 38 60 125
125 125 91 39 125 47 1 120 4 125 87 30 125 44 29 63 71 9 84 125
73 57 67 88 57 125 61 0 82 88 98 55 125 125 54 125 125 83 125
99 115 97 46 75 7 91 125 87 30 4 77 97 83 16 89 125 125
71 11 70 96 125 125 125 106 114 125 19 103 53 98 70 78 125
123 99 54 124 120 17 67 107 125 55 84 26 73 125 99 125
5 88 125 125 36 42 125 93 98 49 90 125 114 93 125
13 125 10 20 33 30 80 54 116 73 125 125 58 125
81 125 95 35 22 96 81 4 88 39 125 125 125
125 99 125 125 125 83 116 56 37 125 125 125
125 26 79 123 111 125 117 90 17 105 125
115 3 125 125 9 125 2 77 125 125
125 125 125 33 125 125 102 7 125
48 42 64 115 27 96 77 125
17 125 43 80 66 125 125
116 34 84 125 42 125
125 14 31 92 125
44 82 58 125
79 110 125
51 125
125
