100 125
28 25 4 88 26 24 69 105 125 21 66 51 121 64 87 91 6 22 125 31 10 60 48 71 27 43 111 54 45 61 27 81 112 63 123 15 125 44 51 125 125 121 125 73 64 56 54 124 110 1 38 117 107 122 107 24 120 125 114 95 99 125 87 13 125 125 14 68 125 31 110 120 125 27 33 113 60 45 44 89 42 40 35 50 125 125 83 125 86 63 41 94 125 81 74 105 68 81 31 125
59 88 80 125 125 122 51 125 112 71 43 9 103 80 125 125 125 18 105 83 125 0 86 125 2 120 31 52 44 98 19 125 125 2 66 111 125 34 125 49 116 81 125 95 104 125 9 96 108 107 49 0 100 59 122 90 110 39 11 99 93 100 52 70 58 14 67 107 125 59 125 84 27 107 44 89 79 15 125 125 118 30 21 52 104 1 12 125 85 57 90 106 114 34 50 14 112 125 125
81 125 86 89 23 83 52 5 34 119 28 16 17 125 85 125 24 74 125 0 18 125 115 37 25 84 41 97 122 1 62 103 50 125 125 9 7 22 48 107 48 19 118 125 88 10 38 111 124 85 58 104 73 47 3 125 104 89 125 64 33 54 98 111 125 42 42 63 18 125 110 125 101 125 118 15 82 78 91 55 46 62 5 41 93 125 57 125 26 125 104 82 76 49 24 125 125 125
125 124 61 66 8 13 8 56 82 13 125 17 118 125 125 125 107 11 107 93 66 37 119 110 47 123 14 125 125 125 40 0 125 125 125 8 4 122 125 86 2 109 80 72 14 20 56 38 36 68 125 48 75 116 87 102 42 103 120 91 121 86 125 51 25 42 125 74 28 107 13 67 21 54 59 26 54 125 107 26 109 63 98 97 40 24 0 18 125 65 113 52 5 125 125 79 125
14 46 21 115 32 57 0 84 4 14 33 19 37 9 68 3 106 4 59 125 13 113 44 65 83 6 54 20 99 125 99 20 2 83 108 85 85 24 44 125 67 117 14 3 27 99 29 40 99 72 73 16 20 125 66 125 58 27 71 32 68 5 104 8 125 63 62 125 125 89 94 36 35 47 125 52 96 57 125 80 121 48 68 125 72 58 49 125 45 23 103 84 70 101 125 125
125 30 15 94 125 47 16 86 105 125 106 55 102 119 80 112 18 46 48 123 54 6 104 40 61 59 114 116 65 125 125 91 125 20 89 118 94 72 106 53 57 16 96 46 106 5 88 117 26 63 125 125 125 53 105 74 76 125 77 90 118 96 125 15 93 20 2 91 31 125 20 125 96 33 125 75 78 29 2 125 65 125 82 120 125 125 102 10 53 96 4 125 46 9 125
119 75 117 16 55 48 21 57 125 56 35 64 94 110 103 105 86 58 125 125 47 125 110 108 51 67 38 2 125 32 85 118 125 125 49 4 100 29 73 125 101 125 87 77 30 51 98 107 125 0 124 14 35 33 125 34 76 51 125 11 27 59 113 67 78 38 90 15 125 94 13 8 11 95 121 89 125 125 74 50 50 113 73 125 75 73 7 125 30 125 112 92 18 125
105 79 125 89 125 45 122 113 74 104 69 125 39 20 109 10 78 119 125 26 62 91 19 120 82 125 15 95 106 1 79 117 18 123 124 92 119 63 40 85 5 125 10 125 58 62 6 123 123 102 46 113 63 122 125 94 86 78 76 121 111 114 47 110 108 5 53 82 122 22 56 45 91 125 3 91 86 31 107 119 114 98 125 74 82 109 31 73 92 125 37 125 125
20 99 28 122 1 106 42 91 121 0 102 93 95 125 35 4 79 105 48 125 17 10 17 120 13 86 64 125 116 66 15 76 89 107 86 17 88 21 18 71 45 71 89 125 15 17 125 28 4 125 37 125 121 125 119 52 125 51 4 125 125 17 86 86 125 51 41 54 114 72 21 67 115 6 120 125 125 41 82 12 125 125 112 15 59 19 33 37 125 118 125 125
15 75 117 125 0 93 32 109 72 121 98 115 0 93 109 0 113 68 21 86 125 125 45 11 36 43 26 60 102 125 125 13 56 36 25 66 42 125 121 74 4 76 31 37 34 35 111 86 41 28 45 96 99 16 111 125 125 45 74 95 111 125 125 57 22 0 45 37 111 23 47 125 125 99 10 125 81 28 9 32 121 101 101 59 103 103 125 125 31 33 125
125 91 52 78 7 89 86 72 64 84 103 16 22 13 94 79 61 125 94 125 107 91 125 125 19 112 113 122 87 105 20 49 62 112 125 82 78 63 15 17 123 115 59 121 107 4 82 125 121 3 125 125 2 57 110 45 125 124 116 14 67 123 121 12 103 125 70 25 88 47 91 125 74 71 65 119 14 68 67 86 63 40 14 41 125 91 7 8 27 125
72 121 56 26 124 44 54 86 26 125 17 125 125 118 39 96 125 122 32 110 116 55 78 90 17 2 80 76 89 58 125 32 125 113 125 29 125 76 62 117 41 80 79 6 125 23 85 45 107 87 125 124 125 120 88 77 124 71 40 12 86 87 16 72 78 125 124 125 8 30 125 78 3 108 109 90 73 87 44 125 125 125 93 14 32 59 58 93 125
34 61 118 125 96 125 52 19 41 61 65 36 93 125 123 125 1 73 107 81 60 125 93 36 29 56 61 75 13 46 91 125 85 2 15 37 6 51 23 125 24 89 67 101 26 14 71 125 125 125 56 15 76 93 125 125 22 121 125 54 39 45 125 125 7 110 6 125 80 55 124 97 109 125 53 113 114 125 105 10 95 110 86 17 98 40 64 125
110 43 125 94 80 109 64 27 109 48 52 125 125 89 28 71 102 0 125 125 112 125 33 25 125 23 37 7 120 125 125 120 95 120 94 8 125 70 99 125 121 90 80 102 69 114 67 125 17 125 33 93 108 58 22 125 100 64 57 42 81 93 121 116 125 23 4 67 5 125 125 24 125 35 81 33 52 125 115 29 98 69 125 33 77 99 125
89 119 111 125 101 32 25 50 5 47 103 88 97 53 111 59 125 104 125 40 113 14 115 63 101 97 24 46 18 63 63 7 125 84 38 125 119 113 47 44 97 121 88 70 2 125 32 116 87 29 119 125 125 26 12 48 43 96 62 60 81 96 5 64 65 76 31 8 82 58 32 42 73 47 63 125 30 50 74 42 125 65 88 20 23 125
107 93 53 125 86 102 103 30 68 6 15 125 111 51 67 17 91 41 125 112 47 16 19 108 20 124 51 77 108 105 20 119 122 40 16 80 118 115 8 0 3 64 44 35 56 53 125 28 125 110 122 107 73 69 125 123 1 71 85 41 59 59 125 102 106 102 7 125 103 9 50 5 116 37 11 68 125 52 125 17 67 42 119 15 125
53 13 104 125 125 125 12 77 30 28 92 50 65 125 7 69 125 72 55 37 37 54 76 125 88 125 53 78 125 31 108 4 31 45 100 125 125 39 16 29 125 125 1 61 82 56 7 85 69 109 125 125 125 55 125 69 78 88 65 122 125 78 114 122 88 34 78 103 69 79 14 5 43 0 34 7 86 41 75 6 95 97 16 125
49 125 125 0 104 75 48 14 12 56 7 53 3 114 14 125 101 125 82 125 120 12 66 71 90 95 69 40 102 16 19 38 94 36 51 93 53 125 39 85 68 51 71 67 78 69 48 125 125 51 68 125 125 106 120 5 116 118 79 20 125 78 54 37 124 91 99 13 116 37 22 123 115 3 2 91 69 125 93 87 125 31 125
0 116 66 84 50 90 125 31 35 85 90 43 125 104 60 26 48 50 18 125 60 125 6 87 58 88 106 9 18 29 68 125 66 91 118 125 6 93 11 54 125 17 57 44 98 50 125 34 93 123 50 97 125 68 41 52 10 96 91 45 29 125 7 91 23 85 6 27 125 125 125 125 34 82 18 22 9 61 106 16 125 125
60 13 125 38 111 115 69 32 124 16 14 125 120 125 92 125 100 81 22 7 57 99 85 84 104 44 98 79 124 41 60 36 116 30 55 91 93 84 70 123 125 102 93 16 41 44 20 39 125 67 25 78 87 46 34 9 125 6 100 25 107 46 66 125 77 125 122 125 44 16 91 10 20 125 7 52 6 78 4 106 125
4 102 42 27 125 4 24 80 19 106 122 21 115 64 29 54 56 111 58 43 78 27 10 0 54 45 125 76 125 39 55 125 22 78 125 100 125 102 125 93 66 125 125 125 125 41 66 7 125 101 125 86 61 58 125 125 45 125 119 125 70 125 48 81 88 30 108 22 7 67 9 125 99 71 63 6 17 125 62 125
85 125 117 33 91 1 106 125 125 113 125 125 125 15 5 48 78 15 68 33 125 113 61 121 17 71 1 81 82 33 125 51 81 125 111 67 95 90 38 78 70 59 42 34 30 44 19 53 96 40 18 64 101 74 117 5 125 125 33 21 61 69 48 60 125 39 0 80 105 56 125 125 125 30 22 102 72 124 125
74 125 79 84 89 125 125 63 66 98 45 125 41 5 77 2 125 99 67 45 125 100 125 16 125 116 125 2 53 86 125 32 6 32 125 106 49 85 111 94 14 27 63 87 12 111 89 30 97 67 125 60 97 23 105 125 125 125 6 117 14 99 3 11 67 111 36 9 125 64 121 125 104 116 88 125 6 125
125 82 125 51 27 35 125 40 5 2 43 57 55 125 45 125 109 58 44 120 118 23 3 10 47 44 19 101 98 96 125 125 88 10 21 18 70 2 15 124 38 44 5 76 40 83 125 55 112 55 14 74 115 43 39 61 90 9 24 95 125 81 11 125 109 15 9 70 38 35 51 100 111 48 125 89 125
15 66 63 32 59 8 33 74 37 54 124 80 42 125 49 57 100 65 81 108 83 31 45 125 40 118 62 15 38 125 125 60 8 64 25 125 121 31 77 86 94 27 125 5 104 25 39 103 64 83 3 24 125 17 80 125 75 83 102 74 125 15 2 75 14 120 33 79 30 50 23 62 50 82 16 125
1 1 42 63 112 118 23 14 69 98 106 76 89 38 93 109 114 61 1 9 87 65 58 73 71 6 28 125 60 99 123 34 81 80 27 66 76 47 23 0 74 73 54 66 13 29 100 38 13 29 17 124 45 125 6 74 10 111 17 17 65 122 34 11 125 81 30 76 55 25 103 54 102 78 125
83 36 8 20 90 109 4 34 35 1 33 74 75 103 9 86 125 7 14 100 13 88 125 125 8 7 53 62 48 61 89 105 124 125 43 125 45 6 93 48 94 33 1 11 125 113 16 15 66 0 18 52 90 31 125 91 40 49 125 64 77 76 106 68 2 72 12 10 125 125 125 57 49 125
24 52 53 125 125 37 95 87 111 113 125 21 12 13 26 125 84 33 113 125 123 6 86 125 76 110 11 3 52 72 64 117 98 80 36 104 125 17 125 30 124 76 42 60 100 109 78 69 35 125 125 44 45 105 106 69 99 125 125 98 97 15 120 70 62 84 80 125 125 103 63 50 125
32 59 123 125 83 35 4 113 83 125 62 64 58 95 94 54 23 60 81 59 105 125 25 125 56 98 12 63 125 66 125 116 101 59 110 122 63 85 125 94 27 92 108 96 90 80 19 36 3 125 125 113 125 4 45 95 125 15 125 91 74 8 42 66 125 125 7 17 17 83 122 125
106 27 29 112 97 54 77 125 107 7 72 114 32 125 114 13 76 112 125 125 125 2 6 104 75 71 97 90 4 121 121 25 18 8 27 40 76 125 36 51 125 122 121 98 15 107 125 125 125 118 39 95 10 71 36 125 21 8 40 50 16 58 47 62 55 0 49 125 0 125 125
0 89 125 17 34 86 53 111 125 125 50 46 6 36 10 19 85 56 125 71 8 42 50 57 125 8 109 54 125 88 58 93 68 69 109 72 13 121 60 3 59 123 19 75 16 64 27 61 108 125 72 90 114 93 29 119 125 125 38 60 125 106 98 24 125 123 77 119 102 125
125 96 95 33 45 59 32 122 70 72 32 125 114 61 50 83 118 125 19 79 112 97 83 50 69 52 125 82 64 115 21 33 105 74 6 125 56 113 121 96 112 71 5 33 95 16 56 33 125 112 86 35 68 5 57 70 96 7 99 125 125 125 56 103 9 125 81 73 125
125 28 99 110 21 88 97 104 52 125 114 96 97 125 58 40 3 106 125 41 80 13 93 22 125 34 12 112 87 109 0 125 64 109 93 124 2 60 125 77 3 102 35 37 56 100 63 21 121 54 11 45 94 64 120 125 28 125 70 125 56 97 55 29 20 101 51 125
114 54 27 125 102 96 64 109 50 125 125 38 77 125 53 125 125 88 125 25 125 109 68 43 125 53 125 123 49 125 40 4 12 11 9 50 125 109 125 11 47 125 107 88 92 78 124 105 125 37 60 72 6 80 98 125 82 125 79 125 107 125 53 22 116 51 125
105 85 90 125 32 40 73 95 49 20 125 69 58 68 3 125 125 69 53 28 112 125 57 28 92 99 125 82 103 19 79 95 11 97 15 59 114 71 112 84 125 125 105 32 28 125 113 90 82 105 86 71 78 85 125 125 14 99 33 101 103 119 36 95 40 125
19 58 95 110 97 11 125 101 30 96 115 37 26 48 83 125 45 86 91 62 84 61 70 64 125 122 90 84 125 42 52 51 77 125 106 125 100 61 79 123 70 125 14 20 1 6 123 13 121 34 83 85 123 29 55 34 125 121 65 66 18 83 96 34 125
14 77 52 63 107 54 61 125 125 125 40 59 65 99 88 23 120 4 125 29 7 91 125 42 114 107 27 36 123 10 29 41 64 68 4 125 99 125 102 45 65 87 70 16 94 9 31 125 106 50 76 71 125 125 65 53 84 50 75 125 56 25 26 125
23 117 3 59 39 72 28 104 125 37 73 24 36 89 90 91 83 125 22 13 94 25 111 36 22 2 37 111 109 27 125 19 17 125 68 88 125 37 2 125 125 125 30 123 55 20 125 43 46 125 7 113 104 30 95 43 87 83 22 33 125 53 125
34 125 63 62 43 104 96 118 125 125 122 14 72 125 125 80 53 72 37 120 42 125 25 81 125 125 46 94 49 57 125 125 125 106 84 47 97 123 14 98 38 14 0 125 10 103 39 37 5 4 125 27 3 91 125 37 122 69 125 91 106 125
125 125 44 96 79 50 28 54 27 20 86 13 30 55 120 108 105 20 87 122 79 18 11 72 66 119 32 75 44 55 87 30 116 115 92 125 117 52 49 8 18 118 12 72 54 100 125 48 18 111 51 10 118 94 18 125 37 102 34 28 125
9 112 39 80 37 26 78 125 53 69 16 48 87 28 29 34 76 71 111 125 123 98 103 66 36 12 67 125 112 30 125 72 125 22 102 67 116 34 19 92 74 96 89 46 85 22 46 56 68 97 28 125 125 29 10 94 125 68 71 125
78 93 20 95 120 3 113 97 125 109 36 120 19 67 119 117 99 101 1 125 31 125 8 75 59 125 54 35 99 103 60 125 71 45 34 54 61 100 13 50 47 63 24 70 114 48 86 125 125 101 77 51 39 3 66 21 99 71 125
83 100 73 40 114 125 125 125 125 63 123 66 48 125 19 125 86 95 90 96 32 18 41 31 67 104 59 78 125 111 7 96 7 113 66 67 125 58 10 82 114 111 122 115 94 24 122 58 50 124 114 125 123 71 55 125 101 125
35 125 65 115 21 125 37 78 13 22 7 125 110 8 41 49 85 114 9 21 14 30 125 8 38 13 59 125 3 115 63 125 81 59 106 125 112 112 5 34 103 90 57 2 105 115 125 15 28 81 30 103 70 118 80 49 125
8 104 49 72 50 125 13 2 99 124 13 121 125 92 125 39 83 5 78 125 101 80 72 81 103 125 32 8 82 111 48 14 125 7 112 100 23 123 73 125 66 111 97 5 43 2 24 39 40 60 94 45 125 46 118 125
117 25 103 72 71 104 15 104 125 110 125 30 66 86 125 65 9 89 89 48 103 89 94 125 26 114 55 62 73 16 47 27 125 125 64 124 125 125 20 125 51 56 7 125 56 48 125 95 69 68 82 100 29 9 125
125 125 90 62 61 0 35 108 64 59 117 96 15 125 125 50 36 50 102 69 36 125 125 63 75 125 125 16 106 101 112 3 101 20 71 92 86 116 125 117 93 120 48 119 24 43 75 100 125 45 104 79 125 125
13 115 44 118 125 120 55 55 99 55 96 124 125 125 125 125 48 71 95 102 85 66 52 112 117 37 105 64 9 43 53 125 66 45 32 68 93 22 87 0 70 125 106 49 76 1 125 125 106 24 29 90 125
27 48 26 104 116 125 32 125 30 37 103 8 15 123 93 125 27 98 111 112 47 54 84 59 122 125 117 8 125 69 48 115 80 112 65 15 68 107 123 30 69 124 1 107 43 87 125 125 101 21 7 125
62 78 125 125 107 108 48 85 56 20 55 92 58 9 11 64 43 36 125 47 31 47 8 125 78 86 93 80 120 105 38 107 125 56 51 19 93 12 93 106 41 15 58 125 125 56 28 96 52 125 125
58 88 123 125 125 84 13 27 125 108 37 41 88 122 89 9 117 86 54 100 2 67 125 22 47 125 100 28 125 125 113 24 125 118 125 125 82 67 125 33 116 32 85 62 6 10 105 125 125 125
68 125 113 83 57 26 33 118 125 2 115 9 125 51 21 112 42 44 42 50 112 105 44 75 60 74 60 107 84 108 31 37 89 44 41 1 45 108 5 22 88 125 2 31 125 118 125 112 125
70 104 125 50 104 125 123 125 45 30 56 125 82 49 38 6 91 110 85 69 125 97 0 35 17 64 49 30 125 86 10 113 71 21 125 43 36 118 125 119 5 13 27 125 125 39 85 125
113 19 125 108 113 125 125 94 94 125 50 125 122 37 30 96 38 31 74 35 35 29 125 85 11 125 57 43 73 7 44 1 40 84 103 39 99 35 20 79 77 92 68 85 81 92 125
125 69 28 61 21 28 125 56 57 54 125 42 30 53 76 35 32 80 17 125 109 125 57 66 82 125 59 115 125 12 97 15 2 111 4 124 118 100 24 125 44 15 31 23 125 125
77 50 68 121 83 125 123 82 64 106 105 125 125 58 114 125 125 125 45 80 10 104 28 63 121 15 125 55 88 89 86 78 46 53 78 51 121 125 78 91 77 18 38 105 125
21 124 2 48 30 48 75 110 70 55 44 13 69 100 81 76 94 122 72 14 93 21 24 74 125 117 98 125 125 125 124 125 31 115 41 125 95 21 61 63 51 0 125 125
70 59 125 116 110 88 32 66 66 89 25 5 49 100 33 125 59 83 125 47 72 92 125 30 60 125 125 60 20 58 22 114 53 125 16 64 95 113 96 125 53 114 125
40 16 125 125 56 54 51 59 33 13 66 103 113 97 111 82 69 125 123 90 72 40 89 66 105 125 125 76 87 18 49 125 93 9 41 125 125 108 47 125 93 125
125 125 69 125 90 125 125 77 90 3 102 3 111 102 6 48 102 125 125 125 17 125 125 88 125 34 74 125 121 5 125 27 7 22 123 123 125 55 36 125 125
125 70 122 125 125 125 5 65 89 125 125 26 125 35 57 125 125 119 125 100 125 61 22 72 88 35 125 18 59 112 76 125 2 81 16 13 58 36 96 125
125 83 125 1 63 111 18 36 115 62 38 104 125 125 25 125 125 14 87 80 11 125 125 125 73 45 125 125 68 125 18 3 65 125 47 125 88 125 125
106 125 125 125 13 125 15 40 8 125 123 125 7 125 1 71 113 65 125 98 125 96 112 106 125 48 125 104 113 125 81 105 14 125 120 112 38 125
35 120 125 43 94 12 125 125 88 11 125 74 83 83 123 125 125 17 5 109 93 27 125 42 125 49 51 22 72 86 2 60 117 32 113 125 125
82 8 52 87 115 125 30 32 92 125 124 65 8 125 47 52 12 125 115 98 57 82 125 125 31 125 44 8 81 125 45 125 23 16 117 125
107 26 125 125 100 19 125 34 18 125 125 49 16 125 68 125 100 125 75 63 125 104 64 119 63 36 125 86 56 124 123 125 72 116 125
74 106 125 74 125 125 125 93 124 103 64 91 20 100 125 40 8 53 125 125 125 47 90 100 125 125 52 107 84 125 125 125 125 125
125 125 51 125 125 108 109 82 125 76 91 125 125 94 125 57 59 75 66 125 125 51 82 63 96 118 92 23 69 89 40 125 125
56 111 61 125 125 81 32 125 115 55 105 14 2 125 109 7 61 125 125 33 114 125 123 93 125 96 77 125 65 41 125 125
64 88 51 103 125 87 119 108 125 70 125 125 93 125 60 125 125 46 58 89 14 125 125 26 125 125 67 123 69 74 125
73 125 125 108 66 122 1 80 125 125 98 125 125 125 125 125 109 125 13 125 99 49 125 125 39 21 125 53 11 125
125 125 7 86 66 125 32 25 125 125 125 110 21 125 90 4 107 66 125 16 125 94 113 104 35 90 74 79 125
22 84 71 10 15 20 20 125 58 24 43 36 59 102 125 77 85 125 112 125 15 125 5 125 33 125 125 125
74 74 125 125 42 66 72 39 45 40 20 125 79 125 117 18 125 45 89 44 87 123 120 73 43 125 125
61 125 6 110 39 24 125 25 125 125 90 31 125 9 12 125 49 125 75 111 62 125 125 35 125 125
73 104 52 80 125 98 70 125 68 33 125 97 125 65 112 100 55 80 102 125 83 13 125 125 125
125 103 24 77 125 119 86 125 114 125 37 125 125 3 125 23 48 101 59 125 101 117 27 125
97 68 58 83 125 6 92 29 61 106 125 91 3 4 125 11 69 86 54 47 114 124 125
125 2 125 80 39 125 125 60 125 85 84 125 125 53 6 125 3 70 53 106 80 125
124 110 125 125 125 109 36 125 87 125 125 85 125 24 49 125 125 55 15 125 125
66 82 125 125 49 125 125 125 40 11 125 54 125 86 7 4 60 125 125 125
125 125 33 83 87 7 73 9 125 68 125 121 54 125 103 122 125 106 125
125 125 116 125 104 72 119 111 125 125 125 68 36 101 96 63 125 125
0 9 125 11 125 125 91 5 125 29 87 12 125 125 123 34 125
102 125 30 125 1 123 26 63 5 98 73 117 63 79 13 125
125 125 125 6 125 14 63 67 19 53 125 25 46 125 125
96 125 80 80 5 2 125 70 9 113 125 54 24 125
82 16 18 98 99 125 125 85 125 125 73 0 125
125 124 47 125 125 60 73 7 125 55 24 125
125 125 125 125 125 77 40 125 125 80 125
50 28 125 100 16 72 84 41 106 125
6 105 54 125 111 125 91 79 125
100 69 123 125 125 125 98 125
125 94 31 125 12 107 125
116 23 46 3 0 125
125 65 16 108 125
102 57 123 125
125 26 125
125 125
125
