100 125
87 37 80 35 85 70 125 34 109 106 33 125 30 16 111 125 13 30 11 61 40 67 125 125 11 22 9 111 125 84 59 94 33 125 125 90 35 25 125 88 125 98 73 124 125 89 13 3 104 12 32 95 125 61 97 12 22 11 125 66 86 73 45 101 125 118 125 1 125 110 18 32 60 108 54 3 34 77 79 125 124 110 32 2 49 111 108 125 95 28 123 107 125 10 125 69 38 0 31 125
86 42 69 125 6 29 125 125 125 63 77 31 100 11 75 122 61 125 104 23 114 72 25 11 125 106 108 23 125 88 88 125 71 59 125 63 125 65 125 111 5 36 60 121 19 125 63 69 47 22 125 114 20 10 47 125 47 61 15 60 102 125 125 125 0 125 17 125 106 40 16 125 9 122 8 36 93 125 79 25 18 93 23 97 58 18 66 47 20 71 125 79 123 117 125 45 93 125 125
110 36 125 116 125 44 120 70 30 119 49 120 18 125 125 125 101 42 99 59 123 92 59 18 23 20 38 4 125 39 125 100 35 125 125 2 125 125 23 16 8 95 38 39 103 16 40 36 2 18 125 18 125 81 4 114 28 74 86 50 94 87 125 31 125 9 41 119 49 20 125 31 117 36 16 50 26 46 17 3 56 112 20 53 105 18 125 125 54 3 8 64 119 2 24 125 82 125
125 49 59 115 87 66 125 60 44 49 125 76 104 12 63 97 11 26 81 101 125 125 71 75 57 125 125 112 80 63 113 125 125 118 125 43 125 30 125 30 63 125 125 94 125 93 26 110 46 63 30 125 19 97 78 125 99 12 58 29 123 125 125 125 74 125 125 20 111 46 125 117 116 26 51 125 81 69 43 125 104 72 51 125 34 48 112 31 125 125 109 118 52 85 63 53 125
125 70 3 125 13 82 125 108 125 107 122 125 72 94 51 30 113 112 76 52 125 125 101 125 61 125 61 105 64 125 74 55 41 125 88 103 59 125 39 80 125 14 34 78 14 108 9 125 125 81 93 72 3 74 99 71 76 21 112 103 77 29 125 125 125 10 57 56 60 58 117 125 125 53 19 35 106 106 95 125 92 2 125 84 73 123 125 125 71 68 77 35 125 57 106 125
66 76 99 47 18 47 63 29 14 19 125 125 17 47 77 39 35 55 29 41 125 27 63 111 31 125 118 113 32 125 28 125 125 91 37 67 125 70 101 125 49 121 2 125 62 125 27 118 112 22 80 125 125 73 118 68 108 97 51 125 3 59 2 29 119 82 23 30 27 117 48 56 125 122 125 3 48 100 69 28 92 121 124 27 53 29 45 66 102 62 74 117 25 59 125
88 0 125 91 15 125 19 7 5 125 71 20 23 17 22 42 53 125 106 55 61 94 50 125 56 86 121 70 55 125 38 66 106 27 31 65 59 125 46 58 123 74 62 13 72 34 55 7 93 125 29 104 125 81 125 125 67 90 95 51 125 39 77 16 116 102 41 103 120 125 125 73 122 125 57 62 65 49 120 5 11 68 11 125 39 112 125 118 8 60 34 8 121 125
81 1 35 118 77 51 54 114 19 125 83 94 62 12 71 106 108 112 111 82 56 125 125 100 18 124 17 125 96 62 55 125 19 36 68 52 70 6 41 85 125 125 47 11 51 56 100 125 66 1 122 104 125 50 31 75 14 125 105 9 125 35 80 122 62 15 117 36 97 125 4 21 120 125 25 83 118 120 39 27 54 54 48 7 74 54 30 48 4 125 57 6 125
34 125 125 98 41 125 125 33 7 125 70 118 125 77 98 125 125 125 54 31 65 54 14 22 33 78 32 50 125 38 125 48 91 125 1 103 53 35 125 81 76 125 107 34 111 21 112 18 47 26 125 32 125 3 105 125 14 46 48 53 5 90 79 89 47 74 125 70 9 97 109 25 6 74 125 52 53 122 4 37 53 117 48 125 20 79 75 94 91 125 69 125
94 21 20 61 95 69 125 88 43 10 95 11 85 125 19 70 123 77 8 2 32 125 71 4 10 43 118 125 94 57 82 125 103 125 35 96 125 113 19 75 7 102 92 77 46 121 6 125 97 32 125 76 125 100 20 9 97 0 48 116 120 125 125 125 18 43 78 125 110 122 125 112 9 113 125 115 21 68 64 8 41 24 125 125 125 118 24 45 64 123 125
49 75 32 14 116 125 125 121 54 84 11 125 13 124 125 18 125 125 125 45 125 102 88 25 9 97 103 11 79 105 109 23 125 125 10 5 37 125 125 96 16 125 125 100 2 93 12 54 112 65 36 18 99 55 70 70 42 105 44 10 118 45 100 35 70 75 76 90 46 2 85 37 32 35 124 102 117 1 107 87 125 105 19 125 74 120 12 125 7 125
125 69 27 40 123 69 118 125 9 125 50 125 125 121 125 51 85 104 43 24 125 95 53 125 125 48 109 124 124 9 121 125 54 20 38 74 125 7 125 125 125 74 83 104 70 74 37 125 59 39 102 14 106 108 30 115 86 110 26 98 27 18 125 125 38 77 80 76 10 32 106 38 18 93 46 15 101 106 74 125 125 114 125 125 54 59 2 16 125
107 111 125 125 125 75 3 106 7 125 89 24 102 67 97 96 20 9 42 125 36 125 116 125 17 98 74 125 56 23 35 36 122 74 45 125 125 16 93 125 44 125 125 73 97 54 72 125 40 125 19 25 125 51 31 111 125 15 68 125 13 108 71 86 7 60 81 125 36 125 80 41 87 117 84 24 118 40 125 18 15 83 26 12 27 125 116 125
85 36 125 125 125 114 66 116 23 41 5 115 125 94 125 125 53 24 42 6 125 102 13 118 67 103 86 26 26 39 57 4 114 125 93 125 13 125 125 125 62 120 83 4 123 47 125 1 3 108 116 22 95 2 76 51 21 113 78 125 46 117 117 115 9 79 110 84 117 43 41 88 4 74 7 76 98 32 43 67 115 44 35 125 1 3 125
93 9 26 122 66 108 102 35 115 121 125 124 125 45 121 91 78 75 61 104 99 125 56 31 125 63 96 28 117 64 9 73 86 125 5 111 101 123 112 125 59 1 21 125 125 36 22 125 125 125 102 13 51 28 75 1 77 125 45 125 49 42 125 49 12 86 112 39 79 8 125 34 106 85 79 125 48 20 101 125 68 82 37 125 55 125
58 93 13 25 69 69 80 121 25 23 113 11 124 10 58 95 98 125 125 62 115 23 9 125 87 71 83 97 125 9 125 125 56 34 91 3 33 125 16 40 8 55 4 125 125 14 54 80 96 13 90 101 125 125 72 108 2 15 125 81 125 125 37 8 73 64 125 80 37 80 105 70 27 14 113 125 125 68 125 84 125 82 122 99 125
32 53 2 125 125 49 60 13 65 18 97 2 93 124 24 75 67 58 65 76 83 88 7 108 39 95 16 56 114 72 104 98 37 36 19 108 24 98 37 125 125 50 125 125 72 57 125 57 31 27 44 116 25 125 17 13 95 0 54 125 4 96 53 36 34 29 1 118 43 36 125 96 85 123 77 38 44 77 14 125 47 125 1 125
1 79 84 74 124 51 104 125 77 5 117 3 73 43 111 125 97 85 125 64 85 43 25 12 62 57 19 60 12 28 112 70 49 89 109 55 67 37 24 55 97 72 125 125 123 42 125 116 40 122 92 125 29 125 22 93 83 18 121 12 125 125 68 23 125 27 29 106 28 115 123 75 87 97 57 117 91 125 125 34 125 25 125
52 47 42 124 125 47 90 112 125 1 5 43 63 40 62 106 108 9 125 17 125 4 6 125 116 39 125 11 125 76 99 64 30 80 67 48 125 114 119 125 106 125 113 125 67 78 2 2 54 125 0 92 66 33 118 30 0 73 125 19 125 58 45 34 118 72 125 11 46 108 18 42 80 63 52 125 94 101 49 108 87 125
39 125 124 7 91 125 49 22 78 107 125 34 121 85 14 40 80 23 83 65 125 55 62 40 56 66 92 102 42 31 93 55 122 50 12 84 1 117 78 88 18 78 55 95 0 125 58 3 76 103 102 74 125 57 66 56 123 106 92 42 46 71 125 85 72 99 15 85 68 11 125 125 28 30 81 125 125 55 99 55 125
123 125 41 13 99 88 37 125 125 50 125 125 125 3 84 33 87 50 104 48 125 125 34 43 125 57 2 125 124 26 125 94 71 125 80 86 77 122 63 125 26 125 125 125 96 86 92 109 76 90 93 15 80 93 27 12 101 40 45 22 67 106 125 73 125 104 8 114 73 72 16 61 120 124 34 25 125 87 57 125
77 38 116 72 44 63 42 104 68 88 10 97 125 99 15 109 57 123 74 116 125 123 117 36 102 91 49 125 125 23 18 125 125 58 57 34 78 3 110 125 38 64 125 87 71 125 12 99 15 3 36 30 125 104 30 125 52 125 22 112 19 89 7 108 89 62 102 74 58 52 59 125 125 100 108 88 125 21 125
125 36 50 82 115 42 13 85 24 96 22 125 27 10 76 125 98 37 34 96 78 125 11 105 84 72 97 41 122 115 99 79 69 125 17 105 50 57 27 52 120 26 60 15 122 125 4 107 99 80 33 125 83 125 21 121 8 125 112 8 18 98 125 77 56 38 82 77 69 47 51 103 125 47 45 123 125 125
125 7 34 25 125 107 98 120 54 120 125 63 125 116 82 40 125 101 81 125 13 125 4 125 125 71 11 82 51 86 18 114 2 30 11 5 62 125 111 125 100 77 53 21 80 125 113 125 118 104 105 71 110 38 82 18 77 97 68 55 125 55 111 2 9 25 20 24 52 71 106 125 5 82 67 113 125
97 53 28 125 14 9 82 32 62 91 125 78 43 28 125 51 112 72 125 5 122 125 33 125 43 120 125 86 112 65 96 103 78 64 109 125 125 125 65 63 115 125 125 29 25 13 125 98 20 12 60 98 68 66 86 71 72 125 106 36 88 122 108 93 24 125 93 5 27 110 97 125 111 49 125 125
125 104 72 99 125 125 44 120 78 125 125 49 125 125 125 125 92 98 125 55 125 125 22 71 125 55 119 100 125 29 18 57 0 98 125 112 44 125 110 125 84 125 18 123 124 92 125 55 42 24 125 82 102 77 7 12 125 111 100 99 115 77 125 5 0 98 42 48 9 31 125 53 125 13 125
109 97 3 112 56 122 49 56 39 84 79 68 120 30 81 111 125 102 45 55 50 53 56 27 51 86 125 52 75 119 52 81 23 125 125 57 104 79 125 81 125 107 125 67 105 23 23 125 35 65 104 33 7 15 125 25 113 120 125 57 16 42 20 31 125 31 17 27 125 125 45 56 17 125
32 54 68 35 16 125 125 18 49 84 57 74 45 51 70 28 53 116 59 113 18 9 119 73 125 114 108 39 6 67 125 125 31 31 125 97 110 95 18 17 80 91 11 13 59 73 11 101 79 16 6 66 93 125 65 83 65 12 45 125 125 108 46 7 114 64 125 13 125 34 10 47 125
27 76 32 69 0 43 58 125 78 125 85 72 76 27 91 71 125 88 15 106 100 13 24 108 3 97 15 125 125 92 125 125 125 109 42 60 60 101 25 4 125 51 124 119 125 6 95 56 16 53 125 125 49 28 125 111 98 29 24 90 115 118 125 2 125 14 54 125 31 69 100 125
125 23 27 36 125 7 125 53 60 104 16 125 77 125 125 74 125 31 100 22 54 3 124 84 52 8 125 81 56 36 66 24 107 125 58 52 23 63 125 13 72 85 82 98 71 8 4 44 7 1 13 125 62 125 55 117 51 125 36 39 102 94 11 103 20 125 58 62 23 5 125
98 104 125 71 125 29 41 40 84 19 39 92 24 45 34 123 45 31 125 60 116 117 60 12 21 108 125 14 49 74 37 53 47 80 5 107 17 109 9 78 71 12 125 20 73 125 95 121 125 31 13 45 125 64 30 125 11 106 32 78 91 37 8 46 122 38 114 13 52 125
61 102 63 101 125 54 43 125 7 121 125 44 125 125 122 108 31 40 21 109 3 32 109 91 125 125 125 110 2 125 25 121 25 20 114 3 125 102 2 12 107 75 66 23 45 47 125 31 89 125 62 116 17 69 5 45 99 73 122 27 89 45 70 124 125 55 55 7 125
53 125 28 125 78 8 18 122 42 19 125 125 125 111 70 108 52 122 125 17 58 125 113 34 124 97 89 13 24 28 6 60 125 112 70 116 112 80 3 107 109 69 125 51 125 107 61 41 27 67 28 13 102 112 34 57 101 125 36 88 0 24 87 12 44 99 43 125
125 94 58 27 125 124 112 84 125 26 66 125 58 26 12 125 8 34 125 11 46 40 31 34 9 125 16 108 57 121 101 100 21 57 3 58 49 122 125 13 53 125 122 83 125 125 113 80 100 125 125 85 119 125 87 122 125 0 6 61 29 125 118 31 120 125 125
113 36 68 123 120 12 44 51 55 123 125 125 14 25 60 124 38 57 125 80 32 11 33 125 65 9 44 67 15 125 125 125 34 51 90 125 99 125 11 34 44 125 75 125 76 102 33 125 74 118 125 37 109 111 125 112 125 38 69 125 77 2 22 88 112 125
36 85 102 81 125 108 57 118 121 92 67 91 108 125 125 112 77 86 68 114 20 103 14 82 47 125 42 90 88 125 125 114 122 32 81 71 125 102 125 23 125 0 68 88 50 125 125 5 115 13 15 125 125 44 17 35 60 69 115 88 125 3 25 97 125
113 125 125 47 115 95 43 74 26 15 125 88 125 125 24 55 107 82 125 125 113 115 125 35 90 75 79 10 125 92 100 101 125 71 77 36 112 72 83 103 56 57 1 56 83 57 41 111 10 125 74 22 87 45 125 107 125 12 43 15 125 125 71 125
65 109 121 55 10 0 58 46 100 97 98 40 84 101 15 1 125 75 93 21 75 106 125 125 125 96 36 125 125 125 98 79 42 14 17 71 58 52 125 90 12 123 117 125 47 58 122 16 103 125 90 81 49 92 74 37 20 125 54 125 50 100 125
125 93 70 40 66 76 61 57 76 125 28 125 125 125 79 125 125 66 106 59 19 34 23 25 40 66 103 34 66 86 108 48 79 110 125 125 87 100 19 125 125 125 125 70 7 125 77 25 54 125 103 24 63 100 8 92 111 125 77 125 93 125
114 4 47 12 117 79 52 109 56 41 53 82 125 51 93 110 125 125 123 27 50 92 117 4 121 125 59 29 66 106 125 122 40 1 125 27 49 95 45 35 125 125 14 65 114 96 38 0 27 44 16 7 81 70 100 91 31 44 105 85 125
94 54 103 38 125 41 125 125 20 40 119 125 54 101 23 93 17 13 111 54 125 0 28 31 125 78 114 42 112 48 77 39 92 117 29 69 57 79 115 41 125 123 106 44 5 109 57 125 46 66 77 107 23 30 101 78 125 58 45 125
42 81 20 74 120 15 2 108 41 38 101 69 99 34 125 125 90 107 98 68 63 125 48 35 125 9 125 114 91 103 81 74 96 50 125 125 125 38 66 120 56 60 82 13 83 19 92 20 101 125 9 41 25 99 121 63 77 6 125
87 125 125 45 125 85 77 96 10 118 41 125 109 125 125 4 31 73 90 91 27 14 51 125 58 125 125 16 27 53 34 125 46 65 125 16 125 125 92 66 1 37 69 55 80 91 104 118 36 15 120 125 125 38 125 74 40 125
61 87 81 124 16 20 81 75 87 125 1 113 20 67 107 111 23 22 26 47 125 55 117 9 62 125 109 55 89 67 125 111 89 1 125 121 91 40 53 57 118 125 91 117 88 95 57 43 85 36 47 68 125 123 49 88 125
79 70 56 125 125 125 125 125 59 87 75 83 23 56 109 32 25 61 125 117 10 71 87 47 125 71 7 35 0 43 13 33 110 117 111 109 34 25 125 40 49 125 107 1 125 75 100 29 24 1 120 14 33 74 13 125
125 16 6 125 14 125 118 125 57 34 109 125 84 12 125 104 125 125 114 125 110 85 43 122 98 48 56 125 101 94 123 10 13 13 44 99 88 101 102 0 11 84 0 125 125 65 8 113 64 18 6 125 30 124 125
81 103 77 35 59 59 66 125 75 125 94 49 56 125 90 36 78 93 111 111 99 27 73 99 26 60 82 57 112 68 80 89 81 11 85 50 26 75 106 125 125 63 72 5 18 125 11 120 125 100 118 54 125 125
53 9 112 67 25 125 91 71 71 125 34 83 45 115 0 26 45 109 125 45 113 125 6 125 1 19 54 84 59 125 19 125 125 30 18 64 89 2 36 40 22 125 125 125 63 123 35 84 1 28 43 0 125
125 7 89 125 99 94 125 88 112 125 93 106 44 103 90 125 93 117 1 125 125 5 87 125 125 99 40 107 7 125 14 80 41 125 107 46 34 82 23 125 42 7 6 97 41 114 68 81 48 125 38 125
41 1 64 46 74 12 50 112 51 18 43 76 78 125 124 82 2 119 36 68 52 125 32 114 82 58 23 105 125 15 120 125 50 72 112 90 112 106 125 45 12 111 107 125 0 107 46 125 82 33 125
8 47 19 48 34 78 12 100 125 54 13 116 70 86 125 125 12 77 35 20 43 21 6 18 125 11 15 68 19 114 125 36 102 3 111 63 43 125 125 119 88 90 42 74 86 91 42 33 106 125
105 86 117 113 111 37 123 120 125 85 52 118 15 57 28 68 6 99 125 58 106 11 45 29 73 12 125 11 125 120 92 106 39 60 83 125 125 47 32 96 27 37 31 125 125 100 17 80 125
125 125 115 108 26 40 36 53 125 46 117 0 125 9 26 88 16 115 80 48 4 83 125 96 125 70 125 59 125 18 125 125 109 4 85 100 16 125 125 69 4 71 125 82 109 81 29 125
93 71 95 122 125 119 92 31 125 53 103 24 32 125 79 122 85 35 90 111 72 125 125 71 125 67 125 9 71 9 112 60 94 71 125 62 60 99 1 81 102 42 64 6 22 34 125
56 50 18 32 109 63 125 125 18 41 65 42 71 53 73 14 52 125 60 16 109 73 120 123 96 6 125 33 12 125 51 125 63 53 125 66 7 125 13 38 73 0 29 32 54 125
125 44 33 18 116 62 109 70 110 13 67 125 9 62 20 125 12 125 90 125 121 125 61 125 7 63 10 60 123 107 125 28 41 101 124 125 106 21 99 56 30 60 5 125 125
109 35 32 90 2 125 6 95 33 85 64 125 1 123 125 125 5 23 24 15 115 57 93 65 112 84 125 29 23 91 125 62 125 2 104 20 54 55 63 125 125 50 86 125
51 125 30 96 41 68 78 18 42 58 38 125 82 38 125 15 125 121 86 125 33 11 16 64 125 76 76 125 125 122 98 16 62 112 92 41 71 38 125 25 67 14 125
32 68 72 44 2 79 125 28 31 68 125 95 61 125 84 27 125 50 69 120 92 24 21 125 109 31 109 116 113 12 78 125 2 12 7 20 55 22 15 125 1 125
58 125 116 97 115 20 12 69 53 14 37 110 66 32 0 37 76 54 100 77 86 101 107 104 96 81 44 33 125 93 8 16 20 125 93 30 104 86 72 15 125
89 17 14 32 93 123 76 75 119 31 46 4 60 69 92 29 29 95 87 125 125 4 105 105 0 23 85 7 11 125 125 111 22 125 16 26 125 46 13 125
43 30 118 30 7 49 120 61 120 116 46 55 42 74 73 125 70 125 5 113 5 100 118 90 81 48 84 15 73 65 17 55 103 125 58 81 125 25 125
71 13 5 8 125 58 125 122 125 125 34 125 37 99 110 119 125 119 125 80 89 1 108 114 121 125 123 99 27 74 70 30 124 21 125 35 52 125
43 68 58 83 121 41 77 67 121 70 61 0 125 125 15 90 42 76 20 67 7 9 76 32 80 123 13 35 118 28 125 70 50 125 96 125 125
64 45 28 53 89 91 69 125 125 122 125 114 21 102 71 85 111 81 91 125 115 81 90 8 91 7 125 34 125 57 2 125 103 65 70 125
55 18 66 120 102 85 111 63 23 69 90 67 116 60 103 125 55 73 125 32 67 102 5 13 82 125 73 9 125 59 97 46 125 73 125
125 125 125 11 66 87 78 50 97 111 93 119 28 59 125 63 125 105 28 35 61 84 125 96 77 103 125 72 16 108 125 63 23 125
44 83 78 125 80 17 78 58 125 22 69 124 4 10 87 125 81 10 45 125 43 14 114 125 125 28 5 94 33 41 5 104 125
97 18 4 125 125 61 111 73 90 48 42 53 107 54 125 101 33 125 98 3 125 10 125 125 12 77 87 117 125 125 98 125
44 15 89 55 18 42 125 56 34 125 125 86 119 101 37 125 82 125 53 125 52 113 125 88 25 120 43 125 42 13 125
41 119 71 89 40 125 108 71 101 125 125 111 86 99 55 28 105 38 44 112 18 125 63 73 92 113 57 50 125 125
5 72 111 125 57 96 99 125 118 57 99 50 121 32 16 125 50 97 5 125 93 80 8 80 92 28 125 74 125
69 123 70 125 114 15 19 53 125 125 60 61 114 7 30 58 49 71 78 119 0 72 24 64 100 42 97 125
125 125 5 100 61 123 125 96 125 68 109 123 125 111 125 123 50 101 84 125 74 3 40 125 7 46 125
43 2 102 125 82 125 125 125 86 125 125 28 125 111 2 113 125 97 125 21 125 16 75 125 125 125
113 67 125 59 74 116 60 102 36 21 15 10 52 52 125 38 52 92 116 117 74 44 112 115 125
108 31 56 65 43 125 125 122 80 20 67 93 85 47 69 77 37 76 82 60 76 119 60 125
5 25 44 26 118 31 125 47 76 11 85 26 70 44 75 76 125 125 125 125 52 58 125
113 125 125 110 125 14 67 83 88 109 66 5 41 74 44 97 100 67 125 124 125 125
75 125 91 59 125 41 125 60 31 125 9 125 26 104 68 105 55 75 93 125 125
119 31 39 73 96 103 73 57 113 28 63 6 115 115 67 58 74 125 57 125
19 120 15 4 90 4 125 125 87 28 47 125 75 125 7 57 93 45 125
28 53 79 125 125 47 117 125 18 58 99 72 6 62 125 107 125 125
46 95 125 78 86 14 2 106 125 125 125 29 58 43 80 125 125
107 79 99 110 36 102 40 125 100 67 125 45 95 73 125 125
35 123 125 99 125 61 14 122 0 100 8 92 18 64 125
45 56 23 120 125 125 116 125 109 67 125 79 56 125
24 90 98 125 25 118 40 33 91 122 125 54 125
125 103 84 59 39 24 57 125 24 30 125 125
22 63 46 110 87 125 57 2 125 38 125
55 125 15 16 61 16 17 81 43 125
64 94 29 105 10 81 95 109 125
125 4 83 125 80 115 2 125
73 125 28 81 2 125 125
125 93 3 44 18 125
120 51 124 21 125
23 25 1 125
106 63 125
56 125
125
