40 40
40 40 40 40 40 6 40 40 40 40 40 19 40 40 40 40 40 40 11 40 40 23 40 10 40 40 40 40 40 40 40 40 40 40 40 40 40 40 40 
40 40 40 40 40 17 12 29 40 40 40 40 40 40 40 40 33 40 40 40 40 40 40 40 20 22 34 34 40 40 40 24 40 40 40 40 32 38 
32 40 40 40 40 40 40 38 40 40 40 40 40 40 40 40 37 40 40 40 40 40 40 35 0 40 40 40 40 40 40 17 40 11 6 40 27 
40 40 19 40 40 40 40 40 40 40 16 40 40 21 20 35 40 40 40 40 10 40 40 40 40 40 40 8 30 40 40 40 40 40 31 22 
40 40 40 40 40 40 11 40 40 40 11 32 40 12 31 40 40 38 40 40 40 40 40 40 40 40 40 40 40 40 3 15 40 26 6 
40 26 33 40 40 40 40 5 40 38 8 40 40 40 40 40 40 22 40 40 40 40 40 40 40 27 1 19 22 21 40 40 40 40 
40 40 16 12 17 40 40 40 10 40 40 40 40 40 40 40 40 40 40 40 40 40 40 40 6 25 5 40 40 40 40 40 39 
40 40 0 19 40 6 40 40 40 40 37 36 3 40 19 40 40 22 40 40 40 11 40 40 40 24 40 40 4 40 40 30 
40 40 9 40 40 40 26 40 7 40 40 17 40 40 40 40 40 29 40 40 40 28 18 40 2 40 40 40 20 28 40 
40 40 40 40 27 40 40 40 40 1 40 25 40 40 40 40 39 21 40 40 17 40 40 40 40 40 40 40 20 28 
40 40 14 10 40 26 31 29 40 40 40 40 40 40 40 5 25 40 12 31 12 25 40 3 40 40 4 40 40 
40 38 37 0 30 40 27 27 40 40 35 40 40 29 40 40 40 40 40 40 40 40 17 35 40 40 40 40 
40 40 40 40 19 40 8 40 3 40 5 31 40 40 40 40 35 40 19 40 40 40 40 40 2 40 40 
40 40 28 40 40 40 15 40 40 0 17 40 40 40 40 40 40 40 40 40 40 7 40 40 40 40 
40 40 40 27 40 24 27 40 4 11 40 40 9 19 40 3 40 40 40 40 40 40 40 40 13 
1 40 37 40 37 40 34 40 40 40 40 40 40 40 40 40 40 40 40 40 40 40 6 40 
40 40 40 40 40 40 40 40 40 40 40 40 40 40 40 40 40 40 40 40 40 40 40 
40 40 40 40 40 40 40 40 40 40 40 40 40 40 40 40 40 40 40 40 40 40 
40 40 40 40 40 40 40 40 40 40 40 40 40 40 40 40 40 25 40 40 40 
40 40 40 40 40 40 40 40 40 40 40 40 40 40 40 40 40 40 40 40 
40 40 40 40 40 40 40 40 40 40 40 40 40 40 40 40 40 40 40 
40 27 40 40 40 40 40 40 40 40 40 40 40 40 40 40 40 40 
40 40 40 40 40 17 40 40 40 40 40 40 40 40 40 40 5 
40 40 40 40 40 40 40 40 40 40 40 40 40 40 40 40 
40 40 40 40 40 15 40 40 40 40 40 40 40 40 40 
40 40 40 40 40 40 40 39 40 40 40 22 40 40 
40 32 40 40 40 40 40 40 40 40 40 40 40 
40 25 40 40 40 40 40 40 40 40 40 40 
40 15 40 40 40 40 40 40 40 40 40 
40 40 40 40 40 40 40 40 40 40 
40 40 40 40 40 40 40 40 40 
40 40 40 40 40 40 40 40 
3 40 40 40 40 40 40 
40 40 40 40 40 40 
40 40 40 15 40 
40 40 40 40 
40 40 40 
40 40 
40 

