40 40
40 40 40 40 40 40 40 40 21 40 40 40 40 2 40 40 29 40 40 40 40 40 28 40 40 40 40 40 40 40 40 40 40 40 40 24 40 40 38 
40 40 40 35 14 40 40 40 39 40 40 22 7 40 40 11 40 40 40 14 40 40 40 32 40 40 40 40 18 37 40 40 40 40 19 40 40 40 
40 40 40 40 38 40 40 40 9 40 40 1 28 40 40 40 40 16 40 40 40 14 40 40 40 14 40 40 40 40 40 40 40 33 20 40 40 
37 5 12 9 40 6 40 40 40 40 40 40 40 40 40 40 40 40 10 7 40 18 39 30 40 40 40 35 38 40 40 10 40 40 10 14 
40 7 40 40 40 1 40 40 40 40 40 40 40 40 40 40 40 40 40 40 40 29 40 40 40 40 40 40 5 40 40 40 40 31 40 
40 40 40 40 40 22 40 40 40 39 35 40 40 11 5 40 40 40 40 40 40 8 1 28 40 7 40 40 40 40 21 16 40 40 
40 40 40 40 40 40 40 30 15 40 40 25 40 40 40 33 40 40 40 40 40 4 0 40 40 40 40 40 40 40 40 18 17 
39 40 40 12 40 40 40 40 40 40 40 40 30 40 40 27 4 40 40 4 40 40 40 35 40 40 40 8 40 40 40 40 
40 40 40 40 40 40 24 40 40 40 40 40 40 40 40 13 31 40 40 40 40 40 40 40 40 40 25 40 40 40 16 
40 40 26 40 14 40 33 40 40 40 40 40 40 40 26 40 0 40 40 40 13 10 40 40 40 40 29 40 40 40 
35 40 40 40 40 40 26 40 40 15 40 40 40 40 40 40 10 7 40 18 40 40 40 40 3 31 40 40 40 
22 40 40 40 40 24 19 40 40 40 40 2 40 25 40 40 40 40 9 40 16 40 40 40 40 40 18 40 
34 40 40 11 4 40 40 26 16 27 40 40 26 40 1 40 40 40 40 5 40 40 40 40 7 40 40 
40 40 40 40 12 40 40 27 1 40 40 0 40 40 40 16 40 40 40 40 7 40 40 16 40 40 
40 40 40 40 40 40 40 40 40 40 18 33 40 40 40 40 40 40 40 40 40 40 40 40 40 
35 40 40 40 20 40 40 40 40 40 40 40 40 40 40 40 40 40 40 40 40 40 40 19 
40 40 40 40 40 40 40 26 40 40 40 40 40 40 40 0 19 21 40 40 0 38 40 
40 40 40 40 40 40 40 40 40 40 40 40 40 12 38 40 15 40 40 12 9 40 
13 40 21 40 40 2 1 40 40 27 40 35 40 40 40 40 40 40 40 40 40 
15 40 40 40 40 40 13 40 40 35 40 27 40 40 5 40 40 23 40 40 
40 40 40 40 40 40 40 40 40 40 40 40 40 40 11 40 40 7 40 
40 40 40 40 40 40 40 40 40 40 40 40 40 40 40 40 40 40 
9 40 40 40 40 40 40 40 40 40 40 40 40 40 40 40 40 
40 40 40 40 40 40 40 40 40 40 40 40 40 40 40 40 
40 40 23 40 40 40 40 40 40 40 40 40 40 40 24 
40 40 40 40 40 3 40 40 40 40 40 40 40 40 
40 40 40 40 40 40 40 40 40 40 40 40 40 
40 40 40 40 40 40 40 40 40 40 40 40 
40 40 40 40 40 10 40 40 40 40 40 
40 40 40 18 40 40 40 40 40 40 
40 26 40 40 40 40 40 40 40 
40 40 40 40 40 40 40 40 
40 40 40 40 40 40 40 
40 40 40 40 40 40 
40 40 40 40 40 
40 40 40 40 
40 40 40 
40 40 
40 

