200 50
44 50 50 27 50 24 50 50 50 50 34 50 10 2 50 49 50 50 37 50 39 50 50 17 12 50 45 19 14 50 50 50 7 50 50 50 41 6 50 50 50 19 50 9 46 50 50 39 35 50 48 50 50 49 50 1 50 50 36 50 24 50 48 40 50 44 26 50 29 40 50 33 9 50 25 50 50 12 23 39 50 50 33 50 48 1 50 50 17 50 24 28 21 50 50 50 22 50 50 0 25 50 44 18 50 50 50 18 24 43 50 49 43 50 31 25 50 29 48 2 41 50 50 20 44 4 27 50 50 16 50 25 50 50 50 15 50 50 50 50 32 50 33 46 50 50 50 43 29 40 10 50 23 50 32 9 50 50 44 1 28 21 26 45 45 50 50 49 50 50 10 50 50 12 50 42 11 50 18 31 25 1 50 34 38 50 50 3 50 41 42 50 6 50 41 50 50 20 50 50
50 50 46 50 23 50 5 43 44 40 43 21 8 50 42 50 37 16 50 50 50 41 39 50 50 50 50 45 50 2 50 50 50 8 5 21 37 31 50 50 31 50 50 50 24 50 50 50 50 50 50 29 11 37 50 50 50 37 50 50 1 50 38 50 3 50 50 21 50 21 9 1 44 50 39 6 15 50 50 50 48 11 9 45 7 50 50 50 50 50 50 8 50 4 50 50 39 50 42 50 50 50 49 50 50 50 49 37 50 50 20 50 50 3 36 45 50 47 50 47 50 50 29 23 50 35 50 2 23 50 0 26 50 50 50 50 50 50 50 50 7 50 31 50 39 21 50 34 50 50 50 50 9 50 50 12 29 50 50 50 26 2 50 50 2 10 50 22 50 50 6 50 50 45 50 50 36 16 16 46 50 50 50 50 9 19 26 50 26 50 50 50 46 50 50 43 50 50 50
50 17 50 47 45 50 13 50 50 37 50 4 50 37 50 50 50 50 12 50 50 26 37 18 21 50 50 9 50 50 50 13 50 18 37 9 50 50 50 50 50 47 31 16 38 50 12 50 16 50 50 50 50 27 50 48 25 33 50 50 50 50 50 22 50 50 46 50 50 40 16 17 50 44 50 10 50 34 50 50 50 50 23 50 50 50 50 50 13 1 27 27 50 41 50 5 14 50 50 26 27 50 47 50 50 50 50 32 50 21 50 7 50 50 0 50 50 25 0 1 50 18 50 50 50 50 11 11 50 15 0 25 30 25 50 50 50 34 44 33 50 50 41 16 43 50 50 50 50 50 42 50 44 50 7 35 50 50 50 29 50 50 26 40 2 50 50 17 50 50 50 50 50 16 30 39 42 50 50 42 50 50 50 43 50 28 50 23 50 17 50 50 25 50 41 50 50 50
50 50 26 21 50 50 50 50 50 50 36 50 12 50 50 49 50 3 50 22 50 29 50 50 29 14 50 46 50 50 24 50 50 50 44 20 48 38 50 50 17 49 25 50 8 18 50 19 37 50 50 50 50 47 50 16 11 50 6 50 16 50 50 50 20 50 50 10 45 50 50 50 12 50 50 35 50 50 50 50 50 50 50 16 21 50 50 50 50 50 50 17 50 50 50 50 38 50 15 50 18 15 50 1 13 33 50 50 50 30 43 50 50 46 50 47 0 50 50 50 20 11 50 11 50 50 50 42 50 26 50 50 50 50 50 1 1 24 50 45 50 42 50 50 13 14 4 9 50 50 50 5 50 7 26 6 50 40 50 50 36 49 39 10 50 50 50 50 50 50 45 16 50 23 50 50 23 50 50 50 50 50 38 50 44 50 50 13 11 50 33 50 38 50 50 50 50
41 50 50 24 50 50 50 50 50 50 50 50 28 50 30 50 50 50 50 50 8 50 50 50 50 9 27 50 30 50 50 4 36 40 32 24 50 50 50 38 42 50 50 8 50 50 50 50 50 24 50 50 10 47 8 6 46 50 50 50 49 50 46 39 19 50 3 50 50 32 50 50 50 45 33 50 50 35 50 50 16 43 47 26 4 50 16 50 8 50 5 50 50 22 50 31 50 21 50 50 50 34 50 50 33 50 50 17 50 50 44 33 12 50 22 14 50 50 23 4 50 50 50 50 50 1 50 50 5 50 50 50 35 15 27 50 13 19 50 50 40 41 30 50 45 50 50 50 50 50 50 50 50 50 50 50 15 50 25 42 50 16 46 44 50 50 9 50 34 20 50 50 8 50 6 50 50 1 50 36 37 1 29 50 50 50 50 6 50 50 40 50 50 50 50 50
25 35 28 50 40 50 50 50 50 50 26 50 50 50 50 36 50 27 50 11 50 18 50 50 39 33 8 44 50 50 50 50 3 50 38 8 50 50 36 50 50 50 22 20 50 24 5 50 50 50 50 15 50 29 50 48 50 42 35 50 50 50 50 50 50 50 22 46 50 50 50 34 50 3 50 50 50 37 15 50 47 30 50 50 50 19 32 12 50 41 50 45 35 50 25 50 50 26 50 46 11 50 50 50 10 50 1 50 50 50 50 50 50 24 40 50 50 11 6 25 50 50 50 32 35 50 50 50 50 34 5 50 22 50 50 50 32 50 50 11 50 15 50 50 29 50 49 50 44 50 50 29 50 16 11 22 18 50 50 50 50 50 0 47 50 50 38 23 41 50 20 40 50 50 50 13 50 50 50 50 50 50 2 11 50 50 49 50 50 50 9 50 3 27 50
22 48 50 50 50 50 43 50 41 36 50 50 50 50 50 50 50 50 23 50 50 50 50 50 1 50 50 0 36 24 25 40 43 8 1 10 50 26 49 5 50 39 50 50 50 50 50 50 50 50 50 50 41 50 4 50 26 27 50 2 45 50 50 40 40 50 50 32 46 50 41 50 50 46 6 50 4 50 50 26 44 50 19 17 17 50 50 6 50 21 38 9 22 50 50 50 50 50 33 50 50 50 3 50 32 50 15 2 48 42 5 0 50 50 1 50 50 13 45 13 50 17 50 50 50 50 46 35 50 20 23 31 12 26 39 28 50 50 50 50 50 50 50 50 5 50 44 35 50 50 43 49 50 50 26 14 26 50 13 24 50 50 3 41 0 50 29 50 50 7 50 50 20 50 50 35 50 50 50 50 50 19 38 9 13 14 22 50 50 36 9 50 34 50
50 50 40 50 50 50 50 50 42 50 50 22 50 50 50 50 50 50 50 9 41 6 50 50 2 4 31 50 48 50 50 7 50 50 6 50 16 50 15 50 19 50 50 50 50 17 50 50 50 50 5 13 50 8 50 50 0 50 27 20 50 40 32 50 50 50 22 13 50 50 50 50 50 20 31 3 41 7 50 10 50 50 50 26 50 50 50 48 47 50 11 50 47 50 50 50 50 50 50 50 50 50 50 50 21 30 6 50 50 50 50 50 50 50 36 50 33 50 29 17 32 50 50 22 50 31 50 38 23 24 50 50 47 50 50 50 50 11 50 50 16 5 50 49 12 17 12 49 50 26 28 50 50 37 50 50 37 9 50 50 50 44 50 50 50 43 50 46 50 45 19 50 50 6 6 29 46 10 50 50 46 50 33 26 50 50 50 41 50 47 50 33 50
50 50 31 28 50 27 42 41 27 49 43 37 50 34 1 50 50 50 22 50 50 50 5 50 4 1 50 50 19 50 30 48 50 50 50 50 50 50 50 5 34 50 28 50 49 50 50 13 50 50 50 13 4 50 50 50 31 35 32 38 50 50 50 7 24 50 25 50 47 3 50 33 50 35 46 50 23 50 50 32 50 50 50 50 48 50 50 50 33 50 4 40 50 50 49 50 50 50 50 2 44 19 50 6 50 10 50 17 50 14 50 50 1 11 50 32 50 50 7 13 50 44 34 21 50 40 11 45 50 50 4 50 50 19 50 50 50 50 2 0 50 50 50 50 50 34 36 11 50 50 50 34 12 50 34 50 50 50 50 39 50 50 50 50 7 4 50 50 50 50 50 50 13 18 50 50 50 20 36 50 47 1 50 50 50 50 34 50 50 50 50 50
2 8 32 50 50 23 50 50 50 50 50 49 50 50 50 40 50 50 28 3 35 50 50 48 50 50 42 41 50 3 25 50 50 25 27 50 50 42 5 50 50 50 50 50 6 24 50 47 50 18 50 50 50 50 50 50 50 50 39 11 50 5 47 50 9 50 35 40 14 3 9 28 33 50 50 50 50 22 50 50 50 12 13 50 50 50 27 32 50 17 38 50 50 50 50 50 0 0 50 44 50 17 47 50 50 50 29 50 50 3 50 7 50 50 50 30 50 50 9 26 50 36 50 50 50 50 50 15 50 50 50 50 26 50 2 50 37 50 50 50 4 5 21 4 50 4 50 50 50 50 50 50 50 50 25 10 50 31 42 50 12 50 50 50 32 50 12 50 15 11 29 50 50 25 49 2 22 50 8 45 50 19 20 32 50 46 8 50 20 21 50
50 43 30 50 50 50 19 50 50 32 15 50 50 50 50 50 50 50 39 22 50 50 4 49 50 15 37 12 50 50 4 1 50 50 50 50 50 50 50 50 50 22 50 50 28 50 50 42 22 25 50 14 0 21 38 50 50 24 46 50 50 50 48 35 50 31 44 50 50 27 1 50 40 50 46 8 50 50 25 50 47 48 50 50 50 50 50 5 8 31 13 50 50 50 17 50 50 29 12 3 50 34 50 50 50 50 50 50 50 50 50 2 50 50 50 23 50 50 38 28 50 50 21 50 3 50 50 50 6 33 24 50 50 9 50 50 23 50 50 16 14 50 50 17 50 46 50 50 6 17 10 50 50 50 50 31 50 21 36 50 22 50 4 50 50 50 50 39 50 50 50 50 7 50 17 50 15 50 50 42 50 50 49 50 18 50 50 50 50 50
46 50 50 25 50 37 50 50 5 50 50 18 50 50 50 50 50 50 50 50 50 50 16 50 50 50 50 50 43 50 50 50 50 31 50 18 22 5 27 43 38 50 50 50 35 50 17 50 21 33 7 50 50 42 12 34 4 50 30 24 0 42 50 20 7 1 50 40 16 50 14 4 50 50 50 50 50 50 28 50 50 2 36 26 50 50 50 16 45 50 0 50 14 50 38 50 50 31 50 50 50 24 50 43 50 50 50 50 11 30 36 50 50 21 1 0 50 50 50 50 17 50 50 30 50 6 50 50 34 50 14 50 50 20 50 34 50 50 29 50 47 12 50 50 50 28 50 13 41 50 50 50 50 14 11 42 50 26 50 12 50 50 50 50 48 7 43 4 50 50 43 50 16 5 50 50 7 10 44 26 50 44 50 50 36 7 11 2 50
50 50 50 50 50 50 50 38 50 50 50 50 50 50 50 50 50 50 42 50 50 30 50 50 50 50 31 48 50 50 20 43 50 19 50 9 50 19 39 32 50 50 50 11 50 21 39 50 50 19 26 50 19 27 50 18 50 1 48 48 49 50 6 50 50 50 50 29 11 21 31 5 50 25 50 6 50 4 50 50 50 50 50 6 50 36 50 50 40 50 50 50 50 47 23 35 6 27 30 18 50 48 35 35 8 10 50 13 50 45 50 50 3 50 50 50 50 50 50 4 47 28 50 2 48 13 50 29 17 22 5 50 50 4 50 50 50 50 33 50 10 46 48 50 14 50 4 13 0 50 50 17 50 50 50 50 50 50 6 50 50 26 50 50 7 19 10 50 50 50 39 50 41 33 50 50 50 34 50 50 50 31 9 46 46 14 50 50
7 50 15 21 30 12 21 50 27 19 8 50 13 50 15 50 50 50 50 7 50 44 46 34 50 33 45 41 50 3 13 50 50 50 50 26 26 50 5 0 7 14 10 50 27 50 10 50 50 13 50 50 50 50 50 35 50 50 38 50 45 50 50 50 47 47 3 21 32 22 50 50 50 19 50 50 7 50 0 21 50 50 9 29 48 24 50 40 50 50 14 50 50 50 37 50 50 14 50 50 50 50 50 50 50 50 50 44 12 50 50 50 44 50 43 50 50 50 50 50 50 36 50 6 0 50 18 1 42 50 31 50 46 39 50 50 50 28 50 50 14 50 50 50 20 50 50 19 50 50 50 43 50 4 50 50 50 50 50 50 50 50 50 30 10 50 20 38 50 50 50 27 50 7 38 18 4 15 20 50 50 44 50 50 0 42 50
50 50 50 14 38 50 36 8 32 50 50 50 50 18 26 50 50 4 4 50 6 50 50 37 50 50 50 50 21 50 50 33 20 14 50 50 31 50 50 50 19 50 50 2 22 50 50 37 50 50 37 50 8 50 50 50 50 21 50 12 0 40 7 48 48 50 50 33 49 50 49 50 23 50 50 48 41 50 50 41 50 50 8 35 50 31 50 11 50 50 50 47 50 29 50 50 50 50 28 50 50 46 50 50 32 50 50 16 50 47 7 37 49 2 50 25 50 50 12 50 50 34 28 7 50 50 1 50 50 7 50 50 50 17 38 50 10 48 50 2 25 50 23 50 50 47 50 50 11 27 3 20 50 50 50 50 48 50 39 50 7 25 50 34 50 50 43 50 50 23 50 49 50 23 50 8 24 4 30 50 32 3 5 20 27 50
50 39 16 35 9 17 50 50 50 27 50 50 50 37 50 50 50 50 16 49 50 50 50 25 50 50 31 50 50 50 45 15 50 50 37 50 25 50 50 44 46 50 50 50 38 28 41 25 50 50 50 20 50 50 50 42 6 32 50 50 33 50 50 43 50 35 42 50 0 50 15 9 50 2 11 31 50 50 28 40 0 47 50 50 50 44 50 43 50 10 50 50 26 4 50 23 50 50 50 50 50 5 50 50 10 50 50 50 50 50 37 18 50 50 50 15 41 50 19 39 50 36 50 50 13 33 50 3 50 13 50 50 50 48 50 45 47 50 30 50 50 50 50 50 50 18 50 50 50 38 50 20 50 50 50 34 50 50 50 3 50 50 50 50 50 50 45 50 50 33 43 50 8 50 50 39 46 50 50 50 31 14 10 17 50
19 39 50 50 10 50 6 50 50 13 2 50 32 5 50 44 36 50 50 29 34 50 50 50 47 50 35 50 50 49 50 27 22 50 35 21 50 50 50 6 47 50 50 50 17 21 22 29 50 42 50 50 50 50 50 50 50 50 50 28 50 50 50 50 22 2 7 46 50 50 50 50 18 50 50 50 20 50 50 27 50 41 50 41 50 50 16 50 16 50 46 25 34 50 15 14 50 50 46 28 50 50 50 50 19 30 31 45 29 50 50 50 0 50 50 50 50 0 1 40 50 15 50 50 27 44 50 0 50 18 50 3 50 10 4 50 50 22 20 33 17 50 9 39 50 50 50 25 50 14 50 5 2 50 50 50 22 13 26 50 30 50 50 50 50 50 50 50 50 9 50 50 50 50 50 4 20 50 18 12 40 50 50 50
29 36 50 50 41 28 17 50 50 50 50 50 16 50 50 8 25 14 50 15 50 50 2 50 14 43 50 13 26 12 50 25 50 5 50 13 50 50 4 32 50 50 44 50 50 50 28 50 32 50 29 50 50 50 21 0 50 35 50 45 14 50 46 50 50 50 50 50 38 9 50 50 50 40 50 8 50 50 50 9 18 50 50 15 50 50 5 50 50 50 34 9 50 19 50 0 12 3 50 50 50 31 50 50 2 50 38 50 23 50 50 37 11 42 50 50 43 50 26 13 50 27 50 50 25 50 50 4 50 7 50 6 50 40 50 50 50 20 50 0 50 50 50 50 50 50 50 50 50 13 50 10 50 50 50 50 50 3 50 50 50 50 47 50 45 50 50 50 50 42 50 50 2 50 50 25 33 50 50 50 50 7 50
15 28 46 27 50 8 50 50 17 50 50 50 50 50 50 50 50 7 5 50 50 50 50 50 50 22 50 9 17 50 50 33 50 50 10 30 50 50 50 50 50 50 35 50 50 50 23 34 50 48 5 50 42 1 28 50 48 50 50 34 43 50 24 20 48 19 19 28 50 50 50 37 41 50 13 50 50 50 50 4 50 46 11 50 50 46 50 26 20 44 5 50 50 50 4 32 50 50 48 50 25 27 50 17 18 33 50 34 8 14 5 50 15 19 50 50 50 50 50 50 50 50 35 50 6 32 28 41 50 12 1 50 50 50 27 50 50 27 41 22 10 15 50 16 49 50 50 50 50 50 6 50 47 12 50 10 50 50 0 50 50 10 0 29 50 31 19 50 33 0 50 50 50 31 11 19 8 50 39 50 50 50
25 44 50 4 50 50 34 50 50 50 10 50 50 50 50 50 50 50 47 10 4 7 50 21 50 50 50 50 50 49 50 12 50 20 50 25 50 50 50 50 50 12 25 50 50 50 50 23 50 50 50 50 29 50 45 50 50 50 50 32 10 28 50 50 37 37 50 40 5 50 24 43 16 9 22 50 50 50 50 50 50 50 50 42 33 36 50 50 50 50 50 50 50 50 50 50 50 13 35 50 50 16 48 8 50 50 46 50 50 50 50 50 50 32 50 50 50 49 6 50 44 50 50 50 50 12 50 50 50 22 19 50 50 50 50 50 42 31 50 34 50 33 15 50 50 1 15 49 50 50 47 50 43 45 41 50 50 2 50 50 17 50 1 43 50 50 19 39 50 50 50 14 50 50 20 24 50 50 50 0 50
50 50 33 12 50 50 50 27 38 50 50 50 6 50 15 50 50 31 30 4 50 50 50 17 2 50 39 17 50 50 49 26 50 43 50 50 50 8 50 50 26 50 50 50 30 50 26 50 50 13 14 50 50 30 50 50 26 50 28 50 50 37 20 43 0 41 28 50 50 43 43 50 50 24 39 50 50 19 16 0 26 31 50 50 50 15 50 19 50 30 50 50 43 50 11 50 16 50 50 32 10 24 42 50 50 50 1 30 35 48 50 50 50 50 45 50 50 50 50 50 8 50 50 50 50 50 41 50 50 45 1 22 50 28 23 24 50 50 50 50 40 50 34 38 21 50 50 23 49 2 50 50 50 40 46 50 50 50 50 50 50 50 44 50 50 50 27 50 12 18 50 42 50 32 4 27 50 50 46 50
24 17 50 50 50 28 44 33 50 50 15 50 50 26 19 42 50 50 5 18 50 11 50 50 20 50 21 50 50 50 12 50 50 50 50 50 50 39 50 8 50 50 23 37 50 29 50 50 3 25 50 50 17 50 5 50 50 50 50 50 50 5 50 50 50 21 20 0 7 33 50 9 50 50 46 50 13 50 50 36 50 50 50 50 41 50 50 2 50 7 50 50 50 50 50 26 50 35 50 35 32 37 50 50 29 50 44 20 23 50 50 50 50 47 27 42 49 49 50 50 50 46 34 50 50 4 50 50 50 50 14 16 35 4 17 34 50 31 24 39 50 36 50 7 50 50 49 35 50 50 50 49 28 36 50 50 18 50 49 50 50 50 50 50 50 10 50 10 5 50 36 43 8 50 4 50 20 16 50
50 46 50 50 10 11 50 23 50 50 50 48 9 15 50 50 50 50 18 50 50 2 39 50 50 50 48 50 50 50 17 28 24 7 22 6 24 50 43 50 24 50 35 50 19 39 50 41 15 21 30 18 4 50 50 45 44 50 26 50 5 37 50 25 13 50 18 50 50 50 24 50 50 24 50 50 50 8 50 29 50 50 50 15 50 28 45 50 50 50 50 26 50 50 7 18 50 50 50 50 50 50 50 50 50 39 30 1 50 50 50 50 50 38 50 29 14 18 30 50 50 15 50 50 50 50 31 46 50 26 50 22 50 50 50 50 50 50 45 44 48 50 34 50 11 50 43 50 50 35 50 0 17 6 50 50 33 50 50 32 26 49 17 50 50 50 47 50 13 50 50 50 50 41 1 50 50 50
21 50 50 50 50 50 50 39 50 22 50 50 50 7 50 50 50 50 50 28 25 50 31 50 50 34 50 31 19 30 50 50 5 28 11 3 50 50 50 50 50 50 50 50 50 44 50 50 27 50 50 8 50 35 50 50 50 50 5 50 50 50 17 50 48 50 50 50 50 50 11 50 50 22 6 48 50 50 50 50 50 28 50 15 50 24 50 44 50 24 4 40 4 50 16 21 16 50 50 50 38 26 24 5 50 2 50 7 39 50 36 33 43 17 50 50 2 50 10 50 50 7 50 45 50 27 50 50 50 50 20 50 50 50 42 28 50 50 28 50 50 50 35 50 47 17 50 50 13 50 50 35 22 50 50 50 50 50 50 50 50 50 0 50 50 32 50 50 50 50 50 50 50 7 50 46 50
3 50 50 50 29 50 50 23 24 50 8 28 34 50 50 50 14 50 50 18 47 9 49 25 37 50 20 19 50 21 5 8 50 50 35 36 50 41 22 32 30 41 50 43 50 50 44 50 10 50 34 50 30 42 48 13 26 22 50 2 50 4 50 50 50 50 11 50 50 15 49 50 4 50 50 50 50 50 2 38 5 50 50 50 50 34 50 50 50 50 13 34 50 23 50 50 15 43 40 0 50 50 31 48 50 41 50 50 50 50 30 50 50 50 50 50 50 50 39 50 32 50 50 17 50 41 50 29 50 50 50 50 32 50 2 48 50 49 9 50 50 50 50 1 7 50 50 50 15 50 50 33 50 23 50 45 50 50 50 46 50 50 50 50 50 50 50 32 23 28 50 50 44 26 25 50
48 50 50 50 23 50 50 50 31 0 25 50 50 36 35 50 50 50 20 50 50 50 43 50 50 12 39 31 47 3 15 50 45 50 50 45 17 23 50 50 37 4 50 50 50 23 19 13 50 50 50 33 50 50 32 50 49 50 50 50 49 30 26 50 27 50 33 50 14 50 50 26 42 48 50 38 50 50 50 10 9 13 50 50 50 6 50 50 48 31 50 13 50 50 30 50 32 3 50 50 50 50 50 26 30 32 45 7 50 50 50 50 24 50 50 1 50 13 50 26 50 50 50 50 32 50 50 50 50 50 50 50 5 1 50 38 18 7 50 50 50 21 40 50 15 50 50 34 50 28 50 50 50 50 50 7 46 35 43 50 46 50 39 36 50 50 24 27 50 50 50 50 50 50 50
50 50 38 20 50 32 50 38 10 50 21 22 50 50 50 50 26 34 50 50 14 9 46 50 50 4 20 50 50 50 21 40 22 50 50 20 50 50 50 34 50 24 18 0 50 38 50 25 50 50 49 50 22 50 50 18 50 38 50 50 50 50 16 43 50 36 16 4 49 17 50 2 22 34 50 25 50 50 50 50 45 28 50 15 50 9 50 50 17 50 21 37 50 12 47 6 50 50 50 30 50 50 50 13 17 42 36 25 48 29 34 30 50 22 50 44 41 50 50 50 44 50 41 50 50 46 31 8 16 47 50 50 2 50 50 50 50 50 50 30 3 34 47 50 50 34 50 30 12 44 50 50 50 7 36 50 33 50 23 50 50 12 50 50 50 31 50 50 50 34 50 49 47 50
8 50 48 50 50 16 5 48 50 32 50 50 31 37 50 50 50 48 19 20 50 12 18 8 50 11 21 5 32 7 22 43 32 26 50 50 50 29 50 50 22 37 50 47 50 50 32 27 11 50 48 50 32 50 5 50 50 50 20 3 50 50 50 50 50 40 50 50 50 50 18 50 50 0 22 50 50 50 50 15 30 50 50 30 50 50 50 34 50 1 50 50 50 34 50 50 50 30 4 29 35 48 50 46 50 50 50 50 50 3 14 5 50 50 42 29 38 35 50 50 50 1 50 50 12 14 39 46 50 26 19 46 50 50 29 25 30 50 50 50 50 41 19 38 50 50 50 46 50 50 3 50 19 40 50 50 2 50 50 11 50 12 50 33 50 50 7 50 1 23 6 10 50
34 48 50 45 30 50 50 50 50 50 50 33 50 50 50 2 22 50 50 6 25 50 5 50 18 31 50 50 14 32 45 50 50 16 50 50 50 38 50 50 50 28 50 50 18 50 2 9 50 14 40 50 29 50 50 50 50 37 50 50 36 41 50 50 44 10 32 50 7 50 18 50 21 50 50 19 44 26 47 50 24 40 8 50 17 50 50 50 50 7 50 37 50 11 50 50 6 50 25 50 15 50 50 50 50 33 2 35 7 50 50 50 50 29 50 50 50 50 50 38 24 50 2 50 11 0 11 50 50 2 50 13 50 45 50 50 50 6 39 50 20 50 43 50 50 50 40 50 50 8 50 41 11 42 50 50 48 50 50 23 50 50 50 11 50 50 50 50 31 50 38 50
24 50 5 50 50 18 44 22 50 50 14 0 21 50 50 2 2 4 50 40 50 0 10 35 7 50 50 50 31 50 50 32 24 17 50 50 15 13 50 50 24 50 36 50 38 50 26 50 25 50 2 50 50 50 49 30 21 11 50 50 50 50 18 25 9 50 50 50 50 20 50 40 50 50 28 8 50 50 50 4 50 50 50 21 7 50 34 50 50 6 44 50 50 50 50 32 50 50 50 49 50 50 50 50 50 50 50 50 50 8 50 50 50 50 50 50 50 50 12 29 9 50 9 14 50 50 50 50 28 0 50 50 50 50 40 50 50 50 45 23 50 50 28 34 48 50 50 6 50 50 41 28 50 50 50 50 25 36 22 50 50 6 50 50 50 15 14 30 8 50 50
50 16 1 50 50 15 50 50 50 3 50 50 50 50 50 8 50 24 6 28 50 12 50 50 50 50 50 35 26 50 44 50 20 9 50 50 3 18 30 50 50 50 50 43 46 50 50 50 3 50 40 16 46 50 50 50 50 50 50 50 50 50 50 50 5 50 50 39 50 45 50 50 50 6 50 50 50 16 22 25 1 50 33 50 50 50 50 30 30 50 50 40 50 50 50 50 42 2 50 50 13 50 50 50 50 50 43 41 50 50 50 50 50 50 42 50 50 10 50 50 50 21 50 50 50 27 50 30 50 50 50 50 1 17 50 50 29 15 9 44 50 50 50 44 7 0 50 41 50 50 50 50 50 37 50 50 49 50 19 50 49 38 50 18 3 6 50 50 50 50
25 50 50 20 29 50 50 50 50 50 50 50 50 11 50 50 50 50 50 28 50 50 26 50 50 50 12 4 50 24 50 21 50 20 50 23 50 50 50 8 50 47 32 3 50 50 50 50 4 34 50 12 43 50 8 10 50 50 21 37 50 31 6 50 50 13 50 37 50 19 0 50 26 50 44 10 50 50 50 50 50 50 50 50 50 50 50 50 49 50 50 39 50 21 50 50 50 50 33 24 28 12 50 50 50 0 13 50 50 50 50 50 50 35 50 1 50 50 28 50 34 50 50 21 50 50 43 50 11 23 50 9 50 24 32 12 50 10 31 7 39 30 30 50 8 50 50 50 40 50 17 44 21 50 50 41 50 6 45 50 50 50 50 50 37 50 41 37 50
50 50 33 30 50 50 50 50 50 14 50 50 50 49 30 16 50 49 1 8 50 50 2 43 50 37 50 35 38 50 50 50 41 47 50 50 50 37 22 50 50 50 50 50 50 50 50 50 50 50 28 50 49 6 50 35 12 37 0 50 37 50 50 25 50 50 50 14 50 47 50 50 50 50 11 9 50 50 50 50 50 46 50 39 5 50 6 37 50 50 50 50 9 45 36 50 50 50 21 50 50 14 50 50 16 2 45 45 50 50 50 6 50 50 46 50 2 50 50 50 50 31 34 11 47 50 3 50 50 50 50 37 50 36 50 50 50 50 50 24 25 7 50 20 50 50 50 50 8 50 10 42 50 48 26 12 0 50 50 3 50 50 35 50 50 48 50 50
50 49 50 50 2 41 50 50 50 41 12 3 50 17 50 47 50 50 6 50 50 48 16 21 50 50 18 2 50 22 50 50 35 50 50 50 50 33 13 50 27 11 8 1 31 50 17 39 50 50 50 50 50 28 24 50 5 50 50 15 50 50 50 50 48 50 50 50 48 36 33 50 36 31 26 50 50 50 24 50 16 50 25 3 18 14 6 50 30 50 37 50 39 50 50 50 39 50 1 23 9 50 50 2 50 50 22 46 50 35 41 7 45 50 50 50 50 26 50 50 45 29 50 12 42 50 40 50 50 50 38 50 50 50 32 10 50 24 50 50 9 50 50 17 19 50 50 50 15 12 50 49 24 12 50 20 37 50 50 19 50 50 50 25 50 50 50
4 50 50 30 50 50 7 25 50 4 50 50 50 50 50 50 50 50 4 50 29 25 50 8 11 30 22 50 50 50 2 50 46 50 50 50 50 2 50 36 19 16 50 50 50 50 21 50 44 50 50 50 50 50 50 50 50 50 50 50 10 50 50 0 50 49 50 50 21 33 50 50 8 17 50 48 17 50 26 50 16 20 19 50 29 12 20 50 50 50 27 32 50 1 34 50 10 50 50 50 50 32 29 22 48 50 50 31 35 11 38 50 50 35 27 28 50 45 1 50 25 50 50 50 50 22 50 50 4 50 32 50 19 20 14 50 7 47 50 26 7 50 50 29 50 1 50 48 50 14 50 14 50 28 50 30 50 23 50 25 50 50 41 14 50 50
0 50 50 43 50 50 0 37 50 33 6 50 50 44 35 50 22 45 50 20 50 50 18 0 43 15 39 11 4 50 44 50 13 44 43 8 43 44 0 20 50 7 50 30 50 50 34 50 50 0 50 50 50 50 8 50 16 50 14 20 50 50 50 2 33 0 41 50 50 45 10 50 27 50 47 8 50 16 4 25 50 30 50 5 50 42 46 30 21 50 50 48 31 42 50 39 6 28 43 18 50 22 18 8 14 50 43 50 50 50 24 50 50 50 50 50 50 14 50 50 8 50 50 50 50 41 16 50 50 26 13 26 50 21 50 50 25 14 47 50 50 46 12 9 46 15 50 50 21 50 50 20 6 50 50 16 1 42 29 50 7 13 50 50 50
50 14 12 35 50 23 50 50 50 50 50 7 50 10 11 50 50 50 50 10 50 1 43 44 50 50 50 50 50 50 50 25 50 50 30 50 50 50 50 50 4 50 35 18 24 50 40 38 28 50 12 30 19 50 50 50 50 19 50 6 15 23 14 50 50 21 50 50 12 50 50 7 50 50 16 50 23 50 50 50 50 14 50 50 46 50 22 50 50 50 50 50 50 2 50 49 13 50 50 0 28 23 50 50 50 20 48 50 41 44 50 26 50 7 11 50 5 30 50 50 18 50 50 50 50 50 50 31 22 0 50 50 50 32 50 50 50 50 50 40 50 50 50 16 23 25 38 48 50 22 20 50 40 40 50 50 50 5 50 50 50 50 39 50
37 50 50 33 50 25 50 50 50 50 5 50 50 34 50 50 26 27 50 50 31 23 6 7 50 50 16 50 33 38 1 50 50 45 50 34 30 29 47 50 50 50 50 2 50 0 38 16 50 17 50 50 2 50 21 16 50 34 4 50 50 50 45 50 50 34 7 50 27 50 50 50 27 23 50 50 50 43 50 50 49 50 20 3 11 35 20 50 22 48 49 13 50 50 9 46 50 12 27 50 50 50 50 50 50 50 9 50 50 50 50 50 50 50 50 50 19 50 1 50 34 50 7 50 50 50 21 50 8 50 0 49 50 35 0 41 10 21 50 50 5 48 35 18 50 11 50 50 50 47 50 50 50 50 2 50 32 50 50 50 50 50 50
50 22 48 50 50 50 27 50 50 50 33 50 50 50 50 50 23 50 50 14 50 26 43 50 45 50 50 50 24 50 16 27 46 40 28 37 50 50 50 42 37 50 50 4 23 41 12 50 50 43 17 50 50 50 8 50 50 50 11 42 50 35 22 50 50 10 50 49 43 50 50 50 25 48 32 39 50 13 50 41 5 50 1 36 50 50 25 50 50 50 50 50 50 50 50 50 50 38 8 50 50 50 50 50 31 50 50 50 50 50 50 39 30 50 23 25 50 50 50 13 4 12 49 50 28 8 50 29 7 18 49 50 50 0 19 50 50 11 50 50 19 50 43 50 30 22 12 50 50 50 49 50 50 11 12 48 50 50 35 17 50 50
8 50 1 50 49 50 34 50 9 50 32 50 50 50 32 15 45 21 50 50 18 8 50 28 17 49 50 50 29 50 12 43 50 50 50 3 50 50 50 50 28 50 42 29 17 13 50 50 50 50 50 50 50 35 45 50 50 50 6 50 50 50 6 11 50 50 50 50 50 17 2 28 46 50 5 50 44 24 50 2 50 50 14 44 50 50 50 31 20 50 16 50 34 50 19 50 50 50 49 32 50 50 50 50 50 36 50 23 40 14 50 26 50 50 50 50 50 50 50 35 9 50 50 50 48 27 50 50 50 3 35 50 16 50 38 14 19 50 50 44 50 50 21 5 50 50 8 50 50 50 11 50 50 46 50 50 50 50 50 50 50
45 50 0 37 8 50 18 21 46 50 20 20 50 50 50 50 50 31 49 50 50 50 48 6 50 50 37 50 15 50 50 50 50 7 4 50 37 29 50 9 50 50 50 3 33 0 22 50 7 34 50 50 50 50 50 50 50 50 50 50 39 50 50 28 50 29 50 50 50 42 50 22 50 50 50 3 50 50 23 49 50 50 50 50 50 50 34 11 50 1 50 50 23 50 39 37 50 50 50 31 50 50 50 50 50 50 9 50 48 8 20 50 41 44 0 30 14 50 50 50 50 50 43 50 50 50 27 14 50 22 50 50 50 50 22 50 40 44 50 33 50 50 50 50 30 50 7 16 29 50 50 43 9 50 50 50 37 50 43 50
40 50 50 50 13 50 21 5 50 50 40 20 43 29 50 33 1 11 50 23 50 50 50 14 28 28 15 50 50 50 14 19 50 50 50 45 19 50 46 50 13 50 50 1 50 50 34 50 50 50 50 50 50 40 3 12 10 2 32 50 15 42 48 23 50 50 50 50 11 2 36 50 50 15 50 50 50 28 50 50 50 50 50 50 50 50 47 50 50 50 50 50 50 24 23 50 50 37 46 50 40 50 50 50 35 50 50 50 50 50 10 23 22 50 50 25 50 50 9 50 34 36 50 50 26 50 30 50 23 50 50 50 50 50 9 50 50 50 50 30 7 18 6 28 40 50 50 50 14 50 20 50 50 50 50 2 50 6 50
50 50 44 29 50 50 50 37 50 50 35 11 50 50 50 50 2 50 50 48 8 50 7 50 50 22 8 39 50 50 50 49 50 50 29 50 12 50 50 50 32 50 50 50 12 50 50 29 50 9 42 39 50 39 44 3 50 12 48 50 28 50 45 50 2 50 29 5 50 50 27 50 42 25 37 50 50 50 6 36 20 13 47 50 50 47 14 7 35 30 50 50 18 50 50 38 50 3 50 50 2 50 10 50 19 50 49 50 18 35 50 50 50 50 50 23 50 36 50 32 50 50 50 27 50 2 50 15 50 43 50 42 27 27 34 40 41 27 50 24 33 32 50 50 10 47 50 47 34 24 49 50 13 50 50 40 46 50
50 10 50 41 23 5 50 50 50 50 50 50 50 50 50 50 33 30 31 26 50 50 13 50 50 20 34 50 42 50 50 39 1 50 50 18 50 1 50 50 25 25 14 50 10 50 23 48 7 50 3 50 50 44 50 50 50 50 50 50 36 50 19 44 9 8 50 15 50 37 50 50 47 38 50 47 1 32 50 18 24 11 50 50 50 17 50 40 50 50 49 30 48 31 50 49 16 12 50 33 50 50 31 19 50 50 50 22 37 39 50 50 19 50 45 50 50 50 45 50 11 50 50 4 50 33 50 6 41 0 50 50 50 50 50 50 50 19 50 16 28 50 50 48 37 50 50 16 17 9 49 8 50 50 50 40 50
50 50 50 44 50 50 20 29 50 37 50 0 49 50 17 40 50 8 50 36 24 41 50 50 41 50 50 50 50 50 50 8 0 1 15 50 50 50 44 21 2 45 50 37 50 50 36 50 28 29 50 50 50 50 50 50 50 50 47 33 24 50 50 50 50 50 50 34 50 27 7 42 45 2 50 21 50 3 50 50 50 50 50 22 50 30 25 50 41 50 50 44 50 31 50 22 38 50 50 16 34 50 40 50 50 50 50 12 50 50 16 43 25 5 31 50 25 50 31 50 32 39 20 50 21 50 10 50 50 29 23 50 5 11 50 46 50 1 50 50 19 18 39 39 28 50 50 1 50 15 50 14 49 20 50 50
19 50 50 50 50 50 50 15 37 50 50 35 29 31 49 50 50 50 50 21 49 50 50 47 15 50 50 30 0 50 42 50 22 50 50 17 50 1 50 50 50 50 50 45 50 27 50 50 38 44 50 50 43 50 50 15 46 1 48 3 50 50 50 50 31 50 50 50 50 50 50 50 24 45 50 50 50 1 50 9 45 50 23 50 50 50 50 50 50 33 27 50 7 50 50 50 12 50 50 50 50 32 50 50 50 50 50 0 2 50 50 50 47 37 50 50 24 44 50 28 32 50 49 18 4 32 18 50 4 50 50 50 50 14 50 50 50 50 50 50 26 50 17 50 50 50 50 50 25 0 47 5 29 34 50
32 50 35 43 22 48 50 45 43 41 50 0 12 37 50 32 40 50 50 50 33 26 4 50 25 33 48 47 50 50 50 50 50 50 12 50 50 50 50 50 50 12 50 30 50 13 50 50 6 50 24 50 50 50 0 50 50 4 50 50 45 14 50 50 8 50 50 50 35 50 27 50 50 0 34 50 50 8 50 11 50 35 27 50 50 50 27 41 33 3 50 50 6 0 50 50 25 50 50 50 50 15 50 50 36 50 50 15 43 13 19 50 50 21 17 10 33 23 10 8 50 3 42 50 50 50 9 37 23 50 50 50 27 50 44 6 17 36 50 50 50 37 50 13 13 23 1 50 50 38 21 49 50 50
13 16 2 50 50 24 50 50 50 50 50 22 44 23 50 50 2 0 14 50 9 26 38 50 50 50 50 50 50 50 50 50 38 38 50 50 4 50 50 50 1 50 50 50 50 50 35 3 2 50 47 50 50 50 50 50 50 50 50 48 43 50 50 50 36 5 50 50 50 50 10 37 46 50 33 29 0 38 18 50 25 36 22 50 3 50 12 50 50 25 4 24 31 21 50 50 3 22 50 43 50 50 39 50 50 50 31 50 20 50 50 50 45 50 42 50 47 50 50 50 50 33 29 50 8 41 50 50 50 19 50 50 50 14 39 50 50 50 11 32 1 50 27 50 50 50 40 42 50 23 50 50 50
50 39 43 18 40 50 15 14 50 50 50 50 50 50 28 45 50 18 50 50 50 12 50 50 15 50 50 50 3 48 50 50 32 50 6 46 15 1 26 42 50 50 50 50 28 25 50 50 50 15 50 50 50 50 50 13 50 50 50 50 50 43 50 25 50 50 32 41 50 14 14 15 50 27 50 4 32 50 33 11 24 50 50 50 50 50 50 25 50 11 2 50 50 50 4 50 1 50 50 50 50 50 50 14 17 2 11 50 17 50 23 40 35 50 50 50 17 50 50 50 50 50 46 37 50 10 50 50 37 49 50 4 8 39 50 50 24 50 50 50 48 50 18 21 50 50 50 22 50 36 50 50
14 20 50 33 50 11 50 47 50 50 0 50 22 50 50 50 2 18 50 16 41 50 36 2 28 46 22 50 29 46 7 50 50 50 50 14 45 50 50 50 1 50 27 45 44 50 50 50 50 40 36 50 14 50 50 19 23 37 47 50 28 33 50 50 11 14 50 47 3 50 50 35 50 50 50 50 50 31 50 33 21 32 38 9 50 38 46 43 31 33 50 50 23 50 50 31 16 50 5 50 50 50 50 41 50 5 50 22 50 50 50 13 19 50 7 46 42 50 12 50 4 50 50 50 17 36 49 33 50 50 31 50 31 3 50 50 14 7 13 50 23 50 35 50 37 46 50 34 44 50 50
22 50 50 9 35 50 3 17 50 27 50 50 4 50 22 50 50 50 50 50 50 50 50 50 50 50 38 50 50 50 45 30 50 50 12 15 39 34 50 50 50 43 50 50 50 50 50 50 50 27 29 23 9 46 50 50 50 31 38 39 50 43 50 50 42 50 50 50 48 36 50 42 50 50 50 50 12 50 50 50 47 13 50 50 50 50 50 50 47 50 6 50 50 45 50 50 50 23 35 13 21 50 50 50 50 26 50 40 50 29 47 28 50 50 7 5 25 50 50 6 38 50 23 7 11 50 31 50 50 0 50 50 50 17 50 20 43 50 44 50 50 40 30 41 50 35 32 50 12 50
50 50 16 50 50 50 27 50 50 50 43 50 50 50 50 37 50 50 19 50 50 50 29 50 50 17 50 50 50 2 47 50 50 50 25 48 50 18 17 28 50 50 50 35 50 50 10 26 38 50 50 50 46 24 1 17 50 50 48 50 50 30 50 50 50 50 31 50 50 50 25 50 50 50 50 50 50 42 12 11 50 48 50 15 50 50 50 32 50 42 50 38 50 45 50 50 30 21 40 36 50 50 17 50 50 50 14 23 7 50 50 6 50 18 0 50 35 50 9 31 50 24 50 50 50 50 6 50 2 50 50 50 17 15 20 50 50 50 19 50 1 35 44 50 50 50 44 50 50
50 35 50 13 50 36 50 50 50 50 16 39 50 50 45 12 50 50 50 50 0 50 50 50 50 35 16 50 50 50 50 50 5 50 20 50 50 45 40 24 50 27 50 50 50 50 35 0 14 49 18 25 50 50 37 50 4 42 50 50 50 1 45 23 50 50 50 50 50 4 5 50 3 50 50 39 28 46 50 50 0 30 50 45 50 8 50 50 50 49 50 50 9 2 44 50 8 47 30 19 50 50 50 33 34 50 17 50 50 50 50 5 50 50 50 50 33 50 37 16 43 15 50 32 13 50 50 9 50 50 21 50 50 18 50 50 50 50 50 50 31 5 50 50 15 35 50 50
26 50 50 8 50 50 42 24 35 50 50 50 24 50 50 50 30 50 50 4 50 21 50 44 50 22 31 4 13 50 50 43 50 50 50 7 50 50 32 40 21 50 50 50 48 50 10 50 50 46 50 50 50 50 50 50 47 50 50 50 24 36 1 33 21 50 44 24 13 50 45 50 50 50 50 28 50 50 34 19 50 50 15 31 50 50 50 34 38 24 18 50 50 50 50 50 50 0 27 31 50 50 45 34 50 50 50 50 2 14 37 50 50 5 24 50 20 44 50 50 50 30 12 50 9 9 18 50 50 50 50 9 50 8 50 50 50 24 15 10 50 50 50 50 50 1 50
50 50 50 35 9 23 50 50 38 9 50 50 50 50 10 50 50 50 50 27 50 36 50 50 50 22 44 50 50 50 20 50 13 50 42 14 50 50 50 50 50 38 50 15 50 32 47 6 50 50 25 50 50 38 42 29 50 50 50 50 50 26 50 50 50 50 50 25 2 50 23 26 50 50 50 50 44 50 44 46 48 50 50 50 31 21 28 10 50 50 50 50 50 50 50 30 44 8 50 38 8 50 50 19 19 50 50 50 5 50 10 33 25 11 45 50 50 50 50 50 9 50 32 50 1 25 50 12 50 50 50 50 0 18 43 50 47 50 50 7 50 50 50 50 41 50
8 15 50 12 50 50 50 50 50 50 50 19 50 34 50 50 50 50 50 50 50 50 20 6 50 15 43 20 6 50 32 0 40 50 30 50 49 50 50 50 50 13 50 22 0 45 23 50 50 50 50 29 50 50 50 48 50 50 23 50 50 50 50 50 34 4 50 50 50 50 50 50 50 50 19 50 31 41 39 50 50 17 50 36 41 50 50 50 42 48 50 50 50 50 50 50 50 12 39 50 50 50 50 50 16 50 50 50 16 50 50 50 27 50 50 50 50 0 50 26 50 41 39 50 50 50 7 50 25 50 50 50 50 50 50 50 50 50 33 49 50 47 42 34 50
50 50 19 50 23 50 50 50 40 15 39 50 50 50 50 50 3 50 50 50 44 50 50 50 7 50 17 50 50 38 50 2 50 50 50 50 30 32 35 12 49 50 21 35 50 29 50 50 22 50 4 14 4 50 50 27 50 50 24 50 25 19 37 50 39 50 32 34 35 10 24 50 50 21 24 50 9 2 50 50 25 37 47 50 18 50 50 7 50 50 28 50 29 50 50 50 50 50 50 26 50 10 50 42 33 28 3 50 50 50 50 9 7 50 13 50 44 50 11 50 50 50 29 10 47 50 50 43 31 50 12 50 34 18 13 50 50 50 50 50 50 50 22 50
24 28 50 50 5 50 50 39 50 50 50 15 50 50 50 38 50 48 50 50 3 50 36 4 50 50 43 50 3 50 10 50 37 50 50 50 50 50 50 50 44 50 50 1 50 38 50 50 50 11 50 50 16 50 50 50 42 50 0 50 13 26 50 50 25 50 50 24 50 50 31 10 50 50 7 50 10 20 33 50 21 50 41 19 50 50 50 36 24 3 50 50 32 19 39 0 50 24 50 11 50 50 50 50 44 50 50 50 50 50 50 50 12 50 28 50 45 26 40 8 50 50 11 4 46 50 50 11 27 50 50 1 50 50 50 47 6 50 50 50 50 32 50
50 50 19 9 50 8 50 50 50 29 23 32 44 50 22 50 50 48 32 25 7 50 50 50 50 50 18 50 50 50 19 50 15 39 50 50 50 25 50 46 40 8 33 50 50 50 50 31 7 50 26 50 50 2 50 13 0 28 36 50 50 50 50 33 50 27 50 36 2 50 50 50 41 12 50 50 50 50 50 50 50 15 50 27 50 10 50 50 16 50 36 31 5 50 50 38 50 50 50 43 50 50 50 50 50 48 48 50 50 18 50 50 50 2 45 50 44 2 50 50 50 8 11 50 50 50 36 21 25 50 50 39 48 46 50 50 50 50 50 20 50 50
50 50 50 50 42 8 50 23 50 12 1 50 16 50 50 50 25 38 33 18 50 7 50 50 3 50 50 11 6 50 47 24 19 30 50 50 17 50 19 50 31 32 37 50 47 50 50 50 28 50 50 50 37 5 50 31 50 39 29 50 48 38 50 8 39 50 50 50 50 47 42 50 50 42 14 50 50 50 50 50 50 50 50 50 50 21 15 50 50 50 43 50 35 50 8 36 5 50 26 50 50 50 50 50 31 5 50 50 6 33 50 48 10 24 50 24 50 3 50 50 50 50 50 9 49 50 50 23 50 32 50 50 5 37 50 42 50 46 50 0 50
3 27 47 50 50 34 50 50 5 32 15 50 50 50 50 50 50 50 50 50 50 50 50 50 50 48 40 0 50 50 50 50 50 50 50 50 50 50 50 50 50 46 50 8 50 2 45 41 50 50 50 50 50 31 50 16 50 50 50 50 50 2 44 50 0 50 28 10 21 28 50 31 50 50 40 50 50 50 39 5 50 17 43 50 50 50 50 50 50 3 27 0 40 50 50 50 37 50 50 20 26 38 50 20 35 50 50 21 24 49 39 50 50 50 24 19 41 50 22 48 50 14 23 50 9 50 50 50 50 14 4 50 50 50 50 10 50 10 50 50
50 16 36 50 50 50 50 21 4 8 50 39 18 50 50 50 50 50 28 45 50 50 50 46 50 33 1 39 50 13 50 50 38 4 23 21 50 3 50 1 50 43 2 10 50 50 18 50 50 50 2 41 39 50 37 50 50 50 50 50 20 21 50 40 50 34 50 50 50 0 50 14 50 50 50 50 14 12 11 42 50 50 50 50 6 44 50 50 50 50 50 28 50 50 50 50 50 50 50 2 50 14 50 50 6 2 13 50 43 11 50 50 50 50 50 50 48 41 28 31 50 46 50 40 50 4 50 4 50 50 16 50 50 50 50 5 35 50 50
50 50 7 50 40 46 50 50 50 50 50 6 47 50 50 50 32 32 21 50 50 50 50 19 50 49 50 48 44 34 50 17 50 49 19 50 42 50 50 33 50 50 50 50 50 45 50 50 36 50 50 40 50 17 3 50 35 5 23 45 50 0 38 22 50 50 50 50 27 50 50 11 13 50 26 50 25 48 50 50 50 50 50 50 30 25 50 4 50 50 50 50 50 19 50 50 50 50 3 50 41 50 24 3 5 50 50 28 50 10 50 50 50 19 35 9 50 50 50 50 29 50 50 50 50 43 50 50 50 50 31 50 26 50 5 50 50 50
43 50 4 44 50 22 18 50 50 50 26 50 27 50 3 50 50 38 50 10 18 50 50 50 11 30 50 50 6 4 44 50 21 50 21 32 50 39 50 34 42 50 50 48 43 50 50 50 16 4 3 50 50 17 50 34 50 50 0 50 50 7 5 50 50 27 50 50 29 35 50 14 50 50 13 50 50 4 50 50 9 50 50 50 38 50 50 50 50 50 45 50 50 50 15 50 50 1 23 50 23 50 0 50 37 50 50 50 50 31 50 50 50 50 50 50 50 40 19 29 7 47 36 29 50 50 50 50 45 6 50 50 50 14 50 50 50
50 50 50 11 50 14 50 8 37 50 50 39 50 24 17 50 50 50 21 50 13 5 50 50 38 50 17 50 50 50 16 12 37 50 50 50 50 50 50 20 27 50 50 11 50 40 1 20 50 50 6 22 50 50 48 50 37 42 36 17 31 47 46 31 50 50 50 50 50 50 9 50 50 31 50 19 50 50 50 50 50 33 45 50 18 50 50 41 50 50 50 11 50 50 1 37 50 50 20 50 50 50 50 50 50 2 7 50 0 50 50 50 50 50 42 50 50 50 31 50 42 5 20 47 50 50 49 48 50 50 46 19 29 50 48 50
34 50 50 50 50 50 15 50 50 50 50 36 39 27 50 25 10 9 12 50 50 50 9 19 50 50 14 50 31 30 10 50 9 50 16 31 28 50 38 50 6 28 22 50 50 48 50 50 49 21 50 41 28 43 50 50 50 18 50 13 32 50 50 50 42 38 25 48 16 50 50 50 0 50 3 42 50 45 50 12 50 16 18 50 11 26 1 50 12 50 50 50 21 28 50 50 50 50 49 8 37 41 47 2 50 50 29 18 50 50 42 9 50 50 50 24 50 50 33 50 50 10 50 50 50 10 47 12 50 30 50 50 30 45 50
12 50 50 44 50 21 24 17 50 3 21 31 29 47 44 50 50 7 50 50 42 50 50 36 40 50 50 1 50 31 50 41 20 50 50 43 50 44 50 23 50 50 50 33 50 50 50 0 15 50 50 50 30 50 50 15 50 50 50 9 50 2 9 50 50 50 29 50 33 50 0 38 47 50 3 50 50 50 50 50 37 46 43 47 50 25 50 26 14 4 41 22 4 50 50 29 50 28 50 43 35 5 45 23 50 50 50 50 15 34 13 48 43 35 50 33 50 50 6 50 50 50 35 50 50 13 50 38 27 50 50 16 33 50
9 16 50 30 50 28 8 50 50 21 8 2 50 50 50 50 44 19 17 47 50 50 7 35 46 50 50 2 50 6 50 14 41 50 26 50 23 50 24 50 50 50 9 22 50 50 44 50 33 0 50 20 8 4 50 50 46 41 50 36 22 50 50 50 23 50 37 50 46 50 50 50 45 50 34 50 50 47 45 2 50 47 42 50 50 10 50 41 50 50 31 21 50 39 50 27 50 10 49 39 10 50 1 10 50 50 50 50 40 29 50 40 50 50 31 45 50 37 50 50 50 50 50 16 8 50 50 38 50 50 5 50 50
50 49 0 50 50 50 50 24 50 10 27 33 14 34 50 50 50 10 5 50 20 50 50 30 14 44 50 50 6 37 37 39 3 2 50 50 7 50 32 45 50 50 50 23 50 50 2 18 50 50 50 43 50 42 50 50 50 18 20 50 50 9 50 50 50 50 50 50 50 50 21 50 50 50 50 22 30 50 50 50 50 50 14 50 50 15 50 50 31 50 50 50 50 30 50 14 11 50 50 43 50 50 50 20 50 45 23 18 50 48 50 50 50 50 50 50 50 50 1 50 50 7 16 50 43 50 50 50 50 8 50 50
50 34 50 12 50 0 40 50 50 43 22 50 21 41 50 50 36 50 25 50 46 22 13 50 50 50 28 50 50 46 11 20 32 50 25 50 35 50 14 50 33 50 50 37 36 50 50 2 7 50 50 50 22 50 50 39 50 39 50 20 50 50 50 50 50 30 50 34 50 28 50 50 50 50 50 31 50 13 3 50 0 50 41 50 50 50 50 1 50 32 50 50 50 9 50 50 5 7 50 50 50 50 50 50 50 50 17 50 50 50 24 30 48 41 1 50 50 24 50 50 43 42 50 24 50 50 50 50 11 5 50
50 50 50 27 50 50 50 50 31 50 50 50 50 6 8 0 38 50 50 50 10 29 50 50 17 50 20 19 50 50 18 50 1 50 33 50 50 50 50 34 50 40 43 30 50 50 50 50 0 50 42 24 50 50 50 50 50 50 50 50 29 50 50 50 46 50 5 50 50 50 45 50 15 50 46 46 35 50 11 12 7 50 50 49 30 50 23 4 4 50 50 50 50 14 50 50 50 5 48 46 2 33 50 50 50 50 50 14 50 34 16 5 29 49 47 50 25 50 30 8 50 50 50 50 50 50 50 48 50 50
50 50 26 16 50 3 23 23 14 15 50 8 50 50 50 50 50 50 50 7 50 50 50 33 18 50 29 30 50 31 45 50 29 41 22 28 2 50 50 50 22 50 46 12 40 50 13 50 0 50 50 10 50 50 47 50 50 50 19 23 50 18 50 50 50 50 50 20 50 47 50 50 10 50 50 50 27 50 11 46 50 50 35 50 48 50 14 41 8 45 50 50 3 5 50 14 38 44 50 50 36 10 14 38 7 31 50 50 5 50 50 42 50 50 50 50 50 50 50 50 50 42 10 10 50 3 9 50 50
50 50 29 4 50 50 10 20 50 34 50 6 0 50 50 44 50 49 50 11 24 50 50 50 50 50 17 23 50 50 12 50 50 50 50 50 50 21 50 50 50 50 21 19 50 50 35 50 50 50 50 50 23 50 50 29 50 30 50 50 18 47 50 50 13 40 30 18 50 50 11 50 50 50 50 38 50 50 12 50 28 36 5 37 41 25 40 50 50 50 42 6 29 15 32 11 50 12 38 13 47 50 50 50 50 19 49 39 50 50 46 42 50 50 50 50 49 50 31 50 50 50 50 50 50 10 50 50
50 49 20 8 50 24 50 50 7 50 45 50 50 50 22 50 50 50 50 50 9 50 50 46 19 4 50 38 50 50 10 50 21 50 50 50 50 18 10 50 50 50 50 50 50 50 50 47 50 42 50 50 50 50 50 19 50 45 18 5 50 36 50 14 50 15 38 50 50 43 50 31 11 50 50 50 15 50 15 50 50 50 50 50 50 27 50 50 20 29 4 50 29 31 1 31 50 50 45 50 50 50 43 50 37 21 23 31 50 50 50 25 50 50 50 50 50 32 37 50 50 50 50 38 50 46 50
27 50 48 50 50 50 43 50 6 13 50 50 50 24 50 50 30 7 41 50 50 26 50 50 50 50 50 50 50 50 50 48 16 35 4 4 0 32 50 50 12 50 29 50 50 50 11 18 50 5 50 12 43 50 50 50 2 0 37 50 50 50 50 50 1 50 50 50 50 50 50 50 35 32 0 50 26 32 35 0 50 50 8 50 50 12 47 14 50 50 50 22 50 31 50 5 50 44 50 32 50 50 11 49 50 19 12 50 50 50 31 12 31 50 50 37 50 50 28 50 50 50 30 50 5 50
50 50 50 31 11 2 6 50 12 50 13 50 50 50 50 50 50 50 50 49 50 41 50 9 50 42 11 50 39 30 5 46 50 50 1 35 50 50 11 50 50 50 9 26 2 19 50 50 50 50 50 17 0 0 46 23 47 50 50 32 21 1 50 23 50 50 29 48 50 50 25 27 18 25 50 50 50 50 50 40 19 50 14 50 50 50 50 2 48 50 50 35 46 50 50 28 50 50 50 15 23 13 10 50 50 50 50 50 50 50 42 50 28 50 10 21 12 24 50 33 50 50 50 50 50
50 50 3 6 24 50 0 50 0 50 50 34 50 50 44 50 36 10 28 21 50 50 50 42 50 38 50 50 50 4 50 50 50 17 50 50 50 9 19 46 37 34 50 50 7 11 3 50 50 50 50 50 50 50 50 38 50 50 16 50 4 29 50 26 50 46 50 28 50 50 50 50 50 5 50 50 50 50 15 21 50 9 13 31 50 7 30 14 20 50 50 50 50 50 50 23 36 50 50 23 20 50 38 21 22 26 50 19 50 39 50 50 32 50 4 50 43 50 50 41 9 20 50 50
50 50 50 50 50 24 49 50 50 12 50 50 30 50 46 45 50 21 8 50 50 1 8 14 50 50 50 14 24 48 48 14 50 50 50 3 50 27 50 17 25 2 50 19 14 50 50 48 46 50 50 0 50 15 50 43 46 50 50 50 50 50 50 50 50 5 34 39 1 13 5 50 50 21 50 44 50 38 50 50 50 42 50 48 2 50 43 24 50 50 47 33 26 50 50 8 24 47 50 23 50 43 45 50 22 50 50 50 50 47 11 46 50 19 27 50 40 50 25 50 50 40 50
50 6 19 38 5 50 44 50 50 50 30 0 50 41 50 50 40 24 50 50 50 35 41 17 50 23 29 50 50 13 50 40 3 49 50 41 4 39 10 50 28 29 2 50 50 14 50 0 50 50 50 30 50 50 50 37 50 32 50 50 50 50 50 50 50 49 26 50 46 0 50 50 50 50 31 50 50 36 15 7 50 10 50 50 42 50 50 50 42 50 34 50 44 50 50 34 50 9 50 2 50 50 17 15 24 2 50 50 50 50 11 50 50 35 50 50 50 50 50 17 36 50
50 14 31 50 4 7 50 50 50 50 50 26 50 10 39 44 28 50 19 14 50 50 50 31 35 50 50 50 50 48 50 50 25 50 50 35 50 50 16 50 38 50 50 50 50 41 50 47 50 50 50 50 50 39 50 20 50 50 50 6 50 50 50 50 50 50 50 50 50 50 50 50 17 50 46 50 50 50 50 20 50 50 6 47 3 50 27 50 13 50 50 50 37 50 50 39 50 50 50 50 50 50 46 29 6 50 50 19 50 45 50 23 22 4 37 50 50 37 50 50 50
33 50 50 40 50 16 50 17 50 50 45 50 43 50 50 50 50 14 4 50 50 50 50 50 28 40 50 50 28 50 50 50 50 50 50 40 50 50 50 50 50 39 26 6 29 3 14 50 10 50 50 50 50 50 26 31 50 50 50 7 50 44 34 25 24 10 50 50 50 14 31 50 4 32 50 50 48 50 50 50 50 50 50 20 35 41 44 45 46 50 50 50 50 50 50 50 50 24 50 42 33 50 50 15 26 39 50 24 50 50 19 50 50 34 50 15 50 33 50 50
50 50 50 11 9 50 47 50 27 50 50 50 40 14 50 50 50 50 2 15 50 31 50 50 50 28 50 50 50 50 5 50 43 4 50 50 21 50 50 50 50 50 1 50 32 35 11 50 32 50 6 50 37 8 13 50 2 22 3 15 50 50 50 50 50 50 16 30 43 50 36 50 35 24 50 50 50 50 20 50 9 50 13 1 50 39 22 41 50 50 5 50 50 50 50 50 50 50 50 50 50 15 50 50 50 50 37 50 21 50 50 50 50 50 50 50 50 50 50
5 50 0 5 50 50 26 5 50 50 41 50 40 46 5 50 50 17 50 50 43 50 11 12 50 47 50 27 29 30 33 1 7 14 50 29 36 50 50 50 40 48 24 50 50 17 50 32 50 50 50 50 50 34 50 50 50 50 32 50 50 50 0 50 50 50 50 43 32 22 29 50 50 23 50 28 50 8 50 33 19 50 42 11 50 50 9 1 34 50 50 25 34 50 37 50 22 50 50 40 38 50 50 50 6 50 12 19 50 21 34 50 50 50 29 19 50 50
50 50 50 50 39 38 26 4 23 50 36 50 50 50 50 50 50 50 50 50 25 45 50 24 50 35 10 50 40 50 38 50 6 50 47 50 50 50 48 50 28 5 50 50 29 50 50 50 32 50 50 50 50 50 50 50 16 50 50 50 23 2 50 39 50 50 6 50 42 2 50 50 50 50 50 50 50 14 50 8 50 50 50 50 3 50 50 50 2 30 50 2 28 42 13 5 17 50 22 50 50 50 34 50 50 39 22 50 50 50 47 36 50 42 50 11 50
16 26 50 50 34 50 49 50 50 39 50 50 50 50 50 50 50 6 50 14 50 50 29 50 23 20 5 50 50 15 48 27 50 50 50 50 50 18 26 50 50 50 50 50 50 6 50 50 50 50 30 50 50 50 50 27 50 38 36 50 5 15 50 47 50 50 38 50 50 50 42 50 21 28 50 50 29 35 6 39 50 11 34 50 32 32 10 36 22 50 25 50 50 50 26 50 13 18 50 18 50 11 50 8 50 50 50 50 50 33 50 12 28 50 50 50
36 50 50 50 50 50 50 50 50 40 13 3 50 50 50 30 50 3 11 22 50 13 3 46 50 32 19 39 50 42 50 50 13 36 18 50 47 50 50 39 50 50 50 20 10 50 50 50 50 7 50 50 26 21 15 6 10 6 19 50 50 50 50 20 48 50 50 50 50 50 40 50 50 50 50 50 50 17 26 50 50 4 50 50 50 41 50 11 26 50 50 50 50 50 50 48 50 7 50 50 50 50 0 22 16 34 50 50 50 50 35 39 41 4 50
31 50 11 50 50 5 50 50 12 23 50 1 50 50 21 50 24 31 50 50 50 33 50 50 50 28 27 50 50 50 3 6 50 3 3 50 32 50 17 45 50 50 50 21 28 31 50 50 30 16 10 31 50 18 5 9 11 22 50 47 50 50 15 50 7 50 50 50 13 50 39 11 36 50 50 50 48 50 29 50 9 26 50 50 50 17 50 22 21 21 45 50 40 50 50 3 33 50 49 50 50 20 50 50 14 9 38 50 50 50 50 50 21 50
50 50 42 5 25 41 50 10 50 10 50 13 48 50 6 18 45 50 47 4 36 50 50 24 0 50 43 2 50 50 50 47 50 50 50 45 50 50 50 17 50 50 37 50 50 34 50 35 50 42 44 50 25 50 50 29 44 50 7 50 50 7 50 48 43 11 50 3 27 50 1 12 50 40 9 0 50 8 50 50 50 46 50 10 50 40 31 50 50 50 50 50 7 50 37 50 50 50 50 50 21 50 50 50 50 1 50 50 50 34 50 33 50
50 50 50 50 36 50 5 50 50 50 50 50 37 9 32 50 50 31 28 50 50 50 50 26 50 50 10 6 50 7 32 30 33 31 50 50 5 3 50 50 50 8 50 9 23 32 36 50 50 41 50 50 46 50 23 50 9 29 14 12 41 11 38 36 15 50 50 50 2 50 30 50 50 50 36 50 50 27 50 13 50 29 50 50 19 50 41 50 50 50 50 50 50 50 6 50 50 50 50 40 50 45 38 50 50 50 50 50 16 50 50 50
50 8 47 50 50 34 6 9 34 24 50 50 50 11 50 50 50 50 50 50 50 29 50 50 21 36 50 18 50 50 35 27 21 15 42 50 50 35 50 39 50 21 49 50 42 50 50 50 50 50 10 50 50 50 50 50 43 24 50 50 46 27 50 50 50 50 7 49 50 33 50 50 50 50 50 32 50 42 25 50 50 14 32 50 26 50 50 50 50 50 41 18 50 37 50 50 50 47 50 50 50 50 34 50 3 50 19 50 24 48 50
37 50 29 50 47 22 50 50 41 50 26 50 41 28 26 50 50 50 0 50 50 50 50 50 8 33 12 50 33 20 50 50 50 50 18 50 50 50 50 20 44 21 50 48 50 50 12 50 50 35 43 15 8 50 50 50 50 50 33 18 50 50 11 50 38 19 33 50 50 50 12 50 7 50 44 50 50 48 3 34 29 50 50 50 50 5 50 50 50 50 50 6 47 50 50 50 50 50 50 39 25 41 9 50 50 50 50 10 31 50
50 12 50 50 50 40 50 29 50 7 27 50 50 50 50 50 4 48 23 50 47 50 50 8 33 50 50 32 50 50 50 50 50 15 6 22 50 50 50 50 50 50 27 50 50 50 50 18 50 29 50 50 50 50 50 2 8 50 50 50 50 50 25 34 50 50 50 50 18 14 1 50 2 4 50 50 50 25 50 50 50 50 50 34 50 50 7 34 27 50 50 39 5 50 27 50 1 50 50 29 26 50 10 50 50 50 50 9 50
17 50 31 50 50 35 24 50 27 50 4 3 21 14 50 50 4 18 50 50 27 50 50 25 50 42 15 9 33 39 42 50 50 7 39 46 50 50 49 14 26 16 50 2 50 38 50 50 18 50 50 50 50 28 8 50 50 50 50 50 50 16 45 8 50 32 50 19 15 50 32 50 50 50 50 50 4 9 48 10 50 50 50 50 50 50 50 50 40 50 50 50 50 50 44 2 50 50 18 45 10 50 22 50 50 50 19 50
50 50 23 16 50 6 50 50 50 50 9 1 50 50 50 1 50 24 50 50 35 40 40 50 50 5 50 50 50 50 50 50 8 4 15 50 50 1 50 50 50 50 50 7 50 50 50 50 50 50 17 0 50 23 50 50 50 50 19 50 50 30 50 50 9 46 16 50 16 50 50 50 7 50 50 50 50 50 50 50 13 50 50 43 30 38 50 50 50 50 37 19 50 11 50 50 28 50 15 48 50 49 50 41 50 3 50
50 50 20 50 50 36 50 50 50 50 44 50 50 50 50 8 50 50 50 50 50 23 3 50 34 50 20 50 50 50 22 50 50 42 50 50 50 50 18 1 28 23 35 50 21 5 17 17 50 49 50 26 50 30 50 50 50 25 50 41 22 22 50 50 36 44 50 39 50 43 50 50 50 50 50 50 50 11 50 45 50 7 49 50 50 50 50 0 50 50 50 4 50 50 50 50 40 37 50 10 50 50 50 48 13 50
50 37 31 50 5 50 50 50 44 50 10 50 50 50 50 50 50 36 50 50 50 43 50 50 5 50 28 50 50 8 28 50 50 50 50 50 50 6 19 4 24 14 30 50 6 50 50 50 36 50 50 5 19 50 44 38 36 3 50 50 50 50 50 12 24 50 50 7 29 50 18 50 50 23 50 33 19 50 27 37 50 50 50 50 50 44 50 50 50 30 50 17 5 1 50 50 49 50 1 50 50 40 46 50 50
50 41 50 50 43 50 50 0 6 50 50 40 50 42 10 37 50 50 50 50 50 50 3 19 1 23 50 23 0 50 50 50 50 50 40 44 3 50 50 0 50 15 50 50 50 50 50 25 50 50 50 29 37 30 14 50 50 50 50 50 50 50 50 50 24 50 7 15 11 26 50 50 49 50 50 50 50 5 44 50 10 36 29 13 50 50 27 9 50 50 50 50 50 50 50 34 48 50 50 29 50 50 29 50
46 50 50 50 50 50 31 29 50 50 0 50 50 50 42 50 17 41 38 50 50 50 27 50 19 50 25 50 50 50 34 50 3 49 50 50 29 50 47 42 50 50 38 50 30 50 50 48 18 50 50 0 50 50 40 50 50 50 32 50 50 50 42 14 34 17 6 50 50 4 50 50 0 24 50 50 50 14 42 50 50 50 50 50 41 50 1 29 50 50 8 20 50 46 50 50 37 26 45 50 50 14 50
1 50 1 50 50 22 50 30 50 50 50 19 50 50 50 50 50 16 49 50 50 50 41 17 50 43 50 50 50 50 26 5 50 50 50 50 41 50 50 1 50 1 50 18 50 48 50 50 50 50 24 50 50 9 50 35 50 36 50 6 28 50 50 14 50 32 13 50 50 50 41 9 50 14 35 9 33 50 15 21 50 50 50 50 50 50 50 50 50 50 30 10 35 50 49 50 50 31 50 27 26 50
50 10 49 50 17 50 50 50 50 50 3 28 32 35 50 50 50 35 2 50 50 50 37 50 50 50 26 24 50 35 50 9 50 50 50 10 50 27 10 50 50 50 23 50 50 47 3 20 44 50 50 15 6 14 10 18 50 50 50 50 33 50 50 50 50 50 50 41 44 45 50 50 14 7 21 13 50 50 50 6 50 50 2 0 50 50 50 50 50 50 32 50 50 17 50 37 50 19 20 50 50
50 50 7 37 50 50 4 50 50 6 50 50 50 18 50 50 50 40 22 50 36 50 50 18 50 29 50 19 50 40 14 50 50 30 50 50 50 50 50 50 50 50 7 50 50 50 50 31 50 50 50 15 50 50 50 50 28 50 50 50 50 8 25 50 50 46 50 9 50 28 37 26 50 50 50 45 50 50 20 50 50 50 50 50 18 50 3 18 50 1 50 50 50 50 50 50 0 36 50 50
50 19 38 40 50 39 50 7 40 36 12 50 50 50 26 2 7 50 41 1 13 50 25 50 50 7 50 50 27 16 38 50 50 50 47 50 50 50 50 50 50 38 50 29 50 50 35 16 43 50 50 50 50 50 50 50 24 14 15 50 4 40 1 50 45 50 50 50 24 50 50 50 50 50 50 19 50 50 50 50 46 36 0 6 50 50 17 7 50 19 8 50 50 50 50 50 7 50 50
0 50 50 31 35 50 41 35 50 50 50 29 19 1 50 50 50 27 50 50 50 24 50 50 33 50 7 50 31 50 33 50 50 50 50 16 42 22 50 46 50 50 44 36 50 50 50 20 42 30 12 17 42 50 50 50 50 50 50 8 50 50 13 50 50 46 12 50 29 50 50 25 26 49 50 26 45 50 50 47 50 50 23 50 50 50 5 50 50 21 0 50 50 26 45 28 50 50
29 50 38 50 34 50 44 14 50 45 16 13 1 50 8 50 50 50 38 50 50 50 13 15 23 50 17 28 40 50 50 25 50 50 33 48 30 32 50 36 50 47 50 50 50 50 28 50 9 15 50 50 16 14 35 35 50 50 22 50 50 28 50 24 50 40 50 50 50 43 50 1 50 42 50 50 50 50 50 50 23 50 50 20 50 9 37 50 35 50 50 8 50 27 7 50 50
33 50 50 50 45 47 29 50 40 50 1 46 50 19 50 50 47 50 29 31 50 50 50 24 50 18 50 50 50 50 50 1 50 50 50 36 50 50 50 50 50 50 50 46 35 50 50 50 37 41 17 27 50 33 50 32 50 36 30 40 50 50 50 50 5 50 6 50 50 8 50 50 50 25 50 21 41 50 36 50 41 50 50 50 30 42 33 50 50 13 12 50 50 38 50 50
48 50 2 50 9 29 50 28 50 50 29 50 11 38 41 50 9 50 50 19 49 43 32 1 50 50 18 50 38 50 50 18 22 50 35 50 6 26 50 27 50 50 9 42 23 17 50 12 50 19 35 22 50 50 30 12 4 31 44 49 50 50 11 33 50 50 2 37 19 50 28 50 50 50 50 50 11 50 50 32 50 34 50 35 50 49 30 50 50 50 50 50 50 50 50
50 50 50 50 50 31 50 50 50 6 50 27 26 50 50 50 50 50 50 35 50 50 16 50 50 19 45 50 50 38 18 50 50 30 14 8 50 7 50 50 49 3 50 46 50 50 39 23 6 2 50 35 47 35 50 8 50 13 2 50 50 49 50 37 18 50 39 42 50 15 50 50 50 50 50 20 50 50 47 50 5 45 37 21 3 6 49 0 44 50 24 21 41 50
23 9 50 50 50 29 50 50 50 43 45 50 50 47 50 48 50 1 50 50 50 50 49 50 47 50 50 50 50 50 19 50 50 45 47 50 50 50 50 50 50 31 39 32 50 50 50 50 12 50 50 50 50 50 50 50 36 50 50 23 50 5 46 30 50 22 6 50 50 50 5 50 50 42 15 10 0 4 40 50 25 50 50 44 50 11 50 50 12 6 50 50 50
50 8 37 50 50 50 50 50 50 50 46 31 50 50 33 50 40 50 50 50 16 38 50 33 9 42 20 24 50 50 50 27 30 50 50 50 22 5 50 50 50 50 28 50 45 50 37 34 50 50 27 16 32 50 39 50 9 49 50 6 50 16 50 29 50 50 50 12 42 50 50 50 49 30 50 36 9 50 50 50 50 50 18 20 50 39 39 50 33 41 1 50
50 11 13 50 50 50 21 50 19 50 50 50 50 50 50 50 16 50 50 44 50 50 50 50 10 50 50 50 43 50 50 50 36 42 50 50 50 50 50 18 25 2 50 11 50 50 41 50 50 50 50 32 16 50 10 0 50 50 50 50 50 50 50 21 50 50 27 43 50 28 13 50 50 50 50 50 1 16 30 23 50 22 23 33 6 39 5 22 50 50 50
50 50 6 45 50 50 50 37 37 50 50 10 50 28 6 50 50 3 50 31 21 50 43 50 42 50 50 50 50 50 50 45 50 49 50 50 18 11 50 43 50 47 10 43 7 50 50 50 50 50 30 50 29 50 50 34 22 50 50 34 23 50 23 26 50 25 50 50 50 29 50 15 50 50 50 9 20 50 50 6 46 5 5 50 50 50 2 20 50 50
11 29 50 50 50 9 50 50 50 4 17 50 50 50 50 50 50 0 50 18 50 47 50 30 50 12 50 20 50 50 50 50 17 50 17 50 50 50 50 50 8 50 50 50 50 32 50 50 21 34 21 50 50 50 37 32 50 30 50 50 26 50 2 38 41 49 50 30 50 50 37 50 40 50 50 30 50 6 49 50 26 20 27 50 21 13 50 30 50
50 50 50 50 50 5 50 50 32 50 21 38 50 50 50 7 50 36 41 50 10 2 50 50 24 50 50 9 50 50 35 50 33 50 50 50 50 50 4 50 50 50 50 39 50 50 42 50 34 25 50 50 50 3 3 44 2 50 14 50 50 50 46 50 50 50 19 31 6 16 50 15 50 50 50 15 50 50 50 1 33 50 1 25 50 50 50 50
50 50 50 50 15 8 50 50 50 46 12 50 50 27 22 50 47 50 38 50 50 50 50 23 50 33 50 50 45 50 50 13 7 14 50 25 50 10 50 50 46 11 10 38 50 50 50 28 50 11 32 50 50 50 19 23 50 50 17 50 50 43 50 30 25 37 32 29 50 9 50 50 50 10 50 50 49 50 50 50 47 12 50 16 48 1 50
50 45 50 50 50 17 50 50 49 3 50 50 32 42 43 17 33 49 13 50 25 50 45 50 8 38 50 39 50 50 37 32 27 20 50 50 41 5 50 12 50 42 50 50 29 50 6 50 50 32 13 12 50 50 14 30 50 3 50 50 32 50 50 24 12 50 47 50 37 50 20 50 50 50 33 19 16 50 13 50 50 50 50 50 10 50
1 38 44 12 50 31 7 15 50 49 50 50 50 11 50 50 50 37 50 50 50 50 50 50 37 50 13 18 50 50 50 29 50 32 50 50 50 22 50 20 50 50 41 50 28 1 0 50 50 3 22 50 50 50 50 17 50 50 19 50 46 50 33 26 29 50 3 50 41 50 44 21 32 5 5 50 49 50 2 50 32 7 50 50 50
10 31 30 48 16 7 50 26 25 39 24 50 29 29 50 50 50 41 50 30 6 50 50 50 50 50 5 50 50 50 9 47 49 50 10 50 50 8 10 0 50 50 50 50 42 17 50 50 34 50 50 50 50 50 50 50 50 50 50 15 50 50 50 37 50 1 50 36 21 50 1 17 50 12 50 21 40 34 50 37 47 34 17 50
50 50 24 50 38 50 16 37 50 50 7 50 42 0 34 50 32 50 46 50 50 50 50 50 21 50 5 18 42 36 50 50 20 15 50 50 50 20 11 20 14 17 50 4 23 50 50 9 24 50 22 50 50 50 50 50 50 42 27 50 16 50 44 50 28 50 50 50 50 50 29 50 34 50 4 50 44 40 39 50 25 6 50
50 50 11 50 50 50 2 50 13 50 50 50 50 50 50 44 50 50 50 7 50 50 50 50 50 50 40 50 50 5 1 50 5 50 50 4 11 50 50 50 44 0 38 29 16 50 50 50 50 50 50 37 22 50 32 50 36 50 32 50 50 14 2 28 50 0 50 33 15 50 50 50 46 20 50 42 3 50 50 50 50 50
50 50 50 31 9 50 39 50 50 50 50 48 50 43 50 23 35 50 13 36 18 36 8 27 30 50 50 40 11 50 50 5 19 10 22 12 15 50 50 50 50 18 7 3 45 48 50 31 50 46 10 48 50 50 3 48 41 4 25 50 50 50 50 50 50 50 35 50 50 50 50 50 1 38 50 41 41 50 50 17 50
50 50 50 41 50 40 50 38 50 50 50 50 50 50 30 45 6 50 50 47 50 50 2 50 3 2 42 50 21 50 37 30 50 50 50 44 50 29 50 36 26 30 50 23 46 22 24 50 50 50 50 38 39 19 50 50 50 50 50 50 50 50 50 4 50 50 50 17 27 50 12 50 50 15 50 50 18 17 50 50
8 25 50 50 50 50 50 50 50 50 28 50 50 1 50 50 24 22 43 43 50 14 50 48 8 11 50 38 50 50 50 12 44 50 50 50 24 50 21 50 3 50 14 50 50 35 50 50 18 27 17 49 19 9 50 50 50 50 50 50 20 50 23 50 8 50 10 50 50 50 50 27 3 50 20 48 26 50 50
50 19 50 50 50 27 50 50 50 42 6 50 4 36 50 50 50 5 50 50 50 50 23 50 50 33 42 34 50 33 19 49 20 50 24 50 47 16 50 17 15 47 50 50 23 1 28 50 8 50 38 26 39 13 4 13 50 50 50 50 50 50 44 50 37 50 50 50 37 44 50 39 6 46 40 3 50 50
50 50 14 50 3 50 50 50 50 16 50 50 34 50 42 50 50 50 17 40 50 49 50 18 50 0 36 7 43 19 50 30 50 14 50 50 46 15 12 27 50 50 50 50 50 47 50 5 7 50 8 50 26 47 25 33 38 45 50 50 50 25 15 50 27 23 50 30 50 38 35 50 50 50 50 50 50
11 35 50 50 50 44 40 32 50 50 21 50 50 50 50 30 50 50 34 8 27 11 50 50 50 40 9 4 18 36 50 36 34 50 50 50 50 6 49 43 50 50 50 10 19 50 19 25 50 50 9 50 50 50 50 50 50 50 50 3 12 50 50 50 50 50 48 50 15 2 41 7 50 50 23 50
50 50 12 11 50 50 24 50 50 3 50 18 50 50 50 44 18 17 24 50 19 44 50 50 11 50 34 5 50 12 8 50 50 10 50 35 21 13 50 25 50 25 50 34 50 50 50 9 50 35 18 50 33 50 50 50 32 50 46 50 50 50 14 50 24 50 50 50 50 50 50 50 50 50 50
50 11 50 31 38 50 50 50 31 50 50 50 50 50 13 21 50 37 50 37 50 50 50 34 7 13 50 50 33 50 50 5 49 17 50 50 50 50 50 38 27 36 32 50 15 48 0 0 6 15 27 50 50 17 50 25 50 50 50 50 50 35 37 50 42 50 9 50 50 50 50 50 50 50
15 50 33 2 50 35 50 50 29 39 19 50 9 50 50 50 50 44 50 13 24 50 50 10 50 50 50 7 40 50 23 50 50 50 22 50 3 23 50 43 50 50 13 50 50 38 45 50 50 50 50 24 50 50 13 50 50 50 50 50 29 50 22 3 50 19 50 30 50 44 50 50 50
37 50 50 50 16 50 42 50 4 50 10 50 50 0 30 2 50 50 50 50 50 50 50 50 3 50 39 50 50 50 50 50 50 45 22 41 50 36 50 50 50 50 50 50 12 50 20 50 50 11 50 50 50 50 50 24 50 50 28 50 50 42 50 50 3 38 50 50 16 50 50 50
50 50 11 19 50 50 50 50 10 12 50 50 50 18 14 50 43 47 50 28 50 50 50 50 6 50 40 50 50 18 13 50 27 25 50 19 19 50 50 50 4 10 50 50 29 50 12 50 50 28 36 39 50 34 7 50 42 50 12 50 50 22 50 50 13 5 30 50 50 23 50
50 50 50 20 33 50 18 50 50 50 50 0 50 50 44 26 17 50 50 28 46 50 15 50 50 26 50 50 50 50 49 16 5 50 50 8 50 1 50 33 50 1 50 50 4 50 50 20 50 2 50 50 50 50 20 47 50 50 17 50 34 50 50 50 50 26 50 3 5 50
13 50 50 50 50 50 50 27 50 38 19 21 50 50 11 48 50 19 7 24 50 50 50 8 4 23 17 50 50 28 50 50 22 33 50 18 49 50 12 13 49 5 50 16 26 50 32 13 4 50 50 48 50 49 50 34 50 50 50 31 6 50 30 48 50 9 50 35 50
50 50 50 50 50 41 39 50 50 15 18 50 50 50 37 50 50 50 50 44 47 20 50 50 50 25 50 50 25 50 50 5 50 18 50 43 50 50 50 30 50 50 50 50 50 39 50 22 50 0 50 9 50 17 50 50 39 8 50 50 50 50 50 50 16 50 50 50
50 50 50 50 50 50 50 45 50 50 50 42 50 49 50 50 50 50 50 2 50 50 10 50 50 50 50 50 50 50 50 50 50 50 50 50 50 50 40 50 50 50 50 50 20 50 50 50 9 50 50 50 3 50 33 4 50 43 50 23 50 50 50 6 28 50 50
50 50 23 50 50 50 50 50 10 50 50 50 50 50 50 50 25 50 50 26 15 26 50 50 50 50 50 50 50 17 35 50 50 50 50 50 41 50 50 50 50 50 50 50 50 11 25 50 50 50 50 50 7 50 50 50 50 50 50 50 50 50 50 50 50 50
50 50 50 50 50 50 50 44 50 50 50 7 50 50 50 50 50 12 50 50 35 50 50 50 50 36 50 50 6 50 50 50 50 50 50 50 50 50 50 7 15 50 50 50 50 50 50 50 50 5 50 50 31 50 8 50 50 44 50 50 50 32 50 50 50
50 50 50 50 50 5 50 50 49 22 50 37 50 50 50 50 44 50 50 41 50 50 50 50 50 20 15 50 10 50 37 50 42 26 50 50 50 23 22 50 50 50 50 50 50 8 5 47 50 50 8 13 26 50 27 50 43 50 50 50 50 50 50 50
50 16 50 50 50 50 33 50 50 50 50 33 50 50 50 50 50 50 50 35 48 36 50 50 50 50 50 50 50 50 50 50 50 50 50 50 50 50 50 22 50 23 50 50 50 50 50 50 50 50 50 50 50 50 50 27 34 50 50 50 50 1 50
35 6 48 50 50 35 50 50 50 50 50 50 50 50 50 50 33 50 28 50 50 50 50 50 50 50 50 50 3 50 13 1 50 50 50 33 50 50 38 34 50 50 27 50 5 50 50 35 16 50 50 50 7 48 21 50 50 20 50 50 50 50
50 33 47 0 50 18 50 41 50 50 50 50 2 6 5 50 50 29 50 50 11 12 50 26 50 50 50 50 50 50 50 50 50 50 39 50 14 1 50 8 50 50 49 4 38 22 50 7 50 50 50 50 50 50 16 50 50 50 27 50 50
10 50 50 50 50 50 14 50 50 50 50 50 50 50 50 50 16 32 50 11 50 50 50 50 50 50 50 38 50 50 50 50 50 50 50 50 50 45 50 50 50 50 50 50 45 50 50 50 50 7 3 11 38 50 24 45 50 23 50 50
50 50 50 50 50 50 50 50 50 50 32 50 50 50 50 50 50 0 50 50 5 50 50 50 50 50 50 23 50 50 50 50 50 50 36 50 1 49 42 50 50 50 50 50 50 50 50 7 50 50 50 50 50 50 31 50 50 25 50
50 50 45 50 50 50 50 50 50 50 29 50 50 50 50 38 43 16 45 50 36 50 50 50 50 50 41 50 50 50 50 50 48 11 50 50 50 50 16 50 50 50 4 50 50 37 50 50 50 50 50 50 50 50 50 43 46 50
50 50 50 28 50 7 50 50 50 50 25 50 39 50 50 50 2 50 50 50 37 50 1 21 50 11 50 50 50 50 50 50 19 50 50 50 50 50 50 50 50 50 48 40 50 15 50 6 50 50 50 32 50 33 50 50 50
50 50 50 50 50 50 50 27 50 6 50 50 47 50 50 50 50 38 50 50 50 50 50 50 50 4 50 50 50 50 49 50 50 50 50 6 50 50 50 50 50 50 50 2 50 40 0 50 50 41 50 50 50 50 27 50
50 50 50 50 50 50 28 14 50 50 50 50 50 50 50 31 50 50 50 50 14 50 50 50 50 13 50 50 50 26 14 50 50 50 50 50 50 28 50 50 50 50 50 50 50 50 30 50 17 44 50 50 50 50 50
50 2 50 50 50 50 39 50 50 50 50 20 50 3 50 50 35 50 50 50 1 38 50 50 30 8 26 50 50 50 50 50 50 35 50 50 50 50 50 31 50 13 50 14 50 36 14 50 50 50 14 50 2 50
50 50 50 50 50 50 45 50 50 13 15 50 50 50 50 50 50 50 6 26 50 50 50 50 50 42 50 36 50 50 50 1 23 49 50 50 50 50 50 50 50 50 50 50 50 50 50 50 50 50 50 50 50
50 50 50 50 50 18 50 50 14 50 4 50 50 50 7 13 50 49 50 50 50 47 50 50 50 34 5 50 50 50 50 50 50 10 50 11 50 50 50 50 50 50 50 50 50 50 50 50 13 2 50 50
13 50 50 50 50 50 50 50 50 50 50 50 9 50 50 1 50 8 6 50 50 24 50 50 50 50 29 14 50 50 50 33 18 50 34 50 9 50 50 50 50 12 50 50 50 50 50 50 50 50 50
50 50 50 50 45 41 1 50 50 50 50 50 2 50 15 19 50 50 50 40 50 50 50 50 50 50 26 50 50 50 50 42 50 50 38 1 50 50 50 26 50 50 43 50 23 50 50 20 9 50
50 50 50 50 38 43 50 50 16 35 50 50 50 50 50 50 50 50 50 50 45 10 1 50 50 50 39 14 19 50 50 50 50 50 50 50 50 0 50 14 50 50 50 1 50 50 50 50 50
11 50 50 50 50 50 50 50 11 38 50 1 9 20 50 50 24 50 26 50 50 18 50 50 50 50 50 39 50 50 50 50 1 9 50 48 50 50 50 3 50 12 50 50 50 46 50 50
42 50 50 50 50 26 29 50 38 47 29 50 50 50 50 50 50 45 50 50 50 6 50 50 50 18 50 50 40 50 50 50 50 50 50 50 50 50 50 32 50 29 47 50 50 50 50
50 45 9 50 50 38 50 20 50 50 50 40 50 50 50 47 50 3 50 50 50 50 25 50 50 50 50 50 50 50 50 34 50 50 50 50 4 50 39 22 50 50 50 50 50 50
50 50 50 50 50 50 50 45 50 1 50 48 50 50 50 16 50 50 50 19 3 50 50 50 50 50 25 50 40 50 50 50 50 50 31 50 50 24 50 50 50 50 27 50 50
50 25 50 37 50 50 50 50 50 50 50 50 13 3 50 50 50 50 50 18 49 50 50 50 28 50 50 39 50 50 2 50 50 50 50 50 50 50 50 50 50 50 50 50
50 50 50 50 50 50 27 50 50 3 50 50 50 50 50 50 50 34 50 18 50 50 26 50 50 50 50 50 23 50 5 50 50 50 50 31 50 50 50 20 50 50 50
40 37 50 50 50 50 50 50 50 50 50 50 50 50 50 32 50 50 50 50 50 50 50 50 18 35 50 50 50 50 50 50 42 50 50 50 9 23 26 50 50 50
50 50 50 50 50 50 50 50 29 28 2 50 50 50 50 50 50 50 50 50 50 50 32 50 7 50 50 15 50 50 16 8 8 50 50 50 42 50 50 50 50
45 43 26 25 50 50 50 14 50 50 50 47 50 36 50 28 50 50 50 50 36 41 50 15 50 50 50 50 50 3 50 50 50 32 50 41 50 50 41 50
50 50 50 50 50 32 50 50 50 50 50 43 50 50 39 27 50 50 50 7 50 50 50 14 50 18 50 50 16 50 50 50 50 50 50 50 50 50 50
50 50 50 50 33 50 50 50 50 50 50 50 50 50 40 50 45 50 5 50 50 50 16 50 50 40 50 50 50 46 50 34 24 50 50 50 50 50
50 30 50 50 25 50 50 50 50 29 50 50 50 49 50 50 13 50 50 50 36 50 50 50 50 50 50 50 50 50 50 50 50 50 42 50 50
50 1 50 50 50 50 50 50 50 50 4 50 50 47 50 50 50 50 14 5 50 50 50 50 50 50 29 50 29 50 32 41 50 50 50 50
37 50 50 50 50 50 50 50 50 50 50 50 50 50 0 50 50 8 50 31 50 50 50 44 50 50 33 50 50 50 16 17 32 50 50
50 50 20 50 50 50 1 49 36 50 50 50 32 50 50 42 50 20 50 0 50 50 50 50 50 50 50 50 50 50 50 50 24 50
50 50 50 50 50 20 33 50 50 50 50 50 50 50 50 50 50 34 50 50 44 50 50 50 50 15 50 50 50 31 50 50 50
50 50 50 50 17 50 50 50 50 50 0 50 50 50 50 10 50 32 50 50 14 41 50 50 50 50 50 49 50 22 50 50
50 50 30 50 50 47 50 50 50 50 50 50 50 50 50 18 50 50 25 50 50 50 50 50 50 50 50 50 50 50 50
25 50 50 50 50 50 50 11 50 36 20 50 50 50 50 47 50 50 50 50 50 50 50 50 50 33 50 50 50 50
50 50 40 1 50 50 38 50 50 50 45 50 50 38 50 50 50 50 50 32 50 50 50 50 2 50 50 50 50
50 50 50 50 50 33 50 50 50 34 50 50 50 50 31 50 50 50 5 50 50 50 19 50 50 50 44 50
50 50 50 50 50 28 50 50 50 50 50 50 50 50 50 0 50 15 50 27 37 50 50 48 37 10 50
50 50 18 50 50 50 50 50 50 50 50 50 50 50 50 4 50 0 23 50 50 46 50 50 50 50
50 50 50 50 50 50 50 50 31 50 50 9 50 50 50 50 50 50 50 50 50 50 50 50 50
50 50 50 50 1 50 50 50 44 50 50 50 50 50 50 50 50 50 30 50 27 45 50 50
21 50 40 16 50 50 50 50 50 50 50 50 50 50 50 50 50 50 50 27 50 50 50
50 50 50 50 50 50 50 50 50 50 25 50 50 4 50 50 46 50 50 50 50 50
50 2 3 41 50 50 50 50 50 50 15 50 50 50 50 50 50 50 50 50 50
50 15 50 50 50 50 31 3 50 50 50 50 50 29 20 50 50 50 33 50
50 50 50 50 6 25 50 27 50 50 27 50 50 50 50 50 21 50 50
50 50 50 50 50 50 50 50 50 50 50 4 23 14 44 20 50 50
8 50 50 50 4 50 36 50 50 50 50 50 50 50 50 50 50
50 50 29 41 50 50 50 50 50 50 50 50 15 9 39 50
50 6 34 50 12 50 50 44 26 50 50 38 13 50 50
50 50 50 16 50 50 50 50 50 40 7 50 10 50
49 50 50 20 50 3 50 26 50 50 50 50 50
50 50 50 50 50 11 50 50 50 50 50 50
50 33 50 16 39 19 50 50 50 50 50
50 50 50 50 50 50 50 47 50 50
50 50 50 24 50 50 50 8 50
3 50 50 50 38 50 50 50
50 50 50 50 50 50 50
50 50 50 24 50 50
50 50 22 31 50
50 50 50 50
50 50 50
50 50
50
