50 12
10 9 5 12 4 0 10 8 12 3 10 7 5 6 10 9 8 2 8 2 7 3 1 2 11 3 10 4 2 6 12 12 11 7 10 10 3 11 12 0 8 8 6 9 2 2 5 2 7 
9 2 10 10 4 8 10 5 12 6 9 6 0 5 9 12 12 11 6 11 2 8 4 10 9 9 3 2 4 2 5 11 1 2 5 6 8 12 12 8 5 3 0 6 2 1 1 4 
6 9 2 10 3 6 11 3 12 9 0 4 9 5 11 12 7 11 8 10 12 7 4 10 12 9 8 3 12 7 10 10 4 2 1 12 1 10 0 12 10 5 5 2 8 11 4 
10 5 1 12 4 11 12 6 5 2 3 9 5 12 1 6 9 7 12 7 0 1 9 10 3 8 10 5 4 5 10 10 8 7 1 10 5 12 5 12 9 4 5 2 6 8 
5 11 0 10 3 6 12 8 2 0 4 10 1 8 5 10 2 1 5 7 1 5 11 12 12 7 4 0 3 11 0 4 12 3 0 2 3 9 3 6 3 11 11 9 6 
0 6 9 11 11 2 7 4 2 8 0 7 9 10 3 4 6 6 5 12 2 5 9 7 3 2 3 11 2 6 4 5 12 11 2 12 1 0 6 5 9 11 9 9 
12 12 10 6 12 12 5 5 9 6 7 9 10 6 1 10 8 12 10 6 4 10 1 12 12 10 0 0 0 12 2 4 5 2 12 12 6 10 2 0 12 10 12 
1 9 5 11 12 6 1 3 9 6 0 6 10 8 2 10 3 5 11 12 4 11 6 11 0 12 3 9 3 12 4 11 5 5 11 4 4 6 9 10 9 7 
11 5 2 6 2 12 6 6 5 0 3 4 5 8 11 4 6 12 9 2 9 5 1 12 8 12 10 12 2 8 8 0 11 4 9 2 2 1 8 12 12 
4 11 0 2 6 7 6 7 9 12 1 3 10 10 0 12 2 10 11 6 7 11 9 7 7 12 8 0 7 9 12 7 8 3 2 12 12 11 3 7 
11 4 3 11 5 1 6 1 1 4 5 2 4 2 8 12 10 12 6 11 1 2 4 4 5 10 12 12 5 4 1 12 6 4 2 8 4 10 11 
4 0 11 12 12 4 11 4 1 12 1 8 8 6 6 4 6 7 0 6 9 12 7 11 3 0 6 4 1 1 11 6 12 12 10 7 5 4 
7 7 1 12 5 12 6 0 4 0 0 5 12 3 12 4 12 11 1 0 4 1 11 0 12 7 10 11 12 12 10 6 0 12 8 9 9 
3 11 10 9 10 12 9 12 12 3 12 12 5 11 0 3 0 11 12 0 6 7 7 2 9 12 12 1 2 11 12 7 6 0 3 0 
2 5 1 9 5 0 0 9 10 2 2 5 7 1 12 4 12 12 4 2 3 8 10 8 9 8 11 0 4 11 3 10 2 12 12 
12 9 12 5 1 4 4 3 10 11 3 10 4 12 12 12 10 2 12 1 12 10 6 2 7 9 1 0 12 0 6 12 5 0 
12 5 0 12 2 3 9 9 12 12 5 2 4 12 6 8 6 3 5 8 4 4 8 4 11 1 11 10 7 12 0 12 3 
3 3 11 3 5 1 5 4 4 3 10 12 8 3 12 3 9 8 12 11 10 12 12 5 12 4 4 12 12 1 7 0 
0 10 5 2 11 4 12 2 8 1 12 6 1 5 12 3 6 2 6 7 12 7 6 1 12 12 12 6 7 11 0 
0 10 0 12 2 4 0 12 3 6 12 0 4 4 6 6 7 12 6 2 0 1 12 7 3 4 12 2 7 12 
0 5 12 12 8 6 12 5 4 12 1 5 9 12 0 5 0 12 3 0 5 3 6 2 8 2 11 6 5 
0 12 0 10 0 8 0 3 7 12 12 6 5 2 3 10 9 4 9 9 11 12 11 12 12 9 0 2 
12 1 12 9 12 6 5 3 7 11 12 0 7 9 12 12 7 4 10 12 11 7 12 12 12 12 5 
10 5 12 11 1 12 6 5 10 2 12 6 8 12 8 7 12 12 6 3 6 2 8 12 11 10 
12 10 1 12 6 2 8 10 12 6 12 5 12 3 8 8 6 9 3 12 8 7 11 7 1 
8 12 12 9 0 7 5 6 12 12 9 12 5 6 12 10 4 0 5 7 12 3 1 10 
4 12 12 1 3 11 12 4 5 1 4 1 9 12 5 12 4 4 4 9 12 7 12 
12 8 4 5 9 11 12 10 3 6 0 2 0 1 6 9 10 11 12 8 12 5 
7 12 1 8 7 0 9 6 10 2 1 11 11 9 1 7 1 7 3 5 12 
7 8 7 12 4 12 6 12 12 12 8 12 10 10 12 10 10 5 2 12 
3 3 12 12 3 1 11 12 9 5 12 0 8 12 9 8 3 4 12 
2 12 12 7 6 10 4 12 12 5 5 9 8 12 7 12 5 1 
2 11 2 7 10 1 7 2 4 12 9 8 7 7 0 12 12 
4 7 12 6 4 11 12 12 1 0 6 8 12 7 3 0 
12 11 12 1 8 5 12 0 12 3 4 8 12 5 6 
8 2 6 9 12 7 5 10 4 12 10 6 4 1 
12 9 5 6 1 4 8 6 12 9 3 0 12 
12 12 7 12 12 3 7 4 10 6 9 1 
12 7 1 12 1 12 2 2 12 12 6 
12 11 12 7 8 1 0 11 8 0 
9 6 8 9 7 11 8 10 8 
12 7 12 6 8 9 0 0 
6 4 12 12 7 7 12 
7 12 5 8 9 2 
9 10 11 12 11 
11 8 12 1 
12 6 12 
9 11 
7 

