50 12
10 8 11 5 12 2 8 2 10 1 8 0 9 0 1 3 12 10 1 3 0 7 3 12 2 12 3 9 12 1 8 7 4 12 12 11 8 10 12 9 6 9 8 3 6 8 9 2 7 
8 11 0 11 4 12 3 10 11 4 3 10 9 9 0 1 11 7 1 5 12 9 10 12 6 4 12 12 4 10 4 12 9 3 7 9 1 0 4 3 2 10 12 3 10 3 3 3 
0 6 8 5 1 4 8 2 11 10 7 8 8 10 9 10 6 8 4 0 5 5 3 6 7 1 12 12 6 7 6 2 10 12 10 2 9 0 4 1 4 5 12 0 9 12 8 
7 7 10 10 11 4 12 12 3 12 10 11 5 4 9 9 2 12 5 2 6 5 5 4 11 5 12 1 1 10 12 0 1 5 8 7 3 4 4 5 4 9 7 1 9 7 
12 12 5 12 12 9 1 1 5 10 5 8 8 1 10 9 7 1 11 7 8 7 7 7 11 12 5 11 7 10 9 1 5 2 11 6 0 5 2 0 12 4 1 1 1 
12 0 2 11 4 2 12 8 5 5 0 1 8 12 11 5 3 1 5 2 6 2 11 3 5 9 2 6 9 6 5 0 12 12 6 0 7 1 12 8 12 8 7 5 
12 0 11 2 7 9 7 12 10 1 12 12 1 1 11 2 6 10 5 5 6 7 1 12 7 0 9 12 9 2 4 12 2 5 1 2 12 12 9 12 4 4 1 
2 8 11 8 6 10 1 4 4 2 0 9 6 6 1 1 12 10 7 5 6 0 0 2 7 4 2 6 3 1 10 0 4 12 9 9 8 9 12 1 11 1 
3 6 6 12 0 0 2 12 2 7 1 3 5 9 4 7 8 7 12 4 5 12 12 9 11 3 10 4 10 4 8 9 5 12 12 8 0 5 11 9 12 
3 12 7 12 2 1 9 3 2 6 9 7 2 12 4 12 5 2 8 3 7 8 1 10 1 7 0 3 0 12 12 12 3 12 9 2 3 7 6 12 
11 7 4 11 6 12 8 8 1 3 8 4 4 11 7 6 2 3 4 6 2 4 3 6 8 1 9 3 2 6 6 2 2 1 6 11 8 9 5 
3 10 4 11 1 12 3 3 5 11 5 2 2 1 10 5 2 0 3 8 6 11 0 7 12 10 12 3 2 7 9 12 1 10 1 2 2 6 
3 2 1 1 6 5 2 12 3 12 5 6 5 9 12 11 0 6 1 4 6 10 12 5 2 6 5 12 12 5 7 6 7 6 5 6 11 
3 4 8 5 1 1 11 10 3 5 1 11 5 9 2 7 12 3 6 12 2 1 11 2 9 6 2 6 10 10 10 1 1 1 11 8 
7 12 7 12 1 6 6 0 9 4 9 0 10 10 11 0 11 10 4 1 12 1 5 5 1 9 0 11 5 0 11 2 4 12 10 
12 5 3 10 1 3 0 3 4 8 12 6 3 5 12 12 0 6 9 2 1 5 12 1 12 5 1 8 12 0 3 0 5 3 
12 9 6 12 9 12 4 10 12 12 3 4 10 11 5 7 9 11 1 9 3 9 10 10 0 0 8 7 10 11 12 10 12 
3 0 12 6 2 1 8 3 4 12 6 12 10 7 0 6 3 11 9 10 6 3 11 6 10 9 8 12 3 12 2 6 
4 12 7 10 0 0 12 1 10 10 4 12 1 12 12 2 0 3 12 9 12 4 1 11 12 11 12 10 2 1 11 
12 3 9 5 3 11 11 2 10 12 2 9 1 3 8 7 5 0 8 8 7 0 11 1 12 8 3 9 10 12 
12 12 6 2 8 6 11 1 11 11 4 0 4 1 12 5 9 9 7 12 10 7 11 0 2 5 11 9 7 
7 1 1 12 0 6 12 3 4 6 9 9 8 11 7 8 3 6 3 2 0 10 11 9 10 9 9 0 
1 6 5 3 9 9 11 0 11 6 0 8 5 11 8 7 8 7 1 8 8 0 9 2 5 8 2 
2 6 1 7 12 3 9 2 10 4 1 7 10 8 11 4 5 12 8 12 1 4 1 2 8 10 
0 11 9 5 12 4 4 4 6 1 5 6 6 1 8 4 3 5 9 11 4 4 12 1 7 
0 1 0 4 12 2 12 2 1 9 10 12 7 9 2 5 3 1 8 5 0 8 7 12 
11 12 7 2 1 9 12 12 2 1 12 0 12 0 8 4 12 1 2 7 12 6 8 
3 4 0 0 7 10 10 2 12 5 6 5 9 12 1 9 11 12 12 0 0 10 
7 12 5 9 12 3 4 8 9 3 7 6 4 3 12 9 1 5 8 5 12 
4 12 4 7 9 12 1 11 10 12 12 8 4 3 8 10 11 1 7 12 
6 5 11 10 3 1 12 10 9 3 2 12 7 7 4 12 0 2 3 
6 11 4 5 0 8 2 1 12 2 3 10 12 3 3 7 3 4 
0 12 12 4 9 2 12 8 3 3 1 8 5 1 4 0 3 
2 2 10 12 12 8 7 2 11 5 9 1 0 10 1 4 
3 4 7 7 3 8 12 9 6 12 4 2 7 11 12 
12 1 7 4 9 1 8 5 4 4 0 3 12 12 
6 3 12 3 4 12 12 0 6 9 9 6 9 
8 12 7 9 12 12 12 12 12 12 12 12 
12 3 12 12 12 12 12 12 12 12 12 
12 12 12 3 12 12 12 12 12 12 
12 12 12 12 12 12 12 12 12 
12 12 12 12 12 12 12 12 
12 12 12 12 12 12 12 
12 12 12 12 12 12 
12 12 12 12 12 
12 12 12 12 
12 12 12 
12 12 
12 

