50 62
47 37 49 62 50 62 41 62 47 45 13 47 56 42 13 41 27 45 56 15 20 44 26 60 30 62 46 11 0 5 21 43 50 27 62 33 51 1 3 20 41 28 62 33 61 1 36 40 1 62
54 60 31 51 62 9 41 11 45 50 32 30 17 28 36 17 1 26 13 36 21 4 15 62 53 29 49 34 24 58 14 62 50 37 32 33 3 26 62 59 6 48 22 39 38 46 23 62 62
27 28 55 35 56 33 62 25 51 56 51 25 24 22 18 1 31 0 10 18 14 28 56 27 10 62 28 62 42 37 17 2 8 52 55 20 48 45 37 56 18 61 56 13 44 8 44 62
28 41 10 30 20 48 51 5 33 10 14 23 62 19 48 62 16 39 37 37 62 12 38 62 28 29 22 45 0 0 49 26 24 21 4 30 56 57 35 62 62 28 28 22 22 58 62
11 24 26 42 8 7 62 21 3 8 45 58 46 60 62 18 30 5 0 10 19 62 62 12 48 43 34 53 47 50 14 13 62 50 20 30 9 46 62 54 24 18 54 5 48 62
3 14 60 4 22 43 21 14 55 49 28 24 32 60 22 10 5 12 27 55 10 58 54 48 53 32 47 62 56 9 46 54 56 33 7 17 4 30 6 33 25 62 10 17 62
5 37 60 25 62 30 15 12 57 2 2 59 0 61 50 21 53 39 48 22 2 62 22 1 8 55 49 40 12 43 5 46 14 19 33 62 9 38 62 35 43 47 62 62
7 30 13 17 20 48 13 62 8 43 37 55 12 59 35 49 62 4 7 4 59 5 36 30 59 15 62 24 13 10 29 19 2 27 52 54 52 62 17 51 59 26 62
1 36 39 47 56 35 36 39 62 61 23 41 25 5 49 15 39 0 38 25 55 39 36 21 57 62 4 23 62 50 62 41 61 32 48 39 52 4 49 20 8 62
28 59 37 29 26 55 48 52 10 20 51 52 54 12 34 24 16 1 30 4 17 20 18 29 62 34 25 62 11 53 54 62 47 62 62 61 3 38 41 1 62
7 62 37 22 62 55 21 25 2 62 15 36 50 20 18 4 15 11 16 54 20 62 51 2 40 62 62 49 14 39 32 29 30 10 44 24 44 57 36 62
37 17 16 57 23 56 33 20 35 58 20 2 4 5 51 62 47 36 59 36 15 46 20 35 59 43 22 14 62 23 62 46 30 15 2 39 22 29 62
28 23 62 57 60 46 18 10 29 12 19 33 57 21 62 29 13 48 36 39 41 20 26 62 26 20 17 56 13 62 0 62 12 27 29 29 23 62
62 56 15 31 43 2 32 24 62 26 8 10 54 14 46 4 44 62 32 62 34 22 1 36 62 55 2 32 62 51 17 11 41 15 48 3 62
58 45 26 61 42 41 20 46 54 44 13 9 17 37 11 52 18 40 51 9 30 11 15 34 58 45 59 14 56 39 22 38 51 23 62 62
46 35 3 37 52 28 2 42 29 3 48 62 43 3 5 5 12 40 12 18 41 29 44 39 4 21 43 31 11 40 12 30 1 37 62
62 19 62 50 12 2 15 7 42 6 62 41 62 15 62 62 54 62 27 56 36 40 4 43 14 62 10 1 35 13 31 62 62 62
62 62 62 43 25 38 35 31 48 62 62 46 62 60 62 0 62 30 62 6 20 27 42 1 57 33 62 48 59 62 62 53 62
55 40 41 29 50 46 33 35 24 62 62 62 26 62 48 35 27 62 62 62 11 62 62 62 2 62 62 18 14 62 62 62
43 21 57 52 7 51 9 27 62 54 62 31 16 16 62 62 62 60 10 10 32 44 26 7 62 3 58 62 62 0 62
51 62 62 23 62 39 62 57 62 56 45 62 12 62 18 62 4 61 38 18 62 7 2 3 62 62 56 17 31 62
62 42 62 20 23 9 62 4 13 45 36 35 62 7 62 37 12 51 62 62 62 62 30 62 9 12 30 39 62
62 52 34 12 59 5 62 31 62 35 62 39 62 28 32 13 53 62 62 27 62 62 62 1 61 17 62 62
55 62 45 9 10 32 9 24 56 36 8 45 57 62 32 62 62 52 62 62 32 62 26 52 51 5 62
30 62 62 62 62 31 56 62 0 7 62 62 13 12 22 22 13 62 17 62 62 30 8 62 52 62
12 23 62 20 20 35 62 62 62 36 44 62 38 62 36 56 6 24 62 35 62 62 62 62 62
50 14 62 56 19 30 3 8 12 44 59 37 62 1 45 27 50 5 62 62 27 55 62 62
15 62 27 17 62 28 53 20 62 22 27 51 9 16 2 53 1 37 32 62 18 61 62
62 22 49 62 46 14 42 62 53 40 62 7 40 58 5 37 14 4 62 3 3 62
26 29 50 62 39 48 35 62 29 62 62 43 27 62 62 60 62 62 54 13 62
57 54 13 58 62 44 13 62 28 41 4 13 39 35 42 30 7 32 62 62
1 60 45 24 6 62 62 62 62 36 54 62 1 20 21 62 13 60 62
26 59 14 62 47 36 14 46 33 62 26 44 33 25 9 47 28 62
62 4 62 44 60 37 34 51 60 62 42 62 62 22 58 37 62
3 12 62 33 43 45 62 24 62 47 62 52 12 24 17 62
6 34 30 21 62 62 17 60 34 62 62 59 62 62 62
62 62 62 53 27 61 35 62 57 24 7 14 62 62
27 38 37 10 62 62 9 30 22 43 62 18 62
43 62 23 48 53 60 62 10 32 62 62 62
44 2 14 1 62 34 13 62 31 35 62
62 54 62 40 62 42 62 44 12 62
43 17 39 58 7 62 51 9 62
26 27 30 62 62 23 62 62
25 62 50 29 62 40 62
62 48 33 16 62 62
11 62 29 62 62
10 19 32 62
27 55 62
62 62
62
