40 40
40 28 35 23 30 28 30 0 16 9 13 10 8 7 40 15 40 40 40 40 40 40 34 17 19 40 19 15 3 2 34 14 35 40 1 2 40 21 19 40
24 28 40 40 40 13 37 36 2 26 40 40 10 40 40 33 11 20 8 40 37 40 40 37 40 40 1 39 18 40 40 38 16 30 24 39 35 1 40
27 40 40 2 34 9 8 40 20 16 30 40 15 18 40 40 34 40 40 40 40 35 39 35 40 26 40 7 28 32 40 5 9 33 30 19 40 40
40 40 40 40 40 40 29 40 16 7 0 40 1 6 23 40 40 23 40 6 35 28 20 24 40 27 18 3 37 16 40 40 6 18 25 5 40
40 14 33 34 17 26 40 37 28 40 3 4 21 40 27 40 34 7 40 40 24 40 28 24 22 1 40 17 40 40 25 40 40 40 10 40
24 40 19 4 20 4 7 28 40 28 40 35 29 35 40 12 8 19 31 38 40 19 40 9 40 2 35 40 40 40 40 32 34 40 40
40 16 31 40 40 40 8 20 40 31 26 31 17 37 40 40 33 21 1 1 40 11 40 28 2 40 40 34 40 40 26 40 3 40
40 35 33 12 39 38 15 40 19 17 40 4 18 21 40 19 14 22 40 20 36 21 40 26 40 40 31 40 10 40 40 40 40
40 18 24 40 1 33 22 0 40 2 2 40 26 26 40 40 40 19 5 22 40 40 40 27 26 27 40 40 3 40 17 40
12 40 25 19 12 40 18 33 26 1 31 40 28 33 25 34 38 10 28 24 37 15 40 40 40 2 2 40 17 13 40
3 40 40 10 40 3 32 33 23 40 4 26 40 40 40 13 20 40 28 40 25 5 30 36 13 16 1 40 4 40
2 24 40 19 33 34 11 40 40 29 40 27 40 33 26 40 21 40 40 40 11 40 14 33 40 18 40 15 40
40 38 40 11 40 24 0 38 40 40 9 39 40 40 5 16 40 0 29 28 12 33 35 8 40 18 7 40
39 33 40 40 14 35 40 6 40 3 23 35 40 21 8 40 8 33 40 36 1 40 40 22 40 36 40
40 40 40 27 28 1 34 40 12 38 11 18 13 40 14 16 7 8 40 18 40 36 40 4 40 40
40 40 40 40 7 13 3 38 27 3 40 17 40 40 40 22 39 40 34 40 14 23 19 40 40
35 37 40 40 21 40 9 5 2 25 40 40 40 40 30 40 14 7 20 26 40 22 40 40
29 40 34 33 40 40 6 7 7 30 20 22 40 40 13 40 18 40 40 17 40 40 40
3 17 39 40 40 19 34 33 40 33 38 40 40 40 40 7 40 31 0 23 11 40
17 23 4 24 18 6 40 25 40 22 40 40 18 18 40 40 16 3 35 40 40
40 31 40 40 40 40 1 40 25 19 23 14 40 13 5 40 13 40 40 40
40 40 40 40 40 40 40 18 40 40 40 40 40 40 40 40 40 40 40
40 40 40 2 40 40 40 40 40 15 40 40 40 40 40 40 40 40
40 40 40 40 40 40 40 40 40 40 40 40 40 40 40 40 40
40 40 40 40 40 40 40 40 40 40 6 40 40 40 40 40
40 40 40 40 40 40 40 40 15 40 40 40 40 40 40
40 10 40 40 40 40 40 40 40 40 40 40 40 40
40 40 40 40 40 40 40 40 40 19 40 40 40
40 40 0 40 40 40 40 40 40 40 40 40
40 40 40 40 40 40 40 40 40 40 40
40 40 40 40 40 40 40 40 15 40
40 40 40 40 40 40 40 40 40
40 40 40 21 40 40 40 40
40 40 40 40 40 40 40
40 40 40 40 40 40
40 40 40 40 40
40 40 40 40
40 40 40
40 40
40
