50 12
10 9 5 12 4 0 10 8 12 3 10 7 5 6 10 9 8 2 8 2 7 3 1 2 11 3 10 4 2 6 12 12 11 7 10 10 3 11 12 0 8 8 6 9 2 2 5 2 7 12
9 2 10 10 4 8 10 5 12 6 12 12 0 12 12 12 12 11 12 11 12 12 12 10 9 9 12 2 12 2 12 11 1 2 12 12 12 12 12 8 5 3 0 12 12 1 12 12 12
6 9 12 12 3 12 11 3 12 9 0 12 9 5 11 12 7 12 8 12 12 12 4 12 12 9 8 12 12 12 10 12 12 12 12 12 1 12 12 12 10 5 12 2 8 12 12 12
12 5 1 12 4 11 12 6 5 12 3 12 5 12 1 12 9 7 12 7 0 12 12 10 12 12 10 5 12 5 10 12 8 7 12 10 5 12 5 12 9 12 5 12 12 12 12
5 11 0 12 12 6 12 8 12 12 12 10 1 12 5 12 12 1 12 12 1 12 11 12 12 7 4 0 12 11 0 4 12 3 12 2 3 9 3 12 12 11 12 9 6 12
0 6 12 11 11 12 7 4 12 8 0 7 12 10 3 4 6 12 5 12 2 5 9 7 3 12 12 11 12 12 4 5 12 12 12 12 1 0 12 5 12 11 12 12 12
12 12 12 12 12 12 5 12 9 12 7 9 12 12 1 12 8 12 10 6 12 12 1 12 12 12 0 0 0 12 2 4 5 2 12 12 6 12 2 0 12 12 12 12
12 9 12 12 12 6 1 12 9 6 12 6 10 12 2 10 12 12 11 12 4 11 6 12 12 12 12 12 3 12 4 11 5 12 12 4 4 6 9 10 12 7 12
11 12 2 12 2 12 12 6 5 0 3 12 12 8 12 4 12 12 9 2 9 12 1 12 8 12 12 12 12 8 8 0 12 4 12 12 2 1 8 12 12 12
4 11 0 12 6 7 6 12 12 12 1 12 10 12 12 12 2 10 11 6 12 12 12 7 7 12 12 12 12 12 12 7 8 3 12 12 12 12 12 12 12
12 4 3 11 12 1 12 1 1 4 12 12 4 2 8 12 10 12 12 11 12 2 12 4 5 12 12 12 12 4 1 12 6 12 12 8 4 10 11 12
4 0 12 12 12 12 12 4 12 12 1 8 12 6 12 4 6 12 12 6 9 12 7 11 3 12 6 12 1 12 12 6 12 12 10 7 5 4 12
7 7 12 12 5 12 6 0 12 12 0 12 12 3 12 4 12 11 1 12 4 12 12 0 12 7 12 12 12 12 10 12 0 12 8 12 9 12
3 11 10 9 12 12 12 12 12 3 12 12 5 12 12 3 0 11 12 0 6 7 7 12 12 12 12 1 2 11 12 7 12 12 3 12 12
2 5 1 12 12 0 12 9 10 2 2 12 7 12 12 4 12 12 12 2 12 12 12 8 12 12 12 12 4 12 3 12 2 12 12 12
12 9 12 12 12 12 4 12 10 11 3 12 4 12 12 12 10 12 12 12 12 10 12 12 12 9 1 0 12 12 6 12 5 12 12
12 5 12 12 12 3 9 9 12 12 12 2 4 12 12 8 6 3 5 12 4 4 8 12 11 12 12 12 7 12 0 12 3 12
12 3 12 12 12 1 12 12 12 3 10 12 8 3 12 12 9 8 12 12 10 12 12 12 12 4 12 12 12 1 12 0 12
12 10 5 2 11 4 12 2 8 1 12 6 12 5 12 3 6 2 6 7 12 12 6 1 12 12 12 6 12 12 12 12
12 12 12 12 2 12 0 12 12 12 12 0 4 12 12 12 12 12 12 2 0 12 12 12 12 12 12 12 7 12 12
0 12 12 12 12 12 12 12 12 12 1 12 9 12 12 12 0 12 3 0 5 3 6 2 8 12 11 6 12 12
12 12 0 10 12 12 12 3 7 12 12 6 12 2 12 12 9 4 9 12 11 12 11 12 12 12 0 2 12
12 1 12 9 12 12 5 3 12 12 12 0 7 12 12 12 12 12 12 12 11 12 12 12 12 12 12 12
12 5 12 11 1 12 6 5 12 2 12 12 12 12 8 7 12 12 12 12 6 2 12 12 11 12 12
12 10 1 12 6 2 8 12 12 12 12 5 12 12 8 12 12 12 3 12 12 7 11 7 12 12
8 12 12 12 12 12 12 12 12 12 9 12 5 6 12 10 4 0 12 7 12 3 1 10 12
12 12 12 1 3 12 12 12 12 12 12 1 9 12 12 12 4 12 4 12 12 7 12 12
12 12 12 12 9 11 12 12 12 12 0 2 0 12 6 9 10 11 12 8 12 5 12
7 12 1 8 12 0 9 12 10 12 1 11 12 12 1 12 1 12 3 5 12 12
12 12 7 12 12 12 6 12 12 12 12 12 10 12 12 10 10 5 12 12 12
12 3 12 12 3 12 11 12 12 5 12 12 12 12 9 12 3 12 12 12
12 12 12 7 12 10 12 12 12 5 12 9 12 12 12 12 5 1 12
12 11 12 12 12 1 12 12 4 12 12 12 12 12 12 12 12 12
12 12 12 12 12 11 12 12 1 12 12 8 12 12 3 0 12
12 11 12 12 8 5 12 0 12 3 12 12 12 12 12 12
8 12 12 12 12 12 12 10 4 12 12 6 4 1 12
12 12 12 12 1 4 12 12 12 9 12 12 12 12
12 12 12 12 12 3 7 12 12 12 9 1 12
12 7 12 12 1 12 2 12 12 12 12 12
12 11 12 12 8 12 0 12 8 12 12
12 6 12 9 12 12 8 10 8 12
12 7 12 12 8 12 12 0 12
6 12 12 12 12 7 12 12
12 12 5 8 12 2 12
9 12 12 12 12 12
12 12 12 12 12
12 12 12 12
9 12 12
7 12
12
