50 12
4 9 6 11 11 10 5 4 0 2 2 10 11 0 2 10 6 5 3 7 1 6 12 6 0 4 1 9 12 7 9 10 12 10 12 11 9 12 6 3 7 2 5 10 2 1 8 2 5 12
12 12 5 11 4 11 6 12 10 1 5 7 12 12 12 4 12 7 3 12 6 8 4 12 9 12 9 2 12 12 4 12 12 12 12 12 0 12 12 12 12 7 12 12 9 12 8 2 12
12 7 12 10 3 10 3 12 0 12 7 5 12 7 7 5 6 12 2 12 2 12 7 12 7 12 8 12 5 1 0 9 12 12 12 12 3 7 12 7 12 12 10 12 12 12 12 12
12 11 12 12 12 12 12 12 11 3 12 6 3 12 8 6 10 12 12 3 12 4 12 12 7 0 7 6 12 12 10 1 3 12 10 7 12 1 12 12 12 9 8 12 12 12 12
12 7 2 12 6 12 11 12 12 12 10 12 12 12 12 12 4 10 12 12 12 12 11 3 5 5 12 9 7 9 2 1 12 12 9 12 0 6 12 12 11 11 7 12 12 12
12 12 6 12 2 12 2 12 0 1 4 12 12 2 12 12 12 7 11 3 12 7 12 8 9 11 12 11 9 12 12 12 12 8 12 10 1 12 12 12 5 2 12 3 12
10 1 12 10 12 12 0 0 12 8 12 12 9 12 12 1 5 12 4 12 2 11 4 12 6 1 12 6 12 10 12 0 12 8 8 12 10 12 4 5 10 5 10 12
0 12 12 12 9 12 12 12 3 12 7 12 12 12 4 12 12 12 0 4 12 12 12 12 12 12 12 11 12 12 12 12 1 12 6 9 12 8 5 9 12 12 12
4 12 11 12 12 5 12 12 12 1 12 4 1 3 1 12 1 12 10 12 7 12 1 12 12 9 12 1 12 12 2 3 8 12 12 8 3 12 3 2 1 12
12 4 12 12 1 12 12 12 12 12 12 9 12 12 12 10 5 12 12 11 11 2 12 0 12 12 12 10 5 0 12 0 12 12 7 12 12 12 8 12 12
12 12 6 1 12 9 4 10 12 12 8 12 11 6 12 12 2 3 8 10 7 12 12 0 2 5 3 12 12 12 12 12 12 12 11 12 12 10 12 12
12 12 5 12 12 9 4 3 7 12 12 12 12 12 3 12 4 2 12 2 12 12 7 6 12 12 1 12 8 2 12 12 10 12 12 12 11 3 12
12 12 12 3 12 5 7 8 5 12 12 12 12 0 12 6 4 12 12 12 12 12 12 2 12 12 10 9 12 9 12 1 12 12 12 8 12 12
12 12 1 12 7 12 7 7 12 12 12 11 12 1 12 4 12 5 12 12 12 12 12 12 9 12 2 12 12 12 4 6 12 9 12 10 12
0 12 12 6 7 12 1 12 12 12 2 8 8 8 6 12 0 12 12 12 12 10 11 12 6 12 6 0 12 9 11 12 12 12 12 12
12 9 2 0 2 0 12 0 3 11 6 12 10 12 12 8 4 12 12 4 12 12 5 12 12 10 12 12 7 12 2 6 6 12 12
12 12 3 5 12 12 12 12 12 12 11 5 8 8 8 8 12 3 9 6 12 12 0 4 4 12 12 3 12 12 12 7 12 12
12 4 12 5 4 12 12 5 3 12 12 10 12 12 12 1 9 12 6 8 12 0 12 12 12 6 11 7 2 11 11 12 12
12 12 12 12 12 12 2 8 12 12 12 12 10 8 12 8 12 12 12 5 0 12 12 12 12 5 11 12 9 8 12 12
12 12 11 12 12 12 12 9 3 12 8 4 12 6 12 5 12 12 3 1 12 9 12 12 10 12 6 9 0 7 12
12 12 12 7 12 0 12 12 12 12 12 5 11 12 3 12 12 3 6 12 12 12 5 12 12 9 0 1 12 12
7 12 5 12 12 12 1 7 12 12 12 6 9 0 11 1 12 5 1 10 4 12 1 12 3 12 1 3 12
4 12 12 12 12 12 2 3 11 6 12 10 10 12 12 6 12 12 12 6 5 12 0 12 9 12 8 12
12 12 12 12 2 12 6 12 12 12 12 12 10 6 12 12 12 12 12 4 9 12 12 12 2 12 12
12 12 12 12 1 4 0 12 12 3 12 12 12 11 12 12 11 12 12 12 10 9 12 12 12 12
12 12 12 12 12 6 12 12 9 12 12 12 12 12 0 12 12 12 12 12 12 12 8 12 12
12 12 12 12 1 12 0 12 12 7 12 12 2 12 4 12 12 12 12 11 10 12 9 12
12 3 12 12 12 1 1 12 12 12 2 12 11 12 11 11 12 12 0 12 12 11 12
12 12 12 12 12 0 6 11 12 7 12 12 12 1 12 12 12 12 9 12 12 12
12 12 3 0 10 9 12 9 11 12 12 12 12 12 12 12 1 12 12 3 12
2 12 12 12 12 12 8 12 1 0 12 12 12 7 12 12 12 12 12 12
2 12 12 7 12 12 3 12 5 12 8 12 9 5 10 12 12 12 12
12 12 12 0 10 4 0 6 12 4 12 7 12 11 8 12 12 12
0 12 10 12 12 12 8 4 3 12 12 12 9 2 12 0 12
12 12 12 12 1 12 12 12 1 12 4 5 12 12 6 12
7 12 5 12 8 7 6 12 12 12 1 12 12 12 12
5 12 12 12 12 12 12 6 8 12 9 8 5 12
12 7 2 12 10 6 12 9 12 4 12 12 12
12 12 12 8 12 12 12 1 12 12 12 12
12 4 12 11 12 12 7 4 12 12 12
12 3 10 12 1 4 12 2 8 12
12 12 0 0 0 12 12 3 12
2 2 12 12 12 5 12 12
12 12 8 12 12 3 12
12 12 12 12 12 12
12 12 9 12 12
1 12 12 12
12 12 12
3 12
12
