50 12
2 11 2 1 9 4 8 9 11 7 6 9 5 3 7 2 4 8 0 12 9 12 5 3 5 11 6 6 5 4 12 9 11 3 11 12 2 1 12 0 8 4 4 2 9 3 12 4 3 12
11 12 11 12 2 10 12 12 12 12 12 12 2 4 12 3 12 12 7 9 10 3 1 12 12 12 12 12 12 12 12 5 0 8 12 12 12 12 12 12 2 12 9 12 10 12 6 12 12
11 1 8 12 12 12 12 12 1 9 12 12 12 2 12 12 12 6 11 10 2 1 12 10 5 12 3 12 12 12 12 12 12 12 11 0 0 12 10 12 12 12 12 1 2 4 12 12
2 12 7 12 12 12 12 12 6 12 12 5 12 8 5 5 12 12 12 6 12 12 12 4 9 12 12 12 12 12 1 12 5 10 11 0 2 2 12 12 3 12 12 12 4 12 12
12 12 0 12 12 3 12 12 5 1 12 12 12 8 0 6 4 12 9 5 7 8 6 12 2 12 12 0 0 11 0 12 12 12 12 12 12 8 12 10 6 6 12 12 0 12
12 8 4 12 4 12 12 5 12 12 12 1 9 12 1 12 12 1 6 1 7 10 6 12 12 11 7 12 3 12 12 2 1 5 8 0 5 12 5 12 10 12 12 12 12
7 8 12 12 6 12 12 5 0 12 12 12 10 12 8 2 12 3 12 4 1 12 3 2 8 12 9 0 11 12 4 12 12 0 12 12 12 11 9 12 3 10 4 12
8 12 10 7 10 12 12 8 6 8 12 10 12 9 12 0 11 5 3 9 8 8 7 10 3 12 12 2 0 10 12 6 7 12 1 12 7 10 12 12 5 5 12
6 5 1 12 12 12 12 11 9 7 3 9 12 12 12 12 5 1 6 12 12 0 10 11 0 12 8 12 12 12 12 5 6 9 12 12 4 12 2 12 3 12
11 12 12 12 12 6 12 10 12 10 7 12 9 8 12 12 4 12 8 5 12 12 9 6 12 2 12 0 12 12 12 12 12 12 7 12 12 11 3 7 12
12 12 12 1 10 12 4 12 0 12 12 8 12 10 0 12 9 12 1 12 12 11 6 10 12 12 12 12 2 12 2 12 10 7 5 12 12 12 3 12
6 3 12 12 9 12 8 12 12 12 10 7 4 5 5 12 5 12 11 12 12 0 8 12 6 6 12 8 1 3 12 12 12 9 0 12 12 6 12
12 1 12 11 12 7 12 12 12 2 12 12 0 12 5 3 5 5 12 12 1 12 1 12 7 10 12 12 12 12 4 10 12 12 12 6 12 12
2 5 7 7 1 6 12 1 12 12 12 12 4 12 9 12 12 11 6 7 3 5 8 6 12 11 12 5 1 5 8 12 7 12 7 12 12
12 12 7 12 12 9 5 3 12 12 10 12 12 8 5 12 10 12 12 12 0 2 4 11 12 3 12 12 2 1 12 12 12 12 6 12
12 9 0 11 12 3 7 12 3 12 12 12 12 12 3 12 12 12 1 7 1 3 12 12 12 7 4 12 12 12 4 1 0 12 12
12 12 12 4 6 1 12 12 12 12 12 6 12 12 12 10 12 6 0 12 12 1 12 10 4 5 8 12 12 10 12 8 11 12
12 12 12 11 12 12 12 12 0 8 9 12 5 12 12 12 12 12 12 6 12 4 0 0 0 12 7 12 12 12 12 12 12
12 8 0 6 12 11 12 12 12 2 12 8 12 5 12 3 12 9 12 8 12 12 12 4 8 12 12 10 11 12 12 12
12 12 8 11 0 12 12 1 12 12 7 12 1 11 12 6 12 12 1 12 12 9 9 12 2 12 12 12 4 12 12
12 12 12 0 12 4 12 12 10 12 2 12 11 12 12 3 12 12 12 11 5 12 12 3 12 12 5 9 12 12
7 12 12 12 4 11 7 7 6 12 12 12 12 12 12 5 1 3 12 10 12 7 12 1 12 2 12 12 12
11 12 0 12 12 3 11 8 6 4 4 12 12 12 7 12 12 12 12 12 12 12 3 12 12 3 6 12
3 12 12 12 12 12 12 12 9 5 12 3 12 12 3 9 12 12 12 12 12 0 12 12 12 1 12
12 9 3 4 8 10 12 12 12 2 12 12 12 12 12 12 12 12 12 3 12 11 12 12 10 12
12 12 12 12 8 7 12 12 4 7 12 1 12 11 9 12 2 12 3 9 12 12 6 12 12
7 12 12 6 12 12 12 12 12 12 2 5 12 12 12 12 12 12 12 8 12 9 3 12
12 10 11 5 12 12 12 0 12 12 12 12 12 2 12 12 12 12 12 7 12 12 12
12 12 11 12 12 7 4 12 4 1 12 12 1 12 12 2 12 10 12 12 12 12
0 12 12 8 12 12 12 9 12 1 12 12 6 12 12 9 12 12 4 6 12
12 8 12 12 12 12 12 9 12 12 12 3 9 12 7 1 12 12 12 12
1 11 0 4 3 2 12 9 12 12 12 12 12 12 12 12 12 12 12
12 12 12 12 12 2 12 12 12 12 12 12 12 12 12 11 12 12
5 12 12 12 3 12 12 12 4 12 4 12 12 12 10 12 12
9 12 12 1 12 12 12 4 12 12 12 2 4 12 12 12
12 2 12 12 12 12 12 12 12 12 9 7 9 10 12
12 12 12 12 12 12 12 11 10 4 7 12 12 12
2 0 6 12 10 12 12 12 2 10 12 2 12
7 6 12 9 1 12 12 12 12 2 4 12
0 7 12 12 12 10 5 8 12 12 12
12 12 3 12 12 12 12 4 12 12
12 12 8 12 12 12 12 12 12
12 12 12 12 7 11 12 12
12 12 12 12 12 8 12
8 12 12 12 0 12
12 6 12 2 12
12 12 12 12
12 12 12
12 12
12
