40 40
22 28 37 21 14 6 38 24 28 40 18 19 26 33 9 40 23 18 11 24 40 23 38 10 14 36 26 5 18 13 33 40 34 27 14 8 29 29 12 40
29 40 21 39 21 17 12 29 14 33 1 7 40 30 40 23 33 39 12 2 37 3 24 19 20 22 34 34 40 6 18 24 19 39 27 1 32 38 40
32 9 24 1 24 40 5 38 40 15 7 40 32 3 40 33 37 18 10 0 26 37 40 35 0 40 40 19 24 11 29 17 39 11 6 28 27 40
13 21 19 9 4 38 40 19 14 40 16 4 10 21 20 35 36 36 40 31 10 5 11 13 3 23 13 8 30 31 24 40 29 3 31 22 40
24 40 22 36 40 19 11 4 10 13 11 32 40 12 31 10 31 38 30 19 40 4 19 17 12 0 31 36 38 40 3 15 39 26 6 40
40 26 33 32 40 38 8 5 11 38 8 5 24 36 40 2 32 22 3 12 40 27 25 38 27 27 1 19 22 21 14 24 40 40 40
40 29 16 12 17 0 38 40 10 30 22 40 14 39 30 2 9 1 6 3 40 40 40 13 6 25 5 1 16 29 9 28 39 40
2 16 0 19 40 6 40 4 18 10 37 36 3 34 19 13 17 22 13 28 40 11 13 38 40 24 28 24 4 2 3 30 40
18 0 9 16 32 19 26 23 7 17 21 17 40 31 12 34 40 29 5 21 9 28 18 20 2 5 9 9 20 28 15 40
33 24 38 25 27 9 39 15 13 1 37 25 23 38 12 13 39 21 9 21 17 29 18 40 4 32 21 40 20 28 40
23 9 14 10 38 26 31 29 24 40 40 0 26 40 11 5 25 18 12 31 12 25 9 3 40 24 4 40 24 40
25 38 37 0 30 2 27 27 31 29 35 5 14 29 40 6 35 40 18 37 9 40 17 35 20 31 33 15 40
36 25 30 40 19 3 8 2 3 19 5 31 31 40 40 11 35 11 19 40 40 34 40 9 40 12 3 40
40 40 28 23 40 33 15 40 20 0 17 16 40 28 40 31 11 39 38 31 4 7 12 34 32 40 40
37 40 40 27 40 24 27 0 4 11 21 9 9 19 40 3 40 10 34 15 40 40 12 8 13 40
1 33 37 35 37 5 34 4 3 13 13 22 33 26 32 5 40 15 15 39 40 24 6 40 40
40 33 35 40 16 7 29 7 28 8 27 40 13 34 21 40 34 8 21 32 40 32 40 40
21 40 3 40 40 31 34 40 0 1 12 16 40 38 40 40 36 38 29 40 40 40 40
31 11 40 40 26 28 11 10 18 11 30 4 18 9 4 12 15 25 20 39 40 40
35 29 17 9 17 38 21 40 31 21 6 40 6 4 21 34 40 32 40 31 40
40 40 38 27 18 40 40 40 40 21 1 30 2 40 40 28 28 40 12 40
40 27 40 16 35 16 29 40 1 40 3 2 0 10 40 40 13 40 40
40 6 40 29 13 17 10 25 37 40 40 39 22 40 14 27 5 40
26 27 3 40 30 12 35 36 30 25 25 40 39 32 35 40 40
24 40 40 7 40 15 19 30 40 40 0 39 40 8 33 40
40 29 40 31 40 27 16 39 39 22 17 22 40 8 40
40 32 40 8 40 29 40 40 12 40 0 22 20 40
1 25 21 40 30 40 18 8 40 31 35 0 40
40 15 30 39 14 34 40 40 24 38 9 40
30 22 8 25 40 40 17 39 37 40 40
39 4 40 5 40 8 40 1 11 40
9 19 40 25 40 29 40 35 40
3 35 31 40 2 40 15 40
27 16 30 15 2 4 40
14 40 40 15 27 40
40 30 23 40 40
16 40 40 40
4 10 40
25 40
40
