40 40
29 37 14 36 40 36 13 31 20 12 40 4 0 7 40 30 40 25 7 0 39 38 11 40 12 12 14 30 26 33 35 40 17 10 39 40 19 29 31 40
4 40 40 40 19 24 22 8 30 40 40 21 13 11 40 35 39 39 26 32 30 8 39 4 40 40 27 33 17 10 10 38 35 40 36 10 40 29 40
33 14 16 21 22 32 39 40 40 7 38 40 40 7 26 15 14 36 40 7 35 8 21 36 3 16 19 23 40 40 21 40 10 20 40 40 40 40
37 4 2 40 26 7 40 40 38 11 40 18 40 18 24 13 39 12 21 40 3 27 34 35 40 36 7 3 27 18 27 40 25 36 33 40 40
39 5 34 25 36 40 19 14 35 40 7 5 40 13 10 29 40 40 40 40 23 18 12 8 4 5 38 5 40 32 18 25 1 32 40 40
34 10 40 33 16 37 20 23 34 40 28 13 5 40 40 17 35 30 16 2 7 2 4 18 21 34 35 12 21 26 7 1 3 18 40
25 27 11 34 40 1 18 5 32 19 37 40 6 24 4 40 11 22 31 40 40 31 11 34 21 34 31 21 40 22 36 31 40 40
40 22 30 39 7 30 18 9 29 8 40 16 23 40 15 21 40 17 8 30 20 13 24 10 20 26 28 8 19 40 13 37 40
3 17 16 31 8 9 33 0 32 32 7 18 35 25 40 8 7 33 7 15 21 37 27 40 38 28 40 36 22 40 40 40
21 16 10 35 4 33 1 40 29 16 6 7 6 31 21 14 8 1 6 38 37 31 17 14 27 18 8 31 27 31 40
3 33 35 29 32 34 16 15 34 19 26 8 6 39 18 19 40 10 40 15 21 40 19 12 15 40 28 33 34 40
31 40 12 35 14 22 34 17 13 24 0 24 13 40 9 26 14 21 13 17 7 40 18 25 16 15 40 16 40
27 27 40 12 32 30 26 37 9 40 23 40 13 26 40 13 20 15 40 21 40 20 25 4 10 14 33 40
0 40 24 23 12 32 38 33 14 40 40 40 0 4 11 31 2 40 35 9 28 17 40 1 39 13 40
9 11 10 29 3 3 40 21 40 8 4 7 35 9 9 37 3 8 16 40 17 11 8 40 1 40
0 3 23 23 36 35 4 40 40 12 11 2 25 10 40 40 26 9 5 20 24 10 23 31 40
40 13 17 17 40 6 30 37 40 1 21 15 31 40 40 40 23 40 34 9 13 16 24 40
24 27 33 40 17 20 20 20 7 2 26 1 29 8 40 15 19 39 2 2 40 34 40
1 32 40 40 30 40 0 10 20 0 1 40 32 10 10 14 40 32 35 40 34 40
40 30 40 19 38 1 4 12 11 25 40 25 25 20 9 40 18 27 4 22 40
19 11 18 17 26 12 40 36 33 6 21 8 2 0 33 33 22 18 24 40
40 25 40 40 12 16 9 10 6 8 25 27 32 28 11 2 40 14 40
12 34 8 19 20 26 30 36 40 40 10 40 10 40 38 10 21 40
15 25 9 40 33 7 34 26 28 39 8 26 12 28 3 40 40
15 0 39 7 25 4 15 40 14 18 0 40 32 1 33 40
11 4 8 40 3 13 40 11 10 19 38 10 20 9 40
37 6 16 25 32 4 1 2 19 1 40 17 40 40
40 14 19 11 36 25 7 25 8 40 32 6 40
10 23 31 40 35 16 18 40 0 6 40 40
2 0 22 8 38 14 40 29 40 5 40
40 23 4 17 40 33 40 0 40 40
40 40 32 20 5 30 40 16 40
39 40 40 17 38 8 16 40
40 40 40 40 30 40 40
16 12 20 40 26 40
40 18 28 40 40
40 40 12 40
16 4 40
40 40
40
