40 40
40 28 35 23 30 28 30 0 16 9 13 10 8 7 40 15 27 29 38 40 20 40 34 17 19 20 19 15 3 2 34 14 35 40 1 2 0 21 19 40
24 28 0 40 30 13 37 36 2 26 4 29 10 40 40 33 11 20 8 40 37 33 12 37 29 3 1 39 18 40 30 38 16 30 24 39 35 1 40
27 30 4 2 34 9 8 40 20 16 30 9 15 18 30 40 34 40 6 40 40 35 39 35 32 26 22 7 28 32 40 5 9 33 30 19 25 40
0 40 15 1 40 40 29 40 16 7 0 40 1 6 23 19 40 23 27 6 35 28 20 24 20 27 18 3 37 16 15 20 6 18 25 5 40
40 14 33 34 17 26 40 37 28 25 3 4 21 23 27 12 34 7 37 36 24 16 28 24 22 1 9 17 10 3 25 40 31 26 10 40
24 40 19 4 20 4 7 28 24 28 24 35 29 35 40 12 8 40 31 38 14 19 16 9 11 2 35 33 38 14 19 32 34 14 40
10 16 31 30 40 40 8 20 16 31 26 31 17 37 2 24 33 21 1 1 40 11 4 28 2 6 34 34 0 20 26 40 3 40
23 35 33 12 39 38 15 40 19 17 21 4 18 21 25 19 14 22 33 20 36 21 40 26 40 7 31 40 10 36 2 14 40
35 18 24 40 1 33 22 0 40 2 2 40 26 26 34 22 40 19 5 22 40 17 21 27 26 27 38 7 3 24 17 40
12 17 25 19 12 40 18 33 26 1 31 15 28 40 25 34 38 10 28 24 37 15 40 39 13 2 2 29 17 13 40
3 1 21 10 26 3 32 33 23 28 4 26 16 36 27 13 20 40 28 40 25 5 30 36 13 16 1 16 4 40
2 24 40 19 33 34 11 40 30 29 40 27 34 33 26 40 21 32 24 4 11 7 14 33 13 18 21 15 40
9 38 40 11 38 24 0 38 40 14 9 39 9 38 5 16 40 0 29 28 12 33 35 8 32 18 7 40
39 33 2 7 14 35 25 6 40 3 23 35 40 21 8 13 8 33 40 36 1 0 4 22 34 36 40
23 17 14 27 28 1 34 40 12 38 11 18 13 40 14 16 7 8 40 18 17 36 29 4 7 40
30 8 16 9 7 13 3 38 27 3 38 17 40 22 18 22 39 16 34 28 14 23 19 12 40
35 37 40 40 21 36 9 5 2 25 40 40 0 25 30 10 14 7 20 26 3 22 1 40
29 4 34 33 36 40 6 7 7 30 20 22 40 40 13 40 18 40 40 17 40 40 40
3 17 39 40 40 19 34 40 40 33 38 40 40 40 40 7 40 31 0 23 11 40
17 23 4 24 18 6 40 25 40 22 40 40 18 18 40 40 16 3 35 40 40
40 31 40 40 40 40 1 40 25 19 23 14 40 13 5 40 13 40 37 40
13 22 40 0 14 40 37 18 37 37 40 15 6 39 40 40 40 40 40
40 23 40 2 15 40 39 11 32 15 40 40 40 18 40 30 40 40
40 19 1 40 10 38 36 9 30 37 40 40 40 40 31 15 40
2 40 7 31 31 40 37 4 26 15 6 40 16 40 18 40
4 40 17 31 33 40 40 33 15 40 2 40 40 40 40
39 10 21 5 40 10 6 40 32 40 14 37 40 40
10 24 40 35 40 40 40 40 26 19 40 22 40
40 4 0 38 40 8 26 9 29 34 25 40
40 40 40 23 28 40 20 40 30 40 40
40 12 40 11 40 3 22 40 15 40
40 40 8 3 40 40 24 16 40
40 30 40 21 36 9 40 40
4 40 40 18 35 24 40
36 18 24 40 37 40
3 21 6 24 40
17 37 7 40
1 24 40
40 40
40
