40 40
24 26 9 22 40 37 27 14 5 12 11 19 40 38 9 2 17 36 22 40 9 29 23 39 8 27 4 12 21 37 40 40 31 12 23 39 31 40 10 40
3 13 28 39 16 40 40 2 30 34 39 22 27 40 8 33 25 40 19 19 38 21 10 29 40 40 10 13 20 5 8 1 29 2 28 32 29 6 40
15 2 1 21 27 15 35 40 3 40 31 14 7 22 40 40 2 11 19 29 38 24 14 29 2 13 4 28 7 40 33 22 5 36 39 18 4 40
9 30 17 18 26 2 29 26 28 8 5 11 1 39 38 25 40 24 9 40 27 23 5 3 27 9 19 39 27 26 21 40 37 17 12 40 40
1 40 0 7 32 12 5 16 8 18 19 13 40 22 17 24 4 40 40 12 1 33 30 29 2 8 28 40 39 14 40 22 29 31 38 40
40 39 8 13 33 5 28 33 12 0 19 40 28 18 20 29 17 32 25 40 40 6 40 33 10 8 21 40 40 32 18 31 23 40 40
19 16 15 4 1 27 40 40 40 29 6 6 3 16 32 40 40 22 11 40 40 22 4 40 29 40 6 6 8 21 9 8 40 40
31 19 19 40 31 3 33 3 28 40 40 40 33 22 1 40 31 4 40 5 40 7 36 22 32 40 19 13 16 3 35 1 40
40 14 40 40 8 16 18 40 27 40 37 31 38 26 24 34 11 36 2 24 9 28 40 2 40 21 14 40 14 17 38 40
9 40 28 2 19 5 27 2 32 0 23 23 17 3 40 35 34 17 2 35 27 40 5 19 15 12 9 10 13 27 40
21 34 13 0 26 29 25 9 40 40 2 2 28 40 13 40 29 33 0 8 36 40 11 7 13 8 7 4 6 40
25 22 1 26 5 40 16 40 29 7 8 29 10 40 37 18 1 1 32 19 39 36 17 0 35 40 3 21 40
40 10 28 40 9 14 1 9 26 31 15 40 33 13 40 20 37 35 2 19 29 40 34 39 32 40 40 40
5 30 27 36 13 30 40 4 36 17 8 31 35 15 4 16 14 39 30 39 37 14 22 6 19 25 40
40 3 16 32 19 4 28 13 40 19 32 27 1 5 25 25 39 17 14 16 14 40 35 10 6 40
8 40 8 28 0 7 27 22 4 15 0 39 20 19 40 40 17 3 22 32 8 11 18 11 40
34 9 34 9 12 40 40 36 40 25 14 39 5 20 19 35 40 14 6 18 9 22 24 40
1 35 2 3 10 3 22 20 7 23 30 19 21 1 17 37 14 15 3 22 28 8 40
35 38 9 1 19 23 4 5 3 38 6 15 23 40 36 14 14 40 25 20 40 40
27 26 16 19 20 35 39 27 7 40 40 25 13 39 40 22 40 16 24 14 40
40 36 10 3 32 37 40 17 36 3 7 40 28 36 36 21 40 18 38 40
32 0 27 15 36 40 20 31 19 16 15 25 40 16 36 38 23 7 40
40 23 40 38 40 40 31 40 36 25 17 40 40 40 20 40 40 40
40 39 38 35 40 40 3 15 36 40 35 39 21 40 6 12 40
25 40 40 40 40 9 40 0 40 14 40 35 18 26 40 40
1 16 10 23 40 36 40 20 40 40 40 40 27 40 40
35 13 4 27 4 27 38 40 16 6 6 9 29 40
25 12 2 40 19 40 19 40 40 33 25 32 40
4 26 5 40 40 4 12 1 25 29 5 40
24 0 40 9 25 7 3 31 40 31 40
28 6 40 35 40 16 40 18 40 40
19 40 40 40 20 18 40 40 40
37 17 27 25 9 27 33 40
40 19 40 17 21 40 40
23 15 40 39 40 40
40 40 19 38 40
40 40 40 40
8 40 40
11 40
40
