40 40
25 20 27 10 27 21 8 24 8 33 31 3 34 17 35 1 38 19 2 22 14 38 9 26 6 7 9 2 4 24 34 29 36 31 0 17 27 31 38 40
25 33 8 11 30 5 35 5 10 17 0 12 34 4 39 29 20 20 22 7 4 28 26 32 8 29 31 0 4 27 18 33 36 31 13 29 4 35 40
24 19 9 27 38 14 13 24 17 3 17 12 20 15 28 10 34 6 2 26 20 11 17 20 37 3 3 25 39 14 39 7 5 18 30 29 5 40
1 39 29 38 24 18 19 7 13 18 40 21 25 30 27 1 8 26 0 14 39 31 23 13 19 38 18 5 39 34 2 24 21 12 17 26 40
7 5 28 17 30 40 8 35 33 38 17 7 40 16 23 1 33 40 17 18 33 27 25 5 9 38 36 13 18 25 4 4 8 31 0 40
15 8 38 15 12 7 34 36 0 39 33 4 40 12 39 24 8 36 40 7 26 1 37 21 6 27 29 35 10 26 9 6 4 11 40
1 38 40 31 21 34 33 20 5 28 19 31 14 10 38 19 24 12 14 24 23 1 19 14 11 30 7 38 40 39 13 5 24 40
38 25 20 1 11 23 38 14 30 12 37 32 26 27 14 27 22 15 15 0 9 34 12 12 29 13 23 2 22 19 5 23 40
25 35 29 21 4 33 30 33 3 29 39 20 18 26 20 14 13 15 7 8 39 16 11 29 4 11 31 27 14 25 34 40
16 6 0 30 23 20 14 35 24 13 24 25 29 38 1 10 29 22 7 1 15 40 31 9 35 33 17 30 9 18 40
2 6 31 34 29 25 8 7 19 36 23 23 20 12 33 2 21 38 35 18 19 13 2 24 40 1 21 23 13 40
31 26 20 5 35 24 26 7 22 11 8 18 31 37 24 3 27 30 22 32 24 16 0 5 4 35 28 38 40
39 28 39 9 34 21 13 19 0 33 33 0 40 11 17 21 23 22 18 10 15 29 4 1 31 10 18 40
14 34 25 19 9 0 12 17 25 37 34 8 37 28 10 25 35 0 36 35 40 36 2 26 20 33 40
10 6 1 31 8 8 28 21 12 9 14 40 36 36 24 2 32 6 11 10 27 33 31 7 33 40
1 16 22 23 36 25 22 12 15 33 39 6 11 2 20 19 25 40 13 37 38 36 24 10 40
3 3 37 30 20 39 31 29 24 36 10 15 19 0 23 13 38 17 26 11 21 0 14 40
2 4 37 36 33 15 10 29 15 16 33 39 24 6 31 12 25 9 38 2 8 22 40
40 11 20 7 27 28 38 15 38 3 10 24 34 25 11 38 6 4 19 21 14 40
4 7 30 38 17 25 7 4 29 8 3 38 18 37 28 34 36 18 6 38 40
10 6 3 40 36 34 20 30 24 28 7 27 38 39 40 6 25 15 25 40
15 12 28 29 30 30 29 19 36 29 16 21 16 0 24 4 0 21 40
27 3 30 40 40 40 40 40 40 35 40 40 40 40 40 40 40 40
4 25 40 40 40 40 40 40 40 40 40 40 40 40 40 40 40
40 40 40 40 40 40 40 40 40 40 40 40 40 40 40 40
40 40 40 40 40 40 40 40 40 40 40 40 40 40 40
40 40 40 40 3 40 40 40 40 40 40 40 40 40
40 40 40 40 40 40 40 40 40 40 40 40 40
40 40 40 40 24 40 40 40 40 40 40 40
40 40 36 40 40 40 40 40 40 40 40
40 40 40 40 40 40 40 40 40 40
40 40 40 19 40 40 40 40 40
40 40 40 40 40 40 40 40
40 40 40 40 40 40 40
23 40 40 40 40 40
40 40 40 40 40
40 40 40 40
40 40 40
40 40
40
