50 62
52 62 44 62 62 62 62 62 62 62 48 62 2 51 62 19 62 62 62 62 31 62 62 62 62 62 62 62 62 62 62 62 62 62 16 62 62 62 57 4 62 62 62 62 62 62 62 62 62 62
62 2 1 62 62 62 13 62 62 25 62 26 62 52 62 62 62 59 62 46 62 62 62 62 62 62 62 62 62 3 62 62 62 62 62 62 62 62 11 62 35 62 62 62 62 43 62 25 62
47 28 53 62 9 62 62 62 62 62 62 62 62 62 62 62 62 62 62 62 34 62 62 62 62 62 62 62 25 62 62 62 39 62 62 62 62 62 32 20 30 62 62 1 21 30 43 62
62 19 45 58 62 62 62 62 25 62 62 62 62 62 62 62 62 52 62 62 62 62 62 62 62 62 32 33 10 42 62 61 62 62 62 62 3 62 19 62 62 62 62 62 62 54 62
62 62 51 62 62 62 62 62 62 62 9 43 62 62 62 62 32 62 62 18 62 62 14 62 62 62 8 13 62 13 62 62 34 62 33 62 62 36 43 62 31 62 37 62 62 62
62 62 1 62 62 62 62 62 62 62 62 62 62 62 62 62 62 62 43 62 62 62 62 59 62 62 62 3 62 62 62 62 62 62 62 16 62 62 25 62 62 62 62 62 62
27 62 62 62 62 62 44 62 62 62 62 62 62 62 62 62 62 62 62 8 62 62 62 62 62 60 62 62 62 62 12 62 62 62 62 26 62 62 62 44 62 39 62 62
62 62 21 62 62 62 43 62 62 38 55 46 62 62 62 54 52 62 50 62 62 62 62 27 1 62 62 62 62 62 62 62 62 62 1 62 62 62 62 62 62 62 62
62 62 62 62 15 62 62 62 54 62 62 62 62 62 62 62 62 62 62 62 3 62 62 26 61 62 62 62 62 62 13 43 62 62 62 62 62 62 62 62 62 62
62 20 20 62 13 62 62 59 28 62 62 62 62 10 62 62 62 62 62 62 62 62 62 62 62 62 62 62 62 62 62 18 62 62 62 39 62 35 62 40 62
62 39 62 62 43 62 62 62 47 62 62 62 62 62 62 62 35 62 62 62 62 62 62 62 62 62 62 62 62 62 62 62 33 62 29 62 62 62 62 62
62 62 62 62 6 62 62 62 62 62 54 62 62 62 3 62 62 36 62 62 62 49 62 62 62 0 62 37 62 22 62 62 62 62 62 62 62 11 62
62 62 38 24 62 62 62 28 62 62 62 62 62 62 62 62 25 62 62 62 41 62 62 62 62 62 62 62 62 62 8 62 62 62 8 62 62 62
62 62 62 62 62 62 62 62 62 62 62 62 24 43 62 62 62 62 8 62 62 49 62 62 62 62 62 54 62 53 62 62 62 62 62 62 62
62 62 62 62 62 62 12 62 40 62 62 62 62 34 62 62 62 59 57 62 62 62 62 62 62 62 62 62 62 62 42 62 30 62 62 62
62 6 62 62 62 62 62 62 62 62 62 62 62 62 62 4 62 11 62 30 62 62 62 46 62 62 62 62 62 62 62 62 27 62 62
62 62 62 62 10 62 62 62 62 51 62 62 62 62 62 62 62 62 62 62 62 62 62 62 39 54 62 62 62 62 62 62 62 62
62 62 62 62 62 62 62 62 62 62 62 62 62 26 62 62 8 62 62 18 62 62 62 62 62 47 62 62 62 21 47 28 62
62 62 62 62 62 13 62 62 62 62 62 62 62 62 40 62 62 62 62 62 19 62 62 62 62 62 62 62 54 62 62 62
62 62 62 62 62 54 62 62 62 62 62 0 62 62 62 62 62 62 62 62 62 31 62 62 62 24 62 62 32 56 62
40 62 11 62 62 62 62 62 37 57 62 62 62 62 57 62 62 62 62 62 62 62 62 62 62 62 62 62 62 62
62 62 62 62 39 62 62 62 41 62 62 62 62 40 62 21 62 62 62 62 26 33 2 62 62 62 62 62 62
62 62 62 59 62 62 62 62 62 62 62 62 62 62 39 62 1 62 62 62 41 62 62 62 62 62 62 62
33 62 62 62 62 62 62 62 62 53 62 62 37 62 62 62 62 62 62 62 62 62 57 62 62 37 62
62 62 62 62 62 62 62 5 62 62 62 62 62 35 62 62 62 62 62 62 62 62 55 62 62 62
62 62 62 62 49 14 62 62 62 3 62 62 29 62 62 62 62 62 62 62 62 62 62 62 62
62 62 62 62 62 62 7 62 62 62 62 62 62 62 62 62 62 45 62 62 62 62 62 62
1 62 62 62 62 62 62 62 62 22 62 62 62 62 62 62 62 43 62 62 1 18 62
62 62 62 28 62 62 62 62 62 13 62 62 62 22 36 62 62 62 62 62 62 62
62 62 62 62 62 62 62 62 62 62 62 62 62 62 59 9 36 51 62 62 62
62 62 62 62 62 62 62 62 62 21 19 62 62 62 62 62 20 62 62 62
62 62 54 62 55 62 21 62 62 62 62 62 62 62 62 4 19 31 62
62 62 62 62 62 62 62 62 28 62 16 62 62 62 62 55 62 62
62 62 62 62 62 62 62 62 62 62 62 20 0 62 62 62 62
62 62 41 62 62 62 62 6 62 62 62 62 62 42 62 62
62 62 62 62 52 62 62 20 62 62 62 62 62 62 62
62 45 62 62 62 62 62 62 62 62 62 62 5 62
62 62 62 62 62 19 62 62 62 60 50 62 62
62 62 62 62 62 6 6 62 62 62 62 62
62 62 62 62 62 62 62 62 62 3 62
62 62 62 62 50 62 62 62 62 62
29 62 62 62 62 62 15 62 62
62 62 62 62 62 59 62 62
1 62 1 62 62 62 62
62 62 62 62 62 62
62 62 62 62 62
62 62 62 62
62 62 62
62 62
62
