50 62
12 59 15 8 62 22 62 49 60 36 34 49 62 18 62 12 22 62 62 62 50 62 28 62 28 58 32 32 30 22 62 50 57 62 60 62 15 62 62 2 43 22 62 10 47 62 62 23 19 62
62 9 61 62 13 53 1 30 8 62 7 18 14 21 22 17 3 33 38 62 54 15 62 62 29 0 62 20 62 7 62 62 1 42 6 14 0 26 34 1 12 62 50 32 54 45 62 39 62
62 9 46 62 62 54 62 62 9 48 62 6 62 13 49 3 28 35 60 54 62 62 4 52 62 21 17 62 12 2 44 62 12 62 56 2 4 20 52 62 62 42 62 5 62 24 11 62
13 62 62 62 52 17 30 3 33 62 52 62 47 44 28 26 61 62 4 34 46 42 62 21 47 62 62 43 6 28 7 19 28 54 59 62 13 12 53 62 16 44 21 55 62 62 62
36 45 2 42 45 17 62 36 62 8 62 38 4 43 62 35 21 62 51 62 62 62 62 62 11 62 41 62 0 57 0 25 15 62 55 11 46 62 20 55 62 32 36 40 62 62
62 46 62 33 22 0 49 29 62 19 62 5 49 62 62 3 21 6 32 8 40 62 62 62 4 62 39 62 62 62 62 15 62 26 62 62 27 62 28 62 52 62 62 10 62
39 62 40 1 62 36 41 62 2 62 59 10 56 62 41 12 62 18 62 23 8 62 18 12 41 62 48 0 62 51 24 46 62 0 52 62 62 61 50 62 19 55 62 62
42 62 62 62 62 62 62 62 62 62 62 62 62 48 62 62 62 62 62 62 62 62 62 62 62 62 62 62 0 62 62 62 62 62 62 62 62 62 62 62 62 62 62
62 62 62 62 62 62 62 62 62 62 62 62 62 62 62 62 62 62 62 62 62 62 62 62 62 62 62 62 62 62 62 62 62 62 62 62 62 62 62 62 18 62
62 62 62 62 62 62 62 62 62 62 62 38 62 62 62 62 62 62 62 62 62 62 62 62 62 62 62 62 62 62 62 29 62 62 62 62 62 62 62 62 62
62 62 62 62 62 62 62 62 62 62 62 62 62 62 62 62 62 62 62 62 48 62 33 62 62 62 62 62 62 62 62 62 62 62 62 62 62 62 62 62
62 62 62 62 62 62 62 62 62 62 62 41 62 62 62 62 62 62 62 62 62 62 62 62 62 62 62 62 62 62 62 62 62 62 62 62 62 62 62
62 62 62 62 62 62 62 62 62 62 62 62 62 62 62 62 62 62 39 62 62 62 62 62 37 62 62 62 62 62 62 62 62 62 62 62 62 62
62 62 62 62 62 62 62 62 62 62 62 62 62 62 62 62 62 62 62 62 16 62 62 62 62 62 62 62 62 62 62 62 62 62 62 62 62
62 62 62 62 62 62 62 62 62 62 62 62 62 62 62 62 62 62 62 62 62 62 62 62 62 62 62 62 62 62 62 15 23 62 62 62
62 62 62 62 62 62 38 62 62 62 62 62 62 62 62 62 62 62 62 62 62 62 62 62 62 62 62 62 62 62 62 62 62 62 62
62 62 62 62 35 62 62 62 62 62 62 31 62 62 62 62 62 62 62 62 62 62 62 62 62 62 62 62 62 62 62 62 62 62
62 62 62 62 62 62 62 62 62 62 62 62 62 62 62 10 62 62 62 62 62 62 62 62 62 62 62 62 62 62 62 62 62
62 62 62 62 62 62 62 62 62 62 62 62 62 62 62 62 62 62 62 62 62 62 62 62 62 62 62 62 62 62 62 62
62 62 62 62 62 62 62 62 62 62 38 62 62 62 62 62 62 62 62 62 62 62 62 62 15 62 62 62 62 62 62
62 62 62 62 62 62 62 62 62 62 62 62 58 62 62 62 62 62 62 62 62 62 62 62 62 62 62 62 62 62
62 62 62 62 62 62 62 62 62 62 62 62 62 62 62 62 62 62 62 62 62 62 62 62 62 62 62 62 62
62 62 62 62 62 62 62 62 62 62 62 62 62 62 62 62 62 62 62 62 11 62 62 62 62 20 62 62
62 62 62 62 62 62 62 62 62 62 62 62 62 62 62 62 62 62 62 62 62 4 62 62 62 62 62
62 62 62 62 62 62 62 62 62 62 62 62 62 62 62 62 62 62 62 62 62 62 62 62 62 62
62 62 62 62 62 62 62 62 62 62 62 62 62 62 50 62 62 62 17 62 62 62 62 62 62
62 62 62 62 62 62 62 62 62 62 62 62 62 62 62 62 62 62 62 42 62 62 62 62
62 62 62 62 62 62 62 62 62 62 62 62 62 62 62 62 62 62 62 62 62 62 62
62 62 62 62 62 62 62 62 62 62 62 62 62 62 62 62 62 62 62 46 62 62
62 62 62 62 62 62 62 62 62 62 62 62 62 62 62 62 62 62 62 62 62
62 62 62 62 62 62 62 62 62 62 62 15 62 62 62 62 62 62 62 62
62 62 62 62 62 62 62 62 62 62 62 62 62 62 62 62 62 62 62
9 62 62 62 62 62 62 62 62 62 62 62 14 62 62 62 62 62
62 62 62 62 62 62 62 62 62 62 62 62 62 62 62 62 62
62 62 62 62 62 43 62 62 62 62 62 62 62 62 62 62
62 62 62 62 62 62 62 62 62 62 62 62 62 62 62
62 62 62 62 62 62 62 62 51 62 62 62 62 62
62 62 62 62 62 62 62 62 62 62 62 62 62
62 62 41 62 62 62 62 62 62 62 62 62
62 62 62 62 62 62 62 62 62 62 62
62 62 62 62 62 62 62 62 62 62
62 62 62 62 62 62 62 62 62
62 62 62 62 62 62 62 62
62 62 62 62 62 62 62
62 62 62 62 62 62
62 62 62 62 62
62 62 62 62
62 62 62
62 62
62
