20 20
8 16 14 10 10 17 20 20 16 3 12 20 20 12 11 4 20 20 10 20
20 20 2 20 11 20 13 20 20 3 2 20 20 20 10 12 3 6 20
15 20 5 19 20 20 20 20 20 0 20 20 2 20 4 20 1 20
10 20 8 13 8 7 13 16 20 20 7 2 4 19 4 15 20
20 20 11 12 20 20 20 20 20 20 11 20 13 0 9 20
11 10 20 11 20 2 20 20 8 6 8 20 20 20 20
11 9 19 15 0 6 20 20 20 20 8 6 14 20
20 20 3 12 11 16 20 20 20 20 19 20 20
20 0 9 20 10 11 17 20 6 20 18 20
18 20 12 9 20 20 10 16 19 16 20
20 20 20 20 20 20 19 20 2 20
20 20 20 20 20 20 18 20 20
20 20 20 20 20 17 0 20
20 20 20 20 20 20 20
8 20 5 5 20 20
13 18 9 20 20
3 20 20 20
20 20 20
20 20
20
