20 20
1 8 13 19 13 20 16 13 12 12 7 16 4 12 2 9 18 9 2 20
20 11 20 15 20 1 1 18 20 12 1 2 15 1 10 19 8 1 20
17 20 20 20 6 0 1 1 15 0 20 11 17 7 20 17 8 20
10 2 12 1 20 20 9 17 8 12 3 12 2 20 10 7 20
18 1 20 14 10 18 3 13 3 20 2 13 0 15 8 20
0 13 18 16 8 10 8 12 5 20 19 10 12 19 20
2 3 15 2 19 20 4 20 20 20 20 20 20 20
20 20 20 20 20 6 20 20 20 20 20 20 20
20 20 20 20 20 20 20 20 20 20 20 20
20 20 20 20 20 18 20 20 20 20 20
20 20 20 20 20 20 20 20 20 20
20 20 20 20 20 20 20 20 20
20 20 20 20 20 20 20 20
20 20 20 20 1 20 20
20 20 20 20 20 20
4 6 20 20 20
20 20 20 20
20 20 20
20 20
20
