20 20
20 4 19 2 11 13 20 6 14 0 3 6 20 7 5 20 20 20 15 20
8 4 20 9 20 20 20 20 6 10 20 20 17 20 7 18 20 3 20
6 20 20 20 20 8 16 18 20 3 3 15 20 5 20 19 16 20
20 19 20 17 0 20 8 20 20 13 13 20 12 20 11 20 20
10 20 20 20 20 20 20 9 20 16 20 20 0 20 20 20
0 20 20 20 1 11 20 4 20 18 2 7 20 20 20
20 12 20 20 20 20 5 20 0 20 2 9 2 20
20 20 20 7 20 18 20 17 14 20 0 20 20
17 9 19 20 20 9 20 20 3 7 20 20
20 20 20 16 3 7 20 20 20 12 20
19 20 4 12 4 20 20 20 20 20
20 1 20 20 11 20 18 20 20
9 20 20 13 7 7 7 20
20 14 16 6 20 9 20
20 19 20 20 17 20
20 17 20 20 20
8 20 4 20
0 20 20
0 20
20
