20 20
14 20 9 13 12 17 0 20 20 15 6 4 20 20 3 18 13 20 5 20
16 20 3 20 7 20 14 3 0 20 7 20 19 20 20 20 9 5 20
12 20 5 14 20 5 5 20 20 20 10 1 20 20 20 20 3 20
13 20 10 20 9 11 20 9 20 19 17 20 20 12 2 20 20
20 20 5 20 4 0 14 20 20 3 20 20 8 20 10 20
8 8 20 20 20 20 20 5 20 1 12 7 2 4 20
4 20 17 7 20 20 10 19 16 2 11 20 17 20
20 5 20 8 0 9 14 20 19 16 20 6 20
20 20 1 20 18 20 20 3 15 9 20 20
13 2 16 20 20 20 20 20 20 4 20
20 20 0 14 20 20 20 20 8 20
20 20 20 7 20 20 20 7 20
20 20 13 9 20 0 20 20
20 20 18 2 20 4 20
20 20 20 20 20 20
20 20 20 18 20
20 10 20 20
20 20 20
5 20
20
