20 20
6 19 9 11 2 12 20 9 0 4 10 20 7 20 20 9 20 14 20 20
9 8 20 12 20 20 0 3 8 20 16 18 6 17 5 1 20 12 20
0 15 6 18 0 20 20 20 16 20 20 20 20 20 20 20 14 20
20 15 3 20 20 7 17 3 19 3 6 20 20 20 20 20 20
20 20 0 20 5 20 20 9 20 20 15 20 5 20 6 20
13 20 20 3 20 20 20 20 20 20 11 15 20 20 20
20 15 20 20 20 20 17 20 8 14 18 5 6 20
14 8 19 20 20 14 20 12 0 10 10 20 20
20 20 20 20 10 20 20 12 1 6 20 20
20 20 20 14 20 0 11 20 0 20 20
20 10 20 20 20 20 20 20 3 20
14 12 20 10 20 17 5 20 20
20 20 12 12 20 1 1 20
20 20 10 4 14 20 20
2 9 20 20 20 20
7 20 15 20 20
16 12 20 20
20 20 20
20 20
20
