20 20
14 20 20 20 20 20 13 12 15 17 20 20 20 3 0 13 12 20 20 20
20 18 20 8 20 20 20 20 20 5 7 13 20 20 20 20 0 5 20
4 17 20 4 20 16 14 0 9 20 20 1 20 15 7 8 1 20
20 7 7 17 14 20 7 20 20 20 20 2 12 20 20 15 20
20 20 16 5 8 8 20 20 20 20 18 17 20 11 18 20
10 20 20 12 20 20 6 7 1 6 20 20 14 2 20
20 3 4 11 6 6 20 20 0 11 2 6 20 20
20 8 20 16 20 18 20 20 16 20 8 3 20
5 8 20 16 10 20 20 8 17 20 19 20
4 20 13 11 20 20 16 20 3 20 20
2 12 20 19 20 20 20 10 20 20
20 20 16 20 12 20 20 20 20
20 19 20 20 20 20 12 20
20 20 3 20 20 20 20
13 4 3 13 20 20
3 20 20 20 20
20 20 20 20
20 14 20
13 20
20
