200 100
100 94 15 79 0 32 100 53 38 100 100 84 78 90 8 11 100 64 13 24 25 30 8 20 53 53 42 21 100 52 100 44 86 23 96 87 70 75 100 100 32 82 44 7 57 100 100 100 72 17 88 47 100 100 37 62 40 79 78 1 54 14 77 73 36 30 36 3 50 62 73 38 4 29 31 100 85 47 100 28 37 100 43 94 25 75 87 8 17 51 84 100 47 52 63 50 91 2 4 64 23 17 40 87 95 100 68 88 70 4 48 84 95 49 35 5 53 100 19 42 61 29 100 4 5 57 3 46 79 100 66 89 38 53 26 100 5 76 83 100 5 35 100 45 100 8 23 1 7 20 17 38 1 69 95 17 46 89 97 47 2 87 26 26 74 26 14 11 100 6 87 50 95 100 64 27 5 19 81 100 57 27 79 70 0 100 46 68 78 44 18 28 100 61 19 34 86 10 35 100
50 76 15 19 76 100 45 100 39 5 63 54 12 59 84 27 100 94 100 100 48 100 45 24 66 100 86 63 35 100 100 26 72 64 83 49 47 67 100 99 13 96 23 67 100 45 88 83 12 41 88 28 17 98 62 100 100 12 3 10 20 39 18 100 100 55 100 64 22 20 100 69 1 28 100 73 95 53 67 38 80 74 27 54 100 57 77 73 39 32 93 100 91 55 30 20 19 66 16 17 20 41 100 100 92 99 3 14 59 37 85 100 16 100 28 27 100 100 9 45 91 15 27 83 77 7 94 16 53 23 82 4 90 100 85 97 64 22 82 5 64 93 47 100 74 51 24 100 100 3 65 92 100 80 71 39 98 100 46 44 45 93 51 100 100 68 40 28 34 43 100 22 94 11 52 91 28 24 95 21 29 100 39 35 100 80 6 52 100 65 46 42 73 11 14 2 30 93 100
69 83 34 90 60 74 71 94 52 37 98 50 7 1 81 8 51 10 8 74 62 4 100 1 98 70 100 22 89 58 38 68 92 99 62 82 8 91 81 97 61 19 100 33 25 5 35 100 87 82 15 21 96 14 24 45 36 79 14 34 100 73 11 98 53 89 0 38 86 100 52 100 52 22 72 31 72 100 51 67 70 53 64 43 95 16 81 48 100 26 63 72 100 17 96 92 33 100 25 90 100 29 65 66 87 84 48 62 100 100 100 100 65 65 70 77 24 15 20 12 56 100 46 36 100 8 57 67 15 100 73 63 88 51 36 89 100 25 11 100 0 53 79 88 82 68 68 100 52 86 100 20 66 100 85 90 2 74 29 94 100 72 19 37 100 27 59 58 76 60 43 100 41 28 5 100 1 60 62 90 49 100 50 37 47 100 92 52 15 67 56 100 93 68 45 100 48 100
95 7 13 90 42 100 94 100 46 71 81 42 5 100 76 23 99 91 100 53 45 60 68 84 37 88 81 23 8 100 100 56 39 100 30 5 25 41 100 0 100 70 100 51 87 33 31 88 81 48 96 100 100 100 26 18 48 100 28 9 43 100 69 79 100 51 17 6 100 42 100 32 1 100 75 58 100 60 100 47 6 57 85 62 4 85 3 83 19 100 100 43 21 24 25 79 92 29 23 100 48 14 32 3 44 25 100 100 93 92 18 100 90 100 83 60 98 69 70 41 100 83 86 100 49 20 100 96 100 61 100 63 100 36 43 47 72 87 74 96 100 2 59 1 100 43 43 89 100 48 44 82 62 5 75 100 75 53 8 29 39 6 69 100 100 49 100 8 31 26 34 84 23 34 22 27 57 100 55 51 100 9 23 71 100 5 82 9 100 55 15 49 52 52 54 18 100
0 87 99 42 2 14 81 100 7 15 63 80 92 68 29 39 47 85 100 83 93 74 100 100 31 100 90 14 70 0 9 19 100 51 38 58 77 100 51 22 88 100 86 36 100 100 21 19 47 100 2 9 68 27 1 100 100 56 85 59 87 48 100 67 100 32 55 100 78 8 82 84 100 89 100 16 64 9 100 100 100 100 77 6 9 56 12 22 89 36 44 100 100 100 81 85 34 27 73 61 100 81 68 99 43 5 44 94 36 1 28 60 72 51 47 26 51 6 22 48 72 27 100 48 28 13 74 14 87 11 100 53 66 94 100 100 19 100 95 65 90 43 64 39 100 71 100 63 58 73 50 34 94 6 62 100 91 17 62 89 6 9 100 61 88 84 38 81 100 100 57 100 100 2 94 6 82 100 40 100 55 100 20 5 7 63 86 100 3 12 38 100 100 100 86 100
25 84 66 97 87 65 53 11 58 31 60 100 28 100 31 23 42 18 65 47 100 100 100 70 100 15 22 70 100 84 27 13 71 92 51 100 72 83 32 51 100 22 84 2 75 100 100 100 100 80 100 72 100 63 33 100 19 13 28 17 48 1 40 71 86 64 89 11 29 100 65 100 63 38 57 70 65 100 100 100 100 70 94 32 89 29 73 92 64 19 74 29 30 71 97 43 100 99 10 34 48 100 83 59 29 98 63 66 48 53 100 47 100 59 5 15 96 21 100 100 17 80 86 100 21 44 100 75 100 21 5 26 11 28 97 53 72 79 49 25 38 58 100 60 25 36 0 12 24 64 100 100 84 18 20 4 61 39 6 47 28 16 72 90 61 18 18 23 54 100 69 96 93 16 66 100 4 33 58 31 5 84 24 36 99 0 16 1 13 96 100 0 100 67 100
100 39 41 2 99 15 22 21 19 100 69 83 66 100 100 14 94 98 85 97 93 100 4 86 88 49 86 72 99 78 27 100 100 66 91 0 100 13 99 100 6 43 100 45 75 70 56 73 37 100 97 66 28 55 9 95 100 62 34 20 16 85 100 69 24 49 100 86 18 10 100 33 100 14 100 100 91 74 39 52 21 27 70 100 47 18 7 18 28 50 86 100 27 79 15 0 67 89 54 37 78 47 91 94 31 100 3 100 100 47 44 82 100 3 8 100 84 100 100 54 100 80 56 81 0 10 63 24 56 100 19 67 100 31 100 89 100 24 19 80 80 80 86 77 67 73 1 100 43 9 50 57 43 100 29 100 86 69 100 100 34 100 27 88 83 76 83 100 28 27 84 14 1 10 71 83 27 40 65 23 72 65 2 100 74 75 21 8 100 63 43 82 43 100
87 82 67 14 29 97 50 9 11 67 88 20 84 14 7 20 100 100 99 55 100 78 87 72 100 100 50 15 100 100 100 100 64 100 91 13 17 25 100 89 72 11 35 100 50 91 21 62 42 47 86 32 100 100 8 83 75 28 62 100 39 9 43 100 100 27 100 34 78 13 85 8 67 10 62 11 20 64 100 34 49 100 52 52 82 54 76 100 63 57 27 100 75 46 63 95 67 100 15 13 92 23 85 30 76 76 63 31 24 20 100 42 45 41 100 17 87 60 38 65 97 1 48 9 18 61 85 100 41 60 99 12 51 64 0 74 71 60 5 56 3 69 100 100 92 91 49 6 37 76 69 10 100 45 4 44 100 53 100 24 100 100 98 33 89 33 11 100 49 83 100 6 94 56 23 14 100 68 53 60 91 100 97 25 99 19 100 100 46 33 10 40 100
77 100 17 100 62 11 18 84 100 66 100 92 8 3 53 100 88 55 27 12 51 2 55 35 100 93 100 100 100 55 36 7 93 65 22 100 97 100 98 100 17 23 51 25 59 32 46 91 82 11 100 14 40 100 47 41 36 86 100 100 69 76 53 100 38 100 99 3 64 65 100 25 25 98 14 100 7 100 95 15 100 78 100 61 41 7 73 46 53 80 77 96 84 44 31 82 100 27 100 49 32 86 26 65 24 80 75 46 56 100 100 100 100 100 65 76 34 8 89 51 95 5 10 0 10 100 9 36 46 64 25 100 8 100 100 88 42 58 87 35 100 93 62 82 100 79 91 28 34 0 92 96 100 84 75 6 54 42 1 35 35 64 87 17 91 8 68 100 100 39 51 43 85 100 100 32 90 46 98 49 77 100 16 82 100 100 34 100 100 16 93 100
2 35 2 54 76 39 100 59 100 31 100 45 56 98 81 45 56 67 74 100 40 11 10 56 36 66 100 48 25 100 22 48 100 100 70 100 36 9 77 83 82 100 15 40 55 100 23 86 16 71 100 12 24 18 59 85 23 17 96 100 100 3 27 2 29 86 22 48 15 100 94 100 30 53 100 33 88 100 100 58 5 100 100 100 100 55 26 91 39 100 43 100 68 50 24 3 83 100 33 0 54 100 100 79 15 49 51 100 84 100 82 62 100 93 100 85 87 46 100 100 100 100 92 6 93 12 75 17 100 100 63 45 27 64 4 88 82 23 90 22 100 11 41 10 100 34 6 26 14 100 39 70 75 7 50 96 100 68 59 17 100 80 5 100 100 97 16 4 98 4 32 16 48 100 100 35 100 73 100 43 100 80 100 41 85 5 33 56 59 100 100
78 45 18 100 35 31 29 99 94 100 2 55 38 78 100 100 99 44 80 41 79 52 100 13 100 40 29 100 100 51 46 96 49 82 100 28 44 72 98 100 23 71 94 33 46 100 100 100 100 94 32 56 49 10 100 33 32 0 39 100 38 100 100 40 60 37 91 48 81 100 100 100 40 100 5 5 100 31 70 82 46 18 89 84 87 100 41 100 73 100 68 62 28 100 64 100 53 64 53 75 100 34 19 100 30 100 94 62 55 6 89 80 22 75 100 45 98 8 100 81 71 28 98 32 59 5 23 50 100 90 95 74 95 48 1 60 100 100 100 100 36 100 100 100 100 21 96 88 76 88 93 100 73 100 84 98 100 78 100 6 100 55 100 100 100 70 100 66 100 24 11 10 60 3 47 75 73 87 73 22 49 73 81 100 100 88 2 49 63 100
100 65 74 88 41 100 94 78 73 10 68 89 100 69 79 100 25 18 63 11 31 41 28 89 51 97 75 85 100 100 89 37 100 100 53 100 100 100 62 100 100 21 96 100 100 6 92 100 72 89 17 25 100 59 100 4 73 86 80 74 62 16 100 79 42 67 100 68 91 12 100 100 80 28 100 53 84 76 24 54 71 100 100 64 7 100 26 83 70 64 59 38 71 5 100 100 90 100 73 16 93 96 53 92 59 100 29 100 52 34 40 100 44 54 63 75 97 6 100 80 79 62 80 16 74 58 35 21 46 100 34 69 100 97 83 75 100 50 100 67 73 100 100 81 86 55 8 69 100 100 23 61 66 54 38 15 21 25 100 69 70 100 100 40 85 68 60 77 95 54 62 87 91 100 57 14 33 95 67 8 41 46 62 64 8 38 89 100 100
100 100 100 1 100 78 89 52 100 100 2 100 100 80 100 57 100 22 8 97 2 100 100 100 85 3 18 45 100 12 82 85 92 100 82 69 100 100 77 9 19 92 100 84 100 36 83 97 11 26 100 97 93 100 20 0 24 23 56 83 46 99 100 57 100 100 36 18 58 95 52 100 55 100 10 9 94 100 32 69 61 70 71 36 41 100 20 93 100 14 89 100 79 100 86 68 72 35 5 71 100 38 23 75 34 100 100 53 100 68 26 46 72 100 86 30 100 100 73 79 47 72 58 64 17 15 7 100 100 51 47 98 92 87 70 71 89 100 28 45 27 41 100 100 67 44 0 34 95 100 66 100 100 76 51 52 95 50 57 68 100 0 9 63 100 57 16 78 58 68 45 16 29 20 100 100 38 100 91 37 36 30 100 90 6 0 100 100
21 8 86 100 38 79 92 53 100 100 100 55 77 85 100 100 70 100 100 83 77 100 84 86 73 41 42 52 51 6 100 92 49 32 58 16 90 100 17 5 94 100 87 100 90 33 71 35 72 58 84 74 66 15 44 24 100 100 20 67 16 82 57 25 100 59 61 4 13 100 82 29 7 42 97 52 80 62 100 100 100 69 76 63 1 100 76 43 80 61 77 74 68 52 58 21 55 69 25 100 100 67 100 50 48 11 100 30 100 84 46 39 7 100 100 21 100 2 47 84 34 29 24 51 100 100 37 59 47 53 100 76 3 52 100 45 1 100 47 33 100 28 100 68 83 22 87 34 55 93 58 100 56 88 88 98 27 62 100 15 100 14 76 32 100 34 100 14 0 60 98 100 34 100 100 100 100 54 36 59 100 33 3 100 65 94 100
43 23 41 5 26 89 73 100 2 100 52 100 4 100 100 29 100 45 100 100 36 100 65 73 2 10 100 17 47 90 60 36 13 11 29 99 59 61 87 100 97 2 4 100 66 5 100 69 38 20 100 55 99 65 64 45 100 29 82 100 100 46 10 100 100 47 96 18 44 25 62 10 84 85 17 57 73 35 41 8 6 75 63 78 100 43 86 42 100 59 92 3 27 100 53 44 90 96 84 24 0 77 96 100 23 100 69 16 100 3 32 100 35 100 20 69 98 93 32 80 53 100 25 100 63 100 100 23 100 76 100 21 100 100 48 40 44 49 26 100 64 64 100 100 3 48 41 100 2 87 94 96 100 32 100 84 100 100 25 86 100 100 100 85 0 89 100 26 1 100 44 10 7 20 95 35 90 86 100 100 44 13 100 7 35 100
42 30 100 100 61 100 88 100 15 100 100 69 1 100 70 100 93 100 100 100 81 5 59 3 100 100 4 41 56 100 100 100 27 39 100 91 55 25 14 81 45 100 100 57 100 50 87 73 87 70 58 2 43 67 100 100 79 85 0 96 54 100 34 44 100 81 40 38 100 76 66 42 100 77 100 4 31 79 100 53 100 100 100 81 69 100 43 22 71 96 89 6 55 82 83 57 90 100 21 100 100 1 100 24 75 92 18 49 100 66 75 61 33 84 34 77 100 100 87 61 56 5 21 61 80 67 67 100 5 2 22 100 89 16 65 100 10 17 48 93 19 100 100 100 51 84 100 100 100 94 47 96 5 100 95 2 56 100 42 48 73 98 15 41 43 1 29 82 63 9 82 100 34 65 100 100 14 32 42 100 44 100 58 73 100
31 45 38 86 66 2 25 100 100 73 50 53 100 66 5 83 95 29 62 29 21 24 66 14 28 25 94 81 100 34 100 100 2 100 33 10 100 49 44 47 30 100 81 79 14 100 96 6 84 90 20 38 37 56 92 84 34 35 100 42 100 100 67 11 50 7 100 100 95 0 50 87 9 85 84 9 82 75 74 17 67 45 48 100 79 100 100 17 100 100 26 0 77 7 61 19 69 79 13 100 4 99 100 100 100 83 7 100 100 100 100 63 100 31 43 100 96 100 100 100 100 46 11 100 48 100 17 58 100 100 100 40 37 13 4 66 90 11 24 58 100 100 100 77 9 26 100 53 8 77 24 100 100 100 58 100 14 100 100 65 73 32 100 39 100 41 38 100 100 68 70 96 100 86 100 86 100 100 45 36 95 10 97 100
43 45 83 21 50 50 29 89 55 64 15 29 100 36 100 36 59 38 41 49 70 32 100 100 21 24 100 5 83 91 22 100 1 0 40 100 100 100 56 33 91 48 100 7 52 9 100 45 3 48 65 93 43 72 77 91 17 22 60 100 62 100 100 77 43 8 48 34 16 9 52 100 100 100 90 59 57 37 12 83 10 77 25 100 77 39 100 100 29 49 69 85 4 100 100 100 66 97 91 6 62 3 100 73 21 10 86 1 100 13 83 3 65 34 89 71 100 100 100 100 51 96 0 86 39 4 43 100 18 5 66 100 40 15 100 100 78 100 80 68 100 89 6 28 100 55 72 24 100 27 49 38 23 17 87 53 32 81 74 4 100 100 76 99 27 55 71 44 54 92 82 100 100 100 81 100 95 13 41 21 100 21 100
33 100 28 42 90 76 22 100 5 100 36 55 100 99 40 100 65 29 100 100 100 40 100 43 68 65 43 48 61 94 23 74 7 15 11 59 100 62 81 9 100 85 11 14 83 100 20 27 100 100 64 14 47 75 72 70 98 48 32 65 32 82 3 100 100 15 100 100 90 26 93 100 100 73 67 17 100 60 73 39 70 99 100 100 24 100 19 77 100 100 56 100 78 3 10 54 19 7 3 100 100 100 5 37 70 24 5 15 100 100 61 100 66 57 1 93 93 12 39 33 98 63 85 100 8 31 100 48 21 70 33 70 41 48 100 4 91 100 42 75 52 31 85 55 100 57 23 46 100 10 31 42 100 38 32 100 100 30 58 32 21 29 10 100 21 92 100 12 67 29 100 24 100 98 100 95 82 100 88 100 89 100
82 100 50 100 41 3 68 100 100 85 47 14 76 1 20 13 14 100 62 67 85 99 100 73 100 50 19 3 38 100 100 61 79 29 100 80 94 66 37 100 96 6 43 8 7 91 11 32 100 100 100 59 13 12 100 13 73 2 100 66 76 14 100 100 60 27 100 100 63 96 13 75 4 89 2 2 64 79 68 100 26 61 100 80 54 88 61 52 58 71 90 22 100 77 59 98 31 46 30 5 95 98 100 89 50 100 33 46 34 81 66 13 100 98 100 63 19 43 63 0 100 84 74 65 6 83 71 100 63 100 24 12 24 37 100 21 52 95 11 33 100 1 11 94 33 100 6 87 73 48 100 100 100 35 4 55 62 39 100 17 37 64 100 71 100 42 52 14 10 57 47 13 46 100 75 31 62 0 27 45 100
66 88 4 2 26 100 100 22 19 100 100 5 91 99 63 100 42 99 41 0 100 33 32 2 100 85 31 66 69 84 8 100 100 58 1 22 56 51 100 96 36 34 100 32 100 45 61 100 79 74 90 14 32 54 100 100 49 2 90 20 68 100 100 100 28 41 10 84 73 100 31 17 14 48 46 64 100 50 100 100 90 46 26 23 31 100 99 4 92 4 12 97 27 3 36 5 72 60 33 49 73 51 23 51 87 74 9 49 71 10 100 48 100 53 100 32 29 15 10 100 7 12 31 100 100 87 87 100 57 68 20 98 5 96 100 34 100 46 72 54 54 39 46 100 23 9 93 100 12 28 85 100 92 57 100 44 100 25 30 61 100 53 10 49 100 100 100 100 63 100 75 34 62 100 95 100 40 100 100 100
100 42 36 56 100 77 51 17 32 62 67 89 100 65 49 100 3 54 76 32 29 43 73 99 58 6 44 18 78 100 88 100 51 95 17 55 47 96 16 8 85 100 57 100 20 56 22 2 100 21 69 25 57 100 75 17 34 83 66 44 20 100 94 100 73 100 57 79 59 100 10 100 100 100 91 87 85 30 11 20 68 59 100 100 20 80 91 71 85 55 45 19 75 100 100 62 0 29 100 12 48 100 14 93 15 71 52 17 100 14 10 88 10 29 100 8 32 51 46 20 100 100 61 39 23 100 68 94 13 40 100 52 51 100 15 100 65 100 28 87 5 98 100 76 100 100 61 58 74 62 100 31 26 100 100 54 65 29 72 100 56 18 10 73 100 37 47 89 12 18 10 33 82 100 0 100 89 44 100
13 89 65 9 48 32 58 100 73 100 86 73 50 32 63 23 47 63 45 22 15 100 100 100 100 63 58 8 84 97 8 14 41 96 100 4 100 77 100 39 24 100 100 45 35 100 43 89 88 100 75 45 100 88 100 87 100 32 67 100 3 60 83 77 29 25 16 100 100 7 100 46 60 100 6 8 100 68 94 100 67 58 70 100 100 100 42 100 25 22 87 96 100 33 100 31 45 100 100 75 66 31 100 97 100 69 100 100 100 17 39 100 50 26 100 45 1 52 89 0 45 100 52 57 7 7 100 100 100 100 1 18 91 93 40 100 100 64 70 3 11 100 36 79 100 5 33 99 100 35 22 60 100 33 100 94 100 44 25 42 7 100 76 21 17 42 100 70 100 8 68 72 36 83 77 30 100 100
31 0 37 7 35 89 71 95 100 100 18 87 83 100 90 73 32 66 81 99 64 9 93 100 24 7 87 63 39 100 93 16 5 28 89 39 100 100 45 2 19 13 91 38 100 37 23 100 15 26 100 100 100 100 90 100 100 11 39 73 100 100 84 100 100 43 100 54 56 91 70 42 100 100 6 80 56 100 100 98 36 61 100 23 22 59 88 83 85 81 30 100 52 67 42 100 52 3 100 47 100 27 82 98 41 69 4 28 38 75 4 36 13 100 25 9 100 46 25 100 40 65 91 50 100 29 96 42 51 95 80 100 100 100 2 100 2 74 87 70 92 40 100 95 100 70 34 59 33 19 30 83 100 92 88 84 10 3 100 92 100 90 11 100 0 47 100 49 100 58 48 81 12 66 98 9 100
100 93 100 1 13 60 100 9 33 66 100 40 100 100 39 100 100 100 100 98 24 73 59 92 65 100 100 61 100 2 64 59 12 100 100 86 100 86 19 61 72 8 3 88 100 100 47 19 52 98 49 21 13 14 100 87 68 15 100 100 1 37 100 88 71 30 100 88 27 57 100 41 31 90 100 100 100 100 11 94 100 11 79 87 84 55 19 91 24 50 24 100 50 100 100 57 86 84 100 26 19 95 91 100 15 49 100 83 79 47 100 20 23 4 20 100 56 100 46 47 92 76 65 3 63 91 45 46 100 70 100 15 95 28 27 100 17 30 10 9 62 100 48 4 30 25 22 11 5 36 91 16 100 13 93 19 19 54 88 19 100 21 53 5 40 95 57 82 31 7 77 70 97 100 32 100
100 44 55 100 91 39 84 6 30 81 100 31 16 100 100 66 86 38 20 78 100 43 100 100 29 50 2 100 80 71 100 92 70 90 100 83 41 11 64 61 100 66 48 11 100 100 100 100 43 92 100 97 13 22 22 33 37 4 76 55 100 75 47 53 10 100 19 98 8 18 100 35 45 40 82 100 100 100 42 24 100 54 17 54 12 100 24 100 86 100 74 34 13 100 96 93 83 18 33 70 100 11 82 57 42 6 100 17 100 100 86 100 46 100 30 84 62 53 20 74 100 68 22 100 15 72 6 98 100 46 37 51 2 80 7 57 11 45 43 100 69 9 91 43 66 47 32 17 81 32 21 67 27 0 30 57 11 16 75 67 100 12 21 16 59 100 100 61 100 66 27 100 10 65 100
100 92 23 42 46 88 82 2 14 11 85 94 14 41 100 95 38 51 100 36 25 100 70 58 100 23 27 9 46 26 8 78 83 56 5 100 98 73 91 84 100 100 20 34 75 2 100 62 29 71 65 100 56 36 55 87 36 21 16 33 42 100 83 1 59 100 7 79 100 88 100 45 100 24 100 100 80 40 9 100 17 50 30 15 96 66 83 100 40 79 100 83 21 55 73 100 29 65 100 100 44 7 100 100 100 97 93 100 75 35 100 57 93 80 97 33 100 58 82 52 17 100 95 100 72 100 46 41 13 93 41 100 89 40 89 2 100 18 100 0 13 91 25 3 72 24 100 100 74 8 100 22 42 100 54 76 3 5 21 67 38 21 21 100 28 25 100 31 3 39 34 57 43 100
89 58 100 86 2 100 73 100 100 70 14 100 47 38 43 23 91 2 100 88 80 40 69 97 98 61 100 63 28 13 69 100 76 54 12 38 6 24 80 98 28 32 49 77 80 98 17 70 100 3 68 100 45 69 17 5 49 42 12 87 100 100 82 81 9 3 58 91 13 100 20 93 75 65 39 37 100 74 90 100 78 5 100 100 100 9 100 100 100 53 0 100 100 100 64 25 100 100 66 100 71 67 58 100 100 100 25 25 6 56 4 100 53 55 82 21 14 65 6 6 31 100 17 100 77 98 100 100 31 100 66 86 55 18 100 82 78 100 93 100 100 58 96 100 72 46 86 62 90 91 35 88 100 30 50 6 100 61 100 36 42 60 75 54 13 47 76 2 25 74 85 38 100
100 83 97 100 76 59 100 30 58 58 4 30 65 89 0 10 100 6 100 13 22 100 50 100 55 97 100 26 46 92 100 27 88 47 92 77 78 100 49 17 43 55 65 78 82 68 91 36 64 100 91 100 48 68 88 84 56 68 21 38 68 88 100 100 79 73 100 30 100 58 100 66 100 47 90 32 54 6 75 11 47 54 61 39 71 17 54 100 41 73 93 75 82 59 100 40 100 14 100 34 19 100 100 69 100 100 13 64 35 29 5 40 91 100 100 33 75 0 100 93 45 85 61 100 27 87 100 86 100 32 100 42 81 86 100 41 43 48 1 8 100 100 93 100 100 100 69 69 3 53 100 27 10 5 81 15 44 27 30 47 48 18 91 100 11 100 32 9 38 85 60 100
29 11 99 100 82 64 18 19 100 100 37 86 100 80 90 5 56 53 49 22 35 13 5 52 100 32 100 68 88 0 65 16 84 29 56 86 8 21 11 47 100 73 64 100 62 18 100 87 33 100 100 62 66 35 70 100 62 98 54 6 75 56 100 36 83 100 100 23 34 100 100 100 100 100 100 55 81 37 12 55 3 71 65 17 16 30 31 100 100 100 100 100 53 63 78 74 21 2 19 67 100 12 72 55 67 100 69 12 100 18 75 43 44 46 100 69 97 3 100 100 68 43 10 78 70 45 95 24 1 81 34 98 43 33 100 33 3 51 100 87 97 100 12 100 100 86 100 28 100 14 100 47 40 54 100 12 90 2 100 100 23 100 12 72 52 11 47 17 100 100 100
17 100 66 41 75 84 7 100 19 2 92 12 100 9 99 47 35 33 50 100 54 51 100 100 100 1 1 100 94 53 80 48 100 9 45 98 100 27 100 8 100 15 7 48 100 100 95 21 100 100 100 100 63 100 2 76 83 28 89 54 49 100 89 99 23 100 39 100 1 100 65 17 73 2 64 55 66 53 20 100 60 18 100 81 46 100 47 100 60 97 8 32 81 70 100 5 100 61 92 47 9 84 6 73 98 100 0 92 26 85 75 100 52 53 87 37 100 83 26 100 21 100 79 100 63 100 26 100 100 79 96 57 100 13 33 43 69 24 100 54 38 93 43 100 17 61 65 52 76 89 62 100 49 100 92 0 100 87 100 73 79 64 100 84 100 15 100 90 4 100
56 68 79 27 43 82 41 28 100 47 24 75 29 58 100 58 100 82 49 45 26 40 88 72 33 12 4 100 24 100 61 10 65 30 38 100 100 99 35 100 5 41 86 79 72 100 49 59 6 100 100 83 43 100 15 17 8 3 34 100 44 32 100 99 47 81 25 92 13 0 64 61 100 80 2 100 77 7 77 3 19 100 55 80 18 100 87 100 49 100 100 100 100 89 25 43 100 60 67 54 89 100 100 100 91 24 59 100 100 100 100 93 78 100 66 53 80 57 100 100 16 68 40 98 100 75 100 100 28 100 100 100 90 10 100 15 30 99 100 100 100 100 41 100 18 20 54 33 24 16 71 57 15 63 16 1 100 56 1 100 55 72 100 51 39 29 100 59 100
73 17 86 92 3 100 54 10 67 76 37 67 4 80 93 100 28 5 100 40 34 59 47 23 63 84 11 41 3 93 100 49 26 26 49 100 43 100 100 100 13 69 47 95 100 97 47 100 24 100 12 69 49 86 57 24 100 49 100 49 5 17 49 100 100 100 12 100 100 100 7 100 44 49 23 25 8 32 51 100 100 92 100 1 40 48 100 23 22 43 77 1 100 100 4 40 100 81 68 0 1 50 89 70 10 29 100 25 100 86 79 100 54 25 76 51 100 52 100 100 34 76 61 33 51 74 74 100 14 26 12 3 67 79 29 100 22 16 100 55 87 100 32 28 100 64 79 23 75 100 100 66 100 76 100 13 100 100 90 23 100 100 61 62 100 51 23 100
100 100 91 100 15 4 97 72 97 41 41 100 44 65 100 6 3 100 94 75 100 43 20 37 54 2 20 26 29 100 57 19 71 79 100 31 95 43 100 70 47 48 50 33 20 44 29 92 0 66 21 100 70 39 84 5 55 23 13 99 36 15 39 100 100 28 11 100 100 11 88 100 100 100 100 93 93 12 60 100 61 100 59 100 100 73 9 76 71 77 54 100 57 46 35 35 100 54 14 100 100 85 76 72 88 29 63 78 55 100 92 25 24 100 85 80 100 100 100 7 85 62 47 100 51 34 100 26 26 100 100 94 46 96 88 17 60 58 90 45 45 54 46 16 99 19 96 0 66 23 1 43 54 94 15 12 100 100 68 27 14 68 45 61 25 100 100
99 97 10 100 3 1 35 100 62 100 35 35 28 26 37 100 18 100 2 42 80 83 11 100 72 62 23 55 60 100 100 28 100 70 75 9 43 53 100 100 100 65 57 100 3 47 19 78 21 27 13 21 83 45 9 71 100 27 91 87 100 23 24 72 6 85 19 96 94 100 20 14 82 32 100 73 97 90 29 32 26 97 58 100 100 41 34 100 15 100 58 100 31 100 0 52 18 67 100 100 73 60 25 31 60 83 100 39 100 66 55 3 95 95 65 100 3 89 94 100 30 48 21 100 91 98 100 59 69 37 50 14 76 58 100 100 75 15 37 100 66 100 22 24 100 50 100 55 33 100 87 11 3 12 88 100 100 100 9 14 100 75 100 100 83 100
74 100 40 8 17 68 34 100 87 77 69 25 31 56 97 33 100 44 67 1 20 100 92 39 96 100 66 100 97 19 100 70 83 100 3 46 30 18 19 26 100 88 76 85 100 71 72 28 54 71 28 1 71 80 100 92 26 29 51 57 100 100 0 52 9 94 2 31 78 100 100 86 69 70 5 44 74 100 83 3 100 100 100 51 88 13 9 87 47 30 7 55 37 100 95 97 50 100 100 100 18 60 3 100 54 100 20 64 95 9 77 62 1 54 51 88 70 17 83 100 8 82 100 100 100 29 7 92 100 100 41 65 44 83 12 9 82 100 100 27 41 100 52 62 100 33 100 66 26 44 2 96 0 58 91 99 33 6 17 81 100 55 4 100 100
36 100 100 100 88 100 100 71 94 94 29 100 100 54 57 74 32 2 19 100 81 74 19 14 100 100 100 97 0 100 50 99 100 22 100 6 45 80 54 100 49 7 73 31 100 74 16 69 57 7 66 41 42 100 68 100 62 15 21 46 91 100 100 100 78 100 74 41 52 100 99 21 52 100 100 91 38 21 71 5 100 93 54 54 25 22 43 29 40 94 100 88 100 79 26 22 100 27 13 100 95 43 100 100 1 100 27 100 66 11 100 78 90 53 100 100 51 1 46 63 8 18 25 19 66 89 76 11 28 78 100 100 67 100 32 100 62 100 95 2 34 100 14 64 42 73 50 33 42 9 46 63 88 73 100 40 76 98 87 100 56 100 83 100
90 20 100 32 1 95 100 14 30 75 64 70 50 33 98 100 100 100 83 72 30 88 57 21 100 14 33 13 100 22 100 77 31 74 49 77 7 100 100 35 93 100 27 96 100 11 47 100 69 5 7 100 62 56 19 4 100 78 100 100 100 100 60 56 77 15 23 90 43 82 100 100 66 74 51 100 100 0 14 100 16 10 100 57 100 64 70 28 5 100 100 53 8 51 27 100 27 31 72 100 50 100 64 99 9 70 100 17 59 100 39 61 100 10 66 23 17 30 98 74 61 8 100 48 25 45 0 54 100 100 62 55 36 18 42 54 34 87 100 38 89 100 32 37 100 98 40 97 33 17 68 1 14 93 77 17 100 100 19 100 100 100 100
100 12 28 100 100 12 94 50 24 19 23 100 100 74 27 54 100 19 100 96 43 34 100 100 89 100 25 39 9 1 100 100 100 58 100 100 48 100 77 72 19 99 1 100 16 61 100 98 100 74 100 7 91 97 76 100 8 100 85 96 79 0 77 32 100 94 25 9 100 40 40 91 46 100 42 85 64 66 100 95 56 68 18 84 4 7 63 100 88 100 96 95 44 14 100 69 26 100 14 37 100 97 24 100 100 100 100 67 49 100 90 55 100 58 54 77 40 37 1 38 100 100 100 14 23 100 100 100 86 5 41 55 14 100 15 43 96 100 21 100 100 70 56 37 100 12 67 44 34 100 100 100 100 57 51 63 39 61 87 15 100 100
55 95 76 100 62 75 50 72 23 83 13 79 48 100 21 100 100 68 86 100 89 35 44 16 41 99 100 82 52 100 16 71 87 100 14 40 100 75 50 78 27 39 48 45 32 13 32 99 33 14 37 57 100 89 7 61 75 42 75 6 37 100 39 95 13 49 20 52 80 63 76 32 1 100 58 69 21 65 51 38 43 65 100 63 93 92 24 28 5 100 94 100 0 27 31 97 100 100 52 100 89 42 99 74 90 6 14 100 87 31 33 29 100 19 41 12 68 100 89 100 41 100 9 51 61 15 100 24 85 98 49 18 64 71 100 38 100 100 29 79 33 33 2 100 67 7 81 95 41 100 8 9 36 89 100 100 100 100 60 70 100
64 78 63 98 85 74 99 100 18 36 100 100 89 35 53 12 46 48 81 88 59 90 35 61 100 100 100 100 52 72 100 100 98 100 97 85 100 62 71 100 100 87 100 26 100 100 100 23 80 66 84 49 69 0 36 19 71 100 100 78 100 100 100 72 7 97 34 23 31 100 40 49 84 95 38 97 29 76 2 100 100 100 52 31 100 58 31 100 100 100 86 1 94 100 94 100 57 15 51 10 30 61 74 82 30 77 100 100 100 100 100 75 57 82 20 77 44 44 66 33 9 19 100 30 56 75 53 100 32 89 100 100 100 92 98 74 58 21 59 32 100 88 99 64 74 37 100 100 34 75 100 95 100 89 30 55 5 23 48 100
100 9 100 14 59 32 42 65 100 73 32 92 92 30 23 75 33 100 42 100 33 4 46 100 100 36 100 68 100 19 6 40 81 6 47 54 1 100 100 63 72 100 100 100 2 100 100 100 100 11 88 100 97 63 33 81 17 0 70 54 91 31 82 100 49 43 100 100 100 94 3 28 21 18 88 21 13 100 100 50 94 25 38 25 58 23 34 61 100 85 100 33 100 100 2 11 19 100 89 32 71 41 100 33 13 100 36 74 45 17 100 22 100 32 100 96 85 4 65 72 100 42 50 100 23 55 10 100 100 74 54 27 100 100 100 44 40 83 45 61 100 69 100 28 100 60 18 100 98 100 100 74 100 95 100 100 4 2 100
100 42 31 100 68 49 100 71 96 33 31 100 95 27 42 39 100 90 100 39 100 100 100 100 9 22 8 47 17 100 46 100 11 100 100 84 40 100 33 81 69 64 51 71 42 100 15 18 87 71 58 23 30 87 78 23 88 100 23 100 29 45 100 7 88 84 26 100 100 63 86 100 4 99 100 50 100 65 75 90 4 43 99 70 100 46 26 93 7 9 100 100 100 87 8 100 100 53 37 100 71 55 52 89 91 77 45 100 68 87 100 69 32 73 73 75 93 32 100 51 65 58 100 100 89 59 60 82 100 100 83 46 41 47 37 68 100 81 100 100 95 64 74 3 16 69 58 99 100 100 19 12 5 100 51 100 96 100
49 10 100 30 61 92 66 85 51 59 87 100 100 38 100 81 19 73 68 100 44 72 73 29 10 94 100 38 47 96 53 24 51 6 25 62 42 50 32 100 27 30 78 86 23 72 91 31 84 54 100 24 93 100 84 62 100 100 100 100 89 35 100 90 85 96 53 47 32 54 18 99 75 36 67 100 37 34 100 76 33 100 55 67 100 100 1 91 52 100 95 99 69 29 100 38 8 43 100 23 100 100 87 49 50 4 100 100 44 100 52 27 100 67 49 100 100 23 24 76 100 19 58 93 100 29 71 46 64 36 59 100 57 100 100 37 12 84 100 100 94 67 84 100 10 27 46 100 22 12 100 37 10 100 53 89 100
4 76 30 18 100 28 3 100 54 100 66 100 44 85 66 35 94 29 100 55 100 100 100 79 24 17 100 22 35 84 100 62 63 29 78 4 74 57 64 21 22 52 21 22 2 100 100 5 74 19 94 100 100 5 17 55 9 49 61 3 100 31 87 66 100 36 62 46 86 43 24 38 46 48 20 100 47 100 100 52 51 28 100 93 92 22 82 49 100 97 7 100 11 100 35 86 100 100 37 100 26 36 96 83 9 100 100 99 85 18 27 77 96 58 23 100 100 42 89 9 40 28 100 32 25 85 100 100 6 67 52 25 18 13 100 100 99 100 73 100 66 39 52 80 100 76 100 33 80 26 100 100 100 96 100 100
88 100 80 17 71 4 77 69 55 100 71 37 100 100 59 8 100 70 98 12 88 8 100 49 89 33 22 94 99 91 41 0 48 80 100 26 28 4 59 77 49 88 52 28 9 3 10 12 19 18 35 100 29 100 33 100 23 83 89 100 100 23 10 81 92 31 6 44 47 100 56 81 91 23 26 47 52 74 100 42 100 100 54 100 100 91 68 96 6 55 27 13 97 43 56 51 1 86 28 44 82 100 92 82 13 93 8 18 93 100 2 72 71 45 49 100 66 20 100 100 54 90 72 61 43 29 75 63 100 8 84 100 100 87 90 100 0 62 97 34 55 100 27 100 73 51 91 100 63 88 100 100 65 54 100
100 100 100 100 46 14 100 30 49 14 100 14 50 100 83 70 100 100 9 89 76 12 14 83 100 16 11 43 100 28 55 63 16 22 32 95 16 77 33 100 100 100 7 100 100 11 17 100 70 41 26 59 86 15 8 56 100 100 88 27 100 78 70 100 11 17 100 100 8 100 9 68 100 100 91 52 59 100 16 16 100 84 48 79 74 100 100 91 45 100 36 95 97 90 91 16 40 79 40 91 35 63 2 76 74 5 29 48 3 100 100 29 7 100 13 100 1 58 80 100 70 100 100 44 23 73 51 100 100 80 60 18 6 44 21 100 100 50 32 90 92 71 53 6 99 100 84 100 11 20 100 51 93 100
12 66 92 5 18 94 65 80 29 35 8 30 9 87 94 54 93 23 22 6 63 100 85 100 100 14 71 100 68 100 61 79 37 16 1 0 41 44 100 100 19 5 100 33 79 100 95 29 41 100 86 45 87 100 87 13 92 49 31 78 66 34 85 69 36 100 73 100 100 6 11 22 100 100 54 32 59 64 40 100 48 100 46 100 83 97 6 45 87 100 45 54 87 45 44 76 100 95 100 100 11 75 100 19 100 49 61 100 90 95 84 64 74 26 71 64 40 100 13 100 20 100 100 87 8 98 48 22 38 4 10 56 39 100 89 7 75 100 100 85 97 100 27 2 13 88 100 89 37 100 24 72 100
35 73 22 100 46 66 44 81 100 26 80 68 26 66 100 47 8 100 100 45 56 90 48 10 16 55 98 83 85 100 17 100 100 41 91 97 78 44 75 22 69 65 83 100 69 49 4 93 79 27 100 100 100 2 77 92 15 100 94 100 100 1 25 100 81 12 1 100 51 100 100 54 32 57 100 100 100 21 100 100 100 100 94 100 30 100 100 99 91 43 30 72 93 35 61 96 93 93 100 15 66 0 73 39 24 28 100 22 43 100 33 100 81 100 8 67 52 74 100 79 26 29 23 100 35 56 100 88 100 76 94 17 100 63 6 100 100 56 100 80 33 63 75 92 40 37 48 39 100 29 65 100
14 100 9 77 59 9 47 24 87 94 83 74 100 69 40 39 82 100 100 49 100 100 72 79 91 56 7 10 100 99 95 73 100 100 100 60 52 61 44 56 23 76 93 49 100 66 100 51 69 52 100 100 65 81 79 100 100 84 100 100 100 87 60 57 41 54 100 76 66 21 98 13 21 100 0 99 15 39 57 100 5 19 54 14 25 60 27 100 19 4 96 20 100 14 17 1 45 98 29 35 65 100 17 100 80 100 24 3 100 13 100 26 74 60 56 100 100 3 100 12 73 5 92 61 75 67 100 65 24 100 100 42 46 48 96 100 100 64 22 100 100 57 100 100 85 77 100 76 15 99 100
55 81 100 93 80 74 49 100 28 100 100 9 100 64 100 100 100 8 70 21 100 26 29 100 84 74 100 78 1 82 34 80 72 22 71 54 100 95 9 56 98 100 53 46 100 26 90 31 71 57 100 79 100 12 46 86 100 60 100 100 96 51 40 39 9 100 100 37 100 65 100 39 100 92 22 100 100 29 77 24 43 100 40 100 100 86 18 100 2 100 66 16 51 95 34 69 100 31 100 12 30 27 100 100 32 100 96 100 100 5 38 61 26 100 0 21 51 21 85 100 51 3 35 66 100 78 100 70 33 84 85 100 8 15 90 23 44 44 48 34 56 84 44 100 51 88 32 40 100 100
84 21 95 52 72 100 61 100 84 26 80 38 100 63 70 0 29 100 68 25 100 94 59 2 42 97 80 7 31 100 66 16 45 78 75 100 14 47 98 20 90 45 17 24 100 100 12 42 97 44 54 40 37 100 94 66 34 25 36 49 45 40 97 67 97 95 80 64 10 76 46 100 27 31 100 20 64 36 100 100 63 100 100 37 27 47 46 58 88 83 86 18 100 79 50 33 62 73 62 100 14 100 36 59 91 75 45 78 69 20 48 5 80 15 10 55 29 40 71 42 47 100 76 79 61 100 39 49 100 100 96 100 87 92 74 30 83 100 52 43 100 100 43 75 55 100 65 23 100
17 57 72 100 29 100 71 15 17 89 16 9 48 56 23 100 67 100 7 50 0 12 47 100 100 25 14 56 78 94 57 57 42 48 55 100 25 100 100 48 100 12 66 4 43 100 23 75 100 87 24 100 100 100 96 65 33 100 46 91 100 44 100 100 100 69 51 85 65 58 100 100 100 30 12 88 67 21 34 57 100 54 100 100 60 11 98 73 47 52 100 100 58 74 100 25 100 100 100 16 77 83 99 24 25 43 76 31 76 100 100 64 100 31 95 3 100 97 100 47 70 13 79 100 89 100 95 100 100 16 63 45 100 94 100 60 47 100 100 59 61 70 16 57 22 84 20 100
100 78 100 3 78 27 73 58 76 20 23 68 1 9 66 88 46 70 7 74 100 30 100 84 100 17 100 27 54 34 7 81 100 77 29 100 8 100 100 100 60 88 100 59 36 51 45 100 26 53 68 41 100 84 41 77 12 14 27 100 100 100 73 100 81 93 91 37 42 36 80 100 54 96 28 52 56 97 100 25 77 46 51 100 65 100 62 100 78 90 100 100 48 48 100 80 27 41 43 100 17 100 100 23 100 17 28 44 96 100 44 51 1 100 87 100 3 69 100 3 100 100 19 65 63 93 39 14 0 58 47 85 100 4 100 2 48 7 100 53 68 58 63 75 19 35 100
22 100 100 25 0 9 100 100 100 100 38 100 43 100 100 100 7 88 100 53 31 5 41 27 100 100 100 18 49 100 4 100 6 36 100 25 100 100 53 31 24 82 88 21 12 3 91 55 4 10 64 100 85 100 49 100 81 98 37 97 55 59 94 21 41 5 100 100 65 18 23 59 87 35 64 15 100 24 100 100 100 67 100 100 100 0 64 100 27 100 9 7 100 4 39 30 71 39 100 100 1 100 1 92 69 71 44 35 66 100 85 54 86 55 83 43 0 91 100 91 74 75 100 20 82 26 55 59 100 44 79 100 49 55 57 45 87 45 76 46 100 51 100 100 100 100
64 13 56 61 63 100 94 38 98 97 28 56 27 95 98 90 100 87 99 79 19 100 92 100 100 27 86 47 83 45 34 43 23 100 97 36 100 39 4 98 74 100 67 75 100 49 41 100 100 54 89 42 12 41 19 100 30 40 15 100 88 100 57 67 31 70 100 100 10 100 99 17 32 55 38 15 36 100 78 100 100 84 100 100 58 64 100 100 54 71 100 31 43 83 97 49 8 100 99 100 100 23 28 100 76 80 82 66 41 100 39 48 20 100 11 94 4 35 100 14 100 88 86 61 100 100 43 22 59 3 6 98 40 100 1 35 25 45 41 78 58 16 26 49 100
29 100 80 53 100 65 81 100 60 100 40 100 100 32 48 100 60 100 100 32 100 50 100 100 4 67 63 57 100 58 100 100 100 29 62 100 52 85 91 96 11 7 100 36 100 32 45 100 68 18 0 90 34 100 13 100 100 24 25 100 71 44 79 86 21 71 32 100 4 44 84 38 58 40 53 100 18 100 70 70 100 56 35 4 50 5 57 100 57 11 54 0 89 28 15 60 49 78 47 6 100 83 39 31 73 27 31 25 39 41 42 47 38 34 100 26 7 14 100 4 100 10 31 98 4 97 100 81 100 86 16 78 21 29 72 100 30 51 32 100 93 37 69 100
30 43 47 44 76 91 16 100 20 6 27 27 100 44 100 74 68 87 54 100 7 44 73 28 100 5 100 100 38 46 65 99 100 100 100 100 41 47 9 47 42 88 60 28 96 71 11 18 100 100 35 25 47 39 92 100 7 82 100 31 89 100 100 100 100 100 90 19 32 26 9 100 88 100 66 81 100 38 100 100 12 100 92 100 100 15 30 61 15 71 84 100 82 26 100 1 75 79 99 90 59 86 59 95 51 46 58 100 40 59 55 68 98 82 87 56 38 62 95 100 23 70 100 66 79 57 32 100 2 100 21 34 42 60 16 26 16 9 5 83 67 77 100
95 100 100 32 100 77 4 100 29 100 91 85 92 49 50 36 100 77 84 8 93 6 100 100 76 1 84 3 43 97 63 24 0 65 100 18 97 46 98 100 95 14 100 46 43 42 51 68 50 100 39 26 17 75 100 82 4 21 48 88 22 98 59 47 56 39 100 7 13 100 30 18 7 100 77 11 100 49 100 57 100 100 100 14 74 100 100 100 100 8 18 28 36 77 5 28 53 16 95 69 60 30 96 100 29 100 56 100 40 24 89 100 97 92 96 44 19 36 81 48 100 64 39 26 100 38 100 0 73 100 100 89 100 49 41 24 94 8 13 13 51 100
24 34 100 16 71 0 100 94 16 49 46 20 100 69 44 29 100 100 100 18 38 100 57 50 54 100 3 100 80 90 100 100 21 100 93 83 57 100 76 14 78 100 17 75 100 76 26 64 71 100 69 91 86 34 100 100 31 20 18 85 72 94 9 100 60 100 73 100 54 42 64 12 97 12 74 100 15 100 21 100 71 32 52 100 100 65 100 89 7 90 42 100 22 100 68 39 91 12 4 100 41 100 58 14 100 82 3 57 46 2 13 54 100 64 4 62 100 100 14 100 70 100 97 100 100 67 93 33 13 60 65 33 72 98 58 100 100 48 100 100 100
100 8 100 8 100 100 100 61 79 64 7 32 28 54 14 12 74 2 100 41 78 100 100 62 100 43 62 36 53 42 66 100 68 87 100 59 100 11 38 7 46 100 62 100 40 100 100 72 91 100 41 0 19 80 37 30 95 99 10 68 100 39 100 69 12 96 30 100 100 100 22 3 17 24 62 16 100 58 7 100 57 88 24 100 75 100 100 19 100 100 96 0 100 8 99 49 72 100 50 100 3 100 99 70 100 100 18 7 51 100 100 41 3 100 67 5 64 100 90 37 100 65 67 100 93 100 46 21 39 100 61 93 100 100 57 54 29 48 1 100
100 100 83 7 100 50 11 49 5 8 37 71 1 100 100 95 100 27 24 100 2 76 35 59 83 15 83 98 79 86 93 100 42 97 54 99 100 86 100 49 11 21 100 63 100 83 100 52 100 9 67 39 100 100 26 86 23 100 11 33 97 73 76 70 63 53 52 56 0 49 100 100 81 17 98 83 84 50 100 99 83 97 100 80 83 100 100 68 43 31 88 10 64 75 27 100 40 91 89 36 18 100 100 100 26 85 48 100 100 100 61 37 97 32 38 63 100 100 15 87 65 64 74 63 100 53 68 0 62 3 100 29 100 0 100 50 84 89 100
8 48 7 65 100 100 63 74 47 82 100 45 58 53 62 66 1 72 49 4 83 14 100 62 100 100 25 43 93 98 12 44 100 100 0 20 57 100 16 100 32 30 76 75 60 10 100 47 24 100 89 41 3 43 100 57 91 100 54 100 74 46 40 100 100 42 87 55 58 92 100 6 64 53 14 100 5 88 55 100 48 3 100 86 79 3 81 2 0 100 100 88 15 95 18 73 100 100 74 41 7 100 41 100 47 76 42 14 45 100 9 100 100 100 100 87 20 100 12 4 97 100 100 98 62 100 100 100 11 100 72 40 100 100 75 100 74 100
56 100 35 96 33 100 23 18 68 100 92 15 47 100 100 100 100 66 62 100 32 34 100 10 100 100 28 59 69 100 4 89 4 46 90 100 30 98 74 42 87 37 77 100 45 100 100 90 100 64 40 100 99 40 42 20 58 100 36 52 20 5 14 1 80 20 43 15 100 100 100 85 19 45 17 100 22 46 32 100 94 68 90 25 56 59 21 65 100 4 64 100 33 6 88 40 17 100 70 97 50 88 18 100 100 41 90 100 98 71 100 87 100 43 5 68 67 75 100 9 100 63 100 100 4 21 69 28 63 46 62 70 34 100 100 39 100
100 100 78 94 74 100 82 45 78 95 73 94 100 47 25 45 85 100 3 92 100 54 47 100 11 100 94 17 16 26 56 100 100 15 49 100 15 2 89 67 53 92 35 100 77 94 50 100 67 95 72 57 7 38 0 73 5 2 44 62 63 100 100 16 37 29 100 68 12 21 77 100 68 44 26 6 67 100 100 100 22 88 23 17 69 100 16 61 100 33 100 95 13 15 100 73 100 81 22 100 87 90 99 32 100 77 100 100 1 78 24 36 76 42 67 52 100 100 100 38 29 61 35 40 6 82 83 65 100 74 29 38 6 65 93 100
100 98 69 54 43 46 100 22 27 32 13 0 100 46 94 87 100 13 98 100 100 100 100 36 9 79 46 100 100 21 77 2 32 40 21 100 12 100 78 100 1 100 74 38 13 77 93 100 12 100 25 25 87 100 89 27 27 66 100 51 60 22 78 29 74 70 28 38 100 3 10 100 11 45 73 32 71 65 93 50 100 100 21 10 100 13 10 8 100 16 55 100 100 27 37 44 100 65 41 5 58 74 100 35 22 100 100 100 18 100 29 48 94 80 96 45 100 62 87 100 49 53 45 26 25 100 31 44 0 62 61 69 33 32 100
2 74 30 18 76 100 100 43 100 61 11 100 48 3 84 75 85 48 34 97 52 100 27 44 29 5 100 4 15 44 81 100 100 32 8 75 10 100 100 63 66 100 72 41 26 73 41 22 100 60 68 65 100 5 42 35 26 68 41 27 46 70 69 46 24 100 42 64 100 56 53 100 9 20 100 94 68 90 40 100 24 73 100 90 92 58 100 2 33 100 60 100 68 68 68 48 51 100 100 84 58 41 33 75 29 8 14 57 2 80 13 100 33 100 68 36 52 34 96 100 100 41 100 44 81 57 36 100 94 55 77 69 81 100
99 28 100 100 15 100 40 38 100 52 67 100 34 5 87 36 22 16 100 87 73 89 100 94 54 82 100 91 75 96 92 6 100 100 60 100 1 88 100 23 59 100 100 7 2 39 100 80 30 82 98 40 24 19 100 30 42 59 100 13 100 59 44 52 11 100 100 18 76 100 1 24 62 100 49 75 82 71 8 73 64 100 60 55 57 12 17 82 88 91 100 100 100 91 35 100 3 95 46 45 31 56 100 8 100 50 21 27 65 100 83 52 67 100 100 100 69 56 52 100 100 100 100 100 100 31 15 100 26 25 62 45 100
49 56 4 91 62 13 51 12 100 86 67 37 100 100 39 53 9 41 100 26 7 65 100 92 100 33 13 86 57 75 21 100 29 47 15 94 62 28 72 100 100 95 83 53 78 100 49 33 86 2 69 8 100 100 23 5 73 100 56 20 100 34 100 20 20 68 80 65 46 58 32 6 17 98 4 17 22 78 56 20 100 80 70 100 100 100 89 20 30 27 31 100 51 27 10 42 100 96 48 79 59 46 22 100 30 64 56 100 22 46 36 100 43 8 34 62 100 56 100 77 57 25 80 78 23 60 100 38 67 95 100 100
75 15 66 42 55 100 68 100 100 100 54 100 43 100 91 80 37 67 100 46 49 29 100 100 100 52 100 62 25 40 3 100 100 40 52 13 67 2 96 49 20 100 96 5 62 92 27 31 71 100 3 0 11 74 100 100 35 93 74 56 100 76 50 97 92 100 100 100 100 44 74 4 39 14 24 70 100 87 84 100 54 66 93 73 100 100 35 2 100 100 88 100 23 83 76 86 85 45 15 100 100 40 17 19 53 46 100 100 12 89 35 63 48 15 34 3 100 100 100 100 96 100 10 21 65 100 60 100 100 91 100
85 62 1 24 68 46 74 100 57 79 65 21 88 100 4 100 78 51 100 81 9 100 100 78 100 100 76 12 43 79 100 37 39 100 69 44 100 26 100 100 97 92 78 0 7 38 42 100 48 100 100 80 100 46 100 46 44 100 19 9 84 95 54 96 49 80 56 86 100 100 100 13 3 20 5 4 11 82 60 100 100 100 76 1 100 49 100 77 48 73 44 28 54 29 28 30 100 70 100 41 19 100 40 66 66 59 91 77 100 2 8 89 100 54 100 100 69 14 82 31 100 28 100 100 100 79 72 100 79 100
40 50 93 31 48 100 46 100 100 98 9 0 100 22 62 19 100 39 10 10 100 22 100 7 100 62 100 35 10 48 62 69 63 60 100 13 28 89 1 51 12 40 13 30 31 73 96 79 58 39 81 3 25 34 96 5 100 100 75 28 100 19 54 94 83 100 47 87 58 23 67 100 60 93 100 17 100 36 10 100 17 20 15 50 18 39 83 49 16 46 99 100 47 87 32 100 27 95 100 35 2 100 57 100 64 10 93 8 97 1 66 3 23 51 100 75 100 90 56 100 96 93 100 98 31 15 71 89 100
41 24 8 43 3 43 73 16 76 99 41 100 85 12 86 6 88 81 100 44 86 54 33 59 8 78 8 83 100 26 84 28 100 100 61 20 97 90 40 85 100 6 10 78 100 5 77 43 48 61 100 100 38 97 47 79 55 18 21 100 33 100 100 42 32 9 49 42 64 47 37 100 35 100 96 100 53 89 21 100 100 100 88 99 89 94 100 12 100 100 100 66 99 50 32 82 42 7 100 11 57 11 54 100 6 100 13 100 4 74 40 100 42 100 12 41 100 100 14 6 100 47 95 61 100 100 23 100
44 45 100 57 54 37 91 16 57 76 31 100 0 100 0 100 100 85 92 2 100 6 27 51 34 47 100 83 9 65 100 56 29 98 25 100 29 80 73 30 3 36 25 22 50 100 94 60 100 68 7 15 100 54 36 39 40 25 55 100 43 70 100 27 0 5 76 26 100 88 31 67 75 16 21 76 100 100 22 72 19 43 80 23 40 83 100 100 6 27 23 68 48 51 35 76 27 87 71 97 100 25 13 92 73 27 100 100 100 70 100 93 49 47 8 100 95 100 70 42 100 64 28 18 13 71 100
100 31 100 64 89 100 38 44 100 100 15 100 10 100 100 52 14 0 66 66 82 44 49 47 18 54 46 100 83 100 46 100 73 11 19 93 100 47 2 21 56 33 100 51 50 99 100 84 8 100 86 92 47 90 100 100 100 18 34 100 72 86 23 100 80 81 95 38 72 100 100 82 91 100 100 84 16 39 0 100 50 74 88 100 100 4 4 17 100 78 49 15 27 86 66 44 84 9 100 10 100 84 29 100 3 63 23 7 89 61 56 40 50 75 87 100 25 4 0 11 2 38 60 37 42 100
100 92 45 46 8 34 23 80 71 58 100 100 5 15 43 7 100 16 100 78 100 32 94 100 55 100 100 97 100 100 100 28 89 12 84 100 74 50 52 24 39 25 36 97 29 11 96 100 88 32 100 60 100 100 82 45 100 100 100 62 10 100 72 100 61 100 75 100 84 100 32 82 90 100 100 75 41 21 100 67 58 37 11 100 100 70 68 32 86 3 24 19 96 45 100 19 100 100 100 93 100 100 19 58 100 24 24 100 99 48 36 20 97 85 100 86 17 83 18 84 100 76 100 63 100
35 100 87 52 100 58 66 25 100 81 18 100 47 100 34 15 60 48 91 30 100 100 100 100 92 22 23 75 9 100 41 43 51 82 23 100 50 48 28 78 100 62 40 73 24 76 46 89 15 91 100 23 75 68 56 89 38 33 52 81 100 50 78 11 27 100 93 88 71 39 38 63 100 68 17 74 57 82 66 100 100 5 88 75 44 100 54 33 63 50 100 55 2 45 100 39 100 81 100 66 7 83 63 66 100 80 98 100 100 17 54 6 100 63 4 75 21 100 76 100 91 57 15 100
34 0 70 4 87 0 100 40 100 48 78 1 34 3 100 93 13 100 84 82 37 85 35 65 32 18 83 55 88 83 21 98 100 100 11 42 48 82 72 24 78 17 7 71 30 83 100 0 47 2 43 100 100 100 100 48 9 37 100 72 100 9 25 100 13 45 23 33 33 75 84 58 77 59 54 69 45 44 69 50 100 53 100 60 62 0 100 30 32 100 37 100 34 10 100 43 22 100 100 100 100 100 12 36 46 67 75 15 99 37 77 51 14 51 100 100 65 100 100 12 100 100 100
100 69 45 3 100 100 85 22 2 8 78 78 100 43 6 8 100 100 58 100 90 90 9 48 69 100 100 3 100 100 80 100 90 71 42 29 87 80 83 100 66 83 44 89 35 86 6 68 57 37 94 100 10 100 56 100 100 93 5 28 100 100 100 58 84 9 100 84 100 92 15 99 100 100 66 60 22 100 7 100 100 79 20 88 68 5 100 86 77 60 55 70 100 37 99 23 92 65 100 100 75 30 63 42 69 100 65 56 43 57 14 100 70 29 100 100 100 46 37 30 69 100
45 85 79 68 11 73 56 100 8 19 100 85 4 14 47 100 72 22 7 80 93 66 35 13 100 96 57 100 100 34 100 2 18 100 35 100 36 32 60 90 100 73 100 100 75 82 100 100 55 41 100 62 100 74 37 100 76 69 72 100 76 2 67 40 71 8 100 26 100 61 89 20 66 100 100 100 17 53 94 30 35 30 43 100 50 86 82 100 77 100 100 70 77 70 98 86 35 2 84 72 100 80 59 86 36 19 64 80 12 54 100 100 100 97 100 52 9 26 91 56 100
10 80 100 98 80 100 100 85 98 20 65 39 97 67 97 59 100 12 99 19 52 18 48 100 100 8 7 99 72 100 13 29 7 67 71 100 39 41 83 100 100 100 33 2 29 86 76 35 47 8 100 0 49 96 75 100 30 100 100 10 41 3 100 93 3 28 59 63 70 71 98 25 92 61 42 53 69 51 100 28 90 70 15 20 100 9 22 100 100 100 58 57 100 100 45 59 100 25 31 100 15 42 87 68 23 100 44 79 11 39 73 100 11 100 9 74 100 100 100 100
100 84 69 95 84 29 4 100 54 100 12 58 53 42 85 68 7 100 97 4 4 80 100 5 93 39 71 100 83 40 77 13 43 59 100 100 32 42 100 100 100 100 23 77 73 90 76 66 38 80 1 100 100 37 47 8 15 26 37 29 92 90 34 98 55 5 100 75 74 100 28 100 96 100 39 100 26 64 100 100 54 56 45 100 99 56 11 44 61 100 38 100 88 27 72 44 91 23 100 83 53 1 57 46 94 0 22 17 14 100 100 18 100 14 34 87 14 22 100
100 100 100 72 34 91 100 100 53 15 45 100 35 100 93 14 98 100 21 56 78 100 84 73 16 8 90 84 0 6 100 100 40 100 14 100 100 100 68 23 100 100 100 100 4 94 38 100 100 42 3 75 89 19 52 92 85 100 14 100 92 7 100 62 37 57 100 92 100 70 76 31 57 96 52 19 13 48 33 82 19 100 100 44 100 10 33 41 13 94 43 100 8 28 100 98 100 100 53 68 38 8 37 62 2 100 19 67 100 100 1 78 20 64 66 97 72 100
53 100 4 100 100 76 100 65 18 66 71 98 90 75 98 33 3 100 100 100 34 89 79 85 80 100 87 100 45 84 11 73 71 64 43 17 100 100 57 38 58 70 84 100 43 61 100 6 2 26 58 100 54 66 12 4 100 81 100 100 61 77 16 94 29 56 88 100 87 100 100 100 93 80 100 89 100 16 13 50 100 5 100 100 73 82 100 61 41 95 64 65 92 94 23 80 63 100 100 34 59 82 23 100 100 32 39 65 100 71 16 46 83 100 57 100 100
73 100 37 100 74 96 100 90 48 55 59 75 79 100 100 16 100 100 71 9 37 33 100 79 10 38 71 68 98 100 42 19 6 26 37 95 64 37 7 84 36 99 100 73 56 23 50 100 35 89 60 72 77 91 100 100 30 100 97 100 100 34 44 72 33 2 38 100 91 38 42 93 100 11 1 100 15 100 7 100 72 100 83 92 100 67 24 81 2 39 85 18 100 75 100 100 100 98 100 17 100 58 31 92 78 0 17 55 59 100 95 16 64 100 39 100
99 39 100 36 100 86 61 100 36 100 100 36 100 30 1 76 63 44 100 71 97 83 100 32 87 9 28 46 79 100 100 20 80 99 82 100 100 24 91 50 0 81 54 35 77 23 21 36 100 89 55 71 100 100 2 100 77 4 48 98 32 76 6 63 44 93 100 89 36 100 100 100 61 68 46 65 39 54 79 54 100 50 31 85 98 12 57 100 42 100 100 31 70 100 16 50 49 34 8 34 94 100 65 19 41 71 11 74 100 3 32 57 100 100 100
54 75 16 67 60 100 87 100 100 94 90 27 94 100 71 59 34 30 74 88 66 100 52 73 56 100 39 47 31 26 64 1 73 99 32 8 11 46 100 97 100 86 49 5 21 100 31 16 69 50 60 100 100 36 21 70 80 80 92 18 100 100 39 94 90 100 7 36 20 97 58 57 78 79 100 16 30 100 100 35 100 55 93 100 99 100 82 100 1 54 18 58 45 100 57 87 100 76 51 100 1 100 3 100 66 16 12 83 50 82 28 33 85 100
37 97 42 31 37 52 8 71 100 32 100 37 19 61 58 44 100 100 15 56 15 100 100 100 72 19 100 67 76 100 45 19 22 82 34 58 19 56 100 100 21 100 100 100 38 21 14 100 50 79 100 100 12 68 89 38 45 1 75 45 92 64 73 82 57 21 68 100 100 80 100 100 87 99 100 79 56 48 100 1 27 100 100 7 69 89 100 88 11 53 29 91 100 26 19 16 33 47 100 22 100 80 92 38 13 56 69 100 90 100 66 50 100
100 57 100 53 82 45 59 36 88 26 61 70 100 99 75 33 100 89 99 100 65 26 7 100 67 4 44 25 93 100 100 10 100 30 100 100 66 41 61 3 100 100 63 64 30 39 95 24 42 29 100 89 87 100 100 100 14 38 68 85 44 87 100 18 100 100 70 99 67 17 2 100 100 100 94 100 20 76 77 84 100 54 100 44 100 30 6 53 100 26 100 41 52 56 11 100 100 85 71 75 56 67 12 94 100 55 79 100 81 100 100 100
13 11 82 100 46 100 100 100 43 20 21 43 100 86 100 64 100 100 6 14 95 9 100 27 81 0 71 100 100 78 32 100 37 100 56 43 100 100 100 56 25 6 100 100 100 100 100 26 96 5 72 100 75 100 20 12 100 39 100 83 77 12 40 100 7 63 5 1 50 19 92 96 67 8 100 90 100 96 69 33 59 79 100 42 92 100 93 44 9 100 50 27 41 11 36 100 85 24 81 22 14 39 50 79 76 49 31 1 51 100 100
90 77 100 49 100 50 27 28 15 22 55 50 50 56 74 100 10 36 96 88 100 60 14 58 79 100 100 100 100 100 100 100 15 3 72 22 93 66 19 7 45 100 100 20 92 100 62 10 100 32 94 69 70 100 69 43 4 54 100 25 67 41 100 72 22 45 100 86 78 40 100 81 40 92 52 100 96 52 37 81 63 63 10 100 100 100 42 100 26 100 100 97 70 100 100 51 57 100 26 100 45 100 100 18 69 98 17 44 63 100
13 95 98 34 90 87 97 67 58 40 62 30 73 100 87 16 43 7 99 29 25 100 91 36 3 1 54 44 7 87 44 100 94 75 100 16 44 100 70 59 65 51 100 63 100 100 100 6 41 100 69 100 66 94 27 74 47 76 50 0 29 4 48 100 26 60 29 2 16 79 6 88 91 75 78 98 100 35 11 100 45 89 54 90 100 71 12 47 4 32 100 86 100 100 36 59 12 15 32 100 100 94 100 41 100 36 100 85 100
2 100 26 45 83 25 48 54 100 100 36 33 100 22 41 85 100 100 14 39 15 100 7 73 90 94 36 90 81 100 10 100 50 100 84 41 9 100 99 100 100 31 1 82 28 98 76 73 96 93 47 53 100 29 90 31 59 100 80 100 81 48 22 100 49 55 50 95 78 100 100 30 100 79 22 1 100 71 100 10 100 100 49 14 17 100 100 97 13 100 43 70 100 43 93 100 100 54 19 61 74 100 93 60 100 84 97 100
100 100 28 8 100 39 100 37 60 63 100 100 100 48 80 85 55 100 100 45 46 100 56 100 100 16 1 100 100 100 40 85 55 65 100 26 85 10 53 13 100 100 100 96 100 100 67 85 63 96 27 89 6 97 100 42 28 89 100 10 53 100 75 18 37 77 100 57 6 56 6 6 100 100 52 3 69 100 88 3 67 46 53 98 27 91 87 83 18 80 5 100 60 13 100 70 25 9 30 50 95 47 53 29 73 100 100
93 38 1 100 12 97 100 76 22 97 21 91 21 83 34 93 65 100 91 1 100 23 51 92 80 5 89 15 94 77 77 100 100 78 94 90 100 75 8 100 47 60 82 38 50 100 9 100 94 43 100 39 92 59 100 100 25 100 94 94 68 100 7 100 100 0 71 79 39 100 71 24 8 71 100 28 14 22 0 100 26 32 25 60 17 69 92 43 81 99 100 100 16 50 97 28 92 40 100 63 100 0 33 75 73 100
48 65 21 100 77 100 82 10 24 100 71 57 94 100 4 29 100 64 12 78 35 100 90 100 21 19 76 20 100 90 100 22 8 100 92 100 44 49 13 40 35 59 25 100 100 94 42 58 100 29 43 100 12 99 4 68 2 37 48 100 50 89 96 100 32 0 26 100 51 98 57 100 1 85 18 100 24 1 100 45 34 69 30 0 8 35 100 100 52 100 78 54 5 80 0 100 86 20 12 100 34 100 100 92 100
70 40 69 63 83 51 10 10 23 100 100 100 64 38 45 36 40 20 21 60 100 49 81 100 79 100 37 98 34 2 100 69 100 0 100 64 12 92 100 48 58 24 78 11 100 100 100 15 4 37 22 96 100 23 100 71 73 12 83 100 3 88 56 90 95 66 33 20 65 2 29 20 98 38 55 31 85 100 55 19 100 88 100 93 13 92 18 89 36 100 66 70 100 100 66 19 19 100 42 100 8 24 99 100
93 52 100 27 56 86 94 89 62 73 85 36 46 4 52 90 90 30 14 100 34 65 100 100 5 100 61 100 34 1 49 100 100 67 27 100 100 36 20 100 100 49 93 100 6 63 100 71 29 100 34 85 52 18 100 42 42 80 11 100 100 63 90 50 100 100 90 39 100 100 38 97 100 53 100 100 77 100 47 46 95 30 46 52 100 100 70 66 38 43 100 19 73 26 100 68 100 100 54 29 100 16 100
13 82 100 100 15 74 100 77 12 28 58 71 11 34 17 10 100 100 46 49 6 3 26 100 18 60 91 22 50 99 100 30 100 89 38 21 100 18 71 81 11 97 100 39 64 25 37 2 29 100 100 100 60 100 92 21 100 100 94 100 65 100 25 68 17 67 88 100 2 100 49 100 25 32 100 100 100 3 100 41 32 100 93 17 100 100 79 100 100 80 20 100 100 27 48 82 100 69 9 20 93 100
70 100 48 100 15 28 77 47 40 28 100 54 100 69 3 100 93 100 38 100 13 99 72 96 75 29 74 62 53 100 40 100 22 100 10 41 100 100 83 15 31 9 100 89 92 12 100 0 89 37 61 53 69 100 46 99 100 56 38 57 88 13 71 37 28 93 30 52 79 4 34 79 30 60 100 96 100 80 24 64 76 87 66 100 100 55 60 39 46 33 78 100 19 100 100 10 100 55 17 55 100
100 100 100 100 42 30 13 0 100 19 96 100 100 51 45 19 70 100 100 61 25 52 40 73 100 64 91 38 58 66 46 8 100 57 74 57 67 62 32 25 75 16 18 100 68 31 100 41 56 100 79 16 100 100 27 67 17 100 65 8 93 100 28 20 4 2 53 100 33 89 28 100 11 30 45 12 12 7 3 49 98 100 100 17 60 79 54 7 99 67 71 100 45 100 100 99 100 39 90 100
75 100 100 90 96 15 33 70 63 23 77 48 100 25 8 46 100 25 100 100 32 42 53 39 50 88 71 100 100 100 96 61 100 84 23 61 58 96 100 100 50 2 100 50 100 100 6 35 73 100 17 44 28 56 6 10 66 100 100 100 24 100 15 79 2 36 100 78 79 23 52 54 100 85 100 39 0 48 100 43 71 28 100 37 3 36 100 26 58 70 100 100 28 83 65 0 71 40 100
62 14 100 4 76 50 90 100 100 24 28 87 100 1 82 2 75 31 13 62 100 15 100 37 100 100 99 23 59 100 77 100 63 39 68 69 100 37 34 16 94 37 12 100 75 19 40 12 100 100 32 100 25 75 100 67 100 11 100 89 1 71 100 1 62 100 100 45 100 96 13 44 100 80 76 100 43 70 35 84 65 100 85 26 50 24 57 21 64 88 100 88 100 100 9 12 100 100
46 70 40 72 63 31 91 79 13 100 16 100 100 100 100 100 17 100 50 100 71 100 20 100 26 100 21 93 31 44 64 56 0 100 23 7 62 9 100 71 24 72 44 100 62 62 100 82 68 1 23 27 100 31 93 77 21 19 58 21 42 58 92 11 23 100 100 76 37 100 51 100 63 16 42 21 100 94 100 29 3 100 19 53 41 73 57 73 42 38 15 0 66 93 19 67 100
13 63 100 100 100 52 16 90 100 100 56 80 100 28 66 72 60 13 69 21 77 100 45 100 28 100 56 89 100 62 4 78 50 100 23 0 54 71 87 100 100 95 100 100 100 50 15 100 37 96 52 100 100 8 61 44 1 10 98 9 27 72 100 70 1 14 44 100 80 94 100 100 54 9 100 100 53 16 32 22 0 100 10 100 100 30 100 38 92 100 100 81 26 37 100 100
75 40 85 54 69 100 100 89 83 27 38 32 78 100 47 100 93 22 29 28 89 62 100 56 100 36 100 2 100 57 65 47 17 33 100 86 65 87 56 100 61 17 27 45 54 74 55 13 100 100 99 38 42 100 55 41 37 88 72 35 75 23 100 95 100 49 92 82 97 14 90 85 100 55 62 40 44 44 25 87 8 100 96 38 98 100 100 35 100 16 48 51 99 29 100
23 43 59 83 100 30 14 3 94 100 23 100 8 20 100 100 100 58 100 100 83 95 12 100 60 3 8 39 20 27 98 40 100 78 69 9 24 51 100 12 74 49 100 46 1 97 100 100 96 40 100 69 88 100 100 57 46 97 100 100 45 54 47 86 83 22 5 47 81 34 74 9 34 68 54 100 15 11 76 100 85 69 100 37 100 0 52 80 37 100 100 34 100 100
100 100 100 20 13 21 100 36 77 75 42 33 11 77 100 8 35 90 33 78 46 88 5 30 59 52 0 100 63 78 28 52 100 75 90 73 89 40 63 53 100 73 57 88 55 87 14 100 100 68 73 29 100 86 100 44 1 100 16 36 100 9 5 100 72 91 62 94 63 57 100 80 43 73 42 39 70 100 29 100 100 8 100 100 96 100 66 4 24 100 18 85 100
10 78 55 34 37 86 22 100 17 100 100 100 20 10 92 65 100 86 81 33 26 100 69 100 85 100 100 100 51 25 19 83 32 100 54 100 43 18 16 40 25 47 100 100 93 80 78 54 100 100 47 92 52 100 29 26 52 27 100 34 56 87 100 46 14 30 73 75 100 100 96 98 93 88 85 100 80 86 45 81 70 70 68 27 39 97 58 0 44 78 100 100
79 5 100 49 69 100 17 59 76 16 18 62 100 3 36 46 99 55 70 100 59 100 69 4 11 17 8 100 94 100 79 100 98 100 40 100 30 37 100 61 4 91 80 86 100 100 92 100 1 100 100 5 17 39 12 2 95 48 100 96 100 64 98 100 35 9 100 100 30 18 100 27 88 1 100 27 48 75 36 100 100 34 100 35 53 30 0 100 87 100 100
25 80 23 52 20 100 13 96 41 64 83 25 58 59 62 27 91 19 61 100 95 29 90 100 37 50 86 3 49 100 47 47 16 100 82 5 24 79 7 74 3 60 96 91 35 12 66 39 7 75 4 100 74 16 65 73 9 100 73 42 56 3 40 27 100 41 33 36 81 91 0 34 100 100 100 30 83 30 83 23 28 66 73 37 64 84 57 10 74 100
49 32 30 37 100 45 70 92 56 44 1 100 97 79 62 65 26 75 28 100 38 20 64 54 21 8 88 73 100 100 100 6 100 68 100 40 97 40 100 35 28 28 4 51 93 31 100 49 74 66 31 25 100 100 31 14 75 100 25 39 100 72 97 27 67 100 100 63 100 100 98 32 40 85 12 55 100 98 4 84 77 46 25 100 99 100 100 17 100
100 71 90 99 100 42 2 100 89 56 10 11 70 47 100 40 73 49 100 25 100 100 79 100 94 50 100 19 78 100 100 35 100 87 37 9 100 56 100 64 5 58 85 82 97 100 100 51 78 100 91 100 26 72 76 76 94 35 83 18 47 24 61 98 15 100 100 84 100 78 33 45 61 58 63 34 100 38 2 19 15 100 94 98 54 100 10 100
18 100 63 59 100 64 95 9 100 21 71 100 69 95 10 80 58 100 54 100 100 100 19 40 13 100 11 88 25 41 100 87 100 100 100 31 52 99 85 100 100 2 81 16 75 100 66 100 63 51 85 93 51 100 70 97 16 64 100 100 97 68 91 63 37 4 13 98 39 90 9 100 43 94 95 87 100 82 8 100 33 99 38 77 54 53 100
90 90 16 54 84 74 95 88 72 100 44 100 100 100 33 100 9 15 68 100 4 13 100 18 3 31 64 100 11 53 92 39 100 82 4 89 66 79 21 25 14 100 100 86 100 28 39 81 57 16 96 48 100 100 100 30 100 100 87 91 4 100 90 57 60 93 100 100 77 37 71 100 40 100 100 84 100 100 88 100 60 27 30 33 22 100
87 7 35 10 30 16 100 100 100 100 61 28 63 40 100 38 81 15 100 76 67 51 35 47 75 22 50 62 19 100 100 4 57 39 3 25 83 100 100 100 42 21 9 100 13 92 84 32 62 100 59 79 89 69 100 58 100 100 100 85 14 76 53 98 10 100 2 53 27 39 27 100 100 94 100 68 51 81 79 100 65 99 88 100 100
89 25 20 45 45 89 23 53 92 7 55 53 38 89 31 71 53 11 20 79 100 73 79 15 56 98 71 82 25 52 100 9 100 86 82 100 82 100 100 27 78 31 30 92 62 31 80 1 45 83 49 20 100 100 68 62 100 57 15 50 100 63 40 35 100 33 47 28 42 11 41 98 15 36 100 71 22 100 80 51 27 54 100 100
100 27 61 41 100 22 62 98 69 45 100 64 42 45 100 14 77 100 39 91 43 72 100 67 100 84 90 100 100 58 100 71 73 29 82 17 100 100 1 93 81 100 83 100 98 39 36 21 76 60 82 8 79 44 45 38 74 100 95 15 100 100 100 100 0 37 6 100 52 98 22 66 33 100 100 100 46 100 10 78 3 51 100
100 19 39 81 70 63 100 100 32 58 41 11 100 24 61 52 69 100 40 68 36 79 45 69 4 61 52 100 62 5 56 52 100 100 60 92 100 48 75 82 29 93 63 100 100 84 100 100 100 35 80 100 100 20 65 100 100 98 100 100 100 56 100 10 100 73 100 78 81 91 85 100 18 94 100 19 16 57 100 100 92 100
100 97 30 31 95 52 19 94 41 93 19 27 100 90 45 37 70 100 24 6 89 82 15 79 86 100 100 11 100 61 62 100 85 100 31 6 70 86 76 100 92 39 55 4 19 26 68 86 85 51 100 21 13 100 1 12 74 31 77 100 46 100 83 100 13 16 91 75 100 38 35 72 20 1 100 26 76 60 100 92 100
39 100 43 32 100 100 6 93 17 95 100 100 100 4 100 61 100 3 16 22 73 100 96 14 23 41 35 0 92 2 75 78 44 18 100 100 16 42 21 100 34 65 7 17 83 91 43 52 24 100 12 100 90 40 100 19 15 35 85 39 88 100 100 100 13 30 71 9 100 46 100 100 93 90 100 28 1 69 48 100
18 67 88 94 23 100 68 78 42 100 100 31 18 55 100 72 19 84 38 100 74 34 22 19 97 88 15 39 9 63 91 100 98 44 36 58 100 83 95 67 8 100 80 100 22 28 10 17 100 59 14 30 80 100 16 62 62 7 9 100 99 33 66 92 13 85 41 11 0 60 32 100 63 81 100 100 39 100 100
100 60 1 31 57 100 19 27 65 8 100 100 63 100 11 69 96 79 16 6 100 100 40 100 100 9 86 57 100 66 85 56 84 48 100 47 100 67 24 33 8 74 31 91 100 39 65 45 91 3 100 62 48 38 1 8 55 40 100 18 49 100 100 100 17 100 63 13 100 100 72 76 44 93 2 70 5 100
17 100 100 83 10 100 90 95 34 59 46 17 24 90 82 100 88 78 19 32 100 31 55 59 84 8 64 99 40 100 15 73 100 100 61 10 68 94 14 48 27 33 35 93 100 100 82 100 34 70 25 90 30 100 100 5 69 100 10 100 24 46 11 100 13 43 100 40 67 100 68 25 9 42 11 13 100
86 100 100 69 62 17 95 40 23 5 3 4 73 100 100 12 56 31 35 8 49 77 53 2 87 29 22 32 100 18 100 46 5 35 63 38 73 100 15 10 83 100 100 99 100 66 53 67 1 95 13 67 100 79 100 44 4 50 22 89 100 23 93 60 100 88 44 100 100 74 100 100 20 18 14 100
100 28 7 100 46 30 95 100 12 100 25 100 7 100 5 96 23 1 100 51 100 100 20 5 22 100 100 4 59 100 87 80 12 69 7 100 21 5 87 36 71 58 100 100 100 30 95 53 19 100 100 100 67 59 55 33 97 58 33 100 32 0 94 30 100 14 100 71 78 91 2 45 51 33 100
21 25 37 83 82 43 100 11 100 53 2 57 32 27 16 100 12 73 9 100 83 100 7 100 61 100 17 100 87 100 100 100 70 74 48 36 34 100 62 44 18 100 46 63 73 100 100 31 100 0 39 71 15 100 89 41 100 100 65 100 11 100 37 45 17 100 100 27 100 81 85 47 45 100
3 14 61 85 60 72 88 10 42 100 98 1 100 75 100 100 99 73 100 0 7 40 100 1 100 94 70 71 93 64 20 54 2 100 68 64 50 100 99 100 43 93 100 44 5 24 0 47 19 43 10 83 100 100 48 54 29 28 100 72 92 29 15 46 35 100 31 55 61 17 34 100 100
100 45 41 19 30 100 47 81 52 100 91 26 81 100 78 83 99 86 59 30 100 53 18 2 86 16 24 76 100 64 100 26 100 57 100 70 63 10 28 97 100 20 100 88 100 33 80 28 28 10 6 79 82 61 100 18 12 58 89 60 43 100 60 65 77 7 100 73 95 43 5 100
48 100 87 100 86 33 57 3 77 100 82 100 100 100 69 76 100 100 44 58 100 2 1 62 100 71 100 100 97 55 25 23 29 47 0 100 81 69 100 89 54 98 19 25 67 79 77 100 100 100 84 100 3 100 80 53 70 81 100 100 71 100 32 85 5 66 22 98 50 88 100
82 22 26 100 99 58 5 63 100 64 100 33 64 100 100 100 38 76 93 89 100 37 89 16 24 20 82 100 91 100 11 85 6 99 59 11 100 59 59 100 0 100 73 21 100 100 100 72 89 5 99 100 63 100 100 42 98 2 100 85 99 1 12 100 47 75 100 100 100 100
60 88 74 100 94 100 81 93 55 94 47 100 100 69 100 60 100 22 81 36 98 17 44 85 23 20 58 79 15 100 94 52 7 48 75 12 100 14 87 4 79 18 4 71 95 8 64 21 28 73 7 82 100 65 97 84 100 2 89 4 20 10 0 90 67 70 100 100 100
58 99 33 100 100 7 80 30 23 100 100 18 13 0 32 100 58 42 100 100 100 100 8 100 12 3 38 0 100 43 80 100 60 100 20 70 46 19 100 100 23 75 100 41 56 100 38 97 37 47 26 56 19 9 100 35 29 52 27 88 40 100 100 100 100 16 5 100
100 7 100 67 71 11 89 99 55 99 79 36 100 82 25 77 13 100 100 18 69 76 66 69 100 13 76 70 45 50 95 100 100 51 100 100 61 100 100 81 13 27 46 100 65 72 18 31 40 30 59 37 53 16 42 86 94 68 100 100 78 62 100 100 100 8 100
35 55 100 81 73 100 100 100 100 59 39 100 30 8 28 36 34 12 100 47 39 21 58 21 80 94 3 31 85 24 49 13 77 98 26 100 40 35 1 100 100 1 12 62 54 92 100 94 77 100 15 100 97 71 99 59 42 100 2 84 18 7 30 75 100 100
94 92 48 6 100 0 100 100 100 81 100 85 100 100 20 100 100 100 34 38 30 98 100 100 63 29 57 74 61 13 100 100 63 34 64 96 42 52 100 70 31 66 83 100 77 95 88 1 84 54 100 100 51 100 81 67 100 12 8 26 94 97 7 41 100
100 56 16 78 100 80 63 12 97 15 93 76 75 39 55 100 19 50 56 43 52 77 35 100 88 71 66 100 100 100 95 9 100 100 21 100 4 51 100 100 3 85 26 84 43 78 85 54 68 66 100 92 1 31 61 28 59 92 90 36 65 100 4 100
35 58 93 100 58 60 73 79 20 100 75 28 100 79 95 50 14 0 71 82 29 29 100 98 100 21 62 27 94 100 68 26 44 66 100 100 100 23 73 100 64 60 37 71 46 85 30 72 87 100 7 14 95 100 60 45 51 5 86 56 26 3 100
8 100 100 69 96 15 86 15 96 53 85 63 64 31 81 48 98 80 48 4 5 45 25 73 40 55 100 61 26 33 70 22 64 100 1 66 100 78 100 21 65 22 82 80 100 100 100 76 35 41 100 43 68 56 60 100 100 1 95 21 2 100
34 89 94 93 79 28 88 86 18 61 44 100 100 99 53 100 88 87 100 100 53 90 100 100 100 56 89 21 100 100 100 28 44 48 8 36 74 27 3 21 84 100 2 66 100 79 42 91 100 99 58 37 11 16 100 79 100 55 100 6 100
74 55 76 64 65 26 1 100 78 31 100 62 81 76 19 40 10 100 49 94 11 98 9 24 10 100 51 43 54 59 68 82 63 88 100 10 100 23 100 49 100 42 68 72 98 100 47 86 76 96 41 99 100 47 74 100 100 79 21 100
100 100 100 100 100 100 3 38 49 7 100 100 59 13 7 60 51 70 90 83 23 62 98 96 43 100 100 47 100 11 38 57 46 16 88 10 87 30 69 32 15 98 51 95 25 93 100 100 51 54 14 44 100 56 100 73 100 100 100
52 40 45 100 100 44 100 51 52 29 100 39 100 100 58 28 11 29 100 30 100 32 28 100 68 94 52 52 56 50 1 6 55 24 100 35 59 100 95 48 19 26 100 100 51 43 100 74 100 52 100 100 72 51 14 22 79 100
37 100 100 29 48 90 80 100 42 47 100 100 77 97 9 39 37 48 42 100 100 88 66 1 61 50 100 92 76 73 98 100 25 18 100 55 90 84 99 34 100 69 95 100 100 36 57 100 62 8 13 100 37 100 100 100 100
92 68 100 100 100 75 79 4 31 100 96 29 100 32 93 100 100 18 100 100 100 11 45 78 100 100 99 49 100 33 84 87 42 100 19 20 36 100 8 62 100 19 100 91 98 16 88 100 100 46 28 100 54 33 68 100
76 20 100 36 19 22 81 12 34 7 86 62 0 100 92 3 10 100 11 100 100 18 81 40 38 69 100 100 56 100 10 80 29 45 100 30 9 100 23 29 8 100 19 92 99 20 100 24 9 91 100 72 5 84 100
31 100 0 36 49 100 100 100 34 80 68 61 92 100 100 100 64 29 65 100 11 100 100 100 47 1 72 77 100 98 95 100 76 3 28 29 88 93 24 22 8 100 100 11 47 1 100 74 92 100 61 40 35 100
100 9 100 28 100 54 20 42 31 100 70 100 60 33 39 96 14 43 53 100 100 52 91 72 45 100 14 100 66 39 15 83 68 75 14 41 100 55 79 100 17 49 8 79 100 64 43 91 71 96 36 67 100
46 8 100 89 11 16 100 29 16 54 100 61 38 85 24 8 95 2 100 100 32 100 100 85 17 100 75 80 100 69 100 84 21 52 100 7 47 83 41 10 49 77 75 100 100 13 27 9 100 53 18 100
26 100 100 22 100 100 3 17 76 23 100 100 100 76 53 100 36 100 100 0 17 100 60 28 28 85 100 0 28 42 100 38 100 100 37 100 53 98 73 3 11 0 46 100 100 99 100 5 83 100 100
0 100 84 89 10 63 100 100 51 41 100 100 100 51 22 2 15 100 42 86 49 50 100 16 85 34 100 55 7 26 14 52 32 95 0 100 71 5 74 56 72 38 2 23 39 6 18 67 73 100
100 71 100 70 100 62 100 7 87 18 100 94 92 30 100 100 100 100 45 1 87 12 79 20 12 34 45 17 74 100 38 57 38 61 26 8 3 100 7 91 43 95 100 6 55 53 100 40 100
58 3 45 24 58 100 46 43 100 40 35 69 82 98 100 46 3 100 85 11 7 59 93 86 94 100 100 80 28 90 100 96 91 100 35 56 100 100 100 100 100 100 100 82 80 66 42 100
64 100 100 54 94 37 18 97 94 44 54 11 100 98 44 100 45 100 84 1 83 82 100 100 100 21 30 51 97 38 20 38 100 100 100 100 100 73 42 98 100 100 100 100 94 68 100
100 44 100 84 2 3 100 41 40 100 69 22 57 76 39 5 100 58 75 72 35 56 56 78 36 99 88 43 68 80 95 70 1 68 66 63 85 100 14 9 71 49 10 100 100 100
18 36 7 51 95 57 30 74 56 100 39 97 59 25 20 100 93 92 51 42 47 100 100 100 100 8 100 100 100 100 100 6 69 14 99 40 22 20 26 100 100 34 80 100 100
100 18 12 49 34 97 65 14 76 67 89 40 30 92 100 100 100 100 57 100 100 33 100 100 13 51 76 100 86 77 60 96 64 78 38 15 36 58 37 6 54 100 95 100
100 29 100 100 14 39 74 91 13 66 56 85 69 3 2 100 8 40 85 40 93 100 100 35 75 56 61 59 96 88 45 18 31 2 100 63 0 7 100 100 92 19 100
100 100 100 52 100 34 0 22 56 99 100 79 100 100 41 85 100 92 2 84 100 100 100 39 58 61 100 100 100 100 90 7 70 100 33 95 100 60 57 99 55 100
95 33 57 100 23 46 31 100 99 0 29 64 72 9 100 24 26 100 89 2 20 62 40 100 85 88 100 100 100 98 58 17 58 39 75 63 100 6 35 100 100
55 32 69 78 77 35 98 61 18 31 15 86 49 63 62 100 100 87 99 100 17 100 46 64 100 33 100 80 70 62 7 37 90 62 91 11 71 100 100 100
18 20 78 6 100 100 9 8 58 100 10 25 4 57 72 36 91 13 73 22 100 58 15 100 100 20 82 66 3 20 22 65 100 11 78 100 100 18 100
100 100 42 78 64 16 69 35 36 4 100 35 44 72 7 21 38 95 100 69 68 7 76 100 68 49 100 16 100 49 92 100 99 35 100 64 19 100
88 81 100 25 100 83 57 90 100 100 100 99 34 33 36 85 100 75 94 31 77 75 39 86 59 96 15 59 61 69 91 60 16 100 50 40 100
21 87 82 10 71 62 35 100 40 24 100 100 95 4 48 85 14 100 51 100 77 100 14 40 73 43 80 97 66 86 33 100 92 96 100 100
89 16 15 100 9 69 66 100 43 22 29 100 100 93 82 44 23 95 50 83 99 100 37 41 84 100 100 24 97 40 93 60 84 18 100
86 72 100 67 50 100 100 82 90 13 15 100 45 52 100 83 66 7 100 100 80 59 71 100 78 82 81 10 55 62 41 31 19 100
100 90 29 38 77 70 83 81 79 75 38 100 73 62 1 100 33 100 79 67 92 100 98 97 95 99 87 55 23 99 100 54 100
3 26 96 62 100 16 100 98 100 79 31 53 82 84 55 100 70 93 51 58 61 100 55 66 17 35 70 4 31 7 91 100
91 5 61 94 100 24 100 100 17 27 27 31 100 82 14 100 49 77 100 7 100 100 7 75 2 21 40 100 100 66 100
30 89 15 100 24 7 54 100 56 100 94 48 51 79 70 54 22 51 12 100 61 56 97 10 20 36 25 22 100 100
50 69 100 100 74 8 3 46 67 81 84 100 49 10 98 61 100 37 21 67 67 100 100 88 61 47 78 89 100
26 71 3 46 100 58 71 100 11 30 50 2 65 92 100 100 45 36 20 16 97 98 91 64 0 100 100 100
86 69 36 51 21 52 97 66 6 41 100 100 63 39 62 100 55 100 13 75 58 100 76 100 100 61 100
7 100 100 44 15 100 98 69 24 95 22 87 35 8 100 59 77 100 39 100 6 44 40 100 62 100
100 100 99 100 2 100 8 89 94 52 100 28 63 34 34 66 15 95 32 37 100 65 10 60 100
100 67 100 97 59 100 30 15 42 100 16 100 100 66 74 69 0 49 26 82 100 100 54 100
100 54 56 72 56 100 26 71 100 26 49 100 81 100 64 92 67 100 75 100 6 95 100
80 56 44 62 100 100 62 94 100 9 96 100 100 100 81 36 72 67 42 46 82 100
75 76 50 60 100 65 100 73 99 100 41 20 0 30 59 100 43 8 11 38 100
71 22 21 100 100 100 95 100 11 52 48 64 100 65 13 54 70 100 76 100
37 27 100 69 70 100 100 0 71 93 20 100 100 100 56 16 100 35 100
18 100 69 54 100 45 100 100 62 100 100 96 74 62 18 35 9 100
93 20 100 32 53 61 48 5 95 19 34 65 52 34 76 5 100
20 24 98 12 31 100 68 24 71 72 74 72 28 90 100 100
3 61 100 23 60 100 1 93 99 4 100 44 100 100 100
64 100 99 100 16 100 100 61 8 78 18 100 100 100
11 1 45 79 100 100 68 100 7 100 100 63 100
100 82 42 100 100 85 100 39 93 77 25 100
74 91 5 100 95 99 66 26 12 50 100
25 53 44 100 25 24 94 92 4 100
100 2 100 54 41 62 100 11 100
86 99 97 100 36 87 100 100
100 84 28 52 86 100 100
94 80 85 100 47 100
20 15 19 22 100
28 41 75 100
30 100 100
97 100
100
