200 100
88 15 72 55 100 49 58 100 100 84 69 2 21 5 100 98 100 76 75 18 78 42 53 35 24 69 90 39 29 21 88 43 15 15 76 65 82 13 2 66 100 38 8 19 93 66 45 78 70 18 96 100 97 99 100 3 100 100 73 38 48 100 96 80 58 89 53 65 58 81 100 67 19 23 50 100 84 24 46 79 14 100 67 100 96 3 33 84 34 76 49 56 43 28 52 100 44 95 100 1 50 0 88 36 100 36 31 36 49 86 100 98 87 100 63 50 100 59 96 5 83 92 100 41 89 9 55 100 57 33 70 51 70 35 100 30 90 38 69 63 64 100 66 93 31 84 100 87 59 81 21 100 47 100 65 19 62 100 88 2 57 42 52 90 90 100 55 99 100 73 21 100 86 24 80 84 23 28 37 62 50 2 98 68 76 9 34 7 17 83 84 52 13 34 82 74 100 40 49 100
100 44 93 9 47 1 10 86 88 80 86 43 16 53 100 100 100 32 79 100 100 82 100 84 21 100 100 91 100 4 99 100 59 16 11 43 74 63 53 1 62 41 22 77 48 100 18 51 23 100 4 100 23 75 41 72 74 100 100 100 2 99 77 11 7 76 30 43 71 42 19 3 88 100 79 13 31 100 20 38 97 23 19 91 14 87 34 100 84 7 93 17 100 8 100 59 79 15 100 100 17 100 98 61 98 0 100 75 100 11 41 2 15 7 73 90 21 94 100 94 13 39 100 46 88 71 5 5 46 67 1 100 23 90 26 100 71 42 71 100 14 100 62 58 100 42 15 69 83 97 52 100 18 100 53 24 100 90 31 72 52 4 79 71 4 21 6 44 4 100 13 55 100 91 21 11 72 33 32 93 48 99 54 39 19 38 53 33 52 99 40 61 92 78 100 86 29 20 100
39 34 11 95 91 34 27 100 93 75 25 9 75 75 64 4 58 100 24 100 60 100 75 36 42 6 60 19 100 2 100 27 100 36 74 18 36 100 50 66 23 95 62 33 77 100 25 14 100 33 9 100 5 55 94 96 50 67 100 82 78 100 4 44 36 100 92 100 100 81 33 35 100 88 100 21 14 68 62 5 43 8 47 100 100 6 100 81 26 3 55 54 100 83 49 11 29 100 14 52 55 100 94 46 81 8 100 64 44 42 56 100 84 53 0 18 9 51 1 3 74 36 2 100 100 30 22 22 49 31 1 51 60 100 33 94 40 69 89 66 31 100 83 33 86 72 42 21 100 100 100 100 88 45 100 71 16 100 100 59 100 100 53 81 4 100 100 35 100 80 100 100 100 32 60 79 85 100 56 85 4 100 100 87 100 57 20 46 70 34 98 19 51 19 83 72 100 100
31 100 53 43 91 53 49 41 74 100 73 65 24 55 0 99 98 7 100 45 100 58 68 25 58 100 100 100 27 35 49 73 100 100 88 41 100 77 67 8 34 98 50 85 17 37 98 38 75 5 100 3 100 94 100 32 23 10 13 16 33 60 17 4 40 57 2 21 91 100 100 45 24 6 2 71 77 53 22 100 51 96 76 33 42 86 74 98 100 4 10 34 100 64 18 17 77 5 30 89 36 100 100 2 27 66 76 56 4 61 87 93 24 92 18 94 0 0 15 89 41 23 13 22 55 96 59 84 69 52 100 28 86 64 100 2 3 49 23 91 100 84 63 62 26 28 8 19 39 100 31 11 27 15 52 12 24 80 87 98 73 98 79 21 66 3 100 94 58 67 90 33 100 47 100 81 46 100 52 100 1 100 76 100 88 12 93 27 23 100 66 50 77 4 64 10 100
83 100 25 48 70 88 97 100 100 100 20 69 56 100 61 18 73 16 100 100 16 46 49 100 41 19 54 94 60 39 88 8 100 81 65 48 6 100 3 76 100 90 36 16 43 99 65 45 59 48 69 1 21 94 17 12 92 47 89 72 98 100 92 78 38 100 100 77 100 64 37 100 100 91 66 100 10 71 100 67 32 86 94 52 9 29 33 100 16 100 11 87 100 45 100 63 5 100 85 74 67 68 100 81 66 100 52 35 72 53 89 100 25 15 45 28 25 2 47 8 3 71 100 80 27 100 12 56 10 27 2 100 71 30 54 100 26 38 91 84 80 82 100 100 90 37 100 61 62 9 100 87 33 34 11 18 30 66 50 84 88 33 93 88 50 34 19 34 69 41 66 36 17 78 12 69 100 2 49 100 74 2 59 79 59 100 15 13 96 100 80 14 7 82 100 100
50 100 56 100 81 100 100 100 72 67 53 100 100 54 96 72 30 55 3 23 100 37 56 12 79 66 16 88 100 18 100 100 7 76 77 17 88 100 72 100 19 99 100 41 100 49 11 47 89 100 36 30 100 58 92 97 100 84 71 79 100 100 100 59 36 100 44 92 41 65 100 69 100 7 100 45 7 74 31 100 94 100 29 100 5 39 65 24 7 83 34 91 100 17 51 56 100 53 100 93 22 35 100 60 21 49 2 100 55 18 100 0 100 48 100 100 62 22 13 51 100 84 54 65 71 20 0 23 100 69 11 63 44 100 100 100 64 100 2 23 99 31 30 36 58 73 99 17 88 70 52 59 40 33 23 44 100 59 100 100 18 100 1 95 31 14 77 46 83 100 40 80 51 87 2 26 100 100 100 39 1 100 4 23 100 40 99 82 75 100 18 61 7 54 100
45 97 39 44 100 14 86 100 83 100 100 100 100 91 100 100 100 100 47 51 58 55 59 23 2 100 100 0 72 48 50 80 87 16 3 21 73 53 99 11 83 79 85 100 100 39 5 31 15 65 89 100 83 6 8 87 53 54 100 4 90 30 82 80 81 100 52 65 93 69 82 100 86 93 12 84 8 100 100 53 89 50 100 35 35 12 75 13 7 43 77 100 44 100 45 12 93 5 66 63 26 96 7 100 64 100 30 5 97 85 11 0 100 1 3 21 100 26 91 100 70 34 100 100 95 41 92 100 100 100 46 63 25 53 78 56 94 18 24 100 100 100 100 88 11 52 88 100 100 100 86 98 100 79 53 28 53 87 27 100 52 32 6 82 0 37 58 100 62 14 71 100 40 100 100 71 100 13 33 41 100 39 76 19 26 29 45 23 61 72 18 87 68 100
27 100 80 67 87 70 100 5 100 100 16 45 100 92 31 100 48 2 100 18 83 13 89 5 5 9 63 56 96 100 77 15 81 100 13 100 32 69 30 100 38 88 44 57 83 35 17 84 23 12 100 27 27 17 100 100 1 100 54 41 15 80 65 84 100 86 44 26 100 94 55 100 58 40 62 7 83 100 73 21 100 100 28 52 30 100 100 97 94 100 22 100 94 100 66 12 81 100 16 100 14 15 20 100 43 60 100 35 100 95 74 100 100 19 73 100 67 100 58 35 100 100 24 44 100 63 70 77 47 49 100 100 95 100 100 100 100 23 40 24 32 11 100 98 100 34 24 99 68 52 56 87 94 74 55 0 75 18 100 14 72 89 100 33 26 86 100 93 100 91 39 100 100 13 13 58 93 21 100 82 93 100 67 53 23 100 73 83 100 95 65 66 100
100 19 62 56 62 55 85 83 55 98 86 74 50 68 2 100 2 71 45 79 42 39 10 87 9 3 63 27 39 14 61 96 93 74 14 87 29 49 7 11 68 100 56 100 98 87 31 26 100 100 50 26 100 4 47 100 62 100 64 77 52 100 100 15 100 100 51 100 95 6 100 67 90 70 93 100 47 88 100 65 90 100 54 46 96 100 100 60 67 100 9 81 40 62 98 99 100 61 97 100 89 39 15 12 100 20 67 35 81 29 5 100 100 22 85 65 75 100 14 26 28 89 69 100 71 81 23 91 100 22 9 100 29 38 43 58 64 100 100 1 6 58 100 8 2 68 73 22 62 99 35 68 25 7 69 70 63 64 63 78 68 77 100 57 14 8 90 100 73 100 52 88 26 36 43 68 63 40 73 100 94 2 43 10 100 37 68 100 43 100 64 100
5 100 65 58 100 47 8 79 8 100 71 100 51 100 32 80 100 100 57 6 70 60 82 97 93 66 85 83 17 6 50 40 100 50 54 58 50 85 11 51 65 100 100 100 13 48 57 94 84 100 57 40 94 100 100 100 93 84 79 22 96 10 94 70 100 76 70 81 28 7 19 100 66 97 1 100 100 45 3 58 59 25 27 96 31 53 54 65 100 35 77 78 100 100 64 100 1 1 34 88 51 35 95 65 100 100 59 55 20 6 21 14 100 9 100 60 95 49 18 53 87 73 71 1 100 40 94 30 100 100 96 8 52 100 4 100 74 45 71 24 9 100 43 9 5 8 100 32 37 63 100 76 100 28 100 21 92 62 85 100 25 35 100 62 65 100 24 16 31 23 58 65 100 51 98 4 44 12 17 91 45 38 40 64 100 93 17 100 40 43 100
100 86 61 100 100 99 39 3 6 100 30 86 98 36 21 100 100 98 79 44 100 22 8 99 16 30 74 24 100 100 9 100 100 87 63 100 77 65 39 100 67 44 6 96 56 75 71 85 45 50 100 28 0 43 100 76 28 48 93 100 48 100 97 70 96 62 89 73 65 54 2 100 81 100 93 16 4 100 51 100 94 96 100 39 36 100 14 10 16 63 27 88 98 100 34 100 3 59 25 6 92 69 100 100 78 45 100 79 8 100 86 4 100 100 13 47 87 64 76 57 36 98 43 50 7 2 100 85 13 66 48 84 43 19 100 100 46 88 100 32 28 100 100 35 58 93 95 98 13 34 20 10 57 32 38 62 85 43 72 92 44 1 8 84 62 34 58 78 100 100 96 79 15 13 34 37 31 95 35 84 42 28 99 100 37 100 60 45 48 100
100 100 100 51 93 75 100 80 10 100 50 36 100 0 13 27 45 11 100 63 4 5 32 8 100 100 62 10 86 100 63 61 23 63 75 100 44 10 54 87 76 17 92 55 70 88 34 20 43 67 14 15 100 100 25 69 100 32 60 48 1 84 60 40 100 2 63 80 32 75 28 9 62 33 28 6 69 63 56 100 85 100 72 53 93 47 64 32 90 49 1 20 29 0 76 94 100 62 100 24 52 48 54 86 100 100 65 3 23 61 73 39 99 42 2 1 42 81 100 85 34 57 87 61 83 12 15 84 68 37 28 31 100 41 84 69 100 71 59 3 100 24 21 74 24 57 100 100 82 100 100 95 54 28 22 85 18 52 71 24 100 30 45 100 96 14 86 9 7 54 87 82 33 10 92 100 14 20 88 53 100 88 69 100 72 14 100 5 100
69 100 100 61 100 6 41 77 20 76 11 3 91 6 100 100 22 100 85 23 49 100 100 100 99 51 62 96 28 100 40 87 18 38 40 19 99 39 79 65 61 100 5 22 0 42 78 77 11 39 53 100 38 55 100 37 35 2 97 97 100 100 12 100 60 100 100 58 22 43 62 11 22 100 53 100 80 100 87 100 50 58 100 13 19 72 100 97 80 83 25 19 100 94 47 71 13 100 100 36 100 97 100 71 17 20 93 100 15 91 100 100 7 2 100 100 100 3 84 9 94 57 76 5 96 27 100 58 34 44 11 100 3 9 65 32 100 100 67 100 20 100 96 45 29 65 9 26 1 13 100 34 100 3 100 72 57 100 12 100 100 100 8 100 15 38 20 100 100 42 100 100 82 67 100 100 100 69 90 77 3 62 19 92 93 28 64 100
100 80 31 42 61 25 42 100 55 39 17 8 27 100 31 17 72 88 53 15 100 89 92 69 60 67 90 83 22 6 27 100 62 10 28 52 52 24 10 0 14 29 21 58 54 33 20 100 100 27 63 12 40 100 74 70 62 100 76 100 90 95 100 55 100 95 6 42 65 45 64 100 100 38 100 54 14 59 0 42 100 74 19 100 97 48 4 80 100 100 28 63 16 100 100 22 100 29 87 2 71 75 49 100 100 18 23 89 25 98 81 15 100 100 86 78 100 100 27 100 68 73 19 13 0 100 37 2 84 99 62 100 93 78 59 87 100 57 100 100 28 40 75 19 41 100 52 39 60 70 100 87 93 9 100 87 83 44 100 85 100 53 100 60 20 87 40 76 80 78 100 55 94 15 76 37 9 31 41 100 81 88 68 76 1 84 100
43 57 34 29 77 100 100 16 65 73 100 100 82 37 53 100 65 8 9 92 13 100 23 100 41 60 95 49 42 100 85 67 40 29 87 100 63 76 43 40 39 23 100 100 45 32 25 74 50 100 75 80 17 100 63 24 10 100 92 25 0 80 15 96 96 48 39 67 99 18 100 100 47 100 51 97 83 100 97 82 27 53 16 71 74 63 43 23 100 69 100 94 48 59 9 100 100 37 57 15 22 93 86 100 65 31 100 32 100 95 14 75 98 4 25 51 36 46 24 100 69 100 56 14 100 87 2 100 20 15 100 72 100 35 77 0 20 97 36 4 50 28 46 84 100 95 42 100 23 54 7 40 3 44 73 1 96 100 78 59 100 50 59 69 100 89 86 63 100 46 100 98 100 47 30 16 48 8 61 100 64 7 11 40 54 100
74 79 33 70 19 34 97 100 100 55 100 76 100 74 100 93 100 100 33 98 91 7 24 51 21 67 62 100 100 18 91 31 100 11 74 55 51 53 41 89 93 100 100 91 77 57 83 51 100 78 100 100 100 79 0 84 13 65 100 29 67 72 86 86 100 71 85 67 0 80 31 19 54 4 22 63 0 100 56 80 0 94 100 61 100 89 100 86 59 100 41 56 52 9 100 47 13 74 38 47 100 10 68 100 21 19 100 68 87 54 74 36 14 24 0 30 82 26 39 79 100 72 13 100 100 66 100 6 9 27 63 100 100 96 79 90 94 77 61 83 100 81 54 100 35 37 60 100 12 76 86 40 100 12 85 68 100 54 61 6 100 100 74 67 100 19 90 76 20 66 87 38 17 100 100 78 93 5 100 14 100 28 21 34 100
39 78 53 18 20 72 100 29 100 26 5 100 64 11 19 89 72 35 51 58 100 44 100 82 94 100 70 100 100 98 49 54 44 31 100 43 9 100 59 13 100 100 100 2 35 42 45 58 33 100 100 92 16 100 100 78 100 100 100 56 100 100 32 100 45 5 14 100 100 49 37 71 37 100 88 11 41 100 100 55 47 82 81 83 71 27 32 24 32 100 93 51 68 28 31 29 94 4 92 56 42 43 46 57 38 60 63 90 58 33 10 56 0 100 3 100 47 0 3 100 9 31 100 60 54 88 28 1 100 36 23 7 100 21 9 100 25 44 41 66 34 70 18 79 49 84 6 51 73 29 32 11 5 100 100 26 44 26 52 100 60 27 11 100 74 25 28 44 100 18 84 9 95 17 9 8 40 46 37 24 80 85 100 100
58 73 100 100 82 56 34 41 55 100 41 43 32 27 45 17 51 29 10 31 35 81 5 100 28 87 23 27 53 24 97 50 86 10 100 27 50 39 8 64 100 77 88 54 100 100 56 79 65 77 58 100 34 100 43 1 100 71 21 91 28 7 92 100 98 98 31 66 77 19 82 100 55 80 100 16 100 53 100 18 37 70 22 31 96 90 10 77 83 47 68 18 11 39 100 0 25 6 59 100 4 62 93 100 4 82 76 100 47 100 87 75 22 85 57 98 86 100 52 26 84 54 49 100 51 28 93 8 37 14 100 13 100 80 100 36 81 40 86 0 57 100 100 15 100 100 35 67 100 27 100 21 76 3 100 100 100 6 56 60 77 5 94 100 91 84 83 100 91 84 100 10 100 100 100 100 67 84 100 50 100 15 100
30 56 92 54 100 16 40 97 35 11 100 57 96 49 19 100 90 14 10 74 46 55 63 55 100 44 2 19 34 5 35 67 23 100 21 60 63 10 54 73 3 23 71 100 41 100 47 68 5 97 10 20 85 2 56 100 97 4 100 68 86 20 49 40 97 38 38 57 100 10 100 75 83 20 26 67 100 95 64 8 1 92 23 15 93 93 31 53 41 88 11 1 100 48 8 64 23 100 97 100 51 55 100 35 36 66 17 68 16 29 11 23 31 39 50 70 89 49 100 73 0 100 70 24 12 64 57 82 46 24 2 100 100 100 55 100 90 54 100 45 21 30 100 33 99 100 100 31 15 10 12 100 95 25 23 21 71 39 1 100 40 21 0 59 71 63 38 100 67 1 74 100 9 63 100 38 17 100 79 99 100 100
50 88 55 8 100 100 69 100 54 100 20 44 100 66 9 75 100 45 95 20 9 15 100 42 100 100 80 100 70 98 100 25 100 40 31 50 19 85 100 100 89 25 50 86 22 89 100 47 100 35 100 60 59 100 90 82 88 63 15 100 21 57 22 49 75 75 100 80 10 100 49 100 32 19 100 100 100 41 100 100 80 100 97 85 67 72 12 31 48 42 100 100 100 96 85 21 46 27 71 86 100 33 96 16 94 32 92 76 100 11 17 45 100 65 18 80 73 99 13 60 88 47 100 100 45 24 27 100 10 45 39 100 100 71 0 49 84 62 53 68 100 66 30 64 43 3 31 100 71 46 95 100 87 91 83 12 96 5 41 28 34 79 3 86 78 71 38 79 15 100 100 29 100 14 40 48 100 4 7 1 100
67 18 66 25 100 9 100 54 77 100 100 100 13 100 30 100 76 63 60 8 40 73 35 34 4 100 78 34 98 100 99 53 10 87 100 16 100 16 73 92 52 100 87 77 61 70 52 10 100 26 28 93 100 60 70 100 53 27 57 23 84 75 40 100 0 83 57 66 9 86 86 100 100 49 79 89 22 38 100 0 52 63 100 46 100 30 8 38 100 61 3 70 87 100 23 100 33 73 53 64 21 48 84 85 100 6 2 60 70 97 3 100 24 100 90 63 100 39 3 100 16 100 100 48 1 100 82 100 100 90 3 44 69 56 47 48 8 51 100 63 80 45 68 76 42 54 88 47 98 5 100 2 32 81 93 47 58 36 67 57 100 53 89 100 100 26 55 5 25 37 11 84 29 65 8 55 24 45 93 100
49 100 46 75 61 57 88 67 35 100 30 97 100 53 39 85 100 93 11 37 100 22 70 100 41 27 42 47 83 100 24 21 58 68 99 54 74 79 1 16 100 100 47 75 100 58 78 100 7 51 100 48 35 25 10 10 90 100 100 24 100 11 86 100 100 42 41 1 15 66 100 19 38 40 100 100 27 57 18 73 100 99 86 61 82 70 76 5 100 15 30 36 8 71 100 52 100 71 27 70 64 75 7 30 59 13 88 40 47 100 100 44 95 95 55 84 99 98 6 100 100 93 68 38 69 8 22 100 40 82 29 33 71 9 100 69 93 63 49 79 100 73 27 15 24 32 98 71 94 100 100 98 57 72 77 77 36 81 99 66 100 100 74 21 100 20 24 21 11 100 72 87 17 18 8 100 41 32 100
65 92 96 100 20 23 40 47 84 100 57 100 18 31 60 100 100 43 37 100 21 5 79 71 89 100 97 100 1 100 34 100 49 14 44 13 49 43 86 70 49 100 71 46 38 79 5 83 31 43 100 37 9 37 29 90 89 100 52 74 10 75 37 51 27 45 100 28 98 100 48 47 16 48 100 71 44 16 18 58 30 100 52 100 84 56 91 100 25 27 100 53 100 25 14 36 5 26 100 64 100 45 100 79 34 78 60 3 100 77 76 52 89 100 73 59 28 100 100 34 49 30 100 13 32 26 63 92 100 53 100 100 71 11 100 68 100 15 91 88 96 100 68 61 23 72 86 61 90 71 100 0 35 13 15 36 67 33 66 100 52 99 35 88 31 60 95 100 26 49 66 99 17 82 2 54 100 100
43 48 4 32 100 100 32 78 100 45 100 69 100 14 8 100 19 79 50 57 51 43 63 9 100 68 100 62 38 61 74 100 10 57 23 6 100 59 6 100 98 12 66 100 100 89 100 35 55 4 20 17 13 70 76 100 62 100 11 100 14 100 35 100 96 23 28 84 100 11 23 53 100 45 12 96 100 13 100 18 4 56 100 31 29 49 88 89 76 48 9 81 9 24 32 42 32 17 100 100 77 52 49 10 35 5 63 14 79 40 72 67 86 34 74 100 4 77 20 72 73 14 62 91 92 55 88 52 32 100 41 100 10 16 85 57 100 100 57 100 100 3 70 60 95 35 100 84 26 100 100 70 45 100 48 55 100 100 12 33 80 65 1 1 36 64 3 77 70 100 100 21 31 15 73 93 100
7 100 100 27 58 100 100 46 49 76 16 57 69 77 100 80 29 94 100 37 94 18 100 50 74 52 40 39 53 42 10 100 53 50 71 73 47 83 45 64 61 83 100 86 100 75 88 5 20 100 69 32 60 84 96 26 52 45 16 4 100 9 100 3 100 85 22 100 100 31 99 98 8 89 100 72 100 100 5 76 11 80 100 58 13 100 61 38 29 92 27 68 100 47 76 100 31 86 80 1 83 81 62 97 51 83 100 100 100 100 60 100 5 100 63 39 79 100 78 12 64 100 100 35 87 82 63 58 87 44 88 100 65 78 5 96 85 99 18 100 34 0 100 2 15 50 100 33 30 26 27 67 14 46 28 90 100 74 48 93 89 100 74 48 100 98 29 64 47 56 24 77 89 52 50 100
97 49 100 40 47 100 20 16 63 0 51 3 100 72 70 87 37 85 40 100 4 100 86 100 87 24 79 63 95 6 100 100 91 63 81 90 35 47 62 81 75 8 99 96 2 46 38 27 55 73 0 66 30 97 100 100 98 100 31 100 100 61 53 51 54 100 67 100 29 100 100 52 85 96 6 100 78 75 22 21 100 27 99 54 31 13 19 1 97 62 100 26 19 28 60 77 65 6 100 9 56 60 100 52 60 65 91 15 15 100 69 95 48 81 100 3 98 27 23 53 17 100 100 48 65 100 82 79 73 77 33 100 10 2 100 77 36 14 21 59 100 43 80 69 30 100 100 69 100 57 98 47 100 53 59 15 92 70 87 20 92 100 79 73 75 100 49 55 100 100 35 45 5 86 100
100 100 77 41 100 64 37 77 20 21 43 45 100 100 100 42 53 68 84 74 29 18 92 92 0 9 41 100 100 100 42 80 44 62 100 41 100 49 73 69 100 49 36 1 16 76 91 100 65 13 99 44 44 44 73 37 26 77 52 90 67 100 32 87 12 72 32 9 98 35 52 5 100 68 100 50 86 100 100 54 90 57 88 31 50 19 15 100 34 100 43 74 51 25 94 13 45 100 100 60 54 37 100 27 34 84 73 50 97 59 69 100 11 44 33 88 82 31 100 2 89 96 83 100 71 93 63 17 33 95 47 1 5 100 49 45 4 100 100 61 6 69 94 100 100 69 52 60 24 88 36 100 90 15 72 57 66 100 46 11 100 25 35 6 64 62 100 76 6 68 100 100 94 100
16 17 96 55 89 32 10 96 35 65 62 29 63 75 67 49 29 97 39 41 68 25 36 16 100 23 42 10 65 14 45 87 64 52 100 100 100 58 52 10 100 74 100 94 96 100 64 55 23 100 97 100 65 63 100 33 100 81 40 6 100 3 100 98 82 81 100 91 100 36 36 2 17 0 44 16 3 100 78 30 60 23 2 60 100 11 67 68 84 3 61 45 93 69 59 38 83 60 8 58 71 97 73 93 7 4 100 71 100 7 28 11 47 100 84 59 77 70 100 86 68 3 100 100 25 28 78 100 1 52 38 92 100 92 58 51 60 100 92 21 53 83 39 76 15 68 64 93 16 100 7 59 38 100 81 5 4 99 91 22 100 24 100 67 27 47 15 37 100 47 12 20 100
69 97 89 90 60 14 36 7 100 13 38 66 100 24 100 100 45 98 69 12 50 49 11 68 36 63 84 17 29 65 90 100 59 33 100 71 80 77 72 70 100 57 100 41 36 47 5 18 100 29 100 82 58 53 77 91 100 75 100 7 72 83 81 25 89 20 64 82 15 96 37 29 42 95 66 39 89 53 94 6 48 81 16 100 35 100 9 52 100 15 100 74 46 22 100 18 12 42 50 100 30 100 100 6 100 66 4 71 14 90 8 77 94 59 17 100 60 92 78 100 100 31 4 90 23 0 23 100 93 4 58 27 100 91 100 8 6 12 79 54 41 100 87 21 100 100 80 100 94 17 100 83 22 85 100 28 97 100 79 47 100 41 43 23 1 41 100 8 62 48 76 100
49 54 11 10 100 37 88 45 100 16 29 0 42 71 37 4 4 9 52 80 76 0 21 70 14 100 100 19 62 100 40 65 49 34 80 1 30 27 84 35 48 5 73 14 77 56 53 100 50 32 4 33 48 13 98 60 42 23 28 13 8 100 100 50 18 100 100 75 69 40 20 80 70 76 56 17 100 72 38 9 33 100 100 42 14 100 68 31 6 13 89 78 51 65 65 64 12 100 41 98 100 100 3 46 7 14 100 36 100 17 100 37 57 57 14 100 9 56 24 59 19 100 18 29 94 100 100 81 57 1 63 37 3 100 80 54 52 100 91 46 33 80 57 68 96 24 49 13 100 100 83 56 100 50 100 100 51 73 44 50 100 13 95 100 100 100 29 60 100 100 100
100 32 3 15 41 31 100 100 100 6 51 100 100 100 83 17 21 49 100 56 100 25 100 29 29 59 75 70 100 79 88 25 40 19 53 80 6 37 60 100 57 55 74 86 93 60 100 100 100 37 80 32 92 79 100 48 36 45 61 18 57 16 88 32 10 52 100 78 100 91 100 36 89 12 96 87 91 32 45 50 2 71 67 36 100 55 42 60 60 34 6 100 74 100 54 100 85 5 99 100 26 68 27 20 100 100 86 83 32 25 100 100 100 15 84 57 44 21 17 100 100 42 100 100 66 55 100 61 96 100 100 12 2 35 97 27 58 31 18 88 2 53 71 100 100 0 72 83 86 100 100 94 100 100 95 30 99 9 38 100 99 76 100 37 7 13 46 61 100 100
50 4 55 40 58 100 4 100 79 58 64 53 6 23 100 100 100 100 55 56 100 100 52 100 70 95 24 9 100 48 69 43 4 40 100 47 87 61 100 100 3 94 65 7 36 100 100 100 8 68 92 25 86 100 16 21 43 100 42 75 42 62 13 86 12 27 94 75 85 38 0 86 53 6 89 21 84 100 64 100 10 83 100 100 5 59 100 100 98 100 49 78 46 43 87 38 7 61 67 49 56 24 53 18 100 1 26 32 100 34 86 52 100 70 100 3 94 39 56 39 69 56 100 42 36 17 87 39 23 46 98 18 100 100 64 25 3 20 63 14 78 100 61 35 17 12 100 83 80 23 34 88 43 7 31 82 28 12 91 44 26 63 100 53 75 64 82 74 100
18 10 67 60 88 100 46 100 23 29 100 79 100 99 60 33 100 98 2 16 100 100 5 86 7 75 32 70 77 100 100 57 82 95 100 5 100 75 44 37 11 62 100 100 92 100 52 100 23 100 100 100 98 13 61 100 25 75 1 100 75 100 100 51 91 100 88 28 71 94 100 100 27 33 22 19 100 2 100 6 62 92 59 78 10 30 12 100 46 50 32 100 19 90 73 26 33 100 43 81 29 28 100 3 32 5 90 91 24 100 51 13 24 73 92 66 4 41 84 84 68 62 68 22 95 93 6 4 100 57 100 75 32 72 89 100 19 87 45 48 50 14 27 40 44 61 19 100 17 21 100 85 18 96 52 24 0 100 100 7 40 100 70 33 86 96 81 100
100 98 98 3 100 83 100 57 100 82 25 6 60 35 83 94 94 83 12 100 100 97 33 43 74 55 36 5 97 44 47 71 70 100 33 9 48 67 27 100 55 23 16 2 63 67 34 78 100 100 80 100 78 56 100 100 11 4 19 30 19 89 4 68 97 96 34 100 97 73 66 78 72 62 52 73 58 6 48 100 33 40 100 7 36 28 13 93 61 22 74 100 78 29 100 14 78 90 3 46 19 40 100 5 100 51 45 92 20 100 82 15 91 71 67 4 59 52 100 3 90 59 100 25 85 94 80 50 6 100 76 100 2 3 64 20 96 48 10 93 19 90 100 34 38 100 100 100 30 24 48 99 49 24 84 40 74 46 100 39 49 62 63 100 100 74 100
9 100 20 61 100 42 14 51 54 9 31 47 61 24 100 66 100 46 9 6 59 51 66 17 23 100 45 90 74 44 4 63 92 0 100 45 43 5 79 73 39 100 86 100 100 75 100 100 88 93 13 43 100 72 95 22 83 100 100 100 21 100 82 0 12 99 64 18 42 67 2 51 17 35 61 97 35 92 53 100 33 40 39 98 58 24 40 100 36 4 54 65 100 2 69 5 21 65 100 71 22 64 59 44 96 30 39 62 71 22 76 100 78 71 54 57 100 91 100 100 50 16 100 100 100 45 81 7 9 42 65 4 38 41 28 5 15 95 100 53 15 100 8 59 100 3 100 97 100 100 61 28 100 56 100 60 8 100 65 50 13 33 83 29 100 100
0 100 100 86 100 100 1 75 17 67 13 87 96 88 71 98 45 90 100 40 4 81 36 1 86 30 78 22 8 50 89 17 26 89 87 16 86 89 100 40 81 14 90 60 100 40 68 44 100 1 97 100 83 80 17 61 32 33 28 41 100 63 100 100 67 100 83 91 28 90 21 27 55 90 95 16 29 33 8 50 66 61 69 11 85 100 93 61 43 49 24 100 62 85 93 78 13 56 87 100 53 100 37 17 28 49 87 69 100 28 49 100 61 81 100 100 100 28 100 100 17 28 100 100 62 82 32 100 34 53 26 53 100 42 85 17 51 29 94 100 69 93 24 18 92 31 100 47 42 23 100 40 12 96 100 33 2 85 58 96 14 27 62 54 100
47 29 24 70 86 46 100 100 1 100 83 14 100 21 23 39 8 99 100 20 62 3 87 88 41 3 100 43 7 39 90 51 77 100 60 100 38 100 12 55 8 100 71 37 48 81 81 76 57 64 24 60 39 16 33 19 100 39 100 12 30 47 28 100 84 42 100 100 24 35 100 14 45 46 33 100 46 38 97 84 47 28 98 100 92 100 45 100 60 1 100 64 88 5 100 98 26 74 69 0 57 47 79 100 83 41 97 7 83 88 100 52 80 14 22 88 11 60 16 50 37 83 60 56 31 29 42 63 45 100 100 100 100 65 100 70 51 34 100 80 90 51 43 32 47 100 77 96 9 44 40 25 81 81 100 100 80 11 38 21 60 48 79 100
75 77 80 66 100 100 94 100 50 86 11 59 100 69 14 100 52 54 89 62 63 46 12 14 100 76 32 16 66 77 2 100 100 90 33 69 100 58 94 100 85 100 100 100 90 0 76 33 1 35 46 67 4 67 43 32 100 68 9 100 27 61 90 42 100 68 14 100 54 20 88 100 100 46 100 100 100 86 26 45 98 7 41 7 100 70 40 81 45 97 99 27 73 92 18 93 100 25 55 100 91 4 71 45 100 41 18 45 15 100 30 77 61 8 87 1 39 92 3 28 68 72 14 94 100 51 43 60 17 100 0 99 100 71 1 83 21 43 96 12 11 97 71 37 100 22 100 36 100 94 76 100 23 100 5 100 65 84 100 100 4 100 100
100 100 97 100 39 82 55 100 31 80 66 100 100 100 84 8 46 48 100 29 100 52 86 17 91 42 34 44 49 100 32 54 93 81 56 75 41 92 50 84 74 12 47 9 47 82 24 72 23 86 35 100 100 100 16 93 66 100 22 85 28 70 44 100 67 21 100 98 86 92 80 22 51 96 65 78 81 26 42 83 11 100 2 73 10 100 51 93 86 6 100 98 37 61 100 100 3 76 17 100 100 100 57 97 62 100 100 37 56 13 100 78 61 100 46 50 100 100 21 26 8 25 99 100 100 17 100 59 15 37 100 0 3 1 39 100 67 22 24 100 38 35 87 74 60 45 25 12 56 100 99 43 62 23 25 97 90 49 70 34 100 100
100 72 2 100 98 53 68 81 18 11 65 100 100 76 65 31 90 43 3 59 100 16 100 57 35 98 100 100 59 100 100 87 100 63 100 7 2 39 69 100 56 100 85 58 35 26 98 100 77 100 100 80 83 70 90 43 28 100 13 4 100 37 12 22 100 100 100 100 100 34 5 56 93 100 10 50 88 49 100 4 3 100 28 89 100 100 58 62 41 100 32 37 69 100 38 100 28 63 99 64 88 58 46 17 44 73 100 47 81 29 61 52 100 63 100 10 9 5 48 71 19 100 51 34 97 55 100 100 96 6 100 51 33 100 77 28 39 92 100 89 100 98 42 100 70 60 100 100 68 100 22 100 100 93 84 26 47 100 75 49 100
90 8 0 74 16 100 36 42 92 63 41 41 17 40 69 100 45 63 99 80 3 100 96 12 90 67 74 87 30 76 24 82 100 15 8 81 75 58 100 19 53 71 100 6 67 100 100 77 15 69 57 66 15 19 39 100 88 56 30 100 100 100 100 57 46 59 37 100 100 85 66 44 47 50 72 6 100 81 46 99 92 88 16 1 72 78 69 22 77 100 40 18 46 100 78 100 63 59 26 62 59 26 45 19 100 100 19 50 96 100 40 100 82 89 1 100 28 31 100 13 84 79 87 100 100 8 54 29 100 45 55 100 70 20 44 95 81 88 44 66 66 100 100 100 60 16 15 32 59 48 100 87 19 100 17 100 75 57 87 100
80 8 100 50 27 64 42 10 43 100 81 40 87 59 100 67 2 22 1 46 100 2 100 29 56 56 31 20 88 100 29 38 80 100 100 91 39 52 92 100 27 12 60 3 98 13 69 30 78 78 100 100 100 100 6 24 21 4 64 21 31 85 96 100 25 100 84 38 23 5 73 16 18 100 43 48 56 56 7 89 100 2 76 35 0 100 95 81 100 83 23 100 100 49 46 100 100 74 93 31 81 85 33 100 71 63 100 100 58 30 20 100 44 48 100 50 100 0 18 75 100 72 79 100 52 39 60 50 47 22 100 93 100 11 18 100 74 66 100 60 14 37 100 57 80 90 65 84 28 66 100 23 61 9 72 4 81 13 100
33 99 89 100 45 74 81 75 36 13 71 23 100 32 100 100 5 100 0 97 16 35 15 100 32 45 17 78 100 14 70 98 60 25 58 73 25 33 86 63 65 100 100 100 24 100 100 59 100 19 85 79 100 100 89 7 98 24 97 100 56 64 91 19 100 100 58 11 76 42 54 85 85 100 75 76 17 61 13 72 41 26 94 27 50 95 28 14 71 60 89 100 36 2 43 77 36 6 100 100 4 100 21 55 38 55 98 58 36 71 89 35 100 11 66 47 100 72 100 64 100 100 26 55 61 5 100 30 67 87 73 84 54 54 69 81 82 54 100 49 66 64 3 29 20 94 96 95 68 49 99 3 26 100 60 80 93 100
100 20 100 82 47 10 29 100 100 35 100 100 46 100 4 93 67 61 63 53 99 100 27 29 100 40 68 36 85 100 43 79 2 40 100 36 12 3 54 52 51 51 29 0 20 52 47 96 15 100 6 98 58 89 2 37 65 3 0 41 72 60 39 89 19 16 72 30 51 75 100 91 95 76 94 94 100 64 14 36 48 23 100 100 50 34 52 80 91 11 100 60 96 62 73 98 33 25 100 67 93 100 63 39 38 89 77 44 75 78 100 100 38 100 91 75 60 100 90 62 23 66 25 9 90 66 88 13 83 0 43 23 100 32 42 100 82 39 30 33 56 72 15 97 75 24 100 33 35 18 98 16 28 100 100 80 100
79 91 74 89 39 35 41 58 73 75 38 1 99 68 35 80 9 17 6 73 49 83 82 76 82 100 82 100 100 100 8 16 0 2 31 73 15 16 89 43 100 91 100 74 28 100 73 23 57 58 73 13 100 35 90 51 100 100 100 100 49 100 100 4 100 25 100 68 96 55 15 84 91 4 37 42 60 7 40 78 19 77 72 44 26 60 50 100 82 58 50 88 33 62 0 100 76 0 28 32 68 100 80 65 100 94 100 24 63 100 33 87 51 11 63 95 50 89 63 0 64 78 40 100 43 100 20 100 100 58 47 100 11 100 100 93 100 3 1 22 39 37 100 79 56 100 100 100 65 30 41 28 99 40 67 100
38 19 69 100 54 17 100 31 100 98 100 71 58 62 99 48 100 100 100 43 99 86 100 95 31 36 68 60 100 100 85 64 44 100 99 35 4 100 11 52 100 100 83 100 19 55 100 3 77 88 89 23 87 45 13 30 93 3 97 100 45 1 12 100 62 42 100 87 100 100 18 100 48 90 49 0 26 3 61 100 90 60 47 100 72 51 100 26 95 66 100 67 14 73 100 100 25 47 14 70 100 65 71 86 46 100 85 1 100 100 100 3 95 75 100 94 48 100 17 56 64 100 99 37 9 64 36 8 8 100 100 22 77 29 39 82 21 79 70 87 52 100 34 100 100 100 62 100 51 1 95 11 59 68 100
65 17 70 86 44 97 100 90 86 82 100 100 24 74 62 64 81 5 100 100 66 53 8 50 51 67 97 95 52 8 100 94 100 100 25 100 1 30 100 100 32 24 58 61 19 26 6 75 13 100 48 100 47 100 0 100 70 8 30 42 90 29 19 40 17 50 100 81 100 100 54 72 57 0 69 64 100 16 100 23 100 70 55 74 72 76 54 83 67 6 3 17 12 1 100 100 100 100 5 52 55 31 100 24 72 100 89 31 86 26 39 25 100 100 35 20 67 47 21 100 22 6 84 54 26 91 100 74 47 100 28 100 55 18 88 100 34 73 100 100 49 74 5 27 26 46 2 71 98 77 43 98 87 100
100 32 5 66 100 49 100 68 78 100 100 45 100 100 31 100 4 0 29 90 18 52 77 44 5 100 55 100 47 61 3 100 100 76 100 100 9 77 73 14 2 100 100 34 94 30 71 6 100 37 95 100 54 100 100 87 59 100 42 97 86 65 65 100 73 11 49 100 37 14 20 74 92 100 67 59 0 77 37 100 51 72 44 100 7 100 24 100 80 100 9 48 63 42 100 100 7 45 38 87 0 85 79 80 64 100 63 50 41 72 100 19 91 73 100 100 94 16 87 100 94 66 59 29 17 83 100 39 1 39 43 100 32 29 78 38 88 40 22 64 3 18 55 60 78 78 80 84 100 46 90 22 100
67 78 100 36 80 98 30 29 92 100 86 80 92 100 57 91 78 37 87 100 66 25 100 61 31 90 5 42 7 97 69 100 100 12 13 92 31 2 53 85 75 9 64 43 56 50 69 100 29 30 6 100 59 0 94 27 32 21 100 93 34 86 99 51 22 89 100 83 15 29 29 30 35 54 100 8 65 15 66 23 48 26 5 95 42 90 28 100 100 100 5 35 43 21 9 5 3 91 72 100 100 100 34 29 35 5 22 100 34 72 47 80 70 98 91 93 34 96 65 100 25 100 92 74 6 20 100 81 74 99 90 9 17 78 46 31 49 28 100 55 100 100 36 43 77 98 42 44 100 73 100 100
28 40 41 66 100 23 34 95 100 100 1 72 44 100 65 82 100 36 43 32 82 97 72 4 57 93 45 100 59 92 15 100 99 100 30 29 90 100 76 100 2 72 54 90 89 25 40 49 100 80 73 100 29 26 84 38 46 75 95 68 56 67 21 65 22 29 2 100 6 100 100 71 100 60 100 100 100 100 2 66 43 65 77 19 5 76 93 86 62 100 84 69 47 22 6 62 32 41 11 31 100 49 13 83 5 11 42 44 74 100 100 26 39 100 14 92 84 43 25 100 9 48 89 40 34 100 99 66 100 20 63 67 63 7 79 23 29 14 26 32 47 100 70 22 75 92 45 68 89 39 100
45 100 41 18 100 53 7 34 100 54 36 100 9 46 45 55 56 17 8 100 37 78 16 87 100 80 77 34 93 100 91 60 92 100 24 30 78 69 100 100 100 87 100 1 68 100 100 72 100 54 59 47 18 92 100 45 20 62 77 78 37 87 100 12 85 86 92 98 96 73 100 100 50 100 62 55 25 100 100 100 95 26 15 63 25 8 83 18 95 100 13 100 61 90 6 100 9 47 71 26 43 42 0 100 100 52 100 81 77 58 94 56 0 100 14 11 51 51 11 13 76 8 46 15 22 3 62 100 27 1 100 84 100 34 100 41 86 100 88 53 100 80 61 82 88 70 65 49 25 100
32 10 32 87 94 3 54 31 94 93 100 64 93 100 100 74 100 62 38 93 22 31 59 29 100 35 100 20 95 100 94 50 100 100 50 97 51 36 34 57 39 100 100 71 100 100 20 53 76 30 5 3 92 48 3 34 39 100 100 19 85 60 42 100 51 54 62 6 100 25 50 100 48 79 23 100 92 84 25 22 100 97 100 30 96 100 3 64 94 84 100 77 38 90 20 82 61 43 80 73 63 19 100 69 19 1 28 47 15 100 19 12 55 37 100 29 71 39 18 62 100 49 88 84 62 39 12 100 4 87 96 100 100 30 41 100 3 100 38 20 2 70 89 9 16 33 88 69 100
100 70 42 27 100 72 100 97 100 100 33 79 77 100 100 24 36 2 100 92 0 39 1 100 69 70 32 87 82 23 72 4 10 100 100 69 12 91 100 49 72 55 100 39 98 100 71 1 28 99 36 51 89 74 74 100 8 84 100 100 100 3 91 46 100 81 100 81 100 8 11 60 7 90 100 78 56 93 1 100 0 61 17 90 100 17 27 72 85 99 57 100 19 5 88 93 16 94 60 38 30 68 82 66 69 94 34 100 100 100 22 11 86 35 41 100 66 100 74 33 86 30 18 64 26 40 88 18 26 100 43 100 57 100 100 15 20 83 80 91 62 10 72 100 31 100 3 100
52 52 2 16 100 100 85 49 70 94 100 37 49 17 100 100 61 67 82 9 10 43 100 88 85 45 100 8 26 100 100 87 38 100 16 14 100 100 64 100 42 100 17 100 97 100 20 2 79 92 8 100 6 37 100 91 94 98 100 91 48 73 2 67 42 47 89 48 26 100 91 100 40 4 100 56 100 100 69 39 34 81 31 62 100 55 100 68 77 49 37 100 100 91 94 100 64 1 54 63 45 100 100 69 100 73 72 1 4 28 75 43 100 11 49 27 41 89 100 100 100 61 25 33 18 19 36 8 94 95 100 18 100 16 100 80 66 49 30 21 100 78 12 100 100 3 100
100 36 72 70 19 47 100 93 100 100 83 45 100 50 21 51 100 100 17 54 63 72 100 50 28 45 89 67 71 61 41 77 27 19 84 29 75 100 100 10 100 77 61 30 55 64 94 12 68 50 51 6 26 76 84 58 100 64 19 100 100 52 100 88 74 66 45 51 4 40 46 52 100 100 70 100 89 1 89 100 97 76 66 100 62 42 56 20 63 8 100 80 75 100 32 60 88 16 75 76 100 42 100 39 38 100 100 15 11 66 20 66 100 22 91 100 56 100 11 100 19 86 65 100 2 50 20 24 100 100 92 20 0 36 87 100 94 75 100 15 100 85 18 100 83 100
16 100 89 24 96 100 93 33 100 42 100 38 84 69 17 31 45 26 50 48 67 66 100 12 78 30 86 100 13 73 65 1 80 26 60 29 99 27 100 0 70 26 58 44 0 91 100 26 88 24 8 58 81 36 12 96 62 19 46 86 32 68 100 45 69 8 12 100 62 34 62 17 70 75 39 12 62 82 78 100 100 34 11 73 82 100 63 1 85 97 100 69 92 14 48 100 100 25 100 34 2 16 38 100 33 15 17 91 33 100 52 32 55 63 100 23 65 1 100 100 100 82 100 99 57 41 14 100 51 52 100 95 71 100 12 12 100 100 67 98 64 95 85 68 100
66 51 39 20 47 23 56 59 80 30 79 100 100 90 8 71 6 55 48 85 88 15 100 79 14 54 35 17 19 77 86 5 100 100 5 59 60 64 70 25 99 100 42 71 18 59 70 100 45 68 9 29 8 10 100 55 100 100 49 7 50 39 75 58 79 100 65 69 70 20 49 74 89 42 48 63 18 4 11 87 51 74 100 72 37 81 100 14 100 82 57 80 58 57 100 74 75 50 100 52 41 20 64 85 66 56 7 84 63 13 100 19 15 20 27 43 88 38 22 79 11 6 58 21 94 61 100 86 62 73 24 44 68 36 27 100 100 30 84 8 4 100 44 100
49 56 83 100 100 100 26 78 20 35 72 31 95 100 87 77 0 97 82 16 7 77 72 8 100 99 87 100 6 93 20 5 75 29 100 54 15 100 63 20 88 100 76 3 100 77 55 9 22 23 79 100 100 0 100 41 100 1 1 91 100 52 94 71 51 99 100 49 100 28 62 20 100 20 14 100 20 41 66 49 43 11 83 38 80 100 29 73 48 6 53 13 65 39 78 0 68 48 27 23 100 37 32 31 88 31 100 70 100 100 42 100 24 49 56 50 90 52 81 17 45 33 23 9 93 100 100 23 55 100 93 2 100 11 22 95 13 23 100 80 59 65 100
11 81 39 18 85 17 100 100 100 58 47 64 88 100 45 1 49 97 65 51 100 100 40 69 24 100 37 26 9 100 38 100 31 78 78 66 53 51 100 93 80 16 67 76 100 96 38 100 14 72 52 100 100 5 100 27 1 100 73 100 100 74 72 67 100 55 100 73 4 56 18 100 83 24 100 26 84 61 62 70 100 31 60 55 90 20 4 100 33 24 73 63 10 100 95 76 56 100 100 87 100 0 100 95 35 97 97 100 14 37 91 21 48 4 91 56 89 100 49 33 42 17 22 100 100 100 73 42 50 39 100 78 97 92 97 79 100 100 37 40 98 100
42 100 100 100 84 16 60 47 100 25 2 44 32 100 100 71 50 76 67 37 100 14 46 100 7 65 85 23 13 100 94 49 100 60 19 0 34 100 38 100 62 64 74 4 95 100 30 14 56 100 100 18 75 10 100 63 26 78 100 40 96 100 83 17 79 100 13 100 67 95 84 25 83 85 29 100 78 12 22 9 46 100 38 100 28 42 100 83 100 80 100 80 70 100 16 73 11 100 52 100 100 36 100 44 62 11 100 70 13 66 37 96 21 49 95 48 87 6 39 21 85 45 100 19 99 100 25 46 45 65 100 44 11 75 83 85 44 92 100 1 100
7 55 95 46 100 68 44 61 10 64 30 100 81 100 100 100 91 100 86 100 27 34 48 100 100 97 81 0 100 42 100 100 11 100 96 70 28 64 100 65 55 93 75 17 89 4 90 83 89 100 63 46 100 63 100 33 100 83 37 100 97 5 88 100 1 100 57 20 43 56 30 63 52 100 81 65 100 29 79 11 56 35 87 100 19 20 0 13 72 6 55 1 81 69 93 100 74 95 91 100 52 77 100 40 71 0 16 43 49 99 78 98 99 95 49 38 83 100 45 97 31 29 46 16 19 95 100 86 95 28 9 100 1 97 20 20 61 21 74 100
1 33 73 100 64 99 16 42 9 17 100 78 36 0 100 13 41 33 57 91 95 81 13 92 0 67 2 79 45 26 42 47 76 8 46 43 100 6 90 3 16 87 100 20 44 80 36 72 55 100 4 83 78 63 74 4 34 40 100 67 41 43 99 80 55 69 100 11 57 100 17 29 82 82 51 99 28 24 23 85 36 40 100 68 12 89 71 100 100 23 100 57 43 100 3 19 97 100 100 5 83 29 100 100 13 5 26 24 86 22 100 97 100 65 100 40 97 82 57 63 100 92 100 81 58 9 100 8 82 12 33 62 26 14 40 100 70 100 100
100 98 14 98 81 93 100 68 100 100 100 13 94 100 52 100 64 64 42 58 100 100 83 38 40 100 100 96 89 69 10 34 82 99 38 100 85 82 82 67 36 4 62 96 35 90 100 100 72 67 100 81 100 34 7 16 100 10 47 91 0 100 76 44 93 72 95 82 55 63 15 23 27 38 52 100 51 97 97 100 100 100 70 100 61 51 64 9 61 100 25 100 100 39 39 100 100 42 6 60 82 22 48 7 11 46 100 56 1 21 49 91 100 100 70 19 100 32 99 100 59 2 53 100 49 87 70 10 100 100 62 90 52 6 11 58 100 100
87 83 9 89 79 44 36 75 22 50 52 0 55 1 7 42 58 77 12 21 37 21 68 26 23 100 42 100 12 8 88 24 43 34 43 64 59 79 100 68 85 54 100 97 87 100 16 100 33 9 7 93 63 35 100 68 100 43 0 78 27 15 10 8 48 54 61 100 59 71 68 29 91 100 26 58 100 8 100 86 18 64 100 91 76 11 82 100 27 94 91 32 100 100 30 100 100 2 46 32 46 100 0 100 74 56 27 100 100 63 39 27 7 100 73 22 77 81 39 100 14 94 73 58 55 100 67 74 91 12 81 58 2 29 69 74 100
14 100 98 23 28 29 45 17 75 2 100 78 34 100 35 21 63 1 42 31 26 10 82 23 77 100 35 19 94 100 100 25 75 56 100 43 100 100 52 40 54 0 13 22 43 80 3 40 100 59 12 44 100 25 97 51 75 85 73 35 63 95 92 100 71 100 100 39 92 21 18 100 100 100 93 38 74 100 100 62 72 67 90 49 36 100 100 83 75 100 41 22 100 27 3 74 66 100 40 37 100 76 100 100 100 100 14 38 1 100 31 100 100 100 85 87 71 100 62 83 85 10 40 94 60 46 99 100 100 77 93 39 58 71 96 100
68 79 100 100 29 19 30 100 5 100 100 72 78 54 68 51 21 19 24 38 34 65 19 39 100 63 29 68 62 100 20 18 19 94 32 63 56 64 76 100 13 100 45 100 58 96 1 100 98 42 11 82 57 87 74 60 100 36 59 27 65 100 100 53 100 76 51 97 32 30 2 31 0 18 100 85 42 91 100 24 45 32 37 100 23 52 2 57 25 69 77 72 43 56 100 68 61 16 99 17 100 83 94 100 2 6 59 100 70 70 84 19 93 70 68 49 100 92 67 37 65 21 100 87 100 20 94 24 62 61 100 100 100 90 100
24 100 42 89 100 43 49 34 100 7 100 62 59 94 89 100 100 15 100 87 84 100 48 73 81 35 100 2 72 63 74 82 40 84 21 100 6 88 72 100 100 71 62 66 46 99 51 1 31 67 56 100 100 100 77 31 100 100 99 18 98 5 19 54 53 100 58 85 66 58 0 77 94 66 6 11 25 48 45 100 75 100 87 94 29 51 61 53 29 9 82 45 8 2 18 58 44 57 75 86 70 10 91 46 100 100 100 100 31 68 27 97 100 100 91 67 7 57 13 49 100 78 100 100 100 27 59 77 55 56 100 33 67 100
18 32 96 60 5 57 17 100 100 42 16 4 62 93 22 82 88 100 34 94 46 95 15 71 93 82 94 4 29 12 100 29 83 87 53 100 46 83 48 49 41 26 19 44 65 25 88 100 66 0 33 40 17 9 81 100 93 82 100 73 45 100 100 19 46 100 74 93 93 68 60 100 90 100 68 100 91 94 90 5 55 100 85 31 68 21 34 83 35 100 63 42 70 78 6 54 6 21 99 78 20 100 3 21 10 77 39 100 100 58 86 81 82 100 62 91 97 75 79 76 16 24 81 32 17 18 29 76 2 100 11 100 100
60 98 1 100 100 100 12 100 91 21 55 67 29 69 100 100 82 20 11 100 40 37 100 60 28 88 100 44 12 75 75 78 7 4 25 8 15 78 65 91 9 46 1 47 57 1 4 36 39 59 100 86 5 85 100 98 93 37 40 39 23 18 62 100 42 37 29 47 100 42 42 0 41 100 100 44 60 86 100 72 71 72 28 100 41 30 61 43 62 100 61 45 100 100 100 28 100 100 100 86 100 31 69 41 100 91 47 36 66 97 81 3 98 100 100 84 11 66 3 56 34 14 33 100 100 96 21 89 48 16 78 100
28 69 100 25 80 1 80 11 35 86 44 100 43 100 100 14 73 90 50 5 93 45 27 74 37 67 56 100 100 93 23 41 64 100 51 100 70 13 28 64 67 100 24 75 72 87 12 4 100 3 100 2 45 100 7 79 100 100 29 41 20 44 10 64 78 60 67 68 100 57 9 30 23 41 1 63 67 26 7 58 1 31 82 27 80 15 100 100 71 65 100 100 2 18 45 91 11 15 100 100 78 16 40 11 100 100 34 76 100 6 48 61 96 83 3 81 94 48 80 100 86 84 22 49 12 100 61 76 23 11 100
76 28 43 54 50 100 31 48 100 37 100 2 64 12 16 0 77 16 47 100 20 58 95 100 35 8 40 38 44 93 36 0 3 44 67 99 39 94 100 68 100 81 86 61 16 79 6 100 1 49 84 48 35 81 57 90 100 100 61 100 58 100 6 51 92 33 11 87 86 12 90 26 30 3 93 93 71 17 22 25 15 100 100 98 61 54 46 9 8 38 100 100 32 29 10 68 100 10 96 92 4 66 60 100 98 74 37 28 78 69 33 11 58 98 95 24 51 30 61 16 63 28 49 100 100 100 17 97 87 100
65 1 52 32 46 6 47 47 29 30 42 17 59 37 14 95 33 100 2 14 51 100 82 67 36 100 59 60 100 62 100 60 58 83 44 56 4 10 72 49 44 36 92 24 81 78 27 100 0 100 62 21 81 100 94 56 100 100 38 47 10 36 28 50 84 100 18 41 13 95 100 12 21 100 76 100 55 39 23 93 100 7 70 82 97 52 28 82 16 90 100 5 6 100 100 28 76 88 100 59 73 21 29 76 14 62 100 53 100 69 81 84 61 100 100 40 100 100 100 42 100 85 21 20 73 7 18 100 100
77 92 59 9 70 100 20 40 100 69 56 100 0 40 100 88 9 99 100 23 48 14 94 2 64 100 35 46 95 79 25 100 64 100 100 100 100 43 28 100 100 100 43 38 39 54 70 100 11 13 24 100 47 100 24 59 83 61 62 79 36 95 76 64 27 100 61 36 100 87 23 100 65 90 33 77 100 100 24 4 56 100 11 74 100 50 80 100 63 19 85 13 59 31 65 23 50 24 77 26 95 55 47 70 49 39 99 79 100 20 92 84 33 43 24 16 98 78 100 100 75 100 100 67 71 21 45 100
40 99 41 16 100 49 56 100 15 100 91 78 100 0 44 24 100 0 63 100 19 28 29 100 39 8 59 76 37 92 21 100 42 30 8 17 0 37 20 100 6 100 72 100 34 80 33 94 86 85 44 100 100 15 47 39 100 100 37 10 2 100 56 28 23 30 76 90 10 86 73 62 23 40 54 71 30 99 30 5 42 28 75 2 48 54 93 12 41 100 9 25 58 63 100 62 6 68 100 78 98 100 87 47 100 43 46 62 20 2 100 50 3 100 100 96 93 64 74 100 59 50 100 76 69 93 100
55 55 97 100 100 19 86 100 100 26 77 86 45 49 43 86 61 14 83 51 100 52 100 44 100 16 42 100 66 58 100 96 33 70 9 9 100 65 51 68 25 47 59 100 100 46 23 37 100 11 100 24 100 100 96 70 4 0 74 56 26 53 100 68 3 23 100 100 31 100 92 100 70 64 0 53 53 64 71 1 54 0 17 61 27 24 95 29 100 100 71 100 100 63 57 11 72 88 94 100 21 32 22 98 100 100 24 12 50 23 62 24 62 23 55 75 82 27 57 16 100 38 60 51 11 100
54 18 100 63 23 5 12 95 24 100 27 100 100 71 28 87 100 13 87 98 83 82 100 18 18 85 22 99 79 100 10 92 1 4 2 70 4 21 22 96 29 32 19 53 5 39 74 33 78 100 96 34 0 1 93 47 95 100 74 65 42 2 12 46 59 11 58 96 100 82 51 54 36 50 66 63 100 28 100 81 39 100 29 1 12 100 47 4 100 4 100 71 100 7 15 56 62 74 33 31 47 27 21 20 100 76 100 100 46 100 84 64 57 27 20 43 24 48 100 66 46 100 48 79 100
77 60 6 13 100 23 1 100 1 22 23 68 36 49 89 100 73 20 56 42 46 63 45 84 100 77 100 78 24 9 100 14 100 34 39 100 100 19 39 93 75 69 99 100 14 23 6 100 84 41 100 100 98 100 61 77 100 5 100 100 8 59 96 53 97 93 100 57 100 1 3 99 24 10 52 80 46 38 31 43 17 18 27 63 100 14 61 28 41 38 24 92 46 100 100 46 72 100 100 47 41 12 76 42 45 52 97 38 46 78 43 22 65 94 9 79 87 6 100 83 19 40 13 100
42 10 84 25 21 49 99 100 100 25 66 85 61 100 92 90 90 42 16 62 9 2 17 28 100 66 38 28 48 96 96 29 36 11 38 7 57 54 18 34 50 5 15 38 28 100 100 96 93 10 81 1 80 31 43 86 93 100 83 90 26 100 70 61 76 10 68 79 2 26 11 100 100 43 100 88 100 100 72 61 100 85 100 97 4 12 87 48 41 100 95 67 53 47 56 16 49 95 31 47 42 86 90 34 44 95 68 100 100 95 23 93 100 39 55 51 80 65 51 1 50 81 100
95 12 39 77 11 51 89 76 100 68 60 0 65 82 100 100 80 48 45 100 19 71 82 35 100 46 59 99 8 26 6 81 6 99 100 83 8 79 21 92 57 58 4 61 52 29 89 1 100 75 98 61 100 100 40 74 100 64 100 100 66 57 100 94 100 99 52 17 92 1 4 64 90 26 63 2 74 73 31 15 100 21 89 100 84 27 22 11 85 68 68 33 88 100 100 69 100 19 13 5 100 100 34 30 49 4 40 100 96 56 22 39 82 70 57 93 100 62 100 100 72 100
100 29 62 35 9 14 96 100 100 95 100 52 66 20 79 88 56 9 38 29 16 22 100 62 70 61 100 75 100 96 50 100 51 25 81 71 100 14 33 25 76 35 84 83 100 82 2 100 100 100 100 11 12 78 100 40 65 30 17 12 100 73 88 100 100 24 60 100 79 3 94 90 35 34 93 79 100 100 100 41 100 66 13 95 6 29 55 15 27 56 34 10 74 100 52 79 26 100 30 10 26 77 92 59 12 100 100 39 18 91 1 46 45 8 74 100 13 74 5 100 100
66 100 71 81 100 33 100 34 47 89 91 76 86 87 72 100 100 29 8 33 100 54 27 27 57 80 43 74 57 100 64 90 22 47 65 80 100 71 100 100 64 79 53 12 59 7 29 10 20 76 99 38 16 77 52 62 100 100 100 15 19 88 68 51 48 20 100 100 12 28 62 43 9 64 70 14 96 100 100 71 13 100 89 40 70 82 89 91 92 58 100 100 100 31 100 81 45 48 18 85 66 78 100 30 52 78 78 48 28 53 38 86 11 69 100 30 49 67 100 100
100 100 51 23 18 12 95 7 54 13 25 100 81 28 82 49 100 27 4 31 93 62 76 87 79 56 47 25 100 100 10 100 87 9 100 66 42 68 100 78 100 30 100 25 65 70 23 8 64 87 100 53 75 17 27 57 4 45 6 30 76 100 42 100 96 99 32 61 86 28 73 43 100 48 81 62 100 100 40 21 19 39 27 100 100 79 44 82 24 4 10 86 100 60 100 81 51 100 4 57 53 31 65 57 100 54 74 100 42 100 98 51 100 100 100 100 1 54 100
100 4 0 10 92 100 52 10 72 77 82 100 100 92 11 61 89 34 100 77 87 18 23 24 93 94 73 54 58 61 66 3 15 29 63 58 72 77 85 72 80 96 49 4 97 34 57 65 100 100 28 80 97 68 100 52 100 28 65 52 58 67 1 21 15 3 10 86 64 45 58 33 100 46 5 57 100 17 100 67 38 90 84 23 26 100 18 3 68 100 83 50 68 100 74 75 44 17 100 80 77 100 21 100 13 14 25 38 33 42 68 7 55 11 59 39 81 100
100 100 100 41 78 76 53 9 47 20 72 84 8 100 15 100 100 100 61 17 51 91 9 48 100 70 21 23 80 100 77 17 12 100 95 100 45 100 97 100 57 10 100 67 59 100 93 3 65 0 29 90 53 50 67 86 32 85 26 22 46 5 95 78 100 11 12 8 100 4 100 6 5 2 10 100 26 28 100 16 43 100 26 100 6 100 100 15 5 61 36 5 57 84 26 11 35 100 44 29 55 45 68 100 46 79 100 91 18 70 94 100 100 84 5 23 100
32 52 100 81 69 100 100 100 79 78 100 27 57 100 100 37 96 100 66 29 100 100 58 7 47 41 11 100 79 31 96 55 100 100 62 100 66 37 100 100 98 69 68 95 100 13 0 57 100 13 61 100 100 100 22 54 100 77 73 29 11 30 50 95 100 37 77 100 98 100 85 100 43 56 100 65 59 70 13 78 100 22 68 76 64 64 21 100 45 63 51 100 46 84 53 90 26 37 100 36 22 23 13 16 40 45 92 99 100 67 100 25 56 19 58 100
73 84 10 10 100 100 100 32 67 81 26 6 45 53 4 61 100 7 22 44 66 27 6 93 52 65 39 78 44 84 100 100 27 72 37 26 95 100 20 78 74 49 73 40 20 32 75 54 100 100 100 100 53 42 30 100 100 100 38 99 100 56 27 40 96 5 84 38 84 66 80 35 100 87 34 82 41 35 52 100 100 8 60 12 38 82 100 22 53 41 37 100 69 73 64 96 31 14 48 22 100 94 0 44 33 69 100 6 100 54 71 78 82 9 100
62 53 22 66 93 10 100 95 24 47 100 2 75 100 100 100 48 63 98 13 100 66 0 100 100 56 54 100 100 73 6 13 39 7 7 29 65 16 35 91 28 50 26 42 56 62 32 99 61 32 21 62 22 36 10 19 22 44 100 95 64 100 30 36 15 100 89 100 27 23 78 23 100 77 46 99 100 89 59 100 18 52 100 30 100 34 100 44 43 42 91 16 81 73 100 7 67 15 99 60 5 41 53 64 29 18 77 24 30 100 47 22 43 100
14 84 85 10 51 83 41 21 65 20 100 100 97 1 100 36 100 44 95 8 72 100 100 49 100 51 86 4 100 100 66 94 31 16 85 90 42 100 100 34 6 52 100 100 100 68 88 71 95 84 88 100 51 83 100 58 89 8 14 13 10 15 39 96 86 22 56 6 55 48 2 100 100 80 19 0 100 17 100 100 19 93 12 20 40 81 62 63 100 34 100 100 14 74 75 100 100 100 100 5 43 100 19 27 92 2 100 70 100 69 95 100 100
88 75 64 100 73 100 11 56 100 12 100 41 75 19 65 100 20 62 57 12 25 100 49 53 67 5 20 12 100 15 64 61 67 62 59 94 10 7 23 100 100 17 100 18 46 65 72 5 40 100 91 14 92 100 46 100 19 100 29 25 82 22 100 73 31 28 100 100 4 100 61 21 100 100 73 100 23 55 86 26 100 58 46 100 39 52 83 100 70 35 51 100 100 100 13 55 20 57 34 80 100 91 77 99 100 67 100 100 33 100 100 100
100 17 95 100 100 68 12 18 69 48 33 8 100 23 42 70 7 100 29 65 93 58 78 7 43 72 48 37 100 52 70 55 42 30 84 100 46 70 87 78 43 42 98 65 85 17 38 100 100 100 21 100 75 44 26 19 86 100 20 34 92 54 98 71 48 79 14 99 96 66 10 100 95 82 77 64 30 85 50 40 88 28 100 40 53 100 5 93 41 49 83 37 100 75 29 100 36 95 100 50 0 53 68 100 6 80 38 79 48 96 100
75 4 58 78 95 100 21 3 82 100 53 100 83 56 52 100 37 71 0 100 100 1 10 100 17 67 25 61 66 41 100 100 100 4 37 68 43 100 74 41 89 42 100 97 100 0 24 84 19 71 87 30 17 100 52 34 4 44 67 37 2 100 22 100 76 39 67 100 100 100 24 100 15 87 89 100 8 96 7 68 58 52 54 100 40 10 100 100 49 54 92 12 94 28 9 0 100 27 44 79 50 83 19 95 48 60 100 20 63 100
23 24 74 22 100 81 18 59 98 14 54 100 56 16 100 24 8 96 46 83 95 100 100 16 67 100 86 65 32 57 14 100 100 30 12 44 47 33 42 54 60 92 55 53 72 98 40 37 100 58 1 100 86 100 100 5 16 68 93 90 100 86 51 69 9 100 17 100 36 100 3 56 4 8 16 67 100 50 82 100 100 100 93 68 100 81 100 69 54 100 6 79 10 22 54 73 2 100 100 58 53 69 21 96 100 44 100 19 100
34 100 62 100 100 70 48 5 54 47 8 6 43 28 91 27 8 37 100 74 55 47 100 51 14 84 30 18 67 78 85 55 100 14 78 93 100 100 98 29 53 32 37 4 100 76 100 20 37 100 100 1 9 57 16 49 100 100 100 100 22 32 91 16 100 65 100 39 30 100 64 48 32 100 100 100 8 19 97 20 12 37 100 100 100 8 100 17 81 14 85 18 100 50 89 100 74 5 36 90 20 100 44 100 100 93 39 100
35 100 46 33 100 12 100 39 15 100 18 2 100 1 100 3 100 49 100 3 71 81 80 91 100 10 100 100 53 100 100 77 16 9 31 100 100 3 11 71 13 69 79 14 100 100 100 89 100 21 34 0 22 47 100 100 26 100 38 100 100 61 98 100 18 93 33 18 32 100 100 34 14 100 100 22 100 100 22 32 27 48 100 87 61 77 100 100 9 97 75 39 50 23 100 100 57 38 31 96 52 98 27 82 100 7 100
100 100 40 79 100 73 100 55 100 100 89 35 57 22 64 17 100 66 27 100 41 47 7 100 68 7 40 100 62 86 44 41 10 85 31 100 20 100 100 2 57 46 71 100 43 10 34 34 36 98 100 53 100 61 100 100 49 50 54 82 44 44 100 0 72 88 31 100 56 100 100 45 100 100 100 100 0 22 100 90 100 14 99 25 100 56 100 0 31 100 100 8 100 100 86 100 80 75 7 21 79 79 43 97 26 100
94 74 62 100 10 81 100 100 89 81 21 100 89 69 89 100 100 73 100 1 100 87 100 76 10 100 57 100 34 17 57 78 100 100 100 42 2 12 38 8 49 29 60 37 12 2 12 100 73 72 100 11 38 3 100 77 73 6 100 69 100 100 63 25 48 100 100 15 58 33 36 34 5 47 86 67 39 17 54 74 100 100 100 100 100 88 100 25 100 61 100 34 10 2 38 42 98 32 100 100 100 80 92 88 100
100 82 100 76 86 100 100 1 13 54 100 80 100 84 20 74 100 100 100 2 100 100 6 38 3 46 100 46 0 71 100 5 60 95 81 88 7 51 79 1 100 30 47 100 17 36 72 50 100 84 58 59 75 60 29 100 78 100 0 100 100 100 100 100 48 100 14 31 22 53 85 100 98 100 100 41 91 10 89 100 100 72 58 26 100 60 55 18 100 12 100 2 99 93 59 68 97 45 100 59 100 100 59 100
93 99 100 7 100 21 63 59 100 100 1 100 100 26 85 100 35 82 76 31 100 51 55 100 38 100 50 82 100 100 69 47 7 100 35 93 58 100 95 84 100 71 77 100 60 34 25 97 36 100 84 1 100 74 100 100 100 100 65 100 100 100 85 29 69 35 13 67 40 100 42 78 1 48 100 99 100 28 84 100 22 100 49 100 82 100 3 59 96 100 16 41 100 92 100 98 75 53 90 19 100 29 100
3 40 100 100 100 45 93 100 100 43 65 38 71 29 88 100 100 33 98 44 60 26 82 34 100 86 100 100 100 81 53 10 100 100 87 100 83 100 100 2 100 3 100 37 89 97 100 79 100 4 48 24 49 18 100 70 100 73 100 13 56 100 100 28 100 65 27 100 46 55 100 18 12 28 100 18 66 100 30 42 100 100 80 99 57 100 100 100 47 58 60 21 70 89 98 85 100 62 64 54 52 100
95 21 99 100 35 100 100 100 57 100 6 56 100 70 100 100 71 71 5 27 78 100 75 12 100 59 52 48 67 70 68 19 100 29 100 20 100 55 21 100 6 100 47 100 55 95 6 41 89 28 100 31 12 29 21 37 100 43 21 44 66 100 100 44 35 100 5 83 89 90 100 100 28 14 100 27 100 100 89 13 100 100 4 100 100 100 96 100 100 100 65 100 100 34 100 75 100 38 41 88 100
46 100 14 75 9 100 100 75 100 12 100 10 100 36 100 76 100 81 45 55 72 100 8 37 76 58 27 39 85 81 28 58 100 61 39 2 88 36 100 100 37 100 14 100 100 9 100 62 100 96 20 30 100 100 54 100 56 70 100 100 30 16 51 95 15 92 100 18 100 56 75 53 92 100 100 90 7 100 41 100 38 100 41 49 36 100 6 37 100 3 100 99 100 100 100 78 0 72 100 100
100 39 76 100 100 79 100 14 100 73 25 99 100 94 100 5 100 44 82 3 27 25 51 100 100 15 78 100 55 33 77 25 100 34 95 100 30 100 100 24 100 76 59 58 100 91 71 33 87 100 14 74 100 100 61 51 49 29 31 100 8 80 3 86 90 100 100 100 49 65 11 100 92 100 100 38 100 100 100 66 92 72 100 12 66 64 34 100 100 39 17 29 100 100 92 100 14 29 100
0 100 10 63 71 41 83 70 100 59 100 58 39 3 100 100 100 54 59 9 73 49 100 100 66 62 14 100 63 27 66 84 100 99 100 33 84 44 100 92 100 92 89 72 100 18 55 41 85 60 25 34 84 100 100 100 93 100 2 16 27 100 26 100 100 100 24 100 58 100 5 51 52 99 100 52 91 100 87 95 100 100 46 17 100 96 10 100 100 43 1 49 59 52 90 100 100 100
58 79 77 100 69 20 88 28 19 90 33 26 2 100 17 100 75 47 77 38 35 98 27 31 47 67 34 57 81 100 100 51 100 100 66 97 61 64 75 73 75 94 100 100 100 100 57 100 18 31 100 100 33 29 70 70 52 30 45 96 4 56 29 49 100 80 100 100 54 86 100 3 69 84 100 39 98 5 100 79 46 95 77 40 84 18 74 90 100 16 100 100 100 54 14 100 100
67 82 100 100 90 95 58 100 80 100 100 92 100 38 39 43 95 63 58 62 99 100 46 48 19 37 100 100 92 100 75 2 32 100 59 73 100 100 50 100 18 100 100 92 71 81 100 100 75 83 35 54 100 67 100 65 100 72 61 80 100 100 50 100 11 100 12 4 100 16 100 100 100 50 100 100 82 100 72 100 82 100 100 85 60 84 100 100 81 26 25 14 27 77 72 100
97 20 5 100 100 58 52 56 23 76 58 100 22 77 83 6 19 100 58 39 98 87 64 2 100 100 37 59 77 27 100 36 45 100 71 100 12 53 100 55 70 75 18 84 47 34 23 25 100 39 70 45 100 100 61 24 9 100 88 99 11 100 22 66 47 59 4 74 39 42 57 100 100 100 100 100 23 58 70 65 100 68 100 71 100 99 61 100 18 63 30 100 17 68 100
100 70 87 100 100 62 71 100 81 13 100 54 52 71 100 100 100 100 100 70 31 100 32 100 100 39 90 1 100 76 37 18 100 60 28 16 100 15 100 100 98 6 100 92 100 100 100 47 13 4 100 71 95 70 100 17 100 26 4 86 47 98 31 74 36 20 78 85 43 30 100 37 100 100 100 40 100 100 94 70 10 90 75 42 7 12 99 1 88 100 49 42 83 100
47 19 100 100 14 59 100 59 100 86 90 35 100 95 57 96 53 3 29 100 100 100 99 100 100 100 100 4 74 20 38 23 75 91 94 100 25 0 62 74 52 100 78 64 51 46 100 100 25 100 100 30 51 52 90 36 72 53 100 47 100 10 92 61 100 45 12 100 100 100 10 100 100 85 30 20 1 9 80 100 50 100 71 89 44 23 100 100 25 12 12 100 100
100 16 75 19 100 28 100 24 100 100 92 62 100 39 100 9 81 56 5 51 32 77 44 67 19 84 40 49 100 36 2 55 100 100 28 66 44 11 100 27 100 100 57 44 90 100 75 68 85 100 54 33 65 100 79 100 18 99 100 12 100 32 100 58 100 100 93 25 100 14 1 4 98 100 95 72 18 100 91 100 100 100 37 100 100 79 78 100 66 83 2 100
100 22 27 100 100 100 42 100 39 59 16 100 100 100 100 46 32 37 63 88 44 100 100 48 20 48 100 66 87 100 63 100 72 84 100 100 70 100 87 36 51 5 19 22 100 100 83 100 100 100 100 65 33 100 20 0 100 100 100 100 100 12 100 43 9 100 55 86 57 57 26 100 100 100 88 9 2 32 61 46 100 45 46 67 13 79 10 44 100 6 100
100 72 12 91 100 100 100 75 75 100 100 21 96 56 100 100 67 6 40 63 42 36 87 100 85 100 62 100 67 38 79 90 33 98 100 68 37 23 7 87 97 95 20 87 14 100 57 56 38 32 61 100 59 100 100 69 45 60 100 100 47 100 47 53 34 50 100 100 34 59 100 31 100 100 100 18 41 100 100 13 92 10 10 100 100 1 4 41 100 100
23 58 2 100 27 18 100 100 3 8 35 74 91 18 100 100 100 1 100 100 18 95 100 61 100 24 24 40 100 100 100 10 34 100 34 100 100 100 69 0 16 45 100 100 100 65 100 100 43 68 42 100 100 100 74 64 100 61 100 100 53 100 5 77 83 98 33 61 100 100 74 100 80 100 83 60 57 12 99 78 53 40 54 100 43 26 100 61 100
100 100 9 100 100 11 100 100 65 100 42 76 100 37 51 100 100 73 83 100 21 5 100 100 48 33 100 19 49 9 70 100 66 87 71 100 100 100 9 93 100 100 3 79 100 100 84 100 69 50 100 100 100 7 7 88 4 100 100 100 100 0 92 5 100 3 39 62 12 33 32 31 100 88 82 31 100 45 52 3 67 100 100 100 100 41 76 100
100 100 100 100 30 16 1 94 100 92 25 90 2 54 44 20 95 51 77 32 71 38 100 100 100 100 35 86 91 81 100 26 14 29 100 51 100 21 100 100 92 23 21 77 100 45 100 56 100 100 65 65 100 100 38 47 48 9 34 100 100 86 64 61 51 74 64 100 71 100 92 46 35 20 47 42 99 24 97 94 94 25 61 32 97 3 100
100 91 100 100 44 35 79 100 98 7 92 100 65 84 87 35 66 99 26 100 51 100 90 99 16 76 100 78 16 100 75 65 54 40 71 95 83 10 100 24 22 84 14 100 59 94 13 100 100 65 26 24 100 100 29 61 100 7 100 100 65 100 100 48 24 100 95 100 74 9 40 42 100 71 67 100 32 100 27 100 16 100 90 27 21 100
2 100 100 24 100 63 14 30 30 98 17 59 31 22 100 78 53 74 100 22 87 100 26 65 74 100 26 36 100 100 100 59 100 65 100 13 67 45 100 41 100 100 83 100 56 2 0 100 100 7 45 50 24 52 42 34 100 100 38 100 93 100 66 53 58 16 7 100 83 48 88 42 65 10 11 77 99 42 4 77 64 15 100 100 100
21 62 61 96 33 15 100 52 50 79 49 100 59 59 100 48 100 83 100 60 12 100 100 100 27 100 10 100 100 11 19 95 98 100 21 100 100 16 21 1 62 100 100 100 84 34 100 100 68 83 84 52 100 74 61 100 90 100 53 31 100 100 100 74 58 2 59 72 43 21 3 34 100 25 100 43 100 68 100 75 94 69 34 100
100 100 49 100 77 100 33 74 100 100 14 37 84 1 68 22 65 89 93 32 100 100 100 47 100 100 11 37 84 73 100 49 40 30 37 7 100 41 22 41 28 35 100 8 47 100 62 19 100 100 45 10 100 100 73 65 42 84 55 100 32 100 88 100 57 100 100 39 8 100 58 92 68 19 8 100 89 81 78 100 51 13 100
100 100 23 100 100 94 4 100 26 40 0 61 100 100 100 88 100 100 100 14 100 100 60 100 100 100 81 100 100 11 3 100 11 100 100 9 100 100 100 81 89 1 77 59 32 100 100 100 2 32 59 100 45 100 65 100 73 100 64 82 100 28 5 56 57 1 10 66 31 100 12 100 93 41 100 85 7 100 70 13 100 100
12 46 100 63 18 100 78 100 100 100 100 96 40 100 100 47 70 100 27 73 36 73 16 55 60 100 100 81 23 76 100 10 39 100 45 25 31 21 100 100 45 100 15 6 91 97 100 63 66 92 20 97 100 100 7 96 83 9 51 62 100 44 100 100 59 100 71 71 100 28 78 100 2 100 56 82 83 100 18 34 100
76 84 100 83 100 80 100 76 80 100 100 100 100 91 60 91 13 100 100 94 74 100 5 100 7 5 85 68 42 100 74 61 49 100 48 89 100 58 8 72 53 100 100 46 92 45 49 13 77 38 100 76 78 38 88 27 100 100 100 33 12 100 20 8 0 67 100 35 100 100 24 100 100 30 1 38 100 34 100 100
16 51 100 46 100 100 100 80 50 100 57 100 47 2 92 100 100 44 87 87 20 29 100 96 17 22 100 100 100 100 100 25 88 100 38 100 48 100 43 94 100 100 28 100 64 70 100 100 36 54 35 98 39 18 18 0 75 100 42 100 41 100 47 100 17 3 21 15 100 100 32 55 100 69 41 96 52 56 100
100 38 100 60 72 55 100 5 100 84 13 32 9 73 4 100 100 100 100 100 100 100 47 100 100 66 84 68 100 66 39 98 40 100 49 19 95 32 79 35 100 94 10 100 46 2 56 83 17 100 76 53 78 100 8 27 100 80 100 100 52 71 89 17 75 100 100 100 75 88 43 78 13 93 81 7 72 100
16 25 28 39 7 100 65 27 100 33 100 20 69 3 84 0 73 38 34 81 100 99 100 37 17 1 72 15 86 38 100 61 100 29 100 100 93 30 24 55 5 87 46 100 100 94 69 11 15 3 17 76 53 94 51 67 77 90 100 100 89 51 30 14 55 46 100 61 100 77 71 100 3 100 100 100 100
23 71 100 100 21 89 81 64 100 100 42 98 58 6 100 60 100 100 68 17 55 23 100 98 44 80 19 9 37 73 2 73 69 100 100 65 100 13 99 87 100 65 100 21 38 100 39 50 2 20 100 100 100 67 100 100 79 100 100 6 25 100 19 100 100 100 97 100 31 5 82 14 100 86 46 100
100 26 25 22 76 43 49 13 100 7 95 36 100 14 37 89 36 35 48 100 39 88 100 31 22 36 68 10 100 25 16 100 100 21 100 70 43 27 100 51 69 50 100 100 100 51 64 18 100 71 36 73 66 20 100 100 65 16 93 69 100 100 28 100 49 31 29 96 100 82 45 46 61 100 100
100 22 100 63 77 100 14 16 63 89 100 100 100 100 27 42 100 74 95 75 79 100 100 69 15 26 100 76 67 56 100 11 98 35 100 72 82 56 73 77 55 72 64 100 31 97 0 1 13 31 55 100 92 35 27 51 100 100 100 100 100 71 74 100 85 76 19 36 100 92 62 88 100 100
30 82 66 4 100 71 25 72 59 78 38 100 19 92 100 100 100 89 88 26 100 100 100 20 100 100 100 15 80 41 47 100 100 45 45 86 6 100 100 87 100 34 27 100 25 76 91 100 100 100 100 49 100 95 27 100 92 100 100 64 100 57 100 7 100 39 100 61 6 88 100 100 100
75 100 100 100 100 100 84 100 9 100 21 100 100 1 61 5 100 25 70 100 95 100 43 100 6 88 78 32 4 100 100 100 50 91 44 82 100 73 65 68 56 96 42 100 25 100 40 100 100 23 71 100 100 100 100 49 100 100 56 100 100 84 100 33 7 76 24 100 32 100 100 100
100 7 22 38 100 100 100 100 20 25 60 1 100 37 29 100 86 95 36 56 100 100 41 100 12 100 80 49 7 37 26 67 54 100 41 38 39 90 73 100 9 21 100 51 59 3 25 54 100 57 73 78 11 68 15 99 84 47 24 28 99 44 19 67 27 10 60 100 56 46 100
23 100 100 41 67 18 37 91 100 100 47 0 100 100 89 53 34 100 100 100 92 81 31 100 38 53 76 100 4 100 99 32 11 100 79 16 57 3 45 100 100 3 19 100 9 15 100 41 100 4 100 100 100 100 40 94 100 100 34 5 69 12 100 100 100 53 63 6 10 100
26 13 100 100 100 38 100 55 100 100 39 43 100 100 22 97 33 39 15 100 25 100 92 17 8 46 35 100 100 56 71 100 45 66 100 36 98 100 25 27 99 11 100 32 52 1 64 26 8 100 100 97 100 98 95 69 56 100 100 63 13 100 61 97 100 19 44 71 100
14 100 26 100 31 100 78 100 19 30 36 79 15 7 75 100 56 90 78 88 94 41 17 78 100 51 67 30 50 26 67 10 100 36 84 87 64 77 63 61 6 100 100 100 78 79 73 44 100 1 100 18 75 34 13 15 79 16 18 81 100 32 78 100 32 89 66 100
84 100 63 73 99 6 100 100 100 100 100 84 68 98 100 100 45 80 93 4 100 100 20 95 54 5 56 100 8 100 37 34 100 53 62 100 100 34 81 100 100 100 100 100 40 28 69 91 19 100 100 100 7 88 66 9 46 87 100 46 14 100 100 12 100 100 100
100 100 47 79 100 94 41 70 21 92 100 100 3 24 33 100 50 100 52 53 31 100 54 100 100 18 52 65 98 35 71 41 20 61 100 100 83 100 84 100 68 100 100 1 100 22 50 95 100 81 55 60 14 100 29 4 100 66 75 100 99 57 76 68 28 100
83 35 100 100 100 93 71 88 100 68 100 14 98 73 69 43 17 24 100 100 71 100 47 55 100 72 79 25 12 9 100 0 31 25 74 100 75 32 100 14 30 92 100 100 100 43 100 63 4 11 17 39 63 100 17 74 38 88 100 100 81 64 46 10 100
82 100 43 91 100 10 50 8 98 44 21 75 69 9 100 69 88 75 51 83 100 100 100 12 100 40 30 100 21 100 75 100 84 52 100 24 94 46 44 94 100 66 100 57 89 16 11 95 24 54 17 27 52 96 55 20 86 100 100 100 91 100 85 100
100 100 5 100 35 100 67 5 100 81 36 66 19 27 70 53 44 56 100 100 96 100 25 100 81 90 92 38 100 0 16 100 100 100 100 0 98 100 100 45 87 47 100 100 91 81 34 46 100 100 66 85 76 94 100 54 68 55 100 84 100 100 100
70 12 96 100 98 70 100 81 100 91 13 58 100 100 100 43 66 100 57 31 25 100 60 86 100 100 100 36 7 93 27 100 100 78 44 66 10 81 77 69 64 59 54 84 11 57 100 71 33 100 96 42 14 96 42 42 71 40 51 34 93 100
100 66 100 1 7 37 100 83 11 100 99 87 4 12 10 70 100 58 99 100 22 24 100 52 52 100 100 100 100 100 100 100 100 2 79 93 29 2 100 16 70 100 98 8 77 44 96 15 56 42 71 70 39 54 32 45 100 36 55 37 100
21 26 20 100 100 93 28 74 100 70 100 100 91 67 100 59 32 65 43 22 100 21 81 100 100 81 100 77 48 100 47 100 100 96 81 38 18 90 100 32 42 100 100 57 90 88 69 55 100 14 7 23 76 100 49 90 98 47 21 100
100 100 100 58 52 100 81 63 44 53 64 100 100 10 100 100 100 0 48 100 11 76 100 100 100 100 100 46 49 36 100 20 66 87 72 100 2 98 84 10 40 100 100 100 100 28 100 14 100 57 13 100 100 34 62 100 100 50 100
100 98 91 22 100 86 96 30 43 100 58 6 100 100 54 76 86 33 90 100 73 30 100 94 100 82 83 100 58 100 74 28 97 23 100 100 100 100 32 41 100 100 8 9 60 74 98 26 57 100 29 89 64 100 100 86 93 100
59 31 100 57 100 15 100 100 100 94 100 100 78 7 100 10 4 36 87 61 74 36 2 43 22 23 100 48 13 100 100 100 39 81 100 55 94 100 7 73 100 25 97 81 3 31 53 13 43 100 100 65 100 67 100 95 100
100 24 63 39 100 100 100 55 100 12 46 74 95 100 100 100 99 77 49 100 100 33 100 92 100 8 100 60 100 13 99 100 100 100 48 13 44 78 82 39 84 100 87 4 100 81 0 100 91 83 57 92 100 29 54 100
89 48 100 100 5 38 57 100 29 33 18 100 78 59 21 63 100 100 94 46 28 100 100 74 100 26 6 77 100 52 29 80 58 15 97 100 100 56 87 100 0 66 13 100 46 100 61 100 34 89 12 17 20 76 100
50 4 29 29 100 100 78 13 100 100 72 40 100 6 100 49 71 100 100 100 3 77 30 21 61 16 52 100 37 58 1 100 85 100 36 100 7 100 64 63 100 26 100 29 60 73 28 43 61 100 29 41 100 100
100 62 40 45 100 86 90 42 35 26 31 97 45 51 57 46 52 100 12 52 100 31 100 100 100 85 30 73 100 100 100 2 47 98 66 91 100 18 17 100 67 58 100 71 40 57 43 85 58 100 100 16 100
100 100 100 100 100 37 5 100 29 74 9 100 19 2 15 26 95 99 100 100 35 94 100 89 100 69 11 100 100 51 100 100 15 21 78 23 100 100 55 46 76 100 3 36 0 100 35 100 26 4 20 100
26 62 100 7 100 1 100 0 100 24 100 100 18 100 9 3 77 16 13 100 80 49 100 60 23 64 58 29 57 70 59 67 37 69 69 35 18 46 57 100 92 24 100 100 32 31 44 100 66 94 100
39 100 100 0 90 83 3 34 83 100 100 58 4 100 30 39 99 100 38 81 59 100 100 100 100 100 52 100 100 100 100 84 1 100 76 3 100 40 16 52 100 18 87 92 46 100 75 41 19 100
100 13 100 100 77 86 100 100 32 71 100 94 56 49 100 58 88 100 100 8 90 21 2 44 100 67 78 29 38 100 83 100 68 100 34 70 16 1 95 100 100 100 100 2 80 100 43 100 100
22 100 16 100 100 76 100 100 22 77 100 3 18 40 5 100 49 57 53 50 6 36 46 100 100 93 79 78 51 71 100 94 2 100 66 96 13 100 100 7 26 25 100 24 100 93 38 100
84 73 100 90 100 53 59 15 76 94 59 64 38 100 100 100 100 90 61 100 76 12 65 1 50 36 100 71 81 73 100 17 100 100 33 100 9 83 100 100 48 59 94 57 62 78 100
100 91 19 32 100 76 100 40 3 11 4 80 98 36 100 94 100 7 1 85 100 100 51 60 100 100 41 100 100 100 77 68 100 100 20 100 8 100 79 44 50 31 34 100 100 100
100 35 100 46 13 100 37 90 100 3 100 97 100 100 45 33 100 78 100 100 7 100 100 100 100 55 50 44 80 1 79 29 6 16 63 100 100 49 67 100 100 36 55 35 100
100 50 78 100 60 100 100 100 64 100 48 100 26 6 30 19 100 52 100 37 99 55 45 100 56 15 21 79 4 100 4 100 100 100 100 34 100 100 100 44 89 10 11 100
44 100 63 45 100 64 54 52 100 6 65 3 71 21 100 61 100 69 56 100 77 82 52 100 100 39 63 100 47 50 10 100 81 100 100 100 41 100 100 41 100 100 100
81 75 100 100 100 100 1 26 16 100 100 90 100 51 100 64 45 100 100 59 73 21 42 57 37 100 45 100 100 98 0 27 85 100 84 100 19 46 53 100 100 100
100 15 82 35 100 3 100 14 58 100 4 100 55 1 14 52 100 33 100 100 100 71 65 100 15 100 100 31 96 100 32 17 16 68 87 10 85 100 25 100 100
91 86 52 50 35 29 100 28 13 100 100 95 53 72 100 57 92 100 100 56 72 83 100 100 85 100 17 58 92 6 35 27 100 64 100 82 36 100 82 100
83 6 96 6 32 65 20 8 21 100 100 86 100 41 100 55 9 1 93 15 100 100 36 28 55 37 100 100 32 100 16 100 14 100 100 100 28 100 100
23 100 25 60 66 17 100 100 50 100 100 100 100 100 81 0 100 73 11 10 100 40 32 26 100 81 100 100 70 93 92 69 48 59 100 100 100 100
100 60 6 100 51 78 100 100 34 58 100 100 100 99 100 66 27 100 100 23 73 100 100 100 100 5 65 49 69 100 100 76 5 53 84 100 100
100 2 100 100 100 18 100 78 26 70 8 100 20 95 98 78 96 7 100 11 100 80 100 100 11 87 59 100 58 99 65 82 100 100 77 100
74 16 78 56 100 54 100 100 100 62 52 100 98 68 1 89 100 17 48 62 100 100 22 89 0 37 66 77 54 100 33 35 64 100 100
19 68 41 100 60 25 3 98 73 99 17 22 64 100 17 100 61 40 100 100 61 100 100 65 86 100 91 48 100 100 2 100 49 100
100 100 79 100 59 40 67 49 100 100 13 42 47 100 43 72 12 69 57 45 88 42 100 79 32 30 73 48 55 62 10 59 100
100 60 75 100 34 65 26 32 18 40 1 2 100 100 29 20 34 64 39 58 28 83 100 100 100 30 81 98 100 44 100 100
29 65 60 100 63 94 100 100 100 100 9 52 72 2 100 37 100 100 51 13 62 64 20 100 23 14 100 98 60 100 100
100 81 100 100 65 44 37 22 100 72 100 100 97 75 100 100 100 58 44 32 100 14 100 100 88 67 64 47 30 100
100 100 81 2 100 100 77 100 100 92 91 36 100 77 83 19 100 100 100 65 86 45 16 29 5 95 40 41 100
98 100 60 39 100 66 100 100 95 69 100 47 3 75 62 99 100 47 10 100 100 100 38 74 100 65 88 100
51 100 100 100 100 56 8 11 87 76 36 48 100 100 68 0 100 31 100 55 75 12 100 97 74 20 100
90 85 36 100 94 100 100 100 100 39 32 100 25 99 40 9 100 1 46 3 100 100 93 97 100 100
82 14 100 55 46 100 100 2 63 69 100 18 100 100 97 100 69 100 86 67 91 7 91 69 100
100 20 33 61 2 100 84 7 89 11 30 75 90 100 30 100 100 100 61 48 55 90 33 100
43 33 80 32 51 100 100 100 100 64 57 94 92 38 100 100 100 100 67 54 100 99 100
100 72 100 77 51 100 100 83 43 100 51 4 7 9 19 100 100 100 45 100 59 100
63 5 6 83 100 61 100 100 100 71 31 88 100 100 61 100 100 2 100 100 100
10 31 66 100 37 49 62 7 97 100 36 100 100 59 41 45 22 100 67 100
29 100 71 100 12 50 90 54 33 100 55 100 60 98 100 45 100 70 100
66 100 59 67 100 100 14 53 100 17 100 9 46 28 88 41 100 100
16 26 100 36 8 68 73 100 100 84 35 100 90 65 49 11 100
100 100 58 82 100 100 100 93 20 100 100 100 30 19 79 100
100 13 68 100 25 55 22 89 52 100 41 76 26 15 100
94 100 9 32 100 10 100 45 18 81 15 20 20 100
99 48 32 41 0 7 100 52 100 82 13 100 100
100 32 100 5 58 23 100 24 90 100 87 100
100 100 56 32 79 39 68 100 100 21 100
89 100 90 100 64 100 83 94 4 100
100 25 100 48 100 100 100 17 100
7 100 76 100 76 83 6 100
100 50 100 100 100 100 100
80 100 6 48 44 100
100 100 45 63 100
5 86 9 100
29 97 100
100 100
100
