100 125
6 92 125 14 125 125 57 120 74 125 85 86 7 50 68 67 38 125 5 71 125 125 51 37 54 125 90 121 31 125 123 46 78 125 125 125 77 125 69 125 100 125 125 19 80 51 125 125 125 75 27 123 120 125 1 60 125 19 64 125 125 96 118 115 46 13 32 125 36 64 125 106 34 125 125 94 75 43 125 125 31 76 50 29 125 43 125 125 26 100 95 125 93 125 118 90 125 125 125 125
88 57 125 6 49 125 63 87 49 125 61 125 92 125 125 125 78 6 125 78 125 26 125 125 124 65 125 125 54 125 31 123 125 125 104 65 125 81 15 100 31 89 125 98 93 125 39 38 125 125 96 125 17 79 17 4 125 40 79 125 11 46 125 13 0 10 125 119 4 2 45 125 87 84 125 125 110 125 125 93 57 125 58 125 7 125 93 53 91 125 125 125 125 125 125 31 61 125 125
26 125 10 0 7 4 125 34 125 79 110 7 125 101 120 125 125 7 5 125 63 1 0 125 125 125 48 8 94 13 8 101 17 125 16 125 125 47 71 62 22 125 98 125 30 125 125 101 85 125 76 85 1 13 99 69 30 60 2 47 87 125 55 85 110 125 125 80 40 4 47 118 92 117 125 108 14 125 42 43 69 125 103 125 125 82 54 49 124 125 102 70 82 26 125 35 98 125
125 101 125 9 125 42 75 53 60 22 68 125 90 105 57 70 125 125 125 125 125 88 125 125 101 38 52 125 125 115 125 125 93 36 125 54 99 125 72 125 125 88 125 40 47 95 21 74 29 95 20 125 100 124 125 13 125 54 42 30 125 66 6 125 125 61 11 125 14 1 125 101 101 125 97 125 67 107 41 106 125 125 112 125 125 5 51 98 125 82 111 102 38 31 55 125 125
94 125 93 52 3 102 40 125 19 103 125 42 125 47 19 21 125 37 125 33 55 117 125 117 57 119 46 125 36 116 82 95 125 99 114 125 78 81 125 124 104 125 125 125 125 25 125 125 77 69 107 125 125 104 125 125 125 73 102 35 67 113 125 16 125 125 125 125 125 28 122 60 66 102 81 99 80 0 40 125 125 80 94 31 125 2 29 99 110 71 13 125 121 64 24 125
125 125 77 124 119 85 60 125 67 125 125 124 125 125 75 15 100 67 121 125 125 4 66 59 125 125 25 125 92 110 125 111 97 125 21 54 125 86 0 32 48 6 12 30 125 27 26 30 88 125 30 125 102 125 125 125 125 82 89 117 66 125 26 9 111 125 9 125 125 79 125 29 125 91 56 53 125 12 125 112 115 125 125 19 125 74 11 125 19 125 125 53 40 120 125
4 125 38 125 74 118 34 0 4 51 125 11 125 56 125 125 125 10 125 104 125 91 89 20 92 46 61 123 125 6 12 55 66 29 125 90 125 114 125 125 24 10 101 125 125 125 91 43 125 125 14 125 95 123 60 50 124 78 125 29 125 44 42 125 63 12 125 52 118 45 118 13 125 125 125 125 92 113 125 63 66 16 36 125 123 125 125 125 125 97 125 72 125 125
10 77 61 71 125 125 20 94 125 88 55 125 114 125 93 99 65 120 53 14 125 125 125 2 97 114 125 22 125 23 125 125 125 125 100 125 85 52 120 125 125 36 77 18 125 112 57 9 84 97 38 125 85 79 121 102 89 125 125 17 46 75 125 117 49 125 125 9 21 125 57 40 69 125 46 123 122 114 11 125 125 56 61 108 121 125 125 125 107 37 125 125 125
125 125 62 122 125 125 125 125 125 57 97 73 89 121 105 125 125 125 87 29 51 42 125 56 104 119 125 16 125 34 125 125 7 125 60 63 125 125 125 125 125 99 125 108 34 125 125 125 125 125 125 125 125 18 28 60 74 104 104 52 120 22 25 61 49 25 125 125 125 125 125 125 67 60 125 101 125 125 125 5 125 58 97 97 25 125 38 61 125 121 125 125
125 125 125 125 9 125 125 125 125 125 79 125 61 65 125 7 109 74 125 125 125 77 80 86 125 125 21 38 110 45 125 88 67 125 87 125 110 90 125 125 110 63 125 63 98 104 47 125 94 110 23 9 10 7 116 116 84 125 125 114 125 35 125 62 125 106 125 95 108 125 125 125 125 93 125 14 59 125 49 125 125 125 125 125 125 36 121 68 97 55 125
36 125 108 67 125 125 102 125 125 99 78 63 82 48 125 111 67 20 30 57 47 125 125 38 57 19 103 56 72 125 120 117 4 50 125 125 125 11 125 48 120 57 125 125 125 125 104 96 43 51 11 125 22 125 26 84 125 95 41 86 125 125 66 100 125 101 125 125 71 125 125 106 121 3 53 125 26 85 125 114 125 81 82 74 17 110 125 92 106 125
125 16 58 37 125 98 59 125 125 45 49 32 125 118 23 66 55 125 55 125 85 125 125 95 18 125 125 55 125 125 125 125 12 81 65 125 125 125 38 101 125 117 84 7 125 118 125 6 121 94 52 110 125 125 125 125 125 12 125 1 80 125 56 125 125 125 125 125 125 125 24 108 101 125 125 54 125 125 6 125 87 125 119 11 88 125 125 125 125
69 125 125 109 125 77 125 57 125 99 125 61 95 49 72 125 67 125 104 121 92 125 97 73 125 125 125 125 125 73 125 83 37 116 26 81 125 125 33 98 51 86 112 64 3 125 66 125 125 125 56 125 24 85 57 102 112 103 103 1 62 30 125 125 114 85 125 81 125 125 125 88 125 125 125 27 85 125 111 99 19 80 58 125 125 55 83 125
61 125 125 125 49 39 125 39 125 52 125 90 101 125 84 29 95 12 125 51 125 125 75 31 31 71 5 125 72 125 119 125 55 125 81 125 45 125 125 125 125 125 49 62 125 80 125 46 49 60 125 109 103 125 107 125 125 102 74 49 125 92 37 76 122 66 125 125 68 87 31 23 98 94 28 125 8 125 38 38 125 106 78 60 125 26 125
125 125 5 118 125 111 125 125 32 42 28 109 125 94 17 121 125 48 106 62 125 125 63 10 57 125 96 95 118 15 125 109 110 38 114 125 91 67 94 34 7 125 125 7 59 94 61 125 52 125 54 81 36 125 125 97 125 81 16 11 73 43 125 125 97 77 125 125 10 125 11 24 125 117 125 6 10 111 125 83 8 81 67 95 120 125
125 108 125 40 125 125 4 30 125 64 125 125 16 101 27 102 12 125 62 43 31 79 125 115 100 31 125 53 125 78 15 125 37 123 105 125 125 10 44 125 125 125 57 27 5 125 87 125 0 125 81 123 125 6 37 4 61 125 125 38 9 125 100 34 56 125 68 125 125 8 40 125 125 125 67 60 32 59 125 125 39 125 41 55 125
65 125 125 7 43 125 125 125 55 75 26 8 11 125 56 2 125 51 100 105 73 11 53 67 125 21 58 39 125 112 124 16 66 28 57 40 102 106 91 49 99 120 15 125 37 74 125 41 21 117 32 125 119 38 41 125 93 125 125 97 61 125 89 107 125 125 125 125 2 125 122 25 125 25 125 75 1 125 0 65 125 35 125 125
125 125 15 125 121 125 125 125 79 125 125 125 98 5 125 28 125 125 99 91 36 90 121 125 21 11 3 57 117 125 125 100 62 40 74 100 79 125 6 125 125 5 125 50 24 99 125 125 35 35 91 106 125 125 125 29 12 101 117 94 66 65 125 104 79 65 32 52 74 89 116 98 125 87 125 125 125 55 37 54 100 68 125
125 52 125 41 125 52 59 103 28 2 125 46 44 98 96 125 36 112 125 125 39 125 61 125 125 125 21 37 125 96 38 125 81 103 15 124 86 38 125 125 108 32 125 125 125 125 125 118 90 60 125 123 25 125 67 125 106 85 125 125 125 20 66 125 10 125 25 74 108 125 67 37 125 95 53 125 125 125 3 125 93 125
125 80 125 21 101 125 58 35 125 38 77 13 37 125 38 86 125 52 125 110 112 28 102 49 124 125 31 125 61 125 125 125 97 125 70 125 125 125 119 87 125 11 22 64 65 58 125 125 13 100 6 125 55 125 125 86 65 98 63 125 125 125 63 125 55 54 125 87 125 125 125 100 125 125 125 122 71 122 3 86 125
6 125 4 56 125 87 96 54 59 125 125 125 125 3 43 125 125 125 65 65 125 119 51 51 125 124 125 125 125 75 102 125 125 125 86 16 85 125 54 125 125 90 92 46 92 125 14 38 92 42 76 125 64 83 20 67 125 29 57 46 9 45 107 125 20 125 121 3 87 69 63 78 89 62 71 83 125 123 125 125
21 17 125 68 125 125 36 28 70 88 125 125 74 84 125 8 106 25 125 125 125 125 125 57 46 125 125 3 125 125 125 73 125 125 125 19 30 101 6 113 125 46 125 120 125 125 125 56 40 125 109 108 125 55 125 125 59 89 125 82 20 17 125 42 67 125 125 49 98 125 90 93 27 125 32 125 125 125 125
51 12 73 105 125 125 125 94 125 89 58 122 22 17 116 125 125 10 45 45 125 34 124 125 125 125 125 62 125 62 77 5 77 125 42 12 125 95 125 125 125 125 125 125 125 0 82 103 125 79 4 125 125 109 78 125 19 125 51 125 27 125 125 109 120 86 28 125 72 125 125 16 1 125 79 104 43 125
6 96 48 125 125 67 35 43 125 73 88 0 45 45 92 8 125 8 125 125 125 125 83 125 101 34 42 70 55 125 27 125 35 125 107 125 61 54 53 27 125 125 15 113 125 115 125 65 96 125 80 125 125 78 125 27 25 65 88 76 125 125 40 60 35 78 125 46 63 125 125 125 125 125 91 125 125
125 125 125 91 65 98 125 125 33 125 94 83 125 12 125 125 90 93 12 29 30 105 125 5 121 66 125 93 124 88 125 63 65 125 125 125 15 55 107 19 125 125 98 52 52 125 125 125 125 125 120 125 45 125 8 55 125 125 22 52 125 125 125 125 12 125 125 104 32 125 92 125 125 125 36 125
40 14 63 105 125 29 67 10 105 77 46 125 125 125 125 101 125 88 53 106 95 68 68 125 91 85 8 125 125 67 40 44 104 125 125 123 125 82 74 125 93 125 35 125 125 75 26 125 125 51 48 91 76 125 75 125 125 102 77 76 103 125 98 125 109 110 17 125 52 125 88 125 125 29 125
125 101 110 74 51 100 114 125 93 125 47 38 89 15 53 54 48 125 125 72 47 40 125 14 113 125 125 67 63 25 125 35 30 125 125 125 125 125 125 125 13 125 54 125 119 125 13 30 125 96 125 115 8 37 125 125 125 44 97 20 68 30 125 33 125 125 125 21 125 51 125 43 57 125
117 19 73 32 64 38 82 125 125 24 125 21 125 125 100 97 125 75 23 125 83 39 125 111 125 125 94 100 125 87 62 125 22 124 85 125 125 125 30 66 75 58 112 125 79 98 1 125 125 5 125 116 121 125 125 114 119 104 125 70 72 125 30 83 125 18 32 73 25 125 125 125 125
22 6 103 2 95 66 16 113 78 119 122 15 125 125 19 125 65 125 125 3 125 113 125 117 125 59 125 125 125 125 57 96 47 125 29 89 125 65 125 115 37 29 125 80 125 73 51 6 21 91 114 125 41 125 125 61 35 41 125 125 8 107 125 125 86 125 125 117 125 98 125 125
125 104 111 83 95 36 32 9 77 125 125 120 125 125 23 5 58 77 125 15 0 57 25 125 69 98 125 113 125 52 99 83 71 59 125 125 125 125 88 81 125 100 125 70 17 125 125 125 122 59 125 122 82 36 125 112 125 0 125 3 51 125 103 120 125 125 125 79 69 125 125
66 26 125 19 125 54 125 115 75 125 125 6 47 125 124 125 125 6 125 125 14 89 125 19 109 50 125 125 125 20 125 94 54 17 125 125 94 123 125 106 125 97 83 14 125 44 125 125 125 86 102 56 43 24 125 106 77 65 103 125 125 72 45 50 26 125 72 125 124 125
92 27 116 104 44 125 23 59 125 125 54 60 60 29 18 125 125 1 125 0 124 64 125 125 14 63 115 23 89 125 125 125 125 41 35 125 112 125 101 89 125 125 115 125 119 125 3 50 125 10 64 104 125 125 32 125 125 60 125 97 125 125 125 5 111 34 125 125 125
102 9 125 125 125 125 125 125 125 86 125 39 124 125 78 9 62 125 37 24 93 125 26 96 22 77 125 125 119 47 105 125 113 125 60 61 98 125 125 125 125 125 125 33 125 125 125 125 125 79 125 59 125 125 39 125 6 50 122 46 125 2 125 125 125 121 57 125
99 46 58 125 125 68 68 106 124 83 5 82 125 125 44 125 22 55 125 76 41 125 0 125 125 125 29 125 53 95 15 64 125 125 4 125 63 88 19 125 125 97 125 41 29 125 23 66 109 28 100 125 46 125 125 125 125 37 125 21 39 125 7 125 57 125 125
71 43 94 30 125 104 105 99 18 85 125 125 38 125 125 125 125 62 125 97 20 125 125 39 73 49 17 122 125 11 125 35 20 125 125 12 125 48 125 15 124 76 13 14 96 78 79 30 9 125 57 20 9 7 73 125 33 109 29 95 50 125 40 38 125 125
87 80 125 64 80 125 105 125 47 125 13 110 125 76 29 76 125 38 27 125 7 116 125 125 125 125 42 3 125 125 11 125 125 110 125 125 119 125 125 125 125 119 125 77 125 125 125 125 79 23 125 125 125 125 125 125 26 125 107 38 2 125 108 101 125
125 125 122 125 125 71 124 15 125 83 92 125 125 125 125 125 125 125 125 64 83 92 125 125 125 55 125 13 36 79 125 125 85 72 24 24 125 125 125 125 125 125 125 125 125 125 6 125 125 65 125 125 125 106 125 125 31 109 50 11 125 125 125 125
125 22 52 48 125 125 20 125 83 125 125 73 125 30 60 125 125 45 125 26 125 83 125 125 125 76 107 86 125 125 125 125 125 125 125 99 125 125 125 6 125 125 125 125 125 125 20 125 47 125 125 125 125 125 125 113 125 125 125 125 125 125 125
125 125 125 91 125 40 94 55 125 88 125 125 64 125 125 11 42 125 125 125 125 88 125 51 20 14 125 125 125 125 108 125 125 51 125 120 125 9 125 125 15 125 125 125 125 117 5 58 125 86 64 125 125 33 125 26 26 125 125 125 125 125
125 125 125 6 121 125 125 106 125 125 70 125 125 125 125 125 9 125 125 79 23 125 26 125 125 112 103 125 125 125 125 125 125 19 125 16 125 125 125 125 47 125 125 125 125 100 125 125 125 125 125 125 125 125 125 125 79 44 125 26 125
125 125 80 125 65 125 39 125 125 125 3 88 125 125 125 98 125 125 52 125 125 125 125 109 76 125 125 55 95 125 103 26 125 125 125 68 89 125 125 125 125 74 125 121 125 87 125 3 57 125 125 36 125 125 125 125 110 125 125 125
1 125 54 125 125 125 108 25 125 29 125 125 125 125 125 109 125 125 125 3 4 53 125 90 11 125 99 57 125 118 27 125 125 125 125 100 54 125 125 125 110 125 125 125 125 125 125 125 23 125 125 125 125 125 125 13 24 125 125
125 95 125 2 59 125 125 125 59 125 125 125 125 125 78 125 125 125 111 125 125 125 125 44 125 125 125 125 125 34 125 125 125 36 125 125 125 125 125 125 50 125 125 68 125 125 75 103 36 125 101 125 125 104 125 125 125 125
11 125 125 125 9 125 7 125 125 125 52 125 125 125 125 125 125 125 125 125 125 65 125 125 51 125 125 125 111 5 125 125 125 125 28 125 125 125 54 125 125 20 16 125 105 125 125 46 125 70 125 92 125 125 125 66 125
125 125 125 11 13 70 125 91 13 8 10 4 44 125 125 125 125 125 31 57 96 125 125 125 125 125 125 125 125 125 62 125 125 125 70 125 125 125 125 125 125 116 125 125 125 125 125 125 67 125 125 125 43 125 119 125
36 125 13 125 125 32 125 125 125 42 125 125 125 125 125 125 125 1 125 60 69 125 5 122 0 125 33 125 125 125 5 125 125 52 125 125 28 68 125 125 125 125 2 125 46 25 41 125 70 91 78 125 36 125 125
125 125 125 84 125 21 125 125 125 96 125 26 125 125 125 125 125 31 125 70 125 120 43 125 27 125 125 125 125 91 4 101 69 125 53 22 125 125 125 125 14 125 125 125 47 125 125 55 125 125 111 125 125 125
125 125 87 125 125 125 107 119 48 125 125 125 82 125 54 96 125 77 125 125 125 23 64 125 53 125 125 125 107 125 125 125 36 125 125 125 125 125 13 125 125 125 125 27 125 41 57 125 125 101 110 125 125
125 125 125 125 125 125 125 105 125 71 32 125 125 125 125 64 125 7 26 125 125 125 125 92 125 125 95 125 125 112 125 125 125 125 125 49 115 125 108 125 15 21 53 76 125 78 125 125 62 125 125 125
125 65 65 125 15 125 99 125 125 125 125 13 125 125 125 63 125 125 68 16 125 125 125 125 125 125 125 125 0 125 123 100 125 125 125 125 98 125 125 125 80 36 125 125 125 76 29 91 83 125 125
124 125 77 125 125 1 84 125 125 125 77 35 35 125 125 125 125 125 125 125 29 65 3 125 125 15 64 125 125 125 125 125 125 125 82 125 10 15 125 58 125 125 50 71 125 125 24 45 74 125
125 125 99 82 125 125 111 125 125 125 125 125 12 92 125 44 49 125 53 125 125 125 125 125 125 29 125 109 125 125 125 125 125 125 125 117 125 125 125 125 95 125 125 10 125 125 125 84 125
110 110 22 125 125 125 125 125 125 108 125 23 88 125 125 125 125 4 125 23 83 125 125 125 21 125 125 0 122 125 4 92 125 5 31 108 125 125 125 109 125 125 8 125 21 101 125 125
125 101 125 35 31 125 125 125 71 85 69 125 125 125 125 125 125 125 125 125 125 125 125 125 32 125 11 125 125 125 125 70 125 69 125 125 125 5 125 125 86 125 125 58 61 125 125
6 24 125 125 125 125 125 0 125 125 37 125 91 125 77 125 125 101 103 125 110 125 125 125 40 125 125 125 125 125 89 40 125 125 89 125 125 125 125 125 125 49 125 29 125 125
125 125 125 108 125 125 18 125 107 70 125 78 59 125 106 125 125 125 125 73 50 125 64 23 125 125 125 125 125 125 125 125 125 125 125 125 88 36 125 88 125 125 125 73 125
125 6 125 77 125 94 125 125 125 59 60 125 125 100 64 125 125 86 125 78 125 125 125 98 125 65 125 125 121 58 125 125 110 111 84 74 14 125 24 125 55 125 125 125
66 15 125 125 27 125 125 125 125 61 95 5 15 94 125 125 29 125 125 83 69 125 125 69 125 125 125 125 125 50 125 17 125 125 93 125 125 125 59 101 125 125 125
28 24 125 125 125 125 125 125 29 125 125 125 42 125 125 125 64 82 125 93 26 35 125 45 125 125 125 109 125 55 125 125 124 125 125 125 121 80 125 125 125 125
125 125 69 125 123 125 125 125 125 93 81 125 125 125 99 125 109 125 32 39 78 86 125 125 125 125 125 125 125 125 50 47 23 56 125 125 4 118 125 125 125
125 125 26 125 125 103 125 125 97 125 95 125 115 125 125 125 125 125 125 125 125 63 22 115 125 125 125 10 30 125 125 113 99 64 125 56 125 125 125 125
125 125 125 125 125 3 124 125 125 66 72 25 101 125 125 125 125 125 59 51 125 13 0 125 125 4 125 125 36 125 125 117 2 76 125 125 125 90 125
125 102 125 125 125 125 125 125 125 125 97 125 125 125 99 125 125 125 125 18 125 125 125 125 125 125 35 56 125 125 125 106 125 36 125 97 125 125
125 125 125 125 101 125 125 95 99 125 125 125 125 3 125 125 51 125 125 125 125 125 125 125 125 125 125 125 125 125 13 125 94 125 125 3 125
124 125 125 125 114 125 107 125 125 125 97 94 29 125 125 125 125 125 68 125 125 109 125 125 125 125 30 118 125 125 125 125 125 125 125 125
97 59 98 68 125 125 86 125 36 125 125 125 125 22 125 125 81 125 125 125 26 125 125 125 125 125 116 60 125 125 81 125 125 125 125
125 77 79 78 125 125 23 31 125 125 125 125 75 125 125 125 125 80 125 125 125 14 125 105 125 125 125 108 125 125 125 125 125 125
125 91 125 125 125 125 125 66 125 56 42 94 9 125 48 125 125 125 125 125 125 125 125 125 3 83 125 125 125 70 125 125 125
125 125 125 60 125 125 125 125 125 109 125 125 125 116 92 56 125 27 125 84 63 125 125 125 125 63 125 118 125 125 125 125
57 61 125 103 62 115 46 125 125 125 125 125 75 12 125 125 9 125 125 125 58 106 58 125 125 13 125 106 125 125 125
125 125 23 125 125 125 94 125 125 125 125 125 125 35 120 125 125 125 53 26 50 125 125 125 125 125 125 125 7 125
125 125 125 125 27 125 125 125 62 79 125 125 125 125 82 125 125 125 125 125 40 125 125 121 125 125 95 125 125
125 125 125 74 99 125 125 125 125 125 125 120 29 125 125 9 125 125 2 125 125 125 125 125 77 44 125 125
125 125 125 96 125 54 125 86 125 67 125 92 81 50 125 125 125 74 33 125 118 96 118 125 62 125 125
125 125 125 48 125 125 125 125 125 125 105 118 98 125 125 111 125 125 125 125 125 125 125 125 125 125
125 37 125 125 109 125 125 125 125 125 125 71 11 125 125 89 125 114 125 125 125 125 122 62 125
119 125 71 125 32 125 119 45 125 14 66 75 125 125 125 46 108 125 125 125 125 44 125 125
125 125 125 106 125 76 125 70 125 125 125 125 73 125 125 122 111 125 62 125 122 119 125
112 81 119 104 78 125 125 125 125 40 125 125 114 125 125 125 61 46 125 125 43 125
125 125 8 85 80 125 125 125 125 29 9 125 28 121 125 125 10 125 125 125 125
125 125 125 39 125 47 125 125 125 125 87 125 125 125 125 125 125 9 84 125
125 125 67 125 57 125 125 125 82 88 125 55 125 125 125 125 125 125 125
125 125 97 46 75 125 125 125 87 125 125 125 97 125 125 125 125 125
125 125 125 96 125 125 125 125 114 125 125 125 125 125 70 78 125
125 125 125 125 125 125 67 107 125 125 125 125 125 125 99 125
5 125 125 125 36 42 125 125 98 49 125 125 114 93 125
125 125 10 125 125 30 125 125 116 73 125 125 125 125
81 125 125 125 125 125 81 125 125 125 125 125 125
125 99 125 125 125 125 125 125 125 125 86 125
125 125 79 123 111 125 117 125 17 125 125
125 125 125 125 9 125 2 77 125 125
125 125 125 33 125 125 125 7 125
48 42 125 115 125 125 125 125
125 125 43 80 125 125 125
125 34 125 125 42 125
125 14 31 125 125
44 82 58 125
125 125 125
125 125
125
