100 100
80 45 63 3 100 100 86 27 100 84 100 79 2 100 99 100 100 100 100 43 5 100 40 100 19 100 14 40 100 89 30 53 67 18 63 38 69 100 86 100 100 45 72 47 93 100 17 100 100 100 100 51 100 100 65 100 100 100 100 44 100 100 60 79 56 57 77 98 100 100 46 24 72 45 100 100 100 38 54 100 44 100 100 100 100 62 26 100 100 9 35 47 24 100 49 53 100 100 82 
100 81 80 49 88 64 76 100 82 100 100 77 100 100 100 71 64 56 37 100 100 100 89 67 3 100 100 41 100 83 64 100 54 100 21 4 100 100 92 13 100 42 100 100 100 100 100 100 1 89 88 74 100 86 56 71 65 99 100 100 100 100 26 25 43 100 49 100 39 76 83 85 77 64 100 100 56 31 60 100 0 21 62 100 100 36 52 100 100 17 24 46 100 37 100 42 100 69 
7 100 100 83 24 49 100 34 37 100 100 60 54 100 100 100 11 26 100 83 1 100 60 87 100 96 83 100 100 100 28 7 75 100 88 100 23 71 99 100 98 34 51 100 53 100 8 9 100 100 100 21 100 100 89 100 100 92 9 21 40 29 69 100 100 84 9 100 58 91 100 11 100 100 100 100 100 100 61 100 67 100 13 76 100 57 100 73 100 100 100 100 11 100 100 100 53 
38 100 94 94 20 100 23 76 60 61 100 100 100 30 13 52 100 6 47 100 100 2 78 98 100 6 100 85 80 100 65 32 84 51 0 4 100 81 27 26 100 100 45 100 87 100 87 100 77 100 47 95 2 11 30 100 100 75 64 100 24 42 100 12 100 100 27 100 100 100 31 73 100 16 100 100 6 0 82 83 100 45 12 100 72 100 100 100 40 23 27 100 88 68 81 70 
100 7 100 100 30 86 20 100 49 76 100 100 100 98 27 100 96 25 100 38 68 100 83 19 65 100 98 20 59 100 9 100 100 100 36 46 100 100 91 100 100 9 100 44 74 21 34 56 69 100 26 49 31 35 47 94 15 41 63 100 100 2 5 13 41 100 100 100 100 36 19 11 100 100 100 100 48 100 80 100 100 59 100 100 89 40 100 100 100 15 100 5 100 57 21 
96 35 100 100 11 49 57 12 43 100 84 100 100 64 100 100 52 12 75 13 26 100 56 44 100 20 41 100 84 100 63 41 100 50 100 65 100 46 100 100 81 32 40 100 46 93 46 100 1 100 50 100 100 100 0 17 28 100 96 100 1 100 100 57 100 31 100 10 27 100 100 93 100 100 100 100 100 10 44 100 100 49 100 57 100 77 47 15 100 100 89 98 100 18 
100 100 20 100 10 100 100 100 100 43 25 62 100 100 0 58 100 100 100 42 84 100 98 100 100 100 100 100 58 100 41 63 90 100 100 89 24 50 100 75 66 100 97 25 50 100 100 100 93 100 7 100 100 86 100 5 100 45 100 46 22 69 100 58 100 19 100 100 92 100 9 100 47 95 62 14 100 100 71 100 43 100 100 87 100 39 61 79 78 100 100 100 100 
28 98 100 100 43 5 56 2 100 100 100 100 100 18 61 100 58 100 100 70 34 14 100 100 100 88 84 6 28 56 10 95 85 100 100 100 100 100 100 8 45 64 100 100 51 2 7 90 95 100 100 100 11 100 27 56 100 100 77 100 100 53 100 100 67 0 100 84 100 95 100 18 100 100 100 78 34 64 100 99 100 100 100 77 51 34 100 20 57 100 100 88 
34 100 100 44 42 79 100 100 100 100 44 18 45 100 100 100 13 61 19 39 100 100 69 97 100 100 37 100 100 52 40 100 39 15 100 50 73 100 100 31 61 100 15 63 95 100 100 100 36 68 100 100 100 67 20 83 62 100 18 96 85 51 100 15 100 100 47 100 100 100 100 100 100 100 31 100 92 100 63 100 100 30 100 37 100 100 14 9 100 100 100 
45 24 100 75 100 100 94 0 100 100 100 100 1 100 100 79 100 100 76 65 93 100 100 56 65 100 34 51 100 100 100 82 64 64 36 100 73 77 100 81 100 53 100 100 100 100 100 100 3 100 52 89 78 43 100 100 100 50 82 100 64 100 100 100 73 18 100 24 23 38 100 95 26 1 81 100 100 100 100 87 87 100 100 100 100 67 100 100 100 100 
18 49 31 100 100 19 60 6 18 8 81 100 76 53 3 43 78 100 100 100 57 100 20 29 36 80 83 100 43 100 100 100 17 43 100 73 100 100 100 49 8 30 21 2 81 100 100 76 100 15 37 100 68 100 2 35 100 100 40 100 100 100 100 100 62 100 100 100 100 63 1 100 20 86 47 100 99 47 41 42 67 100 100 91 100 100 100 1 100 
100 97 23 100 63 59 100 31 100 18 17 99 100 29 100 100 100 37 45 84 68 19 100 100 91 100 92 100 68 100 34 100 66 24 100 6 85 66 70 81 34 47 100 69 100 62 63 100 39 100 100 45 100 100 100 2 83 28 10 45 100 33 100 27 91 95 100 100 100 100 100 100 100 100 10 36 11 68 77 100 25 91 100 64 19 100 100 100 
4 4 91 100 100 36 46 100 1 88 27 72 44 76 66 100 100 10 100 100 84 100 0 100 65 80 100 53 100 100 87 100 18 100 15 100 68 100 75 100 19 59 55 10 100 100 100 47 21 66 4 100 91 24 31 100 52 100 11 100 100 100 100 100 100 100 34 96 97 40 96 100 71 100 82 18 100 100 34 20 100 79 100 96 100 20 50 
100 75 100 100 100 100 34 100 28 100 100 77 100 100 25 92 71 87 100 100 70 100 83 37 100 100 55 67 100 100 100 96 100 19 52 6 75 100 100 38 90 100 40 100 86 100 54 100 25 100 100 30 100 96 100 68 100 100 100 53 100 100 60 100 6 67 100 9 48 100 100 42 22 36 68 100 43 100 41 100 100 100 62 100 100 47 
35 75 100 100 100 100 25 100 100 100 100 100 97 95 10 100 100 73 100 100 100 37 100 100 100 100 73 100 50 5 100 100 100 100 100 93 100 40 100 100 100 23 52 42 100 17 38 4 75 100 28 98 44 100 80 100 92 1 100 100 100 100 100 100 100 100 79 27 86 33 100 78 100 100 100 54 100 79 66 30 100 53 1 51 3 
100 100 100 78 10 86 100 29 100 7 100 70 42 100 27 9 100 11 20 23 100 1 49 35 100 100 100 100 2 100 3 30 100 100 100 95 100 100 91 100 100 83 45 15 40 100 100 83 17 84 78 36 41 30 67 87 57 9 4 5 100 0 100 100 1 82 46 38 16 29 66 99 47 91 100 57 100 54 100 61 100 23 70 40 
100 100 25 100 55 1 100 32 61 100 100 15 100 14 32 31 94 93 43 6 100 100 84 63 46 100 60 100 80 59 100 6 100 100 83 56 59 51 17 100 100 31 100 23 100 37 64 36 100 100 100 70 28 24 87 7 47 100 2 100 33 36 7 36 100 100 40 83 100 11 90 38 11 33 100 100 4 100 100 9 58 46 36 
100 100 30 100 7 64 100 100 100 47 17 26 26 38 100 47 100 100 15 100 70 2 32 100 100 100 100 100 100 29 88 100 40 100 75 99 70 100 100 11 68 100 100 100 76 100 100 100 39 98 56 100 83 100 100 61 100 65 84 46 100 100 100 87 100 100 77 40 42 100 63 100 100 81 69 7 100 86 86 100 92 100 
84 100 53 22 71 62 57 100 100 100 64 32 84 28 91 63 34 100 28 100 100 100 81 21 54 74 75 46 55 100 10 3 28 70 26 57 90 100 100 5 70 100 100 37 0 98 100 100 100 100 100 100 100 100 100 100 100 100 100 100 100 100 100 100 88 100 100 100 100 78 100 100 100 100 100 100 100 100 11 100 100 
100 100 100 100 100 100 100 100 100 100 100 100 100 100 100 100 100 100 100 100 100 100 100 100 100 100 100 100 100 100 100 100 100 100 100 100 100 100 100 100 100 100 100 100 100 100 100 100 100 100 100 100 100 100 100 100 100 100 100 100 100 100 100 100 100 100 100 100 100 100 100 100 100 100 100 52 100 100 100 100 
100 100 100 100 100 100 100 100 100 100 100 100 100 100 100 100 100 100 100 100 100 100 100 100 100 100 100 100 100 100 100 100 100 100 100 100 100 100 100 100 100 100 100 100 100 100 100 100 100 100 100 100 100 100 100 54 100 100 100 100 100 100 100 100 100 100 100 100 100 100 100 100 100 100 100 100 100 100 100 
100 100 100 100 100 100 100 100 100 100 100 100 100 100 100 100 100 100 44 100 100 100 100 100 100 100 100 100 100 100 100 100 100 100 100 100 100 100 100 100 100 100 100 100 100 45 100 100 100 100 100 100 100 100 100 100 100 100 100 100 100 100 100 100 100 100 100 100 100 100 100 100 100 100 100 100 100 100 
100 100 100 100 100 100 100 100 100 100 100 100 100 100 100 100 100 100 100 100 100 100 100 100 100 100 100 100 100 100 100 100 100 100 100 100 100 100 100 100 100 100 64 100 100 100 100 100 100 100 100 100 100 100 100 100 100 9 100 100 100 100 100 100 100 100 100 100 100 100 100 100 100 100 100 100 100 
100 100 100 100 100 100 100 100 100 100 100 100 100 100 100 100 100 100 100 100 100 100 100 100 100 100 100 100 100 100 100 100 100 100 100 100 100 100 100 100 100 100 100 100 100 100 100 100 100 100 100 100 100 100 100 100 7 60 100 100 100 100 100 100 100 100 29 100 100 100 100 100 100 100 100 100 
100 100 100 100 100 100 100 100 100 100 100 100 100 100 100 100 100 100 100 100 100 100 100 100 100 100 100 100 100 100 100 100 100 100 100 100 100 100 100 100 100 100 100 100 100 100 100 100 100 100 100 100 100 100 100 100 100 100 100 100 100 100 100 60 100 100 100 100 100 100 100 100 100 79 100 
100 100 100 100 100 100 100 100 100 100 100 100 100 100 100 100 100 100 100 100 100 100 100 100 100 100 100 100 100 100 100 100 100 100 100 100 100 100 100 100 100 100 100 100 100 100 100 100 100 100 100 100 100 100 100 100 100 100 100 100 100 100 100 100 100 29 100 100 100 100 100 100 100 100 
100 16 100 100 100 100 100 100 100 100 100 100 100 100 100 100 100 100 100 100 100 100 100 100 100 100 100 100 100 100 100 100 100 100 100 40 100 100 100 100 100 100 100 100 100 100 100 100 100 100 100 100 100 100 100 100 100 100 100 100 100 100 100 100 100 94 100 100 100 100 100 100 100 
100 100 100 100 100 100 100 100 100 100 100 100 100 100 100 100 100 100 100 100 100 100 100 100 100 100 100 100 100 100 100 100 100 100 100 100 100 100 100 100 100 91 100 100 100 100 100 100 100 100 100 100 100 100 100 100 100 100 100 100 100 100 100 100 100 100 100 100 100 100 100 100 
100 100 100 100 100 100 100 100 100 100 100 100 100 100 100 100 100 100 100 100 100 100 100 100 100 100 100 100 100 100 100 100 100 100 100 100 100 100 100 100 100 100 100 100 100 100 100 100 100 100 100 100 100 100 100 100 100 100 100 100 100 100 100 100 100 100 100 100 100 100 100 
100 100 100 100 100 100 100 100 100 100 100 100 100 75 100 100 100 100 100 100 100 100 100 100 100 100 100 100 100 100 100 100 100 100 100 100 100 100 100 100 100 100 68 100 100 100 100 100 97 100 100 100 100 100 100 100 100 100 100 100 100 100 100 100 100 100 100 100 100 100 
100 100 100 100 100 100 100 100 100 100 100 100 100 100 100 100 100 100 100 85 100 100 100 100 100 100 100 100 100 100 100 100 100 100 100 100 100 100 100 100 100 100 100 100 100 100 100 100 100 100 100 100 100 100 100 100 100 100 100 100 100 100 100 100 100 100 100 100 21 
100 100 100 100 100 100 100 100 100 100 100 100 100 100 100 100 100 100 100 100 100 100 100 100 100 100 100 100 100 100 100 100 100 100 100 100 100 100 100 100 100 100 100 100 100 100 100 100 100 100 100 100 100 100 100 100 100 100 100 100 100 100 100 100 100 100 100 100 
100 100 100 100 100 100 100 100 100 100 100 100 100 100 100 100 100 100 100 100 59 100 100 100 100 100 100 100 100 100 100 100 100 100 100 100 100 100 100 100 100 100 100 100 100 100 100 100 100 100 100 100 100 100 100 100 100 100 100 100 100 100 100 100 100 100 100 
100 100 100 100 100 100 100 100 100 100 100 100 100 100 100 100 100 100 100 100 100 100 100 100 100 100 100 100 34 100 100 100 100 100 100 100 100 100 100 100 100 100 100 100 100 100 100 100 100 100 100 100 100 100 100 100 100 100 100 100 100 100 100 100 100 100 
100 100 100 100 100 100 100 100 100 100 100 100 100 15 100 100 100 100 100 100 100 100 100 100 100 100 100 100 100 100 100 100 100 100 100 100 100 100 100 100 100 54 100 100 100 100 100 100 100 100 100 100 100 100 100 100 100 100 100 100 100 100 100 100 100 
100 100 100 100 100 100 100 100 100 100 100 100 100 100 100 100 100 100 100 100 100 100 100 100 100 100 100 100 100 100 100 100 100 100 100 100 100 100 100 100 100 100 81 100 100 100 100 100 100 100 100 100 100 100 100 100 100 100 100 100 100 100 100 100 
100 100 100 100 100 100 67 100 100 100 100 100 100 100 100 100 100 90 100 100 100 50 100 100 100 100 100 100 100 100 100 100 100 100 100 100 100 100 100 100 100 100 100 100 100 100 100 100 100 100 100 100 100 100 100 100 100 100 100 100 100 100 100 
100 79 100 100 100 100 100 100 100 100 100 100 100 100 100 100 100 100 100 100 100 100 100 100 100 100 100 100 100 100 100 100 100 100 100 100 100 100 100 100 4 100 100 100 100 100 100 100 100 100 100 100 100 100 100 100 100 100 100 100 100 100 
100 100 100 100 100 100 100 100 100 100 82 100 100 100 100 73 100 100 100 100 100 100 100 100 100 100 100 100 100 100 100 100 100 100 100 100 100 100 100 100 100 100 100 100 100 100 100 100 100 100 100 100 100 100 100 100 100 100 100 100 100 
100 100 100 100 100 100 100 100 100 100 100 100 100 100 100 100 100 100 100 100 100 100 100 100 53 100 100 100 100 100 100 100 100 100 100 100 100 100 100 100 100 100 100 100 100 100 100 100 100 100 100 100 100 100 34 100 100 100 100 100 
100 100 100 100 100 100 100 100 100 100 100 100 100 100 100 100 100 100 100 100 100 100 100 100 100 100 100 100 100 100 100 100 100 100 100 100 100 100 100 100 100 100 100 100 100 100 100 100 100 100 100 100 100 100 100 100 100 100 100 
100 100 100 100 100 100 100 100 100 100 100 100 100 100 100 100 100 100 100 100 100 100 100 32 100 100 100 100 100 100 100 100 100 100 100 100 100 100 100 100 100 100 100 100 100 100 100 100 100 100 100 100 100 100 100 100 100 100 
100 100 100 100 100 100 100 100 100 100 100 100 100 100 100 100 100 100 100 100 100 100 100 100 100 100 100 100 100 100 100 100 100 100 100 100 100 100 100 100 100 100 100 100 100 100 100 100 100 100 100 100 100 10 100 100 100 
100 100 100 100 100 100 100 100 100 100 100 100 100 100 100 100 100 100 100 100 100 100 100 100 100 100 100 100 100 100 100 100 100 100 100 100 100 100 100 100 100 100 100 100 100 100 100 100 100 100 100 100 100 100 100 100 
100 100 100 100 100 100 100 100 100 100 100 100 100 100 100 100 100 100 100 100 100 100 100 100 62 100 100 100 100 100 100 100 100 100 100 100 100 100 100 100 100 100 100 100 100 100 100 100 100 100 100 100 100 25 100 
100 100 100 100 100 100 100 100 100 100 100 57 100 100 100 8 100 100 100 100 100 100 100 100 100 100 100 100 100 100 100 100 100 100 100 100 100 100 100 100 100 100 100 100 100 100 100 100 100 100 100 100 100 100 
100 100 100 100 100 100 100 100 100 100 100 100 100 100 100 100 100 100 100 100 100 100 100 100 100 100 100 4 100 100 100 100 100 100 100 100 100 100 100 100 100 100 100 100 100 100 100 100 100 100 100 100 100 
100 100 100 100 100 100 100 100 100 100 100 100 100 100 100 100 100 100 100 100 100 100 100 5 100 100 100 100 100 100 100 100 100 100 100 100 100 100 100 100 100 100 100 100 100 100 100 100 100 100 100 100 
100 100 100 100 100 100 100 100 100 100 100 100 100 100 100 100 100 100 100 100 100 100 100 100 100 100 100 100 100 100 100 100 100 100 100 100 100 100 100 100 100 100 100 30 100 100 100 100 100 100 100 
100 100 100 100 100 100 100 100 100 100 100 100 100 100 100 100 100 100 100 100 100 100 100 100 100 100 100 100 100 100 100 100 100 100 100 100 100 100 100 100 100 100 100 100 100 100 100 100 100 100 
100 100 100 100 100 100 100 100 100 100 100 100 100 100 100 100 100 100 100 100 100 100 100 100 100 100 100 100 100 100 100 100 100 100 100 100 100 100 100 100 100 100 100 100 100 100 100 100 100 
100 100 100 100 100 100 100 100 100 100 100 100 100 100 100 100 100 100 100 100 100 100 100 100 100 100 100 100 100 100 100 100 100 50 100 100 100 100 100 100 100 100 100 100 100 100 100 100 
100 100 100 100 100 100 100 100 100 100 100 100 100 100 100 100 100 100 100 100 100 100 100 100 100 100 98 100 100 100 100 100 19 100 100 100 100 100 100 100 100 100 100 100 100 100 100 
100 100 100 100 100 100 100 100 100 100 100 100 100 100 100 100 100 100 100 100 100 100 100 100 100 100 100 100 100 100 100 100 100 100 100 100 100 100 100 100 100 100 100 100 100 100 
100 100 100 100 100 100 100 100 100 100 100 100 100 100 100 25 100 100 100 100 100 100 100 100 21 100 100 100 100 100 100 100 100 100 100 100 100 100 100 100 100 100 100 100 100 
100 100 100 100 100 100 100 100 100 100 100 100 96 100 100 100 100 100 100 100 100 100 100 100 100 100 100 100 100 100 100 100 100 100 100 100 100 100 100 100 33 100 100 100 
100 100 100 100 100 100 100 100 100 100 100 100 100 100 100 100 100 100 100 100 100 100 100 100 100 100 100 10 100 100 100 100 100 100 100 100 5 100 100 100 100 100 100 
100 100 100 100 100 100 20 100 100 100 100 100 100 100 100 100 100 100 100 100 100 100 100 100 100 100 100 100 100 100 100 100 100 100 100 100 100 100 100 100 100 100 
100 100 100 100 100 100 100 100 100 100 100 100 100 100 100 100 100 100 100 100 100 100 100 100 100 100 100 100 100 100 100 100 100 100 100 100 100 100 100 100 100 
100 100 100 100 100 100 62 100 100 100 100 100 100 100 100 100 100 100 100 100 100 100 100 33 100 100 100 100 100 100 100 100 100 100 100 100 100 100 100 100 
100 58 100 100 100 100 100 100 100 100 100 100 100 100 100 100 100 100 100 100 100 100 100 100 100 96 100 100 100 100 100 100 100 100 100 100 100 100 100 
100 100 100 100 100 100 100 100 100 100 100 100 100 100 100 100 100 100 100 100 100 100 100 100 100 100 100 100 100 100 100 100 100 100 100 100 100 100 
100 100 100 100 100 100 100 100 100 100 100 100 50 100 100 100 100 100 100 100 100 100 100 100 100 100 100 100 100 100 100 100 100 100 100 100 100 
100 100 100 100 100 100 100 80 32 100 100 100 100 100 100 100 100 100 100 100 100 100 100 100 100 100 100 100 100 100 100 100 100 100 100 100 
100 100 100 100 100 100 100 100 100 100 100 100 100 100 100 100 100 100 100 100 100 100 100 100 100 100 100 100 100 100 100 100 100 100 100 
100 100 100 100 100 100 100 100 100 100 100 100 100 100 100 100 100 100 100 100 100 100 100 100 100 100 100 100 100 100 100 100 100 100 
100 100 100 100 100 100 100 100 100 100 100 100 100 100 100 100 100 100 100 100 100 100 100 100 100 100 100 100 100 100 100 100 100 
100 100 100 100 100 100 100 100 100 100 100 100 100 100 100 100 100 100 100 100 100 100 100 100 100 100 100 11 100 100 21 100 
100 100 100 100 100 100 100 10 100 100 100 100 100 100 100 100 100 100 100 100 100 100 100 100 100 100 100 100 100 100 100 
100 100 100 100 100 100 100 100 100 100 100 100 100 100 100 100 100 100 100 100 100 100 100 100 100 100 100 100 100 100 
100 100 100 100 100 100 100 100 100 100 100 100 100 100 100 100 100 100 100 100 100 100 100 100 100 100 100 100 100 
100 100 100 100 100 78 100 100 100 100 100 100 73 100 100 100 100 100 100 100 100 100 100 100 100 100 100 100 
100 100 100 100 100 100 100 100 100 100 100 100 100 100 100 100 100 100 100 100 100 100 100 14 100 100 100 
100 100 100 100 100 100 100 100 100 100 100 100 100 100 100 100 100 100 100 100 100 100 100 100 100 100 
100 100 100 100 100 100 100 100 100 100 100 100 100 100 100 100 100 100 100 100 100 100 100 100 100 
100 100 100 100 100 100 100 100 100 100 100 100 100 100 100 100 100 100 100 100 100 100 100 100 
100 100 100 100 100 100 100 100 100 100 100 100 100 100 100 100 100 100 100 100 100 100 100 
100 100 100 100 100 100 100 100 100 100 100 100 100 100 100 100 100 100 100 100 100 100 
100 100 100 100 100 100 100 100 100 100 100 100 100 100 100 100 100 100 100 100 100 
100 100 100 100 100 100 100 100 100 100 100 100 100 100 100 100 100 100 100 100 
100 100 100 100 100 100 100 100 100 100 100 100 100 100 100 100 100 100 100 
100 100 100 100 100 100 100 100 100 100 100 100 100 100 100 100 100 100 
100 100 100 100 100 100 100 100 100 100 74 100 100 100 100 100 100 
100 100 100 100 100 100 100 100 100 100 100 100 100 100 100 100 
100 100 100 100 100 100 100 100 100 100 100 100 100 100 100 
100 100 100 100 100 100 100 100 100 100 100 100 100 100 
100 100 100 100 100 100 100 100 100 100 100 100 100 
100 100 100 100 100 100 100 100 100 100 100 100 
100 100 100 100 100 100 100 100 100 100 100 
100 100 46 100 100 100 100 100 100 100 
100 100 100 100 100 100 100 100 100 
100 100 100 100 100 100 100 100 
100 100 100 100 100 100 100 
100 100 100 100 100 100 
100 100 100 100 100 
100 100 100 100 
100 100 100 
100 100 
100 

