100 100
100 17 100 100 100 43 65 100 100 100 100 100 100 100 4 47 100 100 100 100 100 100 100 19 100 100 61 100 71 100 100 56 100 95 100 100 100 100 64 100 100 100 100 39 100 100 47 10 52 100 25 28 100 100 100 100 100 100 48 100 89 100 31 21 47 78 100 100 100 48 100 100 85 5 88 100 100 100 100 100 100 85 100 100 100 100 100 100 100 100 100 48 63 100 100 79 100 100 31 
100 94 100 100 83 100 100 100 15 70 28 100 70 100 98 100 85 100 100 66 100 100 66 100 100 84 30 72 100 100 100 100 100 48 100 100 100 100 0 100 100 100 100 100 35 55 100 50 91 100 100 100 66 100 100 100 100 100 25 100 100 100 100 45 62 100 4 100 100 100 100 87 70 96 25 88 100 100 65 100 100 100 100 100 58 100 100 100 100 68 59 100 100 100 8 100 100 100 
31 100 100 100 47 30 100 46 83 65 4 100 100 100 71 83 63 100 100 97 25 71 100 100 100 100 100 100 100 100 100 100 0 6 100 100 100 15 71 100 100 92 8 81 96 100 100 100 100 12 100 100 100 100 100 34 50 100 100 100 100 100 100 100 75 91 100 2 100 3 100 10 5 100 100 100 47 83 100 100 100 84 100 73 100 67 100 100 100 100 100 100 53 100 100 100 100 
88 37 83 100 100 100 100 100 100 100 100 100 100 100 89 100 48 12 100 100 100 24 100 100 100 100 13 41 100 48 14 100 100 100 32 83 89 100 84 46 100 38 100 84 100 100 37 89 100 16 100 100 36 100 88 100 100 100 22 100 20 83 100 92 100 100 100 56 100 91 100 100 100 100 70 4 100 100 100 100 49 100 100 39 100 100 80 100 100 42 2 93 100 100 100 91 
100 11 100 100 93 100 100 19 34 100 39 100 100 100 100 79 44 100 100 100 100 100 100 100 86 100 37 58 100 100 13 89 100 100 100 100 100 100 100 100 58 39 19 100 100 100 100 100 100 77 100 35 19 52 66 100 57 100 100 100 100 100 100 83 100 100 16 100 20 100 100 51 100 100 100 100 33 100 100 100 100 100 43 100 100 100 39 100 99 100 100 100 100 100 100 
83 100 82 100 100 100 100 100 100 18 100 100 100 0 57 100 57 100 57 11 100 100 45 15 100 63 100 100 100 100 100 46 47 100 100 100 100 7 100 100 100 79 100 100 100 100 100 76 33 100 58 100 100 34 55 97 33 100 93 100 25 94 100 2 36 100 93 41 100 92 100 100 100 100 5 100 100 100 100 100 100 58 100 100 38 100 99 100 36 100 69 100 100 100 
100 100 76 100 100 100 100 100 80 25 95 90 24 100 100 23 100 100 100 100 100 100 100 38 100 75 17 78 100 100 100 100 100 11 65 37 70 42 100 45 11 100 100 100 100 100 82 100 100 100 100 100 100 100 87 100 100 98 55 100 14 100 25 82 70 100 100 100 100 98 93 100 26 62 100 100 100 100 100 100 100 67 100 100 55 100 100 6 100 100 100 21 65 
100 49 100 86 64 100 100 100 59 100 100 100 51 100 76 100 100 30 100 100 81 7 12 100 100 100 100 100 100 21 9 100 100 100 30 40 100 100 100 100 100 91 24 100 100 64 100 47 100 100 61 91 100 100 61 100 94 100 6 100 15 100 100 100 100 92 18 2 61 100 100 100 58 41 100 91 18 100 100 100 100 100 69 74 100 100 100 100 100 100 7 100 
50 100 100 28 30 100 100 100 100 1 100 100 100 1 69 76 34 100 100 100 100 15 100 70 100 100 68 100 100 100 82 30 100 72 100 6 100 88 100 100 100 72 100 100 100 100 22 100 100 69 100 100 74 100 0 24 7 77 100 5 100 100 96 100 93 100 100 100 100 57 13 91 100 100 100 100 41 100 100 80 38 2 100 100 100 100 100 100 81 11 100 
100 100 100 100 67 68 79 100 52 80 100 100 100 38 52 100 51 100 100 100 100 67 44 100 100 100 63 100 65 57 6 27 100 63 100 100 100 100 100 100 100 67 100 100 63 27 100 98 100 100 100 100 100 100 100 100 100 22 100 100 36 100 34 100 100 45 100 100 100 28 100 36 100 100 100 100 29 35 84 97 37 48 100 100 35 25 100 100 100 100 
100 100 41 42 1 18 100 7 100 100 100 100 100 100 100 34 38 100 16 86 18 57 100 96 100 100 59 100 43 100 100 100 31 100 2 100 100 100 100 100 100 100 100 67 100 84 100 100 100 100 19 100 100 100 100 100 5 35 89 100 100 100 100 87 85 100 100 100 28 86 55 100 100 100 83 100 100 54 100 100 100 100 100 100 77 61 100 100 100 
100 100 61 100 39 100 100 27 100 100 100 100 100 100 100 100 58 92 100 100 100 11 10 100 100 100 100 3 53 100 100 100 94 5 100 100 100 100 100 100 91 67 12 100 100 100 9 100 100 100 96 100 100 100 100 98 100 100 100 91 75 74 51 69 26 100 100 100 100 62 10 100 100 72 100 100 78 100 100 100 22 100 100 100 96 100 27 100 
100 100 12 100 26 100 100 83 100 100 100 100 49 100 33 100 31 52 100 41 41 100 100 100 100 100 100 15 100 100 56 33 100 100 77 2 100 63 100 100 100 59 42 35 100 100 100 100 100 100 100 100 100 79 34 100 100 100 100 44 100 100 100 100 100 39 100 100 18 100 24 38 100 100 100 65 96 74 100 100 45 100 100 41 100 71 100 
94 32 100 100 100 100 100 100 100 44 100 100 100 100 1 64 100 100 15 100 99 8 100 4 100 10 3 92 53 100 100 100 1 47 100 3 96 100 50 100 100 72 28 93 50 100 58 100 38 15 53 100 18 100 22 100 90 100 100 100 58 100 100 3 100 100 100 100 32 74 100 100 100 59 89 8 100 100 33 100 100 100 71 23 2 31 
100 48 100 100 100 100 100 100 100 100 78 31 95 4 100 77 52 100 76 100 37 100 55 100 83 100 100 95 100 70 100 77 98 100 100 54 100 23 100 100 0 100 100 100 100 30 74 94 100 13 71 100 100 69 100 100 100 49 100 100 100 100 100 100 100 10 39 100 100 4 17 69 100 100 100 94 100 51 100 39 100 100 82 51 100 
100 87 100 100 100 79 100 74 100 100 32 6 100 60 100 100 100 100 100 72 0 100 71 100 100 100 100 100 78 100 8 100 100 100 42 36 79 100 39 57 100 100 100 100 79 100 89 100 60 100 100 100 30 100 2 100 78 42 13 80 100 100 19 21 100 21 100 11 51 6 100 100 100 66 100 100 100 58 100 100 100 100 47 100 
29 100 100 100 100 20 23 100 100 81 100 100 100 100 100 100 100 100 100 100 100 100 69 100 95 100 89 100 100 100 100 100 75 29 100 100 28 100 100 2 96 8 100 100 85 100 100 100 100 93 100 100 100 100 60 100 100 100 24 100 100 100 100 11 100 100 100 36 100 89 100 41 100 57 100 100 100 4 100 100 83 65 100 
100 98 100 69 100 28 100 20 30 100 100 100 100 100 67 17 100 100 100 65 100 100 21 100 100 100 86 100 100 100 100 100 100 33 39 58 100 100 32 33 100 100 45 100 100 82 100 100 71 100 29 100 100 100 81 90 55 18 89 100 100 89 88 100 92 100 100 98 38 100 100 100 100 100 11 20 100 100 100 100 64 89 
76 41 82 100 100 79 100 100 100 21 100 100 100 100 83 100 71 100 100 0 100 100 100 100 100 100 22 100 44 100 10 100 100 100 100 100 100 100 100 100 66 83 92 100 100 100 100 100 83 100 47 100 100 44 100 43 99 74 100 100 72 100 100 84 100 24 100 17 100 49 100 100 32 5 32 100 100 100 100 100 26 
100 100 100 71 100 100 100 35 63 69 100 100 100 100 100 100 100 100 7 100 100 100 100 100 38 84 16 100 100 100 100 100 100 75 30 100 100 74 100 100 100 100 100 59 100 100 100 100 100 65 31 100 100 39 100 93 100 35 100 100 100 100 70 100 5 100 100 100 100 100 100 100 100 26 54 9 100 100 100 100 
28 63 100 1 100 100 51 42 45 100 37 100 100 100 100 100 16 9 56 100 74 100 100 100 100 65 100 100 100 100 49 100 1 100 100 100 46 88 85 33 100 100 100 100 100 100 20 90 100 78 22 60 52 45 95 100 100 100 79 100 100 100 100 100 17 91 81 32 100 100 67 100 67 39 100 100 100 100 65 
71 100 100 100 72 74 20 100 100 100 21 100 100 100 22 100 76 100 100 100 18 93 100 100 66 100 88 100 100 100 100 91 44 100 100 60 86 100 100 100 100 100 100 26 100 100 100 100 100 100 20 100 100 100 100 100 100 68 100 100 100 100 100 100 33 100 100 100 60 100 66 100 100 100 100 26 100 9 
8 100 20 15 100 100 100 73 93 100 100 87 100 100 100 65 100 40 23 100 84 49 100 100 100 100 33 100 79 23 100 10 100 100 100 100 63 100 32 37 93 100 100 100 100 100 16 100 100 87 100 53 52 29 28 100 100 83 100 100 72 96 100 100 76 51 100 100 100 100 100 100 100 100 100 39 100 
100 100 43 39 100 53 100 66 100 100 100 100 100 100 17 36 100 100 100 100 100 21 60 100 100 100 100 100 100 100 41 100 84 21 100 70 17 100 100 100 37 100 93 100 100 48 100 16 100 100 76 100 100 100 41 100 44 63 23 38 100 6 100 100 100 5 92 100 100 100 100 100 1 100 94 6 
100 100 100 100 100 82 100 35 100 100 100 100 100 100 100 100 99 100 100 100 9 100 100 100 100 100 100 8 100 100 100 46 100 98 100 100 100 95 100 92 74 100 76 100 100 69 96 67 100 100 100 56 100 11 7 65 100 100 64 47 100 83 24 100 100 100 18 98 100 94 100 100 100 100 19 
81 77 100 100 69 100 13 14 100 100 73 100 100 100 16 1 100 98 78 100 100 69 100 100 73 100 100 86 100 100 100 29 37 32 100 67 100 100 100 100 34 100 100 100 39 100 12 70 100 100 100 67 68 100 100 68 100 65 100 100 100 66 99 100 74 100 1 43 100 100 37 100 83 69 
100 100 100 100 72 100 100 100 100 13 100 0 100 100 100 80 47 100 16 37 100 100 89 100 98 43 100 100 100 53 48 100 11 78 86 4 100 82 100 7 36 100 100 100 100 100 100 100 100 95 86 34 64 21 5 100 56 20 100 100 100 100 100 76 53 100 100 47 100 33 100 46 100 
100 78 100 100 100 42 100 100 51 100 70 100 100 45 100 100 14 20 11 100 100 36 5 30 55 100 100 57 58 100 90 100 80 83 53 100 82 61 3 100 100 35 100 100 29 100 20 100 100 32 100 3 13 5 100 100 100 100 33 100 100 14 100 75 58 11 34 48 100 89 100 71 
50 100 100 100 100 100 100 100 77 100 59 100 34 100 100 100 100 100 100 100 11 17 100 45 100 100 100 92 38 98 100 1 50 4 100 100 100 56 100 100 100 100 100 100 54 82 100 40 100 100 100 100 100 100 100 100 100 100 100 92 100 100 100 16 100 100 57 67 100 100 100 
100 22 100 100 100 72 11 100 54 66 51 100 100 100 73 39 88 63 100 100 47 100 100 97 100 100 9 100 100 73 9 23 100 60 100 100 100 75 84 4 100 100 100 37 100 55 12 100 100 100 100 100 100 100 100 100 100 100 100 100 100 100 100 100 100 100 100 100 100 100 
100 100 100 100 100 100 100 100 100 100 100 100 100 100 100 100 100 100 100 100 100 100 100 100 100 100 100 100 100 100 100 100 100 100 100 100 100 100 100 100 100 100 100 100 100 100 100 100 100 100 100 100 100 100 100 100 100 100 100 100 100 100 100 100 100 100 100 100 100 
100 32 100 100 100 100 100 100 100 100 100 13 100 100 100 100 100 100 100 100 100 100 100 100 100 100 100 100 100 100 100 100 100 100 100 100 100 100 100 100 100 100 100 100 100 100 100 100 100 100 100 100 100 100 100 100 100 100 100 100 100 100 100 100 100 100 100 100 
100 100 100 100 100 100 100 100 100 100 100 100 100 62 100 100 100 100 100 100 100 100 100 100 100 100 100 100 100 100 100 100 100 100 100 100 100 100 100 100 100 100 100 100 100 100 100 100 100 100 100 100 100 100 100 100 100 100 100 100 100 100 100 100 100 100 100 
100 100 100 100 100 100 100 100 100 100 100 100 100 100 100 100 100 100 100 100 100 100 100 100 100 100 100 100 100 100 100 100 100 100 100 100 100 50 100 100 100 100 100 100 100 100 100 100 100 100 100 100 100 100 100 100 100 100 100 100 100 100 100 100 100 100 
100 100 100 100 100 100 100 100 100 100 100 100 100 100 100 100 5 100 100 100 100 100 100 100 100 100 100 100 100 100 100 100 100 100 100 100 100 100 100 100 100 100 100 100 100 100 100 100 100 100 100 100 100 100 100 100 100 100 100 100 100 100 100 100 100 
100 100 100 100 100 100 100 100 100 100 100 100 100 100 100 100 100 100 100 35 100 100 100 100 100 100 100 100 100 100 100 100 100 100 100 100 100 100 100 100 100 100 100 100 100 100 100 100 100 100 100 100 100 100 100 100 100 100 100 100 100 100 100 100 
100 100 100 100 100 100 100 100 100 100 100 100 100 100 100 12 100 100 100 100 100 100 100 100 100 100 100 100 100 100 100 100 100 100 100 100 100 100 100 100 100 100 100 100 100 100 100 100 100 100 100 100 100 100 100 100 100 100 100 100 100 100 100 
100 100 100 100 59 100 100 100 100 100 100 100 100 100 100 100 100 100 100 100 100 100 100 100 100 100 100 100 100 100 100 100 100 100 100 100 100 100 100 100 100 100 100 100 100 100 100 100 90 100 100 100 100 100 100 100 100 100 100 100 100 100 
100 100 100 100 100 100 100 100 100 100 100 12 100 100 100 100 100 100 100 100 100 100 100 100 100 100 100 100 100 100 100 100 100 100 100 100 100 100 100 100 100 100 100 100 100 100 100 100 100 100 100 100 100 100 100 100 100 100 100 100 100 
100 100 100 100 100 100 100 100 100 100 100 100 100 100 100 100 100 100 100 100 100 100 100 100 100 100 100 100 100 100 100 100 100 100 100 100 100 100 100 100 100 100 100 100 100 100 100 100 100 100 100 100 100 100 100 100 100 100 100 100 
100 100 100 100 100 100 100 100 100 100 87 100 100 100 100 100 100 100 100 100 100 100 100 100 100 100 100 100 100 100 100 100 100 100 100 100 100 100 100 100 100 100 100 100 100 100 100 100 100 16 100 100 100 100 100 100 100 100 100 
100 100 100 100 100 100 100 100 100 100 100 100 100 100 100 100 100 100 100 100 100 100 100 100 100 100 100 100 100 100 100 100 100 100 100 100 100 100 100 100 100 100 0 100 100 100 100 100 100 100 100 52 100 100 100 100 100 100 
100 100 100 100 100 100 100 100 100 100 100 100 100 100 100 100 100 100 100 100 100 100 100 100 100 100 100 100 100 100 100 100 100 100 100 100 100 100 100 100 100 100 100 100 100 100 100 100 100 100 100 100 100 100 100 100 100 
100 100 100 100 100 100 100 100 100 100 100 100 100 100 100 100 100 100 100 100 100 100 100 100 46 100 100 100 100 100 100 100 100 100 100 100 100 100 100 100 100 100 100 100 100 100 100 100 100 100 100 100 100 100 100 100 
100 100 100 100 100 100 100 100 3 100 100 100 100 100 100 100 100 100 100 100 100 100 100 100 100 100 100 100 100 100 100 100 100 100 100 100 100 100 100 100 100 100 100 100 100 100 100 100 100 100 100 100 100 100 100 
100 100 45 100 100 100 100 100 100 100 100 100 100 100 100 100 100 100 100 100 100 100 100 100 100 100 100 100 100 100 100 100 100 100 100 100 100 100 100 100 100 100 100 100 100 100 100 100 100 53 100 100 100 100 
100 100 100 100 100 100 100 100 100 100 100 100 100 100 100 100 100 100 100 100 100 100 100 100 100 100 76 100 100 100 100 100 100 100 100 100 100 100 100 100 100 100 100 100 100 100 100 100 100 100 100 100 100 
100 100 100 100 100 100 100 100 100 100 100 100 100 100 100 100 100 100 100 100 100 100 100 100 100 100 100 100 100 100 100 100 100 100 100 100 100 100 100 100 100 100 100 100 100 100 100 100 100 100 100 100 
100 100 100 100 100 100 100 100 100 100 100 100 100 100 100 100 100 100 100 100 100 100 100 100 100 100 100 100 100 100 100 100 100 100 100 100 100 100 100 100 100 100 100 100 100 100 100 100 100 100 100 
100 100 100 100 100 100 100 100 100 100 100 100 100 100 100 100 100 100 100 100 100 100 100 100 100 100 100 100 100 100 100 100 94 100 100 100 12 100 100 100 100 100 100 100 100 100 100 100 100 100 
100 100 100 100 100 100 100 100 100 100 100 100 100 100 100 100 100 100 100 100 100 100 100 100 100 100 100 100 100 100 100 100 100 100 100 100 100 100 100 100 100 100 100 100 100 100 100 100 100 
100 100 100 100 100 100 100 100 100 100 100 100 100 100 100 100 100 100 100 100 100 100 100 100 100 100 100 100 100 100 100 100 100 100 100 100 100 100 100 100 100 100 100 100 100 100 100 100 
100 100 100 100 100 100 100 100 100 100 100 100 100 100 100 100 100 100 100 100 64 100 100 100 100 100 100 100 100 100 100 100 100 100 100 100 100 100 100 100 100 100 100 100 100 100 100 
100 100 100 100 100 100 100 100 100 100 100 100 100 100 100 100 100 100 100 100 100 100 100 100 100 100 100 100 100 100 100 100 100 100 100 100 100 100 100 100 100 100 100 100 100 100 
100 100 100 100 100 100 100 100 70 100 100 100 100 100 100 100 100 100 100 100 100 100 100 100 100 100 100 100 100 100 100 100 100 100 100 100 100 100 100 100 100 100 100 100 0 
100 100 100 100 100 100 100 100 100 100 100 100 100 100 100 100 100 100 100 100 100 100 100 100 100 100 100 100 100 100 100 100 100 100 100 100 100 100 100 100 100 100 100 100 
100 100 100 100 100 100 100 100 5 100 100 62 100 100 100 100 100 100 100 100 100 100 100 100 100 100 100 100 100 100 100 100 100 100 100 100 100 100 100 100 100 100 100 
100 100 100 100 100 100 100 100 100 100 100 100 95 100 100 100 100 100 100 100 100 100 100 100 100 100 100 100 100 100 100 100 100 100 100 100 100 100 100 100 100 100 
100 100 100 100 100 100 100 100 100 100 100 100 100 100 59 100 100 100 100 100 100 100 100 100 100 100 100 100 100 100 100 100 100 100 100 100 100 100 100 100 100 
100 100 100 100 100 100 100 100 100 100 100 100 100 100 100 100 100 100 100 100 100 100 100 100 100 100 100 100 100 100 100 100 100 100 100 100 100 100 100 100 
100 100 100 100 100 100 100 100 100 100 100 100 100 100 100 100 100 100 100 100 100 100 100 100 100 100 100 100 100 100 100 100 100 100 100 100 100 100 100 
100 100 100 100 100 100 100 100 100 100 100 100 100 100 100 100 100 100 100 100 100 100 100 100 100 100 100 100 100 29 100 100 100 100 100 100 100 100 
100 100 100 100 100 100 100 100 100 100 100 100 100 100 100 100 100 100 100 100 100 100 100 100 100 100 100 100 100 100 100 100 100 100 100 100 100 
100 100 100 100 100 100 100 100 100 100 100 100 25 100 100 100 100 100 100 100 100 100 100 100 100 100 100 100 100 100 100 100 100 100 100 100 
100 100 100 100 100 100 100 48 100 100 100 100 100 100 100 100 100 100 100 100 100 100 100 100 100 100 100 100 100 100 100 100 100 100 100 
100 100 100 100 100 100 100 100 100 100 100 100 100 100 100 100 100 100 100 100 100 100 100 100 100 100 100 100 100 100 100 100 100 100 
100 100 100 100 100 100 100 100 100 100 100 100 100 100 100 100 100 100 37 100 100 100 100 100 100 100 100 100 100 100 100 100 100 
100 100 100 100 100 100 100 100 100 100 100 100 100 100 100 100 100 38 100 100 100 100 100 100 100 100 100 100 100 100 100 100 
100 100 100 100 100 100 100 100 100 100 100 100 100 100 100 100 100 100 100 100 100 100 100 100 100 100 100 100 100 100 100 
100 100 100 100 100 100 100 100 100 100 100 100 100 100 100 100 100 65 100 100 100 100 100 100 100 100 100 100 100 100 
100 100 100 100 100 100 100 100 100 100 100 100 100 100 100 100 100 100 100 100 100 100 100 100 100 49 100 100 100 
100 100 100 100 100 100 100 100 100 100 100 100 100 100 100 100 100 100 100 100 100 100 100 100 100 100 100 100 
100 100 100 100 100 100 100 100 100 100 100 100 100 100 100 100 100 100 100 100 100 32 100 100 100 100 100 
100 100 100 100 100 100 100 100 100 100 100 100 100 100 100 100 100 100 100 100 100 87 100 100 100 100 
100 100 100 100 100 100 100 100 100 100 100 100 100 100 81 100 58 100 100 100 100 100 100 100 100 
100 100 100 100 100 100 100 100 100 100 100 100 100 100 100 100 100 100 100 100 100 100 100 100 
100 100 100 100 100 100 100 100 100 100 100 100 100 100 100 100 100 100 100 100 100 100 100 
100 100 100 100 100 100 100 100 100 100 100 100 100 100 100 16 100 100 100 100 100 100 
7 100 100 100 100 100 100 100 100 100 100 100 100 100 100 100 100 100 100 100 100 
100 100 100 100 100 100 100 100 100 100 100 100 100 100 100 100 100 100 100 100 
100 100 100 100 100 100 100 100 100 100 100 100 100 100 100 100 100 100 100 
100 100 100 100 100 100 100 100 100 100 100 100 100 100 100 100 100 100 
100 100 100 100 100 100 100 100 100 100 100 100 100 100 100 100 100 
100 100 100 100 100 100 100 100 100 100 100 100 100 100 82 100 
100 100 100 100 100 46 100 100 100 100 100 100 100 100 100 
100 100 100 100 100 100 100 100 100 100 100 100 100 100 
100 100 100 100 100 100 100 100 100 100 100 100 100 
100 100 100 81 100 100 100 100 100 100 100 100 
100 100 100 100 100 100 100 100 100 100 100 
100 100 100 100 100 100 100 100 100 100 
100 100 100 100 100 100 100 100 100 
100 100 100 100 100 100 100 100 
100 100 100 100 100 100 100 
100 100 100 100 100 100 
100 100 100 100 100 
100 100 100 100 
100 100 100 
100 100 
100 

