100 100
100 20 3 71 100 19 100 100 100 100 52 41 100 100 100 100 100 100 100 100 8 100 38 100 21 100 100 100 36 100 100 100 100 100 100 12 100 100 100 100 100 100 100 100 100 45 43 99 100 100 30 100 100 100 100 100 100 100 100 76 100 100 69 10 100 100 11 100 100 100 88 96 100 21 100 90 100 100 35 71 34 100 100 100 100 100 100 100 100 100 33 100 100 100 100 100 100 100 100 
100 100 64 100 100 100 40 100 100 57 35 100 82 100 100 100 100 100 84 66 100 0 100 100 1 100 25 100 100 100 15 100 100 100 100 89 100 100 100 100 100 65 100 100 100 100 100 100 100 100 100 0 80 47 100 100 100 100 9 79 100 100 100 56 100 100 100 100 100 47 100 100 100 100 35 71 63 100 100 100 100 24 100 42 100 100 100 100 100 46 100 85 100 100 100 11 100 100 
65 100 69 100 100 66 100 4 100 95 100 13 100 100 100 100 19 100 100 100 100 100 100 30 20 67 100 100 100 1 100 82 40 100 100 100 6 18 100 100 100 100 100 100 100 100 30 89 100 68 46 83 58 100 100 100 100 71 100 100 100 100 100 89 100 100 100 50 100 100 100 100 81 100 100 100 66 100 100 100 100 50 4 100 100 100 100 100 100 100 100 65 61 100 100 100 100 
100 100 48 53 100 10 6 100 100 100 100 100 94 100 100 100 100 100 100 100 100 30 95 100 37 100 11 100 100 100 32 0 100 100 100 6 3 100 100 68 100 87 100 100 100 100 100 100 100 100 100 38 100 100 70 100 34 100 100 100 100 69 100 100 100 100 100 59 22 100 100 53 100 100 100 20 100 100 100 100 100 100 78 100 100 19 0 100 100 100 100 100 4 100 100 63 
100 100 100 92 100 100 100 100 100 11 26 15 100 100 100 100 84 3 47 100 100 100 100 52 100 4 100 100 79 100 100 16 100 100 100 100 100 19 100 100 53 93 100 100 22 79 23 100 100 100 59 100 100 100 100 100 46 100 57 26 100 100 83 100 100 100 100 100 100 100 75 100 100 38 100 42 100 46 100 100 97 100 100 100 57 100 39 100 36 100 100 67 100 81 100 
100 100 100 100 100 38 100 100 100 100 100 100 82 95 100 100 14 37 100 100 100 5 83 100 100 100 100 100 100 100 100 100 100 16 100 100 75 100 85 42 100 100 77 36 85 100 100 94 21 50 100 100 100 42 84 59 61 100 61 100 100 100 100 100 100 100 100 100 24 100 100 100 100 26 100 100 62 23 100 100 52 100 65 96 100 100 100 8 100 77 100 100 100 100 
100 100 100 100 100 100 100 46 100 45 28 100 100 88 100 84 69 100 100 100 100 100 100 100 100 100 31 2 100 26 100 95 100 100 100 3 80 23 100 100 100 100 100 100 24 100 78 100 100 0 99 100 28 26 100 27 100 100 100 100 100 100 90 100 100 30 100 100 100 75 11 100 9 100 96 100 100 100 59 40 40 90 100 100 60 100 6 100 24 100 89 73 100 
100 100 100 71 100 36 100 100 100 100 55 100 100 100 87 100 100 100 100 100 100 100 15 100 100 100 100 100 100 100 100 94 100 100 100 74 95 100 100 68 100 100 100 100 100 100 4 100 100 100 100 100 100 98 100 100 100 100 61 100 100 100 37 100 87 4 100 65 100 100 45 100 100 100 100 73 100 24 100 100 100 100 100 59 100 87 24 100 73 100 100 100 
16 100 100 100 0 100 100 73 100 100 100 100 100 100 100 3 100 84 100 100 100 100 13 96 100 100 100 100 93 100 12 61 100 100 100 100 100 17 100 100 100 56 100 100 100 13 100 22 100 100 100 100 100 100 100 42 100 40 100 100 100 100 100 100 100 41 33 100 91 100 16 53 92 5 100 100 100 100 100 100 100 100 100 100 47 15 26 100 100 100 100 
100 100 100 100 100 100 100 100 100 97 100 100 0 100 100 0 100 54 17 68 100 100 100 9 29 34 100 100 100 100 100 10 100 100 20 53 100 100 97 100 3 100 100 100 27 100 100 100 100 100 36 100 100 100 100 100 100 100 100 76 100 100 100 100 17 100 36 29 89 18 38 100 100 100 100 100 100 23 7 100 100 100 81 47 100 100 100 100 25 26 
100 100 100 100 5 100 100 100 51 100 82 12 18 100 75 100 49 100 100 100 86 73 100 100 15 89 100 100 100 100 16 100 49 89 100 100 100 100 12 100 98 100 100 100 100 100 100 100 100 3 100 100 100 100 88 36 100 100 93 11 100 100 100 100 100 100 100 20 100 38 73 100 100 100 52 95 100 100 100 68 50 100 100 100 100 72 5 100 100 
58 100 100 100 100 100 100 100 21 100 13 100 100 100 100 77 100 100 26 88 93 44 100 100 100 100 64 100 100 100 100 100 100 100 100 23 100 100 100 100 100 64 63 5 100 100 100 100 100 100 100 99 100 100 100 100 100 100 100 100 68 69 13 100 100 100 99 100 100 100 100 100 2 100 100 72 100 100 35 100 100 100 74 11 100 47 100 100 
100 100 100 100 77 100 41 100 100 100 52 100 74 100 98 100 100 58 100 100 100 100 100 100 23 100 100 60 10 100 100 100 100 100 12 29 4 40 100 100 19 100 100 80 20 11 56 100 100 100 100 100 61 74 100 100 100 100 100 100 31 36 100 100 100 88 100 100 100 100 99 100 100 100 42 100 100 100 100 100 100 88 100 100 100 100 100 
100 35 100 100 64 100 100 100 100 100 100 100 100 100 22 100 100 100 100 100 100 100 26 100 100 19 100 100 100 100 100 96 100 100 75 6 100 100 100 100 100 100 64 82 100 100 100 100 13 100 27 75 87 100 18 100 80 100 100 33 100 100 100 100 100 18 3 54 4 100 100 100 100 100 100 27 100 100 100 23 100 100 100 100 100 79 
100 95 100 100 100 25 20 40 4 100 100 70 100 100 88 47 100 100 100 100 90 11 100 100 100 78 19 36 100 100 100 100 100 67 100 100 100 100 100 100 100 97 100 100 100 100 100 93 100 100 100 100 100 20 100 100 100 100 100 100 100 100 4 100 52 61 24 100 100 46 25 100 58 100 100 100 100 100 100 100 100 100 71 100 100 
85 100 42 100 100 100 100 24 100 4 100 100 100 41 100 100 73 32 100 100 100 13 100 86 16 99 100 100 100 100 100 100 100 32 100 100 100 92 6 100 100 100 100 28 100 42 100 100 100 88 97 100 100 100 100 98 1 57 68 100 47 100 100 100 100 82 100 100 82 100 100 100 93 29 100 100 100 100 100 100 54 100 95 12 
100 100 100 100 100 100 100 100 100 100 100 100 100 100 100 55 100 58 44 29 100 43 61 100 70 100 100 100 100 25 87 3 100 100 100 100 100 100 100 23 100 100 100 100 66 100 100 100 55 100 100 100 100 100 100 100 100 100 100 100 100 63 91 100 70 27 63 82 100 100 100 4 100 100 27 6 100 33 100 100 100 100 100 
39 100 100 0 83 100 100 100 100 45 5 42 100 100 100 100 81 100 100 100 100 100 53 100 72 100 100 32 100 100 100 100 75 29 41 74 100 100 100 68 100 100 57 100 100 55 39 100 100 41 54 100 100 85 100 100 100 100 100 16 100 100 100 30 100 100 100 100 100 29 100 98 92 3 100 100 100 100 100 69 100 100 
0 92 100 100 40 100 100 100 28 68 100 34 100 83 48 100 100 100 100 100 100 100 100 100 100 100 100 100 100 100 100 100 100 73 100 100 100 74 9 100 100 100 100 100 100 40 100 100 100 100 100 100 100 54 100 100 8 100 100 36 100 100 100 100 100 100 5 100 100 100 100 100 100 100 100 100 100 48 100 100 100 
100 100 100 100 100 100 100 26 100 100 100 100 100 100 100 100 100 65 100 5 46 100 100 100 83 100 79 63 100 100 100 29 93 24 44 72 100 100 56 100 100 100 74 100 33 35 100 31 100 53 20 100 70 37 27 7 100 100 100 100 100 100 53 100 100 100 100 100 35 100 72 100 16 100 6 41 100 100 3 100 
100 100 34 21 100 100 100 64 100 85 100 100 92 100 23 100 100 88 100 34 100 100 100 100 100 36 100 100 100 31 100 100 17 100 100 100 100 100 100 74 100 100 100 100 100 100 100 100 100 100 100 69 48 100 100 100 100 100 95 100 100 100 100 100 100 100 100 100 100 100 100 100 100 100 50 100 13 100 50 
68 100 94 100 100 100 84 100 100 100 100 100 100 100 100 100 62 100 55 26 100 100 100 100 13 57 0 100 100 100 100 100 65 100 89 54 76 100 30 100 56 47 100 100 100 100 100 42 100 100 14 51 81 100 100 100 100 100 26 100 100 55 39 48 100 100 100 64 100 45 100 100 100 100 18 100 100 100 
100 100 100 100 100 100 100 100 100 100 36 100 100 100 62 2 100 100 54 100 100 80 100 100 100 100 100 100 100 69 100 100 100 26 100 85 100 100 100 100 100 100 51 100 100 100 71 24 77 100 100 48 100 18 100 100 100 100 100 100 11 100 100 9 100 100 28 7 100 51 97 100 83 100 100 100 100 
100 65 100 100 100 28 100 32 100 100 34 46 44 100 100 100 87 100 100 100 100 19 2 8 100 100 100 81 78 76 100 100 100 8 100 100 100 100 100 100 100 100 100 61 100 100 100 100 100 100 100 100 100 100 100 100 100 100 19 100 100 100 100 100 87 12 7 56 100 28 40 100 100 38 100 71 
100 100 100 100 100 7 26 100 100 100 99 100 100 100 100 46 100 100 100 86 100 100 100 100 100 100 100 100 30 100 100 100 100 100 100 100 100 100 61 69 100 100 100 100 100 100 31 100 100 66 3 100 100 13 100 100 100 100 81 100 100 12 100 60 100 100 26 100 100 100 100 50 40 66 12 
100 1 100 100 90 100 100 11 100 100 100 100 100 100 74 87 100 100 100 100 100 52 100 100 57 5 100 100 100 100 100 27 100 100 100 100 100 37 100 100 59 58 43 53 10 100 80 100 100 100 100 100 100 100 100 100 100 100 100 100 100 98 100 9 100 65 100 100 44 100 100 43 100 62 
100 29 7 16 100 87 100 100 100 100 100 59 60 100 7 100 100 5 11 100 100 100 100 100 7 100 100 50 100 100 100 84 100 100 35 100 100 100 100 100 100 26 1 100 100 100 100 100 52 0 100 41 72 100 100 100 100 100 100 51 100 61 100 54 100 58 100 8 100 100 100 46 100 
100 100 100 100 100 100 100 70 100 100 100 100 100 10 20 100 100 100 100 100 99 5 100 100 61 100 9 2 100 58 51 93 100 64 28 83 100 100 100 24 100 100 100 48 80 87 62 55 100 100 100 100 100 100 84 100 79 100 100 100 100 100 100 100 49 67 64 100 100 82 100 100 
100 100 100 100 100 100 100 100 100 100 100 51 100 76 100 100 18 100 100 100 84 100 100 100 100 78 100 50 100 53 100 100 81 47 100 100 51 100 100 100 22 100 100 100 72 100 100 28 100 100 100 100 100 3 100 100 100 100 100 73 100 100 33 100 100 100 100 13 100 100 98 
100 21 100 100 100 100 62 100 100 100 100 100 100 100 100 100 60 89 100 100 100 1 100 100 100 100 100 100 3 97 100 100 100 100 100 32 100 100 100 100 100 97 100 78 100 100 100 100 100 100 100 100 100 57 100 100 17 100 100 40 13 100 100 50 100 100 39 100 0 100 
0 100 100 13 27 68 100 100 100 100 100 37 100 29 8 15 100 45 100 56 100 33 100 45 100 100 87 100 100 70 100 100 100 100 87 58 10 100 100 100 100 98 100 100 100 51 100 100 100 100 100 100 91 100 100 100 100 100 100 48 100 84 78 100 100 98 100 100 100 
100 76 100 100 100 47 100 100 100 100 100 100 100 49 100 100 94 100 15 100 100 100 100 40 55 100 100 65 100 100 100 100 100 100 100 100 45 100 100 77 100 100 4 26 76 13 44 26 100 89 100 100 100 100 100 100 77 100 100 100 100 100 100 82 100 100 65 100 
100 100 100 100 100 71 100 100 100 100 100 100 78 100 100 32 100 100 100 100 100 100 74 100 100 100 100 100 100 100 100 100 100 100 100 99 100 48 100 100 100 100 100 100 100 100 50 100 100 43 9 36 75 51 100 100 22 100 100 100 45 100 44 23 100 81 100 
91 43 21 100 100 100 51 87 100 100 100 30 61 100 42 100 100 70 100 20 100 100 100 34 100 100 100 100 100 100 100 3 100 9 100 40 100 100 100 9 100 100 86 71 100 100 100 100 100 100 48 58 5 100 100 100 100 100 100 100 100 100 100 100 100 41 
100 68 100 100 100 100 100 76 39 100 100 55 100 100 100 100 100 100 100 100 100 100 100 100 100 100 100 100 82 15 100 100 100 78 12 100 91 100 100 100 100 100 84 100 100 100 100 100 100 84 100 57 100 100 100 100 100 79 26 100 100 95 100 76 32 
15 46 100 100 77 100 100 81 24 100 100 29 100 100 100 100 36 69 100 100 100 100 100 51 100 97 100 100 100 100 100 40 100 100 100 100 100 100 100 100 100 100 100 16 1 5 100 100 100 27 100 100 100 23 100 100 100 97 52 100 15 66 100 100 
11 100 41 50 100 43 100 100 100 100 100 47 100 100 100 100 100 3 100 100 6 100 100 100 91 86 100 29 99 100 100 100 51 100 3 100 79 100 100 36 100 100 56 13 100 7 100 100 85 40 100 100 100 100 52 100 67 100 60 100 100 100 20 
18 100 100 100 100 100 100 100 100 100 100 100 28 71 72 100 100 100 18 10 75 20 100 100 100 1 100 100 87 100 100 100 100 100 54 100 100 100 100 100 100 100 100 100 100 100 100 100 100 100 100 90 83 100 100 100 100 100 18 100 100 42 
100 100 100 100 34 100 77 94 100 100 100 100 100 100 100 100 43 100 29 100 100 100 20 100 100 100 100 75 39 100 100 100 100 100 100 37 78 100 11 100 30 11 0 100 100 100 100 30 100 100 100 22 100 73 100 100 100 100 100 100 100 
100 100 100 100 100 100 100 43 21 16 69 100 100 100 100 100 100 100 100 100 100 14 9 58 100 100 100 100 100 100 100 100 93 100 73 100 100 100 100 100 100 100 9 100 100 80 100 100 14 100 41 8 100 75 100 100 100 81 27 22 
100 90 100 100 100 21 100 100 100 100 100 100 100 100 100 100 100 100 100 100 100 100 100 100 100 100 100 100 100 100 100 100 100 100 100 100 100 100 100 100 100 100 100 100 100 100 100 100 100 100 100 100 100 100 100 100 100 100 100 
100 100 100 100 100 100 100 100 100 100 100 100 100 100 100 100 100 100 100 100 100 100 100 100 100 100 100 100 100 100 100 100 100 100 100 100 100 100 100 100 100 100 100 100 100 100 100 100 100 100 100 100 100 100 100 16 100 56 
100 100 100 100 100 100 100 100 100 100 100 100 100 100 100 100 100 100 100 100 100 100 100 100 100 100 100 100 100 100 100 100 100 100 100 100 100 100 100 100 100 100 100 100 100 100 100 100 100 99 100 100 100 100 100 100 100 
100 100 100 100 100 100 100 100 100 100 100 100 100 100 100 100 100 100 100 100 11 100 100 100 100 100 100 100 100 100 100 100 100 100 100 100 100 100 100 100 100 100 100 100 100 100 100 100 100 100 100 100 100 100 100 100 
100 100 100 100 100 100 100 100 100 100 100 100 100 73 100 100 100 100 100 100 100 100 100 100 100 100 100 100 100 100 100 100 100 100 100 100 100 100 100 100 100 100 100 100 100 100 100 100 32 100 100 100 100 100 100 
100 100 100 100 100 100 100 100 100 100 100 100 100 100 100 100 100 100 100 38 100 100 100 100 100 100 100 100 100 100 100 100 100 100 100 100 100 100 100 100 100 100 100 100 100 100 100 100 100 100 100 100 100 100 
100 100 100 100 100 100 100 100 100 100 100 100 100 100 100 100 100 100 100 100 100 100 100 100 100 100 100 100 100 100 100 100 100 100 100 100 100 100 100 100 100 100 100 100 100 100 100 100 100 100 100 100 100 
100 100 100 100 100 100 100 100 100 100 100 100 100 100 100 100 100 100 100 100 100 100 100 100 100 100 100 100 100 100 100 100 100 100 100 100 74 100 100 100 100 100 100 100 100 100 100 100 100 100 100 100 
100 100 100 100 100 100 100 100 100 100 100 100 100 100 100 100 100 100 100 100 100 100 100 100 100 100 100 100 100 100 100 100 100 100 100 100 100 100 100 100 100 100 100 100 100 100 100 100 100 100 5 
100 100 100 100 100 100 100 100 100 100 100 100 100 100 100 100 100 100 100 100 100 100 100 100 100 100 100 100 100 100 100 100 100 100 100 100 100 100 100 100 100 100 100 100 100 100 22 100 100 100 
100 100 100 100 100 100 100 100 100 100 100 100 70 100 100 7 100 100 100 100 100 100 100 100 100 100 100 100 100 100 100 100 100 100 100 100 100 100 100 100 100 100 100 100 100 100 100 100 100 
100 100 100 100 100 100 100 94 100 100 100 100 100 100 100 100 100 100 100 100 100 100 100 100 100 100 100 100 100 100 100 100 100 100 100 100 100 100 100 17 100 100 1 100 100 100 100 100 
56 100 100 100 100 100 100 100 100 100 100 100 100 100 100 100 100 100 100 100 100 100 100 100 100 100 100 100 100 100 100 100 100 100 100 100 29 100 100 100 100 100 100 100 100 100 100 
100 100 100 100 100 100 100 100 100 100 100 100 100 100 100 100 100 100 100 100 100 100 100 100 100 100 100 100 100 100 100 100 100 100 100 100 100 100 100 100 100 100 100 100 100 100 
100 100 100 100 100 100 100 100 100 100 100 100 100 100 100 100 100 100 100 100 100 100 45 100 100 100 100 100 100 100 100 100 100 100 100 100 100 100 100 100 100 100 100 100 100 
100 100 100 100 100 100 100 100 100 100 100 100 100 100 100 100 100 100 100 100 100 100 100 100 100 12 100 100 100 100 100 100 100 100 100 100 100 100 100 100 100 100 100 100 
100 100 100 100 100 100 100 100 100 100 100 100 100 100 100 100 100 100 100 100 100 100 100 100 100 100 100 100 100 100 99 100 100 100 100 100 100 100 100 100 100 100 100 
100 100 100 100 100 100 100 100 100 100 100 100 100 100 100 100 100 100 100 100 100 100 100 24 100 100 100 100 100 100 100 100 100 100 100 100 100 100 100 100 100 100 
100 100 100 100 100 100 100 100 100 100 100 100 100 100 100 100 100 100 100 100 100 100 100 100 100 100 100 100 100 100 100 100 100 100 100 100 100 100 100 100 100 
100 100 100 100 100 100 100 100 100 100 100 100 100 100 100 100 100 100 100 100 100 100 100 70 100 100 100 100 100 100 100 100 6 100 100 100 100 100 100 100 
100 100 100 100 100 100 100 100 100 100 100 100 100 100 100 100 100 100 100 100 100 100 100 100 100 100 100 100 100 100 100 100 100 100 100 100 100 100 100 
100 100 100 100 100 100 100 100 92 100 100 100 100 100 100 100 100 100 100 100 100 100 100 100 100 100 100 100 100 100 100 100 100 100 100 100 100 100 
100 100 100 100 100 100 100 100 100 100 100 100 100 100 100 100 100 100 100 100 100 100 100 100 100 100 100 100 100 100 100 100 100 100 100 100 100 
100 96 100 100 100 100 100 100 100 100 100 100 100 100 100 100 100 100 100 100 100 100 100 100 100 100 40 100 100 100 100 100 100 100 100 100 
100 100 100 100 100 100 100 100 100 100 100 100 100 100 100 100 100 100 100 100 100 100 100 100 100 100 100 100 100 100 100 100 100 100 100 
100 100 100 100 100 100 100 100 100 100 100 100 100 100 100 100 100 100 100 100 100 100 100 100 100 100 100 100 100 100 100 100 100 100 
100 100 100 100 100 100 100 100 100 100 100 100 100 100 100 100 100 100 100 100 100 100 100 100 100 100 100 100 100 100 100 100 100 
100 100 100 100 100 100 100 100 100 100 100 100 100 100 100 100 100 100 100 100 100 100 100 100 100 100 100 100 100 100 100 100 
100 100 100 100 100 100 100 100 100 100 100 100 100 100 100 100 100 100 100 100 100 100 100 100 100 100 100 100 100 33 100 
100 100 100 100 100 100 100 100 100 100 100 100 100 100 100 100 100 100 100 100 100 100 100 100 100 100 100 99 100 100 
100 100 100 100 100 100 100 100 100 100 100 100 100 100 100 100 100 100 100 100 100 100 100 100 100 100 100 100 100 
100 100 100 100 100 100 100 100 100 100 100 100 100 100 100 100 100 100 100 100 100 100 100 100 100 100 100 100 
100 100 100 100 100 100 100 100 100 100 100 100 100 100 100 100 100 100 100 100 100 100 100 100 100 100 100 
100 100 100 100 100 100 100 100 100 100 100 100 100 100 100 100 100 100 100 100 100 100 100 100 100 100 
100 100 100 100 100 100 100 100 100 100 100 100 100 100 100 100 100 100 100 100 100 100 100 100 100 
100 100 100 100 100 100 100 100 100 100 100 100 100 100 100 100 100 100 100 100 100 100 100 100 
100 100 100 100 100 100 100 100 100 100 100 100 100 100 100 100 100 100 100 100 100 100 100 
100 100 100 66 100 100 100 100 100 100 100 100 100 100 100 100 100 100 100 100 100 100 
100 100 100 100 100 100 100 100 100 100 100 100 100 100 100 100 100 100 100 100 100 
100 100 100 100 100 100 100 100 100 100 100 100 100 100 100 100 100 100 100 100 
100 100 100 100 100 100 100 100 100 100 100 100 100 100 5 100 100 100 100 
100 100 100 100 100 100 100 100 100 100 100 100 100 100 100 100 100 100 
100 100 100 100 100 100 100 100 100 100 100 100 100 100 100 100 100 
100 100 100 100 100 100 100 100 100 100 100 100 100 100 100 100 
100 100 100 100 100 100 100 100 100 100 100 100 100 100 100 
100 100 100 100 100 100 100 100 100 100 100 100 100 100 
100 100 100 100 100 100 100 100 100 100 100 100 100 
100 100 100 78 100 100 100 100 100 100 100 100 
100 100 100 100 100 100 100 100 100 100 100 
100 100 100 100 100 100 100 100 100 100 
100 100 100 100 100 100 100 100 100 
100 100 100 100 100 100 100 100 
100 100 100 100 100 100 100 
100 100 100 100 100 100 
100 100 100 100 100 
100 100 100 100 
100 100 100 
100 100 
100 

