100 100
67 100 72 29 43 43 41 83 74 100 87 34 38 86 99 92 56 30 31 23 16 23 56 32 100 100 86 55 13 87 100 42 100 4 100 100 98 65 6 5 37 82 40 54 7 97 39 91 100 100 48 17 100 12 100 99 94 15 58 6 3 16 100 25 100 100 32 4 11 67 100 72 100 33 65 100 83 100 80 46 100 47 83 100 93 92 96 100 34 34 45 100 31 30 100 38 68 94 88 
100 48 100 40 67 25 100 12 80 11 100 52 1 75 97 72 49 37 100 69 79 47 86 42 42 100 100 69 100 100 98 100 61 25 82 81 80 41 85 45 56 5 8 100 12 100 45 100 100 90 19 55 69 53 51 62 100 53 100 3 2 100 31 44 96 36 100 100 3 72 74 17 78 97 6 29 94 59 100 100 70 75 24 100 100 65 100 41 100 100 100 100 57 56 58 58 100 41 
12 100 100 7 9 100 100 100 39 1 8 16 100 76 100 78 74 100 61 48 61 47 99 17 100 33 93 100 33 4 53 100 100 100 100 37 21 10 29 100 61 8 28 88 32 37 67 100 88 30 100 21 34 98 100 100 49 78 55 40 100 90 100 100 69 9 97 38 4 60 58 43 100 93 100 25 100 70 100 52 87 75 85 73 9 59 96 80 11 100 54 58 81 95 19 52 45 
100 100 100 74 28 96 84 100 34 29 56 100 31 44 100 62 50 59 36 31 64 49 86 100 23 100 34 1 93 100 5 100 100 7 86 9 60 73 100 51 100 71 30 100 75 100 64 100 66 100 47 100 12 94 21 100 47 53 100 46 88 46 100 100 90 90 100 100 99 100 33 94 100 100 100 23 0 19 57 100 100 68 76 84 3 68 4 100 3 35 51 100 40 43 100 93 
47 24 17 100 88 100 100 43 16 16 100 100 27 55 44 10 100 84 94 100 100 77 56 59 16 100 80 63 100 92 61 1 43 100 86 88 100 59 100 48 100 94 69 2 100 100 100 7 95 81 42 20 7 100 18 100 100 31 72 38 97 23 100 100 14 100 100 100 47 20 57 100 32 100 100 54 100 2 100 100 4 0 100 75 100 100 41 75 25 100 90 21 94 100 77 
67 100 100 71 100 5 46 24 98 100 100 64 100 22 100 100 100 100 62 57 100 65 100 51 100 18 96 100 100 46 100 52 4 100 28 62 44 55 100 91 41 72 71 85 37 91 19 88 100 52 100 59 92 100 21 100 100 100 16 60 95 91 100 27 100 68 100 92 95 12 46 54 28 16 19 99 69 98 100 27 5 4 100 52 100 41 12 100 62 33 77 100 25 15 
28 100 54 55 11 100 50 65 61 100 4 100 29 54 100 81 100 35 78 96 15 100 100 96 3 42 100 100 54 53 55 100 22 100 100 82 100 14 52 55 64 99 100 100 100 8 71 27 100 53 0 18 43 1 3 100 28 35 100 100 100 22 22 12 3 16 22 59 33 100 7 100 89 66 100 83 33 100 100 100 21 41 84 48 100 14 42 94 59 52 53 81 65 
27 39 100 100 47 100 100 100 85 100 56 47 100 100 87 88 20 46 9 54 100 68 83 30 84 100 100 59 100 54 58 91 77 100 100 100 60 45 10 64 59 100 22 100 28 49 100 100 100 88 41 96 77 67 8 34 98 50 15 68 64 14 83 100 100 100 100 41 32 29 13 100 33 84 40 100 24 18 100 95 100 24 82 1 100 100 57 80 100 33 40 45 
100 90 34 36 75 84 9 93 36 31 100 75 77 82 61 100 100 3 100 18 94 0 100 64 41 23 100 22 57 100 44 52 30 100 78 100 65 100 91 25 100 47 26 100 74 39 83 11 22 89 100 10 100 35 73 98 100 42 100 60 58 68 33 99 24 100 46 100 100 72 100 76 100 84 33 23 100 72 100 93 100 100 100 26 43 100 100 100 66 100 33 
10 79 3 68 100 30 66 100 76 41 100 16 7 100 38 100 89 11 100 66 21 74 100 4 97 100 72 100 94 17 15 100 20 100 100 98 19 100 11 43 100 100 56 64 67 34 100 55 71 100 16 22 100 94 52 9 4 62 100 100 11 79 45 100 63 23 43 100 67 43 24 69 100 47 53 89 62 91 28 100 60 100 100 100 70 4 93 56 49 82 
71 30 23 88 76 50 80 82 61 100 90 100 77 79 100 74 60 100 30 66 100 84 27 55 100 22 34 21 77 41 96 100 19 94 38 100 10 100 100 18 52 100 48 13 28 80 100 72 100 15 100 46 70 100 100 30 88 55 3 100 100 21 4 80 100 37 68 79 66 16 100 100 100 92 100 100 77 17 88 100 72 38 16 16 29 100 52 28 100 
100 67 20 100 99 100 60 100 59 78 56 44 100 66 24 100 2 32 100 20 100 38 37 100 18 22 87 24 100 43 26 22 100 96 100 53 65 93 64 58 2 29 32 84 84 100 62 13 51 100 100 100 65 1 43 100 9 100 11 9 95 40 64 100 38 100 31 100 43 1 100 76 26 13 63 100 100 100 37 100 100 53 25 1 95 50 3 44 
63 40 80 51 100 29 100 100 42 77 100 100 88 78 100 33 21 92 1 6 96 100 44 86 100 39 73 29 100 64 30 3 85 100 100 92 31 100 0 72 48 50 100 87 16 8 30 85 11 4 100 68 100 39 100 54 35 24 100 69 100 7 24 12 6 100 100 100 80 81 68 65 93 20 100 100 100 100 12 100 8 40 16 100 15 15 0 
79 100 100 7 43 77 100 89 100 96 100 100 100 100 96 7 14 63 25 88 9 85 64 100 21 85 91 100 100 34 100 45 41 100 50 40 46 100 34 19 80 63 74 100 27 100 11 4 100 71 92 100 98 100 100 45 53 11 41 19 7 100 100 100 100 100 100 14 95 40 100 27 100 88 100 100 100 10 100 19 100 29 100 34 72 18 
26 100 10 55 87 100 90 100 60 100 35 100 38 100 100 18 100 13 64 5 29 100 96 74 100 100 100 13 100 100 100 30 100 38 52 100 82 100 100 81 4 54 17 53 76 54 84 80 65 84 100 86 25 46 94 100 100 100 14 71 83 100 100 100 100 100 100 100 100 100 100 100 100 100 100 100 100 100 100 100 100 100 100 100 100 
100 100 100 100 100 100 100 100 100 100 100 100 100 100 100 100 100 100 100 100 100 100 100 100 100 100 100 100 100 100 100 100 100 100 100 100 100 100 100 100 100 100 100 100 100 100 100 100 100 100 100 100 100 100 100 100 100 100 100 100 100 100 100 100 100 100 100 100 100 100 100 100 100 90 100 100 100 100 100 100 76 100 100 100 
100 100 100 100 100 100 100 100 100 100 100 65 100 100 100 100 100 100 100 100 100 100 100 100 100 100 100 100 100 100 100 100 100 34 100 100 100 100 100 100 100 100 100 100 100 100 100 100 100 100 100 100 100 100 100 100 100 100 81 100 100 100 100 100 100 100 100 100 100 100 100 100 100 100 100 100 100 100 100 100 100 100 100 
100 100 100 100 100 100 100 100 100 100 100 100 100 100 100 100 100 100 100 100 100 100 100 100 100 100 77 100 100 100 100 100 100 100 100 100 100 100 100 100 100 100 100 100 100 100 100 100 100 100 100 100 100 100 100 100 100 100 72 100 100 100 100 100 100 100 100 100 100 100 100 100 100 100 100 100 100 100 100 100 100 100 
0 100 100 100 100 100 100 100 100 100 100 100 100 100 100 100 100 100 100 100 100 100 100 100 100 100 100 100 100 100 100 100 100 100 100 100 100 100 100 100 100 100 100 100 100 100 100 100 100 100 100 100 100 100 100 100 100 100 100 100 100 100 100 100 100 100 100 100 100 100 100 100 100 100 100 100 100 100 100 100 100 
100 100 100 36 100 100 100 100 100 100 100 100 100 100 100 100 100 3 100 8 100 100 100 100 100 100 100 100 100 100 100 100 100 100 100 100 100 100 100 100 100 100 100 100 100 100 100 100 100 100 100 100 100 100 100 100 100 100 100 100 100 100 100 100 100 100 100 100 100 100 100 100 100 100 100 100 100 100 100 100 
14 100 100 100 100 100 100 100 65 100 100 100 100 100 100 100 100 100 100 100 100 100 100 100 100 100 100 100 100 100 100 100 100 100 100 100 100 100 100 100 100 100 100 100 100 100 100 100 100 100 100 100 100 100 100 100 100 100 52 100 100 100 100 100 100 100 100 100 100 100 100 100 100 100 100 100 100 100 100 
100 100 100 100 100 100 100 100 100 100 100 100 100 100 100 100 100 100 100 100 100 100 100 100 100 100 100 100 100 100 100 100 100 100 100 100 100 100 100 100 100 100 100 100 100 100 100 100 100 100 100 100 100 100 100 100 100 100 100 100 100 100 100 100 100 100 100 100 100 100 100 100 100 100 100 100 100 100 
100 100 100 100 37 100 100 100 100 100 100 100 100 100 63 100 100 100 100 100 100 100 100 100 100 100 100 100 100 100 100 100 100 100 100 100 100 100 100 100 100 100 100 100 100 100 100 100 100 100 100 86 100 100 100 100 100 100 100 100 100 100 100 100 100 100 100 100 100 100 100 100 100 100 100 100 100 
100 100 100 100 100 100 100 100 100 100 100 100 100 100 100 100 100 100 100 100 100 100 66 100 100 100 100 100 100 100 100 100 100 100 100 100 100 100 100 100 100 100 100 100 100 100 100 100 100 100 100 100 100 100 100 100 100 100 100 100 100 100 100 100 100 100 100 100 100 100 100 100 100 100 100 100 
100 100 100 100 100 100 100 100 100 100 100 100 100 100 100 100 100 100 100 100 100 100 100 100 100 100 100 100 100 100 100 100 100 100 54 100 100 100 100 12 100 100 100 100 100 100 100 100 100 100 100 100 100 100 100 100 100 100 100 100 100 100 100 100 100 100 100 100 100 100 100 100 100 100 100 
100 100 100 100 100 100 100 100 100 100 100 100 100 100 100 100 100 100 100 100 100 100 100 100 100 100 100 100 100 100 100 100 100 100 100 100 100 100 100 100 100 100 100 100 100 100 100 100 100 100 100 100 100 100 100 100 100 100 100 100 100 100 100 100 100 100 100 100 100 100 2 100 100 100 
100 100 100 100 100 100 100 100 100 100 100 100 100 100 100 100 100 100 100 100 100 100 100 100 100 100 100 100 100 100 100 100 100 100 100 100 100 100 100 100 100 100 100 100 100 100 100 100 100 100 100 100 100 100 100 100 100 100 100 100 100 100 100 100 100 100 100 100 100 100 100 100 100 
100 100 100 100 100 100 100 100 100 100 100 100 100 100 100 100 100 100 100 100 100 100 100 100 100 100 100 100 100 100 100 100 100 100 100 100 100 100 100 100 100 100 100 100 100 100 100 100 100 100 100 100 100 100 100 100 100 100 100 100 100 100 100 100 100 100 100 100 100 100 100 100 
100 100 100 100 100 100 100 100 100 100 100 100 100 100 100 100 100 100 100 100 100 100 100 100 100 100 100 100 100 100 100 100 100 100 100 100 100 100 100 100 100 100 100 100 100 100 100 100 100 100 100 100 100 100 100 100 100 100 100 100 100 100 100 100 100 100 100 100 100 100 100 
100 100 100 100 100 100 100 100 100 100 100 100 100 100 100 100 100 100 100 100 100 100 100 100 100 100 100 100 100 100 100 100 100 100 100 100 100 100 100 100 100 83 100 100 100 100 100 100 100 100 100 100 100 100 100 100 100 100 100 100 100 100 100 100 100 100 100 100 100 100 
100 100 100 100 100 100 100 100 100 100 100 100 74 100 100 100 100 100 100 100 100 100 100 100 100 100 100 100 100 100 100 100 100 100 100 100 100 100 100 100 100 100 100 100 100 100 100 100 100 100 100 100 100 100 100 100 100 46 100 100 100 100 100 100 100 100 100 100 100 
100 100 100 100 100 100 100 100 100 100 100 100 100 100 100 100 100 100 100 100 100 100 100 100 100 100 100 100 100 100 100 100 100 100 100 100 100 100 100 100 100 100 100 100 100 100 100 100 100 100 100 100 100 100 100 100 100 100 100 100 100 100 100 100 100 100 100 100 
100 100 100 100 100 100 100 100 100 96 100 100 100 100 100 100 40 100 100 100 100 100 100 100 100 100 100 100 100 100 100 100 100 100 100 100 100 100 100 100 79 100 100 100 100 100 100 100 100 100 100 100 100 100 100 100 100 100 100 100 100 100 100 100 100 100 100 
100 100 100 100 100 100 100 100 100 100 100 100 100 100 100 100 100 100 100 100 100 100 100 100 100 33 100 100 100 100 100 100 100 100 100 100 100 100 100 100 100 100 100 100 100 100 100 100 100 100 100 100 100 100 100 100 100 100 100 100 100 100 100 100 100 6 
100 100 100 100 100 100 100 100 100 100 100 100 100 100 100 100 100 100 100 100 100 100 100 100 100 100 100 100 100 100 100 100 100 100 100 100 100 100 100 100 100 100 100 100 100 100 100 100 100 100 100 100 100 100 100 100 100 100 24 100 100 100 100 100 100 
100 100 100 100 100 100 100 100 100 100 100 100 100 100 100 100 100 100 100 100 100 100 100 100 100 100 100 100 100 100 100 100 100 100 100 100 100 100 100 100 100 100 100 100 100 100 57 100 100 100 100 100 100 100 100 100 100 100 100 100 100 100 100 100 
100 100 100 100 100 100 100 100 100 100 100 100 100 100 100 100 100 100 100 100 100 100 100 100 100 100 100 100 100 100 100 100 100 100 100 100 100 100 100 100 100 100 100 100 100 100 100 7 100 100 100 100 100 100 100 100 100 100 100 100 83 100 100 
100 100 100 100 100 100 100 100 100 100 100 100 100 100 100 100 100 100 100 100 100 100 100 100 100 100 100 100 100 100 100 100 100 100 100 100 100 100 100 100 100 100 100 100 100 100 100 100 100 100 100 100 100 100 100 100 100 100 100 100 100 100 
100 100 100 100 100 100 100 100 100 100 100 100 100 100 100 100 100 100 100 100 100 100 100 100 100 100 100 100 100 100 100 100 100 100 100 100 100 100 100 100 100 100 100 100 100 100 100 100 100 56 100 100 100 100 100 100 100 100 100 100 100 
100 100 100 100 100 100 100 100 13 100 100 100 100 100 100 100 100 100 100 100 100 100 100 100 100 100 100 100 100 100 100 100 100 100 100 100 100 100 100 100 100 100 100 100 100 100 100 100 100 100 100 100 100 100 100 100 100 100 100 100 
100 100 100 100 100 100 100 100 100 100 100 100 100 100 100 100 100 100 100 100 100 100 100 100 100 100 100 100 100 100 100 100 100 100 100 100 100 100 100 100 16 100 100 100 100 100 100 100 100 100 100 100 100 100 100 100 100 100 100 
100 100 100 100 100 100 100 100 100 100 100 100 100 100 100 100 100 100 100 100 100 100 100 100 100 100 100 100 100 100 100 100 100 100 100 100 100 100 78 100 100 100 100 100 100 100 100 100 57 100 100 100 100 100 100 100 100 100 
100 100 100 100 100 100 100 100 100 100 60 100 100 100 100 100 100 100 100 100 100 100 100 100 100 100 100 100 100 100 100 100 100 100 100 100 100 100 100 100 100 100 100 100 100 100 100 100 100 100 100 100 100 100 100 100 100 
100 100 100 100 100 100 100 100 100 100 100 100 100 100 100 100 100 100 100 100 100 100 100 100 100 100 100 100 100 100 100 100 100 100 17 100 100 100 100 100 100 100 100 100 100 100 100 100 25 100 100 100 100 100 100 100 
100 100 100 100 100 100 100 100 100 100 100 100 100 100 100 100 100 100 100 100 100 29 100 100 100 100 100 100 100 100 100 100 100 100 100 100 100 100 100 100 100 100 100 100 100 100 100 100 100 100 100 100 100 100 100 
100 100 100 100 100 100 100 100 100 100 100 100 38 100 100 100 100 100 100 100 100 100 100 100 100 100 100 100 100 100 100 100 100 100 100 100 100 100 100 100 100 100 100 100 100 100 100 100 100 100 100 100 100 100 
100 100 100 100 100 100 100 100 100 100 100 100 100 100 100 100 100 100 100 100 100 100 100 100 100 100 100 100 100 100 100 100 100 100 100 15 100 100 100 100 100 100 100 100 100 100 100 100 100 100 100 100 100 
100 100 100 100 100 100 100 100 100 100 100 100 100 100 100 100 100 100 100 100 100 100 100 100 100 100 100 100 100 100 100 100 100 100 100 100 100 100 100 100 54 100 100 100 100 100 100 100 100 100 100 100 
100 100 100 100 100 100 100 100 100 100 100 63 100 100 100 100 100 100 100 100 100 100 100 100 100 100 100 100 100 100 100 100 100 100 100 100 100 100 100 100 100 100 100 100 100 100 100 100 100 100 100 
100 100 100 100 100 100 100 100 100 100 100 100 100 100 100 100 100 100 100 100 100 100 100 100 100 100 100 100 100 100 100 100 100 100 100 100 100 100 100 100 100 100 100 100 100 100 100 100 100 100 
100 100 100 100 100 100 100 100 100 100 100 100 100 100 100 100 100 100 100 100 100 100 100 100 100 100 100 100 100 100 100 100 100 100 100 100 100 100 12 100 100 100 100 100 100 100 100 100 100 
100 100 100 100 100 100 100 100 100 100 100 100 100 100 100 100 100 100 100 100 98 100 100 100 100 100 100 100 100 100 100 100 100 100 100 29 100 100 100 100 100 100 100 100 100 100 100 100 
100 100 100 100 100 100 100 100 100 58 100 100 100 100 100 100 100 100 100 100 100 100 100 100 100 100 100 100 100 100 100 100 100 100 100 42 100 100 100 100 100 100 100 100 100 100 100 
100 100 100 100 100 100 100 100 100 100 100 100 100 100 100 100 100 100 100 100 100 100 100 100 100 100 100 100 100 100 100 100 100 100 100 100 100 100 100 100 100 100 100 100 100 100 
100 100 100 100 100 100 95 100 100 100 100 100 100 100 100 100 100 100 100 100 100 100 35 100 100 100 100 100 100 100 100 100 100 100 100 100 100 100 100 100 100 100 100 10 100 
100 100 100 100 100 100 100 100 100 100 100 100 100 100 100 100 100 100 100 100 100 100 100 100 100 100 100 100 100 89 100 100 100 100 100 66 100 100 100 100 100 100 100 100 
100 100 100 100 100 100 100 100 100 100 100 100 100 100 100 100 100 100 100 100 100 100 100 100 100 100 100 100 100 34 100 100 100 100 100 100 100 100 100 100 100 100 100 
100 100 100 100 100 78 100 100 100 100 100 100 100 100 100 100 100 100 100 100 100 100 100 100 100 100 100 100 100 100 100 100 100 100 100 100 100 100 100 100 100 100 
100 100 100 100 100 100 100 100 100 100 100 100 100 100 100 100 100 100 100 100 100 100 100 100 100 100 100 100 100 100 100 100 100 100 100 100 100 100 100 100 100 
100 100 100 100 100 100 100 100 100 100 100 100 100 100 100 100 100 100 100 100 100 100 100 100 100 100 100 100 100 100 100 100 100 100 100 100 100 100 100 100 
100 100 100 100 100 100 100 100 100 100 100 100 100 100 100 100 100 100 100 100 100 100 100 100 100 100 100 100 100 100 100 100 100 100 100 100 100 100 100 
100 100 100 100 100 100 100 100 100 100 100 100 100 100 100 100 100 100 100 100 100 100 41 100 100 100 100 100 100 100 100 100 100 100 100 100 100 100 
100 100 100 100 100 100 100 100 100 100 100 100 100 100 100 100 100 100 100 100 100 100 100 100 100 100 100 100 100 100 100 100 100 100 100 100 100 
100 100 100 100 100 100 100 100 100 100 100 100 100 100 100 100 100 100 100 100 100 100 100 100 100 100 100 100 100 100 100 100 100 100 100 100 
100 100 100 100 100 100 100 100 100 1 100 100 100 100 19 100 100 100 100 100 100 100 100 100 100 100 100 100 100 100 100 100 100 100 100 
100 100 100 100 100 100 100 100 100 100 100 100 100 100 100 100 100 73 100 100 100 100 100 100 100 100 100 100 100 100 100 100 100 100 
100 100 100 100 100 100 100 100 100 100 100 100 100 100 100 100 100 100 100 100 100 100 100 100 100 100 100 100 100 100 100 100 100 
100 100 100 100 100 100 100 100 100 100 100 100 100 100 100 100 100 100 100 100 100 100 100 100 100 100 100 100 100 100 100 100 
100 100 100 100 100 100 100 100 100 100 100 100 100 100 100 100 100 100 100 100 100 22 100 100 100 100 100 100 100 100 100 
100 100 100 100 100 100 100 100 100 100 100 100 100 100 100 8 100 100 100 100 100 100 100 100 100 100 100 100 100 100 
100 100 100 100 100 100 100 100 100 100 100 100 100 100 100 100 100 100 100 91 100 100 100 100 100 100 100 100 100 
100 100 100 100 100 100 100 100 100 100 100 100 100 100 100 100 100 100 100 100 100 100 100 100 100 100 100 100 
100 100 100 100 100 100 100 100 100 100 100 100 100 100 100 100 100 100 100 100 97 100 100 100 100 100 100 
100 100 100 100 100 100 100 100 100 100 100 100 100 100 100 100 100 100 100 100 100 100 100 100 100 100 
100 100 100 100 100 100 100 100 100 100 100 100 100 100 100 100 100 100 100 100 100 100 100 100 100 
100 100 100 100 100 100 100 100 100 100 100 100 100 100 100 100 100 100 100 100 100 100 100 100 
100 100 100 100 100 100 100 100 100 100 100 100 100 100 100 100 100 100 68 100 100 100 100 
100 100 100 100 100 100 100 100 100 100 100 100 100 100 100 100 100 100 100 100 100 100 
100 100 100 100 100 100 100 100 100 100 100 100 100 100 100 100 100 100 100 100 100 
100 100 100 100 100 100 100 100 100 100 100 100 100 100 100 100 100 100 100 100 
100 100 100 100 100 100 100 100 100 100 100 100 100 100 100 100 100 100 100 
100 100 100 100 100 100 100 100 100 100 100 100 100 100 100 100 100 100 
100 100 100 100 100 100 100 100 100 100 100 100 100 100 100 100 100 
30 100 100 100 100 100 100 100 100 100 100 100 100 100 100 100 
100 84 100 100 100 100 100 100 100 100 100 100 100 100 100 
100 100 100 100 100 100 100 100 100 100 100 100 100 100 
100 100 100 100 100 100 100 100 100 100 100 100 100 
100 100 100 100 100 100 100 100 100 100 100 100 
100 100 100 100 100 100 100 100 100 100 100 
100 100 100 100 100 100 100 100 100 100 
100 100 100 100 100 100 100 100 71 
100 100 100 100 100 88 100 100 
100 100 100 100 100 100 100 
100 100 100 100 100 100 
100 100 100 100 100 
100 100 100 100 
100 100 100 
100 100 
100 

