100 50
40 22 31 1 50 50 43 13 50 42 50 39 1 50 49 50 50 50 50 21 2 50 20 50 9 50 7 20 50 44 15 26 33 9 31 19 34 50 43 50 50 22 36 23 46 50 8 50 50 50 50 25 50 50 32 50 50 50 50 22 50 50 30 39 28 28 38 49 50 50 23 12 36 22 50 50 50 19 27 50 22 50 50 50 50 31 13 50 50 4 17 23 12 50 24 26 50 50 41 50
50 40 40 24 44 32 38 50 41 50 50 38 50 50 50 35 32 28 18 50 50 50 44 33 1 50 50 20 50 41 32 50 27 50 10 2 50 50 46 6 50 21 50 50 50 50 50 50 0 44 44 37 50 43 28 35 32 49 50 50 50 50 13 12 21 50 24 50 19 38 41 42 38 32 50 50 28 15 30 50 0 10 31 50 50 18 26 50 50 8 12 23 50 18 50 21 50 34 50
3 50 50 41 12 24 50 17 18 50 50 30 27 50 50 50 5 13 50 41 0 50 30 43 50 48 41 50 50 50 14 3 37 50 44 50 11 35 49 50 49 17 25 50 26 50 4 4 50 50 50 10 50 50 44 50 50 46 4 10 20 14 34 50 50 42 4 50 29 45 50 5 50 50 50 50 50 50 30 50 33 50 6 38 50 28 50 36 50 50 50 50 5 50 50 50 26 50
19 50 47 47 10 50 11 38 30 30 50 50 50 15 6 26 50 3 23 50 50 1 39 49 50 3 50 42 40 50 32 16 42 25 0 2 50 40 13 13 50 50 22 50 43 50 43 50 38 50 23 47 1 5 15 50 50 37 32 50 12 21 50 6 50 50 13 50 50 50 15 36 50 8 50 50 3 0 41 41 50 22 6 50 36 50 50 50 20 11 13 50 44 34 40 35 50
50 3 50 50 15 43 10 50 24 38 50 50 50 49 13 50 48 12 50 19 34 50 41 9 32 50 49 10 29 50 4 50 50 50 18 23 50 50 45 50 50 4 50 22 37 10 17 28 34 50 13 24 15 17 23 47 7 20 31 50 50 1 2 6 20 50 50 50 50 18 9 5 50 50 50 50 24 50 40 50 50 29 50 50 44 20 50 50 50 7 50 2 50 28 10 50
48 17 50 50 5 24 28 6 21 50 42 50 50 32 50 50 26 6 37 6 13 50 28 22 50 10 20 50 42 50 31 20 50 25 50 32 50 23 50 50 40 16 20 50 23 46 23 50 0 50 25 50 50 50 0 8 14 50 48 50 0 50 50 28 50 15 50 5 13 50 50 46 50 50 50 50 50 5 22 50 50 24 50 28 50 38 23 7 50 50 44 49 50 9 50
50 50 10 50 5 50 50 50 50 21 12 31 50 50 0 29 50 50 50 21 42 50 49 50 50 50 50 50 29 50 20 31 45 50 50 44 12 25 50 37 33 50 48 12 25 50 50 50 46 50 3 50 50 43 50 2 50 22 50 23 11 34 50 29 50 9 50 50 46 50 4 50 23 47 31 7 50 50 35 50 21 50 50 43 50 19 30 39 39 50 50 50 50 50
14 49 50 50 21 2 28 1 50 50 50 50 50 9 30 50 29 50 50 35 17 7 50 50 50 44 42 3 14 28 5 47 42 50 50 50 50 50 50 4 22 32 50 50 25 1 3 45 47 50 50 50 5 50 13 28 50 50 38 50 50 26 50 50 33 0 50 42 50 47 50 9 50 50 50 39 17 32 50 49 50 50 50 38 25 17 50 10 28 50 50 44 50
17 50 50 22 21 39 50 50 50 50 22 9 22 50 50 50 6 30 9 19 50 50 34 48 50 50 18 50 50 26 20 50 19 7 50 25 36 50 50 15 30 50 7 31 47 50 50 50 18 34 50 50 50 33 10 41 31 50 9 48 42 25 50 7 50 50 23 50 50 50 50 50 50 50 15 50 46 50 31 50 50 15 50 18 50 50 7 4 50 50 50 50
22 12 50 37 50 50 47 0 50 50 50 50 0 50 50 39 50 50 38 32 46 50 50 28 32 50 17 25 50 50 50 41 32 32 18 50 36 38 50 40 50 26 50 50 50 50 50 50 1 50 26 44 39 21 50 50 50 25 41 50 32 50 50 50 36 9 50 12 11 19 50 47 13 0 40 50 50 50 50 43 43 50 50 50 50 33 50 50 50 50 50
9 24 15 50 50 9 30 3 9 4 40 50 38 26 1 21 39 50 50 50 28 50 10 14 18 40 41 50 21 50 50 50 8 21 50 36 50 50 50 24 4 15 10 1 40 50 50 38 50 7 18 50 34 50 1 17 50 50 20 50 50 50 50 50 31 50 50 50 50 31 0 50 10 43 23 50 49 23 20 21 33 50 50 45 50 50 50 0 50 50
50 48 11 50 31 29 50 15 50 9 8 49 50 14 50 50 50 18 22 42 34 9 50 50 45 50 46 50 34 50 17 50 33 12 50 3 42 33 35 40 17 23 50 34 50 31 31 50 19 50 50 22 50 50 50 1 41 14 5 22 50 16 50 13 45 47 50 50 50 50 50 50 50 50 5 18 5 34 38 50 12 45 50 32 9 50 50 50 50
2 2 45 50 50 18 23 50 0 44 13 36 22 38 33 50 50 5 50 50 42 50 0 50 32 40 50 26 50 50 43 50 9 50 7 50 34 50 37 50 9 29 27 5 50 50 50 23 10 33 2 50 45 12 15 50 26 50 5 50 50 50 50 50 50 50 17 48 48 20 48 50 35 50 41 9 50 50 17 10 50 39 50 48 50 10 25 50
50 37 50 50 50 50 17 50 14 50 50 38 50 50 12 46 35 43 50 50 35 50 41 18 50 50 27 33 50 50 50 48 50 9 26 3 37 50 50 19 45 50 20 50 43 50 27 50 12 50 50 15 50 48 50 34 50 50 50 26 50 50 30 50 3 33 50 4 24 50 50 21 11 18 34 50 21 50 20 50 50 50 31 50 50 23 50
17 37 50 50 50 50 12 50 50 50 50 50 48 47 5 50 50 36 50 50 50 18 50 50 50 50 36 50 25 2 50 50 50 50 50 46 50 20 50 50 50 11 26 21 50 8 19 2 37 50 14 49 22 50 40 50 46 0 50 50 50 50 50 50 50 50 39 13 43 16 50 39 50 50 50 27 50 39 33 15 50 26 0 25 1 50
50 50 50 39 5 43 50 14 50 3 50 35 21 50 13 4 50 5 10 11 50 0 24 17 50 50 50 50 1 50 1 15 50 50 50 47 50 50 45 50 50 41 22 7 20 50 50 41 8 42 39 18 20 15 33 43 28 4 2 2 50 0 50 50 0 41 23 19 8 14 33 49 23 45 50 28 50 27 50 30 50 11 35 20 50
50 50 12 50 27 0 50 16 30 50 50 7 50 7 16 15 47 46 21 3 50 50 42 31 23 50 30 50 40 29 50 3 50 50 41 28 29 25 8 50 50 15 50 11 50 18 32 18 50 50 50 35 14 12 43 3 23 50 1 50 16 18 3 18 50 50 20 41 50 5 45 19 5 16 50 50 2 50 50 4 29 23 18 50
50 50 15 50 3 32 50 50 50 23 8 13 13 19 50 23 50 50 7 50 35 1 16 50 50 50 50 50 50 14 44 50 20 50 37 49 35 50 50 5 34 50 50 50 38 50 50 50 19 49 28 50 41 50 50 30 50 32 42 23 50 50 50 43 50 50 38 20 21 50 31 50 50 40 34 3 50 43 43 50 46 50 50
42 50 26 11 35 31 28 50 50 50 32 16 42 14 45 31 17 50 14 50 50 50 40 10 27 37 37 23 27 50 5 1 14 35 13 28 45 50 50 2 35 50 50 18 0 49 50 50 50 50 50 50 50 50 50 50 50 50 50 50 50 50 50 50 44 50 50 50 50 39 50 50 50 50 50 50 50 50 5 50 50 50
50 50 50 50 50 50 50 50 50 50 50 50 50 50 50 50 50 50 50 50 50 50 50 50 50 50 50 50 50 50 50 50 50 50 50 50 50 50 50 50 50 50 50 50 50 50 50 50 50 50 50 50 50 50 50 50 50 50 50 50 50 50 50 50 50 50 50 50 50 50 50 50 50 50 50 26 50 50 50 50 50
50 50 50 50 50 50 50 50 50 50 50 50 50 50 50 50 50 50 50 50 50 50 50 50 50 50 50 50 50 50 50 50 50 50 50 50 50 50 50 50 50 50 50 50 50 50 50 50 50 50 50 50 50 50 50 27 50 50 50 50 50 50 50 50 50 50 50 50 50 50 50 50 50 50 50 50 50 50 50 50
50 50 50 50 50 50 50 50 50 50 50 50 50 50 50 50 50 50 22 50 50 50 50 50 50 50 50 50 50 50 50 50 50 50 50 50 50 50 50 50 50 50 50 50 50 22 50 50 50 50 50 50 50 50 50 50 50 50 50 50 50 50 50 50 50 50 50 50 50 50 50 50 50 50 50 50 50 50 50
50 50 50 50 50 50 50 50 50 50 50 50 50 50 50 50 50 50 50 50 50 50 50 50 50 50 50 50 50 50 50 50 50 50 50 50 50 50 50 50 50 50 32 50 50 50 50 50 50 50 50 50 50 50 50 50 50 4 50 50 50 50 50 50 50 50 50 50 50 50 50 50 50 50 50 50 50 50
50 50 50 50 50 50 50 50 50 50 50 50 50 50 50 50 50 50 50 50 50 50 50 50 50 50 50 50 50 50 50 50 50 50 50 50 50 50 50 50 50 50 50 50 50 50 50 50 50 50 50 50 50 50 50 50 3 30 50 50 50 50 50 50 50 50 14 50 50 50 50 50 50 50 50 50 50
50 50 50 50 50 50 50 50 50 50 50 50 50 50 50 50 50 50 50 50 50 50 50 50 50 50 50 50 50 50 50 50 50 50 50 50 50 50 50 50 50 50 50 50 50 50 50 50 50 50 50 50 50 50 50 50 50 50 50 50 50 50 50 30 50 50 50 50 50 50 50 50 50 39 50 50
50 50 50 50 50 50 50 50 50 50 50 50 50 50 50 50 50 50 50 50 50 50 50 50 50 50 50 50 50 50 50 50 50 50 50 50 50 50 50 50 50 50 50 50 50 50 50 50 50 50 50 50 50 50 50 50 50 50 50 50 50 50 50 50 50 14 50 50 50 50 50 50 50 50 50
50 8 50 50 50 50 50 50 50 50 50 50 50 50 50 50 50 50 50 50 50 50 50 50 50 50 50 50 50 50 50 50 50 50 50 20 50 50 50 50 50 50 50 50 50 50 50 50 50 50 50 50 50 50 50 50 50 50 50 50 50 50 50 50 50 47 50 50 50 50 50 50 50 50
50 50 50 50 50 50 50 50 50 50 50 50 50 50 50 50 50 50 50 50 50 50 50 50 50 50 50 50 50 50 50 50 50 50 50 50 50 50 50 50 50 45 50 50 50 50 50 50 50 50 50 50 50 50 50 50 50 50 50 50 50 50 50 50 50 50 50 50 50 50 50 50 50
50 50 50 50 50 50 50 50 50 50 50 50 50 50 50 50 50 50 50 50 50 50 50 50 50 50 50 50 50 50 50 50 50 50 50 50 50 50 50 50 50 50 50 50 50 50 50 50 50 50 50 50 50 50 50 50 50 50 50 50 50 50 50 50 50 50 50 50 50 50 50 50
50 50 50 50 50 50 50 50 50 50 50 50 50 37 50 50 50 50 50 50 50 50 50 50 50 50 50 50 50 50 50 50 50 50 50 50 50 50 50 50 50 50 34 50 50 50 50 50 48 50 50 50 50 50 50 50 50 50 50 50 50 50 50 50 50 50 50 50 50 50 50
50 50 50 50 50 50 50 50 50 50 50 50 50 50 50 50 50 50 50 42 50 50 50 50 50 50 50 50 50 50 50 50 50 50 50 50 50 50 50 50 50 50 50 50 50 50 50 50 50 50 50 50 50 50 50 50 50 50 50 50 50 50 50 50 50 50 50 50 10 50
50 50 50 50 50 50 50 50 50 50 50 50 50 50 50 50 50 50 50 50 50 50 50 50 50 50 50 50 50 50 50 50 50 50 50 50 50 50 50 50 50 50 50 50 50 50 50 50 50 50 50 50 50 50 50 50 50 50 50 50 50 50 50 50 50 50 50 50 50
50 50 50 50 50 50 50 50 50 50 50 50 50 50 50 50 50 50 50 50 29 50 50 50 50 50 50 50 50 50 50 50 50 50 50 50 50 50 50 50 50 50 50 50 50 50 50 50 50 50 50 50 50 50 50 50 50 50 50 50 50 50 50 50 50 50 50 50
50 50 50 50 50 50 50 50 50 50 50 50 50 50 50 50 50 50 50 50 50 50 50 50 50 50 50 50 17 50 50 50 50 50 50 50 50 50 50 50 50 50 50 50 50 50 50 50 50 50 50 50 50 50 50 50 50 50 50 50 50 50 50 50 50 50 50
50 50 50 50 50 50 50 50 50 50 50 50 50 7 50 50 50 50 50 50 50 50 50 50 50 50 50 50 50 50 50 50 50 50 50 50 50 50 50 50 50 27 50 50 50 50 50 50 50 50 50 50 50 50 50 50 50 50 50 50 50 50 50 50 50 50
50 50 50 50 50 50 50 50 50 50 50 50 50 50 50 50 50 50 50 50 50 50 50 50 50 50 50 50 50 50 50 50 50 50 50 50 50 50 50 50 50 50 40 50 50 50 50 50 50 50 50 50 50 50 50 50 50 50 50 50 50 50 50 50 50
50 50 50 50 50 50 33 50 50 50 50 50 50 50 50 50 50 45 50 50 50 25 50 50 50 50 50 50 50 50 50 50 50 50 50 50 50 50 50 50 50 50 50 50 50 50 50 50 50 50 50 50 50 50 50 50 50 50 50 50 50 50 50 50
50 39 50 50 50 50 50 50 50 50 50 50 50 50 50 50 50 50 50 50 50 50 50 50 50 50 50 50 50 50 50 50 50 50 50 50 50 50 50 50 2 50 50 50 50 50 50 50 50 50 50 50 50 50 50 50 50 50 50 50 50 50 50
50 50 50 50 50 50 50 50 50 50 41 50 50 50 50 36 50 50 50 50 50 50 50 50 50 50 50 50 50 50 50 50 50 50 50 50 50 50 50 50 50 50 50 50 50 50 50 50 50 50 50 50 50 50 50 50 50 50 50 50 50 50
50 50 50 50 50 50 50 50 50 50 50 50 50 50 50 50 50 50 50 50 50 50 50 50 26 50 50 50 50 50 50 50 50 50 50 50 50 50 50 50 50 50 50 50 50 50 50 50 50 50 50 50 50 50 17 50 50 50 50 50 50
50 50 50 50 50 50 50 50 50 50 50 50 50 50 50 50 50 50 50 50 50 50 50 50 50 50 50 50 50 50 50 50 50 50 50 50 50 50 50 50 50 50 50 50 50 50 50 50 50 50 50 50 50 50 50 50 50 50 50 50
50 50 50 50 50 50 50 50 50 50 50 50 50 50 50 50 50 50 50 50 50 50 50 16 50 50 50 50 50 50 50 50 50 50 50 50 50 50 50 50 50 50 50 50 50 50 50 50 50 50 50 50 50 50 50 50 50 50 50
50 50 50 50 50 50 50 50 50 50 50 50 50 50 50 50 50 50 50 50 50 50 50 50 50 50 50 50 50 50 50 50 50 50 50 50 50 50 50 50 50 50 50 50 50 50 50 50 50 50 50 50 50 5 50 50 50 50
50 50 50 50 50 50 50 50 50 50 50 50 50 50 50 50 50 50 50 50 50 50 50 50 50 50 50 50 50 50 50 50 50 50 50 50 50 50 50 50 50 50 50 50 50 50 50 50 50 50 50 50 50 50 50 50 50
50 50 50 50 50 50 50 50 50 50 50 50 50 50 50 50 50 50 50 50 50 50 50 50 31 50 50 50 50 50 50 50 50 50 50 50 50 50 50 50 50 50 50 50 50 50 50 50 50 50 50 50 50 12 50 50
50 50 50 50 50 50 50 50 50 50 50 28 50 50 50 4 50 50 50 50 50 50 50 50 50 50 50 50 50 50 50 50 50 50 50 50 50 50 50 50 50 50 50 50 50 50 50 50 50 50 50 50 50 50 50
50 50 50 50 50 50 50 50 50 50 50 50 50 50 50 50 50 50 50 50 50 50 50 50 50 50 50 2 50 50 50 50 50 50 50 50 50 50 50 50 50 50 50 50 50 50 50 50 50 50 50 50 50 50
50 50 50 50 50 50 50 50 50 50 50 50 50 50 50 50 50 50 50 50 50 50 50 2 50 50 50 50 50 50 50 50 50 50 50 50 50 50 50 50 50 50 50 50 50 50 50 50 50 50 50 50 50
50 50 50 50 50 50 50 50 50 50 50 50 50 50 50 50 50 50 50 50 50 50 50 50 50 50 50 50 50 50 50 50 50 50 50 50 50 50 50 50 50 50 50 15 50 50 50 50 50 50 50 50
50 50 50 50 50 50 50 50 50 50 50 50 50 50 50 50 50 50 50 50 50 50 50 50 50 50 50 50 50 50 50 50 50 50 50 50 50 50 50 50 50 50 50 50 50 50 50 50 50 50 50
50 50 50 50 50 50 50 50 50 50 50 50 50 50 50 50 50 50 50 50 50 50 50 50 50 50 50 50 50 50 50 50 50 50 50 50 50 50 50 50 50 50 50 50 50 50 50 50 50 50
50 50 50 50 50 50 50 50 50 50 50 50 50 50 50 50 50 50 50 50 50 50 50 50 50 50 50 50 50 50 50 50 50 25 50 50 50 50 50 50 50 50 50 50 50 50 50 50 50
50 50 50 50 50 50 50 50 50 50 50 50 50 50 50 50 50 50 50 50 50 50 50 50 50 50 49 50 50 50 50 50 9 50 50 50 50 50 50 50 50 50 50 50 50 50 50 50
50 50 50 50 50 50 50 50 50 50 50 50 50 50 50 50 50 50 50 50 50 50 50 50 50 50 50 50 50 50 50 50 50 50 50 50 50 50 50 50 50 50 50 50 50 50 50
50 50 50 50 50 50 50 50 50 50 50 50 50 50 50 12 50 50 50 50 50 50 50 50 10 50 50 50 50 50 50 50 50 50 50 50 50 50 50 50 50 50 50 50 50 50
50 50 50 50 50 50 50 50 50 50 50 50 48 50 50 50 50 50 50 50 50 50 50 50 50 50 50 50 50 50 50 50 50 50 50 50 50 50 50 50 16 50 50 50 50
50 50 50 50 50 50 50 50 50 50 50 50 50 50 50 50 50 50 50 50 50 50 50 50 50 50 50 5 50 50 50 50 50 50 50 50 2 50 50 50 50 50 50 50
50 50 50 50 50 50 10 50 50 50 50 50 50 50 50 50 50 50 50 50 50 50 50 50 50 50 50 50 50 50 50 50 50 50 50 50 50 50 50 50 50 50 50
50 50 50 50 50 50 50 50 50 50 50 50 50 50 50 50 50 50 50 50 50 50 50 50 50 50 50 50 50 50 50 50 50 50 50 50 50 50 50 50 50 50
50 50 50 50 50 50 31 50 50 50 50 50 50 50 50 50 50 50 50 50 50 50 50 16 50 50 50 50 50 50 50 50 50 50 50 50 50 50 50 50 50
50 29 50 50 50 50 50 50 50 50 50 50 50 50 50 50 50 50 50 50 50 50 50 50 50 48 50 50 50 50 50 50 50 50 50 50 50 50 50 50
50 50 50 50 50 50 50 50 50 50 50 50 50 50 50 50 50 50 50 50 50 50 50 50 50 50 50 50 50 50 50 50 50 50 50 50 50 50 50
50 50 50 50 50 50 50 50 50 50 50 50 25 50 50 50 50 50 50 50 50 50 50 50 50 50 50 50 50 50 50 50 50 50 50 50 50 50
50 50 50 50 50 50 50 40 16 50 50 50 50 50 50 50 50 50 50 50 50 50 50 50 50 50 50 50 50 50 50 50 50 50 50 50 50
50 50 50 50 50 50 50 50 50 50 50 50 50 50 50 50 50 50 50 50 50 50 50 50 50 50 50 50 50 50 50 50 50 50 50 50
50 50 50 50 50 50 50 50 50 50 50 50 50 50 50 50 50 50 50 50 50 50 50 50 50 50 50 50 50 50 50 50 50 50 50
50 50 50 50 50 50 50 50 50 50 50 50 50 50 50 50 50 50 50 50 50 50 50 50 50 50 50 50 50 50 50 50 50 50
50 50 50 50 50 50 50 50 50 50 50 50 50 50 50 50 50 50 50 50 50 50 50 50 50 50 50 5 50 50 10 50 50
50 50 50 50 50 50 50 5 50 50 50 50 50 50 50 50 50 50 50 50 50 50 50 50 50 50 50 50 50 50 50 50
50 50 50 50 50 50 50 50 50 50 50 50 50 50 50 50 50 50 50 50 50 50 50 50 50 50 50 50 50 50 50
50 50 50 50 50 50 50 50 50 50 50 50 50 50 50 50 50 50 50 50 50 50 50 50 50 50 50 50 50 50
50 50 50 50 50 39 50 50 50 50 50 50 36 50 50 50 50 50 50 50 50 50 50 50 50 50 50 50 50
50 50 50 50 50 50 50 50 50 50 50 50 50 50 50 50 50 50 50 50 50 50 50 7 50 50 50 50
50 50 50 50 50 50 50 50 50 50 50 50 50 50 50 50 50 50 50 50 50 50 50 50 50 50 50
50 50 50 50 50 50 50 50 50 50 50 50 50 50 50 50 50 50 50 50 50 50 50 50 50 50
50 50 50 50 50 50 50 50 50 50 50 50 50 50 50 50 50 50 50 50 50 50 50 50 50
50 50 50 50 50 50 50 50 50 50 50 50 50 50 50 50 50 50 50 50 50 50 50 50
50 50 50 50 50 50 50 50 50 50 50 50 50 50 50 50 50 50 50 50 50 50 50
50 50 50 50 50 50 50 50 50 50 50 50 50 50 50 50 50 50 50 50 50 50
50 50 50 50 50 50 50 50 50 50 50 50 50 50 50 50 50 50 50 50 50
50 50 50 50 50 50 50 50 50 50 50 50 50 50 50 50 50 50 50 50
50 50 50 50 50 50 50 50 50 50 50 50 50 50 50 50 50 50 50
50 50 50 50 50 50 50 50 50 50 37 50 50 50 50 50 50 50
50 50 50 50 50 50 50 50 50 50 50 50 50 50 50 50 50
50 50 50 50 50 50 50 50 50 50 50 50 50 50 50 50
50 50 50 50 50 50 50 50 50 50 50 50 50 50 50
50 50 50 50 50 50 50 50 50 50 50 50 50 50
50 50 50 50 50 50 50 50 50 50 50 50 50
50 50 50 50 50 50 50 50 50 50 50 50
50 50 23 50 50 50 50 50 50 50 50
50 50 50 50 50 50 50 50 50 50
50 50 50 50 50 50 50 50 50
50 50 50 50 50 50 50 50
50 50 50 50 50 50 50
50 50 50 50 50 50
50 50 50 50 50
50 50 50 50
50 50 50
50 50
50
