30 30
30 30 2 28 30 30 30 2 3 15 29 30 24 30 30 30 22 10 30 30 30 30 10 0 2 30 12 29 30 
10 30 11 30 14 6 22 30 2 30 30 14 30 30 12 18 4 18 27 25 30 8 11 30 30 27 22 30 
12 30 5 20 4 30 18 19 30 0 22 2 4 30 27 25 3 9 18 30 8 18 30 29 9 30 30 
30 4 20 30 30 11 30 30 28 21 25 30 30 23 9 20 30 30 30 8 16 22 24 30 10 30 
21 15 30 30 30 30 30 19 30 30 30 30 30 27 30 30 30 30 30 30 30 30 30 30 30 
30 30 30 30 30 30 30 30 30 30 30 30 18 30 18 30 30 30 30 30 30 30 30 30 
30 30 30 30 30 30 30 30 30 30 30 30 30 30 30 30 30 30 30 30 30 30 30 
30 30 30 30 30 30 30 13 30 30 30 30 30 30 30 30 30 30 16 30 30 30 
30 30 30 30 30 30 30 30 30 30 30 30 30 30 30 30 30 30 30 11 30 
30 30 30 30 30 30 30 30 30 30 30 30 30 30 30 30 30 30 30 30 
30 30 30 6 30 30 30 30 30 30 30 30 30 30 30 30 30 27 30 
30 30 30 30 30 30 30 30 30 30 30 30 30 30 18 30 30 30 
30 30 30 30 30 30 30 30 30 30 30 7 30 30 30 30 30 
30 30 30 30 30 30 7 30 30 30 30 30 30 30 30 30 
30 20 30 30 30 30 17 30 30 30 30 30 30 30 30 
30 30 30 30 30 30 30 30 30 30 30 30 30 24 
30 30 30 30 30 30 30 30 30 30 30 30 30 
30 30 30 30 30 30 30 30 30 30 30 30 
30 30 8 30 30 30 30 30 30 30 30 
30 30 7 30 30 30 30 3 30 30 
30 30 30 30 30 30 30 30 30 
30 30 30 30 30 30 30 30 
30 30 30 30 30 3 30 
13 9 30 30 30 30 
30 30 30 30 30 
30 30 30 30 
30 30 30 
30 30 
30 

