30 30
23 8 25 19 30 30 14 19 6 30 30 30 17 9 16 4 30 13 12 1 30 9 7 30 30 21 30 30 8 
20 5 26 14 30 16 30 17 4 30 30 30 30 30 30 18 30 16 30 30 30 30 16 30 30 22 30 30 
30 8 22 30 29 30 17 23 26 30 18 29 20 30 30 4 29 30 27 30 30 4 30 30 30 30 30 
13 30 30 30 27 30 30 0 28 30 30 30 30 30 1 23 30 30 7 10 13 30 29 12 20 30 
30 10 26 30 30 30 21 18 18 10 21 14 22 30 30 0 30 3 20 30 20 30 30 30 30 
30 30 30 30 30 30 30 24 30 30 30 30 30 2 30 30 30 30 30 30 30 30 30 30 
30 30 30 30 30 30 30 30 30 30 30 30 30 30 30 0 30 30 30 30 30 30 30 
30 30 30 30 30 30 30 9 30 30 30 30 30 30 3 30 30 30 30 30 30 30 
30 30 12 30 30 30 30 30 30 30 30 30 30 30 30 30 30 30 30 30 30 
30 30 30 30 30 30 30 30 30 30 30 30 17 30 30 30 30 30 30 30 
30 30 30 30 30 30 30 30 30 30 10 30 30 30 30 30 30 30 30 
30 30 30 30 30 30 30 30 30 30 30 30 30 30 30 30 30 15 
30 30 30 30 30 30 30 30 14 30 30 19 20 30 30 30 30 
30 30 30 30 30 30 30 30 30 30 30 30 30 30 30 30 
30 30 30 30 2 30 30 30 30 30 30 27 30 30 30 
30 30 30 30 30 30 30 30 30 30 22 30 30 30 
30 30 30 30 30 30 30 30 30 30 30 30 30 
30 30 30 30 30 30 3 30 30 30 30 30 
30 30 30 30 1 30 30 30 30 30 30 
30 30 30 30 30 30 30 23 30 30 
30 30 30 30 30 30 30 2 30 
30 30 30 30 30 30 30 30 
30 30 30 30 30 30 30 
30 30 30 30 30 30 
30 30 30 30 30 
30 30 30 30 
30 30 30 
30 30 
28 

