30 30
27 30 3 2 27 18 30 14 27 28 27 1 30 30 16 16 19 13 21 6 30 5 14 11 26 5 28 5 9 
30 19 30 30 30 6 0 8 13 30 13 22 6 30 5 22 9 19 23 5 30 30 30 30 19 30 22 22 
5 6 27 7 30 20 13 22 27 7 9 21 13 29 30 0 30 5 0 2 10 21 24 30 9 14 30 
30 1 9 30 30 30 30 14 30 30 30 30 30 30 30 30 30 30 30 30 30 30 30 30 30 30 
30 30 30 30 30 30 0 30 30 30 23 30 30 30 30 30 30 15 30 30 30 30 30 30 30 
30 30 30 30 30 30 30 30 30 30 30 17 30 30 30 12 30 30 30 3 30 30 30 30 
30 30 30 30 30 30 30 1 30 30 30 30 30 30 30 30 30 30 30 30 30 30 30 
30 30 30 30 30 30 30 30 30 30 30 30 30 30 30 25 30 30 30 30 30 30 
30 30 30 30 30 9 30 30 30 30 30 30 30 30 30 30 30 30 30 30 30 
30 30 30 30 30 30 22 30 30 30 26 30 30 30 30 30 30 30 30 30 
30 30 30 30 30 30 30 30 30 30 30 30 30 27 30 30 30 30 30 
30 30 30 30 30 30 30 30 30 30 30 30 30 30 30 30 30 30 
30 30 30 30 30 30 30 30 30 30 30 30 30 30 30 30 30 
30 30 30 30 30 30 30 30 30 30 30 15 30 30 30 30 
30 30 30 30 30 30 30 30 30 30 30 30 30 30 30 
30 30 15 30 30 30 30 30 30 30 30 30 30 30 
30 30 30 30 30 30 30 30 30 30 30 30 30 
30 30 30 30 30 30 15 30 30 30 30 30 
30 30 30 30 30 30 30 30 30 30 30 
30 30 30 16 30 30 30 30 25 30 
30 30 30 30 30 30 30 30 4 
3 30 30 30 30 25 30 30 
30 30 30 30 30 30 30 
30 30 30 30 30 30 
30 30 30 30 30 
30 30 30 30 
2 30 30 
30 30 
30 

