50 50
20 37 28 49 47 43 21 20 3 8 10 45 47 0 10 42 26 23 14 29 8 27 50 26 1 18 6 41 50 30 39 42 50 42 50 48 39 50 27 13 31 10 21 42 10 7 37 9 24 50
30 50 21 49 18 49 26 42 41 6 24 30 24 6 50 19 50 33 15 14 25 34 17 48 38 12 37 9 50 23 19 50 39 0 2 26 1 13 50 8 50 29 37 50 38 8 37 12 50
33 32 0 44 16 43 15 50 3 35 29 24 0 31 31 24 27 27 11 21 10 13 29 3 30 30 33 13 23 8 4 39 37 13 28 21 13 31 5 32 50 45 43 16 41 50 50 50
0 45 50 50 38 38 7 48 49 15 50 26 13 6 34 26 43 0 3 13 50 17 33 50 33 0 30 28 0 45 45 5 15 50 44 32 35 5 50 39 50 38 33 5 40 2 50
27 29 9 38 25 21 48 50 0 41 44 30 15 12 50 11 18 41 11 22 30 7 47 16 22 22 3 38 32 50 8 6 21 50 40 10 0 28 50 28 46 49 33 50 50 50
31 37 25 27 9 7 11 14 3 6 17 15 18 10 5 50 50 30 46 13 50 31 50 36 38 48 4 49 39 11 39 36 21 35 35 42 6 15 11 16 20 8 36 16 50
43 6 19 43 50 33 2 0 39 34 0 10 41 50 50 5 21 39 18 35 9 46 17 12 29 6 11 28 27 45 23 0 3 33 36 40 44 42 17 22 41 24 42 50
1 27 27 40 40 11 50 19 14 2 32 44 39 50 19 0 3 50 4 19 1 50 0 20 50 39 50 47 50 44 50 32 7 49 26 40 19 34 23 41 40 0 50
18 22 47 50 37 21 50 28 50 5 45 19 5 12 5 50 6 13 42 50 33 50 5 50 50 38 50 6 41 16 11 13 36 26 9 34 12 27 12 12 5 50
50 18 50 8 4 13 50 43 50 50 50 41 20 5 43 43 23 33 28 49 49 10 20 2 50 50 31 44 23 1 29 1 5 50 30 6 33 4 36 29 50
7 50 28 5 50 38 19 45 42 6 35 50 48 26 50 50 9 16 36 44 31 21 50 4 11 24 13 25 50 50 50 12 50 50 49 31 50 41 49 50
50 3 23 35 13 39 19 15 30 35 50 35 48 50 13 50 18 11 50 8 5 50 32 26 50 35 7 18 35 12 21 35 44 26 0 50 46 14 50
50 50 48 13 15 22 33 35 21 16 34 50 33 1 50 26 19 50 50 2 5 50 50 8 31 9 44 40 40 40 50 5 12 34 50 35 50 50
50 2 5 41 31 50 29 29 11 41 50 48 39 4 50 16 50 24 1 19 7 50 41 21 37 50 12 50 3 50 16 28 27 40 43 43 50
3 50 43 28 31 50 7 50 44 50 8 33 37 36 28 50 0 50 5 22 33 43 49 50 25 42 27 2 50 38 49 50 32 23 35 50
50 39 10 1 10 1 16 2 15 49 26 14 42 50 50 36 17 35 36 18 32 15 24 49 22 44 11 32 29 50 11 26 28 33 50
50 49 13 23 25 50 4 50 27 22 46 24 35 35 36 35 48 13 39 25 50 0 1 18 17 50 48 13 50 50 50 32 41 50
50 16 6 24 19 12 25 21 16 34 50 43 8 6 50 8 40 50 25 36 49 0 50 3 23 28 47 31 9 47 47 9 50
2 46 2 5 19 40 8 35 43 27 50 50 42 35 50 36 45 6 45 24 1 49 50 42 6 24 48 50 38 36 3 50
1 50 46 50 4 19 50 37 15 47 37 18 22 28 50 22 9 10 15 6 50 38 29 8 42 50 26 38 3 31 50
24 46 50 29 50 0 39 3 50 1 22 23 48 21 12 7 50 13 25 50 18 27 24 35 5 38 3 7 50 50
31 25 22 50 50 36 4 31 39 50 22 27 38 1 47 5 24 24 7 43 19 50 5 37 16 39 6 13 50
19 40 48 50 35 31 10 14 49 27 50 45 44 39 49 27 31 50 50 26 23 34 3 20 39 50 36 50
40 5 44 39 12 25 26 50 21 38 12 11 43 27 50 7 20 15 17 20 38 23 1 14 9 7 50
21 8 50 22 4 20 0 13 41 15 24 48 50 47 50 50 47 0 50 13 44 38 50 50 50 50
50 50 50 50 50 27 28 26 41 50 35 50 50 34 0 34 29 49 7 50 49 27 35 50 50
50 50 23 50 4 50 0 50 23 29 12 28 10 44 17 36 50 12 16 47 41 36 39 50
6 15 4 30 38 7 4 50 50 50 12 38 48 50 46 48 20 34 3 2 50 49 50
6 50 29 32 35 0 29 48 50 32 36 17 50 5 49 6 3 41 38 50 35 50
50 50 12 3 44 41 42 41 49 50 50 9 50 13 50 50 4 50 13 12 50
11 50 11 50 50 38 36 17 5 2 50 19 50 30 50 14 50 50 50 50
9 50 7 31 50 50 14 50 22 50 35 50 37 24 42 50 27 15 50
50 21 23 2 44 20 1 28 50 16 32 32 50 49 36 14 50 50
2 50 43 33 18 18 34 16 13 49 50 36 38 12 50 1 50
31 5 37 14 8 4 3 50 7 18 17 21 44 50 26 50
32 50 22 18 34 30 28 50 21 40 5 0 50 7 50
22 2 50 7 16 50 50 25 36 1 40 36 24 50
11 31 8 50 43 27 50 38 31 18 50 50 50
50 15 39 36 22 50 50 4 25 8 7 50
3 19 50 46 50 50 32 18 50 37 50
36 15 42 50 5 18 7 9 34 50
46 48 1 0 3 50 38 14 50
9 9 50 50 13 22 50 50
10 8 33 15 47 15 50
6 50 28 13 45 50
9 45 40 25 50
7 36 48 50
50 50 50
15 50
50
