50 50
42 33 35 9 38 6 50 12 6 50 39 41 1 41 43 15 49 17 11 23 25 47 21 7 50 48 50 33 25 4 33 28 50 43 13 19 38 21 46 3 6 18 50 28 4 27 44 12 50 50
2 2 0 19 50 35 11 37 50 20 50 21 50 42 38 16 50 47 5 37 34 34 50 50 50 49 3 42 2 2 0 23 46 50 20 45 23 50 9 29 28 21 50 7 50 34 41 20 50
38 22 43 50 7 50 50 49 50 14 1 24 50 30 14 15 36 50 2 18 27 50 50 50 24 41 11 36 20 38 16 9 31 29 34 5 6 33 25 16 24 50 33 1 17 24 34 50
12 15 36 47 50 43 2 37 20 50 17 13 39 18 49 46 3 42 27 44 49 32 18 25 1 32 26 27 8 34 50 49 17 16 24 42 2 13 15 49 46 10 44 33 12 43 50
6 0 41 11 12 7 50 5 27 3 7 35 35 50 50 50 25 50 38 15 29 24 11 1 18 10 6 11 16 10 30 50 27 2 26 28 37 29 35 29 25 20 29 6 9 50
19 48 0 29 50 23 14 44 34 30 2 36 0 38 50 29 50 50 34 38 2 10 5 48 29 46 22 2 42 33 28 9 50 18 25 13 50 5 20 47 0 50 50 43 50
22 50 50 8 12 5 36 28 27 24 32 26 27 44 7 22 31 3 37 6 8 40 14 50 50 49 37 50 2 50 9 38 17 25 46 21 50 3 33 35 50 31 41 50
50 26 17 50 50 47 35 21 40 31 44 37 25 14 35 44 42 7 40 9 19 8 24 22 1 50 48 12 21 7 31 39 37 50 1 45 6 12 8 40 2 37 50
10 18 48 46 12 25 4 23 43 49 5 39 26 32 31 40 36 50 19 50 3 35 49 21 49 50 50 36 29 39 11 35 15 43 20 50 29 38 42 50 12 50
50 16 16 30 11 15 42 48 23 50 31 43 5 8 42 30 16 50 20 37 35 33 5 20 50 0 43 0 15 50 18 14 45 36 33 31 16 28 40 32 50
25 31 50 33 35 20 17 21 38 40 46 33 7 12 26 21 28 10 20 24 50 2 47 50 16 30 23 44 50 50 18 14 26 23 23 39 50 1 43 50
40 31 40 27 5 50 35 10 50 48 43 27 20 1 2 50 46 29 37 49 6 39 45 42 43 0 19 30 31 18 1 21 36 32 24 28 7 9 50
50 48 30 19 7 1 50 22 28 13 29 24 7 9 48 45 20 28 50 50 33 46 6 12 11 27 3 50 48 29 6 34 34 39 6 34 50 50
1 50 44 30 36 50 28 36 14 2 16 49 19 34 41 50 50 13 7 32 13 39 47 35 23 40 22 44 12 43 18 20 15 41 49 50 50
20 18 50 25 46 35 10 19 32 35 15 22 50 28 50 10 50 48 46 7 46 22 35 27 4 50 13 50 41 3 34 50 24 42 4 50
31 5 0 10 7 31 46 50 36 50 50 50 50 13 47 3 16 9 17 24 13 50 2 37 28 26 50 50 19 49 46 7 21 11 50
44 27 32 18 8 33 47 27 50 41 14 47 11 50 40 49 50 46 50 25 0 46 50 1 31 44 36 11 50 38 39 16 45 50
39 50 33 17 44 29 42 37 33 13 50 26 1 21 7 7 6 6 26 14 33 29 36 36 50 38 50 50 3 17 38 22 50
15 40 31 43 3 10 50 50 41 45 16 50 33 2 32 34 37 14 47 44 15 50 34 45 39 50 50 6 43 24 50 50
50 15 17 50 42 44 9 50 11 10 50 0 35 36 40 48 50 23 18 50 33 25 18 4 9 19 21 50 26 45 50
33 33 8 24 34 28 32 28 30 46 4 8 46 50 50 50 44 34 18 13 29 6 29 50 38 50 50 50 16 50
6 50 18 32 32 15 6 27 33 4 50 50 29 32 18 17 50 50 44 17 20 27 1 26 44 16 50 50 50
50 0 50 47 33 50 0 50 13 45 13 18 50 4 31 47 0 50 50 23 33 50 44 6 50 1 27 50
27 50 15 29 27 12 3 50 2 42 34 50 30 47 47 12 30 22 37 8 50 42 46 23 50 30 50
23 11 50 50 48 48 6 4 40 50 50 34 17 28 50 50 37 36 39 2 50 43 44 1 50 50
50 20 0 50 39 11 44 42 15 2 44 45 23 50 50 50 20 43 9 0 47 44 26 35 50
31 50 23 50 35 50 5 50 46 49 50 5 7 14 44 50 23 36 39 45 30 39 24 50
1 36 50 50 34 50 10 50 50 18 34 50 50 26 50 50 16 34 50 25 1 15 50
47 1 7 23 44 17 50 0 4 10 50 50 33 18 29 50 5 27 18 50 39 50
50 34 32 50 33 50 21 28 40 44 16 50 36 39 47 7 29 41 50 50 50
46 10 44 50 16 38 1 17 11 17 15 37 34 35 9 35 16 50 50 50
27 27 43 17 44 42 17 19 15 25 50 23 50 18 21 4 15 25 50
37 17 50 50 50 50 25 50 23 25 12 41 38 50 20 44 50 50
31 50 21 50 30 50 50 22 50 30 12 16 0 46 35 39 50
12 18 33 50 50 0 27 5 49 50 16 18 32 34 9 50
48 40 2 23 42 37 8 16 20 13 50 21 25 50 50
25 36 36 43 6 50 50 50 41 50 50 18 4 50
33 50 8 50 34 16 20 8 4 49 40 39 50
30 50 38 35 27 5 5 27 16 50 50 50
50 50 50 50 50 50 36 25 50 2 50
50 22 7 20 41 0 0 24 50 50
23 14 50 50 29 48 12 40 50
28 50 7 50 50 47 36 50
1 25 1 49 44 35 50
50 4 23 50 50 50
28 12 27 33 50
6 50 50 50
50 14 50
50 50
50
