50 50
7 32 20 37 40 15 12 36 20 43 15 50 50 49 7 22 29 21 8 27 9 42 25 39 20 20 44 46 10 12 6 34 29 50 50 41 50 32 27 6 36 50 50 29 15 50 27 50 50 50
47 24 50 35 50 48 50 3 50 21 4 37 0 31 50 22 9 26 10 34 11 8 33 50 9 50 48 50 22 50 50 4 32 50 17 50 25 50 14 32 30 39 38 50 50 8 7 2 50
6 22 18 50 18 35 50 47 8 2 46 50 44 22 19 50 41 46 46 19 7 36 3 8 13 42 50 0 23 28 50 4 35 50 19 22 2 43 18 18 26 37 24 16 32 50 34 50
5 39 50 22 0 26 50 50 21 14 21 21 10 15 50 50 33 47 43 38 21 19 3 44 49 50 6 28 15 45 21 9 23 11 8 50 16 50 1 2 28 27 6 43 50 21 50
24 15 45 50 6 50 10 50 22 14 2 41 30 41 45 13 46 50 39 48 2 23 50 4 50 15 33 48 8 18 50 41 49 50 29 50 32 50 3 1 8 1 12 50 50 50
19 32 6 24 1 50 25 36 40 36 17 50 29 11 5 50 43 40 33 0 20 23 41 25 46 46 35 50 2 17 46 14 50 50 20 15 27 50 12 19 31 0 47 2 50
40 18 4 43 39 20 35 8 47 50 4 46 5 45 26 0 37 48 44 7 36 10 18 13 34 39 20 41 30 24 50 39 50 20 6 37 48 49 16 5 49 31 30 50
12 29 50 40 40 20 50 35 5 26 5 34 2 3 47 9 37 22 50 50 45 9 27 38 50 2 19 50 12 31 14 37 11 35 1 1 50 38 26 30 36 16 50
5 21 1 50 37 1 50 34 37 28 27 6 38 27 28 27 40 6 25 29 50 34 32 50 10 50 50 46 34 5 29 37 20 50 50 13 32 29 50 38 50 50
15 11 42 47 50 20 12 42 46 50 17 47 29 7 19 0 50 9 46 50 50 5 46 50 37 11 30 24 27 32 23 50 29 20 8 7 25 29 46 42 50
16 2 26 50 20 27 10 18 47 15 31 50 3 50 9 50 9 27 22 44 48 22 50 50 39 35 50 36 50 35 32 50 18 48 49 19 42 50 28 50
39 50 39 48 0 36 45 0 25 35 43 8 7 10 19 5 5 6 39 50 50 19 19 50 20 37 50 7 39 35 2 30 46 50 16 27 9 2 50
45 36 5 24 50 48 40 25 44 6 48 29 40 10 27 9 17 46 6 35 50 8 48 40 44 29 19 48 19 17 35 17 7 3 28 50 38 50
35 50 6 50 2 27 25 21 12 18 48 3 36 32 24 43 2 27 43 5 15 8 22 0 10 2 50 45 22 20 17 50 20 42 50 12 50
50 25 20 23 46 15 0 31 28 13 32 46 33 31 32 19 44 5 29 44 10 50 23 26 50 49 7 27 44 39 26 50 22 45 45 50
3 41 49 20 22 50 34 7 6 50 50 11 46 18 31 14 50 7 34 38 32 38 33 34 21 42 46 6 50 36 9 8 20 50 50
50 8 48 50 23 50 8 8 50 44 50 46 16 50 8 33 42 8 49 9 50 6 31 49 2 50 42 50 48 47 7 14 10 50
24 6 29 8 45 15 50 31 6 20 50 16 7 40 24 38 50 50 2 13 50 29 31 3 33 21 27 42 40 32 1 50 50
19 43 3 13 42 47 23 21 35 1 44 29 39 41 15 50 10 19 48 11 5 27 7 50 50 47 50 11 3 8 43 50
45 44 37 50 22 8 12 17 7 49 41 50 0 49 37 44 0 20 36 39 0 36 45 10 47 42 15 29 50 1 50
39 5 35 50 2 18 43 50 0 31 33 20 50 17 19 50 35 11 43 43 31 50 5 14 49 12 17 12 50 50
35 9 50 30 10 50 40 50 38 26 2 9 41 30 7 38 22 50 17 43 20 21 50 45 19 50 0 50 50
16 14 14 10 32 9 36 8 33 26 20 50 50 46 50 25 43 33 2 50 17 14 47 45 37 13 42 50
47 29 50 26 18 22 50 14 50 50 22 38 21 0 5 18 21 26 22 28 50 37 30 13 20 18 50
37 41 50 12 50 5 34 47 12 0 33 7 38 48 12 25 16 33 13 4 47 18 50 50 48 50
25 32 19 30 48 2 50 24 50 25 50 47 40 15 17 46 34 46 18 29 34 29 30 28 50
50 23 9 40 50 30 50 50 16 27 18 7 41 30 50 48 48 7 26 27 21 34 34 50
28 10 33 17 50 21 34 22 7 11 26 0 9 38 7 0 1 14 18 50 50 14 50
40 11 11 50 15 0 25 30 11 16 50 50 34 17 2 0 39 0 41 16 34 50
36 50 50 29 50 42 50 50 34 7 50 50 31 16 50 50 23 26 40 45 50
50 50 30 50 32 13 29 5 20 50 50 50 42 50 28 9 23 21 50 50
43 50 34 10 23 50 17 35 35 32 50 41 50 50 39 50 17 35 50
50 50 50 26 45 15 28 50 5 50 25 48 50 50 42 41 31 50
3 29 28 41 50 26 43 46 25 50 24 50 32 50 44 20 50
48 38 31 50 4 17 49 25 50 8 50 46 27 37 11 50
15 5 47 2 9 16 50 40 6 48 16 28 50 48 50
50 3 50 10 45 50 29 50 12 33 9 50 38 50
36 32 4 17 23 50 50 19 50 19 0 50 50
50 10 50 17 50 47 50 50 18 29 15 50
1 3 41 15 32 50 39 39 50 9 50
16 30 22 50 3 46 9 47 0 50
50 20 50 20 11 45 11 38 50
30 41 50 50 26 7 11 50
5 50 50 50 6 1 50
50 45 10 42 50 50
50 13 48 45 50
10 19 30 50
12 5 50
50 50
50
