50 50
14 19 48 50 18 50 50 50 22 15 37 36 20 50 37 8 36 10 33 50 38 50 50 50 37 26 40 25 27 43 42 50 50 37 30 36 50 50 50 40 48 41 50 50 37 50 35 50 46 
50 10 50 29 6 50 6 50 50 47 50 50 23 14 50 21 44 1 50 50 50 19 12 50 35 50 50 14 19 34 50 22 23 17 50 50 7 50 4 22 20 18 27 25 44 50 50 50 
50 13 19 5 25 42 50 33 10 38 4 50 30 2 48 39 27 20 44 41 50 50 21 42 4 50 0 14 27 50 15 39 50 50 48 50 26 50 9 50 50 50 50 29 21 50 50 
4 18 34 29 14 7 16 32 41 10 50 17 7 50 48 10 50 50 30 50 50 50 40 30 24 38 50 50 50 27 34 1 24 27 26 20 50 38 50 50 50 20 15 21 50 50 
50 12 50 50 45 10 37 50 50 15 50 6 50 21 25 1 50 7 32 50 19 50 22 50 50 49 50 50 0 24 50 7 50 50 50 5 47 46 12 50 24 45 50 25 50 
50 13 45 50 50 30 50 50 11 50 50 50 20 11 50 32 50 50 50 50 33 50 50 37 50 19 50 36 50 50 50 35 34 50 50 2 50 11 38 25 35 20 50 50 
50 37 23 28 2 50 2 50 47 14 50 50 50 49 26 50 50 21 50 12 50 50 45 32 26 18 12 17 12 50 50 39 37 50 42 50 50 50 50 50 7 31 50 
50 39 16 31 26 4 50 50 5 50 50 9 47 1 0 28 50 11 15 33 50 50 44 50 24 37 23 27 50 2 50 50 50 21 36 50 16 50 16 50 50 50 
5 37 50 10 50 4 50 2 50 50 50 50 22 44 50 50 47 50 50 50 50 3 15 50 50 36 35 50 37 50 19 50 50 2 21 12 50 50 24 50 50 
50 50 50 50 8 50 50 50 50 38 50 32 34 4 30 34 50 5 13 39 50 12 24 4 4 4 50 50 50 31 50 2 4 16 1 50 47 50 46 37 
43 5 50 16 17 27 50 50 50 50 16 50 19 49 47 50 22 50 6 50 11 40 50 50 50 17 12 31 50 50 16 50 50 50 50 10 0 6 50 
50 49 50 50 50 50 50 50 34 50 50 50 24 20 50 50 50 50 50 50 37 50 50 2 39 1 50 50 50 35 50 32 40 17 38 22 50 11 
50 50 3 40 49 50 50 36 50 50 14 13 26 50 39 50 50 16 50 5 32 43 50 40 50 39 50 50 50 50 50 30 41 3 4 50 2 
50 1 50 20 40 42 29 15 21 23 50 50 50 50 3 50 50 1 50 13 50 11 13 50 50 17 50 42 7 8 19 50 50 13 31 46 
50 50 50 16 50 18 50 12 50 20 50 15 38 50 50 45 50 31 32 50 49 40 6 50 50 26 50 50 24 50 10 50 50 17 30 
50 50 0 50 50 14 50 50 50 50 26 6 50 50 50 50 50 11 50 50 26 50 50 50 11 50 32 29 13 36 50 6 32 37 
50 8 10 7 22 44 50 50 5 50 48 0 50 50 50 31 50 31 50 50 50 50 27 49 50 49 2 50 50 6 14 50 36 
50 50 1 50 11 23 15 50 10 50 6 50 44 41 44 39 26 12 20 50 34 50 50 19 2 5 50 50 50 50 50 15 
50 40 21 50 50 50 50 50 50 23 41 50 50 50 26 50 17 50 30 50 50 50 50 34 15 11 50 50 22 21 8 
4 50 45 46 50 28 32 41 6 50 50 34 50 50 50 50 16 50 50 26 50 49 29 50 24 50 1 50 50 42 
50 50 22 42 34 50 4 50 50 26 50 4 50 50 8 43 50 26 15 49 50 2 50 50 50 11 50 50 50 
50 50 50 50 50 50 37 14 50 50 30 5 14 32 15 34 50 50 50 44 45 38 31 24 50 50 12 50 
24 50 50 35 38 36 50 50 50 50 5 50 34 50 50 50 50 50 5 50 23 50 50 50 45 50 50 
50 6 50 50 50 34 50 39 25 50 50 50 50 50 50 5 50 50 28 50 50 50 50 40 50 50 
50 48 28 50 37 34 50 26 50 1 5 50 18 50 0 39 45 50 50 50 9 50 17 50 50 
50 50 50 50 47 50 50 50 14 31 50 22 45 50 3 50 50 50 15 50 34 31 48 50 
21 50 50 36 36 18 30 37 50 50 15 50 16 3 8 50 25 16 27 27 18 11 50 
50 50 3 18 42 50 50 50 48 50 50 49 50 50 31 50 50 50 50 50 50 49 
50 50 6 50 22 50 50 14 35 14 50 35 50 50 35 50 33 50 3 50 22 
38 50 50 50 50 50 18 50 50 1 24 50 50 29 50 50 50 50 39 40 
30 46 50 18 50 50 50 50 50 22 16 7 11 43 29 22 41 50 48 
50 35 11 33 19 7 50 50 50 50 50 50 50 24 50 36 37 50 
50 50 50 50 50 20 50 10 42 50 50 47 48 50 50 50 50 
48 50 33 46 50 50 4 18 50 50 50 49 50 12 50 50 
25 50 25 31 50 2 30 50 17 50 3 31 50 50 50 
50 50 50 34 50 44 5 50 50 50 31 50 25 39 
41 19 50 7 50 20 50 3 2 5 50 46 50 
48 50 50 50 14 50 6 26 42 50 45 50 
50 50 50 50 37 9 4 23 29 35 0 
50 50 37 50 50 14 48 50 39 50 
50 50 43 32 6 50 50 22 50 
50 50 31 50 43 50 50 50 
21 50 50 50 13 25 50 
18 50 50 38 50 50 
7 41 50 50 11 
10 50 50 50 
15 50 50 
50 16 
50 

