50 50
44 39 21 50 50 50 44 50 50 15 43 32 24 50 50 39 33 9 50 12 30 15 50 50 47 13 42 17 10 28 50 50 49 50 43 43 50 48 50 50 33 34 50 50 50 9 24 11 30 
50 9 45 50 16 36 50 21 50 27 38 26 1 21 39 50 50 48 28 50 10 33 20 50 40 41 50 9 50 10 50 50 4 9 24 28 36 50 50 50 24 14 3 26 8 5 5 50 
50 38 11 50 13 50 47 14 50 50 1 17 50 50 49 50 31 50 34 43 50 31 50 50 50 50 50 50 50 32 45 42 50 50 6 50 50 45 50 50 50 20 21 9 50 46 17 
45 50 50 50 50 49 50 28 23 11 50 50 23 50 7 27 40 50 50 31 1 6 50 43 13 34 42 50 18 22 42 43 50 33 50 45 23 50 21 50 38 20 22 9 27 33 
23 48 3 44 15 26 50 35 9 50 17 45 50 34 50 43 50 50 22 31 50 23 46 50 50 29 50 50 50 50 1 50 50 14 50 11 50 50 16 27 13 45 47 39 50 
50 28 38 49 50 50 30 18 12 36 1 32 38 50 12 19 27 50 22 50 9 50 50 31 13 8 12 50 11 50 18 23 50 46 12 50 6 1 50 22 41 50 40 40 
50 50 44 28 50 50 50 50 41 27 32 40 50 26 50 50 35 50 50 28 18 50 7 50 50 44 50 3 1 50 9 20 50 9 50 50 27 50 10 2 50 50 50 
5 39 21 46 50 50 50 15 39 26 3 50 44 37 50 43 50 50 50 50 17 47 50 48 50 50 50 50 13 50 19 50 50 24 49 19 17 28 41 42 38 50 
48 50 10 28 50 50 50 50 50 0 50 17 50 33 50 18 26 50 38 8 50 23 8 50 50 50 43 50 10 35 34 50 49 18 39 50 12 50 33 50 50 
50 48 50 9 26 30 27 50 50 50 5 13 45 41 0 50 50 43 50 27 50 48 41 50 50 50 35 0 30 37 50 50 50 16 11 50 50 50 50 30 
49 17 15 50 50 4 50 4 4 50 21 11 18 11 50 50 44 50 50 46 4 10 20 50 22 50 50 50 23 17 4 50 29 50 9 50 50 41 50 
50 50 50 50 50 50 48 19 5 50 6 36 50 50 28 18 50 50 50 50 50 50 50 46 50 2 26 19 50 50 50 50 50 50 42 50 21 50 
30 30 6 50 21 50 25 2 19 2 3 23 50 14 50 19 50 49 50 3 50 50 46 0 50 50 50 50 50 50 42 25 0 50 33 40 39 
15 47 43 40 43 50 37 50 50 50 50 50 23 47 1 15 0 48 50 0 25 32 29 12 50 50 50 6 10 50 50 31 27 3 15 50 
50 21 8 50 21 3 0 41 42 10 11 22 30 5 50 17 50 50 20 11 16 33 44 34 40 35 47 3 50 47 15 43 10 50 50 
50 38 50 22 7 20 50 13 41 48 12 42 19 50 50 50 41 9 50 7 50 43 28 10 29 39 4 2 50 0 50 50 23 2 
50 23 50 50 8 14 41 50 50 50 23 10 50 50 28 34 27 13 24 50 50 17 35 20 47 7 46 44 31 50 0 50 13 
14 50 50 50 50 7 50 18 17 14 45 50 50 50 50 50 40 50 50 45 42 50 50 23 50 20 50 50 50 7 29 2 
3 50 50 10 48 17 50 50 50 6 50 28 6 21 50 15 50 11 50 32 50 32 26 6 50 50 50 28 50 49 3 
2 50 3 50 10 20 1 50 16 27 50 3 20 50 25 50 32 50 27 50 50 5 50 50 16 20 50 9 29 50 
2 23 50 50 37 25 50 23 18 50 7 23 38 50 3 22 0 50 50 50 23 15 26 11 33 11 46 50 23 
2 50 1 43 1 50 1 16 50 50 50 28 50 50 14 44 50 20 40 37 49 50 49 50 50 40 2 10 
50 5 50 38 50 50 21 12 31 49 50 0 29 41 50 50 30 50 42 50 49 50 50 50 50 50 50 
43 20 50 49 4 50 50 21 44 12 50 50 50 50 50 33 50 50 28 12 25 50 50 50 46 50 
50 42 50 50 50 50 50 42 50 50 50 23 50 16 50 50 25 50 50 50 33 50 46 50 4 
50 50 50 50 50 31 50 28 50 50 50 50 21 50 50 43 50 50 50 30 50 12 50 50 
50 50 50 50 14 49 50 50 21 50 18 50 41 50 50 50 50 50 20 50 50 29 50 
50 35 17 50 38 50 50 44 50 50 3 10 2 5 50 50 42 50 50 50 50 50 
50 50 6 50 32 50 50 25 50 11 6 50 47 50 50 50 5 50 13 50 50 
50 50 31 50 50 50 26 50 50 50 50 50 45 42 50 50 50 50 9 50 
50 50 50 50 50 50 50 50 50 24 50 50 50 50 38 50 50 17 50 
10 50 50 50 50 44 17 50 50 22 21 39 50 50 29 50 22 50 
12 50 50 50 50 6 30 9 19 50 50 34 50 50 50 50 50 
50 50 50 26 20 50 50 50 7 50 25 36 50 32 15 1 
50 50 50 5 50 50 50 50 50 50 18 34 50 50 50 
33 10 50 50 50 50 50 50 20 50 42 25 50 7 
50 50 23 50 50 18 50 50 50 50 15 50 50 
50 50 50 50 50 15 50 50 50 50 50 7 
50 30 50 50 50 50 12 50 50 50 50 
50 47 50 32 50 50 50 50 34 50 
39 50 50 38 32 46 50 50 50 
50 32 50 50 50 50 50 50 
50 50 50 50 32 50 50 
50 50 50 36 38 50 
50 50 48 50 50 
50 50 50 50 
50 50 50 
50 50 
50 

