50 50
18 44 9 1 2 3 4 24 13 38 50 50 16 47 46 3 33 38 13 50 3 24 6 10 50 47 50 26 50 50 50 1 49 23 50 24 50 20 25 27 50 44 1 3 43 50 2 19 50 
29 38 7 27 45 19 2 47 42 50 39 50 43 48 44 50 32 2 21 21 41 6 12 41 38 38 49 46 50 50 37 2 31 16 50 2 8 28 50 28 35 18 11 50 35 25 30 16 
22 3 9 50 20 49 7 23 32 7 50 17 41 43 21 25 40 46 35 50 4 5 27 30 24 24 50 9 46 30 16 24 6 31 47 22 40 32 46 25 19 36 23 5 26 6 9 
38 35 50 44 36 44 11 15 10 23 25 19 50 16 36 11 8 1 50 50 38 50 40 42 43 21 39 48 50 22 31 36 39 32 15 17 50 35 41 26 2 1 0 32 35 3 
50 5 36 17 41 4 31 50 42 15 7 50 24 44 24 21 50 47 0 30 33 9 4 42 25 13 50 27 12 42 28 48 12 35 46 22 31 12 19 30 18 35 3 2 50 
32 32 43 18 24 29 44 33 34 29 35 50 1 38 22 15 23 16 8 35 23 41 32 2 39 0 5 10 19 5 50 12 35 30 46 19 50 47 2 3 19 17 4 43 
12 24 4 40 41 29 13 24 45 34 17 25 30 42 31 11 13 50 16 20 1 50 45 9 31 47 23 41 42 14 37 36 7 46 42 32 8 45 50 26 44 18 41 
50 22 27 19 19 50 21 44 15 6 50 50 50 12 49 50 50 6 20 0 7 21 3 0 12 44 10 11 23 19 50 42 48 18 44 50 8 20 18 14 50 23 
3 39 10 48 19 46 50 50 6 40 45 50 50 50 50 35 2 43 21 24 50 14 23 16 25 5 13 10 50 23 50 45 50 5 49 50 50 50 9 17 4 
48 34 4 1 40 34 28 45 43 11 2 27 32 44 46 50 50 26 24 29 19 9 45 19 50 50 38 50 17 9 26 33 50 28 18 48 43 41 48 8 
8 30 7 20 45 14 41 23 36 21 50 29 19 0 50 50 22 27 50 41 4 26 50 46 40 9 50 33 10 1 23 28 2 4 19 13 13 40 31 
31 33 50 23 23 50 50 20 3 43 12 44 41 20 1 0 24 29 39 17 7 50 16 50 46 17 27 12 5 48 46 20 50 46 21 9 8 48 
50 50 50 39 29 50 50 19 50 49 14 40 34 37 22 50 38 49 24 1 12 2 50 45 12 37 46 46 32 38 19 3 12 14 22 35 46 
5 32 18 35 21 50 22 5 22 17 10 48 50 41 50 50 2 50 34 49 27 9 42 12 7 28 6 50 18 46 4 3 42 26 50 50 
33 2 31 50 27 50 5 29 50 50 10 32 12 37 43 32 49 50 29 35 50 25 13 35 10 32 13 4 19 19 37 39 10 4 35 
31 20 21 38 13 50 12 29 32 15 30 50 30 45 22 30 50 47 4 27 7 31 21 46 9 1 30 36 2 3 49 45 9 29 
42 4 4 31 50 31 25 50 3 50 25 20 14 15 44 48 0 17 50 0 34 38 17 39 6 5 36 35 40 34 49 6 1 
28 36 4 41 44 38 16 50 50 50 50 50 50 50 50 50 50 50 50 50 50 50 50 50 50 2 50 50 50 50 50 50 
50 50 50 50 50 50 50 50 50 50 50 50 50 50 50 50 50 50 50 50 0 50 50 50 50 50 50 50 50 50 50 
50 50 50 50 50 50 50 50 50 50 50 50 50 50 50 50 50 50 50 50 50 50 50 50 50 9 50 50 50 50 
13 50 50 50 50 50 50 24 50 50 50 50 50 50 50 50 50 50 50 50 50 50 50 50 50 50 50 50 50 
50 50 50 50 50 50 50 50 50 50 50 50 50 50 50 50 50 50 50 50 50 50 50 50 6 50 50 50 
50 50 50 50 50 50 50 50 50 50 50 50 50 50 43 50 50 50 50 50 50 50 50 50 50 44 50 
50 50 50 50 50 50 50 50 9 50 50 50 50 50 50 50 50 50 50 50 50 50 50 50 50 50 
50 50 50 50 50 50 50 50 50 50 50 50 50 50 50 50 50 50 50 50 50 50 50 44 50 
50 50 50 50 50 50 50 50 50 50 32 50 50 50 50 50 50 50 50 50 50 50 50 9 
50 50 50 50 50 50 50 50 50 50 50 50 50 50 50 50 50 50 50 50 50 50 50 
50 50 38 50 50 50 50 50 50 50 50 50 50 50 50 50 50 50 50 50 50 50 
50 50 50 2 50 50 50 50 50 50 50 50 50 50 50 50 50 50 50 50 50 
50 50 50 50 50 32 50 50 50 50 50 50 50 50 50 50 50 50 50 50 
50 50 50 50 50 50 50 50 50 50 50 50 50 50 50 50 50 50 50 
46 50 50 50 50 50 50 50 50 50 50 50 50 50 50 50 50 50 
50 50 50 50 50 50 50 50 50 50 50 50 50 50 50 50 50 
50 50 50 50 50 50 50 50 50 19 50 50 50 50 50 50 
50 50 50 50 50 50 50 50 50 50 50 32 50 50 50 
50 50 50 0 50 50 50 50 50 50 50 50 50 50 
50 50 50 50 50 29 50 50 50 50 50 50 50 
50 50 50 50 50 50 50 50 50 50 50 50 
50 50 50 50 50 50 50 50 50 50 50 
50 50 50 50 50 50 50 50 50 50 
50 50 50 50 50 35 50 50 50 
50 50 50 18 50 50 50 50 
50 50 50 50 50 50 50 
50 50 50 50 50 50 
50 50 50 50 50 
50 50 50 50 
50 50 50 
50 50 
50 

