50 50
7 50 50 37 40 15 50 36 20 50 50 50 50 50 7 50 29 21 8 27 50 42 25 50 50 20 44 50 50 12 50 34 29 50 50 41 50 50 50 6 36 50 50 50 50 50 27 50 50 
50 24 50 50 50 50 50 50 50 50 50 50 0 31 50 50 9 26 50 34 11 8 33 50 9 50 48 50 50 50 50 4 32 50 50 50 50 50 50 32 30 39 50 50 50 8 7 2 
6 22 50 50 50 50 50 47 8 50 46 50 44 50 19 50 50 46 50 19 7 36 3 8 13 42 50 0 23 50 50 4 35 50 19 22 2 43 18 18 26 37 24 16 50 50 50 
5 50 50 22 50 26 50 50 21 14 21 21 50 50 50 50 33 47 43 50 50 19 50 44 49 50 50 28 15 45 50 50 23 11 8 50 16 50 1 50 28 27 6 43 50 21 
50 15 45 50 50 50 50 50 50 14 2 41 30 41 45 50 50 50 39 48 50 50 50 4 50 15 33 50 8 50 50 41 49 50 50 50 32 50 3 1 8 1 12 50 50 
50 50 50 24 1 50 50 36 40 36 50 50 29 11 50 50 50 40 33 0 50 23 41 50 46 46 35 50 50 17 50 50 50 50 20 15 27 50 12 19 50 50 47 2 
40 18 4 50 39 20 50 8 47 50 4 46 5 50 26 0 37 48 44 50 36 50 18 50 34 39 20 41 50 50 50 39 50 50 50 50 48 49 50 50 49 50 30 
12 50 50 40 40 20 50 50 50 50 5 34 2 3 47 50 37 22 50 50 45 9 27 50 50 2 19 50 12 31 50 50 50 35 1 1 50 50 26 50 50 16 
50 50 50 50 50 1 50 34 37 50 27 50 50 50 50 27 50 6 25 29 50 50 32 50 10 50 50 46 34 5 50 37 20 50 50 50 32 50 50 38 50 
15 50 50 50 50 20 50 50 50 50 17 47 29 50 19 0 50 9 46 50 50 50 50 50 37 11 30 24 50 50 23 50 50 20 8 50 25 50 46 42 
16 2 26 50 50 50 50 18 47 15 31 50 50 50 9 50 9 27 22 44 50 22 50 50 50 50 50 36 50 35 32 50 18 50 49 50 50 50 50 
39 50 50 48 0 36 45 50 25 50 43 8 7 10 19 50 5 6 39 50 50 50 19 50 50 50 50 7 39 35 50 50 50 50 50 27 9 2 
45 36 50 24 50 48 40 50 44 6 50 29 40 10 50 9 50 50 6 50 4 50 50 50 44 50 19 48 50 17 50 17 50 3 28 50 38 
50 50 50 50 50 50 25 50 50 18 48 3 50 32 24 43 2 50 43 5 15 50 50 50 10 2 50 45 50 20 17 50 20 50 20 12 
50 25 20 23 50 15 50 50 28 50 32 50 33 50 50 50 44 5 29 44 10 50 23 50 50 49 50 27 44 50 26 50 22 45 45 
3 41 49 50 50 50 50 7 50 50 20 11 50 18 31 50 50 50 34 38 50 38 33 34 50 42 46 6 50 36 9 50 20 50 
50 50 48 50 23 50 8 8 50 44 50 50 16 50 8 50 42 50 50 9 50 6 50 50 2 50 42 50 48 50 50 50 50 
50 6 29 8 45 15 50 31 50 50 50 50 50 50 24 50 50 50 2 13 50 29 31 3 50 50 27 42 40 32 1 50 
50 43 3 13 50 47 50 21 50 1 44 50 39 41 15 50 10 19 48 11 50 27 7 50 50 47 50 11 50 8 50 
50 50 50 50 50 8 50 50 7 49 41 50 0 49 37 50 50 20 50 50 50 36 45 10 47 50 50 29 17 50 
50 5 35 50 2 50 50 50 0 31 50 50 50 50 50 50 35 11 50 50 31 50 5 50 49 12 17 12 50 
50 9 50 50 50 50 40 50 50 26 2 9 41 50 50 50 22 50 50 43 50 21 50 45 19 50 50 50 
50 50 50 10 50 9 50 50 33 26 50 50 50 46 50 25 43 33 50 50 17 50 47 45 50 13 42 
50 50 50 50 50 22 50 50 50 50 22 50 50 50 5 18 21 26 50 50 50 50 30 13 50 18 
37 50 50 50 50 5 34 47 50 50 33 50 38 50 12 25 16 50 13 4 50 18 50 50 48 
25 32 50 30 50 2 50 24 50 25 50 47 40 15 17 50 34 46 50 50 34 50 50 50 
50 23 50 40 50 30 50 50 50 27 50 50 41 30 50 50 48 7 26 27 50 50 50 
50 10 33 17 50 21 34 50 50 11 26 0 9 50 7 0 1 14 18 50 50 50 
40 11 11 50 15 0 25 30 11 16 50 50 34 17 2 0 39 50 41 16 34 
36 50 50 29 50 42 50 50 34 7 50 50 31 16 29 50 50 26 40 45 
50 50 50 50 50 13 29 50 50 50 50 50 42 50 28 50 50 21 50 
43 50 34 10 23 50 17 35 35 32 50 41 50 50 39 50 17 35 
50 50 50 26 50 50 28 50 5 50 50 48 50 50 42 41 50 
3 29 50 50 50 50 43 46 25 42 24 50 32 50 44 20 
48 38 31 50 4 17 49 25 50 8 50 46 27 37 11 
50 5 47 50 9 16 50 40 6 48 16 28 50 48 
50 3 50 10 45 50 29 50 12 33 50 50 38 
36 50 50 50 50 50 50 50 50 50 50 50 
50 50 50 17 50 50 50 50 50 50 15 
50 50 50 15 50 50 50 50 50 50 
50 30 50 50 50 46 9 47 0 
50 50 50 20 11 50 11 50 
50 50 50 50 26 50 50 
50 50 50 50 50 50 
50 45 50 42 50 
50 13 48 50 
50 19 50 
50 5 
50 

