50 12
10 8 11 5 12 2 8 2 10 1 8 0 9 0 1 3 12 10 1 3 0 7 3 12 2 12 3 9 12 1 8 7 4 12 12 11 8 10 12 9 6 9 8 3 6 8 9 2 7 12
8 11 0 11 4 12 3 12 11 4 3 10 9 9 0 1 11 7 1 5 12 9 10 12 6 4 12 12 4 10 4 12 9 3 7 9 1 0 4 3 2 10 12 3 10 3 3 3 12
0 6 8 5 1 4 8 2 11 10 7 8 8 10 9 10 6 8 4 0 5 5 3 6 7 1 12 12 6 7 6 2 10 12 10 2 9 0 4 1 4 5 12 0 9 12 8 12
7 7 10 10 11 4 12 12 3 12 10 11 5 4 9 9 2 12 5 2 6 5 12 4 11 5 12 1 1 10 12 0 1 5 8 7 3 4 4 5 4 9 7 1 9 7 12
12 12 5 12 12 9 1 1 5 10 5 8 8 1 10 9 7 1 11 7 8 7 12 7 11 12 5 11 7 10 9 1 5 2 11 6 0 5 2 0 12 4 12 1 1 12
12 0 2 12 12 12 12 12 12 12 12 12 12 12 12 12 3 12 12 12 12 12 12 12 12 12 12 12 12 12 12 12 12 12 12 12 12 12 12 12 12 12 12 12 12
12 12 12 12 12 12 12 12 12 12 12 12 12 12 12 12 12 12 12 12 12 12 12 12 12 12 12 12 9 12 12 12 12 12 12 2 12 12 12 12 12 12 12 12
12 12 12 12 6 12 12 12 12 12 12 12 12 12 12 12 12 12 12 12 12 12 0 12 12 12 12 12 12 12 12 12 12 12 12 12 12 12 12 12 12 12 12
12 12 6 12 12 12 12 12 12 12 12 12 12 12 12 12 12 12 12 12 12 12 12 9 12 12 12 12 12 12 12 12 12 12 12 12 12 12 11 12 12 12
12 12 12 12 12 12 12 12 12 12 12 12 2 12 12 12 12 12 12 12 12 12 12 12 12 12 12 3 12 12 12 12 12 12 12 12 12 12 12 12 12
12 12 12 12 12 12 12 12 12 12 12 12 12 12 12 12 12 12 12 12 12 12 12 12 12 12 12 12 12 12 12 12 12 12 12 12 12 12 12 12
12 12 12 12 12 12 12 12 12 12 12 12 12 12 12 12 12 12 12 12 12 12 12 12 12 12 12 12 12 12 12 12 12 12 12 12 12 12 12
12 12 12 12 12 12 12 12 12 12 12 12 12 12 12 12 12 12 12 12 12 12 12 12 12 12 12 12 12 12 12 12 7 12 12 12 11 12
12 12 12 12 1 12 12 10 12 12 12 12 5 12 12 12 12 12 12 12 12 12 12 12 12 12 12 12 12 12 12 12 12 12 12 12 12
12 12 12 12 12 12 12 12 12 12 12 0 12 12 11 12 12 12 12 12 12 12 12 12 12 12 12 12 5 12 12 12 12 12 12 12
12 12 12 12 12 12 12 12 12 12 12 12 12 12 12 12 12 12 12 12 1 12 12 12 12 12 12 12 12 12 12 12 12 12 12
12 12 6 12 12 12 12 12 12 12 12 12 12 12 12 12 12 12 12 12 12 12 12 12 12 12 12 12 12 12 12 12 12 12
12 12 12 12 12 1 12 12 12 12 12 12 12 12 12 12 12 12 12 12 12 12 12 12 12 12 12 12 3 12 12 12 12
12 12 12 12 12 12 12 12 12 12 12 12 12 12 12 12 12 12 12 12 12 12 12 11 12 12 12 12 12 12 12 12
12 12 12 12 12 12 12 2 12 12 12 12 12 12 12 12 12 12 12 12 12 12 12 12 12 12 12 12 12 12 12
12 12 12 12 12 12 12 12 12 12 4 12 12 12 12 12 12 12 12 12 12 7 12 12 12 12 12 12 12 12
12 12 12 12 12 12 12 12 12 12 12 12 12 12 12 12 12 12 12 12 12 12 12 12 12 12 12 12 12
12 12 12 12 12 12 12 12 12 12 12 12 5 12 12 12 12 12 12 12 12 12 12 12 12 12 12 12
12 6 12 12 12 12 12 12 12 12 12 12 12 12 12 12 12 12 12 12 12 12 12 12 12 12 12
12 11 12 12 12 12 12 12 12 12 12 12 12 12 12 12 3 12 12 12 12 12 12 12 12 12
12 12 12 12 12 12 12 12 12 12 12 12 12 12 12 12 12 12 12 12 12 12 12 12 12
12 12 12 12 12 12 12 12 12 12 12 12 12 12 12 12 12 12 12 12 12 12 12 12
12 12 12 12 12 12 10 12 12 12 12 12 12 12 12 12 12 12 12 12 12 12 12
12 12 5 12 12 12 12 12 12 12 12 6 12 12 12 12 12 12 12 12 12 12
12 12 12 12 12 12 1 12 12 12 12 12 12 12 12 12 12 12 12 12 12
12 12 12 12 12 12 12 12 12 12 12 12 12 12 12 12 12 12 12 12
12 12 12 12 12 12 12 12 12 12 12 12 12 12 12 12 12 12 12
12 12 12 12 12 12 12 12 12 12 12 12 12 12 12 12 12 12
2 12 12 12 12 12 12 12 12 12 12 12 0 12 12 12 12
12 12 12 12 12 12 12 12 12 12 12 12 12 11 12 12
12 12 12 12 12 12 12 12 12 12 12 12 12 12 12
12 12 12 12 12 12 12 12 12 12 12 12 12 12
12 12 12 12 12 12 12 12 12 12 12 12 12
12 3 12 12 12 12 12 12 12 12 12 12
12 12 12 3 12 12 12 12 12 12 12
12 12 12 12 12 12 12 12 12 12
12 12 12 12 12 12 12 12 12
12 12 12 12 12 12 12 12
12 12 12 12 12 12 12
12 12 12 12 12 12
12 12 12 12 12
12 12 12 12
12 12 12
12 12
12
