50 12
12 12 12 11 12 10 5 12 12 2 12 10 12 12 12 12 12 12 12 12 1 12 12 6 12 12 12 12 12 12 9 10 12 12 12 12 12 12 12 12 12 12 12 12 2 12 8 2 12 12
12 12 5 11 12 11 12 12 12 1 12 7 12 12 12 4 12 12 12 12 12 8 12 12 9 12 12 12 12 12 12 12 9 12 12 12 12 12 12 12 12 7 12 12 12 12 8 12 12
8 12 12 12 12 12 12 12 12 8 12 12 0 12 12 12 12 12 12 12 12 12 7 12 7 7 12 12 12 12 12 9 8 12 12 12 12 7 12 12 12 12 12 12 12 12 12 12
0 11 12 12 12 12 12 12 12 3 12 12 12 12 12 12 12 12 12 12 12 12 8 12 12 12 12 12 0 12 12 12 12 12 12 12 12 1 12 12 12 12 12 12 12 12 12
12 12 12 12 12 5 12 12 12 9 10 12 3 2 12 12 4 12 12 12 7 12 11 12 12 12 12 12 12 12 12 1 12 12 12 12 0 12 12 12 12 12 12 12 12 12
12 12 6 12 12 12 12 12 12 12 12 12 12 12 1 12 12 12 11 3 12 12 12 12 12 12 12 12 12 12 12 12 12 12 12 10 12 12 12 12 12 12 12 12 12
12 12 4 12 12 7 12 0 12 12 12 12 12 12 12 12 12 12 12 12 12 11 12 12 12 1 12 12 12 10 12 12 0 12 12 9 10 12 12 12 12 5 12 12
12 12 12 9 9 2 12 12 3 12 7 10 12 12 12 12 12 12 12 12 12 12 12 12 12 9 12 12 12 12 12 12 1 11 12 9 12 12 5 12 9 0 12
12 5 11 12 12 12 12 12 12 12 10 12 12 3 12 12 12 12 12 12 12 12 12 12 12 12 12 12 12 12 12 3 12 12 12 12 3 12 12 12 12 12
12 12 12 12 1 3 12 12 12 12 12 12 12 12 10 10 5 12 12 12 12 12 12 0 12 12 12 12 12 12 7 0 12 12 12 1 12 12 12 6 12
1 12 12 12 12 12 4 12 10 12 12 12 11 12 12 12 12 3 12 12 7 5 12 0 12 5 12 12 12 12 12 3 12 12 12 7 12 12 12 12
12 12 12 12 3 12 4 12 12 8 12 12 11 12 12 12 4 12 12 12 12 12 12 12 12 12 12 4 12 12 12 8 12 12 12 12 12 12 12
12 12 12 12 12 5 7 8 12 12 12 12 8 12 12 6 12 12 12 0 1 12 12 2 7 12 12 12 12 12 12 12 12 8 3 12 12 12
12 12 1 12 12 12 12 7 12 12 12 12 9 12 12 12 12 5 12 12 12 12 12 12 12 12 12 12 0 12 12 12 6 12 12 12 12
12 12 10 6 7 12 12 12 12 12 12 12 8 12 6 12 0 12 12 5 12 12 12 12 12 12 12 12 12 9 12 12 12 12 12 12
12 12 12 12 12 0 4 0 12 11 6 12 10 12 12 12 12 12 12 4 7 12 12 12 5 12 2 12 12 12 2 6 12 8 12
12 12 3 5 12 12 1 12 12 5 12 12 8 12 12 8 11 3 9 6 12 0 12 4 12 12 12 3 12 12 12 12 12 12
12 12 12 12 4 12 12 12 12 12 12 12 12 12 12 12 9 12 12 8 11 12 12 12 5 12 12 7 12 11 12 2 12
12 11 12 12 4 12 2 12 10 6 12 12 12 12 12 12 12 12 12 12 12 12 12 10 12 12 12 12 9 12 12 12
0 12 12 12 12 12 12 9 12 11 12 12 12 12 12 5 12 12 3 12 12 9 12 2 12 12 12 9 12 12 12
12 11 12 7 12 0 12 12 12 12 12 12 11 5 12 12 12 3 12 12 12 12 12 12 12 9 12 1 12 12
7 6 12 12 12 8 1 7 12 12 5 12 9 12 12 1 12 12 12 10 12 12 12 8 12 12 12 12 12
12 12 11 12 12 12 12 3 12 6 12 12 12 9 11 12 12 12 12 12 12 8 12 12 9 12 12 12
9 12 12 12 12 12 12 12 5 12 12 2 12 12 12 1 12 12 12 12 12 5 0 12 12 12 12
12 1 12 12 1 12 0 3 9 12 12 12 12 12 12 12 12 12 12 12 10 12 12 12 12 12
12 12 12 12 12 6 12 6 9 12 12 12 12 8 12 8 12 12 12 12 12 6 12 12 12
12 12 12 12 12 12 0 12 5 12 2 12 12 12 12 12 12 12 12 12 12 12 12 12
12 12 12 12 9 12 12 12 12 12 12 12 12 12 12 12 12 12 12 12 12 12 12
12 12 12 12 12 12 12 12 12 12 12 12 12 1 12 12 12 12 12 12 12 12
12 12 12 12 12 12 12 12 12 12 12 12 12 12 12 12 12 12 12 12 12
12 12 12 12 12 12 12 12 12 12 12 4 12 12 12 12 12 12 12 12
12 12 12 12 12 12 3 12 12 12 12 12 12 12 12 12 12 12 12
12 12 12 12 12 12 12 12 12 12 12 12 12 12 12 12 12 12
12 12 12 12 4 12 12 12 12 12 12 12 12 12 12 12 12
12 12 12 12 1 12 12 12 1 12 12 12 12 12 12 12
12 12 12 12 12 12 12 12 12 12 12 12 12 12 12
12 0 12 12 12 12 12 12 12 12 12 12 12 12
12 12 12 12 12 12 12 12 12 12 12 12 12
12 12 12 12 12 12 12 12 12 12 12 12
12 12 12 12 12 12 12 12 12 12 12
12 12 12 12 12 12 12 12 12 12
12 11 12 12 12 12 12 12 12
12 12 12 12 3 5 12 12
12 12 12 12 12 3 12
12 12 6 12 12 12
12 12 12 12 12
12 12 12 12
12 12 12
12 12
12
