50 12
12 12 12 8 12 3 12 12 5 12 12 12 12 12 1 12 12 5 2 6 12 10 6 12 12 4 10 12 12 2 12 8 7 12 12 9 12 12 12 1 12 12 12 12 12 12 6 12 12 12
12 12 12 12 12 12 12 12 12 12 12 12 0 7 12 12 2 6 12 8 2 2 8 12 2 12 11 12 12 12 12 12 7 12 12 12 12 12 12 7 7 9 12 12 12 12 1 0 12
1 12 12 12 12 12 12 12 12 12 12 12 12 12 4 12 12 12 12 12 1 8 0 12 3 10 12 0 5 12 12 1 12 12 4 5 0 12 4 4 12 8 12 12 12 12 12 12
12 12 12 12 12 6 12 12 12 3 5 5 12 12 12 12 12 11 10 12 12 4 12 12 11 12 12 6 3 12 12 12 5 2 2 12 3 12 12 12 12 6 1 10 12 5 12
12 12 10 12 12 12 12 12 12 3 0 12 12 9 12 12 12 12 12 11 12 12 12 1 12 12 12 12 2 12 12 9 11 12 12 12 7 12 0 0 2 0 3 12 12 12
12 12 12 5 0 12 12 8 9 12 12 12 12 2 12 12 12 9 12 12 12 5 10 12 11 11 12 12 12 4 12 12 12 12 12 3 12 12 3 4 12 12 11 12 12
12 12 1 12 12 4 12 12 11 12 1 12 1 12 6 0 9 11 12 12 12 12 4 12 8 9 12 12 12 12 12 12 12 12 12 12 12 12 12 12 11 12 7 12
3 12 12 9 9 4 12 12 12 12 1 12 0 12 11 12 9 5 12 12 10 2 6 12 12 12 12 12 12 7 12 12 12 12 0 0 12 12 12 12 12 4 12
12 12 12 12 12 12 12 8 8 12 6 12 12 12 12 6 12 12 12 7 12 12 12 12 12 12 12 11 12 12 12 9 4 12 12 12 12 12 12 9 12 12
12 12 12 12 12 4 12 12 12 12 4 12 12 12 4 0 12 2 11 12 12 12 12 12 8 12 7 5 12 12 12 12 12 12 2 12 12 12 11 12 12
4 0 6 12 12 12 12 4 11 3 7 12 12 12 12 12 2 12 12 10 12 12 12 12 12 12 12 12 12 12 12 12 4 12 11 12 12 12 12 12
12 12 12 12 12 12 10 12 12 12 12 12 1 12 12 12 12 1 12 12 12 12 12 12 12 12 12 1 9 8 12 12 12 12 12 12 12 12 12
12 8 12 5 12 11 9 12 10 1 12 7 9 12 12 2 12 12 12 12 12 12 12 12 12 12 12 11 12 12 12 4 12 12 6 12 12 12
12 12 12 12 12 12 6 12 12 4 12 12 12 12 5 10 12 12 10 12 3 12 12 12 12 0 12 12 12 5 12 12 4 12 12 2 12
12 6 12 12 12 3 12 12 12 12 7 12 8 12 12 12 12 12 7 12 2 12 5 12 12 12 12 6 10 12 12 12 12 10 10 12
12 12 11 12 12 12 12 12 12 12 12 2 12 4 7 12 12 12 8 9 12 12 8 8 12 10 12 1 12 12 12 12 4 12 12
12 12 11 12 5 12 2 2 12 10 12 12 3 12 1 12 10 12 12 12 12 12 12 12 12 12 10 12 12 12 12 12 12 12
12 12 7 2 10 12 12 7 12 12 12 12 12 12 5 12 12 12 0 12 12 7 12 0 12 12 12 12 12 12 12 12 12
12 12 12 12 12 12 12 12 12 12 12 12 12 12 12 12 12 12 12 12 12 6 12 12 12 12 12 12 12 12 12 12
12 12 12 12 12 12 12 12 12 12 12 12 12 12 12 12 12 12 12 12 12 12 12 12 12 12 12 12 12 12 12
12 12 12 12 12 12 12 12 12 7 12 12 12 12 12 12 12 12 12 12 12 12 12 12 12 12 12 12 12 12
12 12 12 12 12 12 9 12 12 12 12 12 12 12 12 12 12 12 12 12 12 5 12 12 12 12 12 12 12
12 12 12 12 12 12 12 12 12 12 12 12 12 12 12 12 12 12 12 12 12 12 12 12 12 12 12 12
12 12 12 12 12 12 12 12 12 12 12 12 12 12 12 12 12 12 12 12 12 12 12 12 12 12 12
12 12 12 12 12 12 12 12 12 12 8 12 12 12 12 12 12 12 12 12 12 4 12 12 12 12
12 12 12 7 12 12 12 12 12 12 12 12 12 12 12 12 12 12 12 12 12 12 12 12 12
12 12 12 12 12 12 12 12 12 12 12 12 12 7 12 12 12 12 12 12 12 12 12 12
12 12 12 12 12 12 12 12 12 12 12 12 12 12 12 12 12 12 12 12 12 12 12
12 12 12 12 12 12 12 12 12 12 12 12 12 4 12 12 12 12 12 12 12 12
12 12 12 12 12 12 12 12 12 12 12 12 12 12 12 12 12 12 12 12 12
12 12 12 12 12 12 7 12 12 12 12 12 12 12 12 12 12 12 12 12
12 12 12 12 12 12 12 8 12 12 12 12 12 12 12 12 4 12 12
12 12 12 12 12 12 12 12 1 12 12 12 12 12 12 12 12 12
12 12 12 12 12 12 10 12 12 12 12 12 12 12 12 12 12
12 12 12 12 12 12 12 12 12 12 12 12 6 12 12 12
12 12 12 12 12 12 12 12 12 12 12 12 12 12 12
12 0 12 12 12 12 12 12 12 12 12 12 12 12
8 12 12 12 12 12 12 12 12 12 12 12 12
12 12 12 12 12 12 12 12 12 12 12 12
12 12 12 12 12 12 12 12 12 12 12
12 12 12 12 12 12 12 12 12 12
12 12 12 12 12 12 12 12 12
12 12 12 12 12 12 12 12
12 12 12 12 12 12 12
12 12 12 12 12 12
12 12 11 12 12
12 12 12 12
12 12 12
12 12
12
