100 125
84 125 90 36 53 54 52 103 92 125 108 43 48 107 124 115 70 38 39 29 21 29 70 40 125 125 108 69 16 108 125 53 125 5 125 125 123 81 7 6 46 103 50 68 9 121 49 114 125 125 61 22 125 15 125 123 118 18 72 7 4 21 125 32 125 125 40 5 14 84 125 90 125 42 81 125 104 125 100 57 125 59 104 125 116 115 120 125 43 42 56 125 39 38 125 48 86 118 110 
125 60 125 50 84 31 125 15 101 14 125 65 1 94 121 90 61 46 125 87 99 59 108 52 53 125 125 87 125 125 123 125 77 32 103 101 100 51 107 56 70 6 11 125 15 125 57 125 125 113 24 69 86 67 64 78 125 66 125 4 2 125 38 56 120 45 125 125 4 90 93 22 97 121 8 37 117 74 125 125 88 93 30 125 125 81 125 51 125 125 125 125 71 71 73 73 125 51 
16 125 125 9 11 125 125 125 48 2 10 21 125 95 125 98 92 125 76 61 76 59 123 22 125 41 116 125 42 5 67 125 125 125 125 47 27 13 36 125 76 10 36 110 41 46 84 125 110 38 125 26 42 123 125 125 62 98 69 50 125 113 125 125 87 11 121 48 5 76 73 54 125 116 125 31 125 87 125 65 108 94 106 91 11 74 121 100 14 125 68 73 101 119 24 65 57 
125 125 125 93 35 120 105 125 42 37 71 125 38 55 125 78 63 74 45 39 80 61 108 125 29 125 43 1 117 125 6 125 125 8 108 12 75 91 125 64 125 89 37 125 94 125 81 125 83 125 59 125 15 118 26 125 59 67 125 58 110 58 125 125 112 112 125 125 123 125 42 117 125 125 125 29 0 24 71 125 125 85 95 105 4 85 6 125 4 43 63 125 50 53 125 116 
59 30 22 125 111 125 125 53 20 20 125 125 34 69 56 13 125 105 118 125 125 97 70 74 21 125 101 79 125 116 77 2 54 125 107 110 125 73 125 60 125 117 87 3 125 125 125 9 119 102 52 25 9 125 23 125 125 39 90 48 122 29 125 125 18 125 125 125 59 25 72 125 40 125 125 68 125 2 125 125 5 0 125 93 125 125 52 94 31 125 112 26 117 125 96 
84 125 125 89 125 6 58 30 122 125 125 80 125 28 125 125 125 125 78 71 125 82 125 64 125 23 120 125 125 58 125 66 5 125 35 77 55 69 125 113 52 91 88 107 46 114 24 110 125 65 125 74 115 125 26 125 125 125 21 76 119 114 125 34 125 85 125 115 119 15 57 67 35 20 24 124 86 122 125 34 6 5 125 65 125 52 15 125 77 42 96 125 32 19 
35 125 68 69 14 125 63 82 76 125 5 125 36 67 125 101 125 44 98 120 19 125 125 120 4 53 125 125 68 66 69 125 27 125 125 103 125 17 65 68 81 124 125 125 125 10 88 34 125 67 0 22 54 2 3 125 35 44 125 125 125 28 27 15 4 20 28 74 41 125 9 125 111 83 125 104 41 125 125 125 27 51 106 60 125 17 53 117 74 65 66 101 81 
34 49 125 125 59 125 125 125 106 125 70 59 125 125 109 111 25 57 11 67 125 85 103 38 105 125 125 74 125 67 73 114 96 125 125 125 75 56 13 81 74 125 28 125 35 62 125 125 125 111 51 120 96 84 11 42 122 63 18 85 80 18 103 125 125 125 125 52 41 37 16 125 42 106 50 125 31 23 125 119 125 30 103 2 125 125 71 101 125 41 50 57 
125 113 42 45 93 105 12 116 45 39 125 94 96 103 76 125 125 4 125 23 117 0 125 80 52 29 125 28 71 125 56 65 37 125 98 125 81 125 114 31 125 59 33 125 92 49 103 14 27 111 125 13 125 44 91 122 125 52 125 75 73 85 42 124 30 125 58 125 125 90 125 95 125 105 41 29 125 91 125 116 125 125 125 33 54 125 125 125 83 125 41 
12 99 3 85 125 38 82 125 95 52 125 20 9 125 47 125 111 14 125 83 26 92 125 5 122 125 90 125 118 22 19 125 25 125 125 123 24 125 14 54 125 125 70 81 84 43 125 69 89 125 21 28 125 118 66 12 5 77 125 125 14 99 57 125 79 29 54 125 84 53 31 87 125 59 67 111 78 114 36 125 76 125 125 125 87 6 116 70 61 103 
88 38 29 110 95 62 100 102 76 125 113 125 97 99 125 92 76 125 38 82 125 105 34 69 125 28 42 26 97 52 121 125 24 118 48 125 12 125 125 22 65 125 60 16 36 100 125 90 125 19 125 58 87 125 125 37 110 68 4 125 125 26 6 101 125 46 85 99 83 20 125 125 125 115 125 125 96 21 110 125 90 48 20 20 36 125 65 35 125 
125 84 25 125 124 125 75 125 73 98 71 55 125 83 30 125 3 40 125 25 125 48 46 125 23 28 109 30 125 54 33 28 125 120 125 67 81 116 80 73 2 36 40 105 105 125 77 16 64 125 125 125 81 2 54 125 11 125 14 11 119 50 80 125 48 125 39 125 54 2 125 96 33 17 79 125 125 125 47 125 125 66 32 2 118 63 4 55 
79 50 100 63 125 37 125 125 52 97 125 125 110 98 125 41 27 115 1 8 120 125 56 107 125 49 91 36 125 80 38 4 106 125 125 115 39 125 0 91 60 63 125 109 21 10 38 106 14 5 125 85 125 49 125 67 44 30 125 86 125 9 30 15 8 125 125 125 100 102 86 81 117 25 125 125 125 125 15 125 10 50 20 125 19 19 0 
99 125 125 9 53 96 125 111 125 120 125 125 125 125 121 9 17 79 32 110 11 107 80 125 27 107 114 125 125 43 125 56 51 125 63 50 58 125 42 24 100 79 92 125 34 125 14 5 125 88 115 125 122 125 125 56 66 14 51 24 8 125 125 125 125 125 125 18 119 50 125 34 125 110 125 125 125 13 125 24 125 37 125 42 90 22 
33 125 13 69 109 125 113 125 75 125 44 125 48 125 125 23 125 17 80 6 37 125 120 93 125 125 125 17 125 125 125 37 125 48 65 125 102 125 125 101 5 68 22 66 95 68 105 100 81 105 125 108 31 57 118 125 125 125 18 88 104 125 125 125 125 125 125 125 125 125 125 125 125 125 125 125 125 125 125 125 125 125 125 125 125 
125 125 125 125 125 125 125 125 125 125 125 125 125 125 125 125 125 125 125 125 125 125 125 125 125 125 125 125 125 125 125 125 125 125 125 125 125 125 125 125 125 125 125 125 125 125 125 125 125 125 125 125 125 125 125 125 125 125 125 125 125 125 125 125 125 125 125 125 125 125 125 125 125 112 125 125 125 125 125 125 95 125 125 125 
125 125 125 125 125 125 125 125 125 125 125 81 125 125 125 125 125 125 125 125 125 125 125 125 125 125 125 125 125 125 125 125 125 42 125 125 125 125 125 125 125 125 125 125 125 125 125 125 125 125 125 125 125 125 125 125 125 125 102 125 125 125 125 125 125 125 125 125 125 125 125 125 125 125 125 125 125 125 125 125 125 125 125 
125 125 125 125 125 125 125 125 125 125 125 125 125 125 125 125 125 125 125 125 125 125 125 125 125 125 96 125 125 125 125 125 125 125 125 125 125 125 125 125 125 125 125 125 125 125 125 125 125 125 125 125 125 125 125 125 125 125 90 125 125 125 125 125 125 125 125 125 125 125 125 125 125 125 125 125 125 125 125 125 125 125 
0 125 125 125 125 125 125 125 125 125 125 125 125 125 125 125 125 125 125 125 125 125 125 125 125 125 125 125 125 125 125 125 125 125 125 125 125 125 125 125 125 125 125 125 125 125 125 125 125 125 125 125 125 125 125 125 125 125 125 125 125 125 125 125 125 125 125 125 125 125 125 125 125 125 125 125 125 125 125 125 125 
125 125 125 46 125 125 125 125 125 125 125 125 125 125 125 125 125 4 125 10 125 125 125 125 125 125 125 125 125 125 125 125 125 125 125 125 125 125 125 125 125 125 125 125 125 125 125 125 125 125 125 125 125 125 125 125 125 125 125 125 125 125 125 125 125 125 125 125 125 125 125 125 125 125 125 125 125 125 125 125 
17 125 125 125 125 125 125 125 81 125 125 125 125 125 125 125 125 125 125 125 125 125 125 125 125 125 125 125 125 125 125 125 125 125 125 125 125 125 125 125 125 125 125 125 125 125 125 125 125 125 125 125 125 125 125 125 125 125 65 125 125 125 125 125 125 125 125 125 125 125 125 125 125 125 125 125 125 125 125 
125 125 125 125 125 125 125 125 125 125 125 125 125 125 125 125 125 125 125 125 125 125 125 125 125 125 125 125 125 125 125 125 125 125 125 125 125 125 125 125 125 125 125 125 125 125 125 125 125 125 125 125 125 125 125 125 125 125 125 125 125 125 125 125 125 125 125 125 125 125 125 125 125 125 125 125 125 125 
125 125 125 125 47 125 125 125 125 125 125 125 125 125 79 125 125 125 125 125 125 125 125 125 125 125 125 125 125 125 125 125 125 125 125 125 125 125 125 125 125 125 125 125 125 125 125 125 125 125 125 108 125 125 125 125 125 125 125 125 125 125 125 125 125 125 125 125 125 125 125 125 125 125 125 125 125 
125 125 125 125 125 125 125 125 125 125 125 125 125 125 125 125 125 125 125 125 125 125 83 125 125 125 125 125 125 125 125 125 125 125 125 125 125 125 125 125 125 125 125 125 125 125 125 125 125 125 125 125 125 125 125 125 125 125 125 125 125 125 125 125 125 125 125 125 125 125 125 125 125 125 125 125 
125 125 125 125 125 125 125 125 125 125 125 125 125 125 125 125 125 125 125 125 125 125 125 125 125 125 125 125 125 125 125 125 125 125 68 125 125 125 125 15 125 125 125 125 125 125 125 125 125 125 125 125 125 125 125 125 125 125 125 125 125 125 125 125 125 125 125 125 125 125 125 125 125 125 125 
125 125 125 125 125 125 125 125 125 125 125 125 125 125 125 125 125 125 125 125 125 125 125 125 125 125 125 125 125 125 125 125 125 125 125 125 125 125 125 125 125 125 125 125 125 125 125 125 125 125 125 125 125 125 125 125 125 125 125 125 125 125 125 125 125 125 125 125 125 125 2 125 125 125 
125 125 125 125 125 125 125 125 125 125 125 125 125 125 125 125 125 125 125 125 125 125 125 125 125 125 125 125 125 125 125 125 125 125 125 125 125 125 125 125 125 125 125 125 125 125 125 125 125 125 125 125 125 125 125 125 125 125 125 125 125 125 125 125 125 125 125 125 125 125 125 125 125 
125 125 125 125 125 125 125 125 125 125 125 125 125 125 125 125 125 125 125 125 125 125 125 125 125 125 125 125 125 125 125 125 125 125 125 125 125 125 125 125 125 125 125 125 125 125 125 125 125 125 125 125 125 125 125 125 125 125 125 125 125 125 125 125 125 125 125 125 125 125 125 125 
125 125 125 125 125 125 125 125 125 125 125 125 125 125 125 125 125 125 125 125 125 125 125 125 125 125 125 125 125 125 125 125 125 125 125 125 125 125 125 125 125 125 125 125 125 125 125 125 125 125 125 125 125 125 125 125 125 125 125 125 125 125 125 125 125 125 125 125 125 125 125 
125 125 125 125 125 125 125 125 125 125 125 125 125 125 125 125 125 125 125 125 125 125 125 125 125 125 125 125 125 125 125 125 125 125 125 125 125 125 125 125 125 104 125 125 125 125 125 125 125 125 125 125 125 125 125 125 125 125 125 125 125 125 125 125 125 125 125 125 125 125 
125 125 125 125 125 125 125 125 125 125 125 125 92 125 125 125 125 125 125 125 125 125 125 125 125 125 125 125 125 125 125 125 125 125 125 125 125 125 125 125 125 125 125 125 125 125 125 125 125 125 125 125 125 125 125 125 125 58 125 125 125 125 125 125 125 125 125 125 125 
125 125 125 125 125 125 125 125 125 125 125 125 125 125 125 125 125 125 125 125 125 125 125 125 125 125 125 125 125 125 125 125 125 125 125 125 125 125 125 125 125 125 125 125 125 125 125 125 125 125 125 125 125 125 125 125 125 125 125 125 125 125 125 125 125 125 125 125 
125 125 125 125 125 125 125 125 125 120 125 125 125 125 125 125 50 125 125 125 125 125 125 125 125 125 125 125 125 125 125 125 125 125 125 125 125 125 125 125 98 125 125 125 125 125 125 125 125 125 125 125 125 125 125 125 125 125 125 125 125 125 125 125 125 125 125 
125 125 125 125 125 125 125 125 125 125 125 125 125 125 125 125 125 125 125 125 125 125 125 125 125 41 125 125 125 125 125 125 125 125 125 125 125 125 125 125 125 125 125 125 125 125 125 125 125 125 125 125 125 125 125 125 125 125 125 125 125 125 125 125 125 8 
125 125 125 125 125 125 125 125 125 125 125 125 125 125 125 125 125 125 125 125 125 125 125 125 125 125 125 125 125 125 125 125 125 125 125 125 125 125 125 125 125 125 125 125 125 125 125 125 125 125 125 125 125 125 125 125 125 125 30 125 125 125 125 125 125 
125 125 125 125 125 125 125 125 125 125 125 125 125 125 125 125 125 125 125 125 125 125 125 125 125 125 125 125 125 125 125 125 125 125 125 125 125 125 125 125 125 125 125 125 125 125 71 125 125 125 125 125 125 125 125 125 125 125 125 125 125 125 125 125 
125 125 125 125 125 125 125 125 125 125 125 125 125 125 125 125 125 125 125 125 125 125 125 125 125 125 125 125 125 125 125 125 125 125 125 125 125 125 125 125 125 125 125 125 125 125 125 9 125 125 125 125 125 125 125 125 125 125 125 125 104 125 125 
125 125 125 125 125 125 125 125 125 125 125 125 125 125 125 125 125 125 125 125 125 125 125 125 125 125 125 125 125 125 125 125 125 125 125 125 125 125 125 125 125 125 125 125 125 125 125 125 125 125 125 125 125 125 125 125 125 125 125 125 125 125 
125 125 125 125 125 125 125 125 125 125 125 125 125 125 125 125 125 125 125 125 125 125 125 125 125 125 125 125 125 125 125 125 125 125 125 125 125 125 125 125 125 125 125 125 125 125 125 125 125 70 125 125 125 125 125 125 125 125 125 125 125 
125 125 125 125 125 125 125 125 17 125 125 125 125 125 125 125 125 125 125 125 125 125 125 125 125 125 125 125 125 125 125 125 125 125 125 125 125 125 125 125 125 125 125 125 125 125 125 125 125 125 125 125 125 125 125 125 125 125 125 125 
125 125 125 125 125 125 125 125 125 125 125 125 125 125 125 125 125 125 125 125 125 125 125 125 125 125 125 125 125 125 125 125 125 125 125 125 125 125 125 125 20 125 125 125 125 125 125 125 125 125 125 125 125 125 125 125 125 125 125 
125 125 125 125 125 125 125 125 125 125 125 125 125 125 125 125 125 125 125 125 125 125 125 125 125 125 125 125 125 125 125 125 125 125 125 125 125 125 97 125 125 125 125 125 125 125 125 125 71 125 125 125 125 125 125 125 125 125 
125 125 125 125 125 125 125 125 125 125 75 125 125 125 125 125 125 125 125 125 125 125 125 125 125 125 125 125 125 125 125 125 125 125 125 125 125 125 125 125 125 125 125 125 125 125 125 125 125 125 125 125 125 125 125 125 125 
125 125 125 125 125 125 125 125 125 125 125 125 125 125 125 125 125 125 125 125 125 125 125 125 125 125 125 125 125 125 125 125 125 125 22 125 125 125 125 125 125 125 125 125 125 125 125 125 31 125 125 125 125 125 125 125 
125 125 125 125 125 125 125 125 125 125 125 125 125 125 125 125 125 125 125 125 125 36 125 125 125 125 125 125 125 125 125 125 125 125 125 125 125 125 125 125 125 125 125 125 125 125 125 125 125 125 125 125 125 125 125 
125 125 125 125 125 125 125 125 125 125 125 125 48 125 125 125 125 125 125 125 125 125 125 125 125 125 125 125 125 125 125 125 125 125 125 125 125 125 125 125 125 125 125 125 125 125 125 125 125 125 125 125 125 125 
125 125 125 125 125 125 125 125 125 125 125 125 125 125 125 125 125 125 125 125 125 125 125 125 125 125 125 125 125 125 125 125 125 125 125 18 125 125 125 125 125 125 125 125 125 125 125 125 125 125 125 125 125 
125 125 125 125 125 125 125 125 125 125 125 125 125 125 125 125 125 125 125 125 125 125 125 125 125 125 125 125 125 125 125 125 125 125 125 125 125 125 125 125 67 125 125 125 125 125 125 125 125 125 125 125 
125 125 125 125 125 125 125 125 125 125 125 79 125 125 125 125 125 125 125 125 125 125 125 125 125 125 125 125 125 125 125 125 125 125 125 125 125 125 125 125 125 125 125 125 125 125 125 125 125 125 125 
125 125 125 125 125 125 125 125 125 125 125 125 125 125 125 125 125 125 125 125 125 125 125 125 125 125 125 125 125 125 125 125 125 125 125 125 125 125 125 125 125 125 125 125 125 125 125 125 125 125 
125 125 125 125 125 125 125 125 125 125 125 125 125 125 125 125 125 125 125 125 125 125 125 125 125 125 125 125 125 125 125 125 125 125 125 125 125 125 15 125 125 125 125 125 125 125 125 125 125 
125 125 125 125 125 125 125 125 125 125 125 125 125 125 125 125 125 125 125 125 122 125 125 125 125 125 125 125 125 125 125 125 125 125 125 37 125 125 125 125 125 125 125 125 125 125 125 125 
125 125 125 125 125 125 125 125 125 72 125 125 125 125 125 125 125 125 125 125 125 125 125 125 125 125 125 125 125 125 125 125 125 125 125 53 125 125 125 125 125 125 125 125 125 125 125 
125 125 125 125 125 125 125 125 125 125 125 125 125 125 125 125 125 125 125 125 125 125 125 125 125 125 125 125 125 125 125 125 125 125 125 125 125 125 125 125 125 125 125 125 125 125 
125 125 125 125 125 125 118 125 125 125 125 125 125 125 125 125 125 125 125 125 125 125 44 125 125 125 125 125 125 125 125 125 125 125 125 125 125 125 125 125 125 125 125 12 125 
125 125 125 125 125 125 125 125 125 125 125 125 125 125 125 125 125 125 125 125 125 125 125 125 125 125 125 125 125 112 125 125 125 125 125 83 125 125 125 125 125 125 125 125 
125 125 125 125 125 125 125 125 125 125 125 125 125 125 125 125 125 125 125 125 125 125 125 125 125 125 125 125 125 43 125 125 125 125 125 125 125 125 125 125 125 125 125 
125 125 125 125 125 97 125 125 125 125 125 125 125 125 125 125 125 125 125 125 125 125 125 125 125 125 125 125 125 125 125 125 125 125 125 125 125 125 125 125 125 125 
125 125 125 125 125 125 125 125 125 125 125 125 125 125 125 125 125 125 125 125 125 125 125 125 125 125 125 125 125 125 125 125 125 125 125 125 125 125 125 125 125 
125 125 125 125 125 125 125 125 125 125 125 125 125 125 125 125 125 125 125 125 125 125 125 125 125 125 125 125 125 125 125 125 125 125 125 125 125 125 125 125 
125 125 125 125 125 125 125 125 125 125 125 125 125 125 125 125 125 125 125 125 125 125 125 125 125 125 125 125 125 125 125 125 125 125 125 125 125 125 125 
125 125 125 125 125 125 125 125 125 125 125 125 125 125 125 125 125 125 125 125 125 125 52 125 125 125 125 125 125 125 125 125 125 125 125 125 125 125 
125 125 125 125 125 125 125 125 125 125 125 125 125 125 125 125 125 125 125 125 125 125 125 125 125 125 125 125 125 125 125 125 125 125 125 125 125 
125 125 125 125 125 125 125 125 125 125 125 125 125 125 125 125 125 125 125 125 125 125 125 125 125 125 125 125 125 125 125 125 125 125 125 125 
125 125 125 125 125 125 125 125 125 2 125 125 125 125 24 125 125 125 125 125 125 125 125 125 125 125 125 125 125 125 125 125 125 125 125 
125 125 125 125 125 125 125 125 125 125 125 125 125 125 125 125 125 92 125 125 125 125 125 125 125 125 125 125 125 125 125 125 125 125 
125 125 125 125 125 125 125 125 125 125 125 125 125 125 125 125 125 125 125 125 125 125 125 125 125 125 125 125 125 125 125 125 125 
125 125 125 125 125 125 125 125 125 125 125 125 125 125 125 125 125 125 125 125 125 125 125 125 125 125 125 125 125 125 125 125 
125 125 125 125 125 125 125 125 125 125 125 125 125 125 125 125 125 125 125 125 125 27 125 125 125 125 125 125 125 125 125 
125 125 125 125 125 125 125 125 125 125 125 125 125 125 125 10 125 125 125 125 125 125 125 125 125 125 125 125 125 125 
125 125 125 125 125 125 125 125 125 125 125 125 125 125 125 125 125 125 125 114 125 125 125 125 125 125 125 125 125 
125 125 125 125 125 125 125 125 125 125 125 125 125 125 125 125 125 125 125 125 125 125 125 125 125 125 125 125 
125 125 125 125 125 125 125 125 125 125 125 125 125 125 125 125 125 125 125 125 121 125 125 125 125 125 125 
125 125 125 125 125 125 125 125 125 125 125 125 125 125 125 125 125 125 125 125 125 125 125 125 125 125 
125 125 125 125 125 125 125 125 125 125 125 125 125 125 125 125 125 125 125 125 125 125 125 125 125 
125 125 125 125 125 125 125 125 125 125 125 125 125 125 125 125 125 125 125 125 125 125 125 125 
125 125 125 125 125 125 125 125 125 125 125 125 125 125 125 125 125 125 86 125 125 125 125 
125 125 125 125 125 125 125 125 125 125 125 125 125 125 125 125 125 125 125 125 125 125 
125 125 125 125 125 125 125 125 125 125 125 125 125 125 125 125 125 125 125 125 125 
125 125 125 125 125 125 125 125 125 125 125 125 125 125 125 125 125 125 125 125 
125 125 125 125 125 125 125 125 125 125 125 125 125 125 125 125 125 125 125 
125 125 125 125 125 125 125 125 125 125 125 125 125 125 125 125 125 125 
125 125 125 125 125 125 125 125 125 125 125 125 125 125 125 125 125 
38 125 125 125 125 125 125 125 125 125 125 125 125 125 125 125 
125 105 125 125 125 125 125 125 125 125 125 125 125 125 125 
125 125 125 125 125 125 125 125 125 125 125 125 125 125 
125 125 125 125 125 125 125 125 125 125 125 125 125 
125 125 125 125 125 125 125 125 125 125 125 125 
125 125 125 125 125 125 125 125 125 125 125 
125 125 125 125 125 125 125 125 125 125 
125 125 125 125 125 125 125 125 89 
125 125 125 125 125 110 125 125 
125 125 125 125 125 125 125 
125 125 125 125 125 125 
125 125 125 125 125 
125 125 125 125 
125 125 125 
125 125 
125 

