200 100
9 100 58 91 100 11 65 100 100 26 38 99 67 100 13 76 30 73 73 100 85 37 92 100 100 53 38 48 100 94 20 100 23 76 60 61 100 81 30 13 52 15 26 96 50 38 30 100 19 60 85 80 100 65 32 84 51 0 4 18 13 31 94 24 6 100 100 87 100 77 1 29 100 2 11 30 100 51 11 83 24 42 15 70 33 62 100 100 31 73 100 16 100 8 26 19 33 63 45 61 72 78 3 5 33 67 88 68 81 70 100 7 60 30 86 20 100 49 76 56 100 98 27 10 100 25 20 40 99 83 19 65 35 100 20 59 100 9 86 39 17 96 100 91 100 47 82 44 74 21 34 56 69 100 26 49 31 35 47 94 15 41 63 61 2 5 47 66 56 20 42 28 91 100 80 76 80 73 59 100 32 100 40 71 20 96 5 33 30 30 100 35 85 11 49 57 12 43 47 100
100 100 27 92 15 3 100 44 40 98 56 44 9 7 98 84 100 100 41 8 56 65 21 86 100 81 32 40 100 46 93 46 100 1 29 93 100 35 15 46 77 96 100 1 89 100 100 31 22 27 68 93 100 100 100 42 3 56 41 54 57 38 42 51 80 31 100 98 100 18 91 20 19 76 85 16 11 6 73 12 26 100 54 42 84 29 100 85 83 100 56 41 63 90 100 100 89 24 50 49 29 99 97 25 50 100 84 93 31 85 42 100 44 84 45 100 46 22 69 42 93 19 44 24 100 10 94 47 95 62 14 100 71 16 61 25 100 45 12 39 42 99 87 100 28 98 100 29 41 67 48 100 58 60 18 61 8 82 23 15 37 76 90 88 84 6 28 18 51 100 85 99 69 61 8 45 64 100 21 39 23 12 100 95 69 0 70 27 56 98 77 85 53 100 38 34 91 100 100
35 100 100 18 85 100 78 34 64 100 99 68 1 33 28 55 20 57 74 88 34 81 44 42 79 84 75 44 18 45 74 100 13 61 100 39 100 69 97 100 100 37 71 52 40 49 11 83 50 73 57 31 61 48 10 33 100 88 22 12 74 94 67 100 100 100 100 18 96 100 51 100 15 89 100 100 73 100 92 100 31 48 88 63 93 30 32 70 9 32 61 100 48 100 24 100 75 75 94 0 71 100 35 69 23 99 100 76 65 93 57 56 65 100 34 51 100 100 100 82 64 64 36 100 73 77 41 73 53 77 100 79 100 79 52 100 100 19 63 100 100 44 82 64 100 65 73 18 34 35 31 62 95 26 1 81 100 100 63 87 87 58 100 25 61 84 30 24 47 61 100 100 43 33 42 42 98 76 53 3 43 78 100 100 57 1 53 40 30 9 67 43 100 81 17 43 10 100
95 100 22 51 6 100 16 10 73 31 63 15 37 3 65 2 35 79 40 100 80 100 62 100 65 63 1 20 37 100 47 34 100 47 41 42 67 77 91 80 52 100 18 100 23 100 100 100 100 31 100 18 17 99 23 69 95 37 100 84 51 66 9 100 100 92 100 68 51 54 66 24 100 6 85 66 70 81 34 47 49 69 62 63 100 89 100 45 67 100 39 11 41 23 91 33 100 100 91 85 100 100 63 85 100 100 19 36 50 3 22 63 25 91 100 64 19 100 69 4 4 91 58 36 46 24 24 100 27 72 44 76 66 100 3 56 40 100 31 54 65 80 100 53 61 87 37 96 15 44 85 75 100 51 27 44 70 69 47 21 66 4 100 91 100 31 14 93 11 100 100 100 100 32 23 100 97 40 96 60 71 66 18 100 24 10 99 100 96 35 5 89 100 100 100 100 100
52 67 28 62 77 100 100 25 92 71 87 100 100 70 46 33 74 3 11 79 73 96 10 29 42 92 90 38 90 24 63 86 24 87 25 95 30 34 100 36 76 60 53 100 25 95 6 67 24 47 88 25 19 22 11 90 43 100 41 100 100 7 64 100 11 49 69 59 45 60 98 61 97 95 10 100 100 75 55 37 98 81 73 89 50 5 100 94 100 93 32 100 100 53 13 11 89 17 38 4 100 69 28 98 44 7 68 92 100 65 100 78 94 100 79 27 86 33 100 78 83 100 54 53 30 3 75 53 1 51 100 75 50 9 21 100 100 29 9 66 70 42 100 27 9 52 26 25 68 1 49 35 93 87 52 87 100 30 100 75 95 58 91 64 83 45 15 40 100 29 16 18 100 78 36 41 30 67 87 57 9 4 5 20 94 8 4 21 37 35 9 21 43 100 47 100
91 66 21 75 61 100 16 2 80 24 89 55 100 39 41 76 1 65 14 32 44 100 93 43 78 9 100 63 46 33 60 80 59 100 66 46 24 36 25 100 89 100 31 100 23 25 100 25 84 100 100 70 28 24 87 7 47 100 2 31 24 27 100 61 100 20 53 66 11 90 38 11 33 99 4 77 9 58 46 36 100 100 30 16 8 90 100 100 31 52 5 22 96 47 90 15 100 70 2 32 100 100 89 34 34 100 25 69 75 99 70 94 11 100 100 100 100 76 81 100 39 98 56 4 95 3 68 65 84 46 100 82 87 57 77 40 42 40 68 47 24 39 57 100 86 100 92 33 100 100 53 22 71 62 57 87 100 64 52 100 28 91 63 34 100 73 100 34 48 49 41 25 53 25 63 10 3 28 100 26 27 100 77 5 70 86 37 0 98 100 100 10 63 35 100
33 5 46 99 56 45 100 96 35 96 22 55 52 82 100 100 100 64 76 62 16 4 63 77 7 100 15 29 11 37 64 27 41 61 24 63 23 98 67 100 55 100 32 100 86 57 56 59 100 51 100 65 78 52 4 98 37 100 58 80 27 45 75 54 40 10 82 76 100 75 93 24 100 89 20 36 82 10 80 92 7 69 7 50 48 100 100 49 71 83 45 17 100 100 0 100 31 90 19 100 63 32 29 57 100 45 88 90 18 100 84 14 16 100 99 3 31 100 100 97 54 66 100 85 100 56 100 100 20 65 100 18 70 58 92 70 100 8 3 92 23 66 50 73 64 100 10 100 39 53 83 82 87 38 76 93 40 22 62 0 61 100 0 1 100 96 41 69 100 100 8 100 62 29 59 64 7 67 13 100 81 100 70 100 11 100 90 9 69 72 71 43 80 100
28 57 85 100 54 82 35 41 100 81 35 86 80 84 100 45 100 40 100 100 44 42 92 83 100 3 9 0 80 43 100 100 17 49 100 13 83 50 33 100 39 21 10 50 50 78 81 81 83 17 24 93 74 100 36 39 100 100 9 94 100 88 8 98 100 13 24 49 45 17 17 26 49 100 93 90 69 31 9 85 3 56 46 42 52 100 13 71 79 100 71 95 84 16 8 100 62 73 36 100 36 83 28 1 45 61 91 10 46 13 52 75 36 42 30 48 100 73 8 37 43 16 72 100 55 58 36 100 19 77 100 47 100 21 100 0 37 68 98 100 78 39 40 94 52 62 0 51 100 55 100 99 52 88 36 60 48 44 12 6 87 100 11 84 60 87 100 11 100 100 81 100 100 100 89 30 70 45 38 100 96 17 100 100 100 55 58 55 100 100 100 90 100
14 36 48 25 43 87 81 14 98 28 76 64 80 42 60 95 17 23 5 10 100 16 9 100 100 93 100 42 54 50 26 0 13 89 100 100 74 40 31 100 100 19 16 51 100 74 88 34 100 100 34 14 74 100 100 1 100 6 100 100 63 100 25 78 18 37 65 74 81 80 100 84 100 91 97 17 100 80 38 79 100 100 100 100 100 19 36 100 58 40 29 100 100 32 52 93 83 64 100 41 25 100 100 100 100 65 66 5 78 26 57 60 1 56 62 65 100 100 72 15 33 75 50 64 33 33 100 2 68 59 100 100 89 69 8 96 100 11 13 35 12 100 72 60 83 94 97 8 70 100 91 7 100 88 100 81 29 100 53 12 53 52 30 62 100 82 24 100 100 17 100 14 1 40 29 74 1 80 24 68 7 27 96 97 100 77 59 38 15 33 81 100
77 82 100 100 45 100 21 41 97 76 99 51 7 78 61 98 51 49 100 100 33 97 31 77 5 64 100 11 82 100 20 67 10 91 26 100 100 69 99 21 100 56 10 32 98 25 49 36 20 92 78 67 27 27 85 67 89 46 100 100 9 35 86 2 100 19 100 49 40 100 22 14 100 28 81 100 34 7 52 78 26 96 44 21 60 96 11 100 97 92 71 62 79 27 14 57 96 11 38 61 100 59 95 100 100 69 85 99 4 94 70 2 43 40 46 26 0 88 38 20 16 14 85 14 13 12 39 52 68 49 20 14 82 100 100 85 32 53 100 45 18 22 15 61 100 100 74 18 100 84 3 66 100 20 48 100 43 47 100 100 100 68 100 53 100 88 100 54 70 24 82 93 28 38 25 62 5 100 100 30 41 29 20 100 100 51 74 69 100 12 100
77 20 22 65 30 1 18 87 100 39 37 100 72 52 79 15 91 37 87 100 100 85 100 70 100 13 91 46 92 100 46 57 53 31 39 92 27 24 38 3 4 90 50 52 46 58 41 68 60 79 29 100 100 100 35 10 79 21 100 66 100 100 49 93 67 48 91 100 90 48 95 26 27 97 31 9 100 100 57 100 5 75 13 26 2 71 97 17 52 67 83 3 100 100 41 34 80 100 100 59 25 8 46 79 52 62 1 100 40 62 88 100 96 100 72 0 91 68 7 36 100 59 48 11 100 34 98 4 88 13 100 62 100 100 10 34 97 14 97 53 93 74 50 100 100 21 60 100 0 78 3 59 37 100 51 100 71 20 62 85 85 67 71 14 100 6 51 20 100 59 43 23 100 74 100 95 53 69 30 24 3 37 94 38 50 71 47 54 18 100
100 85 100 89 100 69 11 85 100 26 29 100 100 100 83 40 8 100 62 18 100 100 100 0 43 12 43 8 17 60 94 45 100 93 100 62 57 100 100 2 12 34 23 38 100 100 73 35 100 76 100 31 100 62 7 86 100 18 84 47 55 36 3 96 40 100 100 81 28 14 4 83 26 39 100 12 100 48 82 70 1 48 5 57 100 41 21 100 82 100 27 97 100 34 41 62 3 100 73 100 100 100 44 47 74 100 92 37 100 48 8 65 100 76 86 29 92 20 13 26 100 7 46 63 84 54 8 100 46 94 64 57 60 18 52 3 13 100 28 3 100 42 35 90 100 90 56 56 100 14 97 99 34 94 41 3 36 38 100 100 58 10 86 100 5 19 100 100 51 71 55 18 73 34 62 19 100 8 100 100 100 67 54 100 69 100 45 14 100
100 48 100 69 53 98 77 98 77 100 17 90 63 76 100 51 15 98 46 65 42 79 100 94 72 64 67 100 97 53 8 96 17 52 36 100 100 42 100 52 37 34 5 100 100 3 100 6 100 80 88 35 100 100 32 43 41 100 83 81 50 45 14 39 13 98 100 49 97 100 42 28 99 83 41 53 100 43 23 82 48 100 100 100 28 86 10 100 100 30 100 16 100 94 84 100 10 34 100 10 10 6 60 98 57 95 33 3 100 100 88 100 100 46 76 100 73 84 80 70 96 90 84 22 100 100 39 41 2 3 99 100 1 83 61 16 100 100 88 71 52 18 100 6 3 68 98 26 78 23 8 100 43 38 10 87 1 91 100 100 59 22 100 86 60 4 21 100 29 58 46 100 100 100 92 64 63 87 69 33 13 69 58 100 46 5 22 100
100 35 90 96 30 100 100 92 52 13 47 32 38 34 63 16 100 17 76 48 3 75 100 69 64 65 58 43 81 45 63 93 24 26 100 49 100 92 13 83 100 43 68 53 5 44 21 19 76 1 100 48 100 3 94 9 57 7 100 100 54 74 100 32 100 72 100 51 80 100 23 51 52 79 73 6 30 40 41 86 28 30 85 54 20 8 5 10 100 42 4 21 61 3 2 100 100 16 86 50 36 100 60 97 38 35 89 78 10 81 100 65 42 20 100 26 91 71 39 97 66 92 22 48 60 100 29 61 100 12 33 56 77 98 96 30 100 100 100 88 76 43 78 11 57 63 90 9 73 44 46 34 100 46 18 2 5 36 46 7 13 96 100 40 28 100 64 22 100 50 26 57 100 100 100 100 23 60 98 72 100 81 36 39 100 35 100
63 55 89 46 77 0 6 19 30 30 100 99 66 23 100 100 100 53 46 19 48 96 66 75 100 61 94 49 84 57 24 74 72 38 13 46 77 81 83 1 41 100 52 98 97 5 23 100 48 50 87 40 42 89 73 71 44 56 100 21 100 71 100 59 45 77 100 100 100 12 8 61 29 67 77 18 96 89 71 35 43 92 46 30 26 100 16 9 89 100 100 0 68 86 58 100 100 38 100 3 100 47 37 100 100 10 71 84 100 100 43 41 79 23 100 57 76 67 86 100 100 65 60 14 83 100 100 25 67 100 31 83 73 3 100 100 6 100 26 65 98 34 76 62 89 37 44 20 100 6 100 70 49 63 29 74 100 22 56 8 32 100 28 100 100 45 99 79 28 52 100 45 51 100 83 7 82 92 22 20 22 16 38 42 99 100
95 64 44 92 100 100 75 74 46 12 99 43 28 67 100 100 100 80 12 100 61 10 100 100 67 13 58 51 54 100 49 32 0 80 44 83 100 100 74 15 98 100 26 66 39 72 100 36 85 86 16 100 19 37 100 100 53 66 50 100 100 15 12 18 34 34 34 80 8 18 25 20 33 61 94 72 90 54 24 18 73 61 51 61 100 45 93 14 81 48 100 97 100 12 60 70 58 98 65 74 100 100 40 74 16 100 68 100 98 11 44 18 0 0 100 100 71 100 87 86 11 79 63 20 17 100 40 63 77 39 4 100 100 100 100 20 100 13 100 100 31 70 67 51 15 45 6 100 100 100 59 100 100 100 19 72 27 42 51 5 56 58 37 4 40 53 76 33 5 13 28 98 82 80 39 22 100 6 100 40 42 27 100 100 100
52 90 80 5 85 13 90 18 56 100 38 7 100 79 61 81 32 100 100 5 26 78 100 85 69 4 25 79 2 100 100 91 78 100 16 62 40 100 100 9 100 100 32 100 100 5 96 63 23 25 100 50 100 42 67 79 32 49 20 91 95 73 100 17 61 3 100 19 13 22 100 8 83 57 100 100 95 100 47 29 82 100 35 54 60 70 31 12 11 4 95 100 100 70 25 82 94 40 100 69 76 70 22 18 6 82 3 66 12 91 5 88 77 41 25 54 27 14 84 18 100 94 70 60 72 76 100 100 47 62 100 38 65 9 13 100 10 45 60 100 60 59 34 100 3 91 60 60 50 76 90 34 86 85 100 80 100 34 100 68 90 62 28 21 99 75 44 44 55 55 35 69 46 64 100 100 56 90 48 33 12 84 61 100
84 100 100 31 64 99 0 53 4 79 72 54 11 68 100 86 100 32 66 9 100 100 17 100 29 40 6 81 100 100 86 11 48 93 7 54 100 38 17 100 4 72 4 4 32 1 61 100 74 20 36 45 1 65 75 91 100 62 89 93 22 43 100 100 100 42 37 46 7 28 15 57 8 29 58 100 100 96 42 44 72 63 58 100 52 24 100 39 63 87 100 100 41 95 36 34 89 100 45 100 22 71 21 100 100 100 100 97 6 25 85 86 81 60 29 2 82 100 21 4 89 100 33 100 79 98 100 44 3 28 19 6 98 52 84 36 52 51 97 52 81 90 68 6 100 100 64 95 100 12 52 44 100 18 100 23 69 92 100 6 28 78 100 43 34 43 82 79 4 4 3 100 54 24 5 100 1 49 100 100 54 89 100
71 76 91 13 81 51 69 37 64 42 13 31 25 76 43 99 100 92 69 48 78 32 59 100 93 39 97 1 100 67 92 34 97 20 96 93 100 71 100 31 56 21 3 87 100 46 27 100 84 6 55 2 94 100 96 13 73 5 59 30 100 35 13 71 15 52 21 72 57 96 19 17 1 76 100 100 41 6 21 100 64 18 100 53 93 99 75 100 0 99 29 31 44 42 99 59 40 49 100 100 100 100 18 72 85 80 59 97 7 5 71 41 56 100 88 79 100 100 88 100 83 59 52 100 100 59 7 46 17 75 88 32 99 42 100 86 13 87 53 75 38 100 14 29 91 100 48 71 54 58 51 46 93 65 23 43 99 41 81 100 100 35 68 79 19 100 78 13 83 100 32 9 43 100 100 50 32 57 53 8 37 100
57 50 100 100 83 100 100 67 100 75 61 45 100 77 42 51 53 100 39 66 100 100 94 26 94 8 100 100 47 65 9 100 31 100 100 51 89 84 60 100 22 23 2 57 100 71 9 57 91 21 85 100 6 9 74 100 49 43 26 79 12 9 74 100 2 100 67 100 13 5 83 42 73 0 100 92 19 25 19 78 100 69 9 3 6 100 100 97 24 100 43 100 91 100 0 85 46 8 33 100 100 86 100 19 24 100 46 35 95 49 21 70 5 65 42 21 18 17 66 30 87 81 25 100 72 44 60 49 100 32 20 48 100 64 28 11 92 63 100 24 35 82 100 17 25 8 4 39 100 100 76 74 100 100 28 97 47 91 99 100 63 23 99 100 100 44 36 98 60 100 83 27 88 49 11 59 48 56 81 29 100
100 63 100 100 100 48 38 72 32 23 39 11 100 71 100 100 34 83 41 100 5 0 54 100 19 34 25 85 32 85 9 47 26 78 7 100 100 22 75 12 77 63 6 28 12 26 51 41 63 59 10 29 100 95 19 43 75 17 47 7 100 63 97 80 43 100 5 55 54 67 50 38 62 10 60 77 100 100 100 75 83 16 77 61 100 58 100 24 69 71 100 100 87 67 100 100 59 1 23 36 61 63 100 100 74 38 19 1 100 100 100 27 100 100 33 83 75 57 90 15 53 81 69 84 35 70 80 100 21 27 38 72 100 8 78 53 100 0 60 100 56 100 2 58 99 100 64 43 100 82 14 100 100 100 80 100 92 25 65 3 4 19 100 63 57 13 20 16 88 11 67 0 62 48 79 11 1 100 70 100
66 72 88 100 28 6 100 100 10 89 41 100 53 4 67 84 15 100 18 3 75 94 29 80 91 8 100 35 36 100 79 100 19 48 80 100 81 81 74 50 14 42 100 71 70 33 100 79 100 30 18 12 32 100 0 100 60 100 53 4 55 65 85 89 35 90 60 63 100 100 100 68 100 6 17 91 17 49 100 91 1 44 100 60 2 65 100 84 26 100 33 61 95 25 85 43 100 11 38 1 4 40 33 100 98 100 99 91 100 18 5 86 100 54 34 0 3 69 24 77 73 100 31 76 57 61 0 17 67 7 55 72 26 3 8 38 49 88 57 36 73 72 48 100 100 33 7 63 32 62 23 75 51 2 71 79 86 74 76 80 0 78 19 0 34 62 35 82 100 21 87 23 9 7 21 78 76 85 100
100 6 35 85 100 77 86 60 18 100 99 26 100 82 3 25 85 45 83 100 91 75 49 72 100 100 100 1 46 68 61 96 14 65 76 19 100 54 40 100 100 17 100 52 51 100 46 87 100 31 93 25 70 100 68 100 3 100 37 100 9 100 100 65 100 81 79 100 37 22 90 67 3 93 33 19 48 27 100 100 11 64 100 81 0 49 100 99 96 100 93 100 100 77 68 40 71 76 30 7 100 48 68 58 100 100 93 77 53 66 66 31 12 9 80 91 1 100 100 43 100 74 82 100 100 50 100 54 23 100 94 75 87 48 100 16 17 78 56 45 14 67 16 100 57 75 49 47 100 69 52 30 95 85 100 10 11 77 92 28 85 18 32 14 100 100 41 21 97 20 75 99 100 47 100 18 95 100
14 49 63 54 95 36 100 25 100 100 94 36 84 25 95 72 100 22 100 62 83 29 18 100 92 8 92 66 79 74 59 72 66 43 40 45 60 32 96 47 100 100 100 41 86 100 100 31 100 38 10 73 54 38 70 98 86 80 46 32 23 94 28 70 56 100 14 88 97 28 5 16 56 100 100 29 56 11 21 100 57 51 100 100 100 24 99 41 35 95 100 39 98 30 100 100 27 100 7 43 43 59 17 48 100 100 38 57 38 59 51 97 19 93 100 60 100 52 45 71 100 100 6 52 44 98 90 27 59 87 47 68 54 28 97 17 57 68 3 93 66 37 30 2 97 12 79 100 84 21 63 15 39 99 100 20 35 54 30 56 8 52 0 16 100 33 100 61 69 61 100 53 31 94 80 23 100
100 89 46 30 38 80 91 100 78 68 73 100 18 98 50 72 87 50 30 90 36 60 98 48 100 100 100 100 4 72 6 100 69 87 71 72 90 89 11 100 3 100 4 87 42 13 62 7 82 100 100 100 28 25 44 100 1 100 9 85 100 65 100 5 77 95 32 36 0 39 97 74 99 40 19 28 95 62 29 92 21 94 20 100 87 100 100 25 13 100 53 34 100 69 72 72 79 56 57 11 100 100 29 100 36 91 100 22 85 100 100 31 57 43 25 88 49 58 11 40 28 100 82 13 100 64 10 69 65 100 55 90 87 100 39 97 45 94 15 29 32 56 24 100 27 11 84 52 31 85 40 100 60 72 37 30 100 0 63 8 24 83 63 76 100 100 100 6 100 100 100 5 100 0 47 100
39 100 60 100 78 25 98 57 32 100 34 67 94 28 72 79 100 99 100 36 100 100 72 53 100 100 100 100 22 100 100 23 100 25 75 100 100 19 99 53 94 100 100 96 100 98 94 80 56 66 62 18 100 81 100 100 100 10 100 84 98 100 54 100 67 59 92 100 100 6 100 68 47 1 100 61 72 17 100 70 38 82 30 81 2 100 48 100 46 22 18 100 100 82 47 62 100 57 15 100 49 100 100 14 100 20 23 100 100 100 98 60 100 5 24 19 15 92 84 84 20 45 1 100 2 65 22 4 29 48 25 64 19 71 58 87 30 100 100 61 11 12 72 3 100 86 55 2 29 100 82 86 70 31 44 27 8 100 49 33 100 37 38 32 42 59 97 78 22 100 100 90 90 18 100
81 100 62 34 87 0 35 28 100 18 86 38 41 61 17 74 98 94 45 67 31 100 88 32 87 100 100 66 100 100 36 79 100 18 35 17 65 100 97 80 32 100 68 100 100 53 50 21 40 11 81 66 45 51 4 58 46 44 100 21 39 44 16 33 90 23 21 100 74 17 26 68 39 2 28 16 77 100 48 71 100 58 100 53 100 37 2 29 8 100 79 48 98 12 19 48 39 61 31 100 13 25 98 52 82 23 100 100 31 87 30 99 100 87 24 9 100 10 77 60 35 54 59 28 55 29 100 100 4 57 87 67 100 26 78 100 20 100 44 10 3 72 37 36 100 91 14 85 27 33 2 29 94 28 1 48 33 6 44 5 100 23 14 76 78 100 36 36 63 7 96 100 100 100
40 58 12 100 14 32 68 92 58 97 93 100 100 89 87 100 89 100 11 69 100 8 81 73 68 19 100 100 63 100 89 100 13 100 29 75 28 86 29 36 49 6 7 77 28 100 75 46 84 21 21 31 38 96 88 52 98 0 38 100 100 53 56 0 76 100 72 83 27 83 49 7 46 100 13 75 3 3 32 100 10 38 100 56 87 22 42 31 99 74 100 33 52 75 1 56 82 35 16 56 17 58 70 42 35 37 67 100 44 100 42 39 39 62 47 9 97 39 34 67 81 100 100 100 100 11 65 79 38 59 4 100 41 32 100 100 37 100 98 100 55 85 64 100 19 99 10 63 100 100 100 9 37 12 64 4 51 0 100 100 87 39 23 100 100 100 56 21 56 100 63 53 100
100 80 100 32 77 72 14 5 77 75 66 53 27 12 76 100 85 100 12 28 69 20 65 100 6 16 100 25 46 100 100 42 57 2 2 26 82 32 47 31 56 100 100 32 13 98 98 97 100 50 31 100 100 42 9 67 27 100 41 23 70 66 53 99 26 16 70 100 100 100 55 70 51 57 0 72 89 61 100 51 100 53 46 89 28 84 100 49 71 38 100 43 8 62 8 100 50 51 86 26 28 0 90 100 60 82 92 58 96 56 91 24 24 20 66 100 3 65 100 24 76 99 25 26 4 11 42 78 100 54 8 16 47 14 56 31 34 88 0 8 100 58 79 93 99 60 55 97 27 100 100 92 100 100 54 90 100 75 14 66 91 6 82 21 46 62 74 30 89 33 76 100
69 66 39 44 9 51 77 93 100 87 53 83 84 97 51 100 37 49 32 100 51 100 74 100 29 13 65 53 87 100 89 42 80 46 100 100 100 48 9 35 100 29 76 66 100 100 87 100 43 100 100 89 100 48 20 62 13 74 100 100 100 62 27 100 12 72 100 78 48 73 84 92 30 42 58 100 22 3 13 8 0 100 8 100 100 71 100 97 82 75 47 100 49 61 100 35 27 49 52 63 23 62 100 47 57 15 65 1 100 14 45 49 100 68 100 91 50 100 100 100 100 100 100 100 82 58 55 12 85 48 100 71 94 11 78 63 58 84 91 100 69 38 100 100 35 94 100 93 10 24 100 21 100 100 91 3 100 9 11 45 39 8 6 23 0 80 88 80 100 49 100
100 31 100 100 100 72 69 100 87 18 34 100 7 14 100 89 83 95 62 100 45 27 74 81 39 100 92 48 82 100 58 3 34 84 64 36 43 37 24 100 28 2 36 76 51 45 46 100 100 52 39 38 88 11 66 100 29 23 60 53 100 33 100 57 19 27 100 93 77 100 68 53 35 62 60 97 48 22 78 96 32 100 100 53 22 91 100 100 94 94 100 100 100 92 100 0 69 100 46 56 9 51 100 100 29 100 27 100 72 0 27 47 0 100 100 100 32 98 44 85 33 52 84 22 39 5 100 65 41 23 100 86 46 26 51 61 32 39 61 100 78 32 28 28 35 100 87 27 100 49 85 42 57 88 54 81 100 1 6 20 48 50 28 77 100 16 4 100 60 100
44 100 50 100 100 40 100 54 5 30 100 31 19 41 63 100 54 100 33 100 53 100 85 27 12 11 20 100 22 34 72 100 0 98 100 21 37 86 60 100 61 81 60 24 68 100 40 100 4 88 34 93 55 95 90 77 59 80 35 100 43 35 100 100 82 57 99 47 100 47 92 21 16 78 7 11 5 100 94 54 92 73 100 52 74 62 83 18 100 81 87 100 100 100 64 99 100 1 38 34 95 100 100 100 53 100 3 35 7 100 74 27 87 100 100 100 52 100 10 100 41 31 98 100 14 80 3 93 76 39 22 6 45 100 18 100 42 18 12 70 14 85 23 27 1 54 95 100 19 97 57 100 71 100 49 100 57 52 86 100 97 5 7 54 65 100 42 4 100
30 30 79 52 100 37 91 57 36 4 19 61 78 29 55 100 83 21 70 68 87 50 9 55 48 26 88 86 73 51 69 8 81 9 96 87 100 100 100 100 95 100 77 100 63 65 81 60 100 61 84 11 38 94 10 16 10 78 87 3 43 25 67 73 33 13 17 12 100 78 97 48 100 100 100 34 100 44 63 100 100 100 100 100 100 77 6 85 3 100 8 53 34 54 93 48 76 100 84 79 100 92 96 100 100 100 90 100 100 54 90 100 31 87 100 100 34 22 14 40 58 100 97 100 83 58 75 59 21 100 28 40 81 33 100 4 96 100 56 97 100 68 30 58 50 13 100 100 55 72 100 32 100 45 55 25 2 27 53 74 32 17 86 20 21 63 84 100
100 100 30 30 53 48 100 6 47 19 46 100 13 86 81 100 27 35 2 100 100 63 34 100 77 73 100 10 100 45 75 100 19 17 56 1 56 81 17 14 23 36 67 65 92 77 64 58 100 100 100 100 48 77 32 36 37 100 8 50 100 98 99 49 35 66 66 26 41 78 56 99 35 81 42 81 73 60 54 100 22 76 100 16 29 48 37 59 100 37 44 38 98 100 100 62 16 39 92 81 78 53 42 0 34 54 52 34 59 100 100 21 94 100 74 100 100 100 100 74 85 4 86 88 6 68 32 74 34 7 9 16 20 5 51 59 37 100 97 38 60 100 1 63 100 5 100 39 52 95 42 69 59 87 91 12 100 80 2 54 67 41 71 74 55 43 100
13 97 100 96 5 82 44 95 100 95 1 77 77 100 100 73 100 79 85 100 91 19 96 57 100 1 97 96 100 100 60 89 48 38 39 98 100 68 72 27 76 35 37 58 28 80 1 37 100 28 64 75 59 53 85 58 98 21 70 11 3 13 65 100 54 99 65 32 41 15 100 40 98 100 84 75 100 11 69 49 4 39 18 2 93 95 100 41 72 38 74 51 31 53 64 40 69 6 35 100 80 67 9 100 100 89 9 100 51 100 81 100 100 99 26 100 66 4 90 1 100 77 100 65 54 22 25 81 67 78 100 45 100 63 100 43 94 28 70 83 48 100 97 45 100 5 25 75 100 100 66 99 6 54 18 3 76 100 35 76 37 100 26 62 63 100
55 63 100 66 24 100 70 56 33 41 56 100 44 53 11 18 51 75 82 20 61 68 17 83 38 47 73 32 34 100 77 100 100 69 64 63 47 49 32 79 65 10 20 100 100 16 100 59 81 24 87 52 73 100 16 100 57 80 8 28 100 100 49 28 100 2 100 8 100 7 2 100 85 47 71 100 66 38 68 47 29 97 46 100 73 100 100 79 43 51 31 14 25 32 87 73 100 7 15 65 36 100 91 100 100 31 19 100 63 8 91 10 100 100 72 78 43 19 100 35 36 100 74 42 40 72 38 9 68 4 11 11 100 100 17 97 64 12 100 100 100 41 42 100 27 3 58 92 100 26 85 69 100 36 100 100 70 64 81 99 73 100 30 65 100
31 100 46 47 100 21 51 35 87 41 100 57 12 62 21 100 33 45 100 99 100 82 6 79 35 9 100 100 23 98 50 100 89 100 100 77 26 36 71 11 61 100 6 100 45 10 81 100 32 100 100 100 80 16 7 60 44 100 100 4 100 69 62 20 11 100 78 2 52 14 40 50 98 54 6 100 36 49 100 42 70 25 32 18 23 59 50 27 100 39 81 42 100 70 62 100 32 69 64 6 22 100 76 1 100 86 42 82 100 82 100 100 100 100 87 100 80 66 100 33 70 21 88 43 100 55 100 100 55 98 100 78 72 36 36 4 36 100 81 44 9 36 29 98 100 83 43 24 4 56 100 13 9 100 58 100 100 58 96 100 70 23 36 100
72 90 100 76 44 94 57 48 81 100 100 100 6 84 96 91 31 41 68 100 28 7 69 9 95 100 82 16 95 87 44 100 100 21 100 93 91 100 100 100 100 69 99 100 6 0 73 33 100 50 56 75 79 100 100 23 3 39 100 31 6 100 18 23 60 96 26 10 100 100 91 47 3 33 79 60 97 74 100 55 68 5 100 15 42 28 100 32 100 5 100 100 67 39 65 31 74 69 100 94 19 6 84 100 90 100 59 85 1 9 100 36 100 100 100 28 100 18 73 83 92 84 99 14 93 96 65 40 88 38 55 2 26 11 40 31 10 61 61 24 74 55 10 90 26 24 4 23 50 62 25 0 83 34 55 50 89 33 100 37 9 66 100
100 100 27 88 63 45 6 100 100 100 54 81 99 10 10 72 83 53 100 38 100 100 18 100 100 99 93 88 26 76 46 69 82 66 11 13 43 67 15 100 100 15 86 21 6 100 100 100 93 93 92 100 52 100 93 100 100 54 10 62 100 100 65 2 100 33 100 62 100 100 28 100 20 24 100 100 44 80 31 43 30 75 100 100 57 54 46 100 48 100 6 22 4 92 100 18 50 89 12 62 98 23 100 33 75 86 34 21 56 100 13 100 74 91 9 100 62 61 6 17 54 21 35 40 71 3 97 100 100 0 100 86 87 100 46 33 8 7 38 78 83 90 16 100 100 37 84 84 43 44 94 100 76 15 83 10 100 100 85 83 60 100
92 6 100 63 8 29 23 100 52 16 64 76 71 100 32 80 4 18 59 91 61 28 72 100 55 13 100 50 94 51 24 31 84 69 100 42 20 62 100 42 17 43 100 19 24 0 100 5 89 44 18 100 22 75 74 74 74 32 15 91 55 15 25 18 43 58 100 92 41 96 100 31 41 3 24 27 100 89 55 100 5 73 61 100 53 100 100 21 14 100 73 82 49 87 47 49 54 67 98 76 34 11 45 60 66 88 31 86 100 90 84 100 74 100 12 90 56 77 80 100 49 100 79 73 60 100 56 36 24 71 1 100 33 0 100 35 1 46 46 96 61 100 16 91 85 100 100 13 100 37 100 12 48 93 91 100 87 22 100 73 100
29 69 24 41 13 50 100 27 48 100 70 100 89 46 83 100 85 92 43 45 100 39 91 88 100 100 76 62 100 24 89 35 83 4 80 30 97 100 16 59 39 78 14 20 52 53 93 45 74 0 55 8 33 83 69 8 100 25 100 66 88 20 100 11 0 71 71 94 26 16 65 2 41 100 91 2 37 99 60 100 37 89 68 100 41 80 75 54 94 87 63 62 59 12 21 86 24 69 89 27 100 100 100 37 69 100 100 3 99 81 17 64 72 33 5 100 100 13 45 45 89 62 37 94 100 73 30 34 100 25 80 69 100 1 85 48 69 58 100 57 87 76 100 48 30 66 68 100 94 33 41 100 42 65 100 100 46 68 98 100
14 21 100 100 60 67 100 100 12 27 78 20 52 100 100 49 16 32 22 100 22 69 100 11 74 95 30 92 100 68 37 42 47 100 75 92 100 56 100 36 62 22 100 0 91 59 20 94 100 48 100 100 100 28 100 26 47 20 100 12 100 14 96 18 23 97 13 100 97 7 99 19 42 43 32 39 22 100 100 92 100 82 93 57 76 55 39 83 35 4 53 21 100 54 38 98 49 100 100 100 1 100 27 61 1 100 12 45 35 100 49 100 100 35 25 62 100 38 99 26 100 57 100 100 100 100 100 69 75 44 100 100 11 87 14 0 97 99 100 61 100 100 100 89 18 37 97 100 100 100 22 77 57 100 14 62 67 86 100
6 25 69 6 100 38 86 90 22 22 16 42 84 68 65 41 100 62 87 100 100 45 76 28 52 23 68 100 74 95 57 100 89 57 9 100 95 19 81 100 12 61 27 54 71 100 21 22 2 91 74 100 2 14 100 100 100 100 4 27 100 50 100 100 100 58 72 2 48 74 100 100 86 34 100 87 87 51 65 92 19 100 19 60 88 43 2 100 77 35 100 60 28 72 100 18 46 100 58 15 98 11 100 14 100 100 62 89 1 13 1 17 52 36 96 100 87 100 18 55 83 12 2 30 14 100 40 30 16 100 100 100 97 10 45 28 49 87 36 53 51 10 3 9 70 13 12 64 31 82 28 4 73 100 1 100 100 100
48 9 100 91 75 99 48 30 15 58 100 29 30 100 71 23 0 100 25 50 31 73 55 51 100 100 100 41 51 16 94 94 100 47 76 1 55 100 85 54 100 26 65 24 86 29 99 0 81 47 38 100 88 27 100 83 100 100 62 3 53 15 4 61 29 82 100 87 15 17 65 100 28 100 35 0 40 100 67 78 100 32 100 30 100 36 74 65 47 55 22 20 69 3 43 78 45 22 100 67 35 33 10 25 6 100 90 61 100 34 23 0 25 69 44 49 100 18 32 35 100 100 100 88 27 1 100 30 1 94 43 10 14 83 100 100 100 61 100 92 5 30 36 63 100 56 23 11 100 3 9 2 59 100 13 37 100
20 99 23 100 35 100 87 50 29 31 85 79 26 82 55 97 41 100 32 36 24 83 8 70 54 73 87 100 78 14 100 15 43 75 6 8 7 88 11 19 100 89 5 100 56 65 63 50 0 100 100 22 100 47 86 80 100 65 100 63 27 87 72 82 91 87 7 100 5 84 51 54 100 66 43 26 50 69 55 84 100 78 100 16 33 64 13 99 49 31 37 100 100 11 32 14 16 1 100 100 9 11 85 100 100 37 18 94 87 53 79 88 76 32 74 47 93 100 73 84 43 14 100 45 19 100 84 100 85 100 93 100 94 88 81 43 48 52 96 61 16 67 3 40 16 29 100 100 24 12 54 92 93 60 29 100
100 92 71 55 22 77 88 4 100 42 12 25 100 100 80 72 61 16 40 100 23 82 91 100 32 100 100 3 56 9 24 2 79 54 27 21 100 100 95 2 100 100 11 44 45 13 100 39 100 43 100 92 32 100 82 100 70 17 65 90 100 57 75 5 72 93 69 13 0 65 99 70 59 68 69 100 90 14 26 96 100 39 100 88 21 76 4 32 51 93 13 80 100 51 38 52 100 83 62 6 100 47 100 59 70 1 73 23 63 100 32 2 100 31 10 86 57 1 19 27 33 15 100 18 74 41 1 63 34 19 29 11 100 37 4 100 25 65 100 67 19 72 85 32 7 93 80 27 1 10 39 16 54 1 100
42 32 84 71 100 31 71 71 44 90 95 4 100 100 100 100 50 100 13 52 1 10 65 55 9 100 100 43 26 31 76 27 100 100 32 18 26 6 4 44 63 18 15 52 48 39 36 100 65 72 20 100 38 100 100 23 60 41 100 19 12 37 100 45 100 39 5 44 19 15 11 13 100 99 45 61 100 90 90 19 100 24 12 35 79 100 37 100 37 14 100 83 58 82 18 100 100 79 100 61 58 21 35 54 34 7 87 100 17 42 97 7 100 100 34 53 100 73 45 24 10 79 100 42 100 100 29 19 2 16 14 31 7 58 100 47 94 0 60 100 69 11 100 68 9 100 90 47 100 100 100 6 75 100
56 44 60 40 69 24 25 12 70 17 42 94 100 9 100 93 9 13 69 0 18 14 52 79 42 18 5 97 86 50 22 24 37 72 100 97 96 63 23 14 32 100 77 32 44 100 100 90 33 35 54 100 80 93 24 100 65 100 71 28 93 89 57 16 100 23 100 45 97 36 36 100 2 60 29 100 78 17 93 97 81 90 88 43 55 3 46 41 44 74 3 68 60 100 90 45 13 47 41 17 23 100 79 70 26 41 100 100 76 71 100 35 71 92 55 6 61 100 28 88 75 77 88 47 10 16 65 16 100 77 69 100 38 28 66 73 100 51 74 100 100 69 56 92 51 85 100 16 100 84 66 73 100
4 33 89 50 68 68 31 76 91 100 59 90 39 71 44 100 21 100 100 37 37 88 86 62 92 100 88 100 21 65 9 100 43 15 86 86 78 92 33 95 54 40 72 7 57 68 49 74 54 56 100 100 44 6 100 17 100 100 70 100 100 69 17 71 34 97 31 88 77 31 14 94 48 100 100 27 81 100 100 51 100 60 14 73 89 100 100 100 98 71 8 1 100 100 45 58 30 39 38 100 31 10 98 100 38 100 12 14 94 61 7 49 91 86 2 2 77 50 62 100 100 87 22 100 38 76 22 100 100 65 12 100 79 44 53 91 67 100 9 100 100 12 4 71 41 100 65 95 58 54 100 100
15 72 84 7 100 17 100 90 49 65 39 32 100 84 9 50 11 100 42 98 59 31 85 100 91 78 100 83 100 100 47 67 100 24 20 85 100 88 52 90 100 97 67 100 4 51 100 22 97 83 50 100 49 60 100 82 77 64 93 100 42 100 79 20 23 100 100 53 36 39 34 99 100 83 92 91 9 86 44 68 56 57 50 6 34 16 25 100 100 100 80 26 46 68 100 68 40 89 46 71 12 8 41 66 94 65 48 100 41 15 28 100 100 28 11 100 78 95 94 33 6 74 70 44 100 100 97 66 77 100 33 31 21 19 100 65 100 100 52 83 63 95 7 40 2 100 78 90 7 46 100
65 100 47 100 63 80 72 36 75 84 22 5 91 30 0 96 31 22 39 100 64 100 84 64 100 95 89 100 100 57 100 99 4 71 71 50 36 83 24 43 32 13 96 100 62 84 23 76 85 100 5 49 21 44 94 79 17 28 7 23 11 92 77 54 1 100 19 25 100 50 23 79 38 94 58 82 55 81 100 49 86 93 38 70 67 2 31 100 79 23 8 70 40 100 74 24 100 21 85 82 1 23 6 44 73 100 77 100 21 14 85 100 79 21 54 100 65 100 89 91 100 39 55 100 34 95 4 100 34 100 75 4 50 87 12 87 77 83 69 84 79 30 89 66 82 62 79 98 100 100
76 23 82 74 16 64 100 100 16 100 53 15 100 36 77 100 33 44 28 98 72 100 71 2 42 100 27 27 14 100 100 100 93 14 8 100 100 100 27 100 100 95 31 72 23 78 54 7 41 80 36 55 35 100 32 53 66 75 30 58 100 32 63 92 30 100 91 100 22 9 100 3 20 72 24 62 100 100 49 13 100 17 37 29 100 34 6 94 43 6 100 79 22 100 100 100 52 80 66 64 75 22 99 55 100 53 44 49 53 70 3 48 48 94 3 44 58 33 86 4 58 100 9 77 70 88 59 40 82 68 0 44 13 51 68 71 100 88 57 20 63 69 35 15 35 44 26 100 100
100 24 59 79 3 88 88 100 31 54 100 10 100 100 87 83 37 35 36 35 38 61 23 100 55 41 30 62 2 8 100 100 100 1 73 37 91 100 67 82 3 85 100 13 40 100 88 12 87 100 100 87 17 81 91 89 42 67 85 7 92 86 100 1 100 100 10 77 96 100 8 71 3 33 95 88 12 77 94 34 75 100 100 84 100 11 100 100 74 14 19 95 100 100 27 66 100 91 36 0 82 31 24 79 100 82 69 100 41 98 71 1 99 58 3 90 100 98 61 50 3 74 29 78 100 20 26 1 75 76 0 100 100 9 17 56 100 72 91 5 86 4 49 72 89 14 49 100
36 76 40 7 58 9 100 83 12 81 100 66 70 100 100 2 100 14 100 27 4 76 75 100 57 37 100 24 17 91 13 23 12 100 100 100 12 13 10 27 100 34 100 100 5 89 2 25 100 100 73 28 2 98 100 60 67 55 72 29 0 100 26 8 29 100 100 52 41 48 100 100 100 40 90 63 92 1 100 69 73 62 100 96 100 74 100 99 22 100 81 97 13 20 39 41 65 100 13 100 10 85 18 19 94 100 80 35 22 72 91 86 100 37 88 100 100 33 18 44 100 40 88 3 12 28 82 12 57 53 50 100 100 88 100 4 100 100 100 100 95 33 46 14 87 61 100
65 59 1 96 96 100 22 98 6 6 100 26 26 57 79 36 41 11 97 56 100 1 89 100 56 85 100 25 43 30 61 33 62 100 100 54 79 9 87 90 11 91 65 100 95 29 16 24 100 91 40 86 100 97 100 100 71 76 9 16 50 13 99 0 0 100 100 95 54 100 92 100 100 100 100 71 36 100 78 100 69 100 64 8 4 6 44 88 60 100 52 71 93 18 77 48 16 34 51 62 41 83 100 78 100 19 24 52 100 21 43 100 32 57 100 38 74 76 52 25 98 84 100 100 47 0 51 80 100 27 73 13 100 95 43 51 35 99 3 84 17 12 0 100 66 100
26 93 100 47 3 100 100 77 38 92 57 13 93 94 100 50 86 28 45 90 39 20 23 63 9 2 30 66 31 20 51 27 58 100 16 55 13 66 10 81 16 100 22 15 8 57 79 100 17 66 32 34 8 69 42 9 7 19 59 100 100 100 19 65 35 100 47 100 100 19 100 59 100 100 85 21 93 73 38 52 85 39 90 19 0 100 90 22 29 100 24 81 40 98 72 28 61 9 1 44 100 95 50 100 100 4 26 15 77 86 100 2 44 100 100 100 49 74 100 38 57 100 18 4 74 24 92 100 100 83 95 48 1 100 15 100 100 100 46 74 73 50 100 100 100
30 60 71 5 13 19 98 87 97 85 97 100 100 100 84 77 81 48 100 32 58 71 8 84 23 24 100 100 44 48 50 39 100 85 63 83 69 88 44 0 96 92 100 33 67 39 100 100 14 25 20 69 68 53 93 30 77 21 52 84 87 66 32 12 43 89 0 68 100 31 100 79 79 60 29 100 7 38 1 57 87 100 83 52 91 71 100 86 18 78 100 65 100 76 100 44 21 28 100 99 92 70 100 2 14 5 9 22 100 77 48 96 89 100 38 100 23 78 67 57 73 90 88 41 70 96 31 13 8 29 45 95 36 67 64 100 100 66 100 74 100 12 35 100
77 30 100 68 100 40 100 16 24 100 37 79 100 62 37 100 2 57 100 97 50 44 93 53 38 49 17 33 71 35 100 15 12 100 100 45 100 100 100 77 81 80 10 16 100 100 2 76 55 100 27 100 26 37 43 29 73 100 56 100 41 26 78 80 33 100 41 71 60 67 100 62 100 65 100 100 100 87 94 72 100 43 58 100 100 100 100 100 34 90 39 26 12 100 32 27 100 26 19 34 8 56 51 80 43 85 100 50 28 22 53 100 35 100 66 99 18 100 82 7 95 73 80 16 68 0 87 50 89 86 100 24 100 56 100 90 57 15 72 40 32 69 100
100 100 76 63 68 26 52 69 100 96 34 28 50 70 20 75 100 14 87 62 74 100 78 2 67 71 45 39 84 57 48 24 85 100 17 26 86 78 83 88 44 30 100 100 3 52 100 52 5 24 8 43 89 2 100 81 21 100 6 25 15 97 94 100 85 45 22 20 100 100 100 86 92 100 27 100 45 100 41 56 55 100 100 82 13 0 13 100 35 5 19 62 93 49 19 61 88 92 21 86 94 29 83 11 94 4 7 48 96 12 83 100 100 66 65 51 13 78 100 41 28 15 74 97 100 100 17 98 39 0 100 10 95 100 50 53 100 100 70 81 91 100
100 100 100 57 100 59 50 100 100 100 31 100 86 57 100 7 0 100 82 39 27 27 55 41 21 93 67 63 100 42 9 61 45 47 20 99 88 41 60 8 2 53 100 100 100 100 100 100 100 64 100 41 61 67 26 100 41 44 9 2 13 12 66 79 52 10 67 100 100 33 100 19 4 22 77 4 14 56 41 89 32 98 57 100 19 42 73 54 13 5 51 100 88 100 0 100 65 100 52 5 86 93 49 73 94 80 26 35 100 11 56 8 96 100 98 97 21 66 71 4 12 59 16 52 29 86 7 100 76 26 100 95 62 2 85 47 93 100 53 1 100
48 59 29 95 9 34 100 5 6 100 100 70 76 26 41 56 55 100 5 78 20 37 36 100 65 45 69 29 71 75 59 100 18 90 37 100 100 6 100 16 66 100 44 79 19 98 17 100 55 73 41 100 60 100 40 62 13 86 6 98 100 48 10 93 100 38 52 89 100 21 100 0 69 18 100 24 100 100 94 81 13 100 61 2 100 1 1 100 100 75 100 100 21 56 91 100 100 46 97 98 41 90 51 81 59 52 100 99 56 71 91 21 55 37 43 68 100 99 89 62 20 85 100 56 100 98 74 64 25 100 11 100 93 87 44 75 100 100 98 100
47 85 100 100 14 100 97 100 87 100 27 20 21 53 100 9 100 100 100 100 9 57 95 53 100 100 27 26 87 61 100 88 69 85 100 30 69 9 100 8 82 91 47 33 86 79 21 36 48 100 100 100 100 20 17 98 73 2 100 17 18 100 54 21 61 21 0 5 92 78 72 33 77 19 55 35 57 100 29 16 80 74 58 70 66 38 76 100 14 45 100 95 47 100 49 65 100 44 67 8 25 60 66 94 100 51 90 42 19 53 50 21 93 1 3 74 35 88 65 100 100 45 100 100 58 94 82 80 93 100 95 100 59 60 77 100 69 100 100
100 45 75 100 55 100 1 99 2 94 100 18 8 96 22 12 10 26 47 33 51 24 44 26 98 94 100 67 100 100 28 100 67 36 42 62 100 93 15 73 70 27 100 91 24 3 83 37 100 17 62 100 90 100 45 100 100 48 0 100 20 13 92 100 37 100 86 100 50 8 46 100 100 7 8 95 86 100 72 100 71 76 100 84 45 51 100 22 100 45 22 62 9 77 60 73 100 9 65 93 48 100 46 5 100 100 63 86 68 92 100 100 100 93 16 10 92 100 94 86 100 33 0 53 100 22 40 34 100 100 38 15 100 100 66 52 29 100
80 69 71 100 50 21 7 24 84 70 79 60 20 81 32 99 3 5 56 28 11 16 100 100 1 68 48 36 24 29 22 84 55 23 73 100 100 100 17 85 38 100 7 41 35 49 85 6 85 100 90 81 100 100 100 100 0 59 85 92 53 65 9 100 22 73 43 43 89 39 34 55 44 99 100 100 100 100 100 64 26 72 22 69 97 13 3 100 100 100 33 2 63 26 23 100 55 68 81 80 45 100 100 100 66 100 84 34 40 60 100 72 75 95 33 25 20 100 71 40 100 100 95 37 100 41 5 87 67 64 64 100 70 20 21 62 100
80 100 100 14 78 37 3 100 100 100 49 34 15 55 39 100 100 80 100 100 60 100 71 53 97 100 71 100 100 100 90 60 14 32 27 69 85 42 81 100 71 6 70 12 9 100 81 41 64 0 96 26 100 74 95 57 26 98 31 16 78 100 77 45 60 91 33 9 77 100 76 98 76 100 62 100 51 44 91 100 73 100 76 29 74 20 26 5 98 79 66 67 100 28 100 35 36 100 74 56 100 47 43 100 18 13 78 61 45 90 100 76 38 56 72 74 83 100 14 76 100 100 26 100 100 12 7 0 70 40 2 100 73 2 75 100
31 100 33 30 95 36 70 58 45 100 12 100 83 100 74 22 66 26 29 78 87 13 58 56 30 100 100 89 100 27 56 63 57 4 51 42 45 14 25 21 43 11 89 100 75 100 100 80 47 51 50 17 36 100 61 20 15 74 51 100 100 65 6 56 62 78 96 37 34 100 100 90 92 28 69 58 72 100 100 100 33 64 34 23 32 58 100 100 100 12 39 99 93 100 31 21 60 100 76 54 0 68 100 100 100 22 100 50 10 100 100 100 9 24 5 27 80 47 81 40 100 19 39 100 23 100 12 60 31 33 25 7 8 1 100
12 63 24 15 100 53 100 4 75 8 100 68 57 16 82 63 30 36 100 90 100 81 17 94 71 100 94 51 87 2 78 85 16 58 9 33 59 59 36 77 98 20 13 100 81 100 24 100 6 100 45 19 40 63 100 37 64 58 62 14 100 18 68 71 100 45 16 74 100 97 100 19 76 34 100 100 59 12 12 18 100 16 42 100 70 2 90 87 21 100 54 94 18 23 100 27 4 91 21 73 54 34 75 8 20 0 39 75 100 40 100 100 24 72 2 100 100 100 19 100 98 100 58 21 100 63 62 77 100 93 90 51 3 100
26 47 92 100 100 80 100 100 93 31 91 52 80 76 100 100 79 100 99 57 7 94 100 40 9 2 91 100 100 100 100 27 80 80 75 100 54 100 77 17 87 42 22 97 100 100 51 100 23 100 100 3 67 29 76 28 40 83 15 100 13 11 100 78 70 37 65 83 100 8 100 69 17 67 100 97 52 64 100 20 91 54 100 100 100 94 100 100 59 7 33 58 92 49 44 100 14 16 79 21 96 80 67 100 100 19 100 13 100 42 80 97 32 62 37 40 25 95 100 100 66 88 38 36 23 57 1 59 6 99 31 100 100
67 88 79 94 69 100 47 27 79 57 87 100 100 51 68 87 100 74 2 23 52 16 18 91 100 83 100 41 5 5 94 63 24 100 100 17 92 100 12 100 48 97 44 7 90 50 60 96 100 100 100 100 34 2 17 35 4 41 100 41 100 100 58 12 62 100 46 100 43 71 5 94 3 100 59 85 100 100 72 52 100 70 100 91 100 39 77 64 47 9 61 100 100 60 90 100 7 68 39 2 48 78 100 20 9 61 100 68 34 20 5 25 99 100 85 28 20 16 17 22 88 14 100 62 13 69 90 28 100 73 81 100
24 41 87 100 2 27 92 23 100 100 89 28 43 81 30 93 100 74 13 31 52 88 65 100 21 36 87 17 100 16 100 100 100 34 100 92 100 90 29 100 38 92 100 55 7 89 85 100 100 82 100 62 100 100 73 100 62 83 59 5 40 100 80 96 5 51 100 100 53 54 73 11 61 77 36 92 72 100 37 2 100 69 37 37 100 48 100 9 83 100 100 2 100 100 80 47 51 46 13 94 98 100 44 88 59 6 20 14 28 5 81 7 49 41 100 66 76 100 43 100 52 16 88 17 40 43 49 17 74 94 100
100 44 31 32 80 81 21 45 100 77 56 45 100 100 1 33 31 100 100 75 100 16 56 54 100 100 39 22 83 65 100 50 66 76 77 14 30 41 100 66 24 50 71 32 87 31 100 94 100 100 24 100 27 17 94 92 5 58 69 92 21 4 58 100 93 28 100 8 58 3 90 49 10 69 39 100 20 58 69 67 72 98 100 100 33 100 79 21 100 100 32 20 23 94 52 31 6 41 100 9 100 57 42 100 45 70 100 51 32 46 82 70 20 28 40 100 6 17 0 32 72 64 100 55 6 100 28 66 100 100
21 22 49 56 100 97 100 97 20 29 30 45 17 100 5 47 27 12 84 73 79 45 99 100 15 55 76 100 50 91 52 12 100 87 75 75 83 6 83 100 100 100 21 70 49 60 68 69 100 80 65 99 53 77 59 100 59 95 14 13 48 100 93 17 89 26 100 35 57 19 85 36 28 86 100 29 36 48 37 35 100 51 85 95 71 58 11 66 84 34 78 60 98 61 11 51 100 98 0 95 41 85 15 0 59 61 59 89 31 96 47 71 9 40 100 97 81 62 49 29 88 16 51 89 46 100 11 20 100
46 39 100 75 26 27 5 56 0 65 73 69 100 100 23 99 75 67 19 100 25 100 95 4 16 38 73 42 29 41 82 97 100 8 73 59 91 46 92 57 84 100 100 100 31 100 83 100 100 6 100 98 73 62 35 78 35 24 6 92 43 62 100 68 10 65 100 49 42 29 89 77 39 100 65 100 44 100 51 50 56 25 77 0 50 48 18 18 13 22 0 4 81 88 100 31 88 100 100 93 63 63 35 47 18 68 100 42 91 78 100 12 26 100 56 55 100 88 30 57 78 100 14 8 66 83 35 100
51 52 48 5 67 36 43 46 5 32 88 24 81 11 41 98 78 92 14 54 100 100 23 56 45 100 87 45 79 18 95 100 66 92 43 55 18 100 59 100 100 74 37 65 79 100 100 75 71 16 63 81 99 88 93 100 16 100 100 100 45 82 66 64 74 71 47 100 49 53 48 52 38 2 100 66 25 17 96 76 59 56 52 15 69 19 100 87 33 100 78 100 63 79 13 32 50 34 88 12 6 89 100 100 25 21 100 100 96 91 85 10 50 18 23 96 100 4 64 100 84 10 100 33 37 54 100
6 37 41 78 29 63 35 40 55 55 48 90 51 23 86 34 38 100 23 71 85 81 85 100 37 25 38 43 17 50 22 52 32 100 51 44 87 100 39 71 77 3 8 15 100 27 23 100 54 100 59 92 2 0 68 100 75 19 52 92 70 65 6 100 86 100 40 1 27 100 35 64 51 85 100 100 57 87 75 100 100 100 88 100 70 2 22 75 41 67 100 82 25 14 100 49 100 75 42 31 76 100 28 52 50 79 8 55 29 61 16 100 50 21 31 84 100 83 32 73 13 3 46 16 19 100
34 73 16 100 21 60 9 100 69 47 14 6 19 58 21 2 31 73 70 100 100 100 30 90 100 73 90 27 58 39 74 100 99 100 85 40 100 100 3 100 71 100 66 32 100 100 100 33 62 100 75 52 10 100 13 100 61 40 100 65 19 100 100 28 31 73 2 68 100 87 76 57 100 59 100 59 29 92 44 60 44 23 18 17 15 74 99 91 68 22 100 55 74 87 57 50 90 50 36 97 1 100 25 63 60 76 14 100 100 100 30 34 63 2 39 13 13 78 41 70 35 76 81 4 100
71 36 100 8 29 14 2 93 77 18 78 57 0 23 30 95 100 100 75 58 100 17 39 2 74 100 67 100 25 26 40 0 45 39 87 8 25 17 62 100 57 85 46 100 83 49 28 57 32 58 72 98 57 55 53 96 100 24 98 70 82 59 67 5 100 74 7 60 47 73 100 92 100 53 82 92 71 85 100 34 96 85 100 11 6 5 58 89 31 50 73 71 24 59 100 17 62 100 100 100 79 19 54 56 91 91 63 52 69 100 100 53 100 29 83 33 18 84 100 61 61 16 44 100
29 8 100 35 51 44 79 47 11 33 36 100 42 5 22 53 20 2 97 51 100 64 60 10 5 100 100 100 22 4 47 89 61 7 34 58 100 100 92 100 33 100 99 98 36 77 65 82 66 17 88 38 18 68 17 18 13 20 20 85 95 100 36 64 100 73 7 30 81 48 100 56 20 52 100 100 33 80 56 59 62 78 44 93 100 100 19 47 6 87 80 74 40 29 56 26 66 56 91 51 95 45 23 100 46 56 100 100 82 22 57 100 24 65 95 81 72 100 71 98 53 32 100
61 36 43 27 69 75 73 39 64 10 59 52 30 60 24 50 2 100 100 100 42 100 50 100 30 7 100 16 61 100 18 100 13 99 19 80 40 67 100 50 100 100 61 27 15 100 100 100 29 21 100 100 81 100 100 94 29 100 72 4 73 30 60 100 56 92 81 52 88 46 51 67 88 84 24 69 73 1 96 36 65 16 20 100 82 73 89 39 37 42 5 100 64 42 100 54 100 67 38 67 66 28 100 91 16 64 100 100 100 36 8 45 63 47 94 11 48 46 61 47 24 100
38 82 15 66 83 20 39 22 61 30 83 100 100 14 65 100 82 70 39 2 100 100 2 68 16 100 100 87 79 72 100 14 11 46 96 100 37 88 13 16 54 100 57 100 51 12 65 13 22 34 35 74 50 46 57 55 21 100 21 100 27 15 6 82 17 100 75 48 55 34 11 100 30 25 19 4 48 32 5 55 100 100 74 100 69 100 100 94 100 34 42 100 44 83 73 100 64 19 0 82 76 11 71 100 99 36 80 63 100 74 28 86 17 15 100 1 100 59 32 11 100
100 100 47 96 65 85 58 100 64 49 71 98 21 80 100 100 94 57 82 74 1 100 100 77 3 54 45 94 100 6 100 68 77 100 100 100 52 69 98 18 12 63 73 43 100 86 27 16 23 32 42 70 1 39 11 71 91 50 20 11 100 100 100 84 95 100 36 7 94 100 50 85 54 3 61 41 55 100 14 56 100 23 50 79 9 97 100 29 23 89 71 84 81 41 4 90 100 9 65 95 98 14 8 71 72 37 30 5 100 100 18 100 100 88 37 93 67 46 61 100
44 22 7 16 83 30 80 100 40 100 51 47 44 33 65 100 19 15 100 85 99 83 42 2 61 45 100 100 13 54 92 7 100 2 100 70 24 100 61 68 100 18 83 67 5 100 93 13 100 38 39 100 100 73 47 24 65 100 29 82 86 25 20 99 100 6 2 29 19 14 59 100 19 100 21 58 90 43 3 46 30 31 100 63 85 100 21 74 100 13 9 77 91 100 29 14 95 100 51 100 17 56 84 100 100 78 91 100 98 0 43 100 44 88 66 59 51 100 100
22 12 4 24 23 4 100 75 30 28 19 32 100 100 70 23 81 92 100 63 100 100 79 96 100 84 49 59 94 34 58 66 100 34 100 90 67 49 22 100 85 62 34 50 14 44 69 100 17 100 41 76 20 9 48 11 100 56 78 1 86 30 37 97 55 23 100 80 99 15 100 32 37 0 100 56 49 100 31 47 16 13 41 100 32 100 98 53 7 37 72 7 92 76 45 12 100 62 100 83 19 21 18 12 51 100 63 4 16 100 85 95 99 15 100 100 100 100
44 100 100 44 3 37 96 100 73 58 57 21 69 100 100 75 41 55 68 59 68 59 100 100 27 80 19 22 53 46 100 100 98 100 12 8 82 35 84 34 69 97 34 66 59 73 23 48 98 45 30 59 82 37 76 1 100 15 38 43 64 41 39 38 69 81 88 69 51 100 100 50 96 49 45 82 24 54 42 63 32 87 100 69 19 100 100 33 64 99 100 100 100 55 6 100 13 16 100 94 60 49 13 61 82 68 38 100 6 100 89 49 66 100 48 0 100
85 100 60 94 46 72 81 47 100 36 38 100 54 55 40 69 14 57 100 33 47 95 4 45 29 100 89 14 97 59 66 21 100 34 40 12 41 29 100 97 51 95 2 100 70 90 21 43 56 81 57 50 66 91 45 100 32 61 74 48 47 100 91 64 86 10 55 100 100 37 79 60 28 100 49 100 11 40 10 100 100 55 0 100 53 100 21 17 49 57 100 50 17 27 92 100 18 100 28 11 48 100 48 83 100 89 61 11 100 34 10 74 71 18 93 100
100 91 46 31 63 98 90 82 100 78 74 53 42 100 82 100 100 24 99 100 92 29 18 75 93 100 47 100 23 63 100 97 100 31 54 100 43 3 52 45 27 30 85 67 81 68 27 20 23 89 100 100 68 100 88 45 100 91 68 100 51 94 28 85 94 92 55 70 94 100 99 70 68 74 27 100 8 82 100 39 29 40 12 24 46 100 29 86 100 28 9 100 88 87 26 41 69 77 57 24 49 77 24 92 72 100 56 91 27 10 5 6 100 100 100
73 88 44 100 50 43 77 24 42 92 70 61 0 27 81 5 100 100 100 62 87 20 47 100 19 69 51 100 49 83 100 100 70 10 2 100 35 0 74 36 16 87 100 82 82 55 49 79 10 70 20 100 71 32 37 3 14 100 2 64 19 37 21 100 49 4 3 15 21 90 16 100 48 26 100 0 100 87 77 4 27 70 47 23 25 53 88 100 71 100 65 100 15 86 26 11 100 4 56 100 40 100 88 61 12 33 15 23 100 100 100 43 53 100
55 100 88 53 100 100 82 86 100 6 2 100 100 52 91 3 40 78 75 53 100 14 99 100 75 33 100 56 100 28 16 100 100 50 48 54 97 13 70 54 81 35 36 70 78 5 100 100 100 95 34 69 50 100 17 15 95 54 84 91 88 100 92 100 28 58 93 79 89 100 0 36 52 30 100 38 20 5 84 66 100 18 100 100 34 10 100 15 53 68 44 45 47 9 78 90 94 100 80 100 31 37 47 100 95 9 100 27 35 82 59 49 100
73 19 100 76 100 68 100 94 100 40 14 24 69 5 100 58 96 74 48 100 59 0 97 41 15 100 36 100 67 55 24 84 15 43 73 65 27 55 8 86 100 100 3 86 100 68 100 39 100 100 100 100 68 41 49 97 67 6 40 19 100 40 100 100 32 100 55 100 38 59 100 100 29 57 57 100 33 7 51 80 67 95 87 77 23 0 79 23 32 90 15 49 98 78 63 80 10 3 100 100 2 66 9 100 25 96 23 100 92 46 95 100
14 60 78 44 55 36 31 100 82 41 22 5 7 25 31 100 62 6 85 42 6 7 10 20 46 98 19 77 100 100 100 88 40 65 65 59 17 45 100 77 8 71 36 100 100 6 99 34 100 78 100 14 43 89 100 100 12 26 29 13 100 98 64 30 99 4 38 100 1 27 75 67 100 11 30 39 83 45 11 1 74 0 100 78 33 76 12 86 81 40 39 71 1 100 41 70 71 100 100 100 22 1 91 100 13 100 100 2 39 18 100
100 16 100 100 81 14 42 76 42 100 100 26 16 12 65 6 75 100 100 46 100 72 75 73 3 71 40 100 100 89 54 44 59 34 34 100 100 100 81 100 29 93 100 27 51 32 86 24 25 56 100 100 87 18 2 38 86 59 36 11 65 59 31 17 100 41 10 40 96 30 91 12 84 10 69 42 100 61 100 97 70 8 27 15 100 58 57 60 39 96 72 28 13 3 23 100 47 100 0 11 9 68 9 100 17 13 18 100 96 100
7 87 44 50 85 100 100 22 100 22 71 28 41 100 64 21 26 28 100 91 59 100 62 49 91 13 13 100 29 41 2 1 100 67 100 19 100 31 100 37 100 65 96 11 100 48 17 14 40 10 54 46 100 21 67 48 100 100 97 100 4 100 70 39 100 100 59 100 66 47 69 15 5 56 26 3 26 100 31 81 51 65 100 95 6 84 58 60 25 44 93 48 75 69 0 0 82 45 100 100 32 100 7 100 79 52 85 30 100
89 32 100 98 100 77 86 42 100 57 20 85 100 28 92 8 100 4 21 27 6 18 56 100 82 100 20 14 100 93 61 100 28 72 100 38 7 100 100 100 98 100 53 3 53 52 31 47 94 100 3 50 66 80 73 0 86 100 88 72 61 85 76 62 100 15 15 14 25 100 100 56 72 78 100 81 15 46 74 100 66 6 3 22 100 54 35 11 16 92 64 100 25 82 32 75 22 16 100 57 93 1 37 100 100 47 70 100
75 100 50 70 97 63 83 100 24 13 39 3 16 17 48 6 29 25 5 18 100 68 65 52 1 57 51 92 50 30 82 39 72 100 31 14 17 100 100 33 76 27 46 53 82 43 100 33 26 10 100 17 100 100 100 78 67 100 100 97 100 33 100 32 100 31 60 100 73 0 100 35 57 37 33 19 100 71 29 17 9 25 22 67 72 81 70 100 15 47 85 60 100 58 100 100 100 25 24 26 85 100 100 23 34 100 100
80 67 19 63 78 13 100 55 9 66 59 64 8 76 100 29 100 69 32 94 36 76 53 100 43 98 55 100 12 100 29 81 94 27 71 14 78 47 6 41 94 27 92 99 51 100 67 67 81 100 78 20 9 40 92 50 93 93 74 94 18 6 60 34 7 100 97 92 19 100 100 26 100 100 9 76 76 100 16 27 20 69 100 100 77 18 2 100 94 36 5 39 100 1 100 92 100 100 10 99 0 68 15 100 100 100
100 100 60 100 40 66 5 58 58 100 86 14 48 53 63 19 100 100 100 27 100 41 17 0 100 29 100 21 100 100 49 60 93 33 97 32 96 100 49 60 97 70 54 43 16 94 100 12 100 100 15 100 100 100 100 43 89 27 100 100 88 51 13 95 38 45 100 38 100 81 81 100 1 100 100 45 24 100 94 100 100 100 73 17 41 58 21 63 59 73 17 15 16 90 100 50 6 55 100 44 56 63 100 1 100
11 100 100 92 39 36 74 100 77 42 77 100 72 100 6 43 24 11 68 98 6 52 42 100 63 89 41 79 100 100 100 100 15 50 100 100 21 45 100 5 84 35 8 3 100 29 44 48 86 100 75 30 1 39 100 15 13 38 100 84 100 95 100 58 49 75 100 100 100 51 37 81 77 15 43 100 100 100 34 99 30 20 26 49 6 100 60 91 84 100 49 60 100 70 77 96 49 12 100 20 100 14 37 100
20 19 52 99 74 78 16 58 100 100 45 44 68 100 100 10 100 75 65 33 100 18 43 45 100 33 4 100 36 100 100 44 100 6 54 100 3 100 2 9 64 87 46 100 26 100 57 91 37 53 73 73 100 35 100 61 83 10 89 53 55 38 75 97 82 87 34 93 99 41 69 76 100 44 44 79 29 48 5 14 82 100 48 0 8 36 89 93 57 1 50 100 100 96 17 20 2 18 60 1 5 81 100
99 100 95 40 22 77 31 31 100 100 8 91 70 100 89 24 100 98 100 36 100 31 37 100 9 94 55 26 0 58 36 68 76 22 53 19 96 89 77 40 22 13 100 89 9 56 7 49 57 100 24 47 91 62 100 20 100 55 63 92 91 41 36 22 93 55 57 83 100 55 100 29 80 100 55 100 57 6 35 25 81 82 83 14 47 55 16 19 49 0 9 100 26 17 67 88 7 100 100 41 65 100
100 10 26 61 42 100 74 5 35 67 56 13 100 36 33 99 7 17 37 4 25 44 100 89 100 63 22 100 93 0 100 31 71 44 100 51 53 30 50 45 45 100 100 7 60 73 76 52 57 77 100 79 36 14 59 50 66 13 100 61 100 55 44 100 100 37 78 97 100 87 100 97 80 100 40 61 83 26 53 58 98 97 77 28 15 35 100 30 17 65 78 34 100 100 42 100 88 21 100 65 100
17 100 17 35 79 82 20 26 57 21 58 59 100 7 100 82 3 70 57 33 65 89 95 95 100 49 82 28 11 100 15 100 63 25 73 100 100 37 64 100 39 84 82 100 31 43 6 20 63 100 34 100 32 98 95 100 7 8 79 93 100 63 5 75 69 11 100 100 100 99 57 51 23 100 42 64 96 84 51 33 54 100 98 71 80 68 9 95 34 100 95 100 100 89 63 65 73 100 100 100
99 65 64 100 61 31 100 20 68 47 100 100 13 51 27 62 100 56 31 92 13 100 98 64 27 33 64 28 22 96 54 100 53 67 20 26 75 33 95 42 70 100 97 100 34 64 100 72 9 100 20 48 92 48 22 54 79 45 100 100 100 72 36 100 100 100 22 100 100 83 66 61 90 75 42 3 43 81 50 42 11 37 100 93 100 13 14 84 58 43 100 24 100 100 76 100 84 100 100
100 93 33 2 15 43 33 100 27 53 66 96 73 100 15 50 19 100 100 93 83 31 68 100 100 55 59 100 39 75 88 100 3 41 10 100 35 35 100 19 100 99 100 37 100 100 100 7 100 51 76 94 98 2 21 85 83 34 35 44 80 59 60 78 100 86 41 47 100 96 22 26 58 47 54 71 1 27 78 50 26 57 91 100 10 84 78 86 45 44 34 68 100 58 82 3 100 100
76 3 96 6 100 100 100 45 100 14 100 28 100 56 57 97 11 62 100 100 57 33 50 79 100 6 8 100 28 45 23 100 100 100 3 30 46 27 9 45 71 93 78 100 27 100 49 38 99 49 95 67 100 100 53 87 100 64 39 97 100 100 36 57 45 100 36 4 25 80 38 7 9 81 100 100 50 35 47 92 1 20 12 19 30 45 0 100 95 41 98 8 100 53 10 49 100
100 75 2 44 15 70 45 100 8 32 33 100 67 100 46 71 99 89 53 100 97 92 41 38 100 55 100 46 100 33 49 41 100 40 54 41 40 61 100 93 100 100 88 37 100 7 48 57 40 8 100 100 16 39 72 54 0 50 95 31 100 0 100 71 70 70 9 50 100 2 39 100 66 95 13 57 36 14 100 13 93 16 43 6 56 77 94 20 77 100 42 45 100 77 100 100
71 78 98 50 42 93 44 100 30 100 53 56 34 63 59 100 44 100 30 24 64 75 99 66 91 19 99 0 44 53 93 17 35 27 4 25 48 90 11 4 100 1 100 69 63 100 0 45 53 42 76 11 83 15 100 96 42 19 6 14 5 79 51 25 100 83 100 14 82 16 66 63 38 100 100 3 90 93 100 31 100 41 100 52 100 91 0 64 43 13 81 93 100 55 100
35 14 33 100 67 97 66 55 100 24 32 92 85 100 11 37 100 84 0 25 73 46 86 49 17 63 7 100 100 46 1 67 100 92 100 14 68 81 60 100 24 61 0 10 90 100 80 100 5 85 37 15 66 58 10 37 100 65 49 28 59 100 45 97 34 24 100 16 100 91 25 29 58 100 43 87 2 45 100 73 9 43 26 2 93 35 100 100 100 1 46 68 1 100
35 35 15 54 100 62 100 33 100 61 54 81 49 2 80 55 8 30 15 65 45 100 92 27 100 21 9 90 98 44 5 98 100 19 100 100 62 23 39 100 14 93 72 44 79 100 89 80 3 39 82 3 67 100 86 1 26 88 100 75 49 13 67 10 56 40 7 100 100 100 37 65 75 100 38 100 13 100 100 97 39 43 13 100 30 3 44 67 91 42 58 3 100
97 6 26 95 61 100 100 100 58 99 88 100 100 96 97 100 61 28 25 100 100 100 100 100 17 86 100 62 69 100 69 30 0 80 7 41 8 77 4 14 100 100 10 100 91 18 100 75 24 79 100 100 100 9 62 96 9 31 42 90 100 68 100 76 7 11 100 60 87 52 31 100 22 35 61 89 37 100 100 50 28 92 94 1 21 71 90 100 70 34 13 100
41 73 42 47 55 80 76 79 21 58 26 10 85 36 24 37 39 29 100 45 99 4 70 12 43 63 48 50 43 51 62 100 97 100 0 100 70 100 100 58 55 22 70 80 87 13 31 100 100 78 75 100 40 0 51 11 3 100 77 72 51 70 100 76 100 58 0 100 8 38 36 22 7 96 48 51 23 37 93 11 65 4 95 87 43 79 98 48 29 39 100
50 31 84 54 100 48 100 93 96 31 70 21 42 43 25 85 35 50 17 39 75 68 100 100 100 91 51 100 32 38 100 30 100 17 58 25 57 9 71 64 100 100 92 41 75 71 20 86 21 8 0 4 100 100 80 50 2 99 19 26 18 69 60 10 88 100 56 56 34 81 18 54 100 100 100 4 82 75 94 10 7 69 65 53 50 4 85 82 86 100
92 30 25 100 99 88 76 94 100 30 58 10 100 93 80 47 21 86 59 100 28 77 30 46 57 23 90 76 54 85 14 100 20 44 64 100 71 69 34 39 100 58 14 43 41 2 64 18 100 100 85 8 24 100 52 5 91 27 3 100 97 49 45 94 64 80 10 100 55 55 10 86 20 17 44 78 91 42 28 100 62 59 32 25 33 80 57 10 100
53 22 93 70 69 35 100 100 94 41 100 44 8 60 48 14 2 5 44 24 18 30 8 55 45 26 11 40 96 0 26 73 25 72 68 52 100 100 26 71 7 24 81 100 61 100 35 51 73 65 86 12 84 39 84 100 7 25 16 100 100 0 33 100 100 10 90 46 9 86 42 14 68 61 3 7 100 100 20 79 100 38 36 41 100 41 63 100
12 42 56 71 87 100 55 100 16 100 11 100 77 35 100 26 64 63 22 43 100 36 57 58 100 100 40 76 24 42 26 73 81 100 56 85 100 1 88 76 96 92 9 34 20 20 27 100 40 67 94 100 100 67 98 100 10 78 79 55 83 51 2 82 75 43 1 100 48 9 24 33 10 46 54 100 89 0 100 100 0 78 80 100 18 82 100
54 55 57 32 30 75 8 27 10 47 72 100 100 9 44 100 55 100 60 93 100 21 90 100 99 36 94 100 100 86 100 25 100 100 100 54 100 76 82 59 59 100 17 9 94 12 100 27 35 100 80 97 91 61 76 44 55 77 85 19 48 100 52 23 11 100 100 100 13 97 100 97 80 93 6 3 100 100 100 11 100 52 27 54 100 100
7 100 47 11 100 88 1 100 70 96 7 100 28 100 100 87 37 86 100 11 99 36 71 29 27 81 65 52 97 42 0 54 37 90 52 38 64 9 14 10 55 89 53 2 80 100 93 17 100 86 11 7 6 92 16 8 13 26 100 10 16 100 88 31 36 61 100 54 79 8 38 44 45 0 40 100 100 39 35 43 51 54 44 27 100
100 56 90 100 76 58 62 76 24 80 52 52 66 100 70 4 100 100 40 75 79 54 100 100 46 100 70 100 36 30 100 63 64 100 51 100 100 71 71 75 100 19 100 90 11 64 73 15 93 7 65 73 15 51 36 91 40 100 59 27 100 9 47 100 100 84 6 100 90 26 100 33 90 100 15 84 64 62 93 100 17 96 63 100
100 70 88 46 64 79 5 100 100 65 100 1 39 73 85 94 79 43 80 46 60 50 85 1 100 74 69 100 3 100 82 100 100 65 0 38 54 11 66 9 17 20 82 50 33 5 2 63 18 94 100 100 77 26 100 24 5 78 100 35 17 100 100 15 39 100 31 17 81 22 100 8 100 72 44 100 91 49 53 100 24 100 100
75 4 67 14 9 75 100 88 25 100 23 44 70 32 69 96 82 100 95 100 95 81 22 98 80 99 40 3 12 24 72 20 9 100 55 100 92 51 98 100 100 100 17 21 100 57 68 12 16 32 52 3 75 45 66 100 71 30 31 100 79 15 51 56 26 100 15 92 100 12 19 2 36 78 31 41 100 10 100 100 36 100
61 99 68 12 39 15 79 55 100 100 66 50 53 100 17 100 79 8 24 100 25 63 87 52 62 74 100 38 100 16 100 100 100 65 84 36 95 52 55 67 72 38 100 70 71 48 73 45 4 73 54 71 100 44 59 100 100 22 50 29 47 15 42 96 100 39 24 81 15 98 36 91 99 11 74 21 23 79 55 57 100
80 100 53 1 4 43 98 100 3 59 69 38 54 68 100 2 57 55 52 86 88 21 100 76 59 4 1 17 100 75 43 61 60 84 55 66 76 71 17 99 59 39 95 52 10 97 70 30 100 100 90 15 98 91 86 76 48 9 53 63 100 33 61 100 100 37 39 44 92 24 93 64 23 100 38 51 46 62 67 100
21 2 80 78 100 57 12 80 99 100 7 42 82 62 100 95 46 3 89 51 98 38 34 98 53 29 1 12 100 100 47 100 16 100 100 9 7 14 22 25 100 11 61 39 58 77 100 100 72 100 1 42 90 91 60 50 97 88 85 70 24 100 100 52 54 28 72 58 82 73 39 100 78 63 17 95 100 45 100
46 36 100 100 24 91 100 100 62 100 100 100 39 53 5 100 100 100 88 94 25 33 100 72 96 100 84 73 68 68 84 61 52 98 66 100 92 91 45 43 27 49 41 100 100 38 26 100 65 13 55 71 64 14 45 100 35 95 62 100 73 99 3 21 28 100 16 65 78 19 25 100 17 49 100 59 20 100
100 100 100 6 82 100 100 41 31 0 51 64 37 37 15 13 67 13 7 63 58 82 39 21 28 98 45 52 100 47 100 97 92 100 79 19 89 100 44 83 100 34 100 93 100 73 58 16 100 100 74 25 24 33 100 16 100 4 17 5 80 22 100 27 16 100 100 10 74 93 100 29 19 100 95 100 100
100 42 60 97 64 29 27 100 52 85 100 79 62 79 100 16 78 55 28 61 53 100 100 15 78 86 18 79 38 100 3 14 85 97 79 79 6 7 39 100 100 71 43 20 15 100 70 94 100 7 46 29 84 86 26 26 71 100 25 86 54 46 5 6 96 31 84 74 0 89 86 10 100 0 40 100
54 100 41 71 54 100 29 77 66 54 38 100 17 21 2 50 32 65 34 62 100 6 80 81 7 100 85 46 44 79 9 80 62 95 17 87 86 6 52 100 15 36 10 88 100 100 2 33 3 52 47 54 88 69 74 89 100 98 83 100 83 22 39 45 100 87 78 100 34 8 48 78 40 67 100
15 71 43 100 67 100 100 11 94 8 97 4 71 79 15 100 98 32 62 100 25 100 100 64 36 32 100 100 95 64 87 52 100 64 86 30 46 19 78 76 100 100 39 82 87 88 32 92 4 100 100 63 61 79 100 38 100 52 25 55 48 96 100 89 54 60 6 54 71 47 4 30 100 100
97 11 53 17 25 78 40 0 4 87 43 100 100 9 8 84 65 76 23 33 100 100 76 38 100 70 100 100 100 91 100 45 100 26 64 100 26 80 76 31 17 100 46 100 36 12 64 96 32 70 99 64 100 81 83 30 78 78 60 100 8 100 100 100 88 100 18 89 42 30 63 100 100
100 100 46 100 31 30 30 68 35 100 100 4 17 99 100 40 49 33 43 78 86 56 100 90 66 5 56 45 100 72 85 100 38 54 70 72 38 53 99 56 84 29 66 67 91 100 100 49 67 100 100 75 86 34 58 80 81 100 100 85 100 29 48 18 2 59 80 100 62 39 96 100
2 1 2 76 39 87 87 49 27 68 75 50 22 30 100 84 100 20 33 100 100 67 56 52 49 56 21 46 100 100 75 83 11 65 78 98 100 62 100 100 100 85 95 25 84 100 73 43 100 48 25 63 100 100 61 28 74 100 100 29 67 32 100 100 41 75 99 90 75 33 100
100 100 6 1 68 98 68 100 60 93 15 14 95 88 70 100 1 54 92 64 19 100 22 100 100 48 5 61 100 76 87 61 59 44 34 57 100 79 57 56 58 16 24 100 18 86 1 40 35 79 33 23 100 22 69 100 100 100 0 26 31 75 45 73 70 100 100 100 41 100
100 16 55 64 31 13 43 100 98 44 77 85 11 24 66 61 48 91 42 60 100 67 94 45 42 13 100 51 75 47 23 42 41 6 11 53 46 65 87 52 64 100 17 59 92 9 66 63 60 83 84 55 88 10 77 30 90 98 97 100 0 92 96 11 8 7 49 5 100
19 83 29 46 34 100 57 82 15 100 94 89 100 62 92 100 55 35 100 86 77 77 62 35 90 100 27 39 92 54 66 2 27 75 12 93 25 11 100 75 19 95 46 64 92 55 17 100 68 89 69 84 82 100 54 80 53 95 13 71 100 79 48 100 69 7 100 100
77 49 79 87 48 100 31 100 36 72 82 8 75 60 56 25 81 87 6 98 35 100 89 13 7 87 62 82 84 17 64 82 65 55 9 100 97 100 80 32 100 55 100 28 37 100 100 2 21 100 100 32 52 91 100 59 8 89 24 76 71 100 40 90 1 59 100
19 91 50 27 100 41 95 71 19 100 20 74 41 50 72 100 12 38 36 100 91 15 23 67 63 83 65 52 100 5 22 61 68 67 100 25 79 55 100 12 70 72 100 60 82 72 3 100 1 51 60 70 0 85 89 62 50 21 68 4 44 56 83 13 96 100
37 21 27 20 5 100 92 100 42 83 2 100 11 31 57 31 100 18 91 79 98 86 7 63 12 19 89 58 17 31 27 68 100 35 84 100 28 80 31 29 52 80 100 86 99 100 45 13 93 100 26 4 88 24 27 53 93 81 63 83 49 16 95 64 100
81 76 4 73 97 24 100 27 55 60 65 49 10 98 100 97 57 100 100 51 79 94 58 2 100 63 66 63 52 81 22 100 4 77 5 5 83 67 84 72 50 83 87 71 93 40 100 100 100 100 45 27 21 62 90 94 84 34 74 2 100 50 17 100
47 100 42 30 98 5 100 24 11 68 100 5 86 100 100 19 100 74 94 71 91 100 8 5 76 100 98 100 79 100 4 100 26 83 67 26 100 18 100 50 48 5 9 72 15 35 95 20 100 100 20 100 61 100 70 100 2 74 100 37 7 88 100
11 100 93 55 41 90 97 100 79 96 4 2 100 95 100 42 46 100 100 78 45 71 69 72 84 28 10 57 26 100 79 100 34 74 100 54 15 84 8 14 68 7 98 100 100 100 13 48 100 100 64 44 70 86 30 86 50 100 100 10 97 100
100 36 8 25 100 37 17 60 20 97 59 100 70 56 36 100 31 66 48 56 81 100 23 100 34 17 5 44 76 26 43 18 33 72 84 76 41 28 100 4 100 100 2 100 4 100 100 57 41 87 68 33 100 1 26 75 62 52 90 100 100
19 38 35 5 10 5 24 100 74 1 41 10 73 100 100 100 61 100 42 96 41 15 100 100 51 74 74 15 21 52 71 64 62 100 88 56 100 82 92 100 96 21 5 54 60 20 78 100 61 75 27 1 100 100 87 88 49 57 100 100
4 87 14 14 48 100 100 31 95 100 4 18 27 100 2 100 55 80 100 74 100 6 100 42 30 100 100 88 39 100 57 33 77 1 54 17 62 92 91 92 22 41 56 7 10 43 62 57 69 18 100 22 59 77 100 100 86 97 100
100 4 38 20 82 43 56 30 100 44 51 78 6 70 67 92 100 100 76 26 37 23 76 96 89 30 100 2 27 75 98 82 49 100 37 25 78 27 100 100 18 70 43 100 8 92 100 100 100 58 59 37 63 93 15 53 28 100
32 63 48 43 100 66 85 21 78 95 48 100 79 20 100 70 86 72 100 100 8 100 72 100 100 50 1 5 84 18 100 100 35 100 100 77 45 20 50 83 47 100 7 100 69 59 60 65 28 100 100 10 43 43 18 97 100
74 100 55 35 82 34 93 84 76 39 78 100 38 2 62 65 64 59 93 24 50 17 25 100 78 100 76 30 53 100 100 36 100 41 44 37 100 100 1 5 69 49 10 23 13 100 100 50 63 58 81 51 3 54 63 100
100 100 50 4 89 100 83 53 15 55 67 31 57 84 0 100 20 93 46 79 10 15 27 54 84 100 100 91 68 80 60 13 100 7 80 100 51 3 100 97 52 32 9 87 67 67 18 69 15 100 79 7 82 33 100
66 22 90 56 32 22 39 100 100 93 22 54 100 9 77 15 21 76 100 77 33 41 38 39 100 8 93 100 32 23 69 54 41 99 46 15 27 1 28 76 95 48 26 32 100 42 38 47 100 26 97 100 29 100
22 68 80 47 100 100 63 47 14 100 100 29 6 100 44 68 100 90 30 6 64 84 100 98 100 35 74 90 20 51 26 60 65 73 43 27 100 100 100 100 11 5 25 35 95 100 96 58 15 72 92 69 100
29 100 100 40 100 43 73 100 9 43 100 100 96 87 49 3 100 95 83 100 23 81 100 100 100 84 100 100 44 73 100 100 55 100 46 93 30 83 15 100 45 66 100 100 100 53 9 52 100 9 5 100
43 14 64 5 100 95 100 27 24 18 10 1 25 100 20 100 83 56 81 14 18 39 100 65 100 17 42 1 61 100 71 67 100 97 100 93 11 46 100 4 94 70 50 82 7 100 53 81 6 9 100
72 100 100 100 74 88 100 42 16 1 22 7 52 56 45 31 100 100 100 98 60 71 22 49 39 32 92 100 23 58 51 10 59 27 100 4 100 9 7 36 3 100 42 69 100 100 64 67 88 100
89 5 59 89 2 86 35 100 100 100 72 100 83 100 100 94 79 30 49 86 47 28 68 100 37 19 71 66 100 11 70 77 95 90 11 7 96 97 100 100 1 85 95 67 100 41 43 100 100
21 72 14 90 63 31 23 77 100 100 2 83 78 40 16 54 100 78 61 52 90 44 100 4 64 34 5 83 85 100 100 53 30 18 84 38 81 100 100 51 70 100 74 41 100 100 1 100
86 78 14 85 98 100 100 79 42 3 2 10 2 39 15 100 100 79 100 11 100 54 100 98 88 56 100 100 94 100 29 100 77 63 58 74 29 92 12 77 14 98 40 24 99 58 100
100 100 21 56 69 64 4 100 100 60 65 41 74 69 57 67 92 61 81 69 69 75 3 86 3 98 50 65 100 39 98 18 86 69 28 65 78 54 100 94 14 100 73 44 36 100
100 100 62 4 76 86 79 89 80 81 100 37 71 100 42 90 93 100 100 6 67 28 89 29 5 100 27 100 31 86 1 73 15 100 100 49 22 100 26 52 52 100 34 95 100
26 100 100 100 28 5 14 42 50 82 95 28 59 100 62 100 96 100 17 4 15 70 15 100 73 24 34 60 2 100 100 18 44 100 31 7 100 10 88 100 100 100 100 100
100 100 100 100 100 100 100 100 100 100 100 100 100 100 100 100 100 100 100 100 100 100 100 100 100 100 100 100 100 100 100 100 100 100 100 100 100 100 100 100 100 100 100
100 100 100 100 100 100 100 100 100 100 100 100 100 100 100 100 100 100 100 100 100 100 100 100 100 100 100 100 100 100 100 100 100 100 100 100 100 100 100 100 100 100
100 100 100 100 100 100 100 100 100 100 100 100 100 100 100 100 100 100 100 100 100 100 100 100 100 100 100 100 100 100 100 100 100 100 100 100 100 100 100 100 100
100 100 100 100 100 100 100 100 100 100 100 100 100 100 100 100 100 100 100 100 100 100 100 100 100 100 100 100 100 100 100 100 100 100 100 100 100 100 100 100
100 100 100 100 100 100 100 100 100 100 100 100 100 100 100 100 100 100 100 100 100 100 100 100 100 100 100 100 100 100 100 100 100 100 100 100 100 100 100
100 100 100 100 100 100 100 100 100 100 100 100 100 100 100 100 100 100 100 100 100 100 100 100 100 100 100 100 100 12 100 100 100 100 100 100 100 100
100 100 100 100 100 100 100 100 100 100 100 100 100 100 100 100 100 100 100 100 100 100 100 100 100 100 100 100 100 100 100 100 100 100 100 100 100
100 100 100 100 100 100 100 100 100 100 100 100 100 100 100 100 100 100 100 100 100 100 100 100 100 100 100 100 100 100 100 100 100 100 100 100
100 100 100 100 100 100 100 100 100 100 100 100 100 100 100 100 100 100 100 100 100 100 100 100 100 100 100 100 100 100 100 100 100 100 100
100 100 100 100 100 100 100 100 100 100 100 100 100 100 100 100 100 100 100 100 100 100 100 100 100 100 100 100 100 100 100 100 100 100
100 100 100 100 100 100 100 100 100 100 100 100 100 100 100 100 100 100 100 100 100 100 100 100 100 100 100 100 100 100 100 100 100
100 100 100 100 100 100 100 100 100 100 100 100 100 100 100 100 100 100 100 100 100 100 100 100 100 100 100 100 100 100 100 100
100 100 100 100 100 100 100 100 100 100 100 100 100 100 100 100 74 100 100 100 100 100 100 100 100 100 100 100 100 100 100
100 100 100 100 100 100 100 100 100 100 100 100 100 100 100 100 100 100 100 100 100 100 100 100 100 100 100 100 100 100
100 100 100 100 100 100 100 100 100 100 100 100 100 100 100 100 100 100 100 100 100 100 100 100 100 100 100 100 100
100 100 100 100 100 100 100 100 100 100 100 100 100 100 100 100 100 100 100 100 100 100 100 100 100 100 100 100
100 100 100 100 98 100 100 100 100 100 100 100 100 100 100 100 100 100 100 100 100 100 100 100 100 100 100
100 100 100 100 100 100 100 100 100 100 100 100 100 100 100 100 100 100 100 100 100 100 100 100 100 100
100 100 100 100 100 100 100 100 100 100 100 100 100 100 100 100 100 100 100 100 100 100 100 100 100
100 100 100 100 100 100 100 100 100 100 100 100 100 100 100 100 100 100 100 100 100 100 100 100
100 100 100 100 100 100 100 100 100 100 100 100 100 100 100 100 100 100 100 100 100 100 100
100 100 100 100 100 100 100 100 100 100 100 100 100 100 100 100 100 100 100 100 100 100
100 100 100 100 100 100 100 62 100 100 100 100 100 100 100 100 100 100 100 100 100
100 100 100 100 100 100 100 100 100 100 100 100 100 100 100 100 100 100 100 100
100 100 100 100 100 100 100 100 100 100 100 100 100 100 100 100 100 100 100
100 25 100 100 100 100 100 100 100 100 100 100 100 100 100 100 100 100
100 100 100 100 100 100 100 100 100 100 100 100 100 100 100 100 100
100 100 100 8 100 100 100 100 100 100 100 100 100 100 100 100
100 100 100 100 100 100 100 100 100 100 100 100 100 100 100
100 100 100 100 100 100 100 100 100 100 100 100 100 100
100 100 100 100 100 100 100 100 100 100 100 100 100
100 100 100 100 100 100 100 100 100 100 100 100
100 100 100 100 100 100 100 100 100 100 100
100 100 100 100 100 100 100 100 100 100
100 100 100 100 97 100 100 100 100
100 100 100 100 100 100 100 100
100 100 100 100 100 100 100
100 100 100 100 100 100
100 100 100 100 100
100 100 100 100
100 100 100
100 100
100
