200 100
23 71 100 12 67 51 36 35 67 100 38 44 66 70 14 79 29 67 65 53 63 14 5 11 40 15 27 100 91 30 54 82 2 100 25 49 4 2 21 42 100 7 44 59 76 22 41 18 21 28 29 48 100 100 18 93 89 100 29 61 100 7 95 31 75 55 75 52 10 92 56 63 94 34 88 62 2 40 0 34 40 56 3 76 69 44 46 62 92 100 40 52 100 7 52 7 100 79 68 23 52 3 85 2 87 98 52 33 84 71 60 36 73 37 65 53 33 44 86 31 100 25 22 52 46 67 39 26 46 79 20 50 45 27 0 91 43 84 70 96 26 78 51 11 86 36 24 63 26 5 50 51 52 44 92 100 39 50 86 23 100 88 100 72 100 71 100 81 9 16 100 98 61 90 15 25 0 91 12 94 62 18 76 92 26 93 39 71 17 82 86 55 96 100 100 80 23 72 96 100
93 100 84 23 90 86 51 100 76 94 79 15 3 35 48 32 86 100 78 10 44 100 100 31 100 11 62 100 100 41 77 76 100 77 93 55 59 35 91 63 81 64 17 100 51 16 48 96 80 54 29 65 77 14 15 100 63 51 100 51 100 15 94 100 100 45 11 87 100 45 11 28 100 86 92 35 74 53 44 100 93 100 97 100 100 28 48 54 14 100 48 79 98 79 56 100 100 22 100 66 79 100 23 100 30 72 29 23 64 43 100 8 58 62 100 100 62 38 82 10 26 33 75 67 100 100 100 8 3 0 0 14 54 100 41 59 84 72 95 100 21 100 88 48 36 100 38 71 27 8 51 55 97 53 100 50 2 94 100 68 23 68 60 42 91 70 55 51 26 90 60 30 13 1 78 73 24 81 47 49 100 100 100 94 44 100 72 12 61 4 38 71 9 83 74 45 3 68 100
10 90 97 40 68 100 100 100 99 12 66 56 100 71 1 27 60 72 70 52 13 52 13 48 100 100 2 94 73 45 54 15 83 58 80 38 100 36 91 72 82 100 26 23 5 32 86 100 81 100 100 38 12 25 66 36 93 14 81 100 47 37 56 100 94 100 94 56 97 48 100 31 100 31 67 78 100 28 68 56 35 64 100 72 98 49 62 82 5 37 86 66 100 85 69 26 69 32 31 83 83 100 3 62 11 75 5 100 16 6 4 100 75 18 89 100 80 99 99 14 21 65 56 93 43 82 74 11 75 24 100 15 30 39 7 100 2 80 51 22 100 81 7 71 99 77 55 81 100 19 55 73 45 100 72 42 35 14 25 38 85 66 25 65 90 100 73 100 36 92 95 61 100 92 76 50 64 100 1 76 100 13 24 42 2 75 2 99 57 62 94 0 11 37 38 51 57 100
80 92 81 56 74 16 100 75 57 33 66 63 7 45 20 76 88 100 44 41 47 29 45 54 89 100 61 19 82 93 79 89 26 38 40 85 23 100 73 71 100 100 100 78 45 15 54 100 96 100 59 36 100 53 84 19 68 94 80 68 32 100 100 24 73 1 35 72 14 100 19 100 24 100 30 59 73 12 85 3 100 58 17 51 16 28 7 76 65 100 26 44 89 89 100 100 31 88 82 100 60 66 100 62 100 96 55 23 48 100 26 6 30 77 67 27 46 100 100 74 100 62 18 100 11 96 8 100 53 100 27 86 20 49 65 76 15 100 99 13 21 32 27 58 59 92 28 95 35 76 20 91 60 100 83 64 91 8 68 70 91 29 42 66 19 100 100 81 59 64 59 100 43 59 85 74 21 100 80 92 100 100 22 97 22 37 56 47 16 60 91 89 77 46 100 43 100
69 34 100 82 8 23 93 100 92 19 4 100 16 65 84 14 23 28 17 12 34 20 72 100 91 60 86 57 7 88 77 79 32 29 5 10 1 72 43 63 52 13 18 100 96 88 19 31 76 100 31 100 100 54 50 84 65 100 39 0 100 100 36 66 100 79 37 15 18 26 12 34 24 100 100 57 33 19 21 41 39 61 82 92 44 83 43 85 3 100 55 15 5 10 100 40 7 100 11 100 84 47 95 100 2 38 42 1 40 100 62 48 94 8 4 53 72 58 49 68 66 16 37 14 52 100 57 46 86 100 23 84 38 100 25 68 100 64 26 100 100 66 75 1 62 88 47 83 33 59 98 3 41 96 7 100 25 98 100 68 36 100 12 9 29 77 36 45 18 82 94 11 73 54 76 36 100 20 100 100 100 64 17 37 75 84 88 46 54 53 36 31 54 83 11 100
71 75 96 63 100 71 44 16 100 0 87 18 54 100 100 93 14 99 100 23 32 58 29 83 67 100 47 12 25 1 35 100 47 75 31 50 14 100 38 22 72 17 10 100 64 52 37 71 14 98 71 28 42 74 61 1 20 92 100 84 82 11 71 30 14 90 57 33 68 92 42 3 100 61 38 100 72 23 12 100 84 80 7 59 59 80 80 10 26 43 62 55 21 16 33 8 8 100 22 32 69 100 95 71 33 23 27 60 100 15 74 100 1 75 62 24 55 74 100 33 57 64 100 80 86 70 92 56 30 54 89 13 1 43 44 95 25 60 100 100 87 66 86 41 50 84 55 100 84 100 100 100 18 100 45 49 19 59 94 100 35 91 86 100 100 100 66 52 100 58 31 48 81 30 100 29 51 48 53 83 100 100 16 83 16 74 34 55 27 64 66 100 100 100 100
43 100 85 3 10 96 49 28 100 100 97 86 100 87 65 49 93 93 12 72 8 99 100 33 87 69 17 12 100 67 33 59 25 0 95 100 24 100 95 11 100 64 65 37 52 100 80 22 83 41 97 100 88 38 100 26 21 16 100 2 8 100 11 26 7 91 40 13 26 11 41 91 100 100 100 80 14 31 100 74 36 45 45 72 56 23 49 13 14 59 100 84 53 58 100 66 6 23 100 100 68 6 90 50 17 76 39 40 85 69 19 94 4 33 49 70 34 6 6 99 57 63 100 97 100 6 34 26 21 78 20 83 94 83 5 5 39 4 14 42 12 100 39 48 25 35 63 20 77 64 74 100 95 3 55 94 46 100 96 10 2 54 48 37 89 2 70 50 52 58 39 25 99 90 18 20 52 62 35 41 76 22 6 31 15 57 27 20 44 51 100 57 14 100
31 42 100 97 22 100 99 9 24 5 77 41 20 100 43 23 100 100 54 57 100 53 100 24 91 68 89 63 98 85 74 39 3 70 87 87 80 97 44 51 41 100 21 65 88 17 84 100 56 32 20 61 100 91 30 100 4 19 42 100 72 87 14 93 98 100 7 5 13 100 61 100 84 100 27 97 89 70 72 100 38 5 32 7 18 79 39 38 71 3 25 6 60 72 82 96 100 96 17 89 0 34 8 39 34 41 41 100 18 100 70 72 25 34 100 45 67 100 28 8 44 83 99 61 57 68 55 100 65 8 100 37 100 57 0 77 75 24 46 18 53 50 100 94 100 64 49 23 60 28 2 81 6 33 54 31 39 40 66 30 87 93 100 42 55 14 100 6 48 90 38 100 100 42 35 19 41 2 15 74 37 98 13 94 19 62 10 0 54 100 66 38 100
82 100 77 51 75 65 73 100 44 82 90 26 11 31 89 3 15 40 35 100 5 100 62 9 57 16 18 65 89 93 29 77 18 36 48 74 8 50 100 28 37 15 97 42 3 1 28 49 85 100 42 100 100 80 100 100 16 87 36 31 76 13 0 20 41 90 45 0 19 86 60 43 21 23 6 40 87 28 61 6 90 14 49 100 72 100 71 48 35 29 59 100 21 77 12 96 21 95 73 92 17 44 92 100 100 72 98 54 80 36 4 84 11 100 0 2 60 9 64 100 36 55 60 58 100 46 7 13 8 96 100 72 28 50 15 100 84 44 98 63 21 12 100 1 4 100 12 26 42 17 50 51 66 17 78 100 100 100 0 24 100 47 74 1 87 52 100 100 88 58 22 12 100 27 56 27 83 19 29 31 48 8 85 44 10 57 43 100 50 100 10 100
98 87 100 32 87 59 39 26 72 77 64 46 100 43 53 52 19 60 63 69 100 30 79 61 88 48 71 100 95 57 48 100 100 64 65 71 100 100 79 3 76 60 52 52 23 44 100 51 3 96 100 100 53 62 49 33 48 18 22 29 100 100 11 93 100 45 15 100 100 100 100 66 74 80 20 100 100 89 24 99 66 100 100 5 41 97 1 90 8 13 97 3 31 37 28 93 100 39 38 64 3 81 93 76 5 98 100 22 100 26 47 70 96 25 79 100 41 81 39 74 56 100 89 88 4 19 39 26 21 57 24 22 65 27 38 85 28 100 58 93 23 23 54 11 38 90 73 84 48 100 89 100 54 52 86 16 100 100 97 53 55 67 39 41 100 69 47 35 81 64 100 87 57 71 85 100 27 64 100 8 56 29 15 67 86 88 11 39 66 8 100
61 75 42 15 71 69 100 38 18 28 98 12 2 32 39 100 68 10 49 100 8 94 13 31 27 72 0 100 100 89 37 24 100 99 82 62 100 84 58 73 87 100 100 55 26 85 6 24 15 67 57 7 21 43 100 67 100 28 89 47 100 97 69 35 42 60 38 67 8 72 76 47 10 100 77 90 90 83 12 70 65 20 100 55 30 4 8 89 100 44 23 44 75 100 100 91 31 69 100 79 98 64 83 100 100 33 27 100 11 63 80 51 68 71 100 27 9 100 12 100 100 100 99 24 18 69 100 100 89 53 84 84 11 20 96 21 34 63 88 49 100 6 73 100 74 100 100 54 63 44 40 19 100 44 81 64 29 38 91 40 67 5 30 100 22 93 7 100 83 59 36 100 7 100 100 65 2 38 100 100 14 99 76 43 58 19 58 100 1 100
45 86 28 100 84 16 86 8 14 18 78 55 92 29 73 83 45 100 3 95 34 100 45 10 94 84 62 61 47 81 100 21 3 20 27 20 5 16 43 100 57 100 16 16 70 6 49 100 99 37 88 17 100 59 100 57 68 57 72 48 22 100 19 49 100 67 11 58 100 48 100 78 97 44 97 100 1 11 8 3 26 74 23 53 63 48 55 100 80 100 49 59 47 13 94 85 97 59 16 53 51 89 19 100 58 52 100 100 100 100 51 5 19 5 10 29 97 47 90 64 63 84 71 100 81 91 100 54 41 49 99 94 44 15 96 11 40 7 78 31 100 69 9 38 88 8 52 98 39 57 100 74 20 96 100 100 52 73 100 99 6 62 91 79 71 84 100 14 93 2 45 100 0 43 100 100 94 12 23 45 100 49 1 14 66 27 100 38 100
70 7 100 93 49 81 100 47 100 96 16 77 15 3 82 100 96 30 23 66 100 56 26 11 100 80 100 35 94 98 58 79 83 100 56 25 62 68 97 40 34 60 69 100 32 78 30 29 10 17 100 64 2 63 54 100 0 68 73 52 100 100 89 100 13 30 21 90 15 18 2 100 96 28 100 54 100 75 0 49 14 72 67 80 88 72 84 100 19 74 53 58 22 31 92 0 100 57 81 14 7 99 17 66 93 46 50 8 14 65 58 33 12 68 37 87 36 49 39 100 62 100 100 60 69 85 39 92 11 52 100 24 95 53 100 40 45 16 100 26 59 58 64 25 58 17 21 70 86 35 63 18 100 100 49 53 13 62 100 100 100 63 17 100 100 67 49 100 91 38 9 100 25 22 83 100 100 77 100 34 100 87 100 6 100 50 43 100
100 4 100 100 69 96 25 100 98 92 32 44 100 90 96 15 100 72 24 100 100 31 46 61 88 40 2 94 7 18 48 4 14 90 19 10 6 79 100 33 30 70 65 72 4 38 15 96 14 48 30 9 32 84 100 34 53 38 3 64 62 5 41 78 30 32 6 43 99 84 53 80 17 47 32 100 100 85 90 97 100 18 100 66 0 73 77 35 36 7 100 100 20 79 100 20 100 58 100 6 57 30 36 65 100 45 18 66 75 85 53 11 25 100 12 2 8 100 100 94 100 99 43 9 53 24 100 99 21 46 67 30 100 61 100 76 15 22 45 82 51 100 100 96 6 100 77 100 95 100 75 83 48 100 86 76 34 94 84 53 24 63 36 97 100 3 80 37 77 75 56 43 55 96 46 12 62 42 100 100 69 83 100 91 59 100 100
100 85 100 0 100 76 19 78 38 66 31 85 100 78 7 100 34 100 73 47 18 37 2 71 100 84 34 60 84 20 13 0 37 100 94 52 65 13 74 35 86 83 98 100 82 49 28 57 64 100 55 96 43 22 83 5 45 100 12 11 100 10 8 33 63 100 100 53 92 82 100 76 100 100 45 81 42 33 24 97 100 100 10 36 13 23 100 87 100 7 50 100 6 94 86 66 0 48 33 4 10 38 94 89 6 80 13 25 38 98 13 12 88 28 70 77 43 75 62 46 13 61 89 58 11 47 74 93 33 55 100 2 6 77 65 100 17 45 16 71 8 100 79 92 41 66 86 17 16 83 48 28 100 100 29 21 94 20 63 91 99 17 42 10 44 72 41 96 49 10 100 14 36 47 24 71 70 97 100 80 100 17 31 47 100 100
51 87 70 100 51 68 68 3 84 48 99 100 61 81 93 74 39 24 56 100 26 38 78 1 100 100 5 44 34 49 1 48 100 46 25 94 15 55 95 21 27 96 26 24 95 8 32 71 100 100 95 50 5 16 79 26 11 9 53 92 39 19 8 86 9 26 81 84 43 19 57 16 31 100 8 100 77 32 29 100 65 37 18 75 100 100 71 100 69 23 28 14 39 1 100 94 85 10 27 42 100 100 92 62 100 22 82 21 53 59 92 60 98 98 1 26 79 29 63 47 44 77 11 39 9 98 66 27 11 9 100 56 67 100 56 71 100 8 35 2 100 50 93 13 24 73 9 100 39 100 25 25 23 43 76 52 100 95 100 40 32 83 99 100 41 5 100 15 79 100 26 20 41 9 78 49 11 12 93 32 20 56 53 76 100
52 88 24 41 100 77 100 96 87 28 48 41 75 100 67 15 14 12 25 98 97 36 54 54 39 100 57 18 100 41 71 16 100 52 49 100 68 71 90 100 55 100 100 100 100 19 43 67 4 9 76 68 62 21 100 100 100 59 7 68 14 63 100 100 22 34 22 100 38 87 7 45 83 61 75 86 40 34 9 52 68 10 43 91 98 66 42 77 71 65 93 1 81 94 65 100 71 50 65 65 100 100 99 31 83 29 84 32 0 66 33 30 46 100 100 100 98 100 82 41 100 88 98 25 89 99 65 58 91 100 73 62 100 93 49 1 100 2 47 27 28 55 31 80 34 100 61 62 29 72 100 100 100 33 100 69 64 100 43 77 100 85 87 5 37 90 10 55 11 6 6 44 19 67 95 3 54 20 50 71 100 100 42 100
29 89 17 100 72 92 12 48 5 82 100 72 63 92 100 16 7 98 49 4 19 100 100 100 100 17 18 100 28 8 10 17 100 91 7 100 42 100 18 31 15 59 2 100 31 95 100 37 100 6 47 54 25 15 100 11 57 2 30 100 12 51 97 30 100 21 50 100 45 28 100 63 78 79 78 13 4 29 95 43 100 49 14 100 83 32 34 59 78 11 62 62 30 71 84 21 90 100 90 89 58 67 100 51 4 52 46 70 100 74 74 73 48 19 69 100 70 100 100 37 26 11 77 4 33 13 100 51 93 100 44 42 31 100 43 26 33 85 60 100 28 100 41 46 72 49 19 95 52 13 40 41 24 69 81 100 68 100 98 21 65 92 19 85 15 100 18 38 6 3 26 7 100 9 100 66 100 100 39 70 13 34 100
73 0 25 100 83 73 79 26 26 8 100 9 23 76 87 0 34 70 33 100 0 33 60 100 13 21 69 49 16 60 100 11 98 100 100 17 76 100 17 13 85 96 100 99 97 1 96 35 82 100 58 27 81 100 42 6 22 100 100 66 100 49 11 29 57 22 100 100 67 88 40 21 100 72 33 100 100 4 100 90 66 70 25 21 79 39 54 100 100 43 100 50 69 48 17 91 56 42 21 8 98 22 100 100 59 100 84 99 12 76 42 36 36 100 7 87 100 76 68 100 70 7 100 91 6 54 36 40 100 44 67 45 82 100 53 83 28 100 79 100 78 100 93 49 23 5 7 41 16 10 64 100 6 100 100 70 37 2 82 10 30 100 100 45 100 81 20 40 81 37 67 54 77 100 34 16 62 7 10 26 97 100
100 22 6 86 100 29 18 100 42 90 100 44 100 100 85 100 39 1 75 100 100 100 100 32 4 83 71 72 8 69 1 100 14 40 23 36 0 46 20 100 62 20 88 46 91 100 94 62 60 55 19 49 6 97 78 47 25 70 20 91 3 100 87 86 95 61 82 39 62 6 74 60 100 49 99 40 38 51 8 11 29 97 68 100 92 22 51 82 100 100 16 70 3 100 23 49 31 80 100 100 69 100 30 33 92 100 100 6 49 7 100 12 100 51 100 47 14 100 25 61 100 95 16 80 100 21 30 17 38 64 92 28 33 100 100 76 81 82 74 97 29 19 91 4 100 100 100 37 39 85 58 33 89 69 84 90 0 100 24 75 76 44 53 14 49 29 67 11 25 30 9 100 37 100 77 100 68 7 13 100 100
87 9 83 45 100 90 45 89 100 72 79 9 58 29 53 18 76 36 32 97 53 34 52 100 18 29 52 6 100 66 63 100 81 100 96 100 100 100 26 27 9 14 77 59 75 34 30 100 19 11 89 22 32 100 29 92 76 86 51 100 95 77 8 55 98 100 55 3 49 23 100 30 45 0 18 5 91 79 51 67 100 82 85 0 95 55 100 89 66 100 80 100 94 21 5 2 0 11 1 100 100 48 28 52 81 94 100 43 44 56 77 100 20 12 18 100 38 49 100 42 99 100 48 19 53 100 43 58 26 20 51 33 91 51 68 39 97 0 48 77 70 26 55 90 58 99 15 35 81 63 18 48 100 100 82 36 28 42 83 100 97 61 60 79 46 87 3 85 41 25 52 26 64 100 100 100 11 72 33 100
47 57 81 41 79 15 25 87 11 94 15 100 73 84 9 53 3 100 83 33 100 41 31 100 44 51 91 22 72 17 51 17 100 24 100 100 94 100 100 61 65 28 100 50 57 53 20 6 25 4 30 93 45 99 59 4 57 100 55 86 100 38 16 41 66 3 43 49 51 64 23 100 24 39 50 91 46 56 53 82 47 100 100 7 100 90 27 100 100 100 0 39 92 69 100 100 69 9 10 96 31 26 100 35 68 78 51 4 84 17 64 98 19 21 88 37 21 100 100 66 100 27 3 79 22 16 99 43 26 99 56 63 99 16 40 74 100 84 75 27 65 88 54 48 50 16 56 10 13 34 57 67 11 54 5 23 100 61 85 63 65 65 66 100 61 100 27 99 8 24 70 99 40 27 77 32 85 29 100
100 37 72 17 79 39 74 74 31 50 88 100 51 76 100 67 100 75 96 100 41 73 100 58 95 74 4 72 57 100 7 100 26 29 67 6 31 22 65 28 87 29 86 100 71 92 76 40 100 100 93 39 79 83 94 40 100 81 96 13 79 18 33 100 100 56 19 30 56 100 13 25 42 12 100 75 5 32 85 97 20 73 83 11 100 93 81 21 100 25 44 60 60 50 54 87 18 52 68 100 92 57 63 19 72 100 46 11 28 27 89 77 69 61 24 22 100 25 80 65 56 96 100 100 3 34 6 100 100 34 15 4 70 87 17 53 1 70 61 64 14 100 100 11 100 75 66 100 40 26 100 25 74 100 10 18 6 100 46 100 41 98 76 55 8 35 40 24 67 100 100 97 8 98 5 91 92 100
25 52 70 43 85 1 100 77 45 100 100 24 45 40 11 100 64 48 24 56 58 94 32 21 24 97 36 75 1 0 55 100 100 89 75 58 13 72 100 49 100 76 74 11 95 63 54 32 99 39 6 100 0 4 90 12 100 45 98 51 39 66 15 42 100 93 7 9 84 100 70 100 95 62 77 11 100 73 40 82 34 100 78 30 39 19 100 100 100 0 25 100 33 100 76 10 28 100 72 68 100 69 62 47 17 100 5 50 70 87 100 37 62 48 58 60 100 100 57 74 63 4 100 100 100 66 100 21 82 15 100 82 100 73 100 72 14 100 13 27 100 2 100 79 3 4 71 100 98 100 100 72 100 79 98 54 14 96 21 27 100 56 11 64 24 61 67 14 100 61 62 72 80 100 10 100 100
73 42 84 69 21 88 21 25 100 48 100 41 54 43 74 100 57 79 31 100 100 39 37 19 24 82 99 2 2 94 23 70 8 48 16 82 10 32 28 72 52 100 70 100 92 100 100 100 35 82 100 100 39 100 95 11 79 10 79 95 100 90 100 0 9 46 49 47 100 61 2 4 100 25 100 27 84 51 50 95 75 100 98 85 46 17 1 25 69 23 95 100 56 100 24 83 32 100 93 77 100 6 3 100 61 57 100 80 36 2 37 22 24 63 20 50 80 39 11 90 100 91 100 69 100 100 98 99 16 18 39 73 76 84 65 49 100 100 26 85 78 42 100 74 100 100 9 37 100 85 12 57 78 11 84 37 31 89 53 26 100 64 100 78 78 95 61 17 100 22 29 62 100 30 100 100
24 100 3 54 11 88 100 100 100 20 61 100 36 19 10 45 100 79 15 31 79 59 100 68 52 83 85 95 100 4 34 66 100 11 93 100 66 100 62 49 66 3 48 38 43 26 40 78 100 39 97 73 51 46 37 100 81 86 82 21 68 46 100 27 100 42 42 66 100 41 100 25 95 48 19 88 92 100 100 100 73 60 99 82 22 36 17 75 32 51 31 100 8 88 86 29 100 23 30 22 100 64 100 24 52 42 6 100 10 81 86 21 20 96 50 23 92 26 84 61 16 100 80 37 93 67 99 100 7 7 81 100 100 100 22 62 91 41 100 32 25 23 37 1 44 18 93 58 46 90 84 77 38 4 54 19 1 100 51 100 80 75 47 50 100 0 96 25 5 1 26 100 10 28 100
72 31 98 100 40 81 21 64 50 89 42 9 100 10 86 41 100 100 99 53 93 94 8 57 59 88 43 36 25 13 93 27 100 65 3 13 67 16 78 94 49 64 100 67 55 100 55 2 25 70 46 34 5 26 17 32 5 71 13 100 65 73 26 100 95 96 74 86 93 27 68 66 65 93 47 79 82 0 36 44 100 61 15 91 5 31 71 65 39 89 42 82 88 59 43 97 100 73 84 87 87 29 100 24 100 100 57 22 50 36 71 100 41 12 26 7 90 6 68 40 63 70 45 100 16 69 17 100 65 93 38 100 100 100 100 100 86 87 16 83 100 97 100 100 100 23 100 4 63 1 60 100 92 32 100 95 15 16 55 100 67 14 100 100 6 63 38 100 91 37 96 94 100 100
11 8 69 46 22 41 18 89 91 9 28 37 5 22 3 78 62 66 28 75 36 4 23 50 54 19 29 66 100 88 88 95 100 4 96 2 34 44 31 82 70 14 89 100 74 61 44 100 44 16 23 25 100 46 100 74 100 65 88 100 26 41 32 77 85 94 44 71 85 69 0 31 36 100 98 59 22 88 9 5 88 43 66 15 87 33 20 41 57 78 17 38 100 31 100 9 100 80 12 53 90 17 90 100 30 2 9 56 88 100 47 14 19 49 67 60 100 95 45 49 100 97 7 100 87 6 89 71 100 92 66 73 40 31 81 98 42 34 100 21 100 87 16 100 10 80 72 100 86 50 95 65 30 83 76 78 100 18 33 20 82 83 3 100 100 100 41 12 5 80 81 25 100
100 44 25 90 100 100 77 85 100 14 74 83 76 51 76 97 42 20 74 73 86 28 41 41 100 37 85 81 19 36 24 43 36 94 68 55 100 95 60 37 58 100 68 100 84 100 3 67 52 74 9 7 46 100 100 100 16 85 67 33 100 100 49 27 67 72 94 26 44 30 19 5 69 17 100 100 18 61 75 61 27 100 58 58 65 21 63 77 100 77 83 64 65 46 99 60 57 62 71 89 65 14 9 73 20 69 95 46 86 100 0 26 79 89 26 100 37 60 100 19 98 98 100 40 50 80 56 61 63 52 100 31 100 4 91 100 76 33 9 23 100 24 13 68 93 82 68 48 33 93 100 100 31 86 37 23 74 93 92 36 21 78 100 100 59 100 81 84 71 100 28 100
100 90 30 100 20 92 30 39 100 6 81 5 35 76 65 85 11 16 37 10 50 40 71 41 96 100 82 96 19 77 100 100 35 10 10 79 19 88 31 100 79 14 20 93 100 48 34 100 12 99 100 23 97 1 100 24 100 54 100 30 2 35 22 39 38 68 40 5 73 53 87 77 100 100 8 70 63 34 57 3 89 58 95 49 67 88 4 92 47 100 100 57 90 57 68 100 54 92 96 22 100 41 0 35 100 100 26 84 46 71 100 63 88 100 78 43 8 100 65 100 21 46 100 100 86 100 100 53 100 21 11 16 91 20 100 98 89 100 81 7 27 100 86 24 2 77 100 69 36 100 28 90 42 63 100 65 72 55 73 47 59 72 41 57 38 22 100 52 25 10 100
79 32 93 62 83 99 100 10 2 71 37 54 87 100 37 100 41 36 16 9 18 100 37 99 22 7 35 22 31 60 100 100 62 5 35 100 97 97 78 25 73 59 0 12 2 88 16 21 30 51 100 100 5 72 65 59 100 98 52 6 100 68 43 100 22 71 27 91 16 80 73 50 60 100 17 100 100 44 96 100 31 29 23 0 100 33 49 95 83 86 3 0 60 43 4 61 39 76 18 38 17 74 38 89 49 5 13 78 100 96 91 100 44 82 80 55 100 13 23 100 15 64 51 16 61 83 70 59 66 100 49 100 9 17 44 53 64 77 21 100 7 67 99 9 16 100 64 13 97 72 20 39 100 39 100 28 6 43 62 54 10 8 16 3 91 72 100 85 2 100
100 56 28 100 38 38 69 29 100 24 68 16 100 100 83 39 54 73 100 100 100 96 73 46 97 29 42 23 62 24 84 4 72 1 100 63 66 93 50 13 100 6 0 100 96 38 97 26 33 100 88 91 97 26 77 100 100 88 29 47 82 32 100 83 100 100 88 6 61 13 100 18 36 71 61 97 6 87 29 52 8 87 98 100 54 93 16 46 100 44 80 100 80 3 100 44 72 48 44 48 54 89 5 100 44 100 40 58 53 3 99 100 55 12 17 40 35 6 79 4 19 100 48 100 100 74 43 53 21 100 88 50 12 2 72 100 100 66 50 39 59 100 53 52 28 83 96 10 90 60 10 85 77 64 73 49 30 33 52 99 26 29 49 86 64 37 100 73 100
78 69 100 42 3 68 31 72 100 78 100 4 4 100 10 10 100 58 70 55 35 100 28 18 27 99 41 41 85 100 4 18 3 100 0 57 92 95 13 47 4 81 100 35 36 55 12 28 38 96 24 95 42 32 31 78 79 36 100 45 100 21 62 100 52 52 89 79 43 69 32 56 44 5 91 59 84 88 67 81 50 64 27 85 24 27 96 100 100 84 100 80 79 41 13 88 11 100 47 78 77 26 44 9 95 27 100 14 0 33 95 26 85 100 33 40 54 50 100 21 63 29 14 100 69 65 100 71 88 100 69 100 84 60 57 59 36 10 47 42 38 73 84 78 38 52 39 17 70 99 14 67 3 37 69 29 48 100 100 58 69 38 66 100 41 25 100 100
59 15 3 42 56 74 10 40 100 100 100 4 31 30 100 99 27 2 54 100 38 100 39 38 39 42 100 100 30 87 27 86 69 49 82 64 100 35 55 33 74 23 61 5 95 0 6 26 26 39 56 3 93 100 5 52 86 100 42 48 25 87 12 27 88 74 81 100 66 87 15 100 7 100 13 68 9 61 69 95 38 99 98 100 18 16 92 19 75 89 34 100 31 100 67 40 80 97 100 12 100 70 32 90 67 100 40 28 18 18 11 100 17 98 100 47 100 65 62 29 100 32 58 97 58 30 0 0 21 51 39 74 100 19 21 54 76 85 56 88 100 100 4 61 4 12 61 32 59 31 100 100 58 100 87 75 100 16 99 100 100 97 53 24 54 100 100
10 38 24 6 39 98 100 100 18 100 100 100 78 100 26 83 100 98 73 33 95 66 100 59 1 55 57 57 100 100 21 26 100 22 14 66 71 13 100 49 16 100 49 46 81 41 100 30 98 80 36 21 100 72 58 83 100 100 68 28 100 7 76 79 20 87 100 48 28 43 41 65 100 92 40 100 75 11 100 52 28 29 98 36 100 5 18 8 73 14 26 100 100 58 70 3 82 39 0 37 100 10 100 29 47 40 100 70 53 63 89 58 100 100 88 100 86 13 100 90 81 13 55 7 100 56 100 75 5 86 83 32 9 65 100 69 29 100 34 46 12 7 58 49 91 15 9 96 59 54 100 72 38 99 81 29 100 61 67 67 38 84 88 8 100 100
83 100 100 8 70 60 14 7 100 62 45 100 89 5 21 91 100 53 83 83 100 100 73 90 47 47 36 29 77 11 57 100 47 67 100 80 72 36 100 54 20 75 53 100 49 100 50 41 6 2 100 20 37 56 34 100 15 48 19 55 100 28 82 71 83 81 100 70 80 31 38 92 28 41 100 16 29 82 74 100 60 6 100 100 100 73 65 76 72 20 65 100 49 69 45 24 61 27 56 71 12 33 15 56 58 39 84 20 66 46 13 86 88 14 23 65 39 74 100 17 84 61 93 70 64 98 100 21 36 19 68 42 28 65 35 28 14 47 35 100 100 100 93 100 6 93 71 80 60 33 100 68 71 37 76 56 100 69 36 31 100 84 40 64 100
100 87 98 53 9 75 60 61 76 100 100 75 100 34 54 45 48 2 3 75 71 100 24 61 46 100 100 48 86 72 53 56 11 41 31 40 100 90 8 100 80 82 33 21 100 3 28 63 64 86 77 100 63 80 100 41 100 5 100 91 100 100 9 73 75 49 30 36 100 53 100 35 62 19 81 87 67 78 52 47 72 73 100 100 22 46 100 100 5 41 53 69 22 48 32 2 100 50 52 68 93 100 82 50 52 34 49 56 86 15 67 68 5 100 100 100 100 50 2 13 100 26 36 92 35 83 79 20 69 100 91 88 13 85 61 31 87 8 4 100 100 86 51 100 39 55 56 78 100 100 4 24 87 0 74 78 83 34 100 95 47 12 81 100
23 92 100 23 48 100 47 56 100 82 74 54 8 100 95 93 42 51 48 100 18 65 26 90 57 70 54 44 100 68 1 1 29 100 51 54 98 52 17 62 100 57 29 83 100 94 32 18 2 38 100 14 29 76 25 70 86 100 3 100 25 28 100 10 68 41 9 78 54 13 41 100 0 45 85 79 43 63 84 62 67 3 1 100 60 2 39 100 41 65 1 1 40 19 100 54 100 94 37 74 50 100 12 22 100 100 33 3 51 100 29 69 53 5 100 51 12 100 100 100 88 100 100 100 28 94 58 35 86 11 100 90 60 21 26 20 84 11 31 32 59 100 80 23 14 100 100 71 21 20 99 81 36 100 45 100 40 89 60 89 59 24 100
81 15 58 71 100 51 50 40 44 100 7 100 55 34 2 57 30 100 100 76 4 29 79 70 91 26 59 7 100 49 53 0 26 88 95 95 67 91 62 100 43 87 13 33 55 79 57 62 41 35 8 100 100 93 98 48 44 6 89 45 84 20 44 11 55 46 100 94 19 8 36 16 15 65 100 16 100 20 93 2 55 52 75 100 64 5 55 100 14 100 65 77 37 1 27 66 100 83 41 62 18 40 64 100 29 62 80 100 100 46 16 75 31 7 95 11 8 75 32 100 5 70 34 100 93 85 98 97 13 12 60 59 59 4 88 25 26 100 29 50 54 94 100 27 70 65 17 76 23 88 4 19 100 70 100 89 13 6 100 61 86 100
100 100 18 90 66 100 100 92 78 68 47 18 56 29 100 100 97 52 9 68 45 93 7 84 92 41 60 15 4 65 26 99 84 35 25 100 52 26 83 6 48 100 58 14 54 8 100 72 17 35 100 83 17 100 57 8 100 88 19 49 100 100 14 86 62 100 46 100 83 100 4 65 73 12 100 2 7 100 28 80 22 100 64 100 38 48 40 1 71 28 83 50 37 93 46 14 99 100 57 49 12 23 61 9 56 100 36 15 36 44 48 6 59 35 18 100 93 87 79 91 84 89 11 1 84 58 100 83 12 34 89 66 94 77 24 63 100 70 56 80 0 100 94 57 26 51 100 67 35 47 100 70 76 59 78 47 58 22 31 84 100
72 99 69 7 100 81 10 16 100 95 15 5 28 100 54 85 47 4 92 100 59 100 41 12 92 93 57 100 73 64 47 35 38 100 17 8 94 30 11 47 0 59 18 41 37 100 68 57 14 40 84 100 37 22 67 31 100 57 11 15 46 25 100 100 43 0 100 37 98 43 100 96 95 46 13 100 100 34 30 4 26 30 43 86 56 34 20 37 88 100 100 84 18 12 82 17 36 61 100 100 88 6 59 18 14 26 32 100 77 83 65 96 81 80 24 37 51 45 94 47 74 20 76 88 8 33 67 62 100 3 56 73 52 77 15 15 0 99 94 100 30 100 90 62 76 44 100 20 100 36 27 7 100 100 70 100 12 22 2 100
78 100 65 10 100 83 89 38 100 21 26 56 100 31 15 3 100 66 37 100 75 7 1 51 85 100 21 100 93 68 40 81 63 99 45 29 100 79 100 29 27 82 83 100 77 27 35 92 90 76 84 12 100 78 2 23 6 41 67 19 42 79 86 20 48 66 64 29 13 100 82 100 100 10 12 20 49 70 100 98 87 6 59 38 13 27 59 84 56 44 6 100 1 100 100 62 40 84 29 100 37 100 46 100 37 29 100 100 71 16 8 45 100 32 13 58 30 58 82 76 100 100 77 44 100 34 100 100 100 100 100 65 100 92 86 100 100 27 100 6 36 35 4 100 100 49 7 88 95 100 100 100 100 66 67 100 9 11 100
31 56 19 100 71 77 42 74 60 31 59 100 9 78 83 48 66 100 90 15 100 63 86 59 58 23 5 71 100 21 100 100 17 81 88 100 67 26 4 53 44 64 54 100 98 77 29 96 4 40 100 88 36 100 79 23 7 43 10 100 15 100 100 20 8 74 85 100 70 5 54 91 72 40 100 4 65 41 18 97 100 68 58 52 100 93 100 12 100 7 13 100 79 24 81 95 83 0 54 15 100 95 77 70 100 29 100 5 100 87 10 78 39 94 68 35 48 91 63 90 100 100 38 1 51 80 100 82 100 96 45 69 20 23 100 15 67 34 61 11 100 39 85 11 71 37 42 100 23 100 40 100 49 86 84 11 27 100
100 53 100 100 22 32 32 52 68 40 13 95 100 3 37 65 57 27 64 61 31 6 75 69 62 15 62 45 19 90 64 29 99 100 5 100 46 83 32 23 72 76 73 78 77 82 48 30 100 58 17 97 84 37 100 52 1 37 15 42 59 93 100 14 6 80 70 37 62 88 26 90 87 100 100 39 28 69 41 74 17 72 3 100 100 33 39 100 90 17 63 7 100 100 10 98 53 100 3 43 7 33 61 93 13 10 55 86 48 1 93 75 98 37 96 22 55 56 100 75 10 100 100 40 37 80 2 50 97 5 89 40 35 31 88 100 30 100 59 56 0 19 50 31 52 100 100 81 69 43 100 50 87 100 21 5 100
14 61 79 21 100 39 96 24 61 85 63 87 100 81 27 77 6 35 43 99 97 2 37 95 79 25 100 100 100 37 63 100 28 73 3 100 47 19 95 1 29 92 69 20 24 9 68 32 100 62 62 19 13 63 100 70 36 68 17 46 59 72 100 100 4 38 78 80 70 100 61 62 64 59 64 64 87 82 87 51 64 100 45 86 45 89 77 100 65 69 100 28 33 16 31 100 23 100 17 100 25 10 19 100 42 16 100 81 79 42 22 39 81 37 100 39 39 89 70 28 75 32 47 95 73 88 56 0 87 52 16 52 100 91 95 37 54 3 88 84 70 38 85 64 37 62 100 57 100 84 79 92 48 89 45 100
10 47 100 83 16 100 54 51 90 100 42 100 100 13 100 91 45 29 56 50 33 62 10 58 37 47 100 63 100 75 57 67 100 60 30 100 70 66 11 48 61 53 98 54 92 93 59 100 77 32 21 64 39 100 59 15 87 20 96 69 68 34 64 100 15 60 50 51 45 38 77 100 100 100 52 100 94 63 93 14 42 78 72 3 8 63 48 6 100 97 72 27 22 99 44 84 100 78 56 74 18 68 64 50 100 45 9 100 31 61 79 100 82 88 93 100 81 100 100 80 94 95 71 100 82 23 28 98 63 43 7 72 74 100 6 99 1 73 81 93 22 49 85 39 0 25 52 83 72 73 100 51 100 8 100
100 8 50 18 42 26 8 22 7 100 100 85 75 99 100 94 5 50 100 100 53 6 64 3 71 55 49 97 55 96 42 100 100 39 97 100 67 100 41 100 10 87 89 12 74 68 1 1 62 37 100 5 100 94 100 100 100 73 46 97 82 56 10 37 97 78 78 100 100 3 62 83 86 40 35 100 56 51 58 94 86 100 100 80 100 100 37 81 28 47 50 10 100 100 29 44 45 91 62 26 74 57 17 58 31 38 100 8 18 100 98 5 69 55 65 52 38 77 51 65 30 100 100 15 45 40 100 100 39 99 48 100 56 45 61 56 99 11 8 42 65 61 24 100 29 5 73 100 48 6 64 87 100 100
100 31 94 88 69 75 100 36 8 92 56 6 94 54 10 100 59 100 9 40 59 100 1 1 72 87 100 78 57 36 17 40 40 100 86 30 14 86 26 67 76 87 77 13 78 21 99 49 100 39 42 69 66 78 46 38 100 79 54 100 96 100 75 86 60 17 82 27 39 95 23 42 62 47 100 77 7 100 100 34 100 20 45 87 77 42 34 19 25 14 14 55 100 40 74 100 8 100 93 53 26 73 25 34 67 80 18 82 72 16 100 21 3 13 10 85 89 36 15 100 48 63 100 100 16 24 100 100 1 3 59 33 100 47 97 4 56 35 96 51 72 0 59 100 49 11 10 100 41 15 33 100 100
97 100 59 75 100 49 93 100 67 83 9 59 7 100 94 84 83 100 100 100 34 37 87 100 100 100 33 99 71 58 100 34 6 100 30 64 59 100 51 41 43 100 88 18 81 22 22 57 100 19 39 76 74 13 79 100 0 100 100 21 70 100 100 26 5 79 100 85 74 47 14 24 41 38 30 98 100 100 62 70 10 78 67 34 100 9 50 93 17 100 56 100 7 73 95 3 100 2 12 8 60 80 100 69 54 30 100 6 51 43 45 39 100 72 34 79 97 88 66 1 99 12 75 71 86 55 100 23 97 29 93 98 100 11 83 16 100 100 97 100 100 47 87 0 67 100 43 97 9 100 58 100
100 62 80 83 31 39 73 45 36 42 100 100 61 28 100 14 41 71 9 27 65 83 11 100 75 28 100 43 89 100 45 8 100 48 96 86 65 100 49 57 100 47 53 18 63 8 24 8 98 14 26 20 5 100 54 34 80 44 53 24 67 45 100 93 62 100 5 100 3 43 80 6 64 63 66 95 75 4 75 100 19 100 12 100 45 4 100 95 49 28 49 90 100 27 100 25 58 0 100 31 100 77 100 5 40 33 63 21 100 80 60 82 99 36 86 16 48 5 100 23 3 29 20 100 9 45 100 43 44 79 15 66 88 82 49 77 33 58 92 69 100 78 76 15 62 49 9 61 24 44 100
32 87 54 97 15 4 91 100 3 56 14 56 76 26 48 43 100 43 100 21 100 100 51 71 60 97 34 33 17 44 98 23 57 40 74 100 16 100 28 100 100 2 28 91 31 91 32 94 92 97 83 100 77 55 27 71 10 28 100 86 100 91 49 55 74 63 56 59 77 61 87 25 37 3 53 100 11 46 69 100 75 29 50 70 59 29 57 60 53 63 4 56 41 100 48 37 0 46 86 61 84 19 16 100 79 59 18 99 58 91 46 28 73 34 100 3 37 41 76 75 100 100 97 100 95 100 95 93 55 71 100 52 100 100 75 100 31 67 25 68 100 100 88 98 100 100 16 11 8 100
100 26 17 100 18 79 9 56 100 49 5 98 100 20 1 48 24 72 87 100 65 79 100 100 89 91 100 69 100 100 41 61 56 100 19 26 33 41 67 100 100 81 59 4 100 100 100 7 100 3 84 45 23 73 94 81 26 48 100 25 100 94 24 34 48 79 25 97 100 100 95 76 88 100 26 94 73 6 13 73 54 26 99 67 20 36 100 57 80 43 22 8 100 1 90 100 100 40 24 32 11 96 45 37 1 9 43 6 94 100 53 100 100 57 82 100 81 94 27 29 2 80 100 44 49 52 7 59 100 14 88 33 22 42 59 62 9 89 100 100 100 74 19 35 84 40 7 48 100
100 24 2 69 99 94 44 100 100 100 8 100 59 100 77 26 47 100 100 100 38 60 22 30 20 100 78 75 16 75 85 44 2 83 43 2 23 27 68 22 91 100 48 92 32 46 100 100 48 74 4 46 100 89 78 100 94 1 94 100 42 55 67 81 100 17 98 100 96 65 86 80 86 41 57 7 81 20 100 15 49 100 16 83 77 91 90 100 86 100 95 94 75 100 53 10 41 96 83 91 100 41 100 91 23 100 61 6 44 100 49 12 100 73 52 19 48 33 100 100 97 100 100 76 27 100 51 43 100 100 40 8 100 70 74 1 13 40 85 100 87 54 100 37 70 65 91 100
100 47 82 51 71 100 88 80 42 37 63 70 100 55 28 48 34 97 15 16 94 53 76 22 60 53 1 32 95 15 87 95 6 67 51 85 80 59 100 22 82 21 38 66 69 21 65 54 100 17 94 94 11 20 33 2 100 62 11 100 100 100 58 55 100 1 22 69 82 3 16 51 22 94 88 100 100 47 70 100 48 35 63 17 37 100 23 34 56 57 82 86 8 58 99 1 44 81 34 9 68 84 94 53 58 89 31 52 29 0 34 30 94 100 94 53 88 44 35 73 68 36 37 9 100 100 95 36 78 94 100 100 49 66 29 100 37 84 100 98 11 10 100 75 15 42 100
82 100 100 48 34 14 85 84 69 19 90 33 78 87 99 10 46 94 61 45 12 100 7 45 4 24 45 55 47 55 91 19 67 43 51 100 32 81 12 100 75 73 73 97 39 18 100 3 19 78 24 29 8 21 26 64 11 34 27 100 17 46 28 57 28 28 8 26 23 100 68 61 100 17 100 100 93 83 100 84 36 71 9 100 63 95 74 66 77 2 25 100 26 6 38 77 25 92 47 97 28 44 28 89 41 41 65 54 100 100 50 94 100 100 5 71 42 71 82 41 63 15 45 1 100 73 33 70 87 77 44 100 100 35 86 75 63 29 77 3 64 3 96 14 60 100
83 89 76 0 21 100 49 73 12 6 99 100 100 98 56 61 12 46 95 14 52 18 55 53 44 61 100 58 100 61 54 79 10 100 17 34 21 46 100 47 45 58 61 68 100 100 29 100 62 12 57 12 27 100 100 48 24 93 71 57 38 73 15 100 25 38 99 1 49 21 20 73 46 100 100 100 72 48 82 22 70 91 45 100 16 100 15 69 74 72 100 100 48 30 100 50 100 89 11 20 7 100 83 93 81 28 78 61 0 100 100 100 100 100 89 100 83 12 29 79 84 65 91 100 56 37 87 39 80 100 35 49 4 100 93 67 61 100 92 46 81 57 31 70 100
40 62 38 84 87 94 10 30 80 65 100 58 62 20 27 91 99 20 64 100 43 27 93 95 100 33 65 94 9 100 69 100 100 62 100 90 100 96 30 61 31 41 68 67 87 100 18 21 60 45 32 62 48 41 22 35 59 100 98 100 37 99 45 46 32 81 54 100 95 100 85 55 96 93 47 79 24 21 9 18 77 32 84 39 73 87 80 3 100 100 63 1 100 49 28 9 75 11 7 86 17 79 50 41 18 53 72 84 95 52 62 60 23 52 35 87 35 62 100 100 95 100 64 25 97 41 83 12 62 59 13 45 19 14 8 53 91 97 54 100 74 23 100 100
100 30 23 68 46 14 53 41 35 54 76 7 88 65 4 30 78 20 98 100 42 21 100 100 52 62 72 100 42 24 100 56 74 24 21 44 44 50 68 83 58 15 59 13 80 11 100 87 1 61 4 31 58 30 62 58 43 15 100 89 44 64 41 100 100 93 94 37 100 75 80 19 12 94 100 100 85 40 81 55 16 76 30 71 18 44 39 18 100 58 99 100 10 97 23 22 100 31 83 36 97 0 12 32 58 99 68 100 25 46 1 72 49 68 80 7 86 100 100 100 100 48 75 26 60 99 32 5 100 47 30 80 100 47 13 93 52 78 27 49 8 42 100
27 80 100 67 21 24 45 49 18 92 84 100 98 67 98 16 100 34 100 100 70 94 16 62 42 29 88 100 80 62 73 58 33 13 64 44 89 70 100 67 97 63 100 11 79 42 14 98 41 100 13 83 66 31 12 39 78 100 66 7 35 100 68 85 95 63 100 99 15 68 33 40 100 97 96 100 10 100 80 90 55 84 85 100 52 75 17 25 100 91 32 37 100 76 100 62 1 30 29 22 18 100 100 100 100 86 86 5 84 74 100 86 49 26 73 54 100 100 29 100 61 100 70 67 87 2 40 7 43 63 59 26 57 100 45 66 100 79 100 97 79 100
79 100 100 95 77 90 86 76 8 69 48 5 66 100 59 15 100 100 100 100 51 16 45 100 72 16 97 20 93 96 100 90 24 83 24 71 14 46 71 0 1 0 18 68 100 68 73 100 25 100 100 42 77 56 37 92 68 45 23 18 69 100 100 87 59 100 79 38 38 1 47 33 76 75 94 99 99 24 74 16 1 100 17 62 100 100 38 65 42 5 87 96 7 24 15 4 10 92 98 56 23 41 83 69 41 16 4 34 79 50 78 58 51 64 20 100 78 70 0 100 75 100 100 22 42 63 91 24 35 5 100 46 85 38 85 52 33 73 69 17 100
100 100 100 85 33 57 98 49 100 47 3 60 99 93 11 71 54 52 60 5 58 60 45 45 99 53 94 2 74 96 100 100 61 27 98 93 53 79 88 100 84 98 88 32 63 100 43 96 100 99 5 100 83 100 15 18 98 100 89 16 44 31 67 100 31 55 23 20 3 37 100 74 2 27 36 75 100 41 100 91 6 72 24 3 100 11 80 89 100 84 100 100 19 22 100 23 85 96 100 51 85 89 21 39 20 77 33 91 54 5 23 100 100 78 45 33 0 92 48 78 17 97 100 55 6 8 81 28 54 34 64 34 98 22 100 74 86 99 63 100
39 59 40 19 13 100 100 97 10 67 8 100 22 100 62 18 100 58 61 23 79 33 100 70 100 100 23 7 74 73 75 44 37 69 45 88 6 100 100 100 86 45 60 13 49 100 75 100 96 100 100 38 22 74 28 48 26 35 4 100 95 92 21 9 71 99 12 77 78 87 2 79 100 10 88 100 71 100 20 53 57 21 75 67 19 100 16 35 14 100 74 16 40 87 100 36 5 52 10 12 0 27 35 40 98 18 76 47 82 87 46 41 9 64 100 76 28 4 91 35 40 60 44 48 100 100 43 31 80 2 89 100 100 78 100 100 58 88 100
28 74 15 98 32 100 79 70 44 100 38 41 6 33 68 22 24 18 93 14 100 1 100 1 100 11 100 39 100 93 33 100 100 66 78 18 70 100 60 98 8 7 51 62 19 9 28 72 13 100 88 99 9 27 95 48 83 14 8 100 77 23 96 100 10 100 100 100 16 45 32 69 100 0 100 100 7 96 78 21 100 87 100 21 54 7 8 81 28 60 100 59 100 23 73 36 35 67 81 2 75 81 66 78 36 1 64 100 60 5 94 75 100 83 84 68 85 71 80 24 23 71 7 15 6 20 67 100 94 54 25 100 75 73 95 89 65 100
100 31 13 83 4 93 100 86 65 11 58 41 100 7 28 75 18 100 79 20 89 100 100 77 17 90 72 36 44 60 46 32 1 14 26 10 84 53 100 38 56 1 28 40 7 51 54 100 100 100 26 53 100 85 42 100 12 2 99 52 0 100 6 100 24 6 100 71 84 12 28 79 41 72 100 51 39 100 100 100 49 100 100 100 41 82 25 100 100 100 62 100 83 7 53 100 97 100 41 17 100 100 54 28 100 100 6 100 61 51 27 100 89 100 100 1 100 100 100 60 100 92 100 85 54 81 91 100 63 30 10 37 37 90 41 69 100
98 66 100 100 100 23 100 13 82 2 83 46 90 19 57 91 27 100 100 21 57 15 100 3 35 100 15 100 94 15 39 10 72 99 94 100 19 100 60 100 100 100 67 100 56 100 100 76 100 35 100 23 51 20 6 93 70 40 34 100 37 77 14 85 11 7 12 100 10 100 21 26 100 100 100 48 100 100 66 100 87 3 100 100 94 76 12 19 100 100 57 100 9 99 100 70 73 29 79 1 67 100 8 42 18 51 71 87 43 6 82 100 2 83 7 4 82 100 100 58 100 19 100 34 60 40 93 40 100 68 46 52 45 55 100 100
12 58 93 100 53 91 100 100 100 100 40 38 25 100 50 98 100 21 17 77 57 70 70 98 26 100 62 50 99 48 29 100 19 37 100 63 16 61 29 100 100 84 5 100 58 65 74 100 21 24 100 43 100 97 74 100 11 100 100 67 81 100 59 41 43 100 26 100 13 51 34 64 76 68 100 26 7 100 100 100 100 93 100 49 84 100 100 32 24 72 100 2 100 100 100 74 31 100 100 37 64 100 61 19 100 66 100 100 100 45 100 16 94 53 100 90 61 50 49 100 100 73 100 8 49 100 78 100 40 36 35 95 19 74 100
57 51 39 44 100 6 100 100 0 74 100 26 94 37 14 100 100 24 100 73 21 100 71 91 32 1 2 100 17 2 54 53 100 15 70 70 10 15 51 38 2 79 7 15 2 12 100 47 46 3 15 16 59 60 93 70 83 18 19 25 100 83 60 100 57 100 100 66 82 100 100 96 100 19 100 65 100 35 69 18 100 100 81 77 100 17 100 100 80 100 27 100 100 77 100 100 11 9 100 100 97 96 28 23 76 83 73 98 51 100 69 100 0 29 100 100 100 100 100 29 100 20 90 77 88 77 58 0 100 100 81 41 0 100
4 100 53 69 35 100 100 90 72 69 28 100 76 36 95 67 100 100 14 30 100 38 49 100 100 100 69 96 100 95 41 100 27 78 100 100 100 100 34 31 100 19 100 100 50 100 4 100 100 100 100 92 69 64 86 20 63 100 19 97 69 100 66 100 22 65 95 88 100 100 49 100 33 10 100 98 100 100 1 89 33 100 100 95 46 100 25 80 9 91 10 93 100 100 12 93 100 100 58 73 65 62 29 59 100 23 100 81 81 23 99 38 71 75 100 64 28 100 42 100 54 27 44 39 44 20 56 100 37 100 36 98 100
100 42 63 100 31 42 100 100 75 2 92 100 55 100 8 100 100 10 43 100 44 78 57 90 21 100 76 45 100 44 54 50 100 100 29 88 58 100 48 97 12 96 82 100 14 18 22 100 100 66 67 34 100 73 1 100 100 89 96 100 87 52 62 48 57 67 87 100 83 48 100 64 10 55 20 71 11 100 100 100 54 98 100 34 88 59 69 60 85 8 100 54 74 26 13 90 24 41 19 24 38 81 100 100 100 100 29 33 56 52 62 90 76 24 15 100 98 80 12 8 5 85 94 0 100 40 25 81 7 99 100 100
75 14 47 13 94 19 10 64 20 84 23 100 37 11 51 100 98 100 100 100 100 8 26 81 57 54 100 19 63 42 100 5 37 71 100 76 45 94 18 100 100 87 100 60 72 55 100 19 90 43 100 49 39 94 59 100 91 100 100 86 98 100 100 37 72 15 100 76 100 12 100 51 3 100 100 86 2 14 6 100 32 50 76 94 89 100 19 74 23 68 84 21 1 100 77 50 63 100 34 100 100 14 66 19 4 26 100 60 60 98 100 100 64 6 48 70 1 76 40 61 100 3 55 46 11 23 19 66 62 7 100
59 100 76 11 100 42 92 100 45 54 100 9 56 100 94 6 8 15 36 77 100 100 54 58 100 90 76 16 12 26 62 80 81 70 100 67 40 3 100 99 100 100 73 100 33 87 16 5 2 100 5 43 56 3 47 76 100 78 100 21 66 86 11 33 19 12 52 100 100 65 100 100 100 74 100 5 100 59 57 93 61 92 100 100 81 94 97 100 15 100 6 80 100 100 100 100 19 30 100 95 100 100 100 26 45 61 30 32 43 100 15 100 61 100 100 20 8 46 15 79 25 100 58 100 90 53 100 100 94 100
42 90 100 78 69 99 100 100 100 100 100 41 19 86 100 100 75 100 100 68 15 73 36 63 38 100 100 95 72 100 100 62 91 82 19 100 100 92 88 11 18 100 100 17 0 7 100 100 83 15 100 92 98 85 100 100 86 100 53 43 58 100 50 14 85 83 100 100 58 40 68 100 63 31 100 68 21 77 59 8 35 35 88 82 29 18 89 100 67 24 87 29 100 65 36 12 41 100 85 100 81 100 100 11 96 100 56 77 100 25 29 100 63 99 44 2 84 100 100 85 86 100 74 64 100 33 100 62 100
100 50 65 71 41 99 92 100 100 100 100 14 23 64 52 100 79 96 5 100 100 68 20 71 68 87 2 100 55 51 65 100 6 100 100 47 100 100 7 100 39 100 35 31 52 31 51 19 73 43 66 41 100 24 32 100 71 100 61 100 91 51 100 100 19 47 70 100 16 24 15 23 100 100 100 100 100 0 32 100 100 29 31 50 23 42 18 91 97 100 35 76 20 16 56 2 100 100 56 100 13 47 5 37 85 57 100 100 52 16 5 49 76 100 17 100 100 98 100 97 51 100 85 86 90 100 26 100
100 100 68 100 84 25 100 37 100 89 34 100 100 100 76 100 31 89 100 77 100 100 100 31 86 88 15 68 100 81 100 100 100 86 79 100 62 33 85 100 100 100 100 4 16 13 100 53 100 29 60 55 88 100 100 1 24 75 35 100 65 100 100 100 13 16 0 100 48 19 81 90 100 54 93 100 100 83 100 43 96 25 100 64 30 68 67 100 100 18 100 2 83 100 88 37 64 31 34 19 58 55 100 56 52 100 51 70 100 47 100 87 25 100 92 93 100 64 43 63 40 100 100 100 56 84 100
60 100 100 0 100 100 100 100 100 82 50 82 100 86 53 88 64 76 56 48 26 85 52 55 10 100 12 51 100 25 45 9 37 100 100 35 40 10 100 95 100 98 100 100 61 5 92 100 5 76 36 54 23 73 100 63 92 91 42 73 68 32 43 31 100 100 50 100 65 40 61 82 100 100 57 67 26 100 97 79 74 34 29 7 85 24 8 100 100 55 64 70 38 2 16 28 100 89 81 82 54 74 100 38 97 100 39 100 77 100 100 100 100 80 100 100 44 73 33 67 100 58 42 100 96 100
100 100 17 76 100 23 44 78 18 100 91 100 39 100 40 39 87 0 55 100 100 100 20 0 54 100 100 9 100 35 95 33 100 100 58 20 60 98 48 94 27 53 45 100 97 66 76 100 100 47 70 67 100 89 36 29 31 77 25 62 27 80 100 100 100 68 80 8 100 28 100 100 100 6 100 20 100 25 100 100 45 3 100 100 63 54 89 15 100 100 100 100 52 100 100 35 84 1 55 78 100 100 56 81 37 31 78 86 100 100 29 32 3 72 48 73 81 26 12 30 100 52 77 53 100
91 34 15 12 100 56 100 100 100 70 94 100 22 100 34 62 59 2 54 97 73 52 69 53 76 94 100 79 75 43 0 100 100 100 100 100 75 90 71 26 55 4 96 100 100 100 100 100 11 100 32 60 63 59 100 3 100 95 6 94 11 6 100 46 64 58 100 22 25 100 100 100 8 88 3 73 47 100 100 98 74 29 100 56 69 100 60 34 54 97 98 93 100 22 63 100 93 100 83 38 100 100 48 11 23 100 2 100 100 100 100 38 48 89 100 32 100 100 50 94 14 80 100 100
11 50 65 100 67 29 100 66 100 72 40 90 100 18 73 57 96 60 100 100 84 83 88 100 100 100 100 79 50 51 78 100 100 81 66 100 22 86 96 100 100 84 41 77 30 40 62 100 77 100 100 64 58 43 40 100 100 100 0 100 19 6 47 100 24 68 60 100 92 69 9 45 100 100 32 46 100 100 47 100 100 36 17 100 100 9 21 49 100 61 100 33 100 23 100 31 65 49 47 5 100 66 100 100 60 12 63 82 100 3 100 100 46 100 43 40 100 100 78 42 68 95 100
100 13 100 81 76 15 3 55 19 100 100 100 100 100 100 46 100 11 100 83 63 22 100 100 100 86 100 100 100 37 93 100 55 26 100 100 75 20 39 100 100 53 22 13 73 100 100 70 100 100 68 96 14 61 79 60 100 100 15 62 80 74 100 76 100 100 42 100 100 100 100 69 14 11 67 52 30 100 6 100 65 31 99 59 100 71 21 100 19 100 98 32 100 15 29 100 100 70 36 91 44 25 100 95 83 80 22 100 53 16 78 100 52 100 100 70 49 49 48 52 59 100
38 41 54 100 100 100 100 28 43 93 100 45 88 46 100 6 78 78 75 12 30 100 76 20 72 1 100 50 100 100 4 36 82 7 35 44 100 100 69 76 80 83 14 100 31 100 39 30 75 100 90 33 100 50 87 2 32 100 78 13 37 100 40 100 100 50 21 1 77 92 0 19 100 56 60 92 83 100 2 89 100 97 100 35 16 100 93 87 39 100 100 100 100 10 5 22 69 78 98 100 61 87 100 15 99 100 100 10 70 12 39 40 29 100 100 48 100 100 33 100 100
100 100 36 92 96 4 100 58 14 12 92 5 100 46 81 100 19 11 7 100 80 100 51 86 48 62 100 100 3 40 7 58 100 100 63 100 67 100 100 100 100 100 77 100 81 67 78 61 66 72 100 41 16 65 33 100 98 32 100 34 9 75 100 68 6 47 100 100 44 12 87 81 99 100 3 89 36 94 100 37 33 59 98 61 7 18 10 47 100 100 8 0 82 100 38 100 8 100 25 61 100 85 38 96 90 100 100 100 100 100 87 53 42 100 55 59 100 100 53 100
100 98 83 100 45 64 79 17 41 83 80 100 49 56 100 77 68 7 63 100 53 100 100 1 6 23 81 100 100 87 100 100 65 100 100 66 100 100 100 69 94 32 24 40 50 75 100 100 100 9 100 56 49 100 99 100 73 87 80 26 5 44 100 100 100 100 63 42 18 86 100 55 39 100 100 74 85 66 100 25 34 100 34 57 89 15 100 73 11 86 38 100 56 48 1 100 20 100 100 100 7 100 18 2 32 24 25 59 8 100 100 82 47 61 100 100 28 100 100
100 100 28 8 100 20 39 78 80 57 100 100 27 17 38 27 41 43 100 100 100 100 6 100 20 100 1 54 100 99 100 5 61 100 20 54 100 90 97 90 100 67 92 100 47 100 81 89 100 48 56 100 63 100 89 68 85 87 40 99 31 100 37 100 91 100 90 23 5 84 74 16 7 100 8 0 61 71 71 99 27 49 19 73 30 17 1 100 100 75 49 100 71 100 100 72 100 76 43 100 9 100 100 33 100 73 32 55 88 100 100 100 68 45 20 2 94 100
100 100 100 29 76 100 50 5 90 100 2 100 82 41 99 100 29 77 53 100 88 100 81 57 70 79 59 100 100 100 55 8 100 100 86 24 78 100 100 83 64 32 69 68 100 91 100 47 100 100 100 20 77 42 51 92 44 4 1 28 89 100 73 76 100 49 100 100 49 50 100 100 3 57 93 100 46 33 3 100 100 38 7 100 100 26 9 100 78 100 17 100 89 17 23 74 70 100 81 62 100 100 75 40 61 10 47 40 59 8 100 0 32 54 80 70 100
77 29 87 100 95 100 100 3 48 33 5 68 13 100 100 61 100 100 64 36 92 100 9 100 100 36 9 49 26 100 100 49 3 100 58 70 3 71 100 2 100 93 96 100 32 100 12 100 36 90 100 19 22 19 52 53 8 100 17 100 100 100 100 100 100 100 44 30 100 100 76 0 100 53 72 100 100 82 35 98 100 74 100 100 77 24 31 100 81 62 100 78 100 20 100 100 98 100 61 81 74 58 100 100 100 72 25 100 82 58 61 100 38 84 13 100
100 100 47 100 100 23 82 58 27 100 78 100 100 58 57 60 77 81 16 3 17 87 48 100 100 16 41 100 100 100 92 82 100 64 38 100 100 3 66 100 91 100 57 18 27 20 47 7 98 82 56 9 23 0 28 30 32 75 100 96 24 46 100 7 84 3 92 100 61 19 13 42 100 100 100 100 86 71 69 49 100 50 91 21 27 44 100 100 47 93 89 100 52 63 39 73 81 43 77 100 85 100 19 23 25 100 100 62 31 100 32 100 100 100 100
100 62 57 0 78 100 100 100 14 4 100 82 31 21 94 7 100 57 28 100 36 20 97 89 74 58 33 44 65 100 100 85 18 19 88 19 34 49 100 70 100 100 53 23 100 53 16 100 28 59 100 81 8 70 87 77 100 32 100 100 37 10 69 100 100 100 100 100 47 45 100 96 38 42 100 100 43 36 100 1 60 62 41 27 48 49 56 87 81 40 38 80 100 100 63 91 100 48 51 80 89 91 9 56 58 14 100 100 36 97 24 100 82 100
5 73 85 89 100 100 97 100 100 58 100 63 30 100 50 8 14 100 100 100 100 100 70 99 47 31 95 41 21 100 100 34 100 35 100 35 65 100 100 100 72 78 40 100 100 100 78 63 51 61 94 49 89 85 100 98 100 100 48 85 100 1 37 25 12 39 100 63 66 19 15 48 54 100 30 21 99 48 100 6 65 100 72 10 100 13 13 100 71 9 100 100 100 80 63 100 100 100 7 100 96 48 59 100 67 54 9 1 30 56 85 92 100
16 77 100 100 76 42 68 100 100 53 33 96 93 100 72 38 23 52 0 50 1 89 11 13 56 9 97 85 13 100 23 100 18 100 12 36 100 71 70 100 52 98 100 100 82 90 21 100 99 24 23 5 65 24 44 29 100 7 32 100 100 100 28 79 45 10 82 10 3 23 27 67 22 0 24 34 36 24 100 100 26 100 100 100 13 100 77 93 11 83 100 46 29 30 100 100 100 100 100 100 100 100 76 100 14 66 46 100 64 78 3 100
86 100 100 19 100 15 55 62 32 44 66 10 100 100 88 88 8 59 19 4 75 90 52 64 46 100 75 100 100 33 88 20 100 12 100 27 100 80 19 100 69 31 24 75 100 61 71 100 100 100 42 100 7 52 100 61 3 100 10 100 100 32 21 63 100 100 38 100 4 87 37 29 100 60 66 1 88 61 16 1 56 42 22 28 19 47 16 34 90 55 88 100 100 76 100 34 97 9 80 1 52 76 77 100 92 27 100 100 34 100 100
100 65 38 40 80 100 69 3 67 81 100 60 34 69 97 36 79 18 57 100 100 100 100 38 100 38 91 52 100 25 100 100 39 40 61 62 100 62 15 100 93 39 57 42 44 90 92 22 79 62 62 67 100 100 8 17 37 15 9 100 65 100 26 99 2 100 100 100 51 100 34 69 100 65 53 56 80 98 57 14 100 47 100 64 87 15 100 54 5 89 15 28 65 100 100 68 55 20 35 5 100 0 84 29 40 22 13 10 100 100
89 94 30 100 72 100 59 69 100 85 53 82 71 48 100 62 60 43 100 19 36 21 64 78 63 92 100 100 33 18 100 100 53 88 100 82 50 100 2 100 78 79 100 100 1 100 90 40 100 66 100 49 95 100 100 83 95 24 100 100 77 100 40 100 100 55 100 90 17 38 16 87 100 86 45 100 57 87 100 20 100 49 100 100 16 100 100 100 45 98 10 44 34 32 43 100 99 89 100 4 32 31 28 62 6 54 90 57 100
100 100 67 31 69 100 100 100 100 37 25 100 79 58 100 80 100 1 44 86 18 79 38 100 100 93 79 100 100 100 100 1 8 81 97 56 93 78 100 23 100 58 11 100 0 100 42 100 100 12 100 21 95 90 94 14 100 87 42 100 41 8 61 100 16 100 6 66 100 100 80 25 90 55 13 79 1 42 52 100 77 53 51 26 100 41 45 100 75 90 25 100 100 72 54 68 95 6 100 54 43 56 100 100 100 100 29 100
100 14 100 33 100 24 100 84 62 20 78 13 85 79 67 100 100 100 100 7 90 13 82 100 52 72 100 100 23 62 51 67 30 100 100 0 100 82 28 46 37 31 34 55 50 33 21 74 100 95 49 52 100 100 100 44 36 100 26 56 73 48 100 15 100 48 34 41 24 100 100 63 44 100 24 100 28 81 85 67 100 44 100 91 97 21 1 74 100 39 100 25 100 78 100 72 100 100 100 97 15 62 53 100 100 100 100
12 100 14 100 6 94 94 100 86 90 66 75 3 89 70 54 100 100 100 100 26 17 100 66 39 100 8 100 100 11 100 100 39 14 84 78 100 1 76 7 100 100 100 100 88 100 66 55 100 18 52 31 56 99 97 16 100 93 52 100 85 79 100 100 100 44 24 29 38 52 18 100 14 100 93 100 9 60 34 29 33 41 100 100 100 63 100 88 37 53 100 100 40 12 83 100 86 73 27 93 100 53 47 100 72 100
9 93 74 100 15 100 75 52 100 100 95 3 20 100 93 8 96 100 9 33 100 45 100 100 47 100 6 13 56 100 16 56 33 51 38 100 64 87 49 100 100 100 100 100 100 82 100 100 68 99 34 100 100 18 100 78 50 100 60 100 100 70 100 65 69 82 96 6 100 100 55 31 55 49 30 71 54 7 69 36 30 100 100 100 100 17 28 22 58 29 28 100 44 59 64 73 100 43 95 71 14 87 100 93 100
100 99 100 100 13 100 27 63 100 76 100 100 100 100 12 27 76 28 64 61 100 100 18 50 100 33 100 97 42 100 100 100 13 86 65 100 56 97 23 36 100 54 82 100 70 100 20 25 68 100 97 40 100 100 60 100 100 100 100 66 40 100 100 26 100 59 35 14 6 100 69 98 51 100 100 100 100 41 35 100 100 5 74 46 64 42 100 100 100 43 87 55 12 100 66 100 24 0 100 68 100 48 23 100
100 51 49 86 100 100 100 100 100 98 84 22 9 26 100 77 100 96 97 42 27 76 81 5 100 41 100 57 52 1 100 70 42 100 63 8 5 100 10 16 87 22 16 64 100 45 9 91 32 100 57 31 74 100 100 100 100 21 25 92 24 22 72 15 98 100 50 100 40 9 2 92 100 100 2 95 67 100 15 100 6 41 85 72 83 38 100 54 9 86 100 95 26 18 100 77 54 51 67 6 100 27 100
100 100 100 59 33 100 68 100 100 49 17 7 57 37 100 28 48 57 100 100 100 19 29 24 54 100 21 100 100 100 100 23 80 47 100 96 56 100 100 100 58 69 28 100 98 100 53 27 51 100 100 100 100 14 80 13 100 34 100 32 28 100 100 4 91 29 15 54 100 25 100 100 4 95 24 100 100 10 66 100 76 5 13 90 31 70 70 97 19 7 88 100 24 38 100 63 64 100 98 30 52 100
100 100 2 31 97 44 58 80 12 19 30 100 58 11 7 100 87 57 40 35 100 83 100 100 100 54 42 26 59 100 100 100 100 42 70 100 100 91 13 5 44 100 58 73 13 45 100 100 29 77 100 73 50 100 38 78 2 94 68 100 23 100 11 100 100 100 76 59 38 66 100 100 16 75 100 20 23 100 100 1 26 92 100 100 100 6 100 89 92 99 11 100 82 32 100 68 52 100 46 100 100
43 41 32 100 28 27 100 33 100 68 100 17 46 32 40 99 100 100 69 59 4 6 100 54 100 17 42 92 49 75 89 100 96 89 67 73 9 100 100 67 95 86 78 100 19 91 15 75 95 25 93 24 74 72 47 50 30 0 100 100 100 42 50 12 40 27 100 8 44 100 41 58 17 100 74 100 100 90 32 89 7 63 100 72 14 47 100 74 86 17 100 100 86 100 100 64 67 100 100 100
81 50 67 99 100 100 1 14 94 4 100 76 13 100 82 31 25 93 31 99 6 43 100 100 99 9 100 100 4 56 36 89 9 14 0 100 100 27 78 100 100 76 56 15 100 59 47 26 100 37 100 100 100 57 100 100 25 55 79 100 100 100 29 100 100 66 100 4 85 26 9 100 63 17 100 81 94 13 100 54 96 0 92 2 23 21 58 100 100 100 79 82 100 26 76 86 100 100 100
25 98 24 89 47 39 38 51 10 86 81 43 54 20 20 93 100 62 4 100 100 50 100 64 100 77 100 42 100 75 8 67 100 100 95 7 100 49 96 32 100 11 96 16 100 55 82 100 100 61 87 78 100 100 34 100 10 82 50 58 100 100 22 100 10 100 42 74 97 65 73 22 47 17 45 100 15 98 100 100 1 45 5 100 33 3 12 100 100 2 16 52 89 9 35 72 23 100
40 85 49 23 100 100 100 19 96 100 100 51 12 63 21 100 96 100 100 27 100 100 14 97 78 66 39 64 34 76 100 100 29 81 3 56 87 100 79 94 38 64 100 95 83 100 65 38 100 100 81 100 79 45 66 100 96 100 7 100 100 18 22 100 100 79 6 91 100 100 75 69 92 80 100 100 47 100 43 5 86 100 46 79 54 100 47 70 80 37 100 100 100 100 100 49 100
48 100 75 32 100 100 100 100 80 100 31 57 89 100 72 64 80 87 100 33 100 35 100 38 44 53 92 89 100 42 100 13 71 100 100 100 10 100 96 100 100 56 60 100 23 100 27 41 100 67 100 100 100 100 51 100 84 28 32 51 1 100 6 9 100 2 64 100 87 100 83 100 13 30 63 100 100 81 27 2 100 3 2 42 10 91 31 50 41 63 24 100 56 12 100 100
84 0 100 100 58 66 87 53 31 100 100 97 100 1 95 100 4 49 56 100 2 90 100 100 100 37 100 100 27 47 100 80 4 14 100 67 100 4 90 0 100 30 68 100 21 100 47 97 78 100 100 100 100 19 100 100 77 81 62 81 100 15 71 20 100 42 25 4 100 100 27 77 88 100 93 31 100 14 88 98 18 88 3 100 88 41 100 71 38 100 95 100 59 100 100
43 0 96 6 7 34 100 100 100 100 100 96 46 34 66 38 59 42 69 90 100 88 20 93 100 100 61 25 31 100 28 100 83 15 22 100 100 100 100 95 50 100 83 100 100 32 4 100 37 48 15 49 100 100 6 14 91 100 100 53 1 100 32 56 70 27 100 27 100 100 100 77 28 96 31 100 100 4 83 100 1 62 49 4 48 100 100 100 70 100 39 42 27 100
29 60 28 100 37 100 100 15 100 19 63 44 100 45 20 100 17 60 100 6 62 18 100 2 86 41 100 42 100 100 100 100 97 97 40 99 100 28 95 21 31 13 61 65 91 22 100 100 78 100 65 53 44 35 46 19 70 49 20 100 100 69 100 14 51 100 32 95 100 59 100 100 54 100 67 75 81 86 91 41 100 46 88 100 92 100 10 100 70 38 100 3 100
100 43 88 67 100 16 100 97 50 88 99 54 100 6 100 100 28 34 43 65 77 85 100 46 96 100 51 100 21 85 100 15 100 65 100 53 100 69 100 100 100 68 84 81 100 92 69 17 100 100 100 100 100 35 62 18 2 78 100 32 3 100 100 87 100 18 80 100 100 100 32 63 100 93 32 22 100 100 85 11 100 46 68 100 77 86 100 42 100 37 71 100
26 70 100 100 100 44 71 31 44 74 52 100 58 35 42 100 100 63 100 55 20 100 19 50 52 29 100 87 100 100 0 100 100 86 31 100 2 31 100 85 100 16 100 72 100 91 100 100 75 58 5 100 64 94 41 78 49 100 89 63 6 62 54 90 13 10 100 100 100 100 100 100 7 100 15 31 100 100 97 3 8 100 13 25 79 100 82 100 23 30 100
64 100 38 66 9 68 100 68 100 81 97 75 69 100 27 63 99 6 99 100 11 100 100 72 100 100 79 100 88 97 53 54 100 8 63 95 54 100 53 74 50 91 84 81 43 100 17 34 86 100 100 77 100 74 60 88 100 100 69 27 100 15 45 100 43 38 100 76 18 46 88 56 96 89 100 100 76 45 100 55 100 100 100 67 67 35 100 100 49 100
100 16 100 100 61 58 65 63 93 71 49 100 100 52 15 53 32 0 100 100 33 92 100 68 10 36 80 26 10 18 100 91 63 51 0 39 100 54 100 100 23 38 100 5 9 100 100 14 100 5 62 4 3 78 100 39 7 100 72 100 84 26 100 100 100 10 100 100 100 32 26 6 46 100 60 76 100 100 37 59 100 100 38 91 100 100 28 69 100
38 80 55 1 75 48 1 100 100 52 100 100 77 100 50 100 100 100 98 81 100 11 35 30 49 100 29 100 66 29 100 76 59 31 68 20 100 100 78 23 65 71 98 22 39 61 52 100 62 35 42 7 91 82 100 100 72 91 83 36 9 95 100 95 100 100 89 100 87 100 16 1 100 87 100 56 100 14 100 100 100 28 100 100 34 63 96 100
6 100 42 16 100 100 100 79 100 100 24 61 97 52 28 44 28 70 15 46 66 89 56 5 100 100 33 32 100 90 63 9 19 74 100 100 3 4 83 49 6 100 60 87 40 4 100 48 55 100 58 100 67 35 99 11 100 100 81 27 38 100 87 74 77 46 68 75 25 100 67 100 60 22 70 14 89 46 86 55 23 1 74 100 98 43 100
88 32 100 24 100 17 17 100 100 82 100 100 74 8 80 100 86 100 100 5 25 100 100 100 55 73 100 55 100 100 1 36 65 88 65 26 0 100 100 61 100 92 17 85 100 0 23 69 98 64 50 56 11 100 100 14 5 9 79 69 3 100 100 100 25 12 76 45 49 100 67 55 16 100 18 100 10 32 96 21 100 95 30 100 100 100
95 21 41 45 34 100 28 1 4 97 100 100 100 63 61 100 100 24 43 14 66 27 60 100 73 100 100 50 41 87 38 81 100 56 30 80 67 100 15 90 36 52 100 50 95 45 91 73 53 100 58 83 100 50 70 44 9 93 25 100 50 100 69 77 100 100 94 61 4 57 100 16 81 100 88 3 32 100 10 46 71 37 59 39 100
72 100 100 100 48 93 100 100 57 100 35 100 20 17 100 100 26 86 45 49 50 41 100 100 44 100 24 93 22 86 81 100 100 5 56 43 36 100 64 78 100 100 97 87 16 100 71 100 63 11 72 6 0 100 100 100 48 20 10 2 100 100 83 34 100 43 100 46 70 19 100 85 29 14 100 97 100 24 44 100 25 32 97 100
60 100 83 100 8 100 100 48 66 100 100 31 100 100 43 84 12 100 100 63 96 100 37 100 35 78 35 34 42 100 100 100 100 100 100 55 93 77 2 49 72 63 13 40 36 100 10 25 76 100 100 37 41 100 39 100 89 9 100 14 88 100 26 6 100 67 100 43 71 100 14 100 100 100 54 51 99 21 70 15 100 100 100
100 14 100 56 100 98 100 69 100 10 100 64 40 100 85 100 29 75 26 52 100 3 80 56 2 100 69 34 55 100 100 37 75 100 95 97 100 60 100 77 100 100 100 78 100 100 84 78 11 55 53 80 58 12 100 75 100 91 61 100 100 100 79 54 100 100 1 22 100 99 32 42 60 42 46 34 100 56 100 30 73 100
100 100 84 70 57 76 100 100 100 18 100 19 100 76 75 76 100 100 96 100 18 100 100 39 100 100 65 100 68 100 100 22 46 95 77 12 100 100 100 54 33 93 15 100 92 100 100 100 95 61 78 41 39 13 56 100 100 1 12 100 100 100 17 0 12 68 57 26 100 80 100 61 68 11 54 10 100 100 36 39 100
100 23 100 52 29 9 87 13 59 100 46 88 17 100 82 49 1 0 94 100 29 100 100 100 100 100 66 100 100 100 100 100 44 28 85 100 100 100 49 32 64 100 17 100 100 100 22 89 33 83 31 46 87 22 85 91 100 100 91 100 29 70 49 15 27 88 100 32 18 69 82 3 92 49 27 48 77 27 17 100
54 61 25 60 95 100 63 100 59 100 95 41 95 77 37 100 100 74 27 100 37 96 100 16 76 100 45 85 100 21 100 100 50 20 54 100 100 100 6 99 80 0 40 100 100 100 100 100 45 75 100 46 61 50 58 100 71 7 56 100 33 67 100 74 100 85 31 100 9 100 100 100 71 5 56 66 67 23 100
93 100 85 100 26 51 100 7 0 100 70 100 12 100 100 100 100 80 35 6 100 36 100 100 15 100 96 28 36 100 30 36 100 100 11 62 12 100 57 4 100 74 35 83 59 54 100 100 54 100 100 69 91 100 78 80 100 100 100 100 100 67 61 23 60 25 95 74 59 100 14 99 68 34 34 87 17 100
100 9 15 100 100 25 100 37 21 74 100 48 100 44 89 40 71 10 100 100 54 100 100 19 7 80 100 100 51 79 63 100 100 85 100 100 49 100 31 66 59 53 100 11 40 52 67 100 100 29 24 28 100 8 27 28 100 3 74 54 70 44 72 100 59 81 100 100 60 5 85 89 100 16 84 18 100
87 67 24 84 59 100 100 44 9 100 2 100 22 3 17 51 100 100 100 14 58 87 100 23 100 100 21 94 28 42 56 100 92 96 100 60 67 92 100 100 100 43 100 31 60 100 60 100 76 45 100 6 60 100 100 0 100 100 73 100 51 11 2 75 12 70 71 100 62 100 54 63 85 20 96 100
32 42 84 0 100 91 100 65 100 100 100 9 100 100 100 23 100 100 53 85 59 50 56 100 100 20 19 53 0 80 100 69 100 93 98 1 91 100 100 50 100 10 7 86 100 77 100 100 100 23 63 100 6 100 9 100 64 68 100 52 42 100 100 100 14 97 78 47 99 81 71 100 15 94 100
73 15 100 35 8 5 90 62 20 21 50 100 100 12 100 100 3 100 10 100 84 100 100 100 100 79 2 98 100 3 2 100 2 9 42 37 100 68 4 40 100 51 53 90 40 2 69 100 46 94 100 48 100 22 18 100 86 74 98 0 30 100 49 100 61 91 18 64 100 93 100 28 100 100
26 35 100 100 0 91 21 48 51 75 68 100 6 63 77 25 45 100 100 45 100 100 89 100 62 100 100 22 52 77 56 72 100 54 19 100 100 48 18 29 76 9 8 85 79 100 52 42 22 66 35 92 68 100 90 8 63 10 43 100 100 76 84 68 93 49 100 44 75 84 100 100 100
22 84 100 0 100 17 100 100 82 40 80 100 24 35 100 100 100 100 14 66 63 100 15 33 90 51 93 23 28 88 25 60 22 66 100 41 45 12 44 100 53 14 34 100 21 16 2 27 33 100 100 100 17 24 93 100 8 100 100 47 54 100 34 80 59 24 37 85 33 67 69 100
100 68 49 82 0 78 100 35 100 58 38 4 75 57 29 80 100 14 94 21 53 92 5 11 100 100 100 32 55 100 1 43 73 5 95 87 87 37 77 100 34 91 26 82 85 100 17 40 17 100 13 96 100 54 38 20 100 7 3 48 82 76 87 82 17 16 100 5 100 54 100
72 100 60 100 100 11 100 100 14 64 64 70 70 43 10 100 100 59 100 100 100 100 14 46 8 26 100 66 99 100 76 45 31 100 100 100 68 100 82 51 46 53 100 65 100 58 46 100 99 100 100 87 75 93 100 33 91 94 25 30 100 100 100 76 73 3 100 71 50 100
100 100 0 100 64 89 78 73 45 100 81 100 12 1 100 100 66 18 69 21 76 88 100 60 100 100 96 100 55 100 14 100 100 92 30 100 94 71 100 32 86 11 17 83 100 100 65 19 64 63 100 12 81 100 74 100 100 32 100 11 22 100 72 49 89 62 30 100 100
46 67 100 42 100 100 100 30 100 82 28 100 10 65 24 44 16 100 100 100 50 100 35 100 100 37 100 70 100 100 100 36 90 100 43 6 100 20 18 100 100 23 38 100 100 66 38 100 87 78 36 71 8 12 25 100 100 18 19 43 100 100 49 100 98 100 100 100
100 92 22 100 12 72 100 100 41 48 13 100 100 10 100 70 45 56 97 24 44 60 100 86 30 100 1 52 9 27 100 33 94 71 53 100 100 100 28 54 100 64 9 77 8 100 100 72 84 100 52 100 9 66 20 50 100 100 19 74 67 100 100 100 100 100 100
30 100 8 53 100 77 14 62 10 100 100 100 27 68 22 67 55 92 100 100 0 98 90 90 55 5 18 85 100 100 98 85 100 100 79 18 100 100 100 80 58 39 14 43 59 57 76 100 100 63 81 61 9 23 71 100 71 78 9 14 3 62 100 60 44 100
82 100 70 37 100 64 100 82 79 91 100 100 45 60 100 67 71 15 95 100 10 15 20 68 88 74 100 59 83 96 79 93 6 7 100 43 61 100 51 100 86 41 100 100 100 21 52 100 53 51 50 100 100 100 32 50 100 32 50 100 100 100 100 100 100
45 100 96 92 100 74 40 79 100 12 100 89 69 100 39 64 100 100 100 24 86 100 100 3 66 58 87 100 39 29 55 16 56 49 100 78 46 57 100 100 100 100 7 91 89 100 100 100 5 86 50 100 100 100 4 100 25 53 100 100 6 100 13 100
100 0 43 100 17 68 45 53 6 69 99 80 84 25 100 38 14 100 100 25 100 34 7 52 82 100 100 100 100 79 91 84 44 88 100 14 36 13 29 77 19 96 100 100 33 100 100 66 90 100 57 100 51 66 100 100 32 61 100 100 85 100 100
39 100 100 100 98 81 9 35 100 100 51 99 80 70 54 60 100 100 27 56 63 45 24 79 43 100 43 100 58 92 48 81 100 77 100 54 32 5 24 66 100 100 14 78 75 100 100 83 23 86 85 64 79 38 100 7 36 18 97 61 60 100
92 25 12 52 100 31 100 31 98 100 9 33 100 100 79 100 100 62 33 97 70 32 100 100 26 100 100 100 100 100 100 24 8 69 57 18 63 100 71 45 100 96 100 85 100 11 100 20 29 85 99 10 100 84 100 100 81 15 62 6 100
100 100 82 15 40 65 100 100 96 47 1 26 100 88 84 100 78 100 100 82 44 100 64 100 85 100 93 3 100 100 100 100 25 63 11 100 45 1 38 27 40 10 15 100 100 100 100 21 43 91 7 44 27 100 7 33 91 100 12 100
81 100 13 94 100 100 30 100 97 7 100 100 93 100 100 29 30 26 100 4 3 79 38 51 100 79 13 100 0 34 31 100 26 93 16 100 74 85 21 7 17 100 88 100 62 100 100 100 100 100 65 100 100 66 93 2 67 5 100
13 12 100 36 100 33 24 10 62 92 19 19 49 85 5 100 16 65 100 28 72 100 60 72 66 25 21 82 100 100 100 98 96 48 67 100 51 90 91 78 100 73 77 79 22 71 100 58 98 71 73 40 98 54 65 9 100 100
43 2 54 84 56 78 43 67 78 100 100 76 100 28 61 100 46 100 23 100 87 16 68 100 100 97 76 81 78 29 100 15 73 74 100 74 5 12 76 82 32 7 4 37 77 100 9 100 100 9 8 43 100 83 85 100 100
54 100 21 63 100 1 100 41 69 100 35 100 100 46 66 72 13 75 7 33 100 100 100 68 64 38 3 100 2 28 18 66 87 66 85 46 87 100 13 43 100 69 84 45 57 59 96 48 5 100 100 21 37 46 96 100
100 83 100 100 51 79 44 82 97 26 54 81 68 100 100 100 100 25 100 100 75 100 85 67 34 22 5 39 61 44 100 16 100 59 81 42 100 99 98 24 5 22 100 100 84 20 100 46 72 42 75 100 7 100 100
84 100 100 8 100 46 92 100 96 7 72 100 45 100 50 95 100 57 100 4 20 99 100 88 76 58 39 4 65 4 76 33 64 4 100 100 97 55 6 84 100 100 100 33 30 76 19 82 73 47 48 100 25 100
66 5 100 83 40 100 100 83 59 100 100 74 18 24 0 88 17 81 100 86 58 100 40 100 100 68 51 100 62 100 31 53 50 27 100 100 17 21 100 71 23 100 94 32 46 84 64 71 73 59 57 63 100
68 91 100 66 21 20 68 37 76 34 52 51 85 33 30 16 100 39 100 99 25 100 100 2 63 100 11 4 100 81 24 33 50 67 9 79 100 100 100 100 11 60 82 1 45 100 83 100 26 68 89 100
100 29 47 100 56 100 59 19 100 0 45 89 8 33 100 25 45 74 38 100 100 64 100 1 92 61 5 84 100 87 15 69 100 31 98 67 67 59 35 100 70 100 70 36 100 60 4 9 100 8 100
50 21 100 100 86 100 50 100 100 66 89 100 1 60 57 100 100 62 64 65 100 100 29 100 100 100 74 10 54 60 15 29 21 100 100 100 61 100 53 28 51 23 20 60 54 0 61 71 100 100
32 52 100 14 100 80 100 100 75 100 28 100 100 100 36 100 46 100 100 63 100 16 100 91 100 100 20 37 7 70 100 85 20 72 85 11 29 100 0 55 47 28 41 47 32 88 48 5 100
100 100 100 19 84 45 100 39 88 57 2 100 4 21 100 100 20 100 100 100 31 100 70 100 100 84 100 100 31 63 100 90 44 100 86 77 8 100 69 25 28 100 92 12 100 100 74 100
100 100 100 92 100 100 44 100 28 72 97 12 54 0 65 100 73 8 13 100 95 100 100 88 79 100 60 100 9 100 83 88 100 9 14 100 99 100 100 0 100 87 100 59 100 100 100
92 100 100 100 43 100 100 100 67 100 100 38 20 7 10 99 100 37 76 100 22 67 100 100 71 100 100 100 74 80 80 2 72 10 100 57 0 77 100 84 70 40 100 3 100 100
70 100 100 100 80 100 100 21 100 100 24 15 95 69 0 100 5 98 97 94 68 100 98 100 37 100 50 43 100 100 13 100 100 89 88 100 55 100 85 73 72 69 78 69 100
39 82 50 69 97 34 41 100 6 3 76 48 73 27 52 20 31 79 48 64 65 84 100 34 71 76 100 53 15 16 8 13 62 7 26 100 100 46 30 45 7 14 90 100
11 13 48 100 65 18 100 100 30 46 100 71 100 57 100 53 78 44 83 43 23 40 82 70 100 100 100 51 100 93 65 10 43 100 100 37 30 41 46 17 100 100 100
100 22 67 28 54 100 23 41 45 100 17 8 100 100 90 43 89 100 49 1 54 76 100 45 79 11 52 100 0 7 35 100 100 9 98 96 85 100 59 100 21 100
100 43 79 100 29 64 31 100 100 48 15 82 62 88 40 67 48 100 44 9 100 78 94 12 85 100 68 100 100 100 86 100 100 100 100 1 17 26 29 100 100
99 59 100 57 80 33 21 100 93 38 96 10 78 81 51 31 41 100 88 73 68 79 24 13 100 46 64 11 75 85 22 16 40 10 1 100 100 100 100 100
100 74 100 37 100 67 30 58 13 53 49 100 100 26 3 100 100 100 37 6 20 100 53 100 80 80 100 34 36 68 88 58 100 56 44 28 63 41 100
64 71 37 100 77 26 95 100 74 100 9 100 34 71 100 100 3 62 100 41 50 100 100 100 63 28 11 81 100 75 100 100 100 79 100 79 100 100
100 70 10 100 27 97 46 57 78 100 100 100 84 30 100 8 59 100 62 40 72 98 100 47 100 16 100 54 100 100 100 100 95 79 100 55 100
65 3 100 100 94 84 99 2 20 100 38 100 70 100 22 73 100 100 55 100 48 100 100 100 100 28 89 49 40 42 31 94 85 69 100 100
100 55 35 86 90 66 100 5 100 99 88 17 100 100 73 75 100 100 45 24 47 15 100 96 17 100 55 60 100 25 100 100 100 100 100
76 100 86 3 51 39 41 8 100 91 21 70 64 100 60 100 100 32 34 67 100 100 100 100 71 48 100 100 87 100 74 88 90 100
100 100 58 99 99 6 3 100 48 100 100 92 100 24 60 100 100 70 41 25 100 0 100 100 44 100 100 93 2 100 80 58 100
1 100 100 100 100 19 12 53 100 100 100 56 100 83 100 97 100 98 94 100 100 59 46 53 100 100 100 100 75 36 100 100
97 28 100 100 100 100 75 85 63 74 6 100 100 62 82 100 100 30 95 47 39 100 93 100 100 100 37 14 100 100 100
1 100 85 87 82 100 85 56 100 98 60 12 26 31 1 100 54 100 57 100 100 60 17 45 35 100 100 100 64 100
23 13 15 47 49 34 29 100 100 63 100 100 100 100 3 63 67 100 100 69 59 15 47 37 38 67 72 15 100
65 41 59 45 13 6 78 55 77 61 100 100 21 100 37 25 100 100 100 83 6 52 88 100 43 60 91 100
18 93 89 100 84 100 48 100 76 42 32 30 66 100 100 6 39 83 100 40 49 100 22 100 100 90 100
0 11 100 11 97 100 87 39 39 99 66 63 58 68 56 100 35 98 100 44 100 0 49 18 100 100
20 100 61 71 9 45 100 100 88 50 100 24 51 100 53 18 100 63 81 100 99 43 100 100 100
44 91 90 100 95 100 88 100 100 53 50 100 100 73 93 9 61 100 23 3 7 9 99 100
100 100 100 36 100 100 100 0 55 65 69 48 12 100 100 37 28 98 68 100 71 1 100
7 69 27 100 92 100 70 100 100 100 77 100 20 74 17 60 36 100 87 92 73 100
69 33 100 100 100 67 5 100 96 100 92 100 100 65 99 100 48 100 65 100 100
87 38 100 100 90 95 87 100 100 77 15 100 92 3 42 100 30 73 100 100
20 100 69 23 100 8 100 100 79 36 100 100 48 1 16 44 86 40 100
100 100 100 100 15 39 70 43 50 24 100 0 64 16 81 53 37 100
32 100 46 77 100 84 100 84 100 100 100 89 89 83 96 100 100
47 100 100 100 9 39 100 73 91 100 81 90 64 55 100 100
100 15 100 1 22 100 71 64 100 68 18 71 72 31 100
64 100 55 100 99 100 100 100 100 52 76 55 100 100
52 51 12 75 100 38 41 14 51 75 5 100 100
100 25 100 100 100 32 2 77 100 2 100 100
100 17 100 66 100 57 12 59 100 100 100
76 13 15 50 38 21 83 41 100 100
83 33 100 41 100 100 100 1 100
29 71 100 100 53 6 7 100
100 22 38 81 0 20 100
61 32 100 50 48 100
100 45 100 93 100
97 97 33 100
32 100 100
26 100
100
