100 50
50 50 50 50 50 50 50 50 29 50 34 34 3 50 27 26 50 50 50 28 50 50 20 15 21 50 50 50 12 50 49 50 50 50 50 50 50 50 27 50 50 50 50 7 32 50 50 50 50 50 50 49 50 50 0 24 50 7 50 50 50 50 47 46 50 5 50 50 50 25 50 50 13 50 50 50 30 50 50 50 50 30 20 11 50 50 50 50 50 40 50 50 37 50 47 36 50 50 50 
35 22 50 2 19 50 25 35 50 50 50 50 37 50 50 50 50 2 50 50 50 50 50 50 49 26 50 50 21 50 12 50 50 50 50 26 50 32 6 50 12 50 50 39 37 50 50 50 50 50 50 50 7 31 50 1 50 16 31 50 4 50 50 5 50 50 50 47 1 0 50 50 34 33 50 50 44 50 50 37 23 50 50 50 50 50 50 21 36 50 50 50 50 50 50 50 24 50 
10 50 4 50 2 50 50 50 50 50 44 50 50 50 48 50 50 3 50 50 50 0 50 50 50 50 19 50 50 5 50 50 50 50 50 50 50 50 50 24 8 50 50 50 50 50 50 50 34 50 30 34 0 5 39 50 12 24 50 19 34 50 50 50 50 50 50 50 16 1 50 47 50 46 50 43 5 50 16 17 27 50 50 50 50 50 50 19 49 50 41 28 50 50 50 50 50 
50 40 50 50 50 16 50 50 50 9 27 50 50 50 50 50 50 50 50 50 50 50 50 50 50 50 20 50 50 46 50 50 37 50 50 50 39 50 50 50 50 35 50 50 18 38 50 50 11 50 50 50 40 49 50 5 50 50 50 50 50 26 2 50 50 50 4 50 5 0 50 50 40 50 39 50 50 50 50 50 50 50 50 50 50 2 50 39 50 50 44 50 15 50 22 50 
50 50 37 50 1 50 50 50 7 41 50 17 50 50 7 8 50 50 50 13 50 46 50 47 50 50 18 50 14 46 50 38 50 50 45 50 31 32 50 49 41 50 50 50 50 50 50 50 50 27 50 50 50 50 50 50 50 50 50 50 27 45 50 6 50 50 50 50 50 11 50 50 26 41 32 50 32 0 16 50 50 32 37 50 50 1 11 39 44 28 5 50 48 50 50 
50 50 31 50 50 50 24 50 27 50 50 49 50 50 50 6 50 50 50 50 50 1 26 23 50 50 10 50 36 44 50 44 39 50 50 21 50 34 50 50 19 2 5 50 50 50 10 50 50 50 12 50 50 50 50 50 50 50 35 46 26 50 50 3 50 50 50 50 50 50 50 11 50 50 22 21 50 4 50 45 46 50 50 50 50 29 4 50 50 50 50 50 16 50 
1 50 50 50 29 47 50 50 1 20 50 50 50 22 50 50 50 4 50 41 50 36 50 8 50 50 24 49 50 2 50 50 50 11 50 36 50 45 50 50 9 50 40 50 50 50 36 17 50 50 50 50 38 50 24 20 49 50 50 11 50 50 16 50 25 5 50 50 50 18 47 5 50 50 50 50 50 45 50 50 50 6 50 50 49 50 50 50 50 50 50 50 50 
4 30 50 28 50 50 50 50 50 50 50 50 45 50 37 39 26 50 50 5 50 50 50 0 39 45 50 50 50 9 50 50 50 50 50 50 50 50 48 50 50 14 31 7 50 45 50 3 33 50 15 50 34 31 48 50 35 50 50 50 18 30 50 50 19 50 50 3 8 50 50 16 27 50 18 50 48 50 50 50 50 50 50 43 50 50 50 50 42 50 50 50 
50 50 50 49 50 50 50 50 50 22 39 50 35 50 50 50 50 50 35 50 50 17 50 22 50 50 50 50 50 50 50 50 50 50 24 25 50 50 50 50 50 39 50 43 50 50 50 50 50 50 50 50 50 7 11 50 29 50 41 50 48 50 10 24 19 50 50 50 50 50 50 50 50 24 50 40 50 50 50 50 50 50 50 50 10 50 50 24 50 48 50 
50 50 50 50 50 50 50 50 50 50 50 50 50 50 50 3 43 50 50 50 50 31 32 50 50 50 8 15 50 50 50 50 50 50 34 50 44 50 50 50 50 50 50 25 39 41 19 50 50 50 50 3 4 2 46 46 50 50 50 50 50 14 50 50 50 42 50 50 50 50 50 50 50 37 50 5 23 50 50 50 50 50 50 50 50 14 48 50 39 50 
50 50 43 50 50 50 40 50 50 50 31 50 50 19 50 44 50 8 12 23 18 50 50 15 50 7 41 50 28 50 50 50 1 20 50 50 50 50 50 19 48 50 50 50 50 50 41 50 50 20 4 50 8 50 10 33 50 38 50 50 50 50 26 40 50 40 50 50 50 50 50 42 48 1 50 50 50 34 50 50 50 32 50 29 6 44 50 50 50 
50 50 23 14 50 50 23 50 50 50 19 12 50 47 50 50 22 50 22 50 34 50 50 50 7 50 50 22 50 50 50 50 50 50 50 50 50 50 15 40 50 50 33 2 50 47 50 2 48 37 20 44 50 50 50 50 50 4 50 0 32 50 50 50 50 50 50 50 50 50 9 50 40 50 50 21 50 50 50 50 34 50 50 4 35 50 50 50 
27 50 50 43 50 30 50 50 50 50 50 24 38 50 50 50 27 50 41 50 37 50 38 29 50 50 50 50 50 50 50 33 50 50 10 50 50 50 13 50 50 50 50 25 1 50 26 50 50 50 22 50 50 34 23 40 50 41 50 50 24 12 50 50 45 50 50 32 50 50 50 50 50 50 50 11 34 50 50 50 50 32 50 50 50 50 33 
50 50 50 50 19 50 50 50 50 50 50 36 50 50 33 11 38 50 50 20 50 50 50 12 50 28 2 50 50 50 47 50 50 50 50 50 50 50 50 50 50 50 50 50 50 32 50 18 19 50 50 43 41 50 42 50 50 40 50 50 50 36 50 50 48 26 50 50 27 50 50 9 50 50 11 50 50 50 15 50 50 50 31 24 50 10 
50 50 2 50 50 50 50 50 50 16 11 43 50 50 7 50 50 19 42 50 50 50 50 50 22 50 50 50 47 50 50 43 50 15 50 50 36 26 37 50 50 50 50 2 23 37 24 50 21 50 21 32 50 50 50 38 50 32 50 4 50 17 50 50 39 31 50 50 4 50 4 50 50 47 50 2 4 44 50 33 3 50 26 38 48 
50 50 50 16 50 50 1 50 50 25 50 50 6 50 11 40 5 50 50 17 12 31 50 50 40 50 50 50 50 50 6 50 50 49 50 50 50 50 17 50 50 50 50 10 50 50 50 50 50 50 32 49 50 2 50 1 50 50 50 50 50 50 40 13 22 50 50 50 50 3 50 50 50 50 26 50 12 23 50 50 50 50 16 22 
26 50 50 50 17 50 50 50 50 30 10 3 4 50 22 1 50 20 40 42 29 50 21 27 50 8 50 50 50 50 50 6 26 11 23 50 40 42 36 19 50 50 6 50 15 50 50 16 50 46 12 50 47 15 16 50 37 50 50 50 50 50 35 42 50 50 50 50 0 50 50 10 50 50 50 30 50 50 0 50 50 14 50 
50 50 6 50 50 50 50 50 50 50 50 50 39 50 50 11 50 50 39 36 14 36 50 50 8 4 50 22 47 50 50 40 25 50 50 40 31 50 50 50 50 2 50 50 9 39 50 50 14 50 36 50 50 50 50 11 4 40 50 50 50 50 50 41 31 26 12 20 50 35 50 39 50 50 50 50 50 50 15 50 40 50 
50 50 50 50 50 50 23 41 50 50 50 18 17 50 50 50 50 50 50 50 15 50 50 50 50 50 8 50 50 50 15 50 32 41 6 50 50 15 50 50 50 50 50 50 50 50 50 50 50 24 50 49 10 50 26 50 42 34 50 50 50 50 26 50 4 50 50 50 43 50 26 15 50 50 50 50 50 50 50 50 37 
50 50 50 50 50 50 23 14 50 50 30 5 14 50 15 34 50 50 50 44 45 11 50 50 50 50 12 50 24 50 50 50 38 50 50 50 50 50 47 34 50 4 50 25 26 23 50 50 5 40 50 50 22 50 50 34 50 39 25 50 50 50 50 50 50 21 50 34 50 50 50 40 50 50 50 48 28 50 50 34 
2 50 1 22 50 50 50 50 50 50 50 50 50 50 17 50 50 50 50 50 50 47 50 50 50 49 50 50 50 50 50 50 50 50 34 50 34 50 21 50 50 36 36 18 37 50 50 15 50 16 30 50 25 50 50 27 50 11 22 50 3 18 42 50 50 50 48 50 50 27 50 31 50 50 28 50 50 49 50 
50 6 50 50 50 50 14 11 28 35 50 50 29 33 50 3 50 50 50 50 50 50 50 50 18 50 50 1 50 50 50 29 50 50 50 50 50 40 2 50 50 18 50 50 50 50 50 22 16 50 50 43 50 22 50 50 23 35 50 33 50 7 50 17 27 50 50 50 50 50 36 37 50 50 50 50 50 50 
20 50 50 42 50 50 50 37 50 50 50 48 50 50 46 50 50 4 18 50 50 50 49 50 50 50 50 25 50 25 30 2 30 50 17 50 50 38 50 50 50 50 50 50 50 0 33 50 50 31 50 50 50 50 50 50 7 50 20 50 11 50 50 50 50 34 50 50 28 50 50 6 0 50 50 50 17 
50 50 50 50 50 50 14 17 50 29 35 0 50 50 37 50 50 3 50 50 50 50 50 50 50 13 17 50 22 50 50 50 50 50 43 50 50 50 21 50 50 50 6 50 50 50 50 50 50 50 50 50 50 50 50 11 10 26 50 30 50 50 16 50 14 31 50 18 50 50 50 50 50 50 36 50 
50 50 50 36 26 50 50 50 50 50 37 33 50 4 50 50 50 37 4 50 50 50 50 2 50 50 50 37 50 35 50 25 26 50 50 50 6 50 50 50 50 50 50 20 21 50 50 50 50 50 48 50 18 50 3 50 50 50 50 50 50 50 50 50 4 50 50 50 12 50 37 50 50 50 14 
50 5 25 42 50 11 50 4 50 30 50 50 50 50 50 40 50 50 21 42 38 27 27 50 36 50 50 50 50 26 50 50 50 50 50 50 50 33 50 50 37 50 14 50 50 30 10 50 50 50 50 50 30 50 30 50 50 40 30 30 41 50 50 50 50 50 6 50 20 50 35 50 50 11 
50 50 50 50 20 50 45 50 37 50 50 15 50 6 50 21 19 50 50 29 19 50 50 50 45 50 50 27 50 10 50 14 12 50 50 50 50 50 50 50 50 50 50 50 47 50 5 50 50 38 50 46 50 50 50 50 50 17 38 8 50 12 50 50 50 50 50 8 50 50 50 17 22 
47 7 50 12 25 15 33 50 50 9 50 50 50 50 50 50 50 30 50 50 33 50 50 50 50 50 37 40 50 35 50 50 50 50 34 50 50 50 12 50 30 23 50 50 50 39 50 50 50 2 50 46 48 50 50 45 47 41 50 50 28 50 50 33 50 50 12 50 50 50 50 50 
8 2 41 50 38 50 50 45 50 47 48 6 50 50 7 50 26 50 50 50 50 45 50 50 50 23 50 50 50 50 22 38 19 50 50 35 50 26 50 50 50 11 50 32 50 29 20 2 8 50 50 50 50 50 50 24 50 16 50 50 3 50 50 50 34 50 50 50 50 39 50 
50 50 44 50 38 50 50 50 30 50 50 50 50 50 9 50 23 31 50 50 0 22 10 50 50 50 50 45 50 21 50 50 28 23 50 50 50 50 35 50 50 50 50 28 7 50 50 50 49 50 50 49 50 14 50 50 50 0 50 50 50 50 50 48 50 50 50 50 27 50 
50 10 50 50 50 21 50 46 50 50 50 50 50 50 49 50 50 2 50 50 50 50 50 7 43 20 50 50 50 8 50 37 21 6 50 50 50 49 50 50 50 38 50 5 50 17 50 50 50 34 50 22 17 50 50 50 50 50 41 50 50 28 50 20 50 50 28 50 49 
37 11 46 41 17 50 9 23 50 50 21 24 24 50 50 50 50 0 50 50 50 25 50 50 5 25 46 9 35 50 50 50 50 50 14 50 50 50 40 50 50 50 50 50 47 50 1 50 50 4 50 41 50 50 13 50 50 24 50 50 50 50 50 2 44 13 50 50 
40 3 50 50 50 50 50 50 50 34 50 50 49 50 31 50 50 50 15 50 37 50 10 50 50 31 50 50 47 50 50 50 50 50 50 50 50 50 50 50 50 50 50 50 50 50 50 50 50 50 50 50 50 50 50 50 50 50 50 50 50 50 50 50 50 50 50 
50 50 50 50 50 50 50 50 50 50 50 50 50 50 50 50 50 50 50 50 50 50 0 50 50 50 50 50 50 50 50 50 50 50 50 50 50 50 50 50 50 50 50 50 50 50 50 50 50 50 50 50 50 50 50 50 50 50 50 50 50 50 50 50 50 50 
28 50 50 50 50 50 50 50 50 50 50 50 50 50 50 50 50 50 50 50 50 50 50 50 50 50 50 50 50 50 50 50 50 50 50 50 50 50 50 50 50 50 50 50 50 50 50 50 50 50 50 50 50 50 50 50 13 50 50 50 50 50 50 50 50 
50 50 50 50 50 50 50 50 50 50 50 50 50 50 50 50 50 50 50 50 50 50 50 50 50 50 50 50 50 50 50 50 50 50 50 50 50 50 50 50 50 50 50 50 50 50 50 50 50 50 50 50 50 50 50 50 50 50 50 50 50 50 50 50 
50 50 49 50 50 50 50 50 50 50 50 50 50 50 50 50 50 50 50 50 50 50 50 50 50 50 50 5 50 50 50 50 50 50 50 50 50 50 50 50 50 50 50 50 50 50 50 50 50 50 50 50 50 50 50 50 50 50 50 50 50 50 50 
50 50 50 50 50 50 50 50 50 50 50 50 50 50 50 50 50 50 50 50 50 33 50 50 50 50 50 50 50 50 50 50 50 50 50 50 50 50 50 50 50 50 50 50 50 50 50 50 50 50 50 50 50 50 50 50 50 50 50 50 50 50 
50 50 50 50 50 50 50 50 50 50 50 50 50 50 50 50 50 50 50 50 50 50 50 50 50 50 50 50 50 50 50 50 50 50 50 50 50 50 50 50 50 50 50 50 50 50 50 50 50 34 50 50 50 50 50 50 50 50 50 50 50 
50 50 50 50 50 50 50 50 50 50 50 50 50 50 50 50 50 50 50 50 50 50 50 50 50 50 50 50 50 50 50 50 50 50 50 50 50 50 50 50 50 50 50 50 50 50 50 50 50 50 50 50 50 50 50 50 50 50 50 50 
50 50 50 50 50 50 15 50 50 50 50 50 50 50 50 50 50 50 50 50 50 50 50 50 50 50 50 50 50 50 50 50 50 50 50 50 50 50 50 50 50 50 50 50 50 50 50 50 50 50 50 50 50 50 50 50 50 50 50 
50 50 50 50 50 50 50 50 50 50 50 50 50 50 50 50 50 50 50 50 50 50 50 50 50 50 50 50 50 50 50 50 50 50 50 50 50 50 50 50 44 50 50 50 50 50 50 50 50 50 50 50 50 50 50 50 50 50 
50 50 50 50 50 50 50 50 50 50 50 50 50 50 50 50 50 50 50 50 50 50 50 50 50 50 50 50 50 50 50 50 50 50 50 50 50 50 50 50 50 50 50 50 50 50 50 50 14 50 50 50 50 50 50 50 50 
50 50 50 50 3 50 50 50 50 50 50 50 50 50 50 50 50 50 50 50 50 50 50 50 50 50 50 50 50 50 50 50 50 50 50 50 50 50 50 50 50 50 50 50 50 50 50 50 50 50 50 50 50 50 50 50 
50 50 50 50 50 50 50 50 50 50 50 1 50 50 50 50 50 50 50 50 50 50 50 50 50 50 50 50 50 50 50 50 50 50 50 50 50 50 50 50 50 50 50 50 50 50 50 50 50 50 50 50 17 50 50 
14 50 50 50 50 50 50 50 50 50 50 50 50 50 50 50 50 50 50 50 50 50 50 50 50 50 50 50 50 50 50 50 50 50 50 50 50 50 50 50 50 50 50 50 50 50 50 50 50 50 50 50 50 50 
50 50 50 50 50 50 50 50 50 50 50 50 50 50 50 50 50 50 50 50 50 50 50 50 50 50 50 50 50 50 50 50 50 50 50 50 50 50 50 50 50 50 50 50 50 50 50 50 50 50 50 50 50 
50 50 50 50 50 50 50 50 19 50 50 50 50 50 50 38 50 50 50 50 50 50 50 50 50 50 50 50 50 50 50 50 50 50 50 50 50 50 50 50 50 50 50 50 50 50 50 50 50 50 50 50 
50 50 50 50 50 50 50 50 50 28 50 50 50 50 50 25 50 50 50 50 50 50 50 50 50 50 50 50 50 50 50 50 50 50 50 50 50 50 50 50 50 50 50 50 50 50 50 50 50 50 50 
50 50 50 50 50 50 50 50 50 50 50 50 50 50 50 50 50 50 50 6 50 50 50 50 50 50 50 50 50 50 50 50 50 50 50 50 50 50 50 50 32 50 50 50 50 30 50 50 50 50 
50 50 50 50 50 50 50 50 50 50 50 50 50 50 50 50 50 50 50 50 50 50 50 50 50 50 50 50 50 50 50 50 50 50 50 50 4 50 50 50 50 50 50 50 50 50 50 50 50 
50 50 50 50 50 50 50 50 50 50 50 50 50 50 50 50 50 50 50 50 50 50 50 50 50 50 50 50 50 50 50 50 50 50 50 50 50 50 50 50 50 50 50 50 50 50 50 50 
50 50 50 50 50 50 50 50 50 50 50 50 50 50 50 50 50 50 50 50 50 50 50 50 50 50 50 50 50 50 50 50 50 50 50 50 50 50 50 50 50 50 50 50 50 40 50 
50 50 50 14 50 50 50 50 50 50 50 50 50 50 50 50 50 50 50 50 50 50 50 50 50 50 50 50 50 50 50 50 50 50 50 50 50 50 50 50 50 50 50 50 50 50 
2 50 50 50 50 50 50 0 50 50 50 50 50 50 50 50 50 50 50 50 50 50 50 50 50 50 50 50 50 50 50 50 50 50 50 50 50 50 50 50 50 50 50 50 50 
50 50 50 50 50 50 50 50 50 50 50 50 50 50 50 50 50 50 50 50 50 50 50 50 50 50 50 50 50 50 50 50 50 50 50 50 50 50 50 50 50 50 50 29 
50 50 50 50 50 50 50 50 50 23 50 50 50 50 50 50 50 34 50 50 50 50 50 50 50 50 50 50 50 50 50 50 50 50 50 29 50 50 50 50 50 50 50 
50 50 50 50 50 50 50 50 50 50 50 50 50 50 50 50 50 50 50 50 50 50 50 27 50 50 50 50 50 50 50 7 50 50 50 50 50 50 50 50 50 50 
50 9 50 50 50 50 50 50 50 50 50 50 50 50 50 50 50 50 50 50 50 50 50 50 50 50 50 50 50 50 50 50 50 50 50 50 50 50 50 50 50 
50 50 50 50 50 50 50 50 50 50 50 50 50 50 50 50 50 50 50 50 50 50 50 50 50 50 50 50 50 50 50 50 50 50 50 50 50 50 50 50 
50 50 50 50 50 50 50 50 50 50 50 50 50 50 50 50 50 50 50 50 50 50 50 50 50 50 50 50 50 50 50 50 50 50 50 50 50 50 50 
50 50 50 50 50 50 50 50 50 50 50 50 50 50 50 50 50 50 50 50 50 50 50 50 50 50 50 50 50 50 50 50 50 50 50 50 50 50 
50 50 50 50 50 50 50 50 50 50 50 50 50 50 50 50 50 50 50 50 50 50 50 50 50 50 50 50 50 50 50 50 50 50 50 50 50 
50 50 50 50 50 50 50 50 50 50 50 50 50 50 50 50 50 50 50 50 50 50 50 50 50 50 50 50 50 50 50 50 50 50 50 50 
50 50 50 50 50 50 50 50 50 50 50 50 11 50 50 50 50 50 50 50 50 50 50 50 50 50 50 50 50 50 50 50 50 50 50 
50 50 50 50 50 50 50 50 50 50 50 50 50 50 50 50 50 50 50 50 50 50 50 50 50 50 50 50 50 50 50 50 50 50 
50 50 50 50 50 50 50 50 50 50 50 50 50 50 50 50 50 50 50 50 50 50 50 50 50 50 50 50 50 50 50 50 50 
50 36 50 50 50 50 50 50 50 50 50 50 50 50 50 50 50 50 50 50 50 50 50 50 50 33 50 50 50 50 50 50 
50 50 50 24 50 50 50 50 50 50 50 50 50 50 50 50 50 50 50 50 50 50 50 50 50 50 50 50 50 50 50 
50 50 50 50 50 50 50 50 50 50 50 50 50 50 50 50 50 50 50 50 50 50 50 50 50 50 50 50 50 50 
50 50 50 50 50 50 50 50 50 50 50 50 50 50 50 50 50 50 50 50 50 50 50 50 50 50 50 50 50 
50 50 50 50 50 50 50 50 50 50 50 50 50 50 50 50 50 50 50 50 50 50 50 50 50 50 50 50 
50 50 50 50 39 50 50 50 50 50 50 50 50 50 50 50 50 50 50 50 50 50 50 50 50 50 50 
50 50 50 50 50 50 50 50 50 27 50 50 50 20 50 50 50 50 50 50 50 50 50 50 50 50 
50 50 50 50 50 50 50 50 50 50 50 50 50 50 50 50 50 50 50 50 50 50 50 50 50 
50 50 50 50 50 50 50 50 50 50 50 50 50 50 50 50 50 50 50 50 50 50 50 50 
50 50 50 50 50 50 50 50 50 50 50 50 50 50 50 50 50 50 50 50 50 50 50 
50 50 50 50 50 50 50 50 50 50 50 50 50 50 50 50 50 50 50 50 50 50 
50 32 50 50 50 50 50 50 50 50 50 50 50 50 50 50 50 50 50 50 50 
50 50 50 50 50 50 50 50 50 50 50 50 50 50 50 50 50 50 50 50 
50 50 50 50 50 50 50 50 50 50 50 50 50 50 50 50 50 50 50 
50 50 50 50 50 50 50 50 50 50 50 50 50 50 50 50 50 50 
50 50 50 50 50 50 50 50 50 50 50 50 50 50 50 50 50 
50 50 50 50 50 50 50 50 50 50 50 50 50 50 50 50 
50 50 50 50 50 50 50 50 50 50 50 50 50 50 50 
50 50 50 50 50 50 50 50 50 50 50 50 50 50 
50 50 50 50 50 50 50 50 50 50 50 50 50 
50 50 50 50 50 50 50 50 50 50 50 50 
50 50 50 50 50 50 50 50 50 50 50 
50 50 50 49 50 50 50 50 50 50 
50 50 50 50 50 50 50 50 50 
50 50 50 50 50 50 50 50 
50 50 50 50 50 50 50 
50 50 50 50 50 50 
50 50 50 50 16 
50 50 50 50 
50 50 50 
50 50 
50 

