100 50
50 50 50 50 50 50 50 50 50 50 25 50 50 9 50 49 50 50 50 50 50 50 50 50 50 50 50 50 50 50 50 50 50 50 50 50 50 44 22 50 50 50 50 13 50 50 50 50 50 50 50 50 15 13 50 50 50 50 21 49 50 50 50 50 50 50 50 50 44 23 50 18 50 50 50 1 50 50 50 40 50 50 50 50 50 50 12 47 50 50 16 43 50 50 15 50 50 50 50 
42 50 50 50 50 50 50 50 50 50 17 3 50 50 38 9 50 50 1 4 50 8 50 50 50 50 50 50 50 50 22 50 50 50 50 50 50 50 50 50 29 50 50 50 50 50 50 50 50 50 50 6 50 50 7 50 50 41 50 36 50 50 50 50 50 50 50 50 33 6 50 50 39 17 50 7 50 50 50 50 31 29 50 50 8 50 50 50 50 50 50 39 5 50 47 50 50 50 
36 50 50 50 6 50 50 50 50 45 19 47 50 4 13 50 50 50 30 30 50 50 18 50 50 50 50 50 34 32 50 50 3 50 27 50 50 50 50 50 21 50 50 50 50 50 50 50 30 50 50 50 50 50 50 50 50 50 50 50 50 50 50 50 50 50 50 50 25 50 50 47 50 50 50 50 18 50 50 41 50 50 50 50 50 50 50 50 50 50 50 1 50 50 50 50 50 
50 11 50 50 50 50 50 19 2 50 50 50 50 50 50 50 50 50 50 50 0 50 42 21 50 50 50 50 22 16 50 50 27 50 17 14 0 50 18 50 18 18 50 50 50 50 10 50 50 49 21 50 4 50 50 50 50 50 50 21 50 50 50 50 50 50 50 50 50 34 50 50 50 50 50 50 50 50 50 50 50 50 10 50 23 50 27 50 50 5 50 50 50 50 50 50 
50 50 50 50 31 50 10 50 50 50 50 20 50 50 50 50 50 6 50 50 50 4 50 50 41 50 50 50 50 50 50 50 50 50 50 50 50 50 50 50 28 50 50 14 20 22 50 50 50 50 50 27 50 50 50 50 50 50 50 50 50 50 50 50 50 50 32 48 35 50 23 50 50 50 50 50 34 50 50 50 50 50 50 50 50 50 50 50 50 50 12 50 50 50 50 
50 3 38 50 50 50 50 50 50 50 50 50 50 50 50 50 50 8 13 50 50 50 50 50 18 50 50 50 50 50 50 50 50 50 50 50 50 50 50 50 50 50 50 33 50 50 50 33 50 50 50 50 50 50 50 50 12 50 41 50 31 50 50 50 50 50 50 50 50 29 50 50 50 44 50 39 50 50 50 50 50 50 50 50 50 50 50 50 50 50 50 34 11 50 
50 50 50 50 50 30 50 50 50 50 50 50 50 50 50 50 50 50 50 50 50 49 50 38 50 16 47 35 50 50 50 50 50 22 8 50 50 50 50 50 50 50 8 50 50 50 50 50 50 50 36 42 50 50 50 50 50 50 50 50 50 50 50 50 50 50 50 50 50 48 50 50 50 50 50 50 50 50 50 50 50 50 50 24 50 50 50 50 50 30 50 50 50 
50 32 50 50 3 50 1 50 50 50 50 50 50 11 50 50 40 50 50 50 50 50 27 50 11 50 50 50 50 50 50 50 50 50 50 50 50 33 50 3 50 50 50 50 1 50 50 50 50 25 50 50 12 50 30 48 50 12 50 50 50 17 12 50 50 50 50 50 50 50 50 50 50 50 50 9 50 50 50 50 50 26 50 50 50 50 30 4 50 50 50 50 
50 50 50 50 50 4 19 50 50 50 50 6 50 50 45 50 50 50 50 50 50 50 50 11 50 50 50 50 50 50 50 32 50 50 50 50 50 50 50 50 50 50 50 50 50 50 26 50 50 9 50 50 50 42 50 50 50 50 30 50 24 50 50 31 50 50 50 43 50 9 41 15 50 43 50 10 50 50 50 50 50 50 50 50 50 50 50 50 35 2 2 
50 20 5 50 50 50 50 50 50 50 50 50 50 50 24 26 50 6 29 50 8 50 50 35 50 50 50 50 50 0 50 50 50 50 50 50 50 50 16 50 50 50 50 50 50 50 50 50 50 23 50 50 50 46 50 50 50 50 50 50 50 50 50 50 50 50 14 50 12 47 50 50 50 50 50 26 22 50 15 50 50 50 50 50 50 50 50 50 50 50 
48 50 50 50 50 50 50 50 27 50 43 22 50 28 50 32 42 20 44 50 50 50 40 50 50 50 50 50 50 50 50 50 36 33 50 50 50 50 50 50 50 50 50 28 50 50 50 50 48 50 50 50 50 50 34 50 50 50 50 50 50 20 50 50 27 7 50 50 22 50 50 50 46 50 50 11 50 50 50 50 50 50 50 50 50 50 50 50 50 
50 50 50 50 50 50 50 9 50 15 50 50 50 50 50 50 50 7 46 50 50 50 50 16 50 50 50 50 50 50 50 50 50 50 50 29 50 50 10 50 50 50 50 6 50 50 4 50 50 50 50 50 50 50 50 50 50 50 50 50 50 50 50 50 50 50 50 50 50 25 50 12 50 50 50 50 50 50 7 50 50 41 31 50 50 50 50 3 
4 50 50 50 50 50 50 23 50 50 50 50 50 38 47 50 50 50 2 50 13 50 50 50 50 8 38 50 50 5 37 50 50 50 50 50 50 50 50 50 50 22 50 50 50 50 23 50 50 50 50 50 50 26 50 50 50 50 50 27 27 50 50 50 50 50 50 50 50 50 50 50 49 28 50 50 50 1 50 50 15 50 50 50 50 50 30 
50 50 50 33 50 48 49 50 50 50 16 50 50 38 50 50 50 12 50 24 50 50 50 50 50 50 50 41 50 3 50 32 50 50 50 50 50 50 50 50 50 23 50 11 50 50 3 50 50 50 50 28 50 41 47 50 41 50 50 50 50 50 50 6 50 50 50 50 50 30 50 50 50 19 50 50 50 8 10 30 50 50 50 50 50 50 
50 50 50 50 50 50 50 50 50 50 23 50 50 50 50 50 48 1 50 50 50 50 50 50 50 50 50 23 50 50 50 41 37 50 50 42 50 50 50 37 50 50 50 43 50 50 50 50 50 36 50 5 50 50 29 50 50 42 14 50 50 50 50 50 50 50 50 50 50 19 50 36 6 50 50 50 50 50 50 50 11 50 2 50 50 
40 50 9 50 50 50 27 50 50 50 50 50 50 50 50 50 50 48 50 50 50 16 50 50 11 50 50 50 50 36 45 50 50 50 50 50 50 50 50 10 50 50 50 49 50 0 50 50 50 50 50 50 43 50 0 50 50 50 50 50 50 50 5 50 50 50 50 50 50 50 50 21 50 50 50 37 38 33 50 50 50 50 7 50 
50 50 50 50 50 50 50 50 50 50 50 50 50 50 50 50 50 50 32 34 50 50 23 50 50 7 50 50 50 50 50 50 50 50 50 50 50 50 50 50 20 50 50 50 10 50 50 50 46 50 50 50 33 42 50 50 50 50 50 50 50 50 50 50 50 50 50 50 26 49 14 50 50 50 50 23 50 50 50 50 50 50 50 
50 50 50 30 25 50 50 50 50 50 50 50 50 50 50 50 7 50 34 50 50 50 50 50 50 50 10 50 50 21 50 14 20 50 50 50 50 50 50 50 16 50 50 50 50 50 22 50 0 50 50 50 50 50 50 47 50 50 50 50 50 50 39 50 50 3 31 50 50 50 50 50 45 50 50 50 50 50 50 9 50 50 
50 12 9 15 50 12 50 50 50 50 50 50 50 50 1 27 50 50 34 50 50 24 50 0 50 50 50 50 50 50 50 50 22 41 50 50 50 50 50 50 50 50 50 50 50 50 50 50 30 50 50 50 50 50 50 50 8 50 50 50 50 25 50 2 50 29 50 50 50 50 50 6 50 50 50 50 50 50 50 50 50 
50 50 50 50 50 50 50 35 50 7 50 50 50 50 50 50 50 50 50 50 50 12 50 5 50 50 50 36 50 50 50 50 50 50 31 50 50 50 42 15 50 50 50 25 50 36 50 30 41 44 4 50 42 50 50 11 50 50 50 50 50 50 50 50 50 33 50 50 50 28 50 50 50 50 4 50 50 50 50 50 
50 50 50 15 50 50 50 50 50 50 50 50 46 50 50 16 9 26 38 48 50 50 50 50 48 1 50 50 28 37 50 50 50 50 50 50 50 50 23 50 3 50 50 4 50 50 47 50 44 50 50 50 50 50 45 50 50 3 49 50 2 50 50 50 50 50 50 1 50 50 50 50 50 50 35 43 50 50 50 
50 50 50 50 50 22 50 50 50 50 50 50 5 39 50 50 50 48 50 50 50 50 50 50 50 50 50 50 50 50 33 50 50 50 50 50 50 50 16 43 50 50 47 50 50 50 50 50 50 50 50 47 19 50 50 50 39 50 28 27 50 50 50 30 50 50 50 50 50 19 50 50 50 50 50 30 2 26 
5 50 50 50 50 50 50 50 50 50 50 50 50 50 50 50 50 50 46 50 50 50 50 50 50 50 50 50 50 25 50 50 50 50 50 50 50 50 50 50 50 50 0 50 50 50 50 50 50 50 50 50 50 24 50 50 50 50 50 50 14 25 50 50 1 31 29 50 50 20 14 50 50 50 50 9 50 
50 29 50 50 50 44 50 50 50 9 50 50 24 50 50 50 50 39 50 50 50 50 50 50 14 50 50 50 50 50 50 1 50 13 50 50 50 50 50 50 50 50 50 50 50 50 50 50 50 50 50 25 50 50 1 50 50 38 41 50 27 44 50 50 50 50 50 50 50 44 50 50 50 50 50 50 
9 50 50 50 50 50 32 50 50 50 50 50 50 50 50 50 10 50 1 50 50 50 50 50 41 50 50 50 38 36 44 37 50 50 50 50 50 50 7 50 50 50 50 13 30 50 41 50 50 50 50 50 20 50 50 50 50 4 50 50 50 50 50 50 50 50 50 50 50 50 50 50 25 50 50 
50 50 50 50 50 50 50 50 50 50 50 32 50 8 50 50 41 50 50 50 50 37 50 50 26 50 50 50 50 5 15 50 50 50 50 50 50 50 50 50 50 50 30 49 50 50 50 50 27 50 27 50 50 50 50 21 50 50 50 50 50 37 50 50 50 50 50 50 50 50 50 30 47 50 
50 44 19 25 50 46 50 50 50 50 50 50 50 50 50 37 50 40 50 50 3 50 50 50 50 50 21 50 4 50 50 50 50 50 50 50 50 50 47 50 50 20 5 14 21 17 50 27 50 50 50 50 50 50 30 27 50 50 50 29 50 50 50 50 50 50 50 50 50 20 50 27 50 
50 50 50 45 50 50 11 50 50 50 5 21 50 7 50 50 50 38 50 26 50 50 18 50 50 50 50 50 11 50 50 50 50 50 50 3 50 30 50 50 50 50 50 50 50 50 50 44 50 50 50 50 50 50 4 39 50 4 50 50 50 50 50 50 43 50 50 47 36 50 50 50 
18 47 50 50 43 2 50 10 50 50 50 50 50 50 40 50 3 26 4 50 1 50 50 50 50 50 50 50 19 36 30 50 50 50 50 50 22 50 50 50 50 50 47 50 50 50 50 50 50 50 50 50 50 4 31 50 50 40 10 50 50 23 50 50 34 50 50 50 50 50 9 
17 50 50 12 50 50 50 50 13 50 6 50 50 50 50 50 50 50 50 50 50 1 50 50 50 50 50 50 50 13 50 2 50 50 50 1 50 50 40 50 50 50 25 50 50 3 50 50 50 24 50 49 50 50 50 50 50 50 50 50 50 50 13 50 50 50 50 50 50 50 
50 50 50 22 50 50 50 50 50 50 38 17 50 50 50 50 41 50 50 50 50 50 50 50 50 50 38 39 50 50 50 50 7 19 50 50 50 50 50 50 50 50 50 50 50 50 9 50 50 27 50 50 50 50 50 16 50 19 50 50 50 50 50 50 50 50 50 50 50 
50 50 50 50 40 50 12 50 50 50 50 7 50 38 50 50 50 50 30 50 50 50 50 50 50 50 50 50 19 50 41 50 50 50 50 50 50 50 50 50 50 50 28 7 50 10 50 50 13 50 50 50 50 0 50 50 50 50 50 32 50 50 50 50 38 50 50 50 
50 42 31 50 19 50 50 50 50 50 50 50 50 50 45 50 50 50 50 50 50 50 8 36 4 50 50 50 49 50 50 41 50 50 50 50 50 1 50 50 50 50 36 50 50 50 48 50 12 50 50 50 50 50 50 50 50 5 50 3 50 50 50 50 50 50 50 
50 20 42 50 50 50 50 50 50 50 50 50 50 50 3 41 50 50 50 50 50 50 47 23 50 50 24 8 50 50 50 50 50 50 50 50 50 50 34 50 50 50 50 50 21 50 50 50 50 50 16 50 9 47 50 21 50 50 50 50 50 50 50 50 50 5 
50 50 11 50 50 50 50 50 50 50 50 50 50 50 50 50 50 50 33 50 50 12 50 50 50 50 1 50 8 3 50 50 44 50 50 50 50 50 50 50 11 47 50 50 50 50 50 50 2 50 50 50 50 50 50 50 50 24 22 50 50 50 36 50 50 
50 22 50 50 50 50 50 50 50 50 50 50 50 50 50 50 50 50 21 36 50 50 50 35 50 50 50 50 50 50 50 50 15 50 50 50 50 50 50 24 50 50 50 50 50 50 13 50 50 50 50 42 50 50 32 50 3 50 50 50 50 50 50 44 
50 23 16 50 50 8 50 50 50 50 50 50 50 50 50 50 50 6 50 50 50 50 50 50 50 50 50 30 50 50 50 11 7 50 15 50 50 50 25 50 50 50 27 50 50 50 50 14 50 50 50 50 50 50 50 48 50 50 50 50 50 50 50 
50 50 50 50 50 50 50 23 50 5 50 50 50 50 48 50 50 50 50 50 49 50 50 50 50 50 50 50 50 50 21 50 50 50 26 50 50 21 50 50 50 50 33 50 50 50 50 50 50 50 50 13 3 50 50 11 50 50 50 50 50 37 
50 50 30 50 50 50 50 50 50 50 19 50 50 50 50 50 50 50 50 50 50 50 50 50 50 50 50 38 50 50 26 19 50 50 50 50 50 50 50 25 50 45 50 50 50 50 50 50 50 7 50 50 42 22 10 39 45 50 50 50 34 
50 50 50 50 50 50 37 50 50 50 50 50 50 50 50 50 50 50 9 50 50 50 50 50 50 50 50 50 50 50 48 50 50 50 50 50 50 50 24 42 50 45 29 50 50 50 50 6 50 50 50 46 50 50 18 50 50 50 50 50 
50 50 50 32 49 50 50 50 50 50 50 37 50 50 50 50 50 50 50 50 50 50 50 50 26 50 50 50 18 20 50 9 12 50 50 50 50 23 50 50 50 50 50 50 50 31 50 50 50 50 50 0 50 45 50 49 21 18 50 
24 42 50 36 50 50 19 50 14 50 37 50 50 50 50 50 50 37 50 18 15 50 44 50 50 50 22 14 50 50 50 8 50 50 50 50 50 50 50 50 50 50 50 50 50 50 50 42 50 14 50 50 50 50 50 50 50 43 
50 50 50 46 50 50 50 12 50 50 50 50 50 50 50 50 8 50 50 50 50 5 50 39 50 50 50 50 50 50 50 50 50 50 50 50 9 50 19 50 50 50 50 50 50 33 3 50 50 50 50 50 50 50 50 50 8 
50 36 50 50 50 50 30 0 50 50 50 20 50 50 50 50 50 50 50 50 50 50 50 50 50 50 50 50 50 50 50 34 50 50 50 16 50 50 50 5 50 26 19 50 6 50 50 50 50 50 50 50 50 50 50 12 
50 50 50 50 21 50 50 50 44 16 50 50 50 50 50 50 50 4 50 50 50 50 5 50 50 50 50 50 50 50 8 6 50 50 50 50 50 50 34 50 50 50 41 50 50 50 42 46 50 50 37 50 50 50 50 
44 44 50 50 50 50 50 50 50 50 50 50 50 50 50 50 50 50 50 50 50 50 50 50 50 50 50 50 50 50 50 50 50 50 50 50 50 50 50 32 50 0 37 50 50 50 50 50 50 50 3 50 50 39 
50 50 50 50 50 50 45 50 50 50 50 50 50 3 50 50 50 50 50 50 50 50 50 50 50 50 32 50 3 50 50 50 50 26 50 50 50 50 26 50 50 50 20 50 50 50 50 35 35 50 50 50 50 
50 46 27 50 50 50 8 50 2 3 50 50 50 50 50 50 50 16 5 12 50 50 50 50 50 50 50 22 50 50 2 50 50 32 50 50 18 50 39 50 19 50 19 37 50 50 50 3 50 33 50 50 
2 50 32 50 50 44 50 50 36 50 50 50 50 2 50 28 50 50 50 50 50 7 50 48 50 50 11 50 50 47 50 36 50 50 50 50 50 50 50 50 18 3 33 50 50 50 50 50 50 50 50 
50 50 50 50 50 50 16 50 50 50 50 50 50 50 50 50 50 36 50 50 50 50 32 50 50 5 50 50 50 50 50 50 35 50 50 50 50 50 27 41 50 50 50 50 50 50 4 50 50 50 
50 50 50 50 50 13 50 50 50 0 50 50 50 50 38 50 50 50 15 50 50 50 50 25 50 50 50 50 46 50 50 50 50 50 50 50 50 50 50 50 50 50 35 50 15 50 50 50 50 
14 50 32 50 50 38 25 13 37 50 37 11 50 50 50 50 50 50 50 50 50 12 27 50 50 50 50 50 50 50 50 25 50 50 35 50 50 50 25 0 50 50 50 31 50 50 50 50 
50 50 50 50 50 50 50 50 50 50 50 50 10 50 50 38 50 50 50 11 50 50 50 50 50 50 50 50 50 50 50 39 50 50 28 6 47 50 50 50 50 50 50 50 50 50 7 
11 50 50 50 50 50 50 50 50 41 50 50 50 50 50 50 50 50 50 50 50 9 50 50 21 50 47 50 50 50 4 50 50 50 50 50 50 50 50 50 34 35 50 50 50 50 
23 50 50 50 50 39 50 50 50 50 50 50 50 44 50 50 50 50 30 50 42 50 50 50 50 50 15 50 50 50 40 28 50 9 50 50 0 50 50 50 50 50 50 50 50 
45 50 29 22 50 50 50 50 50 50 50 50 50 50 50 2 50 28 42 50 50 50 50 50 50 50 50 50 50 50 50 14 50 50 50 50 50 6 50 50 50 50 50 50 
50 50 50 50 50 50 50 50 50 50 35 50 50 50 50 50 50 50 32 50 50 50 50 50 50 50 23 50 30 50 50 50 28 50 17 50 50 39 50 50 50 50 50 
39 50 50 50 50 50 50 50 50 50 50 50 50 0 50 50 50 50 50 50 32 50 50 50 50 42 50 1 41 50 50 14 50 50 50 50 20 50 47 2 50 50 
50 50 50 50 50 1 50 37 50 50 20 16 50 50 50 50 50 9 50 38 50 50 50 50 50 50 50 50 50 31 50 50 50 50 50 50 50 50 50 50 50 
50 41 48 50 50 50 50 50 44 50 50 50 50 50 50 50 13 50 50 50 40 50 39 50 50 50 50 50 50 50 6 50 8 34 50 50 50 50 50 6 
50 50 50 21 50 23 50 50 50 50 50 50 50 50 50 13 50 21 28 50 50 50 50 50 50 50 46 50 50 50 50 50 50 50 50 50 50 50 50 
50 50 50 50 50 11 45 50 50 50 50 50 50 50 50 50 8 50 50 50 50 0 50 50 50 47 13 50 50 50 50 50 50 35 50 50 50 50 
19 50 50 50 31 50 50 50 50 50 50 48 50 50 50 50 50 50 50 45 6 50 50 50 50 50 50 50 50 32 31 50 50 39 21 50 50 
50 50 27 50 50 50 35 47 13 50 2 50 50 50 50 50 50 50 50 44 50 25 50 50 50 50 50 50 50 50 14 50 10 50 50 50 
50 50 50 50 50 50 50 50 50 50 50 50 50 50 42 50 50 34 50 50 50 50 50 50 50 50 32 50 50 50 50 50 50 50 50 
50 50 50 50 50 50 50 26 50 50 50 50 50 21 50 50 43 50 50 50 50 50 40 50 50 5 50 50 0 42 50 50 50 43 
50 50 30 50 50 50 50 50 50 50 50 50 50 50 50 50 50 50 50 50 50 50 50 50 50 50 37 14 50 50 50 50 50 
50 50 50 50 50 50 50 50 50 50 50 50 50 50 50 17 50 50 50 50 50 50 17 50 50 3 50 50 50 50 50 50 
50 50 50 50 50 50 50 50 50 50 50 50 50 50 50 50 50 50 50 50 50 50 50 50 50 50 50 50 50 50 50 
50 50 50 50 50 50 50 50 50 50 50 50 0 20 50 50 50 50 50 50 50 11 50 50 50 50 50 50 50 50 
50 3 6 26 50 50 50 50 50 50 50 50 50 50 50 50 50 50 12 50 50 50 50 50 50 50 50 50 50 
50 50 50 50 50 50 3 41 50 50 50 46 50 50 50 50 50 50 50 16 43 50 50 50 50 50 50 50 
50 50 50 50 31 50 50 16 50 27 50 50 50 33 50 50 50 50 50 50 50 42 50 50 50 9 50 
50 50 50 22 50 50 50 50 50 50 50 50 50 50 27 50 50 50 50 50 50 50 50 50 23 50 
50 50 50 50 50 50 50 50 50 38 50 50 50 50 50 50 50 50 50 50 50 50 50 50 50 
19 50 50 50 50 50 50 50 50 50 50 50 50 50 50 50 50 50 50 50 50 50 50 6 
50 50 50 50 50 50 50 50 50 39 50 50 50 50 50 50 50 50 50 50 50 50 50 
50 50 50 50 24 50 50 50 50 50 50 50 50 15 50 50 50 50 50 50 31 50 
50 34 50 50 50 50 50 15 0 50 50 50 50 50 50 50 50 50 50 50 50 
50 50 50 50 50 50 50 50 50 50 50 50 50 50 50 50 50 50 50 50 
50 50 50 50 50 50 50 19 50 36 50 21 33 50 50 50 50 50 50 
43 50 50 50 50 50 50 50 50 50 50 50 50 50 50 50 50 50 
20 50 50 50 50 50 50 50 50 50 50 50 50 50 50 50 50 
50 50 50 50 50 50 50 50 50 50 50 50 50 50 50 50 
50 50 10 50 50 50 50 50 50 50 50 50 50 50 50 
50 50 50 50 50 50 50 50 50 50 50 50 50 50 
50 50 50 50 50 50 50 50 50 50 50 50 50 
50 50 50 50 35 50 50 50 50 50 50 50 
50 50 50 50 50 47 17 50 50 50 50 
50 50 50 50 50 50 50 50 50 50 
5 50 50 50 35 50 50 50 50 
50 50 50 50 50 50 50 50 
50 50 50 50 50 25 50 
50 50 50 50 50 13 
50 50 50 50 50 
50 31 50 50 
50 41 8 
50 50 
50 

