100 50
22 50 43 3 50 50 23 50 42 31 50 16 50 50 11 50 50 50 50 50 50 21 6 50 9 0 11 21 50 50 50 45 50 33 50 16 35 40 30 10 50 50 50 50 28 50 50 50 50 50 50 50 26 5 50 50 10 50 50 34 50 50 40 48 50 46 50 50 50 33 50 50 50 50 50 50 50 50 19 50 50 50 16 35 31 50 13 50 50 50 50 50 50 50 50 6 50 45 50 
50 47 50 50 50 4 21 49 50 32 50 28 50 50 50 50 36 8 50 50 50 20 3 50 24 50 7 50 50 39 50 50 50 50 37 50 24 50 50 50 48 50 50 50 50 22 50 13 50 50 50 36 44 32 50 1 50 35 8 50 50 21 50 45 50 50 50 40 50 50 50 6 50 50 23 50 29 50 50 50 50 20 50 50 29 50 50 50 50 50 25 50 50 50 50 50 36 50 
12 50 37 16 50 50 40 50 48 23 50 50 4 50 50 50 41 3 50 50 41 50 13 10 50 50 50 46 50 50 50 24 50 50 50 12 50 50 21 39 50 50 50 32 38 50 20 50 50 49 50 50 30 50 50 50 50 50 50 33 12 50 50 50 14 22 50 50 40 49 50 50 50 50 50 50 50 50 50 2 50 12 43 50 50 12 50 39 29 50 50 50 35 50 37 50 50 
50 50 50 50 50 0 6 50 50 50 50 50 50 50 50 50 50 50 32 12 50 50 31 21 50 50 20 50 50 50 50 50 50 2 50 50 50 50 50 50 6 50 6 50 50 50 38 50 50 50 50 50 50 50 50 49 50 50 32 50 50 50 23 50 50 39 50 23 50 50 50 50 50 50 50 35 50 50 16 50 50 12 50 36 10 50 50 50 42 12 50 50 50 50 48 50 
3 50 29 0 50 50 29 50 50 50 10 50 50 50 50 50 6 27 50 50 38 50 50 50 41 38 50 44 18 50 50 50 50 14 4 50 10 50 0 50 50 50 21 0 50 50 15 8 50 42 50 50 44 50 50 50 50 19 50 44 50 50 50 47 50 50 44 46 50 50 42 50 23 50 50 26 6 50 50 50 12 30 50 28 50 50 50 50 50 50 50 50 50 50 50 
38 50 50 21 50 50 22 50 50 50 50 50 10 50 50 2 50 50 50 1 50 48 50 0 27 13 50 46 50 50 44 50 43 50 50 50 50 50 50 50 4 4 50 50 50 50 31 12 23 50 46 50 50 50 50 40 50 28 15 50 50 50 7 50 50 50 50 50 41 50 30 41 50 50 50 50 50 50 50 50 50 22 50 33 50 50 31 42 50 24 50 17 32 25 
50 50 50 50 50 15 50 48 50 19 50 20 50 50 50 50 31 50 50 50 50 50 40 50 16 50 50 50 1 50 50 24 50 50 0 50 50 28 50 17 50 10 50 50 50 27 35 50 50 50 19 50 50 50 50 42 50 50 15 50 50 50 50 50 13 50 46 50 1 10 29 18 50 50 23 50 18 50 50 50 50 50 50 50 50 50 50 50 26 50 50 50 50 
50 48 50 50 35 2 50 12 23 38 50 50 50 50 2 50 50 16 12 25 6 50 50 36 23 50 50 8 27 20 17 50 50 50 50 50 50 50 50 6 50 50 50 41 50 50 50 50 50 50 50 50 34 50 20 7 1 15 50 50 50 50 50 50 27 25 50 50 18 50 50 50 50 50 4 50 36 50 50 50 13 50 13 50 50 24 50 33 50 50 50 19 
50 41 31 36 50 50 50 50 50 16 24 50 17 49 43 50 50 10 23 7 50 50 50 50 27 17 50 6 50 50 50 50 50 50 50 50 9 50 50 50 50 15 50 50 50 50 31 43 4 50 50 8 50 24 50 50 50 50 50 50 50 4 16 50 50 43 50 19 38 33 45 50 34 50 28 50 50 50 50 50 50 43 19 50 50 50 8 50 23 50 50 
50 7 38 50 50 36 50 50 50 34 5 50 50 50 50 50 50 2 50 50 39 50 50 50 45 45 50 50 50 50 50 19 50 50 50 50 13 50 50 50 50 50 50 50 50 50 50 50 2 50 50 50 50 50 50 50 6 31 23 50 50 50 24 39 11 50 19 50 50 47 11 50 34 50 50 50 49 23 50 0 50 5 12 50 50 50 50 50 2 37 
50 42 50 50 50 50 18 50 50 50 50 50 50 50 50 13 50 30 50 20 50 25 50 50 29 50 31 50 50 46 50 50 33 50 50 40 50 0 50 50 50 30 50 50 39 50 5 50 50 42 50 50 50 50 50 50 50 50 50 50 42 50 50 50 47 50 50 50 50 50 50 50 1 22 50 50 50 50 50 50 50 50 50 19 50 9 29 50 33 
29 50 34 50 20 50 38 43 29 50 50 50 14 0 50 50 50 50 50 50 50 50 50 50 34 50 50 50 50 50 50 50 50 50 50 50 31 50 50 50 50 50 49 50 50 50 50 50 1 50 50 50 15 28 50 29 25 50 50 50 50 50 50 50 50 50 50 50 50 50 50 50 50 50 26 27 44 50 49 50 9 50 50 50 33 50 50 50 
50 50 50 50 50 41 50 50 50 50 50 50 50 7 35 50 50 50 50 25 50 50 50 50 50 11 50 50 50 50 50 50 10 50 50 50 50 50 50 50 44 50 50 50 29 50 50 50 50 50 50 50 50 50 7 50 2 50 50 50 50 50 50 50 50 50 50 50 50 50 50 50 50 50 41 50 50 50 50 18 13 50 0 50 50 50 50 
50 50 22 50 50 50 50 50 36 50 35 50 50 50 50 50 25 50 50 3 37 50 50 50 50 50 50 50 50 50 9 50 50 50 0 50 50 50 50 35 50 31 50 50 50 17 50 50 28 50 50 31 44 1 50 50 50 44 42 50 40 50 50 50 50 50 1 50 50 50 50 50 50 50 50 50 50 50 50 50 50 50 50 50 43 50 
50 12 50 50 50 43 50 50 50 50 50 50 50 50 50 50 50 50 50 50 50 49 50 50 50 50 50 11 35 50 50 50 50 50 50 50 50 50 50 16 50 50 11 50 50 50 50 50 50 50 50 50 50 50 46 50 50 50 50 50 50 50 50 50 50 50 50 50 50 50 50 50 50 31 50 28 50 32 50 50 50 50 35 50 50 
50 50 50 50 50 50 45 50 50 50 50 50 50 50 50 50 50 50 50 50 50 50 50 50 26 50 23 50 50 50 50 50 50 50 50 50 50 50 50 50 50 50 2 50 50 2 50 50 50 50 50 50 39 50 48 50 0 50 50 18 50 50 50 34 50 50 9 50 50 30 19 50 24 50 50 50 50 50 21 50 50 50 50 50 
50 50 33 50 50 50 50 50 50 50 50 32 50 50 50 50 6 50 50 50 50 50 50 50 50 50 50 50 50 50 50 19 34 50 33 50 7 24 50 50 50 50 50 50 44 50 43 50 50 50 50 50 50 50 50 50 50 50 50 50 50 50 50 50 50 50 28 50 50 50 50 50 50 50 50 33 50 50 50 50 50 50 50 
34 9 24 50 50 50 5 50 50 50 50 50 50 50 50 50 50 50 50 50 3 50 9 50 50 50 50 50 50 50 50 50 50 50 50 50 50 50 50 50 50 50 50 50 50 50 50 50 41 50 50 50 50 50 50 50 50 50 50 50 50 50 50 31 50 50 50 50 50 50 50 15 50 46 50 50 50 50 50 50 29 50 
50 21 50 50 50 50 1 50 50 50 50 50 50 50 50 50 50 50 38 50 50 50 50 50 50 50 50 50 50 50 50 50 50 41 32 36 50 50 50 32 50 50 50 26 50 50 50 50 50 50 50 50 50 50 44 50 50 50 50 50 50 50 18 50 50 50 50 50 50 25 50 50 50 19 37 1 47 6 8 50 37 
12 50 50 50 50 16 46 50 50 50 50 50 50 50 10 50 50 50 50 50 50 50 50 50 50 50 50 50 33 50 50 50 50 32 50 17 50 50 50 50 50 27 50 50 50 50 50 50 50 50 50 47 50 50 50 50 50 50 50 50 24 31 50 12 50 50 21 50 50 50 50 50 50 50 10 50 50 50 50 50 
42 50 50 30 50 13 50 50 50 50 50 50 28 50 50 50 50 50 50 50 50 50 50 50 50 50 50 50 50 50 50 50 50 50 50 50 50 44 50 50 50 50 50 50 3 50 50 50 50 50 50 50 50 50 50 50 50 50 50 50 50 50 50 50 50 50 50 24 50 48 5 50 23 50 50 50 50 50 50 
50 44 11 50 50 4 42 50 50 50 50 50 50 50 18 50 50 50 50 49 50 50 50 50 50 50 50 50 50 23 33 50 50 50 50 50 50 50 18 50 50 50 50 50 50 50 50 50 50 50 50 50 50 50 50 50 31 50 50 47 7 50 41 50 50 50 50 18 50 50 50 50 50 15 50 50 50 22 
16 50 50 50 50 40 42 50 50 50 50 50 50 50 50 50 50 4 50 25 50 50 50 50 50 50 50 50 23 50 12 50 50 50 50 44 50 50 50 36 50 50 50 50 24 50 50 3 19 50 50 50 50 50 50 16 50 50 50 50 50 50 50 34 50 50 50 50 50 42 50 50 16 50 50 50 50 
50 50 50 50 50 50 50 50 50 50 50 50 50 50 50 50 50 50 50 50 50 50 50 50 49 40 50 44 50 50 50 5 5 50 50 50 50 50 50 50 50 50 50 50 50 50 50 50 50 50 50 0 50 50 50 50 40 50 50 50 50 50 12 50 50 50 50 50 50 50 50 1 50 1 50 50 
50 50 50 50 50 50 50 50 50 50 50 50 50 25 50 50 50 35 50 50 50 50 50 50 50 50 50 1 41 50 15 50 50 50 50 50 50 50 50 50 50 50 50 50 50 50 50 50 50 50 50 50 50 46 3 50 50 0 50 50 50 50 50 50 50 2 50 50 50 50 11 50 50 20 50 
50 50 50 50 50 50 50 50 37 50 50 50 50 50 50 50 22 50 2 50 50 50 50 50 50 50 50 50 50 50 27 50 50 50 50 50 50 50 22 42 50 50 50 50 50 50 50 50 50 50 50 50 50 50 50 50 27 50 50 50 50 50 50 50 20 50 50 50 22 50 50 50 50 25 
16 24 50 50 50 50 50 50 18 50 50 47 50 50 50 50 50 50 50 50 50 50 50 50 50 50 50 50 50 50 50 50 50 50 50 50 3 15 50 50 50 50 50 50 50 15 50 50 50 50 50 50 16 50 50 50 50 50 50 50 50 50 50 50 50 50 50 50 50 50 50 50 50 
15 50 50 10 50 50 50 11 50 50 50 50 27 50 26 50 50 29 50 50 25 50 50 50 50 50 50 0 50 50 23 50 50 50 50 50 50 50 50 50 50 50 50 50 50 50 50 50 50 50 46 50 50 50 50 50 9 50 35 50 50 50 5 50 50 50 50 50 43 50 50 50 
50 50 50 50 50 50 50 21 50 50 50 50 22 50 50 50 5 50 50 50 50 50 50 37 50 50 50 26 50 50 50 37 50 50 50 50 50 50 50 26 50 50 50 50 50 50 50 50 31 50 50 50 50 50 50 50 50 50 50 50 50 50 50 50 50 50 50 50 50 50 50 
50 45 6 50 50 40 50 50 50 50 50 46 50 50 50 50 3 50 50 50 50 32 50 50 50 50 50 50 50 50 50 50 50 50 50 50 29 50 50 50 50 50 20 50 50 50 50 50 50 50 50 50 50 31 50 50 50 50 50 50 5 17 50 16 50 50 50 35 33 50 
50 50 50 43 50 50 50 50 50 50 50 50 50 50 50 50 50 50 50 50 50 50 20 48 50 50 50 50 50 50 50 50 50 50 50 50 45 50 50 50 50 50 30 50 44 50 50 50 50 50 50 50 50 50 50 43 50 50 50 27 50 50 50 50 50 50 50 50 50 
1 50 50 46 50 50 50 50 50 50 50 50 50 50 50 50 50 50 50 50 50 50 50 50 46 48 50 50 50 50 50 50 28 50 50 50 50 50 50 24 50 50 50 50 50 46 50 12 50 50 50 50 50 50 35 50 50 50 50 50 50 50 50 30 50 50 50 36 
50 2 50 50 50 50 50 50 50 50 50 32 13 50 50 50 50 50 50 50 50 50 5 50 50 50 41 50 50 50 50 50 50 46 35 35 50 35 50 22 38 50 50 50 50 50 50 50 50 50 50 50 50 50 50 50 50 50 50 50 50 50 4 31 50 0 50 
50 50 50 50 50 50 50 50 50 50 50 50 11 50 50 18 50 50 50 50 50 50 50 50 19 50 46 50 50 50 50 27 50 50 16 50 50 50 50 50 47 50 50 50 50 50 50 50 50 50 46 50 50 50 50 50 50 50 50 50 50 45 50 50 50 17 
50 29 42 37 33 50 50 50 50 36 50 50 50 50 50 50 29 50 50 50 50 50 50 3 50 50 26 40 31 50 50 50 50 50 50 50 50 50 50 50 50 50 37 50 50 50 50 50 34 50 50 50 33 50 50 50 50 50 15 17 50 50 50 50 50 
50 10 50 50 50 36 50 50 50 50 50 50 50 50 50 50 50 42 50 22 50 50 50 50 34 50 50 50 50 50 50 50 46 50 50 50 50 44 50 50 13 50 50 29 50 38 50 50 50 16 50 50 50 50 50 50 50 50 50 50 50 50 29 50 
50 50 50 50 50 50 50 50 50 50 44 50 50 50 50 50 50 50 50 50 50 50 50 50 50 18 50 50 50 50 37 50 23 46 50 50 50 50 50 50 50 50 50 50 50 12 50 50 2 50 34 50 8 47 50 50 50 22 37 50 50 50 50 
23 50 34 50 50 50 50 50 6 50 50 50 50 50 17 50 50 50 37 50 39 50 50 43 50 50 50 50 50 50 50 26 44 50 50 50 50 50 50 50 50 50 50 50 50 50 50 50 50 50 50 50 50 50 50 50 21 50 50 50 50 50 
50 50 50 50 50 50 50 50 30 50 50 50 50 50 50 50 50 50 50 50 50 50 50 50 50 50 50 16 50 50 35 50 50 50 50 7 50 44 50 50 0 50 50 50 10 50 50 50 50 50 50 50 50 50 50 50 50 50 50 50 50 
50 50 44 50 50 50 50 50 0 50 50 50 46 50 44 50 50 50 1 50 50 50 20 50 50 50 50 50 50 50 50 27 12 50 50 50 50 50 50 50 50 50 50 50 35 50 50 50 50 50 50 50 50 50 50 25 50 26 50 50 
20 39 50 50 21 50 50 50 50 50 50 50 12 50 50 50 50 50 50 50 50 50 50 50 27 41 50 50 50 50 10 50 50 50 28 50 50 50 50 50 50 50 50 50 50 50 50 50 50 50 50 50 50 50 50 50 50 0 50 
50 50 50 50 50 50 8 50 50 50 50 50 50 38 35 50 50 38 50 50 50 50 50 50 50 50 50 50 50 25 50 50 36 50 7 20 50 0 50 50 50 50 50 50 50 50 50 50 50 50 50 50 50 50 50 36 50 50 
50 50 50 50 50 50 50 50 50 50 50 50 50 50 50 50 50 14 50 50 33 50 50 50 50 50 50 50 50 13 50 16 5 50 50 50 23 50 47 50 50 7 50 48 50 50 25 50 50 28 50 50 50 50 50 21 50 
50 50 50 50 50 50 50 50 50 50 50 50 50 50 50 50 50 37 50 50 50 50 50 50 50 16 50 50 5 50 50 32 50 50 50 50 50 2 50 50 50 50 50 50 50 50 50 50 50 50 50 21 50 50 50 38 
50 50 50 50 50 50 50 50 49 50 50 50 50 50 50 50 50 50 50 50 50 50 50 50 50 50 50 50 50 50 50 50 50 50 29 50 50 18 50 50 50 50 50 50 50 50 50 25 50 50 50 50 50 50 43 
50 50 50 50 50 50 50 50 50 46 50 50 50 44 50 32 50 50 50 50 50 50 50 50 50 50 35 16 50 50 50 13 50 50 50 50 50 50 50 50 50 33 50 50 50 50 50 50 50 3 26 50 50 50 
50 50 50 10 17 50 45 50 50 50 1 50 50 50 50 50 4 50 50 50 2 50 50 50 22 29 50 50 50 6 50 50 50 50 50 50 50 14 50 34 50 2 50 50 50 50 50 50 50 50 50 22 50 
10 5 50 50 50 50 6 50 33 50 50 50 50 50 50 50 0 50 50 50 50 50 50 50 33 50 50 50 50 50 50 50 50 50 50 44 50 50 28 50 50 50 34 50 50 50 50 50 50 50 41 50 
50 50 50 50 50 50 50 50 50 50 50 41 50 50 50 50 50 47 50 50 50 50 39 50 14 50 50 50 50 29 50 50 50 50 21 50 50 50 50 7 50 50 50 50 50 37 50 50 50 50 50 
50 50 50 50 50 50 50 4 50 50 5 5 50 50 50 50 50 50 50 50 50 50 35 0 50 50 16 50 50 41 50 50 50 50 50 50 50 50 50 50 50 50 50 50 50 30 50 50 50 50 
31 50 50 9 50 50 50 50 20 50 50 5 43 50 4 50 50 15 50 18 50 50 50 50 50 50 50 50 9 50 50 50 50 50 50 17 50 20 50 50 50 50 50 50 50 50 20 24 50 
2 50 50 50 50 50 50 50 50 50 50 50 23 50 50 50 50 50 50 50 50 50 50 50 50 10 50 50 50 50 20 50 50 50 50 50 37 49 50 50 50 50 50 50 18 50 50 50 
50 50 1 50 50 50 50 50 7 50 50 50 6 7 50 50 50 50 13 50 50 50 9 50 45 50 28 50 50 50 50 50 50 50 50 3 50 50 50 50 50 50 50 50 50 50 50 
50 50 50 36 50 28 50 50 50 50 50 50 9 50 50 50 50 6 50 50 50 50 50 50 50 50 50 50 50 50 50 50 50 50 50 50 50 50 50 50 50 15 50 50 23 15 
50 50 50 50 50 50 50 16 50 50 50 50 50 50 50 50 50 50 50 50 50 50 42 50 50 50 50 50 50 50 50 50 50 50 50 50 50 50 47 50 50 50 50 50 50 
50 50 50 50 50 50 50 50 50 50 50 50 50 50 50 50 50 32 50 50 50 50 50 50 50 50 50 11 50 50 50 50 50 50 50 50 50 50 1 50 50 50 11 50 
50 50 50 50 50 50 50 50 50 20 0 50 50 50 1 50 7 50 50 50 50 50 50 50 50 50 50 50 50 50 50 50 50 50 50 50 50 34 50 50 50 50 50 
50 50 50 50 50 50 50 50 50 50 50 50 20 50 50 50 50 13 50 24 50 50 50 50 50 50 50 50 50 11 50 50 50 50 50 40 48 50 50 31 50 50 
50 50 50 50 50 50 36 50 50 50 50 50 50 50 50 50 50 50 50 50 50 50 50 3 50 50 50 50 50 43 50 50 29 50 50 50 50 50 50 50 50 
50 50 50 50 50 15 50 50 50 50 50 50 50 50 50 50 50 50 50 17 50 50 50 50 50 16 50 50 50 50 36 50 50 50 50 50 13 50 50 50 
50 50 50 50 44 50 50 50 50 50 50 22 1 27 38 15 50 27 30 50 43 50 50 50 50 50 47 50 50 50 50 8 50 42 50 50 50 50 50 
11 50 50 50 50 50 28 50 50 50 50 50 50 50 50 50 50 50 50 50 28 50 50 50 50 50 50 50 50 50 42 15 14 50 50 50 29 50 
45 50 50 50 50 44 50 50 50 31 50 50 50 50 50 50 50 46 50 50 50 5 7 50 44 50 50 50 50 47 50 50 24 5 50 50 50 
34 50 50 50 50 50 50 50 50 50 50 50 50 50 50 50 50 50 50 47 50 50 50 50 50 50 50 50 50 50 50 50 50 50 50 5 
27 18 50 50 50 50 50 50 50 50 50 50 50 30 50 50 50 50 50 50 50 50 50 50 50 50 50 50 31 50 50 50 22 11 7 
50 34 50 50 50 50 50 50 50 50 50 50 50 50 50 50 50 19 50 29 50 50 50 50 21 50 50 50 37 17 50 50 50 50 
50 50 50 50 50 41 38 50 50 50 50 50 50 50 50 30 50 50 50 50 50 50 50 37 35 39 50 50 50 50 50 0 50 
50 50 50 50 50 32 50 50 50 50 50 50 50 50 50 50 50 50 50 50 50 50 21 50 50 50 50 50 50 50 50 50 
50 50 50 50 50 50 50 11 50 50 50 50 50 50 50 50 50 39 50 50 50 50 50 50 50 27 16 50 50 50 50 
50 50 50 50 50 50 50 21 50 50 50 50 34 50 50 50 50 50 50 50 50 48 50 50 50 50 50 50 50 50 
50 7 50 50 50 50 50 50 50 4 50 50 50 50 50 50 50 50 50 50 50 50 50 50 50 50 50 50 50 
6 50 50 50 50 50 50 50 50 50 50 50 50 50 50 50 50 50 50 50 50 50 50 50 50 50 50 50 
50 50 50 50 50 50 50 50 50 50 50 50 5 50 50 11 50 44 50 50 50 50 26 50 50 17 50 
50 50 50 50 13 38 50 34 34 50 50 50 50 50 50 12 50 50 23 50 50 20 50 50 50 37 
50 21 50 50 50 50 50 50 50 50 50 50 50 50 50 50 50 50 1 50 50 50 14 4 50 
50 50 50 50 50 50 50 50 50 50 50 50 50 38 50 50 50 50 50 50 6 33 50 50 
50 17 50 50 14 30 50 4 50 50 50 50 50 40 50 50 50 50 49 12 36 50 50 
50 50 50 50 13 1 32 50 50 50 50 50 50 50 50 50 50 50 50 50 50 50 
50 50 50 50 50 50 50 50 50 50 50 50 50 50 50 50 50 50 50 50 50 
50 50 28 50 50 50 50 50 50 50 50 50 43 50 39 16 50 50 50 50 
50 12 50 50 50 50 50 43 50 50 50 50 50 50 50 50 50 50 50 
50 50 50 50 50 36 50 50 50 50 50 50 50 50 50 50 50 50 
50 50 50 50 50 50 28 50 50 50 50 50 50 50 50 50 50 
50 50 50 50 50 50 8 50 50 27 50 50 27 24 50 50 
26 50 50 50 50 50 50 3 50 50 50 50 50 50 50 
50 50 27 33 50 50 15 50 50 50 50 50 50 50 
50 19 50 50 50 21 50 50 50 25 50 50 50 
50 50 1 50 50 50 50 50 9 50 50 50 
50 50 50 50 50 50 21 50 50 50 50 
50 50 50 50 2 50 50 50 50 50 
50 50 50 50 50 50 9 50 50 
50 50 50 50 50 49 50 50 
50 50 50 50 50 50 50 
50 50 50 50 50 50 
50 50 50 50 9 
50 50 50 50 
50 28 50 
50 50 
50 

