100 50
50 10 1 35 50 9 50 50 50 50 26 20 50 50 50 50 50 50 50 50 4 50 19 50 10 50 50 50 18 50 50 50 50 50 50 6 50 50 50 50 50 50 50 50 50 22 21 49 50 50 15 50 50 50 50 50 50 50 50 38 50 50 34 5 50 50 5 50 50 50 44 48 50 10 50 45 50 50 17 35 17 50 50 50 50 50 50 50 50 50 16 50 50 50 50 50 50 50 50 
50 50 32 50 50 50 20 50 50 28 17 50 41 50 50 50 50 50 42 33 50 0 50 50 0 50 12 50 50 50 7 50 50 50 50 44 50 50 50 50 50 32 50 50 50 50 50 50 50 50 50 0 40 23 50 50 50 50 4 39 50 50 50 28 50 50 50 50 50 23 50 50 50 50 17 35 31 50 50 50 50 12 50 21 50 50 50 50 50 23 50 42 50 50 50 5 50 50 
32 50 34 50 50 33 50 2 50 47 50 6 50 50 50 50 9 50 50 50 50 50 50 15 10 33 50 50 50 0 50 41 20 50 50 50 3 9 50 50 50 50 50 50 50 50 15 44 50 34 23 41 29 50 50 50 50 35 50 50 50 50 50 44 50 50 50 25 50 50 50 50 40 50 50 50 33 50 50 50 50 25 2 50 50 50 50 50 50 50 50 32 30 50 50 50 50 
50 50 24 26 50 5 3 50 50 50 50 50 47 50 50 50 50 50 50 50 50 15 47 50 18 50 5 50 50 50 16 0 50 50 50 3 1 50 50 34 50 43 50 50 50 50 50 50 50 50 50 19 50 50 35 50 17 50 50 50 50 34 50 50 50 50 50 29 11 50 50 26 50 50 50 10 50 50 50 50 50 50 39 50 50 9 0 50 50 50 50 50 2 50 50 31 
50 50 50 46 50 50 50 50 50 5 13 7 50 50 50 50 42 1 23 50 50 50 50 26 50 2 50 50 39 50 50 8 50 50 50 50 50 9 50 50 26 46 50 50 11 39 11 50 50 50 29 50 50 50 50 50 23 50 28 13 50 50 41 50 50 50 50 50 50 50 37 50 50 19 50 21 50 23 50 50 48 50 50 50 28 50 19 50 18 50 50 33 50 40 50 
50 50 50 50 50 19 50 50 50 50 50 50 41 47 50 50 7 18 50 50 50 2 41 50 50 50 50 50 50 50 50 50 50 8 50 50 37 50 42 21 50 50 38 18 42 50 50 47 10 25 50 50 50 21 42 29 30 50 30 50 50 50 50 50 50 50 50 50 12 50 50 50 50 13 50 50 31 11 50 50 26 50 32 48 50 50 50 4 50 38 50 50 50 50 
50 50 50 50 50 50 50 23 50 22 14 50 50 44 50 42 34 50 50 50 50 50 50 50 50 50 15 1 50 13 50 47 50 50 50 1 40 11 50 50 50 50 50 50 12 50 39 50 50 0 49 50 14 13 50 13 50 50 50 50 50 50 45 50 50 15 50 50 50 37 5 50 4 50 48 50 50 50 29 20 20 45 50 50 30 50 3 50 12 50 44 36 50 
50 50 50 35 50 18 50 50 50 50 27 50 50 50 43 50 50 50 50 50 50 50 7 50 50 50 50 50 50 50 50 47 50 50 50 37 47 50 50 34 50 50 50 50 50 50 2 50 50 50 50 50 50 49 50 50 50 50 30 50 50 50 18 50 43 2 50 32 50 50 22 50 50 50 50 36 50 12 50 50 50 50 50 29 50 43 12 50 36 50 50 50 
8 50 50 50 0 50 50 36 50 50 50 50 50 50 50 1 50 42 50 50 50 50 6 48 50 50 50 50 46 50 6 30 50 50 50 50 50 8 50 50 50 28 50 50 50 6 50 11 50 50 50 50 50 50 50 21 50 20 50 50 50 50 50 50 50 20 16 50 45 50 8 26 46 2 50 50 50 50 50 50 50 50 50 50 23 7 13 50 50 50 50 
50 50 50 50 50 50 50 50 50 48 50 50 0 50 50 0 50 27 8 34 50 50 50 4 14 17 50 50 50 50 50 5 50 50 10 26 50 50 48 50 1 50 50 50 13 50 50 50 50 50 18 50 50 50 50 50 50 50 50 38 50 50 50 50 8 50 18 14 44 9 19 50 50 50 50 50 50 11 3 50 50 50 40 23 50 50 50 50 12 13 
50 50 50 50 2 50 50 50 25 50 41 6 9 50 37 50 24 50 50 50 43 36 50 50 7 44 50 50 50 50 8 50 24 44 50 50 50 50 6 50 49 50 50 50 50 50 50 50 50 1 50 50 50 50 44 18 50 50 46 5 50 50 50 50 50 50 50 10 50 19 36 50 50 50 26 47 50 50 50 34 25 50 50 50 50 36 2 50 50 
29 50 50 50 50 50 50 50 10 50 6 50 50 50 50 38 50 50 13 44 46 22 50 50 50 50 32 50 50 50 50 50 50 50 50 11 50 50 50 50 50 32 31 2 50 50 50 50 50 50 50 49 50 50 50 50 50 50 50 50 34 34 6 50 50 50 49 50 50 50 50 50 1 50 50 36 50 50 17 50 50 50 37 5 50 23 50 50 
50 50 50 50 38 50 20 50 50 50 26 50 37 50 49 50 50 29 50 50 50 50 50 50 11 50 50 30 5 50 50 50 50 50 6 14 2 20 50 50 9 50 50 40 10 5 28 50 50 50 50 50 30 37 50 50 50 50 50 50 15 18 50 50 50 44 50 50 50 50 49 50 50 50 21 50 50 50 50 50 50 44 50 50 50 50 50 
50 17 50 50 32 50 50 50 50 50 50 50 50 50 11 50 50 50 50 50 50 50 13 50 50 9 50 50 50 50 50 48 50 50 37 3 50 50 50 50 50 50 32 41 50 50 50 50 6 50 13 37 43 50 9 50 40 50 50 16 50 50 50 50 50 9 1 27 2 50 50 50 50 50 50 13 50 50 50 11 50 50 50 50 50 39 
50 47 50 50 50 12 10 20 2 50 50 35 50 50 44 23 50 50 50 50 45 5 50 50 50 39 9 18 50 50 50 50 50 33 50 50 50 50 50 50 50 48 50 50 50 50 50 46 50 50 50 50 50 10 50 50 50 50 50 50 50 50 2 50 26 30 12 50 50 23 12 50 29 50 50 50 50 50 50 50 50 50 35 50 50 
42 50 21 50 50 50 50 12 50 2 50 50 50 20 50 50 36 16 50 50 50 6 50 43 8 49 50 50 50 50 50 50 50 16 50 50 50 46 3 50 50 50 50 14 50 21 50 50 50 44 48 50 50 50 50 49 0 28 34 50 23 50 50 50 50 41 50 50 41 50 50 50 46 14 50 50 50 50 50 50 27 50 47 6 
50 50 50 50 50 50 50 50 50 50 50 50 50 50 50 27 50 29 22 14 50 21 30 50 35 50 50 50 50 12 43 1 50 50 50 50 50 50 50 11 50 50 50 50 33 50 50 50 27 50 50 50 50 50 50 50 50 50 50 50 50 31 45 50 35 13 31 41 50 50 50 2 50 50 13 3 50 16 50 50 50 50 50 
19 50 50 0 41 50 50 50 50 22 2 21 50 50 50 50 40 50 50 50 50 50 26 50 36 50 50 16 50 50 50 50 37 14 20 37 50 50 50 34 50 50 28 50 50 27 19 50 50 20 27 50 50 42 50 50 50 50 50 8 50 50 50 15 50 50 50 50 50 14 50 49 46 1 50 50 50 50 50 34 50 50 
0 46 50 50 20 50 50 50 14 34 50 17 50 41 24 50 50 50 50 50 50 50 50 50 50 50 50 50 50 50 50 50 50 36 50 50 50 37 4 50 50 50 50 50 50 20 50 50 50 50 50 50 50 27 50 50 4 50 50 18 50 50 50 50 50 50 2 50 50 50 50 50 50 50 50 50 50 24 50 50 50 
50 50 50 50 50 50 50 13 50 50 50 50 50 50 50 50 50 32 50 2 23 50 50 50 41 50 39 31 50 50 50 14 46 12 22 36 50 50 28 50 50 50 37 50 16 17 50 15 50 26 10 50 35 18 13 3 50 50 50 50 50 50 26 50 50 50 50 50 17 50 36 50 8 50 3 20 50 50 1 50 
50 50 17 10 50 50 50 32 50 42 50 50 46 50 11 50 50 44 50 17 50 50 50 50 50 18 50 50 50 15 50 50 8 50 50 50 50 50 50 37 50 50 50 50 50 50 50 50 50 50 50 34 24 50 50 50 50 50 47 50 50 50 50 50 50 50 50 50 50 50 50 50 50 50 25 50 6 50 25 
34 50 47 50 50 50 42 50 50 50 50 50 50 50 50 50 31 50 27 13 50 50 50 50 6 28 0 50 50 50 50 50 32 50 44 27 38 50 15 50 28 23 50 50 50 50 50 21 50 50 7 25 40 50 50 50 50 50 13 50 50 27 19 24 50 50 50 32 50 22 50 50 50 50 9 50 50 50 
50 50 50 50 50 50 50 50 50 50 18 50 50 50 31 1 50 50 27 50 50 40 50 50 50 50 50 50 50 34 50 50 50 13 50 42 50 50 50 50 50 50 25 50 50 50 35 12 38 50 50 24 50 9 50 50 50 50 50 50 5 50 50 4 50 50 14 3 50 25 48 50 41 50 50 50 50 
50 32 50 50 50 14 50 16 50 50 17 23 22 50 50 50 43 50 50 50 50 9 1 4 50 50 50 40 39 38 50 50 50 4 50 50 50 50 50 50 50 50 50 30 50 50 50 50 50 50 50 50 50 50 50 50 50 50 9 50 50 50 50 50 43 6 3 28 50 14 20 50 50 19 50 35 
50 50 50 50 50 3 13 50 50 50 49 50 50 50 50 23 50 50 50 43 50 50 50 50 50 50 50 50 15 50 50 50 50 50 50 50 50 50 30 34 50 50 50 50 50 50 15 50 50 33 1 50 50 6 50 50 50 50 40 50 50 6 50 30 50 50 13 50 50 50 50 25 20 33 6 
50 0 50 50 45 50 50 5 50 50 50 50 50 50 37 43 50 50 50 50 50 26 50 50 28 2 50 50 50 50 50 13 50 50 50 50 50 18 50 50 29 29 21 26 5 50 40 50 50 50 50 50 50 50 50 50 50 50 50 50 50 49 50 4 50 32 50 50 22 50 50 21 50 31 
50 14 3 8 50 43 50 50 50 50 50 29 30 50 3 50 50 2 5 50 50 50 50 50 3 50 50 25 50 50 50 42 50 50 17 50 50 50 50 50 50 13 0 50 50 50 50 50 26 0 50 20 36 50 50 50 50 50 50 25 50 30 50 27 50 29 50 4 50 50 50 23 50 
50 50 50 50 50 50 50 35 50 50 50 50 50 5 10 50 50 50 50 50 49 2 50 50 30 50 4 1 50 29 25 46 50 32 14 41 50 50 50 12 50 50 50 24 40 43 31 27 50 50 50 50 50 50 42 50 39 50 50 50 50 50 50 50 24 33 32 50 50 41 50 50 
50 50 50 50 50 50 50 50 50 50 50 25 50 38 50 50 9 50 50 50 42 50 50 50 50 39 50 25 50 26 50 50 40 23 50 50 25 50 50 50 11 50 50 50 36 50 50 14 50 50 50 50 50 1 50 50 50 50 50 36 50 50 16 50 50 50 50 6 50 50 49 
50 10 50 50 50 50 31 50 50 50 50 50 50 50 50 50 30 44 50 50 50 0 50 50 50 50 50 50 1 48 50 50 50 50 50 16 50 50 50 50 50 48 50 39 50 50 50 50 50 50 50 50 50 28 50 50 8 50 50 20 6 50 50 25 50 50 19 50 0 50 
0 50 50 6 13 34 50 50 50 50 50 18 50 14 4 7 50 22 50 28 50 16 50 22 50 50 43 50 50 35 50 50 50 50 43 29 5 50 50 50 50 49 50 50 50 25 50 50 50 50 50 50 45 50 50 50 50 50 50 24 50 42 39 50 50 49 50 50 50 
50 38 50 50 50 23 50 50 50 50 50 50 50 24 50 50 47 50 7 50 50 50 50 20 27 50 50 32 50 50 50 50 50 50 50 50 22 50 50 38 50 50 2 13 38 6 22 13 50 44 50 50 50 50 50 50 38 50 50 50 50 50 50 41 50 50 32 50 
50 50 50 50 50 35 50 50 50 50 50 50 39 50 50 16 50 50 50 50 50 50 37 50 50 50 50 50 50 50 50 50 50 50 50 49 50 24 50 50 50 50 50 50 50 50 25 50 50 21 4 18 37 25 50 50 11 50 50 50 22 50 22 11 50 40 50 
45 21 10 50 50 50 25 43 50 50 50 15 30 50 21 50 50 35 50 10 50 50 50 17 50 50 50 50 50 50 50 1 50 4 50 20 50 50 50 4 50 50 43 35 50 50 50 50 50 50 24 29 2 50 50 50 50 50 50 50 50 50 50 50 50 20 
50 34 50 50 50 50 50 38 19 50 50 27 50 50 50 50 50 50 50 50 50 50 50 50 50 50 50 50 41 7 50 50 50 39 6 50 45 50 50 50 50 50 42 50 50 50 50 50 50 42 50 28 50 50 50 50 50 39 13 50 50 47 50 38 16 
7 23 50 50 38 50 50 40 12 50 50 14 50 50 50 50 18 34 50 50 50 50 50 25 50 48 50 50 50 50 50 20 50 50 50 50 50 50 50 50 50 50 50 8 0 2 50 50 50 13 50 50 50 11 50 50 50 48 26 50 7 33 50 50 
5 50 20 25 50 21 50 50 50 50 50 23 50 50 50 50 50 1 50 50 3 50 50 50 45 43 50 14 49 50 50 50 25 50 1 50 39 50 50 18 50 50 28 6 50 3 50 50 42 20 50 50 50 50 26 50 33 50 30 50 50 50 10 
9 50 50 50 50 50 50 50 50 50 50 50 14 35 36 50 50 50 9 5 37 10 50 50 50 0 50 50 43 50 50 50 50 50 27 50 50 50 50 50 50 50 50 50 50 50 50 50 50 50 50 45 41 50 50 50 50 50 9 50 50 21 
50 50 50 50 17 50 38 47 50 50 50 50 50 50 50 50 21 50 14 50 50 50 10 50 50 50 50 37 19 50 50 50 50 50 50 18 39 50 5 50 15 5 0 50 50 50 50 15 50 50 50 11 50 36 50 50 50 50 50 50 50 
50 50 50 50 50 50 50 21 10 8 34 50 50 50 50 50 50 50 50 50 50 7 4 29 50 50 50 50 50 50 50 50 46 50 36 50 50 50 50 50 50 50 4 50 50 40 50 50 7 50 20 4 50 37 50 50 50 40 13 11 
50 45 50 50 50 10 50 50 50 50 50 50 50 50 50 50 50 50 50 50 50 50 50 50 50 50 50 50 50 50 50 50 50 50 50 50 50 50 50 50 50 50 50 50 50 50 50 50 50 50 50 50 50 50 50 50 50 50 50 
50 50 50 50 50 50 50 50 50 50 50 50 50 50 50 50 50 50 50 50 50 50 50 50 50 50 50 50 50 50 50 50 50 50 50 50 50 50 50 50 50 50 50 50 50 50 50 50 50 50 50 50 50 50 50 8 50 28 
50 50 50 50 50 50 50 50 50 50 50 50 50 50 50 50 50 50 50 50 50 50 50 50 50 50 50 50 50 50 50 50 50 50 50 50 50 50 50 50 50 50 50 50 50 50 50 50 50 49 50 50 50 50 50 50 50 
50 50 50 50 50 50 50 50 50 50 50 50 50 50 50 50 50 50 50 50 5 50 50 50 50 50 50 50 50 50 50 50 50 50 50 50 50 50 50 50 50 50 50 50 50 50 50 50 50 50 50 50 50 50 50 50 
50 50 50 50 50 50 50 50 50 50 50 50 50 36 50 50 50 50 50 50 50 50 50 50 50 50 50 50 50 50 50 50 50 50 50 50 50 50 50 50 50 50 50 50 50 50 50 50 16 50 50 50 50 50 50 
50 50 50 50 50 50 50 50 50 50 50 50 50 50 50 50 50 50 50 19 50 50 50 50 50 50 50 50 50 50 50 50 50 50 50 50 50 50 50 50 50 50 50 50 50 50 50 50 50 50 50 50 50 50 
50 50 50 50 50 50 50 50 50 50 50 50 50 50 50 50 50 50 50 50 50 50 50 50 50 50 50 50 50 50 50 50 50 50 50 50 50 50 50 50 50 50 50 50 50 50 50 50 50 50 50 50 50 
50 50 50 50 50 50 50 50 50 50 50 50 50 50 50 50 50 50 50 50 50 50 50 50 50 50 50 50 50 50 50 50 50 50 50 50 37 50 50 50 50 50 50 50 50 50 50 50 50 50 50 50 
50 50 50 50 50 50 50 50 50 50 50 50 50 50 50 50 50 50 50 50 50 50 50 50 50 50 50 50 50 50 50 50 50 50 50 50 50 50 50 50 50 50 50 50 50 50 50 50 50 50 2 
50 50 50 50 50 50 50 50 50 50 50 50 50 50 50 50 50 50 50 50 50 50 50 50 50 50 50 50 50 50 50 50 50 50 50 50 50 50 50 50 50 50 50 50 50 50 11 50 50 50 
50 50 50 50 50 50 50 50 50 50 50 50 35 50 50 3 50 50 50 50 50 50 50 50 50 50 50 50 50 50 50 50 50 50 50 50 50 50 50 50 50 50 50 50 50 50 50 50 50 
50 50 50 50 50 50 50 47 50 50 50 50 50 50 50 50 50 50 50 50 50 50 50 50 50 50 50 50 50 50 50 50 50 50 50 50 50 50 50 8 50 50 0 50 50 50 50 50 
28 50 50 50 50 50 50 50 50 50 50 50 50 50 50 50 50 50 50 50 50 50 50 50 50 50 50 50 50 50 50 50 50 50 50 50 14 50 50 50 50 50 50 50 50 50 50 
50 50 50 50 50 50 50 50 50 50 50 50 50 50 50 50 50 50 50 50 50 50 50 50 50 50 50 50 50 50 50 50 50 50 50 50 50 50 50 50 50 50 50 50 50 50 
50 50 50 50 50 50 50 50 50 50 50 50 50 50 50 50 50 50 50 50 50 50 22 50 50 50 50 50 50 50 50 50 50 50 50 50 50 50 50 50 50 50 50 50 50 
50 50 50 50 50 50 50 50 50 50 50 50 50 50 50 50 50 50 50 50 50 50 50 50 50 6 50 50 50 50 50 50 50 50 50 50 50 50 50 50 50 50 50 50 
50 50 50 50 50 50 50 50 50 50 50 50 50 50 50 50 50 50 50 50 50 50 50 50 50 50 50 50 50 50 49 50 50 50 50 50 50 50 50 50 50 50 50 
50 50 50 50 50 50 50 50 50 50 50 50 50 50 50 50 50 50 50 50 50 50 50 12 50 50 50 50 50 50 50 50 50 50 50 50 50 50 50 50 50 50 
50 50 50 50 50 50 50 50 50 50 50 50 50 50 50 50 50 50 50 50 50 50 50 50 50 50 50 50 50 50 50 50 50 50 50 50 50 50 50 50 50 
50 50 50 50 50 50 50 50 50 50 50 50 50 50 50 50 50 50 50 50 50 50 50 35 50 50 50 50 50 50 50 50 3 50 50 50 50 50 50 50 
50 50 50 50 50 50 50 50 50 50 50 50 50 50 50 50 50 50 50 50 50 50 50 50 50 50 50 50 50 50 50 50 50 50 50 50 50 50 50 
50 50 50 50 50 50 50 50 46 50 50 50 50 50 50 50 50 50 50 50 50 50 50 50 50 50 50 50 50 50 50 50 50 50 50 50 50 50 
50 50 50 50 50 50 50 50 50 50 50 50 50 50 50 50 50 50 50 50 50 50 50 50 50 50 50 50 50 50 50 50 50 50 50 50 50 
50 48 50 50 50 50 50 50 50 50 50 50 50 50 50 50 50 50 50 50 50 50 50 50 50 50 20 50 50 50 50 50 50 50 50 50 
50 50 50 50 50 50 50 50 50 50 50 50 50 50 50 50 50 50 50 50 50 50 50 50 50 50 50 50 50 50 50 50 50 50 50 
50 50 50 50 50 50 50 50 50 50 50 50 50 50 50 50 50 50 50 50 50 50 50 50 50 50 50 50 50 50 50 50 50 50 
50 50 50 50 50 50 50 50 50 50 50 50 50 50 50 50 50 50 50 50 50 50 50 50 50 50 50 50 50 50 50 50 50 
50 50 50 50 50 50 50 50 50 50 50 50 50 50 50 50 50 50 50 50 50 50 50 50 50 50 50 50 50 50 50 50 
50 50 50 50 50 50 50 50 50 50 50 50 50 50 50 50 50 50 50 50 50 50 50 50 50 50 50 50 50 16 50 
50 50 50 50 50 50 50 50 50 50 50 50 50 50 50 50 50 50 50 50 50 50 50 50 50 50 50 49 50 50 
50 50 50 50 50 50 50 50 50 50 50 50 50 50 50 50 50 50 50 50 50 50 50 50 50 50 50 50 50 
50 50 50 50 50 50 50 50 50 50 50 50 50 50 50 50 50 50 50 50 50 50 50 50 50 50 50 50 
50 50 50 50 50 50 50 50 50 50 50 50 50 50 50 50 50 50 50 50 50 50 50 50 50 50 50 
50 50 50 50 50 50 50 50 50 50 50 50 50 50 50 50 50 50 50 50 50 50 50 50 50 50 
50 50 50 50 50 50 50 50 50 50 50 50 50 50 50 50 50 50 50 50 50 50 50 50 50 
50 50 50 50 50 50 50 50 50 50 50 50 50 50 50 50 50 50 50 50 50 50 50 50 
50 50 50 50 50 50 50 50 50 50 50 50 50 50 50 50 50 50 50 50 50 50 50 
50 50 50 33 50 50 50 50 50 50 50 50 50 50 50 50 50 50 50 50 50 50 
50 50 50 50 50 50 50 50 50 50 50 50 50 50 50 50 50 50 50 50 50 
50 50 50 50 50 50 50 50 50 50 50 50 50 50 50 50 50 50 50 50 
50 50 50 50 50 50 50 50 50 50 50 50 50 50 2 50 50 50 50 
50 50 50 50 50 50 50 50 50 50 50 50 50 50 50 50 50 50 
50 50 50 50 50 50 50 50 50 50 50 50 50 50 50 50 50 
50 50 50 50 50 50 50 50 50 50 50 50 50 50 50 50 
50 50 50 50 50 50 50 50 50 50 50 50 50 50 50 
50 50 50 50 50 50 50 50 50 50 50 50 50 50 
50 50 50 50 50 50 50 50 50 50 50 50 50 
50 50 50 39 50 50 50 50 50 50 50 50 
50 50 50 50 50 50 50 50 50 50 50 
50 50 50 50 50 50 50 50 50 50 
50 50 50 50 50 50 50 50 50 
50 50 50 50 50 50 50 50 
50 50 50 50 50 50 50 
50 50 50 50 50 50 
50 50 50 50 50 
50 50 50 50 
50 50 50 
50 50 
50 

