100 50
50 14 50 50 50 50 50 13 50 42 13 50 50 50 50 50 50 50 4 50 50 50 50 50 50 9 50 50 50 50 23 50 13 50 50 50 50 50 50 50 50 39 50 50 50 50 5 50 50 50 13 50 50 50 50 50 8 4 50 50 34 50 50 50 50 50 50 0 50 50 50 50 50 43 21 1 50 30 50 50 50 44 50 1 50 50 43 50 50 50 49 42 50 50 50 50 50 50 50 
50 50 27 50 2 11 50 50 50 50 31 12 40 50 50 50 50 50 41 50 45 29 50 50 50 50 50 50 50 50 50 50 28 50 50 25 50 50 50 50 2 50 24 48 50 50 25 50 50 8 50 45 50 50 19 50 50 50 6 50 40 50 50 50 0 50 50 50 50 50 50 50 50 50 3 14 37 50 50 50 50 50 9 50 50 50 50 50 50 28 50 31 50 50 50 18 50 50 
50 14 50 50 50 17 48 50 50 50 19 48 50 50 50 50 50 50 50 50 50 50 23 50 50 8 50 1 50 50 50 40 50 50 50 50 50 50 50 50 50 50 50 15 50 50 16 50 0 50 50 7 50 50 50 50 50 29 34 20 50 35 50 12 50 50 50 50 50 50 50 50 47 50 6 50 50 18 7 1 50 50 50 21 50 50 50 50 50 1 3 50 47 50 9 50 50 
50 50 23 46 34 50 50 24 50 19 50 50 41 50 25 50 50 50 32 40 50 50 28 30 50 50 50 50 32 50 50 50 50 50 50 50 50 50 50 50 50 50 50 50 50 37 50 44 50 25 50 50 50 50 50 50 39 50 50 11 49 50 50 50 50 50 50 50 44 50 50 50 50 50 50 50 50 27 17 50 41 50 20 50 50 50 44 50 50 50 50 50 50 50 50 21 
50 28 1 50 5 50 50 50 50 50 49 50 50 37 50 50 50 50 50 21 50 50 50 50 50 50 50 50 50 50 50 50 50 50 50 50 50 50 15 50 50 5 50 50 50 50 50 50 50 50 50 50 50 29 39 50 30 50 50 50 50 50 50 50 50 50 50 50 50 50 50 50 50 50 50 50 42 42 38 50 50 0 50 50 29 50 50 50 50 27 50 50 50 50 50 
50 30 39 50 7 50 50 50 5 50 50 50 50 50 50 15 14 22 50 50 50 50 50 50 50 50 47 50 12 50 11 50 50 50 15 50 50 50 40 50 50 50 50 50 50 50 50 50 44 50 32 50 50 50 50 27 50 50 50 50 1 23 50 50 50 32 50 12 50 50 50 22 50 50 50 1 50 50 50 11 50 48 50 11 21 50 18 50 41 50 50 47 50 50 
35 50 50 50 50 50 7 50 50 50 28 50 9 50 50 50 50 50 42 22 50 37 20 50 50 50 48 28 50 50 50 26 42 50 12 50 23 50 50 50 49 50 25 5 50 50 50 50 37 50 11 50 50 50 50 50 50 50 50 20 50 15 50 50 46 50 50 50 48 50 50 50 50 50 50 50 26 19 50 2 50 50 50 50 50 50 50 47 50 24 13 50 50 
32 0 50 50 31 50 50 50 50 50 50 37 50 50 28 50 43 50 50 50 22 50 50 50 50 50 50 50 50 24 22 50 50 50 50 50 28 50 50 50 50 50 50 50 20 22 50 50 26 50 49 41 50 50 12 50 5 50 50 50 50 50 50 48 50 50 47 14 38 50 50 8 50 50 10 50 50 48 15 50 21 21 50 2 50 21 12 50 50 50 23 50 
50 50 50 50 50 50 50 50 3 50 50 50 50 50 50 50 50 50 21 50 26 50 50 50 50 50 50 50 50 15 50 50 36 50 50 50 50 50 50 50 50 50 42 50 50 50 50 50 50 50 50 13 50 50 50 50 5 50 19 50 2 50 50 35 50 50 50 50 50 39 50 50 50 50 50 21 50 49 50 14 50 50 50 50 8 50 50 50 36 50 50 
50 50 8 50 38 50 50 50 50 50 50 50 50 50 50 28 49 50 50 50 50 50 50 50 50 50 50 50 50 22 32 50 50 50 50 38 50 50 7 50 2 40 50 30 50 48 50 50 50 13 50 30 50 40 8 50 38 50 50 46 50 50 50 50 50 50 50 50 50 50 50 45 50 50 50 50 50 50 25 3 50 9 50 50 50 50 9 50 50 50 
50 50 50 5 50 50 50 50 50 50 50 50 50 49 50 7 50 50 50 18 50 50 35 50 50 50 41 4 50 42 50 50 50 50 50 50 15 50 50 50 6 50 50 50 0 50 50 50 50 50 50 50 50 50 50 50 16 50 50 50 50 50 50 14 50 50 30 36 50 50 34 14 50 50 49 50 50 50 43 50 50 50 7 50 29 48 4 50 50 
50 50 10 50 50 27 50 50 50 50 50 50 50 50 50 20 50 50 17 50 50 50 21 50 50 50 43 50 50 50 48 50 50 8 50 50 50 50 50 50 50 50 50 50 50 29 50 50 50 50 50 50 42 43 50 46 50 50 50 50 50 7 50 50 15 50 50 50 50 12 50 50 50 50 18 50 50 50 50 50 50 45 50 50 50 50 50 50 
43 44 50 50 50 50 1 42 50 50 50 9 40 50 39 38 8 3 17 50 14 50 46 50 50 50 29 50 50 9 14 14 50 50 50 50 50 6 50 50 50 50 50 50 50 50 50 50 50 50 50 50 50 50 50 50 50 50 50 50 50 50 50 34 3 50 50 50 14 50 50 50 50 50 50 50 50 50 50 50 6 50 10 50 50 50 50 
50 14 50 50 50 50 50 50 9 50 50 50 50 50 50 50 21 9 50 2 50 50 50 50 50 50 34 50 50 15 50 50 45 50 50 50 50 50 50 50 25 50 33 50 50 50 50 0 50 50 50 9 38 1 50 20 50 45 50 50 50 47 50 50 50 50 44 33 46 50 16 35 50 50 50 50 50 50 50 50 50 50 50 50 50 50 
50 50 50 48 26 50 50 50 50 48 50 50 50 18 50 36 31 50 50 50 50 50 22 50 50 25 50 11 50 50 50 29 34 50 2 50 40 50 50 50 50 50 8 50 50 50 50 50 50 50 50 5 50 50 50 50 31 50 50 50 50 17 50 50 5 50 45 15 50 3 50 50 50 50 50 50 50 8 40 50 50 50 15 50 50 
50 50 5 10 50 50 32 50 50 9 45 50 50 50 50 50 50 50 50 50 46 50 50 50 50 28 50 50 50 50 50 50 22 50 50 1 50 50 50 50 50 22 1 50 50 5 50 50 50 50 36 50 50 50 50 43 1 50 50 32 50 50 50 3 50 50 50 32 15 50 50 28 10 5 50 50 50 27 50 33 50 33 50 50 
50 50 50 50 50 50 50 50 50 50 39 0 50 49 9 30 50 23 50 30 33 50 2 50 15 38 6 50 50 50 50 50 50 50 50 50 50 50 50 50 50 20 50 50 50 50 50 22 12 50 50 46 10 50 7 5 38 50 21 50 50 38 50 50 50 50 0 50 50 14 50 50 50 49 50 50 17 50 50 50 50 50 50 
0 31 50 29 50 50 50 50 30 2 50 50 50 17 50 50 50 50 50 50 34 50 50 50 50 23 7 24 5 50 50 50 50 35 50 50 26 14 50 50 50 50 50 50 49 50 50 46 50 50 50 50 50 50 50 50 50 50 50 5 50 50 50 9 50 50 11 42 50 50 50 30 34 50 50 50 50 50 50 50 50 50 
50 50 50 50 50 19 50 50 50 50 50 50 25 16 50 50 50 3 50 50 50 50 50 50 50 50 50 4 50 50 39 50 12 32 50 50 50 50 50 50 50 50 50 50 26 50 50 1 21 50 50 50 50 50 47 12 50 50 50 50 50 50 50 50 50 29 50 50 50 43 50 50 32 50 50 50 50 40 19 50 50 
15 50 49 50 50 50 19 50 50 50 50 50 50 50 50 50 32 50 33 26 50 50 50 50 50 50 50 50 50 50 50 22 50 50 50 50 50 50 31 50 50 50 50 38 50 50 23 50 50 50 41 50 50 50 50 22 50 50 50 50 50 50 50 50 50 50 50 50 50 4 50 50 50 12 50 50 50 50 39 50 
50 50 50 50 50 50 50 50 50 50 50 50 50 50 50 50 50 50 50 50 50 50 50 50 50 50 50 50 49 10 50 50 50 50 50 50 50 50 50 50 50 50 50 50 50 50 50 50 50 50 50 50 50 50 50 5 50 50 18 9 50 50 50 50 50 50 50 50 50 50 50 24 48 49 50 50 50 50 50 
50 15 50 50 50 50 50 50 50 35 50 39 50 50 50 50 50 49 50 50 50 50 50 50 50 50 19 50 50 9 50 50 50 23 23 50 50 50 44 50 50 25 50 50 50 50 5 39 50 50 14 12 50 50 50 50 50 50 9 44 50 50 2 50 50 50 50 50 50 21 23 50 50 50 50 50 50 50 
50 50 20 50 50 50 50 50 50 50 9 50 11 50 50 50 50 50 50 38 50 50 50 50 50 50 50 16 49 50 50 31 50 50 7 42 20 50 50 50 48 50 50 50 50 50 50 43 50 32 50 50 33 50 8 50 50 50 50 50 7 50 50 30 50 50 50 50 50 19 20 50 50 50 50 50 50 
50 50 50 10 50 50 50 48 50 50 50 50 50 50 50 50 50 50 32 50 50 50 50 50 50 50 50 50 50 50 50 45 50 50 50 50 24 50 44 50 50 50 50 8 50 50 45 50 50 41 50 50 44 50 50 7 50 50 50 50 50 50 50 50 50 50 50 50 50 50 50 50 50 50 26 50 
50 50 50 50 50 50 33 50 50 50 50 31 17 50 50 20 50 50 50 50 50 50 50 50 50 50 50 50 50 50 50 50 50 50 50 50 50 50 50 50 46 50 50 50 50 5 50 50 50 50 50 39 50 50 34 50 50 50 50 14 50 49 50 50 50 50 50 50 10 44 50 50 50 50 50 
50 50 50 50 50 50 50 50 31 50 50 50 50 50 50 50 50 50 50 50 50 50 50 50 50 22 50 50 50 50 50 50 50 50 50 50 50 50 50 50 50 50 50 49 49 36 50 50 16 50 50 50 50 50 50 4 50 50 40 39 46 50 50 50 0 39 50 50 50 50 50 21 50 50 
50 50 50 50 50 50 50 50 50 50 31 50 50 50 50 50 50 41 50 50 20 50 22 11 50 34 50 50 50 47 20 50 50 50 50 22 50 50 50 50 50 50 50 50 42 50 50 50 50 26 50 50 50 50 50 50 50 50 50 22 6 50 50 50 50 50 50 11 50 50 18 22 7 
12 50 50 14 50 50 50 7 19 50 50 50 50 50 50 50 50 50 50 50 50 3 47 50 50 50 50 50 2 50 50 50 50 50 50 50 50 38 50 50 32 36 4 50 50 50 4 50 50 50 2 26 37 50 50 50 26 50 50 50 50 50 50 50 50 50 50 50 50 50 50 18 
50 50 12 50 50 50 50 50 50 50 50 50 50 50 50 50 50 50 50 50 50 50 50 50 50 50 50 50 50 37 50 50 50 50 50 50 24 50 50 50 50 50 49 47 50 50 50 50 50 50 50 50 19 50 50 50 39 11 50 36 50 50 50 0 50 50 50 50 12 50 50 
50 50 50 50 50 50 50 50 50 50 50 50 50 50 50 50 50 50 50 50 50 1 49 33 20 50 50 50 50 50 50 50 50 50 50 50 50 50 50 50 50 50 50 50 50 50 50 50 50 50 50 50 50 50 50 50 50 50 14 50 50 37 4 50 50 50 50 50 50 50 
50 50 50 50 50 11 50 16 50 7 50 36 50 50 50 49 18 12 50 50 50 50 50 50 50 50 50 50 50 50 50 50 50 50 2 42 50 50 50 50 50 50 50 8 29 50 50 48 50 50 5 50 50 50 50 50 4 50 50 50 50 15 50 50 50 50 50 5 50 
24 50 50 50 50 50 50 50 50 48 50 50 50 50 50 43 50 16 50 50 50 50 50 50 50 50 50 50 0 50 50 50 50 8 50 50 50 50 50 50 50 50 26 50 18 50 50 50 50 50 50 46 50 50 50 50 39 50 50 50 50 50 50 50 50 50 50 50 
50 50 11 50 50 50 50 48 50 50 50 50 50 50 50 50 50 50 50 50 50 50 45 50 50 50 50 5 50 50 50 50 50 50 50 50 50 50 50 43 50 50 50 20 50 50 50 50 50 50 50 50 40 44 50 50 40 50 14 50 50 9 50 50 50 50 50 
50 50 23 50 50 50 50 50 50 10 26 50 50 50 50 50 50 50 50 50 50 50 50 50 50 50 6 50 50 48 50 50 50 50 50 50 19 50 50 50 50 50 49 50 50 50 50 32 50 50 50 34 50 50 50 50 50 50 50 50 50 50 50 50 50 50 
50 14 50 49 50 50 50 50 22 50 50 50 5 50 50 50 50 23 50 32 50 50 13 50 50 50 50 50 6 50 50 50 13 50 50 50 39 50 50 50 50 50 50 50 30 50 50 50 50 50 50 50 50 44 50 50 50 50 27 50 30 50 50 50 50 
50 50 50 50 50 43 50 50 50 50 50 36 50 50 50 50 31 50 50 50 50 50 5 50 50 50 50 50 35 50 50 50 50 12 50 28 50 50 50 50 50 50 50 35 50 50 50 50 46 50 50 50 50 50 50 50 50 27 50 50 50 50 10 50 
50 50 50 18 50 50 50 50 10 50 50 50 50 50 50 22 42 32 50 50 50 50 50 50 50 50 50 50 50 50 50 50 50 50 30 50 50 29 33 50 50 50 50 50 50 23 50 50 50 50 50 50 35 18 50 50 50 50 50 50 50 50 50 
26 50 48 50 50 50 23 50 50 50 50 16 50 50 50 50 50 50 50 8 50 50 50 50 50 50 14 50 50 50 50 50 17 50 50 50 50 50 50 50 50 50 47 50 50 23 50 50 50 50 50 50 50 50 50 50 50 50 21 50 50 50 
50 50 50 50 50 50 50 50 30 50 50 50 50 50 50 50 50 50 42 50 7 50 50 50 50 50 50 50 50 50 43 50 50 50 50 50 50 50 7 50 50 50 50 50 50 50 50 50 50 50 50 50 50 50 50 50 50 50 30 50 50 
45 50 50 50 50 31 50 50 22 50 50 50 50 50 50 44 50 50 49 50 50 50 50 50 50 50 23 50 50 50 50 50 50 0 50 50 50 38 18 14 50 50 5 26 50 50 50 50 50 50 50 50 50 50 50 50 12 50 50 50 
50 50 41 50 50 50 50 50 50 50 50 50 50 40 50 37 50 50 50 50 50 50 50 50 50 31 50 50 45 50 30 50 50 50 50 50 50 50 50 16 50 49 42 50 50 50 50 50 18 50 31 50 50 50 40 50 50 50 18 
50 32 8 50 48 50 50 50 16 50 50 27 50 50 50 50 50 50 50 27 50 50 19 50 50 50 50 45 36 50 50 29 50 50 50 50 50 50 50 50 22 50 50 5 50 50 50 50 50 50 50 50 50 39 50 50 50 2 
50 50 50 18 50 50 50 50 50 47 50 50 50 50 50 50 50 50 50 50 50 50 20 50 50 50 50 50 50 50 50 50 50 50 50 50 50 50 50 50 0 50 50 22 50 50 50 47 14 50 50 50 50 50 50 50 16 
50 50 50 49 50 8 32 50 50 50 0 50 50 50 50 50 50 50 50 50 50 50 50 50 50 50 43 50 50 50 50 50 50 50 50 50 50 16 50 50 50 50 50 46 50 50 22 17 50 14 19 50 50 50 50 50 
31 28 50 50 50 50 50 50 50 50 50 50 50 50 50 13 50 50 50 50 50 50 50 18 50 50 50 50 50 17 50 50 50 50 50 43 13 50 50 50 50 50 50 50 50 50 50 11 50 0 50 50 50 50 50 
50 50 50 50 50 50 47 50 50 50 50 50 33 50 50 50 50 50 45 50 50 50 50 50 39 50 50 50 50 50 50 50 50 50 50 50 50 50 50 50 50 50 50 50 50 50 50 50 50 50 50 50 12 50 
50 50 50 50 50 50 50 50 50 50 37 50 50 50 50 50 50 37 50 50 50 50 50 50 10 50 50 50 50 50 50 50 32 50 50 50 50 50 42 50 50 50 50 50 7 50 50 50 50 50 47 50 50 
50 50 44 50 50 50 50 50 50 50 50 33 50 50 50 50 18 50 50 50 45 50 50 50 50 50 50 50 50 50 50 50 50 50 50 50 50 50 50 50 50 50 29 50 50 49 50 50 50 50 50 50 
50 50 50 50 50 50 50 50 50 50 50 50 50 50 50 50 50 50 50 50 50 50 50 50 50 39 16 50 50 50 50 50 50 50 50 50 50 50 50 50 50 50 50 50 50 45 27 50 50 50 15 
50 50 25 50 29 50 50 50 50 50 50 30 31 50 50 50 50 50 50 50 20 50 50 50 50 50 50 50 50 50 50 50 20 29 50 50 50 50 50 50 50 44 50 50 50 50 50 50 50 50 
50 18 50 50 50 50 50 40 50 50 50 46 50 50 50 50 50 30 50 8 50 50 50 50 50 4 50 50 7 50 50 50 50 50 50 25 50 50 50 50 50 50 16 50 50 36 16 50 50 
50 34 50 45 50 15 50 48 50 34 50 47 6 50 50 50 50 39 50 50 50 4 50 50 29 50 50 50 50 48 50 50 50 50 50 50 50 50 50 50 50 50 50 50 50 50 50 50 
50 50 50 43 10 50 14 50 50 50 50 50 50 50 50 50 50 46 50 50 50 33 50 50 50 28 50 50 50 7 50 50 50 50 34 50 50 50 50 50 1 50 50 33 50 50 50 
37 50 38 49 50 50 50 12 50 50 50 50 50 50 50 50 50 50 50 50 50 50 50 50 50 50 50 3 50 50 45 50 50 50 50 50 24 50 50 50 50 50 50 50 8 50 
22 50 7 50 50 50 50 50 50 50 50 16 50 50 50 5 50 50 50 50 50 50 48 50 38 2 50 50 50 50 50 50 50 21 50 50 50 50 50 15 50 50 50 50 50 
50 50 50 50 50 50 50 50 50 5 50 50 3 50 8 50 50 50 50 50 48 50 50 50 50 50 50 50 50 42 50 11 50 50 50 50 50 50 50 50 50 50 50 50 
50 14 50 50 50 50 50 50 50 50 50 50 50 50 50 50 50 50 50 6 50 50 50 50 50 50 50 50 50 50 50 50 50 50 50 50 50 50 50 50 50 50 50 
50 50 12 38 50 50 50 50 50 50 50 50 50 50 50 50 50 50 50 50 13 50 50 50 50 50 50 50 50 50 50 50 50 44 50 16 50 50 50 50 50 5 
13 50 50 50 50 31 50 11 12 50 50 50 50 50 50 50 50 20 50 48 50 9 50 50 50 50 50 50 50 50 50 50 50 50 50 50 22 50 50 50 0 
50 50 46 50 46 8 50 50 50 50 15 50 50 50 50 14 30 50 50 50 50 50 42 50 50 32 50 50 50 50 50 50 50 50 50 50 50 50 50 50 
35 6 5 50 50 50 50 50 50 50 50 50 24 50 50 11 50 50 50 50 50 50 50 50 50 50 50 50 50 50 50 50 8 50 50 50 50 50 5 
50 50 50 12 50 50 50 24 50 46 50 50 50 50 50 50 50 50 50 50 50 50 50 50 32 50 50 50 50 50 6 50 50 50 50 50 50 50 
50 50 50 50 50 50 50 50 50 50 50 50 50 50 44 47 50 50 50 50 50 50 50 45 50 50 50 50 10 50 50 50 50 50 50 50 50 
50 50 50 50 50 50 50 50 48 50 50 0 50 50 50 50 50 50 50 50 50 50 30 50 50 50 50 50 50 50 50 50 20 50 38 50 
50 50 11 21 50 50 50 50 50 50 50 50 8 50 50 50 44 32 50 50 50 32 50 50 50 50 50 50 50 22 1 50 41 50 50 
50 7 50 48 50 50 50 50 9 27 50 50 50 50 50 50 22 50 50 50 50 50 50 50 50 50 50 50 50 23 50 18 50 50 
50 50 50 50 50 50 50 50 50 50 37 47 50 50 50 50 50 50 50 50 50 33 50 50 50 50 50 50 6 50 50 50 9 
50 50 50 50 50 50 50 50 50 50 50 50 50 50 50 50 50 50 50 50 17 50 45 50 50 11 50 50 50 50 2 50 
39 50 50 50 50 50 44 50 50 50 50 21 42 50 50 50 50 50 50 50 50 50 50 50 50 50 50 50 50 50 50 
50 50 50 50 50 50 50 50 13 50 50 50 47 50 50 50 33 50 50 50 50 50 50 50 50 50 50 50 50 50 
16 47 28 50 16 50 50 50 50 50 50 50 50 50 50 50 50 50 50 50 50 50 50 50 50 50 50 20 50 
2 50 50 50 50 50 50 50 50 50 39 50 48 50 6 50 50 50 50 50 50 50 3 50 37 50 50 50 
27 50 50 50 50 6 50 50 50 50 24 50 50 3 50 50 50 28 50 50 50 50 9 50 40 50 50 
50 50 50 50 24 50 50 50 50 50 43 50 50 50 50 49 50 50 50 50 29 1 50 50 50 50 
17 50 50 50 50 50 50 50 50 50 50 50 50 50 50 50 50 50 50 50 50 50 50 50 50 
50 50 50 50 50 50 50 50 50 50 6 50 50 50 50 50 50 36 46 50 50 50 50 50 
50 50 50 50 50 50 50 50 50 8 50 50 50 50 50 50 14 50 50 50 50 50 50 
50 50 50 50 47 50 50 50 50 50 34 50 50 50 50 50 50 50 50 50 50 50 
50 50 50 50 50 5 50 33 50 50 50 50 50 29 50 38 40 50 50 50 50 
50 50 50 23 50 16 50 24 50 50 50 50 50 50 27 50 50 50 50 50 
50 50 50 50 50 50 50 50 50 50 25 50 46 50 50 50 50 50 50 
50 50 50 50 50 50 50 50 50 50 18 50 50 50 50 50 37 50 
50 50 50 50 50 50 50 50 7 50 50 50 50 50 50 50 50 
50 50 50 50 50 50 1 42 50 50 50 50 50 50 50 50 
50 50 39 50 50 50 50 50 50 50 50 50 38 50 50 
50 50 50 50 50 50 50 50 50 50 50 50 50 50 
50 50 50 50 50 50 50 50 50 50 50 50 50 
50 50 50 50 10 50 50 50 50 50 50 50 
50 50 50 23 50 50 23 50 50 50 50 
50 50 50 50 34 50 50 50 50 15 
22 50 50 50 50 50 50 50 50 
50 50 50 50 50 50 50 50 
50 50 33 50 50 50 50 
29 50 50 32 50 50 
50 50 50 50 50 
48 50 50 50 
50 10 50 
50 50 
50 

