50 25
9 22 4 0 1 1 2 12 6 19 25 25 8 23 23 1 16 19 6 25 1 12 3 5 25 23 25 13 25 25 25 0 24 11 25 12 25 10 12 13 25 22 0 1 21 25 1 9 25 25
14 19 3 13 22 9 1 23 21 25 19 25 21 24 22 25 16 1 10 10 20 3 6 20 19 19 24 23 25 25 18 1 15 8 25 1 4 14 25 14 17 9 5 25 17 12 15 8 25
11 1 4 25 10 24 3 11 16 3 25 8 20 21 10 25 20 23 17 25 2 2 13 15 12 12 25 4 23 15 8 12 3 15 23 11 20 16 23 12 9 18 11 2 13 3 4 25
19 17 25 22 18 22 5 7 5 11 12 9 25 8 18 5 4 0 25 25 19 25 20 21 21 10 19 24 25 11 15 18 19 16 7 8 25 17 20 13 1 0 0 16 17 1 25
25 2 18 8 20 2 15 25 21 7 3 25 12 22 12 10 25 23 0 15 16 4 2 21 12 6 25 13 6 21 14 24 6 17 23 11 15 6 9 15 25 17 1 1 25 25
16 16 21 25 12 14 22 16 25 14 17 25 0 19 11 7 25 8 4 17 11 20 16 1 19 0 2 5 9 2 25 6 25 15 23 9 25 23 25 1 25 8 2 21 25
6 12 2 20 20 14 6 25 22 17 8 12 15 21 15 5 6 25 8 10 0 25 25 4 15 23 11 20 21 7 18 18 3 23 21 16 4 22 25 13 25 9 20 25
25 11 13 9 9 25 10 22 7 3 25 25 25 6 24 25 25 3 10 0 3 10 1 0 6 22 5 5 11 9 25 21 24 9 22 25 4 10 9 7 25 11 25
1 19 5 24 9 23 25 25 3 20 22 25 25 25 25 17 1 21 10 12 25 7 11 8 12 2 6 5 25 11 25 22 25 2 24 25 25 25 4 8 2 25
24 17 2 0 20 17 14 22 21 5 1 13 16 22 23 25 25 13 12 14 9 4 22 9 25 25 19 25 8 4 13 16 25 14 25 24 21 20 24 4 25
4 15 3 10 22 7 20 11 18 10 25 14 9 0 25 25 11 13 25 20 2 13 25 23 20 4 25 16 5 0 11 14 1 2 9 6 6 20 15 25
15 16 25 11 11 25 25 10 1 21 6 22 20 10 0 0 12 14 19 8 3 25 8 25 23 8 13 6 2 24 23 10 25 23 10 4 4 24 25
25 25 25 19 14 25 25 9 25 24 7 20 17 18 11 25 19 24 12 0 6 1 25 22 25 18 23 23 16 19 25 1 6 7 11 25 23 25
2 16 9 17 10 25 11 2 11 8 5 24 25 20 25 25 1 25 17 24 13 4 21 6 3 14 3 25 9 23 2 1 21 13 25 25 25
25 1 15 25 13 25 25 14 25 25 5 16 6 18 21 16 24 25 14 17 25 12 6 17 5 16 6 2 9 9 18 19 5 2 17 25
15 10 10 19 6 25 6 14 16 7 15 25 15 22 11 15 25 23 2 13 3 15 10 23 4 0 15 18 1 25 24 22 4 14 25
21 2 2 15 25 15 12 25 1 25 12 10 7 7 22 24 0 8 25 0 17 19 8 19 3 2 18 17 20 17 24 3 0 25
14 18 2 20 22 19 8 25 25 25 25 25 25 25 25 25 25 25 25 25 25 25 25 25 25 1 25 25 25 25 25 25 25
25 25 25 25 25 25 25 25 25 25 25 25 25 25 25 25 25 25 25 25 0 25 25 25 25 25 25 25 25 25 25 25
25 25 25 25 25 25 25 25 25 25 25 25 25 25 25 25 25 25 25 25 25 25 25 25 25 4 25 25 25 25 25
6 25 25 25 25 25 25 12 25 25 25 25 25 25 25 25 25 25 25 25 25 25 25 25 25 25 25 25 25 25
25 25 25 25 25 25 25 25 25 25 25 25 25 25 25 25 25 25 25 25 25 25 25 25 3 25 25 25 25
25 25 25 25 25 25 25 25 25 25 25 25 25 25 21 25 25 25 25 25 25 25 25 25 25 22 25 25
25 25 25 25 25 25 25 25 4 25 25 25 25 25 25 25 25 25 25 25 25 25 25 25 25 25 25
25 25 25 25 25 25 25 25 25 25 25 25 25 25 25 25 25 25 25 25 25 25 25 22 25 25
25 25 25 25 25 25 25 25 25 25 16 25 25 25 25 25 25 25 25 25 25 25 25 4 25
25 25 25 25 25 25 25 25 25 25 25 25 25 25 25 25 25 25 25 25 25 25 25 25
25 25 25 25 25 25 25 25 25 25 25 25 25 25 25 25 25 25 25 25 25 25 25
25 25 25 1 25 25 25 25 25 25 25 25 25 25 25 25 25 25 25 25 25 25
25 25 25 25 25 16 25 25 25 25 25 25 25 25 25 25 25 25 25 25 25
25 25 25 25 25 25 25 25 25 25 25 25 25 25 25 25 25 25 25 25
23 25 25 25 25 25 25 25 25 25 25 25 25 25 25 25 25 25 25
25 25 25 25 25 25 25 25 25 25 25 25 25 25 25 25 25 25
25 25 25 25 25 25 25 25 25 9 25 25 25 25 25 25 25
25 25 25 25 25 25 25 25 25 25 25 16 25 25 25 25
25 25 25 0 25 25 25 25 25 25 25 25 25 25 25
25 25 25 25 25 14 25 25 25 25 25 25 25 25
25 25 25 25 25 25 25 25 25 25 25 25 25
25 25 25 25 25 25 25 25 25 25 25 25
25 25 25 25 25 25 25 25 25 25 25
25 25 25 25 25 17 25 25 25 25
25 25 25 9 25 25 25 25 25
25 25 25 25 25 25 25 25
25 25 25 25 25 25 25
25 25 25 25 25 25
25 25 25 25 25
25 25 25 25
25 25 25
25 25
25
