50 25
5 24 6 3 25 8 25 19 24 14 13 19 25 7 25 5 9 25 25 25 20 25 11 25 11 23 13 12 12 9 25 20 23 25 24 25 6 25 25 1 17 8 25 4 19 25 25 9 7 25
25 3 24 25 5 21 0 12 3 25 25 7 5 8 9 6 1 13 15 25 21 6 25 25 11 0 25 8 25 2 25 25 0 17 2 5 0 10 13 0 5 25 20 13 22 18 25 15 25
25 3 18 25 25 21 25 25 3 19 25 2 25 5 20 1 11 14 24 22 25 25 1 21 25 8 6 25 5 0 17 25 4 25 22 1 1 8 20 25 25 17 25 2 25 9 4 25
5 25 25 25 21 7 12 1 13 25 21 25 19 17 11 10 24 25 1 14 18 17 25 8 19 25 25 17 2 11 2 8 11 22 24 25 5 4 21 25 6 17 8 22 25 25 25
14 18 0 17 18 7 25 14 25 3 25 15 1 17 25 14 8 25 20 25 25 25 25 25 4 25 16 25 0 23 0 10 6 25 22 4 18 25 8 22 25 13 14 16 25 25
25 18 25 13 8 0 20 11 25 8 25 2 19 25 25 1 8 2 13 3 16 25 25 25 1 25 15 25 25 25 25 6 25 10 25 25 10 25 11 25 21 25 25 4 25
15 25 16 0 25 14 16 25 1 25 23 4 22 25 16 4 25 7 25 9 3 25 7 5 16 25 19 0 25 20 10 18 25 0 21 25 25 24 20 25 7 22 25 25
17 11 20 14 21 25 25 17 25 25 20 22 7 19 12 25 25 25 25 20 18 25 16 25 25 25 4 5 0 21 25 13 25 25 3 25 15 21 25 25 11 12 25
13 25 2 1 25 23 10 23 25 25 7 19 19 25 23 3 11 2 12 25 8 0 21 25 1 25 25 2 25 1 25 25 25 19 25 18 9 9 25 25 7 25
25 25 8 9 25 25 17 22 25 22 14 15 25 25 25 19 25 5 18 25 25 18 19 25 25 4 0 25 25 8 25 11 20 25 15 18 25 23 7 16 25
25 2 6 3 25 25 9 21 0 11 25 18 5 22 1 12 19 11 4 25 19 23 13 22 4 5 25 7 5 19 5 25 21 14 25 25 17 5 7 25
14 6 25 25 20 25 17 25 18 25 21 16 9 25 10 3 11 25 24 25 25 1 18 9 25 13 0 25 4 25 25 25 16 25 1 15 25 25 25
14 3 25 23 25 25 3 9 25 4 5 25 25 25 10 7 25 25 16 25 25 25 3 25 14 21 10 25 25 25 9 21 18 23 5 12 24 25
6 10 14 15 3 25 25 25 25 18 25 25 25 5 20 14 3 23 25 15 6 11 17 25 16 24 25 25 2 25 25 25 25 25 25 25 25
25 25 16 25 4 18 11 7 25 25 22 1 25 17 11 25 25 22 19 7 0 4 9 23 25 7 0 20 5 25 14 6 9 0 14 25
19 20 0 24 25 7 15 12 6 20 10 21 22 20 7 13 0 25 2 25 2 25 24 25 19 14 10 10 22 25 8 25 1 1 25
11 22 18 8 14 3 25 25 17 25 25 12 13 20 25 21 14 25 25 9 25 3 25 22 25 25 18 2 25 21 25 18 23 25
25 25 17 25 25 23 25 25 1 18 25 25 11 24 25 4 25 2 25 14 25 9 0 25 1 25 16 25 25 11 25 25 25
12 18 1 12 25 23 4 15 21 6 25 18 25 12 4 7 3 20 25 17 25 25 25 25 18 0 25 21 25 25 25 25
3 10 25 25 1 25 25 25 15 25 15 15 3 24 11 14 10 25 3 25 5 25 20 25 6 25 10 25 10 25 25
25 13 25 25 25 10 8 25 22 25 4 13 23 25 1 7 23 25 17 24 25 11 3 6 25 25 11 19 25 25
25 25 25 25 10 24 14 16 25 0 25 13 4 17 25 12 2 7 8 21 25 15 2 25 25 5 13 11 25
24 25 0 19 25 6 24 17 25 9 8 25 9 25 25 19 25 25 25 4 4 9 7 25 4 8 13 25
8 25 25 25 5 25 25 23 20 11 25 7 25 6 6 20 25 25 1 25 25 1 12 25 20 3 25
9 18 6 10 17 21 18 25 0 4 25 25 25 12 23 12 22 23 25 6 14 24 25 25 21 25
25 25 25 25 17 16 5 25 9 15 23 2 20 23 20 25 25 25 7 25 25 25 25 25 25
25 25 25 25 25 25 25 25 25 25 25 25 25 25 25 25 25 25 25 16 25 25 25 25
25 25 25 25 25 25 25 25 25 25 25 25 25 25 25 25 25 25 25 25 25 25 25
25 25 25 25 25 25 25 25 25 25 25 25 25 25 25 25 25 25 25 18 25 25
25 25 25 25 25 25 25 25 25 25 25 25 25 25 25 25 25 25 25 25 25
25 25 25 25 25 25 25 25 25 25 25 6 25 25 25 25 25 25 25 25
25 25 25 25 25 25 25 25 25 25 25 25 25 25 25 25 25 25 25
3 25 25 25 25 25 25 25 25 25 25 25 5 25 25 25 25 25
25 25 25 25 25 25 25 25 25 25 25 25 25 25 25 25 25
25 25 25 25 25 17 25 25 25 25 25 25 25 25 25 25
25 25 25 25 25 25 25 25 25 25 25 25 25 25 25
25 25 25 25 25 25 25 25 25 25 25 25 25 25
25 25 25 25 25 25 25 25 25 25 25 25 25
25 25 16 25 25 25 25 25 25 25 25 25
25 25 25 25 25 25 25 25 25 25 25
25 25 25 25 25 25 25 25 25 25
25 25 25 25 25 25 25 25 25
25 25 25 25 25 25 25 25
25 25 25 25 25 25 25
25 25 25 25 25 25
25 25 25 25 25
25 25 25 25
25 25 25
25 25
25
