30 30
7 19 11 30 30 14 30 11 26 30 16 21 25 23 30 26 30 27 16 30 30 4 30 30 0 20 18 30 30 30
30 30 11 15 30 30 14 9 30 13 19 11 30 30 27 10 30 30 9 1 30 29 30 30 30 7 19 30 30
20 30 28 30 30 30 30 18 9 30 30 30 30 3 29 27 26 30 0 6 30 30 30 14 30 29 24 30
30 20 30 15 0 18 22 30 30 30 0 7 30 30 30 30 30 29 10 29 30 30 30 30 29 4 30
21 3 20 30 24 30 26 30 30 28 30 2 27 2 30 14 13 30 30 30 30 30 17 26 17 30
30 29 30 30 29 30 30 30 20 30 30 30 30 30 5 30 6 3 30 30 22 30 30 17 30
30 30 30 30 25 30 30 27 30 30 15 26 30 30 30 30 30 16 18 25 8 12 23 30
18 18 30 30 29 30 18 30 20 15 30 2 14 30 30 30 11 30 30 30 30 1 30
30 25 30 30 3 30 30 27 30 30 25 15 0 30 22 26 24 8 30 28 30 30
24 26 30 30 30 30 30 30 30 14 28 13 10 4 16 24 30 30 30 30 30
1 30 30 25 8 17 25 30 3 30 30 25 18 30 13 9 30 30 13 30
4 23 12 1 5 5 30 13 30 30 26 30 18 16 30 30 30 14 30
12 7 30 20 30 26 3 20 13 30 21 14 28 20 30 17 30 30
25 6 30 30 30 23 30 30 30 30 15 8 16 28 7 30 30
23 30 30 17 23 29 30 5 14 7 21 30 30 6 17 30
30 11 16 30 13 30 30 30 28 18 7 30 30 30 30
6 30 30 24 30 27 6 30 30 15 30 17 24 30
30 18 7 24 30 30 26 10 30 30 28 4 30
24 30 19 30 30 30 8 8 21 18 27 30
17 30 30 11 30 8 27 30 30 30 30
30 21 24 12 30 5 30 30 16 30
30 6 1 30 30 30 30 23 30
29 1 30 30 30 30 9 30
30 10 2 30 26 22 30
14 30 30 30 30 30
30 30 30 30 30
30 30 30 30
30 30 30
30 30
30
