30 30
30 30 2 28 30 30 30 2 3 15 29 30 24 30 30 30 22 10 30 30 30 30 10 0 2 30 12 29 30 30
10 30 11 30 14 6 22 30 2 30 30 14 30 30 12 18 4 18 27 25 30 8 11 30 30 27 22 30 30
12 30 5 20 4 30 18 19 30 0 22 2 4 30 27 25 3 9 18 30 8 18 30 29 9 30 30 30
30 4 20 30 30 11 30 30 28 21 25 30 30 23 9 20 30 30 30 8 16 22 24 30 10 30 30
21 15 30 2 30 30 10 19 7 25 30 30 30 27 8 30 30 23 23 1 4 28 19 4 30 30
25 30 30 25 30 7 29 30 10 25 11 30 18 30 18 9 30 23 3 2 30 23 16 14 30
30 30 9 25 14 3 13 17 2 30 12 2 10 30 30 7 28 25 19 30 30 21 25 30
30 30 26 15 30 11 30 13 12 13 8 30 10 4 30 30 16 30 16 30 11 22 30
30 30 26 5 30 30 30 8 18 21 6 30 30 9 30 30 21 30 30 11 30 30
30 30 27 29 30 28 30 30 24 25 27 14 10 30 30 30 30 7 30 13 30
7 16 12 6 21 14 30 14 30 30 18 13 30 30 30 22 14 27 20 30
18 7 30 14 9 24 5 30 18 30 17 30 17 30 18 14 30 30 30
23 30 1 23 23 30 30 20 30 21 2 7 30 30 30 19 3 30
30 30 18 30 30 30 7 18 18 30 30 12 30 30 19 30 30
30 20 30 3 13 30 17 30 30 30 13 3 19 23 27 30
11 3 30 30 29 1 30 7 30 10 6 30 30 24 30
30 10 0 24 8 30 30 27 12 30 30 9 12 30
12 30 30 30 30 30 30 30 30 30 30 30 30
30 30 8 30 30 30 30 30 30 30 30 30
30 30 7 30 30 30 30 3 30 30 30
30 30 30 30 30 30 30 30 30 30
30 30 30 30 30 30 30 30 30
30 30 30 30 30 3 30 30
13 9 30 30 30 30 30
30 30 30 30 30 30
30 30 30 30 30
30 30 30 30
30 30 30
30 30
30
