30 30
23 8 25 19 17 30 14 19 6 30 30 30 17 9 16 4 26 13 12 1 30 9 7 30 30 21 21 7 8 30
20 5 26 14 30 16 30 17 4 30 14 30 30 11 30 18 30 16 30 30 30 30 16 30 30 22 30 30 30
30 8 22 30 29 30 17 23 26 30 18 29 20 30 30 4 29 30 27 30 30 4 30 30 30 30 30 30
13 30 30 30 27 30 30 0 28 30 30 30 30 30 1 23 30 30 7 10 13 30 29 12 20 30 30
30 10 26 30 30 30 21 18 18 10 21 14 22 30 30 0 30 3 20 30 20 6 30 7 30 30
11 30 30 30 30 30 27 24 30 30 30 21 30 2 20 12 17 8 0 10 30 11 30 25 30
30 30 30 30 12 30 2 30 22 19 25 30 30 30 19 0 28 24 4 20 13 30 30 30
30 30 30 30 30 30 30 9 28 9 30 30 30 16 3 30 30 30 12 23 30 30 30
30 11 12 13 12 30 1 22 30 28 30 30 30 30 21 30 21 30 18 30 30 30
30 30 4 26 30 30 30 9 30 3 30 30 17 30 0 30 30 30 24 28 30
30 27 30 15 19 7 24 30 30 20 10 15 12 30 25 30 30 30 30 30
30 7 30 30 30 30 30 30 18 30 30 3 29 29 26 30 30 15 30
30 18 21 30 30 9 12 30 14 30 30 19 20 30 30 30 30 30
30 30 22 30 14 21 17 30 30 20 13 30 8 30 30 30 30
4 30 30 0 2 21 9 3 11 30 21 27 24 30 12 30
8 30 30 30 17 20 30 18 30 30 22 19 30 30 30
30 25 30 30 30 30 27 7 30 0 20 30 30 30
30 28 13 30 30 25 3 6 8 30 30 30 30
3 28 30 30 1 30 30 30 14 26 2 30
24 30 30 23 30 9 19 23 30 30 30
30 12 30 26 18 17 4 2 30 30
30 7 29 30 2 30 30 30 30
30 30 30 12 21 30 30 30
30 12 30 30 26 24 30
7 25 17 30 30 30
30 21 30 30 30
23 30 30 30
4 22 30
28 30
30
