50 12
10 12 8 12 12 12 12 12 12 12 9 12 0 9 12 3 12 12 12 12 6 12 12 12 12 12 12 12 12 12 12 12 12 12 3 12 12 12 11 0 12 12 12 12 12 12 12 12 12 12
12 0 0 12 12 12 2 12 12 4 12 5 12 10 12 12 12 11 12 9 12 12 12 12 12 12 12 12 12 0 12 12 12 12 12 12 12 12 2 12 6 12 12 12 12 8 12 5 12
9 5 10 12 1 12 12 12 12 12 12 12 12 12 12 12 12 12 12 12 6 12 12 12 12 12 12 12 4 12 12 12 7 12 12 12 12 12 6 4 5 12 12 0 4 5 8 12
12 3 8 11 12 12 12 12 4 12 12 12 12 12 12 12 12 10 12 12 12 12 12 12 12 12 6 6 1 8 12 11 12 12 12 12 0 12 3 12 12 12 12 12 12 10 12
12 12 9 12 12 12 12 12 12 12 1 8 12 12 12 12 6 12 12 3 12 12 2 12 12 12 1 2 12 2 12 12 6 12 6 12 12 7 8 12 6 12 7 12 12 12
12 12 0 12 12 12 12 12 12 12 12 12 12 12 12 12 12 12 8 12 12 12 12 11 12 12 12 0 12 12 12 12 12 12 12 3 12 12 4 12 12 12 12 12 12
5 12 12 12 12 12 8 12 12 12 12 12 12 12 12 12 12 12 12 1 12 12 12 12 12 11 12 12 12 12 2 12 12 12 12 5 12 12 12 8 12 7 12 12
12 12 4 12 12 12 8 12 12 7 10 8 12 12 12 10 10 12 9 12 12 12 12 5 0 12 12 12 12 12 12 12 12 12 0 12 12 12 12 12 12 12 12
12 12 12 12 3 12 12 12 10 12 12 12 12 12 12 12 12 12 12 12 0 12 12 5 11 12 12 12 12 12 2 8 12 12 12 12 12 12 12 12 12 12
12 3 3 12 2 12 12 11 5 12 12 12 12 2 12 12 12 12 12 12 12 12 12 12 12 12 12 12 12 12 12 3 12 12 12 7 12 6 12 7 12
12 7 12 12 8 12 12 12 9 12 12 12 12 12 12 12 6 12 12 12 12 12 12 12 12 12 12 12 12 12 12 12 6 12 5 12 12 12 12 12
12 12 12 12 1 12 12 12 12 12 10 12 12 12 0 12 12 7 12 12 12 9 12 12 12 0 12 7 12 4 12 12 12 12 12 12 12 2 12
12 12 7 4 12 12 12 5 12 12 12 12 12 12 12 12 4 12 12 12 7 12 12 12 12 12 12 12 12 12 1 12 12 12 1 12 12 12
12 12 12 12 12 12 12 12 12 12 12 12 4 8 12 12 12 12 1 12 12 9 12 12 12 12 12 10 12 10 12 12 12 12 12 12 12
12 12 12 12 12 12 2 12 7 12 12 12 12 6 12 12 12 11 11 12 12 12 12 12 12 12 12 12 12 12 8 12 5 12 12 12
12 1 12 12 12 12 12 12 12 12 12 12 12 12 12 0 12 2 12 5 12 12 12 9 12 12 12 12 12 12 12 12 5 12 12
12 12 12 12 2 12 12 12 12 9 12 12 12 12 12 12 12 12 12 12 12 12 12 12 7 10 12 12 12 12 12 12 12 12
12 12 12 12 12 12 12 12 12 12 12 12 12 5 12 12 1 12 12 3 12 12 12 12 12 9 12 12 12 4 9 5 12
12 12 12 12 12 2 12 12 12 12 12 12 12 12 7 12 12 12 12 12 3 12 12 12 12 12 12 12 10 12 12 12
12 12 12 12 12 10 12 12 12 12 12 0 12 12 12 12 12 12 12 12 12 6 12 12 12 4 12 12 6 10 12
7 12 2 12 12 12 12 12 7 11 12 12 12 12 11 12 12 12 12 12 12 12 12 12 12 12 12 12 12 12
12 12 12 12 7 12 12 12 8 12 12 12 12 7 12 4 12 12 12 12 5 6 0 12 12 12 12 12 12
12 12 12 11 12 12 12 12 12 12 12 12 12 12 7 12 0 12 12 12 8 12 12 12 12 12 12 12
6 12 12 12 12 12 12 12 12 10 12 12 7 12 12 12 12 12 12 12 12 12 11 12 12 7 12
12 12 12 12 12 12 12 0 12 12 12 12 12 6 12 12 12 12 12 12 12 12 12 12 12 12
12 12 12 12 9 2 12 12 12 0 12 12 5 12 12 12 12 12 12 12 12 12 12 12 12
12 12 12 12 12 12 1 12 12 12 12 12 12 12 12 12 12 8 12 12 12 12 12 12
0 12 12 12 12 12 12 12 12 4 12 12 12 12 12 12 12 8 12 12 0 3 12
12 12 12 5 12 12 12 12 12 2 12 12 12 4 7 12 12 12 12 12 12 12
12 12 12 12 12 12 12 12 12 12 12 12 12 12 11 1 7 9 12 12 12
12 12 12 12 12 12 12 12 12 4 3 12 12 12 12 12 3 12 12 12
12 12 10 12 10 12 4 12 12 12 12 12 12 12 12 0 3 6 12
12 12 12 12 12 12 12 12 5 12 3 12 12 12 12 10 12 12
12 12 12 12 12 12 12 12 12 12 12 3 0 12 12 12 12
12 12 7 12 12 12 12 1 12 12 12 12 12 8 12 12
12 12 12 12 10 12 12 3 12 12 12 12 12 12 12
12 8 12 12 12 12 12 12 12 12 12 12 1 12
12 12 12 12 12 3 12 12 12 11 9 12 12
12 12 12 12 12 1 1 12 12 12 12 12
12 12 12 12 12 12 12 12 12 0 12
12 12 12 12 9 12 12 12 12 12
5 12 12 12 12 12 2 12 12
12 12 12 12 12 11 12 12
0 12 0 12 12 12 12
12 12 12 12 12 12
12 12 12 12 12
12 12 12 12
12 12 12
12 12
12
