20 20
20 19 20 20 17 20 20 20 20 20 20 20 3 20 4 10 20 20 20 
12 20 20 20 11 20 20 20 20 6 20 20 20 17 20 20 17 20 
20 20 20 20 10 19 5 20 20 20 6 19 20 20 20 17 12 
18 20 20 20 20 20 20 20 18 20 20 20 20 20 11 20 
20 16 20 20 9 11 20 20 20 20 20 20 20 20 15 
20 20 20 20 20 20 20 20 20 20 20 20 20 20 
20 20 20 14 20 20 20 20 20 20 20 20 20 
20 20 20 20 20 20 20 20 20 20 20 17 
20 20 9 20 9 10 20 20 20 20 20 
20 20 20 12 20 2 0 20 20 20 
20 20 20 20 4 20 20 20 20 
12 20 20 20 20 20 20 20 
20 13 20 20 20 20 20 
20 20 20 13 20 20 
20 18 20 14 20 
20 20 20 20 
20 20 20 
20 20 
20 