20 20
20 20 20 20 20 20 20 20 20 20 20 20 17 16 20 20 12 20 20 
20 20 20 20 20 9 2 15 20 2 20 1 20 2 20 20 20 8 
20 20 20 20 20 20 12 20 0 20 20 20 20 4 20 20 20 
20 20 20 20 20 20 3 20 8 20 8 16 20 20 20 20 
20 20 20 20 20 20 20 13 0 20 20 20 9 14 11 
20 8 20 20 20 20 20 20 20 20 12 20 20 20 
20 20 20 20 20 20 20 20 14 7 20 20 20 
20 20 6 20 19 20 20 20 20 20 20 10 
20 20 20 20 20 9 20 13 16 20 19 
20 20 1 20 20 3 20 20 20 13 
20 20 20 20 20 20 20 1 20 
20 20 20 20 20 20 20 20 
20 20 20 17 20 20 20 
20 20 20 20 20 20 
20 20 20 20 20 
20 20 20 20 
20 20 20 
20 20 
20 