20 20
14 20 20 13 12 17 0 20 20 15 6 4 20 20 3 18 13 20 20 
16 20 20 20 7 20 14 20 0 20 7 20 19 20 20 20 9 5 
20 20 5 20 20 5 5 20 20 20 10 1 20 20 20 20 3 
13 20 20 20 9 20 20 9 20 20 20 20 20 20 20 20 
20 20 20 20 20 20 20 20 20 20 20 20 8 20 20 
20 20 20 20 20 20 20 5 20 20 20 20 20 20 
20 20 20 20 20 20 20 20 16 20 20 20 20 
20 20 20 8 20 20 14 20 20 20 20 20 
20 20 1 20 20 20 20 3 20 20 20 
20 20 20 20 20 20 20 20 20 20 
20 20 20 20 20 20 20 20 20 
20 20 20 20 20 20 20 20 
20 20 13 20 20 20 20 
20 20 20 20 20 20 
20 20 20 20 20 
20 20 20 18 
20 10 20 
20 20 
20 
