30 30
28 14 2 28 14 17 28 9 24 17 8 3 1 3 21 10 25 19 30 17 27 28 5 10 14 2 10 3 18 30
30 21 29 11 6 22 21 16 1 7 10 12 0 10 29 13 29 27 7 29 30 3 11 0 12 14 0 14 30
11 21 2 0 13 10 26 6 4 14 21 16 14 18 21 25 30 30 11 3 14 30 4 2 20 10 18 30
26 12 16 6 24 8 13 28 28 7 5 4 9 30 7 0 29 14 30 30 28 12 30 18 30 1 30
26 0 20 9 28 1 11 11 24 10 23 4 16 6 11 19 7 30 27 25 3 30 30 30 26 30
29 26 4 19 30 5 21 24 30 30 5 9 30 23 24 30 30 17 30 30 25 30 22 1 30
12 14 10 26 1 30 0 30 16 30 7 30 11 5 26 21 15 11 30 30 20 13 2 30
28 12 5 15 19 15 4 30 30 28 10 25 25 13 19 30 30 30 21 17 6 1 30
14 15 16 30 30 9 25 5 23 30 18 29 21 18 17 4 28 24 21 30 19 30
14 26 25 18 11 30 29 14 3 15 3 5 23 30 30 30 26 0 30 26 30
17 9 6 14 23 28 18 14 8 7 30 1 26 30 30 19 19 24 25 30
14 30 30 30 2 19 30 30 28 19 22 23 19 9 10 22 9 5 30
24 23 30 4 4 21 8 30 21 30 29 7 25 30 0 0 29 30
27 12 19 27 30 25 9 30 1 30 26 14 13 30 20 0 30
18 30 30 5 2 30 29 15 27 16 30 19 30 30 30 30
13 30 7 30 30 30 19 13 18 24 1 25 28 27 30
0 18 1 1 30 19 19 30 30 23 11 9 22 30
5 1 30 23 20 17 30 3 19 2 9 30 30
10 22 18 14 9 3 11 5 10 19 1 30
23 30 21 25 18 25 29 7 21 18 30
30 30 11 30 16 5 1 6 25 30
11 4 21 4 30 27 2 24 30
20 28 30 7 18 3 20 30
30 30 30 10 15 30 30
30 30 16 18 30 30
22 27 30 0 30
3 28 3 30
1 22 30
7 30
30
