30 30
23 8 25 19 17 13 14 19 6 30 6 1 17 9 16 4 26 13 12 1 18 9 7 30 30 21 21 7 8 30
20 5 26 14 1 16 30 17 4 30 14 30 30 11 30 18 29 16 14 19 25 30 16 14 18 22 9 18 30
30 8 22 8 29 30 17 23 26 30 18 29 20 2 27 4 29 24 27 29 7 4 19 29 28 30 1 30
13 25 30 25 27 30 21 0 28 15 12 27 30 29 1 23 10 30 7 10 13 30 29 12 20 10 30
10 10 26 8 26 6 21 18 18 10 21 14 22 30 5 0 9 3 20 2 20 6 18 7 28 30
11 16 14 30 7 28 27 24 26 27 7 21 20 2 20 12 17 8 0 10 8 11 30 25 30
21 17 30 30 12 3 2 16 22 19 25 18 0 25 19 0 28 24 4 20 13 30 23 30
29 30 6 24 26 5 30 9 28 9 30 10 30 16 3 8 29 30 12 23 0 30 30
16 11 12 13 12 30 1 22 30 28 30 30 0 13 21 27 21 23 18 9 13 30
30 30 4 26 14 30 17 9 30 3 24 30 17 30 0 30 30 4 24 28 30
2 27 21 15 19 30 24 10 30 20 10 15 12 30 25 30 30 9 30 30
29 7 11 30 12 30 30 21 18 30 30 3 29 29 26 13 30 15 30
30 18 21 30 10 9 12 0 14 22 30 19 20 30 30 30 0 30
30 30 22 30 14 21 17 30 30 20 13 30 8 12 30 15 30
4 15 1 0 2 21 9 3 11 30 21 27 24 30 12 30
8 3 23 23 17 20 30 18 25 30 22 19 30 8 30
21 25 29 30 24 1 27 7 14 0 20 30 30 30
30 28 13 19 27 25 3 6 8 30 30 22 30
3 28 12 16 1 10 23 19 14 26 2 30
24 17 6 23 30 9 19 23 30 30 30
28 12 30 26 18 17 4 2 9 30
30 7 29 30 2 30 30 29 30
30 11 30 12 21 6 2 30
25 12 27 30 26 24 30
7 25 17 30 20 30
6 21 25 24 30
23 30 20 30
4 22 30
28 30
30
