30 30
27 26 3 2 27 18 30 14 27 28 27 1 8 30 16 16 19 13 21 6 4 5 14 11 26 5 28 5 9 30
26 19 30 5 10 6 0 8 13 30 13 22 6 11 5 22 9 19 23 5 8 30 9 14 19 16 22 22 30
5 6 27 7 26 20 13 22 30 7 9 21 13 29 30 0 30 5 0 2 10 21 24 26 9 14 12 30
30 1 9 12 13 24 9 14 0 17 5 0 26 28 15 24 20 29 5 21 24 15 1 8 13 1 30
18 18 7 2 16 15 0 7 14 30 23 13 18 30 11 5 29 15 27 18 30 16 1 12 30 30
28 3 16 2 18 22 11 25 30 13 17 17 11 17 16 12 12 24 27 3 30 12 11 30 30
8 20 0 5 8 30 13 1 30 5 0 20 20 18 8 1 30 25 26 30 10 11 6 30
30 8 30 27 6 21 4 21 13 20 5 14 9 30 25 25 26 30 6 11 30 9 30
23 30 8 20 30 9 6 18 30 30 30 10 22 0 0 23 12 11 10 14 15 30
30 30 16 30 30 14 22 10 10 28 26 11 30 20 4 3 30 10 3 11 30
30 28 22 30 30 8 14 2 0 30 9 30 30 27 20 21 16 19 30 30
30 7 6 30 24 9 14 4 22 30 30 30 30 26 2 23 1 6 30
29 2 10 21 30 2 30 23 17 13 26 10 4 2 30 13 26 30
5 28 26 30 30 15 22 24 27 4 22 15 27 16 3 8 30
2 30 3 15 12 30 25 2 30 30 30 30 14 7 13 30
30 1 15 21 7 30 24 30 25 18 23 10 30 30 30
30 0 4 26 23 1 2 18 3 30 30 30 16 30
30 28 30 17 21 23 15 3 30 6 30 30 30
23 30 30 3 30 26 6 28 17 23 30 30
2 3 2 16 30 2 17 14 25 30 30
7 30 11 6 5 30 9 1 4 30
3 30 26 25 30 25 16 30 30
28 12 0 17 19 22 30 30
17 30 19 30 23 20 30
12 2 23 7 30 30
0 30 30 26 30
2 17 30 30
27 30 30
9 30
30
