30 30
6 10 9 30 10 22 7 14 20 3 2 30 28 0 0 2 30 0 2 14 8 2 22 30 19 5 12 30 30 30
30 21 11 20 19 9 14 11 30 0 14 19 21 13 27 2 27 13 8 5 3 23 10 13 20 1 6 16 30
30 4 13 8 7 14 17 30 15 15 15 28 23 3 18 30 9 13 20 30 30 23 30 5 30 20 15 30
6 9 20 30 11 30 22 0 11 4 30 30 30 14 18 22 25 9 29 22 30 23 30 21 1 29 30
15 27 30 5 3 21 3 30 17 8 30 18 6 23 0 3 30 30 2 3 26 3 13 4 30 30
21 21 14 22 5 23 26 1 18 18 16 16 17 17 30 14 11 9 13 15 4 30 3 22 30
30 4 30 5 30 8 7 5 28 30 6 7 7 30 21 8 30 9 7 14 16 8 18 30
30 30 29 30 0 29 5 23 22 30 28 30 30 30 29 27 27 30 30 16 25 14 30
15 18 30 18 14 15 3 0 29 27 20 12 11 8 25 16 28 30 8 1 12 30
7 0 10 29 23 29 30 30 9 30 17 10 23 21 4 11 30 3 22 30 30
4 26 9 12 19 27 13 17 0 26 23 13 30 22 1 25 26 30 0 30
30 26 22 30 29 12 15 8 30 2 30 13 7 13 13 30 17 20 30
18 7 10 29 30 14 4 22 30 25 30 30 13 30 19 20 30 30
30 28 11 11 4 11 4 16 16 26 24 30 28 2 12 23 30
16 25 5 9 9 16 30 30 2 30 12 30 17 10 10 30
13 1 30 30 30 15 2 2 22 1 30 25 21 19 30
6 18 22 9 10 25 29 29 27 0 16 7 6 30
3 19 30 4 22 15 14 30 23 4 30 14 30
12 30 21 16 25 21 30 1 3 8 30 30
30 21 0 30 30 30 18 8 2 30 30
5 5 14 0 29 10 22 0 27 30
24 19 18 11 28 0 25 22 30
28 24 23 30 10 30 30 30
26 18 14 24 30 30 30
1 30 10 20 10 30
29 11 27 5 30
23 9 9 30
30 5 30
8 30
30
