100 25
1 18 5 2 22 9 11 24 14 25 17 17 1 10 13 13 7 19 1 14 21 23 10 7 10 24 18 24 6 10 24 9 15 5 25 2 15 25 13 18 20 21 25 3 16 10 3 19 10 15 5 24 24 16 0 12 9 3 12 9 9 19 23 23 9 2 6 25 7 12 2 21 6 5 23 18 15 8 25 25 6 15 10 5 13 8 25 2 5 20 19 3 18 17 23 18 15 0 6 25
25 11 4 1 9 25 12 17 9 5 12 25 25 25 25 1 25 25 25 15 25 25 25 25 24 25 1 25 10 25 25 24 12 5 20 13 25 25 3 20 6 17 25 25 18 25 25 7 25 19 25 25 25 15 25 25 25 8 25 5 25 9 25 25 0 2 25 23 25 25 9 25 25 16 25 25 25 22 25 25 25 25 11 25 1 25 18 10 18 16 14 25 20 21 25 6 12 6 25
5 0 25 0 1 0 25 6 20 15 22 1 16 25 25 25 25 25 25 9 25 0 0 2 6 14 9 25 18 2 1 20 3 25 25 25 25 9 14 25 4 22 25 10 6 25 4 25 25 25 15 17 0 2 19 25 25 12 0 25 25 9 11 25 22 9 18 25 25 0 9 23 18 25 2 21 25 25 8 25 13 15 25 25 0 16 25 9 24 13 20 14 16 25 25 7 19 25
25 25 25 25 25 8 15 25 12 4 25 19 25 21 11 25 25 25 25 15 25 17 25 5 25 25 10 25 25 23 25 25 25 7 25 10 19 23 14 25 25 17 8 8 9 19 25 14 5 19 4 22 25 25 10 2 25 25 8 6 0 25 25 8 25 25 25 25 25 25 25 25 20 24 19 25 13 21 8 25 10 18 22 1 16 1 25 19 25 25 25 20 7 6 11 25 25
18 25 18 25 0 20 8 25 25 20 25 8 25 9 3 4 21 7 16 6 11 25 25 23 25 25 9 2 7 25 25 25 10 19 25 25 15 25 25 25 20 25 9 25 25 5 20 12 15 13 21 25 21 20 25 9 2 14 25 25 25 22 19 3 25 25 25 25 25 5 24 25 13 20 25 25 25 25 25 25 24 25 18 25 8 0 25 19 22 25 2 18 24 25 4 25
7 25 15 24 23 17 12 12 13 23 25 25 25 25 15 25 20 13 24 25 25 25 13 25 5 7 5 25 25 22 25 22 19 11 4 25 25 17 25 6 9 1 2 25 0 5 25 6 25 25 6 3 20 7 12 2 25 16 17 23 13 4 5 1 22 20 1 25 25 15 9 25 5 25 25 10 22 25 25 22 25 14 25 25 13 25 2 25 25 24 6 25 8 24 25
0 24 25 14 14 23 6 0 0 10 25 25 25 11 25 25 2 25 22 25 10 25 17 4 18 25 25 24 11 1 25 11 13 25 15 25 25 25 25 25 25 2 20 25 25 25 25 8 17 25 2 5 19 24 12 10 24 25 16 25 25 8 25 4 12 25 9 25 23 9 23 25 21 13 18 25 25 22 8 12 13 3 25 25 24 24 16 25 14 19 25 25 12 25
2 15 25 14 18 0 25 18 20 25 11 22 22 25 25 19 25 25 10 2 25 25 10 25 19 22 25 25 19 4 20 25 14 25 20 25 17 10 25 25 9 25 15 25 8 25 11 25 16 25 25 6 25 25 25 20 17 25 5 3 25 25 25 23 25 0 25 25 4 16 11 25 13 25 9 24 25 22 25 25 24 11 12 21 24 25 25 8 25 7 10 25 25
6 25 12 24 17 16 20 25 25 11 25 14 17 24 21 25 25 25 17 25 10 25 25 11 20 23 25 3 8 6 25 25 1 25 25 12 21 11 25 25 14 19 7 21 25 25 25 25 25 4 25 25 25 25 25 12 25 25 25 25 24 25 5 12 9 5 24 25 25 25 8 25 25 12 13 25 25 25 19 25 25 11 19 25 25 19 25 25 25 24 25 25
21 25 25 25 1 9 25 22 25 11 25 25 25 25 16 25 25 14 25 25 25 15 16 25 25 14 25 7 22 25 13 25 25 25 25 25 22 18 18 25 22 12 25 25 25 20 25 25 25 25 4 1 25 1 23 25 25 25 25 22 14 25 25 12 25 25 25 19 21 25 25 25 25 25 25 2 25 25 9 19 25 25 25 5 25 25 24 13 25 11 25
7 25 25 13 3 25 25 25 25 25 25 12 16 9 25 25 25 25 6 25 25 3 3 25 25 3 20 11 25 25 25 23 25 10 8 24 25 25 25 25 24 11 25 25 13 25 25 19 8 10 2 25 4 25 25 25 25 25 25 25 6 25 25 25 25 25 25 25 25 25 25 25 25 0 25 25 5 17 25 25 25 16 25 25 3 22 25 18 21 25
25 3 11 25 25 19 11 25 13 25 25 6 7 23 4 13 25 0 11 9 17 25 25 25 3 25 17 11 3 25 25 25 2 16 25 22 25 25 25 25 25 23 25 25 25 25 25 25 24 18 10 25 25 25 25 25 14 25 25 25 16 15 11 4 25 25 25 25 25 9 4 25 25 11 21 10 2 21 1 22 17 10 23 25 17 7 25 25 25
25 25 25 25 25 15 10 25 25 25 25 25 19 9 14 6 13 25 25 24 18 22 19 25 25 25 12 25 16 14 25 16 7 23 5 25 16 25 25 19 10 17 22 12 0 20 13 25 25 25 11 25 4 17 25 20 22 25 25 0 12 6 25 13 22 17 25 16 25 25 25 17 21 2 22 25 17 25 25 19 3 16 11 25 25 11 16 25
25 25 25 25 25 25 22 7 25 10 7 25 25 25 25 25 25 2 14 10 16 5 25 25 25 25 1 25 14 25 23 25 11 25 16 25 9 25 25 19 25 25 9 25 25 25 25 9 25 25 25 25 20 25 21 4 10 25 25 25 25 18 25 15 24 25 25 25 13 25 6 4 25 25 25 25 1 1 7 7 25 21 15 12 25 5 25
9 25 1 25 25 25 25 25 6 8 5 25 25 25 3 24 25 9 25 12 4 25 25 25 25 25 19 25 25 3 25 21 22 7 22 25 25 25 18 6 1 25 25 25 25 25 25 25 10 15 10 25 7 25 25 25 22 16 3 2 14 8 25 25 25 25 25 25 2 25 25 25 17 23 25 25 2 22 25 25 25 25 25 19 25 25
4 21 25 25 6 25 0 6 25 25 25 25 25 25 5 20 2 25 25 8 6 15 25 25 20 6 25 10 25 15 3 25 25 24 21 25 25 2 25 25 25 25 11 25 25 25 17 14 25 25 25 25 25 1 7 0 25 25 25 7 25 25 25 6 25 25 13 25 25 25 8 25 25 25 13 12 25 25 22 25 7 25 8 11 25
13 19 25 1 25 25 14 25 11 15 5 1 2 25 25 25 6 25 25 21 25 25 25 13 25 4 25 25 18 22 25 25 13 25 11 8 20 25 25 9 19 25 3 2 7 25 25 8 25 25 6 16 23 25 8 25 25 8 25 19 12 25 17 25 25 25 25 25 0 25 24 5 25 25 25 25 0 25 25 13 14 25 25 25
25 7 3 19 24 16 25 25 25 25 25 25 25 1 0 5 25 25 25 25 7 25 25 14 4 2 25 11 25 3 25 20 25 8 14 25 15 25 1 25 17 1 25 10 4 19 25 12 7 7 25 21 25 14 25 25 25 25 25 18 13 13 25 25 15 13 6 25 25 17 23 25 7 17 25 25 25 25 7 10 25 13 25
25 10 17 8 25 25 11 20 5 0 25 25 25 19 19 11 25 22 25 25 7 7 12 25 25 25 4 7 25 25 25 25 16 20 3 24 25 25 25 20 21 25 6 25 14 25 25 23 18 12 25 25 25 25 25 25 21 17 25 25 25 4 13 0 2 25 5 14 25 25 25 7 25 19 25 25 25 25 0 6 25 25
25 25 18 4 20 25 25 7 25 7 15 2 7 25 7 25 25 10 25 25 22 5 20 9 24 25 6 25 25 6 25 25 25 5 14 25 25 25 23 17 25 2 4 25 25 25 16 20 2 20 1 25 25 6 25 25 13 19 25 25 12 0 25 25 25 25 8 17 25 16 25 20 25 25 25 25 14 25 0 25 25
25 25 0 25 25 17 19 25 25 14 25 25 25 0 25 25 25 25 13 25 14 23 25 25 21 24 25 25 0 15 20 25 25 25 25 3 17 25 10 25 4 25 25 9 25 2 25 7 18 8 15 25 12 16 4 25 25 5 25 9 25 25 25 4 4 14 25 0 17 25 25 25 17 25 14 25 25 24 25 25
25 3 12 25 23 25 25 25 14 25 17 4 25 16 7 1 21 5 25 25 25 25 21 11 25 25 25 0 25 25 25 25 8 25 25 3 25 20 1 22 25 9 25 24 18 3 4 11 25 25 25 21 25 11 11 5 11 17 25 25 4 3 25 25 13 25 25 25 25 1 18 18 25 25 6 5 25 25 25
10 25 14 25 15 14 18 25 25 17 11 25 4 3 23 25 22 2 9 9 25 6 24 25 25 25 25 12 25 12 25 1 15 25 8 2 25 19 25 25 25 25 25 3 25 25 16 25 17 25 25 25 25 25 15 21 3 25 25 25 5 25 25 25 24 25 5 25 25 25 25 3 25 18 25 25 8 25
25 25 25 9 25 25 7 8 25 25 17 0 25 9 18 25 25 25 25 25 20 25 25 1 20 25 8 25 11 17 25 25 25 25 25 10 12 10 10 5 14 25 25 22 25 23 25 13 25 7 16 10 25 15 23 25 5 25 17 25 19 25 8 12 7 15 25 25 12 25 25 20 7 25 25 25 25
25 14 18 18 25 25 25 20 25 2 18 16 25 25 25 25 25 18 25 25 25 21 25 1 24 25 25 25 24 25 25 12 13 23 25 25 3 25 25 3 25 12 19 25 25 25 25 25 25 25 25 25 9 25 25 11 25 3 4 10 25 25 25 5 25 14 25 25 6 25 18 17 25 18 7 25
25 2 12 21 25 25 25 2 25 25 9 25 0 25 25 20 3 25 10 25 25 13 13 25 18 25 1 25 8 25 8 25 20 25 25 24 25 16 25 25 25 25 7 25 16 15 5 25 25 25 9 18 25 25 15 25 25 25 25 25 20 25 19 4 21 22 3 18 10 25 17 25 25 25 25
25 25 22 14 25 25 25 25 18 25 25 7 25 3 25 25 25 25 25 14 9 25 25 25 25 25 15 25 12 5 21 25 25 25 25 25 25 25 25 25 25 25 10 12 23 25 25 6 25 19 1 25 1 7 25 25 25 8 25 25 13 6 25 6 25 25 25 25 25 25 25 8 11 25
25 3 25 25 12 7 25 25 25 4 25 25 2 25 20 19 25 25 25 25 16 7 24 22 18 25 18 20 25 25 12 14 25 24 17 25 25 25 25 25 25 11 22 25 25 19 0 25 9 1 4 25 25 20 25 22 23 20 25 14 14 2 25 16 25 3 6 25 25 25 25 25 25
25 1 20 25 19 25 25 22 15 25 24 25 2 25 25 25 25 25 7 0 25 25 25 23 21 11 25 25 25 25 11 25 9 3 5 17 25 25 12 25 7 25 25 16 25 14 10 1 4 25 22 25 8 25 25 12 25 8 8 25 1 25 25 25 25 25 25 23 25 25 25 25
10 20 22 16 25 7 6 25 15 25 25 24 25 25 4 1 11 25 6 3 0 25 5 25 25 25 25 22 25 25 19 16 25 25 25 25 23 25 17 16 25 25 25 14 3 25 25 0 24 25 25 24 25 7 25 22 7 0 12 25 25 25 20 25 25 25 25 15 13 25 25
13 25 25 3 25 10 10 23 25 25 25 1 9 25 24 25 16 25 25 23 2 17 25 25 21 10 0 25 25 4 25 18 25 25 25 25 25 25 25 25 25 19 25 25 25 25 25 25 13 25 25 25 8 4 25 21 15 13 20 25 25 14 9 25 25 25 25 25 25 25
18 25 23 25 8 24 25 25 25 18 10 25 25 5 3 25 25 25 25 0 25 25 25 25 25 12 23 4 25 25 25 25 17 25 7 25 25 8 20 25 25 25 23 9 25 25 0 25 25 25 25 20 25 25 6 25 25 25 25 19 25 25 25 25 22 25 11 25 25
25 25 25 25 25 25 23 25 25 17 25 7 25 25 15 25 12 13 7 4 25 25 5 19 4 15 25 17 23 9 25 7 25 25 12 12 19 25 25 11 25 25 25 6 12 9 21 25 25 15 25 25 25 25 7 25 1 10 25 9 25 0 13 25 25 25 25 25
19 9 11 25 25 13 25 21 25 16 25 16 25 25 25 25 25 25 25 15 8 25 25 25 25 25 25 25 25 19 25 12 25 9 0 17 12 17 3 14 16 25 25 8 5 25 4 13 21 25 25 25 25 15 25 25 25 7 25 25 7 25 25 25 11 25 25
14 25 25 6 25 25 21 19 3 25 25 25 25 25 13 25 25 25 7 19 4 11 18 7 25 9 3 24 25 2 25 25 25 25 25 2 25 25 22 25 25 25 25 2 25 25 15 25 1 7 25 4 25 1 14 25 25 25 5 25 10 25 8 7 25 25
17 25 16 12 16 25 21 8 9 25 2 22 8 25 25 15 25 25 5 25 1 25 20 25 25 25 25 25 24 14 2 4 25 22 25 25 23 17 5 5 0 23 25 15 25 10 25 3 25 4 5 25 17 25 25 25 5 25 21 7 25 14 25 25 25
25 25 24 25 25 25 24 3 13 16 25 25 9 3 25 12 25 25 25 12 16 18 25 25 25 25 25 2 7 15 25 3 25 14 4 4 25 4 23 25 15 25 25 1 25 25 25 6 25 25 25 25 20 21 12 25 6 25 10 2 25 5 25 25
25 4 25 25 25 25 4 25 16 25 25 14 25 25 12 11 10 9 25 5 25 25 18 25 25 15 21 17 25 10 25 25 6 25 25 19 23 3 25 25 25 22 25 25 0 4 4 25 25 2 20 25 13 25 25 22 9 25 25 19 25 15 25
25 18 25 25 11 25 18 25 25 17 13 6 25 21 25 2 8 25 23 4 1 25 25 10 25 2 14 25 25 3 21 25 9 10 25 24 8 25 25 11 25 11 4 25 25 25 25 25 25 17 12 25 25 6 5 5 5 23 25 25 25 25
25 2 21 25 24 25 9 21 25 25 25 25 8 25 25 25 1 25 25 25 25 18 25 25 17 22 25 25 21 25 16 25 25 3 25 3 25 3 25 19 25 12 25 6 14 20 17 25 25 18 12 25 8 22 25 25 25 8 15 25 25
1 24 16 25 13 25 25 17 8 1 0 25 25 25 10 25 24 15 10 25 25 6 8 21 25 2 17 11 25 25 25 5 23 1 25 25 25 3 25 25 14 14 25 24 25 25 25 25 11 25 25 25 25 25 25 25 25 24 25 25
0 25 25 25 25 3 25 5 2 5 25 25 25 25 25 21 6 2 17 0 0 10 15 18 2 25 25 11 25 23 5 14 25 25 24 20 10 25 25 25 22 20 25 25 16 25 25 13 4 25 25 2 25 25 21 25 4 8 25
25 19 25 0 11 25 25 25 25 16 21 25 25 25 15 4 25 25 22 20 4 4 25 8 25 25 12 5 25 6 20 25 25 7 25 25 25 25 25 25 10 25 22 13 25 25 25 20 25 25 20 4 25 20 2 11 13 25
2 25 25 12 1 10 25 25 25 15 25 25 25 25 25 25 21 25 15 25 25 13 25 15 10 25 25 25 22 1 25 25 25 25 5 11 25 25 10 25 23 4 25 25 25 6 25 25 10 14 0 18 25 25 16 13 25
16 25 24 25 25 14 25 25 25 1 2 0 25 25 15 8 3 25 6 25 25 25 1 25 25 25 5 25 25 25 25 18 25 25 25 25 25 25 25 1 11 23 25 25 25 21 25 14 13 25 25 25 8 21 25 25
25 25 2 25 25 25 8 25 24 8 25 16 22 25 19 8 25 0 25 12 25 0 25 25 25 23 25 25 25 25 1 25 25 10 24 25 25 25 25 25 25 7 25 24 9 5 25 25 14 25 25 18 25 25 25
25 25 18 25 25 4 11 25 25 19 17 25 21 16 25 25 13 6 25 14 16 25 25 25 5 12 1 25 20 18 25 25 13 25 10 25 18 25 25 25 2 4 25 25 9 25 4 11 25 25 22 25 25 25
14 25 17 25 25 25 21 23 25 3 1 12 25 25 10 19 4 15 23 25 2 25 25 25 25 25 25 23 25 13 25 25 25 25 25 25 16 3 25 25 25 12 23 5 25 8 25 25 25 20 25 25 25
25 25 25 25 16 25 25 21 5 14 6 4 25 25 25 25 9 1 5 25 25 25 25 18 25 25 19 18 25 25 22 12 25 16 25 25 23 1 25 25 3 25 10 25 24 15 25 25 25 17 9 25
25 13 13 25 3 25 25 25 1 17 25 2 25 25 25 25 25 25 13 3 25 25 25 25 13 11 25 13 0 25 25 25 5 25 25 2 19 25 25 25 25 25 25 25 20 15 25 25 25 20 25
25 25 25 25 7 25 16 25 25 25 15 25 7 25 25 25 25 13 7 18 25 13 25 25 25 3 25 14 25 25 22 25 4 25 16 10 25 25 20 11 13 25 25 25 25 17 25 9 25 25
17 25 25 25 21 25 22 25 25 25 25 5 25 18 17 8 9 23 10 10 21 25 25 25 25 5 25 21 6 25 25 25 25 25 25 23 25 3 25 25 19 25 16 2 25 25 25 25 25
22 25 4 5 25 25 0 18 21 21 25 25 17 2 25 25 25 25 6 4 16 16 1 25 4 8 9 0 24 2 0 18 25 1 6 21 25 15 25 21 14 25 25 25 4 25 25 25
25 25 25 7 25 14 25 8 25 17 25 25 5 13 7 18 22 25 25 3 9 25 25 7 25 25 2 25 25 25 25 14 9 25 25 25 25 1 25 25 17 25 25 25 12 13 25
25 4 10 25 25 25 25 25 25 0 25 25 25 25 25 25 25 20 20 18 22 1 10 25 8 25 25 16 23 25 17 8 25 25 25 12 15 25 25 7 16 9 25 5 11 25
11 25 3 25 21 4 3 25 21 14 25 25 25 25 21 25 25 16 19 25 10 25 12 4 25 25 0 25 25 21 25 21 10 25 6 25 17 25 18 17 25 25 24 14 25
25 25 5 15 15 18 25 25 25 11 12 25 25 20 12 25 0 17 25 15 25 25 25 19 25 13 25 25 24 25 22 23 25 25 25 14 25 25 4 7 11 25 6 25
13 3 25 25 5 15 25 25 25 12 19 25 3 18 6 25 5 13 25 16 13 25 25 25 25 25 25 25 1 25 25 3 25 25 25 18 25 25 11 20 1 25 25
25 25 25 21 25 25 25 25 25 25 25 25 8 25 25 19 25 25 6 18 5 25 25 9 25 3 25 25 0 25 25 25 24 14 25 25 25 16 25 25 25 25
25 25 25 24 25 3 24 25 25 18 25 15 21 15 19 25 21 25 6 25 25 25 22 25 9 10 25 4 25 25 10 25 25 11 23 25 0 25 16 25 25
24 19 5 25 2 20 25 25 25 25 19 25 25 25 25 25 25 6 3 14 0 25 25 23 25 25 25 2 6 13 25 22 19 12 9 11 25 25 22 25
23 20 4 25 25 0 24 18 17 13 14 25 25 23 6 25 25 25 11 25 25 2 0 25 24 25 3 25 7 25 14 23 0 15 25 23 25 25 25
25 20 14 6 25 2 25 25 25 1 19 15 25 25 19 25 18 13 25 25 25 25 25 25 25 25 7 11 12 25 18 25 25 7 20 19 25 25
25 12 21 9 25 5 23 25 25 25 10 25 25 25 25 25 10 3 23 2 20 25 10 5 22 3 22 18 23 22 2 25 18 25 25 0 25
24 25 24 25 22 25 21 0 2 25 19 18 5 25 9 25 25 1 13 25 25 25 25 25 10 25 25 25 25 25 25 23 25 25 11 25
19 11 25 13 16 25 25 0 7 24 8 25 25 4 25 5 16 25 25 25 5 25 8 25 25 25 25 12 19 23 25 25 21 25 25
25 25 25 25 1 25 4 6 9 25 25 0 25 22 25 25 12 16 25 25 25 25 25 21 25 25 25 25 25 20 10 25 25 25
25 18 8 25 8 25 25 25 7 11 8 25 25 2 25 25 25 25 15 25 25 25 23 25 25 25 21 2 25 14 20 25 25
25 25 25 25 11 25 25 6 25 25 25 25 25 23 18 25 25 25 22 16 25 0 1 25 25 25 15 25 25 25 3 25
11 12 25 25 12 23 9 25 25 20 25 1 15 25 25 25 25 14 15 9 25 21 25 25 25 2 22 21 25 25 25
6 25 4 5 25 25 25 13 17 8 25 19 25 25 24 25 25 9 25 5 10 19 0 15 25 25 25 25 25 25
17 25 25 17 5 25 25 23 12 15 23 25 25 6 16 25 11 25 8 9 25 25 7 24 25 25 25 25 25
25 25 25 25 19 25 25 24 25 25 8 25 25 25 25 1 25 25 0 2 1 25 25 25 15 25 25 25
10 25 25 25 21 25 25 25 7 13 21 18 25 25 25 25 5 14 6 25 25 19 23 24 25 25 25
25 16 17 9 25 25 6 18 9 25 21 25 25 25 20 22 19 25 0 25 25 1 25 25 25 25
25 25 25 25 21 25 25 25 25 25 25 14 2 20 25 25 0 22 1 25 25 25 25 12 25
23 18 14 12 6 25 23 9 13 2 25 25 13 16 25 25 21 25 25 25 25 25 25 25
17 15 25 21 11 15 14 25 2 25 25 11 25 23 11 24 22 25 25 25 24 23 25
22 16 23 20 15 1 15 25 25 8 25 24 25 25 25 18 12 9 1 0 8 25
25 25 1 17 16 25 3 4 14 5 1 19 25 24 0 25 2 25 7 12 25
25 25 18 25 25 25 0 25 25 25 17 6 25 25 25 12 14 1 25 25
25 11 13 17 11 25 12 0 25 25 19 25 25 25 25 25 25 16 25
25 23 25 25 25 25 25 25 25 6 0 15 25 16 3 25 25 25
25 25 14 19 25 25 25 21 25 25 25 20 10 25 14 25 25
25 25 25 25 25 3 25 25 25 25 16 5 14 25 25 25
1 25 25 25 7 8 25 18 19 9 25 25 22 18 25
25 25 25 4 6 6 25 25 23 14 25 25 11 25
25 25 19 25 4 25 16 0 17 25 25 25 25
25 25 25 25 25 25 23 11 25 25 17 25
25 5 25 25 22 25 23 25 3 25 25
25 0 25 25 1 25 25 15 25 25
25 25 25 6 25 25 25 1 25
9 25 25 25 25 25 15 25
25 25 25 25 13 25 25
23 25 16 25 8 25
25 2 25 25 25
8 25 11 25
15 25 25
10 25
25
