100 25
25 4 6 25 16 10 16 21 0 11 16 22 24 2 1 11 14 25 6 25 14 24 25 4 11 21 15 3 17 5 19 14 24 23 13 12 25 16 16 8 13 8 6 9 6 19 11 2 13 4 6 7 3 12 9 25 0 25 12 0 22 4 7 5 11 19 25 5 19 12 23 3 21 1 22 25 15 24 23 22 25 21 17 4 16 3 22 0 10 5 11 12 15 0 18 19 13 10 7 25
25 25 5 14 20 25 25 20 3 25 7 25 25 25 25 25 25 19 25 25 25 25 25 8 10 21 25 18 25 25 24 25 25 25 7 8 25 12 25 5 16 25 24 25 25 13 25 25 22 3 25 5 16 17 4 9 0 16 25 9 23 25 25 11 15 25 1 25 17 11 25 21 17 25 6 25 25 8 25 5 4 25 13 25 25 25 21 25 25 25 25 25 25 25 2 1 25 25 25
25 25 14 19 25 7 23 11 20 16 1 25 13 24 25 20 15 2 4 24 6 17 21 16 25 25 0 4 25 25 25 25 0 1 12 4 22 25 17 25 25 25 2 25 24 2 2 25 25 3 25 17 25 25 13 8 12 25 25 25 25 1 25 7 25 22 25 0 1 25 25 2 1 16 0 25 11 25 12 25 15 25 9 18 10 25 25 22 25 25 13 25 13 6 25 8 12 25
22 9 20 25 25 0 25 19 25 2 23 2 25 25 25 25 12 3 14 24 15 6 25 25 25 25 3 10 13 25 25 14 25 25 8 20 22 25 21 25 8 9 25 25 25 8 9 22 25 25 9 25 9 6 22 1 4 20 25 2 5 20 25 25 25 25 13 25 2 25 25 20 20 5 17 1 25 25 24 11 25 25 25 9 9 2 20 25 25 25 25 25 7 7 25 25 25
25 25 25 23 23 11 25 4 8 3 25 20 25 25 1 25 11 18 25 14 15 0 25 15 21 25 25 14 25 25 25 25 9 25 25 14 25 17 17 25 14 25 4 3 24 25 25 18 4 25 25 25 25 13 25 23 14 23 16 25 25 2 25 25 25 6 25 25 25 13 10 25 22 2 12 17 8 25 15 23 25 25 10 19 25 25 9 12 25 7 25 25 24 25 25 25
20 25 20 25 15 25 19 15 22 4 25 25 25 0 25 25 25 25 14 2 25 2 11 3 10 25 12 5 25 25 25 11 25 25 0 25 25 1 25 0 24 25 25 10 25 10 3 19 25 7 14 20 25 8 13 25 8 13 23 25 6 23 0 25 25 25 23 10 13 23 25 25 25 2 1 25 25 21 24 25 25 25 25 25 9 25 25 25 25 25 17 18 2 22 25
25 22 25 25 25 13 6 7 20 6 23 22 6 22 18 25 25 25 25 11 22 25 25 9 15 18 4 19 25 25 25 5 25 2 16 9 25 10 22 25 2 25 8 25 25 25 20 25 12 25 21 25 25 5 21 25 21 25 25 15 3 25 6 20 17 14 25 24 25 25 25 25 6 15 25 3 20 16 25 21 0 16 6 25 13 25 25 1 25 11 23 5 25 25
25 25 11 21 16 14 25 25 14 25 25 25 25 25 25 25 25 7 25 25 20 1 3 19 14 7 25 20 23 25 2 25 25 25 7 10 25 11 25 16 25 25 6 0 25 16 25 11 25 25 15 25 8 20 25 25 23 2 1 19 25 25 25 5 19 25 4 0 15 25 6 25 14 25 13 22 4 23 25 5 25 23 17 18 12 25 25 25 25 25 25 7 25
12 11 22 7 7 5 21 0 25 0 25 25 21 0 25 19 8 25 2 25 8 3 22 17 3 25 25 25 4 25 25 7 25 18 25 1 6 22 25 15 13 18 17 0 3 25 5 25 25 25 1 25 25 17 0 25 25 19 25 25 25 8 24 21 25 25 25 17 25 14 3 22 25 25 25 4 10 18 25 20 9 0 25 25 25 25 25 0 20 25 25 25
6 25 25 0 16 25 19 7 25 20 25 4 25 25 13 3 12 25 12 10 14 25 11 25 25 14 25 18 16 25 25 25 0 25 0 25 25 3 13 25 19 16 25 11 15 25 25 24 0 25 25 1 25 8 15 25 25 5 19 14 9 25 25 25 16 25 25 25 4 25 22 25 25 25 25 25 7 8 21 25 25 12 25 25 25 6 19 25 25 17 25
2 21 10 10 25 25 5 25 14 21 25 25 10 13 25 25 25 14 25 25 4 14 4 24 16 19 14 25 10 25 25 25 25 25 25 25 25 7 23 25 25 25 25 25 25 25 3 16 19 11 4 25 25 25 25 25 25 25 22 23 17 3 25 21 25 12 1 25 7 21 25 9 25 0 20 25 21 25 1 25 16 25 22 8 25 25 25 10 25 25
25 12 15 25 25 25 23 6 25 25 25 25 25 25 25 24 14 25 25 16 25 2 2 11 25 25 25 0 13 25 25 25 25 25 7 5 25 25 25 2 22 25 3 25 25 25 25 25 25 25 25 25 6 25 17 25 4 19 3 22 18 25 12 25 6 12 25 10 25 25 2 9 25 18 25 25 25 12 25 25 25 3 25 25 24 1 6 25 25
19 25 25 17 6 25 20 20 25 25 25 6 12 25 8 25 7 13 11 10 10 25 9 25 24 25 22 3 20 25 25 8 25 25 19 0 5 15 25 16 1 14 25 25 25 25 12 25 0 25 25 25 10 19 8 25 25 19 25 25 25 22 23 25 18 9 25 25 25 25 25 25 6 11 25 16 25 18 15 17 11 25 25 10 25 17 5 25
23 25 10 25 1 1 19 13 25 11 25 25 18 25 25 25 25 25 25 25 24 25 3 1 20 25 0 23 25 18 25 15 0 11 21 25 24 25 12 25 25 18 7 25 12 25 25 25 9 3 25 15 25 4 5 25 22 25 25 9 25 25 12 0 15 25 25 25 25 18 25 16 25 14 25 25 24 25 25 25 21 6 17 5 0 7 25
25 25 19 25 4 25 8 24 25 5 19 7 23 25 25 19 25 25 19 25 9 25 13 25 20 25 12 23 11 25 15 19 25 20 25 25 25 25 25 25 0 25 25 0 6 7 18 25 21 25 25 16 25 25 14 25 25 12 25 18 5 25 25 7 25 2 25 7 25 25 25 17 1 25 25 23 25 12 25 25 25 24 25 25 25 25
25 21 25 25 25 25 25 25 25 1 25 1 25 15 25 25 25 17 25 18 0 1 17 24 22 25 25 25 25 7 2 25 25 25 25 25 25 25 9 14 1 25 25 15 25 25 25 25 15 25 25 25 25 25 25 18 19 10 25 25 25 15 4 5 25 25 25 25 12 1 25 24 23 16 25 25 25 14 8 3 25 25 11 25 25
25 25 13 25 25 5 25 25 25 25 16 12 25 25 25 25 4 25 25 15 25 21 25 25 25 25 25 25 25 25 25 7 18 25 8 11 25 21 16 25 25 25 25 25 21 25 25 25 9 25 4 25 1 25 15 25 25 18 6 25 25 25 25 2 25 12 25 9 13 22 25 10 25 25 25 18 25 25 23 25 20 25 25 25
25 25 25 25 25 7 25 25 7 25 25 12 25 25 16 4 25 20 25 25 20 25 25 25 21 6 21 23 25 25 3 25 25 25 9 14 10 2 8 25 2 25 11 15 25 20 25 25 25 25 25 25 18 19 20 22 13 25 22 25 25 25 22 25 23 17 25 24 25 4 23 0 25 25 2 25 25 25 16 5 16 22 25
19 25 25 25 25 19 25 25 5 5 25 25 25 25 25 25 25 17 21 25 9 2 24 25 8 25 25 25 11 25 2 10 18 25 25 7 1 13 25 25 16 20 23 25 25 3 8 13 25 25 11 25 6 11 25 25 25 18 25 25 18 25 25 21 17 6 25 4 25 12 25 25 25 1 8 25 25 25 22 25 25 25
25 7 25 17 25 17 25 8 25 17 25 25 10 6 14 25 20 18 1 25 20 25 25 25 9 21 25 25 9 1 25 3 20 25 25 22 22 25 11 25 20 18 23 25 25 14 25 4 25 16 7 25 25 9 23 25 25 25 25 25 25 25 17 0 25 25 25 22 25 25 25 25 24 6 13 25 25 25 25 2 25
7 25 25 25 25 25 12 10 11 25 9 25 25 25 25 25 4 2 14 25 18 25 25 25 25 25 25 12 16 8 12 25 25 23 25 3 25 25 25 25 25 25 15 25 25 25 5 25 25 25 25 25 13 25 25 25 25 3 25 19 25 25 25 8 4 25 20 8 8 25 25 1 16 9 25 2 15 0 25 25
17 25 25 25 18 18 25 25 25 25 5 25 25 9 25 17 25 25 25 4 4 25 25 25 25 25 25 6 25 4 21 22 11 9 23 25 21 25 25 25 25 25 16 6 25 14 1 25 25 8 25 19 1 25 25 19 25 17 13 25 15 12 25 25 8 25 20 18 15 10 16 25 14 9 25 6 25 2 25
2 24 5 3 25 3 17 18 23 25 17 21 25 4 25 16 23 10 5 25 25 12 25 20 25 22 25 1 19 5 8 2 17 21 25 23 15 25 8 25 25 16 24 19 21 7 4 25 25 21 25 13 13 7 25 25 9 20 10 20 18 24 25 24 19 25 17 25 8 25 25 1 22 25 25 25 25 25
25 12 10 25 25 13 12 16 25 10 14 25 25 22 4 25 20 25 3 21 25 25 25 8 25 25 25 25 25 25 10 25 25 25 25 17 4 1 5 25 9 25 23 25 25 25 18 25 15 15 19 25 5 25 10 25 11 25 25 25 25 1 25 25 25 25 23 25 5 25 25 25 0 25 23 1 25
23 12 25 25 25 20 15 8 25 25 25 0 25 25 25 0 24 6 13 25 2 25 25 25 11 25 16 2 25 3 25 25 16 24 11 11 8 25 25 23 18 20 25 14 25 25 24 16 25 13 21 14 14 2 1 25 19 10 25 11 25 20 25 14 25 7 4 24 25 23 16 25 25 11 4 25
20 19 25 25 25 11 3 25 25 25 18 6 25 11 4 0 25 25 25 25 14 17 3 25 18 14 25 21 25 19 25 25 9 8 25 16 25 24 25 25 8 25 25 8 25 25 3 25 25 3 25 25 17 20 13 17 25 25 17 25 22 16 25 25 25 25 0 10 25 9 25 25 20 17 25
11 5 25 25 18 25 25 24 13 25 25 25 25 25 3 25 25 25 4 25 25 25 22 21 24 10 25 0 20 13 25 6 2 25 21 25 25 25 25 25 9 16 25 25 16 25 25 25 25 23 21 25 16 25 1 25 14 25 25 25 22 18 3 19 13 22 25 11 25 8 25 25 23 25
25 25 25 6 0 10 4 25 12 5 25 25 25 25 25 25 3 5 25 6 25 9 1 7 13 16 20 25 25 5 25 25 25 20 25 25 20 15 0 25 12 25 25 25 7 17 25 25 7 8 5 25 25 1 25 1 25 25 25 25 7 25 5 18 14 2 25 12 25 25 12 25 25
12 25 3 25 13 23 21 10 19 25 25 25 8 8 25 5 1 7 25 25 25 4 25 11 2 12 25 23 9 24 25 0 12 1 2 25 25 14 7 25 16 25 17 1 13 25 25 25 25 12 25 2 21 25 19 25 18 25 8 23 22 25 25 4 25 25 14 25 25 14 25 25
4 25 25 15 17 18 2 25 13 16 12 17 17 10 18 9 22 15 11 23 11 25 25 24 25 25 2 6 2 25 2 5 25 25 3 25 25 18 21 25 25 17 25 25 25 25 25 25 21 25 16 11 24 25 9 25 10 25 12 25 19 25 25 25 25 25 25 17 17 25 25
25 25 25 11 25 7 3 5 16 25 5 25 25 2 25 25 25 16 17 2 8 4 17 9 5 25 25 0 25 25 1 10 22 25 22 21 11 25 25 25 25 25 23 25 25 25 25 25 6 25 25 25 8 25 25 24 18 25 25 11 25 15 9 25 21 25 25 25 25 25
25 25 19 10 25 25 25 25 19 14 25 3 25 25 25 22 25 25 13 8 2 25 25 25 11 14 10 25 25 25 13 17 21 1 25 25 7 12 25 25 25 25 18 19 13 21 25 25 12 21 25 11 24 25 8 25 25 4 25 25 25 25 25 18 5 25 25 25 25
24 16 25 25 25 5 25 18 7 25 21 25 25 15 16 25 2 25 25 6 25 22 24 25 0 25 20 25 9 20 4 25 25 25 25 25 25 25 25 25 25 1 19 25 25 25 25 25 25 25 2 25 5 25 25 25 20 16 4 25 25 24 25 25 25 23 12 25
25 25 25 25 10 25 25 25 25 14 6 25 25 25 25 25 5 5 9 25 25 10 15 25 18 25 15 15 4 17 25 25 25 21 25 25 25 12 25 14 7 25 20 3 6 25 23 15 25 22 25 17 14 25 25 25 25 25 25 25 8 25 6 25 25 0 25
15 25 9 19 10 25 12 25 25 25 10 8 11 25 25 18 1 25 23 5 25 18 3 22 25 23 25 11 25 25 25 10 25 24 25 25 10 13 25 25 11 25 25 25 4 25 6 25 7 25 20 19 24 25 25 25 24 25 13 5 5 25 24 25 0 25
25 25 25 25 10 17 2 25 25 22 14 25 4 25 25 12 19 14 3 25 25 25 25 25 3 25 25 25 25 12 7 25 25 20 25 25 25 25 1 19 10 5 15 25 13 14 3 25 25 25 25 25 11 25 23 25 19 25 25 25 25 24 13 8 25
25 3 25 24 9 25 25 25 25 19 25 25 25 11 25 3 25 9 25 25 25 15 3 14 10 22 25 10 25 15 25 25 25 25 24 21 25 15 25 6 25 25 5 13 16 16 22 25 15 25 25 25 25 25 25 25 10 25 25 21 25 25 25 25
15 21 25 24 14 23 2 20 12 25 16 7 25 22 9 25 25 25 25 1 1 14 25 25 21 25 13 25 1 25 4 25 25 25 25 25 25 25 24 13 22 25 24 0 1 25 20 25 22 11 25 1 25 25 25 19 25 15 15 13 25 25 25
9 15 25 2 25 25 16 3 13 7 25 3 1 11 14 25 25 25 25 25 6 25 25 25 25 12 25 25 25 25 10 25 25 25 9 14 25 23 25 25 0 25 25 7 25 25 18 16 25 3 16 25 24 25 25 25 25 5 2 25 9 25
25 25 12 3 11 25 0 25 25 25 20 25 25 7 6 8 25 25 25 2 5 25 25 25 14 7 25 25 2 25 2 25 18 25 25 25 19 9 25 25 15 1 25 22 6 25 19 13 25 4 14 3 14 1 11 25 25 25 17 25 25
0 25 25 25 12 9 25 25 6 25 21 25 12 25 3 25 25 13 25 14 1 25 16 23 11 8 12 25 25 25 7 25 25 8 25 21 5 25 25 25 25 22 25 0 25 25 2 25 25 4 25 25 0 25 11 17 3 25 25 25
25 25 17 4 25 8 25 25 18 25 25 25 18 25 16 4 25 25 8 25 11 25 2 25 17 20 25 9 5 3 0 19 13 25 25 25 25 1 25 25 18 15 25 25 15 25 6 24 25 25 25 13 2 25 25 7 25 25 25
25 8 13 15 16 4 25 19 5 25 25 7 25 25 25 11 5 25 8 25 25 25 11 25 25 25 13 12 25 24 25 25 16 25 22 25 25 13 20 25 25 25 0 3 25 5 25 15 25 25 5 25 25 25 20 25 25 25
0 21 25 7 25 6 25 5 6 25 25 25 25 25 19 25 25 23 25 5 22 12 25 25 25 25 25 20 2 9 3 11 0 4 15 25 3 25 25 25 6 25 25 0 25 25 25 5 25 25 16 25 24 18 25 3 25
2 25 1 25 10 25 25 3 0 25 4 16 23 10 25 25 25 25 25 25 25 25 25 25 17 12 13 25 2 13 25 25 15 25 25 25 8 25 22 25 25 8 10 19 25 25 25 25 25 25 4 25 25 25 25 25
1 25 25 25 25 25 9 25 3 9 25 25 25 7 17 11 14 16 25 25 25 25 3 8 25 25 25 25 24 25 25 4 25 9 25 6 21 24 25 18 25 16 17 20 25 25 3 19 9 25 25 10 15 25 25
25 25 7 16 0 25 25 25 10 25 17 25 25 4 18 25 25 19 22 25 25 13 2 7 17 25 19 6 25 25 17 9 5 16 25 25 25 25 25 11 25 25 25 25 0 25 23 25 25 3 25 8 25 25
11 9 25 23 8 11 25 12 4 6 25 21 25 25 25 24 25 21 25 25 18 5 25 25 25 18 25 15 0 7 25 25 10 25 25 21 4 24 25 25 25 25 4 25 25 16 25 14 4 25 13 24 25
25 25 25 25 25 6 15 21 12 25 25 14 25 15 25 8 25 25 22 1 25 9 24 15 18 25 25 2 2 25 25 23 25 17 25 25 11 8 25 25 25 8 25 8 25 25 19 25 5 25 14 25
25 25 9 22 25 25 19 25 14 25 0 25 12 25 10 17 22 25 15 0 15 25 10 7 25 25 1 25 12 25 25 25 25 17 25 2 3 25 25 13 25 25 19 4 25 21 25 21 25 15 25
25 25 25 25 25 25 24 25 25 12 25 25 25 7 25 25 25 0 24 25 12 22 25 18 14 25 25 23 25 25 25 25 21 25 7 23 25 10 25 22 25 25 13 14 0 25 17 25 25 25
25 25 19 25 25 25 25 25 19 5 23 25 5 11 25 0 20 25 25 25 25 25 25 25 2 25 18 13 22 2 13 16 9 25 25 25 24 22 25 25 25 15 20 25 25 4 25 20 25
3 25 13 25 10 25 17 21 1 14 25 11 25 25 17 25 7 25 25 4 16 25 25 21 25 25 25 25 15 7 25 2 25 25 7 24 25 25 25 13 23 16 25 1 25 25 25 25
25 25 25 25 14 25 13 9 25 10 17 25 25 1 25 15 23 25 25 25 11 18 4 25 6 25 4 25 15 25 25 25 25 25 25 25 25 16 25 23 19 21 25 25 25 25 25
25 5 23 25 14 25 25 4 25 2 5 25 10 5 4 25 25 3 3 25 25 22 25 25 25 13 8 25 25 25 25 25 1 25 7 25 25 25 25 24 3 25 16 9 0 25
25 25 23 25 25 8 25 25 25 23 25 25 25 25 25 12 25 23 25 7 25 25 25 5 18 22 5 23 12 25 25 25 25 9 25 17 12 24 25 6 25 25 21 25 25
25 6 25 25 25 25 25 25 1 25 12 25 24 25 25 25 10 9 25 25 25 0 0 8 25 25 10 21 25 25 25 25 25 25 25 23 25 25 25 25 17 25 25 25
25 8 25 25 3 25 25 25 3 14 25 22 23 25 6 19 22 25 25 6 25 25 6 25 7 25 5 25 25 25 11 20 25 15 2 25 25 1 25 25 18 25 25
3 25 24 1 25 5 17 25 25 25 7 25 23 25 14 25 25 6 2 1 25 23 24 25 7 4 25 23 6 25 18 25 20 21 25 25 25 19 25 25 11 25
25 25 10 2 22 25 25 25 24 25 25 25 25 25 1 25 12 0 25 22 12 6 25 18 25 23 0 7 25 15 4 25 15 13 25 8 25 25 25 25 25
0 24 25 23 25 9 6 16 25 25 25 25 25 6 25 25 25 13 6 0 25 9 25 1 25 25 25 11 25 25 25 25 18 10 25 25 25 25 25 25
25 12 24 25 4 25 25 19 25 25 6 9 25 21 23 7 3 22 25 0 25 2 8 14 12 25 25 25 3 25 25 20 18 25 25 25 21 18 25
25 25 24 25 25 5 25 1 25 16 6 24 25 6 2 25 0 25 25 7 17 25 25 25 25 17 25 3 25 25 19 25 25 18 25 25 19 25
2 25 25 11 25 6 25 19 10 25 25 12 25 16 25 25 14 25 9 1 1 25 25 25 23 25 25 15 25 15 25 25 25 25 4 13 25
25 25 25 25 16 10 25 25 25 19 25 12 23 25 25 25 25 25 25 22 10 25 25 2 25 25 25 11 25 9 25 23 7 0 2 25
25 13 25 25 25 25 24 25 25 17 25 10 11 25 25 25 20 25 25 0 25 25 25 16 25 13 25 25 25 15 4 7 25 8 25
5 24 25 15 25 15 25 25 25 6 15 25 25 25 25 25 25 25 25 25 1 19 25 25 25 25 11 12 12 25 25 8 8 25
20 25 9 14 25 24 25 25 25 25 1 10 25 25 25 25 24 9 2 25 16 2 5 25 25 25 25 25 25 25 25 15 25
11 25 25 25 21 25 25 25 23 25 25 25 25 19 14 13 9 5 5 25 21 2 25 25 12 25 8 25 17 25 25 25
7 9 5 23 25 25 7 24 16 21 25 25 1 21 25 25 4 25 4 3 5 25 25 25 7 25 25 25 25 25 25
25 4 25 18 25 25 25 25 13 13 13 8 22 25 25 24 25 25 25 12 25 20 25 25 23 12 25 25 16 25
25 18 21 24 23 18 25 2 2 25 6 25 0 25 25 25 25 25 23 4 25 14 20 7 25 25 25 25 25
25 25 25 25 18 25 25 25 17 25 25 25 25 13 25 25 25 25 25 25 25 8 19 25 3 18 25 25
5 25 8 25 25 25 8 25 25 25 14 8 25 25 25 13 25 23 25 18 25 21 25 17 4 0 25
25 3 25 20 25 8 25 25 25 7 25 25 13 10 25 5 14 13 4 0 25 25 25 25 0 25
25 25 25 2 25 4 25 18 7 20 8 25 25 25 19 4 9 25 10 25 25 12 25 25 25
18 11 25 25 25 9 25 25 25 25 25 22 25 25 25 25 25 6 25 25 25 25 16 25
25 25 25 25 7 25 25 25 25 20 25 25 6 6 25 25 13 18 25 25 25 25 25
25 25 25 25 20 25 8 20 25 19 25 7 25 25 25 25 10 14 25 25 25 25
25 14 24 25 3 0 25 19 4 15 1 25 25 25 25 25 25 25 25 25 25
18 21 25 10 25 25 12 5 25 10 25 25 25 3 25 8 25 25 25 25
25 4 25 25 25 25 6 14 25 1 25 7 9 3 23 25 3 6 25
25 15 25 11 25 16 9 24 10 25 25 4 25 9 25 0 25 25
18 5 17 25 9 6 25 25 25 25 15 25 17 25 20 25 25
25 6 3 25 25 25 25 19 25 25 25 25 11 10 25 25
22 19 25 0 13 25 25 25 25 21 25 25 25 12 25
25 25 5 10 25 25 25 9 25 25 8 25 25 25
25 25 15 20 9 25 25 20 25 14 17 25 25
25 0 19 25 13 25 2 22 25 25 1 25
25 22 25 25 11 25 25 0 25 25 25
10 21 15 14 4 18 25 19 25 25
7 25 25 24 25 21 25 10 25
25 7 10 25 25 7 25 25
15 25 19 19 25 25 25
25 14 25 8 25 25
25 25 1 22 25
9 24 25 25
25 7 25
21 25
25
