100 25
11 11 21 1 0 25 11 11 21 15 5 8 5 7 5 2 25 22 23 3 24 10 3 8 4 0 5 10 25 17 25 22 5 16 25 8 17 20 15 5 5 18 17 25 14 20 5 14 8 0 25 2 13 2 6 7 5 4 25 17 25 2 20 24 23 23 5 25 25 16 3 25 25 13 6 8 16 3 9 8 20 25 8 17 15 10 6 14 8 12 20 21 6 10 25 3 20 22 25 25
25 25 8 12 0 2 25 25 25 25 5 25 25 11 12 25 25 4 4 23 19 10 25 19 25 20 25 2 8 19 17 25 25 1 18 25 12 3 25 25 24 0 15 21 19 11 25 6 25 25 25 18 25 16 24 0 8 25 4 22 1 25 1 25 24 25 25 25 25 25 9 3 25 25 11 10 14 25 13 25 25 10 8 7 25 8 25 8 25 25 12 1 13 25 25 25 25 25 25
6 17 25 25 25 21 20 8 24 11 25 10 2 25 25 10 20 25 25 25 25 25 6 5 23 25 25 23 25 3 17 12 9 4 25 25 25 25 10 25 6 25 25 16 25 25 10 22 25 25 25 23 15 25 19 11 25 25 25 16 25 18 23 0 7 11 25 25 25 24 25 14 21 25 25 25 25 25 25 1 5 25 25 25 25 6 25 19 25 25 25 2 17 0 18 2 25 25
1 13 24 15 25 0 25 25 20 2 19 21 8 25 11 8 0 25 16 6 25 25 15 25 25 1 10 25 25 6 25 21 25 1 25 15 25 25 25 15 25 25 3 25 15 9 19 25 25 1 13 25 25 23 25 25 25 5 25 25 25 25 25 25 6 19 25 11 4 25 1 6 12 25 25 25 3 7 8 21 25 6 25 25 25 25 25 21 25 25 13 17 11 25 24 18 25
1 25 14 0 25 22 14 25 7 25 5 19 25 25 0 3 3 25 19 22 19 12 25 13 25 19 25 22 9 18 14 19 25 25 2 25 25 1 0 25 25 20 25 25 25 23 25 4 7 21 25 25 22 12 25 10 25 9 6 22 25 20 25 25 25 25 22 25 25 25 25 25 11 9 14 25 3 25 20 25 25 15 25 14 24 25 25 8 12 25 16 15 25 25 25 25
19 6 3 10 20 5 11 4 17 7 9 25 5 10 25 1 2 1 3 0 21 24 25 0 25 25 20 25 14 1 22 9 21 25 18 25 25 25 13 25 2 25 25 25 25 5 15 6 11 4 23 25 1 24 25 25 25 14 7 1 9 25 25 0 17 25 25 25 20 23 25 25 1 12 1 25 25 25 1 25 25 25 25 25 25 5 15 25 9 25 7 8 16 25 25
4 25 18 8 25 7 25 25 25 25 20 25 25 25 20 11 15 15 25 4 19 16 20 25 8 25 22 25 25 25 25 12 25 21 25 15 25 14 0 25 4 5 10 25 25 13 17 17 10 25 25 4 4 17 25 25 25 25 7 16 25 2 20 25 6 20 23 5 0 25 25 9 25 25 11 3 25 4 25 25 16 0 25 25 25 25 25 25 13 25 25 1 25 25
25 25 25 25 17 1 25 25 11 19 25 25 25 16 25 25 13 25 25 25 25 20 11 18 11 22 4 4 13 10 25 25 18 25 25 23 18 25 25 25 25 25 25 20 25 25 25 25 13 25 25 25 17 25 25 3 0 7 25 25 25 25 8 11 13 12 18 3 9 25 25 13 25 25 25 5 18 25 16 23 25 24 6 25 24 25 25 16 25 14 25 9 25
25 20 25 25 25 25 16 25 24 8 12 25 8 25 25 8 25 5 11 3 25 25 13 6 13 25 25 25 12 25 12 15 25 4 21 25 4 15 25 8 25 25 23 1 13 25 15 25 2 4 24 25 15 12 15 10 25 18 9 25 25 2 8 25 25 21 25 25 19 16 22 25 17 25 14 15 25 25 11 25 12 25 25 3 25 25 4 7 11 10 0 25
5 3 25 25 25 25 25 16 25 25 25 10 25 11 8 25 25 1 20 14 19 25 25 15 22 22 16 25 6 9 21 25 19 21 25 25 6 25 11 25 3 0 20 8 8 0 25 7 1 11 20 4 7 2 19 25 25 25 11 25 18 24 12 25 25 25 25 25 25 23 25 25 17 25 25 8 25 25 7 0 4 2 25 25 9 25 25 24 1 18 25
22 21 25 25 10 15 25 3 25 25 25 25 17 25 25 6 25 15 25 25 2 25 25 25 14 25 15 25 25 23 25 5 16 25 21 20 25 25 8 8 18 15 25 25 25 19 2 23 25 25 1 25 25 16 13 25 25 25 25 0 21 18 25 13 25 25 12 0 25 25 25 5 0 11 22 25 9 25 25 7 3 24 25 9 13 4 25 25 16 25
14 1 25 9 25 25 25 21 14 0 25 25 7 0 25 25 14 1 11 25 14 21 25 10 25 5 4 25 25 1 5 17 6 25 17 25 25 25 4 25 25 25 24 25 25 25 25 25 0 13 25 5 25 14 20 14 12 6 25 25 12 19 3 25 25 15 25 25 14 25 23 12 25 24 13 25 25 16 24 21 4 25 15 25 16 0 25 18 25
25 25 20 21 25 25 12 20 19 14 25 23 25 3 25 25 2 25 25 12 25 25 15 25 16 5 25 16 25 25 8 9 5 0 23 21 24 0 12 25 22 25 25 21 25 0 13 9 25 10 25 25 25 2 3 20 25 25 4 25 25 25 18 25 1 15 25 25 20 19 21 11 25 25 25 25 15 25 25 25 6 6 0 1 8 6 25 25
25 20 11 25 25 25 3 25 25 25 25 14 23 18 25 25 12 19 25 25 25 10 25 25 25 11 25 9 25 22 4 2 13 25 25 25 9 3 21 17 5 15 25 25 20 8 4 25 14 6 25 25 22 25 25 5 25 22 25 20 25 5 25 25 14 25 0 10 25 16 24 21 25 25 25 13 24 25 25 25 16 25 2 25 21 10 25
25 6 25 15 24 25 21 24 14 24 25 23 25 25 25 13 25 17 25 25 14 24 20 6 25 21 9 25 17 25 25 25 13 10 13 25 3 15 9 25 17 22 5 25 7 15 6 12 25 16 25 7 6 25 25 8 11 21 25 18 6 25 13 1 22 25 20 25 6 6 4 7 25 15 25 14 10 25 25 25 19 2 25 24 2 25
25 12 25 23 25 5 22 16 14 25 0 25 18 13 5 25 6 4 25 13 25 25 10 5 25 24 11 25 3 25 25 10 13 18 12 10 25 8 25 25 25 25 1 20 25 1 19 25 25 25 25 25 25 25 24 25 0 25 25 9 15 25 9 17 25 25 4 13 23 15 9 25 12 11 21 25 2 23 10 25 25 3 25 25 25
0 10 16 25 25 23 17 25 13 25 5 25 25 25 25 6 3 25 1 25 25 17 25 25 25 13 20 25 9 25 25 25 25 25 25 25 3 12 25 25 25 25 5 2 22 25 25 6 19 25 25 2 25 25 7 16 13 2 25 25 24 19 25 25 14 25 25 25 5 25 25 25 15 25 25 25 25 25 25 25 18 4 25 25
17 25 25 5 17 5 25 25 25 3 22 25 1 15 9 2 16 25 25 6 25 10 4 25 16 11 18 25 25 8 25 2 25 25 11 25 25 25 25 1 19 4 25 25 14 25 25 25 25 15 25 0 25 25 16 25 25 25 11 25 12 18 25 15 25 25 0 0 3 25 25 7 25 23 25 6 25 25 5 13 25 25 25
25 10 25 25 25 23 0 25 7 25 25 22 24 2 25 25 25 25 19 25 25 25 8 24 25 1 25 9 25 25 25 13 25 20 25 18 25 25 25 16 13 25 8 13 14 25 4 25 22 2 25 25 17 25 22 25 24 16 25 25 25 21 9 25 25 25 25 25 25 12 2 25 25 9 25 25 23 3 4 25 18 25
25 22 25 1 25 8 23 25 5 4 25 25 25 10 25 23 25 25 17 15 25 25 23 3 25 1 25 7 25 25 11 25 25 16 25 8 25 15 25 25 10 13 25 5 25 25 25 25 25 25 25 23 25 25 25 25 14 25 5 10 25 15 4 6 25 14 10 0 19 8 25 25 25 25 5 9 15 25 25 25 25
25 16 16 25 16 25 25 25 25 15 25 25 14 25 25 23 25 25 18 25 5 25 3 25 19 3 25 25 7 18 25 17 25 25 25 25 4 25 12 9 22 25 21 25 1 25 25 25 25 25 13 25 3 25 25 25 25 25 25 25 25 20 6 25 25 25 17 25 25 24 2 23 11 25 14 25 25 25 25 25
25 22 25 6 17 2 21 22 25 25 1 25 25 25 25 25 25 25 25 24 25 25 25 4 19 3 1 1 12 25 16 25 25 1 12 12 16 12 25 25 25 25 13 0 25 21 25 25 23 24 25 25 12 22 25 24 15 14 12 23 3 25 25 4 25 22 25 9 25 25 12 25 25 7 18 25 24 11 25
25 25 9 25 25 25 21 9 13 25 25 25 25 25 25 25 25 2 25 12 25 4 25 12 25 25 25 25 25 25 6 25 13 25 3 22 25 25 19 25 0 21 25 23 12 25 25 25 25 19 2 25 25 25 25 8 25 25 25 17 15 25 25 25 5 1 5 25 25 21 20 21 25 25 25 7 18 25
25 12 6 25 2 25 25 25 25 25 25 16 25 4 25 23 1 25 4 13 25 25 25 25 24 25 25 25 8 25 25 25 2 1 25 25 24 0 25 25 25 24 25 25 1 7 25 25 25 16 25 25 25 25 25 25 25 16 25 20 16 19 6 25 21 25 1 25 6 25 24 0 19 25 25 25 25
25 23 16 8 25 25 25 13 25 25 25 10 25 12 18 8 25 17 25 14 13 18 12 11 25 25 25 0 20 4 7 25 25 24 7 25 25 25 19 25 25 4 5 25 25 25 25 25 7 2 25 25 25 23 25 25 25 0 25 15 10 25 6 21 25 1 6 25 10 22 25 24 25 25 25 25
25 25 9 25 25 25 25 25 25 5 2 25 25 25 1 25 11 25 1 19 25 9 18 25 9 25 25 25 25 25 13 3 25 10 4 7 24 17 25 21 7 25 10 25 25 19 25 9 25 25 1 15 3 25 25 25 25 4 25 25 0 17 25 9 25 21 12 25 11 25 14 20 23 12 25
25 12 25 25 17 25 0 25 9 25 10 23 23 10 25 25 0 2 24 25 25 25 25 23 25 25 25 25 25 25 16 11 25 25 3 25 25 7 12 1 25 25 25 25 25 25 25 25 20 25 25 19 8 16 12 16 21 16 11 25 25 25 25 22 25 25 3 25 25 0 25 18 25 25
25 25 25 5 25 20 25 5 25 16 25 16 25 25 25 25 12 14 22 25 25 25 25 19 25 23 25 0 25 25 25 25 17 25 20 21 25 6 25 18 2 25 19 2 25 18 10 7 9 9 25 25 25 25 25 25 4 25 25 10 11 25 25 25 16 25 17 13 25 8 4 25 25
25 25 25 25 25 25 25 10 25 25 25 25 11 4 25 25 25 25 25 16 10 25 25 25 3 24 12 13 1 19 25 25 25 25 25 8 7 25 25 25 10 25 10 25 8 25 4 25 15 25 4 25 25 23 25 25 0 25 25 25 12 17 7 25 25 7 25 12 22 17 25 25
7 22 25 23 25 20 25 17 20 25 25 25 21 25 16 25 1 25 25 5 1 25 25 25 25 21 25 9 18 12 25 25 4 6 15 25 25 25 25 24 8 11 10 3 13 20 21 25 25 5 25 14 25 25 25 25 25 21 10 25 2 8 25 25 25 25 19 17 16 25 25
25 25 25 25 25 3 25 3 12 24 25 25 25 19 25 25 7 25 25 7 25 20 10 24 25 10 25 25 25 4 24 25 25 20 25 4 25 25 25 25 15 14 25 25 22 15 25 25 22 17 25 21 25 2 6 25 4 16 3 13 25 7 25 25 25 8 25 17 25 25
0 25 10 23 10 17 25 18 25 7 25 7 25 25 13 25 25 25 3 25 21 4 6 25 25 24 25 25 4 16 12 25 14 25 25 25 25 25 25 25 8 24 7 25 17 25 10 6 18 17 11 6 25 13 17 1 20 9 25 25 25 25 25 25 25 18 25 18 25
1 25 25 8 25 22 7 18 24 25 25 16 25 25 8 25 9 25 8 4 25 25 25 25 25 25 25 5 25 24 25 25 25 23 25 17 11 25 19 11 19 23 25 25 25 3 16 25 25 25 14 3 10 25 25 9 25 25 25 25 2 25 2 15 25 0 6 25
19 24 25 25 25 25 9 25 22 25 8 16 5 6 25 9 25 12 25 7 25 25 0 25 9 25 25 13 25 25 5 25 21 18 25 25 25 25 25 25 25 25 25 25 22 25 9 25 25 11 23 25 25 13 25 15 25 25 0 16 25 25 25 5 25 8 25
18 25 21 18 16 3 25 25 8 25 8 25 25 5 11 25 25 16 25 25 25 25 25 1 25 25 25 20 15 25 25 6 25 25 25 25 13 6 25 16 14 20 18 25 25 25 1 25 17 23 25 25 16 24 9 2 4 22 7 8 12 19 1 14 25 25
25 25 25 25 25 25 11 25 12 25 25 2 25 18 25 2 18 21 14 11 25 25 5 22 17 9 25 25 25 25 24 25 23 25 22 25 0 22 25 25 6 25 25 25 25 19 22 17 25 8 25 3 21 25 25 9 25 25 25 25 25 25 14 21 25
25 21 25 20 25 25 0 2 20 25 22 5 20 25 16 25 14 2 1 25 25 25 2 25 4 9 13 14 20 18 25 25 11 25 25 25 25 25 25 25 25 25 2 25 10 6 25 20 1 25 17 25 4 25 25 25 25 25 18 25 20 25 22 25
11 25 17 16 9 25 5 25 3 25 25 22 25 7 8 25 16 15 18 25 19 25 8 21 6 25 25 25 25 10 13 25 25 7 25 12 25 25 8 25 25 24 25 14 0 2 25 25 2 17 25 25 25 22 23 9 10 18 25 25 7 25 25
25 5 3 17 17 25 8 1 15 25 24 25 25 25 7 25 25 11 25 2 25 25 25 25 22 25 25 8 25 16 17 5 25 25 25 3 25 25 17 17 0 25 25 13 25 25 25 3 20 25 25 14 22 25 2 4 25 3 25 25 15 25
14 25 25 18 25 6 25 25 25 6 25 4 25 14 22 25 25 25 25 25 7 25 10 25 23 25 25 8 25 25 12 25 6 25 25 7 25 25 24 25 25 25 12 22 17 25 1 25 25 21 2 22 0 20 25 12 25 13 25 21 25
25 19 1 11 25 25 25 25 25 0 25 2 6 25 25 4 22 25 0 25 25 8 25 25 13 25 25 25 25 25 5 3 9 8 25 25 25 25 9 25 21 6 5 25 25 4 2 25 25 25 12 25 4 0 25 25 25 0 25 25
24 25 25 6 25 25 4 19 25 25 0 15 23 19 17 25 25 25 14 25 25 25 25 2 14 25 22 25 25 12 11 25 25 8 25 25 25 25 19 20 25 25 25 25 20 25 25 25 5 25 21 25 13 25 20 18 25 25 25
25 20 11 16 25 25 25 24 1 20 25 25 25 5 17 25 25 25 7 23 16 2 18 25 25 25 25 25 8 6 5 25 25 25 25 0 11 18 23 25 25 3 25 24 25 10 12 25 25 14 11 16 21 25 25 25 25 25
3 14 25 25 17 25 17 25 0 9 21 14 19 25 17 25 14 18 25 24 25 25 25 2 2 8 25 1 2 15 25 16 25 13 25 19 4 25 21 24 25 5 25 15 17 25 25 12 25 25 3 10 25 16 25 19 25
17 25 25 25 25 25 25 22 24 25 16 8 8 11 25 3 25 25 25 12 25 25 25 25 25 25 12 25 9 16 25 4 14 22 14 25 25 9 9 17 10 23 6 25 25 25 25 12 25 0 25 25 15 25 21 25
24 25 25 25 19 4 25 25 25 23 25 19 14 22 25 25 17 10 25 25 25 25 25 25 25 25 25 25 25 19 25 25 25 1 24 25 15 25 3 25 12 16 25 25 8 25 25 5 25 25 25 25 25 25 25
10 7 23 5 8 25 22 25 3 17 25 3 25 25 25 25 25 17 25 9 1 25 25 19 11 14 25 14 1 3 25 25 9 25 19 25 25 25 12 25 25 1 25 11 18 19 23 4 3 25 25 25 19 25
5 2 25 25 18 2 25 25 16 25 20 25 25 25 25 7 0 25 25 25 25 25 13 25 25 4 25 25 25 11 25 25 11 11 25 25 25 25 14 16 19 25 25 25 25 25 1 17 25 25 20 25 25
24 25 23 23 3 25 12 6 22 25 25 25 25 25 25 25 25 23 25 25 22 1 19 0 7 25 25 25 8 14 25 25 25 25 25 2 25 25 25 25 25 25 25 9 15 18 6 25 25 24 20 25
25 25 0 13 25 12 25 25 11 4 2 2 18 25 16 25 25 25 25 15 25 25 17 25 25 5 25 1 18 20 18 5 13 1 25 25 25 3 10 25 25 25 17 18 21 25 25 13 11 25 25
25 20 13 25 0 25 25 13 25 25 25 2 21 25 2 6 17 25 25 9 20 25 25 0 25 25 25 25 25 0 11 25 15 25 25 8 19 10 16 25 14 25 25 12 25 22 25 25 25 25
25 25 15 18 13 25 25 25 25 17 25 25 11 10 25 8 6 25 25 14 25 25 25 22 25 5 18 17 25 25 25 24 25 25 1 25 18 25 25 25 18 25 25 21 9 25 17 25 25
25 5 25 12 19 15 25 25 25 25 20 7 3 25 25 6 25 25 25 4 25 25 25 25 25 1 14 20 24 25 21 10 10 25 7 25 12 12 25 5 8 25 25 9 25 25 20 25
25 25 13 18 25 14 25 25 25 25 20 25 25 25 13 21 25 3 6 25 9 25 25 25 22 25 12 4 25 25 25 3 19 24 4 25 0 25 15 25 25 7 25 11 25 25 25
25 25 23 3 25 6 25 25 25 25 25 25 24 25 0 25 24 25 23 24 25 25 21 24 25 25 8 25 25 25 25 25 25 24 25 2 0 15 25 25 20 10 25 25 25 25
2 10 25 22 25 25 24 25 25 25 25 25 25 1 25 25 6 25 15 10 25 25 25 25 25 23 25 5 25 23 14 25 25 25 25 25 25 25 25 25 25 25 25 23 25
6 25 25 2 25 25 18 25 16 10 0 25 25 25 0 12 3 25 7 23 4 25 25 11 25 25 25 25 14 25 23 14 7 25 25 25 20 25 25 25 6 23 25 25
25 6 11 25 9 25 15 25 25 25 2 25 25 14 25 11 6 6 11 12 25 25 25 21 18 25 25 25 25 5 25 22 25 19 7 20 25 25 25 15 15 24 25
25 5 11 25 25 22 18 1 23 25 13 25 6 19 25 25 11 10 10 25 15 25 25 1 11 23 25 25 25 21 25 25 14 25 24 25 25 25 19 8 25 25
19 21 25 25 7 7 25 25 14 25 25 25 25 25 22 12 15 24 1 8 10 25 7 25 25 25 25 25 14 10 25 25 10 17 23 18 25 12 25 25 25
19 25 25 12 22 12 25 25 16 25 1 25 25 13 25 25 25 13 25 15 21 17 19 25 25 19 23 25 25 10 25 4 25 25 25 10 18 25 25 25
25 19 25 25 25 25 14 25 12 25 25 25 25 25 25 25 7 22 9 25 25 25 25 25 21 20 25 25 16 25 21 7 25 23 25 5 25 25 25
25 25 25 25 19 22 10 19 25 15 25 0 25 5 25 25 21 25 20 25 25 2 3 11 25 25 11 25 12 25 25 25 25 2 25 25 25 25
25 25 5 25 9 8 25 25 0 25 25 6 12 25 20 25 4 25 25 23 5 4 25 25 19 25 25 21 10 25 1 9 6 25 12 25 25
25 9 25 5 12 16 2 25 0 7 25 5 25 25 25 24 25 13 25 22 25 25 25 3 25 4 25 24 25 25 25 16 11 5 3 25
3 17 25 25 8 25 1 25 25 6 9 22 25 3 2 6 9 25 13 25 23 23 5 25 25 25 20 25 18 25 15 7 25 25 25
25 25 25 25 25 25 25 25 25 25 0 25 25 17 11 25 3 25 25 10 25 25 25 25 17 19 15 25 25 25 13 25 25 25
25 25 25 25 25 16 25 25 22 25 25 0 25 20 13 25 25 25 25 25 25 25 25 25 7 25 25 9 3 25 25 22 25
25 25 25 4 22 25 25 25 25 25 25 25 2 25 4 25 3 19 25 25 25 25 1 11 14 25 8 16 25 25 7 25
11 9 16 7 25 25 4 10 25 24 25 18 25 25 25 25 23 25 2 15 25 25 25 25 25 5 25 25 25 25 25
7 3 25 25 25 15 4 6 25 25 25 25 25 16 20 7 3 25 19 25 25 25 25 21 25 0 8 10 8 25
3 25 14 4 6 7 25 7 19 24 25 23 25 25 25 25 22 25 25 23 23 25 13 25 9 25 10 25 25
25 25 7 13 25 6 25 25 15 25 25 17 2 25 23 5 25 22 25 25 25 25 25 25 5 25 9 25
21 25 19 25 6 25 25 25 17 25 25 25 0 25 3 25 1 15 25 14 18 10 25 25 25 25 25
11 25 6 25 10 25 25 25 4 25 25 25 25 14 18 25 2 25 0 13 15 25 25 2 7 25
6 20 13 25 25 25 25 25 18 25 25 25 25 25 3 25 25 25 2 7 3 25 25 25 25
25 8 24 24 7 15 25 2 25 2 25 25 25 20 25 25 0 25 24 25 18 25 11 25
25 25 25 25 25 25 25 25 23 25 25 25 16 22 13 2 25 1 19 2 25 25 25
25 25 25 25 18 7 17 25 1 20 6 18 21 25 25 1 20 2 25 22 25 25
8 25 14 25 25 25 22 25 25 25 25 25 21 23 19 8 3 22 25 25 25
25 25 25 6 25 25 25 21 23 9 5 25 23 25 17 9 25 25 25 25
24 25 25 18 25 25 25 7 25 14 25 21 14 9 23 25 19 25 25
25 25 16 25 25 25 14 15 25 25 17 10 25 25 25 13 2 25
25 25 25 24 23 25 4 25 24 25 15 25 13 25 3 1 25
25 25 25 2 25 21 25 1 14 25 9 19 25 25 13 25
5 25 13 25 22 25 7 13 25 18 9 10 25 25 25
25 25 25 25 25 10 18 25 25 12 25 18 5 25
25 25 25 25 12 18 20 25 4 25 14 17 25
25 23 25 25 25 25 10 21 25 25 8 25
25 25 7 25 1 25 20 17 12 25 25
25 25 25 25 0 25 4 25 7 25
16 20 25 25 22 24 11 25 25
25 25 25 25 25 25 25 25
23 22 25 19 25 25 25
18 25 9 25 4 25
18 25 25 22 25
25 25 25 25
25 15 25
25 25
25
