100 25
5 5 0 17 5 4 13 21 25 4 13 10 24 12 17 18 1 4 25 6 2 12 9 14 5 8 22 10 9 12 5 16 22 12 24 3 25 8 10 25 25 24 25 14 12 11 10 24 22 0 7 23 21 24 21 4 24 25 22 19 19 25 17 2 25 25 2 13 25 6 22 24 25 5 6 22 12 9 8 17 8 8 7 10 25 25 16 25 17 12 8 18 25 16 14 21 13 16 6 25
11 25 25 25 25 24 25 25 25 14 8 25 20 16 25 25 25 3 25 25 25 0 25 25 0 25 25 25 25 25 3 25 25 0 13 22 25 25 25 25 23 16 25 19 20 25 1 19 25 25 9 0 20 11 25 18 25 7 2 19 18 20 25 25 11 2 13 25 25 11 25 25 25 25 8 17 15 3 25 25 25 6 4 25 20 25 2 25 25 11 18 21 25 6 10 2 22 25 25
25 25 17 25 25 25 10 25 25 23 5 3 25 25 25 25 25 25 25 0 3 25 25 7 5 25 8 19 24 0 12 25 10 25 25 25 25 25 9 21 9 25 25 25 25 2 7 25 25 25 25 20 14 25 0 25 25 25 25 12 6 25 19 22 25 25 25 25 25 25 22 25 25 25 25 25 16 15 18 25 9 25 1 8 25 25 11 25 5 25 20 16 15 9 4 25 25 25
25 25 25 13 25 2 1 25 16 2 25 3 25 25 25 25 25 2 21 18 13 7 23 22 25 25 25 25 25 25 25 0 25 25 25 25 0 25 25 25 0 25 16 14 2 4 25 7 7 13 25 9 15 23 25 25 8 20 24 18 25 17 25 25 25 25 25 25 25 21 2 13 25 10 11 25 25 25 21 5 21 12 25 19 8 4 0 25 25 13 25 25 25 25 25 25 25
2 9 4 25 6 11 25 16 25 25 6 3 7 1 25 25 21 0 25 25 2 22 25 25 16 25 10 25 19 25 25 4 25 16 21 17 17 4 8 25 13 23 25 25 25 19 5 8 25 14 14 3 25 25 13 25 11 5 25 6 25 25 20 1 25 12 25 25 25 17 18 25 7 9 25 25 25 11 25 16 24 9 25 25 14 25 9 25 9 4 25 25 14 20 25 25
25 25 25 18 25 9 25 17 21 25 25 11 25 23 25 25 3 9 9 25 25 1 25 8 12 11 22 25 13 25 25 25 25 4 17 23 25 14 21 10 11 3 19 9 21 1 25 25 5 12 25 25 25 25 21 14 15 25 15 25 23 25 25 3 18 25 25 25 6 25 25 25 25 25 25 15 15 5 25 25 25 25 16 24 25 25 20 25 25 19 0 25 9 25 25
25 15 23 25 25 25 4 11 25 25 7 12 25 22 20 21 25 11 25 25 9 25 22 25 10 25 25 25 25 6 25 25 25 25 25 0 25 5 14 25 20 25 17 15 25 10 19 25 25 0 24 2 7 6 25 25 15 10 25 2 25 11 25 13 15 7 25 3 25 18 25 1 2 19 25 25 25 25 25 25 10 25 25 25 25 25 25 25 25 25 22 18 3 25
21 15 25 17 25 9 24 22 14 20 13 25 7 25 21 2 15 23 25 5 25 25 3 24 16 25 25 19 21 0 15 25 3 24 24 25 23 12 8 25 1 25 25 25 11 12 1 24 24 25 25 22 12 25 25 18 25 15 15 24 22 22 25 25 21 1 10 16 25 4 11 25 18 25 25 18 17 6 21 23 22 19 25 25 16 21 6 14 18 25 7 25 25
25 19 5 25 0 21 25 18 25 0 20 18 19 25 7 25 15 21 25 25 25 2 25 25 25 25 12 25 25 13 3 25 17 21 17 3 25 25 25 14 9 14 17 25 3 25 25 25 25 25 25 25 24 25 23 25 25 10 0 25 25 3 25 25 25 25 25 10 22 14 4 25 25 1 24 25 25 8 16 25 25 25 25 3 11 25 6 25 25 23 25 25
3 25 23 25 0 25 25 21 14 25 19 25 25 25 25 25 22 25 25 17 25 25 9 25 25 8 25 12 25 25 25 2 11 25 25 13 8 25 24 25 0 15 6 25 25 25 25 17 8 5 25 19 25 3 22 25 25 9 14 19 25 25 25 25 25 0 25 7 25 4 25 25 25 19 2 25 16 5 1 6 25 25 25 11 20 25 25 25 6 6 25
25 25 10 15 1 17 25 14 25 16 25 25 4 2 25 15 25 25 18 25 21 18 25 25 3 22 25 25 25 21 4 9 12 25 25 25 25 12 3 3 24 23 25 24 21 25 25 25 25 0 25 25 0 11 25 25 25 25 23 25 25 25 25 2 20 25 14 5 25 25 18 25 25 14 25 23 25 25 13 17 12 25 2 8 25 25 1 1 25 25
14 24 25 5 24 8 10 25 5 25 3 25 25 23 7 19 25 25 25 25 23 11 15 18 3 0 25 15 25 11 25 25 25 22 25 5 25 15 12 25 25 16 15 25 25 4 17 9 25 25 25 24 25 24 17 25 24 14 8 2 25 25 3 14 15 25 24 25 1 6 25 25 0 25 21 18 14 17 25 25 25 25 18 2 6 11 11 25 25
6 12 23 25 25 25 10 25 8 25 13 7 18 25 24 25 25 25 21 16 12 25 25 25 5 25 12 25 2 25 25 25 17 0 25 7 1 10 25 25 4 17 13 20 25 25 14 25 25 25 25 3 15 18 25 25 4 25 25 10 25 9 25 25 25 22 1 25 16 11 25 19 25 25 10 25 25 25 25 2 25 22 17 3 25 25 12 25
25 25 25 25 25 25 12 5 25 9 25 25 25 25 5 14 25 0 25 25 25 25 25 5 25 4 25 1 25 25 25 24 19 24 18 25 25 25 25 25 25 25 25 25 25 22 13 25 3 25 25 25 21 25 4 25 20 25 11 8 25 18 24 23 25 25 0 13 25 25 25 4 25 7 16 6 10 25 23 5 25 25 25 25 15 19 25
17 23 22 25 20 6 5 10 1 9 20 17 19 10 22 25 25 20 25 8 22 25 25 12 20 19 4 9 25 12 25 25 25 25 7 25 23 22 9 25 19 25 25 14 25 25 6 25 25 25 25 25 25 25 2 25 25 19 12 12 16 19 1 12 25 25 6 25 16 11 25 8 25 25 12 25 6 10 14 8 25 13 17 4 4 25
25 18 10 25 17 25 25 6 13 25 3 25 25 25 25 25 25 25 25 25 9 25 3 21 25 25 25 15 25 21 4 23 24 25 25 25 23 23 1 25 0 12 8 25 25 10 25 25 25 25 25 21 25 25 25 24 25 14 25 8 25 11 25 20 21 25 25 25 25 25 25 25 23 7 2 25 25 25 25 3 25 8 23 25 25
10 2 20 25 25 25 25 15 6 5 18 10 13 25 25 13 25 14 11 7 25 10 15 25 17 25 10 15 25 6 25 0 6 9 20 25 25 25 25 5 25 25 25 12 16 25 1 25 13 21 25 25 25 25 25 25 15 25 13 25 25 15 22 24 17 6 15 20 25 15 2 25 8 0 25 25 25 25 15 25 25 19 3 25
9 25 25 0 20 25 25 2 25 11 1 25 25 25 25 25 25 25 16 25 25 25 13 14 18 19 13 25 20 3 25 7 18 7 25 18 10 25 7 17 13 10 14 13 25 13 25 25 25 25 13 25 25 21 24 1 23 23 15 25 25 25 25 7 25 25 19 25 25 7 4 25 23 25 0 18 13 25 25 25 25 6 25
25 23 13 25 10 18 25 25 7 25 18 8 25 20 12 5 9 10 25 25 25 25 1 17 11 17 21 1 3 25 13 25 13 18 23 25 25 25 25 10 25 25 25 25 19 25 25 25 25 24 25 25 25 13 8 10 25 19 25 9 25 25 25 25 4 25 1 5 25 25 25 25 6 16 25 4 1 25 25 25 25 25
12 2 25 7 22 23 13 6 24 3 25 25 24 25 25 25 20 25 4 1 25 19 25 16 25 8 25 15 24 25 25 7 23 25 11 18 18 25 14 25 25 20 18 25 8 8 25 7 25 25 25 25 17 9 6 1 25 25 20 5 25 25 25 25 25 25 24 25 8 25 18 2 25 25 1 10 1 15 0 21 25
0 20 8 25 25 25 25 16 3 21 24 4 25 12 5 10 25 25 11 8 15 5 2 0 25 25 25 15 25 25 11 25 4 25 25 25 25 25 25 18 13 25 25 25 25 8 25 25 25 25 25 25 25 11 25 25 9 25 23 25 14 25 25 25 25 6 25 25 25 25 1 25 25 14 25 25 25 25 25 25
17 25 23 6 25 25 25 25 25 22 25 25 25 3 1 9 15 25 25 25 25 25 12 24 25 14 25 16 16 25 25 25 25 25 25 13 19 18 25 15 25 25 8 25 25 25 3 10 25 8 3 25 25 25 23 25 25 25 25 25 12 13 25 25 25 7 25 16 25 11 25 25 25 25 4 20 14 24 25
14 25 15 16 25 25 25 25 25 25 25 25 8 1 25 0 25 25 25 25 25 25 25 3 25 23 25 0 10 25 25 6 1 6 25 25 9 25 22 18 2 5 12 25 2 25 17 6 25 13 25 25 25 4 21 25 25 25 1 25 2 19 0 2 13 25 7 1 25 12 24 25 25 25 25 25 1 25
25 25 25 25 5 7 25 8 1 0 25 25 11 25 9 25 21 11 8 24 25 4 25 25 9 25 25 25 25 25 25 25 17 2 4 3 25 0 25 24 7 25 1 15 25 16 25 25 22 11 2 25 23 8 25 12 25 25 4 19 25 16 25 25 25 3 1 14 7 7 25 20 22 9 25 17 25
25 13 25 6 25 1 6 14 7 10 24 16 25 25 25 11 25 13 25 21 16 25 9 25 8 25 25 25 25 25 25 12 25 12 5 25 25 6 15 17 25 5 25 25 25 5 7 20 12 16 0 4 25 25 25 25 15 16 20 14 25 25 25 15 25 25 25 15 6 10 4 12 25 16 3 25
25 0 8 12 25 23 4 2 25 25 21 15 25 7 18 25 25 12 0 25 17 25 11 14 25 1 5 25 25 19 25 25 25 16 5 13 25 9 25 0 25 14 25 25 2 5 25 7 25 5 3 24 9 25 25 25 2 22 25 3 25 24 25 25 25 16 6 25 11 5 20 10 20 25 25
16 25 1 4 18 21 25 25 25 25 25 25 15 25 25 17 25 25 2 20 25 25 25 25 1 1 10 12 25 25 25 25 24 25 8 25 9 25 18 25 25 6 25 25 25 22 3 3 25 25 3 10 18 6 25 25 8 9 25 12 15 25 21 25 25 14 25 25 25 25 25 11 25 25
25 10 25 25 25 7 25 25 22 22 25 4 25 2 5 25 16 25 22 25 24 25 17 25 15 22 25 0 25 14 25 23 19 16 7 20 25 3 25 25 25 25 8 12 25 25 15 13 25 25 25 8 25 21 25 25 19 25 25 19 19 25 25 14 12 16 16 25 25 25 12 25 25
25 25 25 25 25 7 0 22 16 25 25 25 11 19 18 10 4 25 16 25 21 25 5 25 25 19 2 25 25 13 25 23 20 11 22 25 12 17 25 18 5 18 25 25 18 25 3 7 25 25 25 22 25 0 9 25 25 3 25 18 14 1 8 25 25 25 1 3 3 16 25 25
21 5 5 22 19 25 15 25 25 25 14 22 6 25 22 2 25 25 25 25 25 0 25 20 25 14 19 18 0 25 24 5 3 25 5 25 25 25 7 10 25 25 24 19 3 25 25 25 25 23 25 19 25 14 25 25 4 25 25 25 3 25 9 25 11 25 9 25 25 25 25
25 17 25 25 6 25 10 22 25 25 10 9 25 25 2 3 25 25 25 25 1 25 25 25 25 1 21 25 25 25 25 18 13 25 25 14 2 25 12 0 11 24 25 15 25 12 25 25 25 25 25 18 22 25 5 23 25 25 7 25 25 21 19 4 25 25 25 25 20 25
25 25 19 25 9 11 6 25 14 25 6 25 25 12 10 25 25 25 3 15 25 19 16 25 25 25 25 16 25 23 4 6 21 25 1 25 11 25 25 19 22 25 25 6 25 25 11 6 25 25 17 7 13 25 11 14 25 25 19 25 25 25 11 20 25 25 16 25 25
25 25 25 22 25 17 25 25 10 25 22 25 19 25 25 25 0 25 25 8 16 25 25 4 25 6 2 25 17 25 25 25 12 25 25 25 25 25 25 15 0 20 7 7 11 25 12 4 25 10 2 25 25 25 25 25 5 25 14 25 25 25 25 5 25 25 25 25
22 25 25 25 20 19 12 21 25 25 25 7 15 25 25 25 25 25 25 5 25 21 13 8 25 25 25 24 25 25 8 25 2 2 25 10 25 21 25 2 9 25 21 17 18 15 25 21 25 7 25 14 1 16 19 25 16 25 15 25 21 25 25 4 23 10 25
25 17 25 25 25 25 25 25 9 4 25 25 25 25 0 25 25 13 25 5 22 25 25 5 18 19 25 25 20 25 25 19 2 19 3 11 25 25 22 16 25 25 21 6 25 25 22 25 25 25 17 14 25 25 25 25 25 19 25 25 20 23 7 19 8 25
3 11 25 25 25 25 25 25 6 25 23 7 25 25 16 25 25 17 18 25 25 12 14 12 25 24 18 16 25 25 10 25 15 25 21 25 20 12 25 24 25 25 2 4 0 1 24 2 24 25 25 25 24 25 11 25 25 24 25 13 3 25 19 6 25
2 25 10 25 25 10 25 25 25 25 25 25 25 25 25 25 24 0 25 5 1 18 25 25 22 21 5 7 25 2 5 8 12 25 0 25 19 25 25 9 13 25 14 3 25 1 6 25 21 10 25 14 25 25 13 25 25 10 15 25 25 5 25 25
4 23 0 25 7 14 5 25 25 25 14 4 25 25 25 18 25 25 4 25 25 25 22 25 4 0 7 22 21 5 25 3 25 25 13 25 25 25 25 25 25 25 25 24 11 25 25 25 9 25 1 22 20 6 19 8 17 16 25 25 25 25 25
6 25 12 12 8 20 19 23 25 25 25 25 14 25 25 25 10 25 7 24 8 25 5 25 25 25 9 18 9 11 25 25 25 25 25 9 25 24 2 19 25 25 0 25 2 25 7 25 1 0 25 5 25 18 25 7 25 13 25 18 21 25
25 25 25 25 25 10 5 25 25 25 17 2 25 11 24 21 21 25 25 25 15 3 2 14 13 23 25 15 8 25 17 25 25 25 18 25 25 10 9 25 3 23 25 14 25 20 25 9 3 22 10 25 23 25 3 25 7 25 25 25 25
1 25 7 16 7 5 15 25 10 25 3 25 17 25 5 25 15 14 22 25 24 25 20 13 7 2 13 25 25 6 25 14 25 25 25 13 23 6 25 25 25 25 17 25 17 4 9 25 25 25 5 25 25 5 25 25 25 13 14 25
15 18 4 25 25 0 22 25 25 25 7 25 3 25 25 25 25 25 25 25 6 25 25 25 11 25 10 7 25 20 12 25 14 25 6 10 25 20 2 25 9 12 4 14 22 25 17 25 25 20 15 25 7 25 13 4 19 25 25
16 20 14 25 25 25 25 25 25 25 24 13 25 25 25 25 25 19 25 19 25 3 25 6 25 20 11 15 25 25 1 19 1 22 25 13 25 11 2 25 25 22 24 23 25 25 24 25 25 24 22 25 24 25 25 25 20 25
25 25 13 23 25 25 25 15 2 4 1 25 22 25 8 25 25 25 25 25 2 6 25 25 25 2 11 25 0 25 12 25 16 11 21 25 25 25 25 6 25 25 11 0 21 23 25 3 5 25 25 20 25 23 16 9 25
25 20 25 14 25 25 2 0 25 24 2 25 25 25 25 25 25 25 25 25 25 16 14 16 20 25 25 1 16 25 25 2 25 1 22 20 4 25 14 25 25 25 19 1 25 25 4 7 8 12 18 9 25 25 25 25
23 25 25 25 14 25 25 20 25 25 25 6 25 17 25 25 25 17 17 9 25 17 18 25 5 22 25 25 25 3 25 5 25 25 12 24 25 25 25 25 25 25 25 25 11 25 25 19 25 13 25 20 25 1 25
25 25 25 25 12 0 25 21 25 11 23 25 25 25 25 10 25 25 20 13 7 25 25 25 25 25 25 25 25 20 22 25 20 4 14 18 17 23 25 25 25 24 25 23 25 8 15 20 25 9 20 25 25 25
2 23 8 23 25 25 25 11 25 25 25 24 25 25 25 25 25 14 19 25 17 25 10 22 23 7 21 12 1 25 10 25 25 9 6 13 18 4 25 0 14 25 25 25 15 0 25 25 21 25 25 25 25
25 9 5 25 23 25 6 25 25 7 25 1 3 24 18 25 25 19 25 25 9 10 25 11 24 25 25 1 25 25 9 23 16 25 25 3 25 21 24 6 13 24 25 25 8 17 25 23 20 4 25 25
25 25 25 25 21 21 9 17 11 4 11 25 25 25 2 12 8 25 25 25 6 9 1 25 15 25 25 25 24 21 7 25 25 25 10 3 18 2 18 25 8 3 11 25 25 11 5 19 25 25 25
11 17 24 25 25 16 25 5 25 25 7 8 17 25 17 25 23 17 10 20 0 13 25 25 9 25 25 25 25 25 22 4 25 23 25 25 16 13 25 6 23 6 25 12 1 2 21 25 25 25
13 25 25 16 11 25 25 23 25 25 23 1 25 10 4 25 25 8 8 10 22 25 8 15 25 14 12 25 25 25 6 25 25 8 25 0 9 21 1 25 25 25 25 25 25 25 25 22 25
14 20 25 25 20 25 24 25 25 25 25 25 16 9 25 25 25 25 25 25 25 19 25 7 3 12 9 25 25 17 25 25 25 4 25 25 7 23 25 23 1 2 25 25 25 7 17 25
22 25 25 21 25 25 25 18 18 25 25 25 25 7 6 25 7 25 25 25 25 5 25 17 2 25 25 8 14 1 8 25 8 25 20 25 25 7 25 25 15 18 13 25 25 18 25
25 25 5 25 25 25 25 25 11 25 25 8 6 25 15 7 6 25 25 25 21 25 25 25 25 25 11 23 25 2 19 25 25 25 0 25 25 20 4 25 8 3 6 25 25 25
15 25 13 25 16 25 25 25 12 21 21 25 25 25 22 25 25 25 9 25 25 20 5 25 25 25 25 11 25 17 17 25 25 25 15 25 25 25 15 25 15 3 7 21 25
4 25 0 9 25 9 15 25 25 11 8 2 13 20 16 25 25 24 14 25 25 4 4 14 25 23 25 25 25 25 25 25 25 23 8 25 25 25 25 25 10 0 25 25
25 11 25 25 25 17 25 25 13 25 5 1 25 25 6 25 11 16 25 9 25 18 25 6 25 25 25 25 4 11 4 22 10 25 3 12 19 22 19 25 25 25 25
25 25 25 25 11 25 25 11 6 25 13 20 22 19 25 16 25 25 25 18 25 8 25 13 21 25 25 15 17 3 9 25 25 1 25 25 25 21 9 25 25 25
25 25 25 25 18 25 25 15 18 0 25 0 22 25 25 25 20 25 25 25 3 25 25 25 25 6 25 25 25 1 25 5 25 25 24 25 25 25 25 25 25
25 14 25 25 25 25 1 13 17 25 25 5 25 25 11 25 25 23 25 20 25 25 4 14 25 7 25 3 25 22 15 25 25 16 25 2 25 7 19 25
25 25 25 25 12 22 25 25 23 25 7 20 25 25 5 25 25 25 17 25 2 25 25 25 25 25 25 25 13 25 25 25 25 25 9 25 17 25 25
25 25 25 25 2 25 25 8 1 25 25 25 1 25 0 25 25 13 25 19 25 25 22 25 25 25 25 20 25 25 16 25 2 25 24 25 7 25
7 25 25 8 18 25 25 25 17 25 25 25 25 25 25 25 25 3 25 21 18 5 25 8 25 25 10 4 14 17 0 12 25 25 25 25 25
16 1 25 25 23 25 25 25 25 25 24 25 25 25 9 25 2 25 23 19 25 25 25 25 25 25 8 25 16 25 9 25 4 3 23 25
25 5 25 25 20 3 25 6 3 25 25 25 3 25 25 25 20 25 15 12 25 20 12 25 25 25 25 25 11 25 25 25 25 25 25
14 21 25 14 25 25 25 18 24 20 12 18 4 25 25 8 1 10 25 25 25 25 18 25 25 25 10 25 25 25 25 25 25 25
25 25 10 25 25 25 25 16 25 15 18 25 25 25 25 11 25 15 13 25 25 10 25 12 19 23 25 4 25 25 25 25 25
11 25 25 25 25 25 6 25 23 25 25 2 0 25 25 1 12 25 25 6 25 25 24 18 25 25 15 25 25 8 25 25
12 17 25 25 25 17 23 21 25 25 25 25 18 25 25 25 25 25 11 17 2 25 25 25 25 25 25 24 25 25 25
14 25 25 21 13 24 0 16 25 25 25 25 25 25 25 25 25 25 25 25 19 9 25 25 7 4 25 10 25 25
25 25 25 25 25 25 25 5 25 25 25 22 4 25 25 0 21 13 25 25 25 18 22 25 25 18 25 25 25
25 16 25 2 25 4 25 25 25 25 8 7 11 20 25 15 25 25 22 25 3 25 1 25 25 25 25 25
25 14 25 25 8 13 25 25 25 8 4 25 25 25 23 25 25 9 17 8 17 25 24 25 8 25 25
12 25 1 25 7 4 25 5 25 25 18 6 25 25 2 25 25 25 25 22 12 25 25 7 25 25
14 20 10 25 25 25 25 25 13 6 25 19 25 13 22 25 25 25 20 25 16 2 25 25 25
25 25 4 25 25 25 17 25 22 25 25 25 25 0 25 4 9 25 11 25 25 25 5 25
19 13 25 16 25 25 25 25 12 21 25 18 0 0 25 25 25 25 10 9 25 25 25
25 0 25 16 7 25 25 25 25 17 25 25 25 25 25 25 0 14 10 21 25 25
24 25 25 25 25 25 25 25 17 25 25 17 25 4 25 25 25 11 25 25 25
13 16 25 25 9 25 25 25 8 25 25 10 25 17 1 0 12 25 25 25
25 25 6 16 25 1 14 1 25 25 25 25 10 25 20 25 25 25 25
25 25 23 25 25 14 25 22 25 25 25 25 7 25 25 25 25 25
0 25 25 25 25 25 25 25 25 25 25 25 25 25 24 6 25
25 25 6 25 25 25 5 12 25 19 25 25 25 15 2 25
25 25 25 25 25 2 25 13 25 10 25 25 9 25 25
19 25 25 16 1 0 25 25 1 25 25 25 25 25
16 25 3 19 25 25 25 25 25 25 25 0 25
25 25 9 25 25 25 14 25 25 25 25 25
25 25 25 25 25 15 8 25 25 16 25
10 5 25 20 25 14 16 25 21 25
1 21 25 25 25 25 18 15 25
25 13 25 25 25 25 25 25
25 25 25 25 2 25 25
23 4 9 25 25 25
25 13 25 21 25
25 11 25 25
25 5 25
25 25
25
