50 62
22 55 11 2 3 3 5 29 17 47 62 62 20 58 57 4 41 47 16 62 4 30 8 13 62 58 62 32 62 62 62 1 61 29 62 30 62 24 31 34 62 55 1 4 54 62 3 23 62 
36 48 9 34 56 24 3 58 53 62 49 62 54 60 54 62 40 2 27 26 51 8 14 51 47 47 61 58 62 62 46 3 39 20 62 2 10 35 62 34 44 23 14 62 43 31 37 20 
27 4 12 62 25 61 9 28 39 8 62 22 51 53 27 32 50 58 43 62 5 6 33 37 29 30 62 12 58 38 20 30 8 38 59 27 49 40 57 31 24 44 29 6 32 7 12 
47 44 62 55 45 55 14 19 13 29 31 24 62 20 45 14 10 1 62 62 47 62 50 53 53 26 48 59 62 28 39 45 49 40 19 21 62 43 51 32 2 1 0 40 43 4 
62 7 44 21 51 5 39 62 52 19 9 62 30 55 29 27 62 59 0 37 41 11 6 52 31 16 62 33 14 52 35 60 15 44 57 28 38 15 24 38 22 43 3 3 62 
40 40 54 22 30 36 54 41 42 37 43 62 1 47 27 19 28 20 10 44 28 52 40 2 48 0 6 12 23 6 62 15 44 38 57 24 62 59 3 3 24 21 5 53 
15 30 5 50 51 37 16 29 56 42 21 31 37 52 38 13 17 62 20 25 2 62 56 11 39 59 29 51 53 18 46 45 9 58 52 40 11 56 62 32 55 23 51 
62 27 34 23 23 62 26 55 18 7 62 62 62 15 61 62 62 8 25 0 9 26 4 0 15 55 13 14 28 23 62 52 59 22 55 62 9 25 22 18 62 29 
4 49 12 60 23 57 62 62 8 49 56 62 62 62 62 43 2 53 26 30 62 17 29 20 31 7 16 13 62 28 62 56 62 7 61 62 62 62 12 21 6 
59 43 5 2 49 43 35 56 53 14 2 34 40 55 57 62 62 33 30 36 24 11 55 23 62 62 47 62 22 11 32 40 62 35 23 60 54 52 59 10 
10 38 8 25 55 18 51 29 45 26 62 36 24 1 62 62 28 34 62 51 5 33 62 57 50 11 62 41 13 2 29 35 2 5 24 17 17 50 39 
39 40 62 28 29 62 62 25 4 53 16 54 51 25 1 0 29 35 49 21 9 62 20 62 58 21 34 16 7 60 57 25 62 57 27 12 10 60 
62 62 62 49 36 62 62 23 62 61 18 50 43 46 27 62 47 61 30 1 15 2 62 56 15 47 58 57 40 48 23 4 16 17 28 44 57 
7 40 23 43 26 62 28 7 27 22 13 60 62 51 62 62 3 62 43 60 34 12 52 16 9 35 8 62 22 58 5 3 52 33 62 62 
41 3 39 62 34 62 7 36 62 62 13 40 15 46 53 40 61 62 36 44 62 31 16 43 13 39 17 5 24 24 45 48 13 5 44 
38 24 26 47 16 62 15 36 40 19 38 62 38 56 28 38 62 58 5 34 9 38 26 57 11 1 38 45 3 4 60 56 11 36 
52 5 5 39 62 38 31 62 4 62 31 25 17 18 54 59 0 21 62 1 43 47 21 48 8 6 45 43 50 42 61 8 1 
35 45 5 51 55 47 20 62 62 62 62 62 62 62 62 62 62 62 62 62 62 62 62 62 62 2 62 62 62 62 62 62 
62 62 62 62 62 62 62 62 62 62 62 62 62 62 62 62 62 62 62 62 1 62 62 62 62 62 62 62 62 62 62 
62 62 62 62 62 62 62 62 62 62 62 62 62 62 62 62 62 62 62 62 62 62 62 62 62 11 62 62 62 62 
16 62 62 62 62 62 62 30 62 62 62 62 62 62 62 62 62 62 62 62 62 62 62 62 62 62 62 62 62 
62 62 62 62 62 62 62 62 62 62 62 62 62 62 62 62 62 62 62 62 62 62 62 62 7 62 62 62 
62 62 62 62 62 62 62 62 62 62 62 62 62 62 53 62 62 62 62 62 62 62 62 62 62 55 62 
62 62 62 62 62 62 62 62 12 62 62 62 62 62 62 62 62 62 62 62 62 62 62 62 62 62 
62 62 62 62 62 62 62 62 62 62 62 62 62 62 62 62 62 62 62 62 62 62 62 54 62 
62 62 62 62 62 62 62 62 62 62 40 62 62 62 62 62 62 62 62 62 62 62 62 12 
62 62 62 62 62 62 62 62 62 62 62 62 62 62 62 62 62 62 62 62 62 62 62 
62 62 47 62 62 62 62 62 62 62 62 62 62 62 62 62 62 62 62 62 62 62 
62 62 62 3 62 62 62 62 62 62 62 62 62 62 62 62 62 62 62 62 62 
62 62 62 62 62 40 62 62 62 62 62 62 62 62 62 62 62 62 62 62 
62 62 62 62 62 62 62 62 62 62 62 62 62 62 62 62 62 62 62 
58 62 62 62 62 62 62 62 62 62 62 62 62 62 62 62 62 62 
62 62 62 62 62 62 62 62 62 62 62 62 62 62 62 62 62 
62 62 62 62 62 62 62 62 62 23 62 62 62 62 62 62 
62 62 62 62 62 62 62 62 62 62 62 40 62 62 62 
62 62 62 0 62 62 62 62 62 62 62 62 62 62 
62 62 62 62 62 36 62 62 62 62 62 62 62 
62 62 62 62 62 62 62 62 62 62 62 62 
62 62 62 62 62 62 62 62 62 62 62 
62 62 62 62 62 62 62 62 62 62 
62 62 62 62 62 43 62 62 62 
62 62 62 23 62 62 62 62 
62 62 62 62 62 62 62 
62 62 62 62 62 62 
62 62 62 62 62 
62 62 62 62 
62 62 62 
62 62 
62 

