50 62
47 37 49 62 62 62 41 62 47 45 62 47 56 42 62 41 27 45 56 15 20 44 26 60 62 62 46 11 0 5 21 43 50 62 62 33 51 62 3 20 62 28 62 62 62 1 36 62 1 
62 62 31 51 62 62 62 11 45 50 32 62 17 28 62 17 1 26 13 36 21 4 15 62 53 29 49 62 24 62 62 62 50 37 62 33 3 26 62 59 6 62 22 39 38 46 23 62 
62 28 62 35 56 33 62 25 51 56 51 25 24 62 18 62 62 0 10 18 62 28 62 62 10 62 28 62 42 37 17 2 62 52 55 62 62 45 37 56 18 62 56 13 44 8 44 
28 41 10 30 20 62 51 5 62 62 14 23 62 19 48 62 16 62 62 62 62 12 38 62 62 29 22 45 0 0 49 26 24 21 62 30 56 57 35 62 62 28 62 22 22 58 
62 24 62 42 8 7 62 21 3 8 45 58 46 62 62 18 30 5 0 62 19 62 62 12 62 43 34 53 47 62 14 13 62 50 20 30 9 46 62 62 62 62 54 5 48 
3 14 60 4 22 43 21 62 55 49 62 24 32 62 22 10 5 12 27 55 10 58 54 62 62 32 47 50 56 9 46 62 56 33 7 17 4 62 6 33 25 62 62 62 
5 62 62 62 62 30 15 12 57 2 2 62 0 61 50 62 53 39 48 22 62 62 62 1 8 55 49 62 12 43 5 46 62 62 33 62 62 62 62 35 43 47 62 
7 30 13 62 62 48 62 62 8 62 62 55 12 59 35 49 62 4 7 4 59 5 36 30 59 15 62 24 13 10 62 19 2 27 62 54 52 62 17 51 59 26 
1 36 39 47 62 35 62 39 62 62 62 41 25 5 49 15 39 0 62 62 55 62 36 62 57 62 62 23 62 62 62 41 61 32 48 39 52 4 49 20 8 
28 59 62 62 26 62 48 52 10 20 51 52 54 12 62 24 62 1 62 4 17 62 18 29 62 34 62 62 11 53 54 62 47 62 62 61 3 62 62 62 
62 62 37 62 62 55 21 25 62 62 15 36 50 20 18 62 62 11 62 54 62 62 62 2 62 62 62 49 14 39 32 29 30 10 62 62 44 57 36 
37 62 16 57 62 56 33 20 62 58 20 2 4 62 51 62 62 36 59 36 15 46 20 62 62 62 62 14 62 23 62 62 30 15 62 39 22 29 
28 23 62 57 62 46 18 10 62 12 19 33 57 21 62 29 13 48 36 62 62 62 26 62 26 62 17 56 62 62 0 62 12 62 29 29 62 
62 56 15 31 43 2 32 62 62 26 8 10 54 62 62 62 62 62 32 62 34 62 62 36 62 62 2 32 62 51 17 62 41 15 62 62 
58 62 26 62 42 41 62 46 62 44 13 9 17 37 11 52 62 40 51 9 30 11 15 62 58 62 62 14 62 62 22 38 62 23 62 
46 35 62 37 52 28 2 62 29 3 48 62 43 3 5 62 62 62 12 62 41 29 44 39 4 21 43 31 11 40 12 30 1 37 
62 62 62 50 12 2 15 7 42 6 62 41 62 15 45 62 54 62 27 56 36 40 4 43 14 62 10 1 35 13 31 62 62 
62 62 62 43 25 38 35 31 48 62 62 46 62 60 62 0 20 30 62 6 20 27 42 1 57 33 62 48 59 62 62 53 
55 40 41 29 50 46 33 35 24 62 62 62 26 62 48 35 27 62 62 62 11 62 62 62 2 62 62 18 14 62 62 
43 21 57 52 7 51 9 27 62 54 62 31 16 16 62 62 62 60 10 10 32 44 26 7 62 3 58 62 62 0 
51 62 62 23 62 39 62 57 62 56 45 32 12 62 18 62 4 61 38 18 62 7 2 3 62 62 56 17 31 
62 42 62 20 23 9 62 4 13 45 36 35 62 7 62 37 12 51 62 62 62 62 30 62 9 12 30 39 
62 52 34 12 59 5 62 31 62 35 62 39 62 28 32 13 53 62 62 27 62 62 62 1 61 17 1 
55 62 45 9 10 32 9 24 56 36 8 45 57 62 32 62 62 52 62 62 32 62 26 52 51 5 
30 62 62 62 62 31 56 62 0 7 62 62 13 62 62 62 62 62 62 62 62 62 62 62 62 
62 62 62 62 62 62 62 62 62 62 62 62 38 62 62 62 62 62 62 62 62 62 62 62 
62 62 62 62 62 62 62 62 62 62 62 62 62 62 62 62 62 62 62 62 62 55 62 
62 62 62 17 62 62 62 62 62 62 27 62 62 62 62 62 62 62 62 62 62 62 
62 62 62 62 62 62 62 62 62 62 62 62 62 62 62 62 62 62 62 62 62 
62 62 62 62 62 62 62 62 62 62 62 62 62 62 62 62 62 62 62 62 
62 62 62 62 62 62 62 62 62 62 62 62 62 62 62 62 62 62 62 
62 62 62 62 62 62 62 62 62 62 54 62 62 62 62 62 62 62 
62 62 62 62 62 62 62 62 62 62 62 62 62 62 62 62 62 
62 62 62 62 62 62 62 62 62 62 62 62 62 62 62 62 
62 62 62 62 62 62 62 62 62 62 62 52 62 62 62 
6 62 62 62 62 62 62 62 62 62 62 62 62 62 
62 62 62 53 62 62 62 62 62 62 62 62 62 
62 62 62 62 62 62 62 62 62 43 62 62 
43 62 62 62 62 62 62 62 62 62 62 
62 62 62 62 62 62 62 62 62 35 
62 62 62 40 62 62 62 62 62 
62 62 62 62 62 62 62 62 
62 62 62 62 62 62 62 
62 62 62 62 62 62 
62 62 62 62 62 
62 62 62 62 
62 62 62 
62 62 
62 

