50 62
9 62 62 46 50 19 62 45 25 62 62 62 62 62 9 62 36 26 10 33 62 52 31 62 62 25 54 62 62 14 62 42 36 62 62 51 62 62 62 7 44 62 62 62 62 62 33 62 62 
62 29 62 62 62 62 62 62 62 62 62 62 0 39 62 62 11 32 62 42 14 10 42 62 11 62 60 62 62 62 62 5 40 62 62 62 62 62 62 40 38 48 62 62 62 10 9 2 
8 28 62 62 62 62 62 58 10 62 57 62 55 62 24 62 62 57 62 24 8 45 4 10 17 52 62 0 29 62 62 5 44 62 24 27 3 53 22 23 32 46 30 20 62 62 62 
7 62 62 28 62 32 62 62 27 18 26 26 62 62 62 62 41 58 53 62 62 23 62 55 61 62 62 34 19 56 62 62 28 13 10 62 20 62 1 62 35 34 8 54 62 26 
62 19 55 62 62 62 62 62 62 18 3 50 37 51 56 62 62 62 49 60 62 62 62 5 62 19 41 62 11 62 62 50 61 62 62 62 40 62 3 2 10 2 15 62 62 
62 62 62 30 2 62 62 44 50 45 62 62 36 13 62 62 62 49 41 0 62 29 51 62 57 57 43 62 62 21 62 62 62 62 24 19 34 62 15 23 62 62 58 3 
50 23 5 62 49 25 62 10 58 62 5 57 6 62 32 0 46 60 54 62 44 62 23 62 43 49 25 51 62 62 62 48 62 62 62 62 60 61 62 62 61 62 38 
16 62 62 50 49 25 62 62 62 62 7 43 3 4 59 62 46 28 62 62 56 12 34 62 62 3 24 62 15 38 62 62 62 44 2 1 62 62 33 62 62 20 
62 62 62 62 62 1 62 42 46 62 33 62 62 62 62 34 62 8 32 36 62 62 40 62 12 62 62 58 43 7 62 46 25 62 62 62 39 62 62 47 62 
19 62 62 62 62 25 62 62 62 62 22 59 37 62 24 1 62 11 57 62 62 62 62 62 46 13 37 30 62 62 28 62 62 25 11 62 31 62 57 53 
21 2 33 62 62 62 62 23 58 18 38 62 62 62 11 62 11 33 28 55 62 27 62 62 62 62 62 45 62 44 39 62 22 62 61 62 62 62 62 
48 62 62 59 0 45 56 62 31 62 54 10 9 13 24 62 6 8 49 62 62 62 24 62 62 62 62 9 48 43 62 62 62 62 62 34 12 3 
55 45 62 30 62 60 49 62 55 7 62 36 50 12 62 12 62 62 7 62 5 62 62 62 55 62 24 59 62 22 62 21 62 4 35 62 47 
62 62 62 62 62 62 31 62 62 22 60 4 62 39 30 53 3 62 53 6 18 62 62 62 13 3 62 56 62 26 21 62 25 62 25 15 
62 31 25 28 62 18 62 62 34 62 40 62 41 62 62 62 54 7 37 55 13 62 29 62 62 60 62 33 54 62 33 62 28 55 55 
4 51 61 62 62 62 62 9 62 62 25 14 62 23 38 62 62 62 42 47 62 47 41 42 62 52 57 8 62 45 11 62 25 62 
62 62 59 62 29 62 10 10 62 55 62 62 20 62 10 62 52 62 62 11 62 8 62 62 3 62 52 62 59 62 62 62 62 
62 8 37 10 55 18 62 39 62 62 62 62 62 62 30 62 62 62 3 17 62 36 38 4 62 62 33 52 49 40 1 62 
62 53 4 16 62 58 62 26 62 1 55 62 49 52 19 62 13 23 60 14 62 34 9 62 62 58 62 13 62 10 62 
62 62 62 62 62 10 62 62 9 60 52 62 0 61 46 62 62 26 62 62 62 45 55 13 58 62 62 35 22 62 
62 6 44 62 3 62 62 62 0 38 62 62 62 62 62 62 44 14 62 62 39 62 7 62 60 15 21 15 62 
62 11 62 62 62 62 50 62 62 32 2 11 51 62 62 62 27 62 62 53 62 26 62 56 24 62 62 62 
62 62 62 13 62 12 62 62 41 32 62 62 62 57 62 32 53 41 62 62 21 62 59 56 62 17 53 
62 62 62 62 62 28 62 62 62 62 28 62 62 62 6 22 26 32 62 62 62 62 38 17 62 22 
46 62 62 62 62 6 42 59 62 62 41 62 47 62 15 31 20 62 16 5 62 23 62 62 59 
31 40 62 37 62 2 62 30 62 32 62 58 50 19 22 62 42 58 62 62 42 62 62 62 
62 29 62 50 62 37 62 62 62 34 62 62 51 38 62 62 60 8 32 34 62 62 62 
62 12 41 21 62 26 42 62 62 13 33 0 11 62 9 1 1 17 22 62 62 62 
50 14 13 62 19 1 31 37 13 20 62 62 43 21 2 1 48 62 51 20 42 
45 62 62 36 62 52 62 62 43 8 62 62 39 20 36 62 62 32 50 56 
62 62 62 62 62 16 36 62 62 62 62 62 52 62 34 62 62 26 62 
54 62 42 12 28 62 21 44 44 40 62 51 62 62 49 62 21 44 
62 62 62 33 62 62 35 62 6 62 62 60 62 62 53 51 62 
4 36 62 62 62 62 54 57 31 52 30 62 40 62 55 25 
59 48 38 62 5 21 60 31 62 10 62 58 34 46 13 
62 6 58 62 12 20 62 50 8 59 20 35 62 60 
62 4 62 13 56 62 36 62 15 41 62 62 47 
45 62 62 62 62 62 62 62 62 62 62 62 
62 62 62 21 62 62 62 62 62 62 19 
62 62 62 19 62 62 62 62 62 62 
62 38 62 62 62 57 11 58 0 
62 62 62 26 14 62 14 62 
62 62 62 62 32 62 62 
62 62 62 62 62 62 
62 56 62 52 62 
62 16 60 62 
62 24 62 
62 7 
62 

