50 50
45 36 48 21 50 9 36 9 44 6 34 0 38 4 7 13 50 41 5 15 1 30 13 50 9 50 16 38 50 7 34 30 18 50 50 46 35 43 50 37 25 40 35 13 27 36 41 8 31 50
36 49 4 49 18 50 13 42 45 18 14 43 39 39 2 6 47 32 7 21 50 39 42 50 26 20 50 50 17 41 19 50 40 16 30 39 5 3 17 16 11 43 50 16 41 12 15 14 50
1 25 34 20 4 17 33 12 48 41 31 34 35 42 38 43 25 33 18 0 21 22 14 26 29 6 50 50 28 33 25 10 45 50 44 8 38 2 17 7 19 24 50 2 40 50 36 50
29 32 43 45 49 18 50 50 14 50 42 46 24 16 40 38 12 50 21 12 27 21 23 17 49 24 50 4 5 44 50 0 6 22 33 30 12 19 19 24 20 40 30 5 38 29 50
50 50 23 50 50 39 6 6 24 42 24 34 36 4 43 39 33 6 49 30 34 31 30 31 46 50 21 45 32 44 39 5 22 9 49 26 1 24 10 2 50 19 5 4 6 50
50 3 9 50 50 50 50 50 50 50 50 50 50 50 50 50 16 50 50 50 50 50 50 50 50 50 50 50 50 50 50 50 50 50 50 50 50 50 50 50 50 50 50 50 50
50 50 50 50 50 50 50 50 50 50 50 50 50 50 50 50 50 50 50 50 50 50 50 50 50 50 50 50 38 50 50 50 50 50 50 10 50 50 50 50 50 50 50 50
50 50 50 50 27 50 50 50 50 50 50 50 50 50 50 50 50 50 50 50 50 50 0 50 50 50 50 50 50 50 50 50 50 50 50 50 50 50 50 50 50 50 50
50 50 25 50 50 50 50 50 50 50 50 50 50 50 50 50 50 50 50 50 50 50 50 39 50 50 50 50 50 50 50 50 50 50 50 50 50 50 47 50 50 50
50 50 50 50 50 50 50 50 50 50 50 50 9 50 50 50 50 50 50 50 50 50 50 50 50 50 50 15 50 50 50 50 50 50 50 50 50 50 50 50 50
50 50 50 50 50 50 50 50 6 50 50 50 50 50 50 50 50 50 50 50 50 50 50 50 50 50 50 50 50 50 50 50 50 50 50 50 50 50 50 50
50 50 50 50 50 50 50 50 50 50 50 50 50 50 50 50 50 50 50 50 50 50 50 50 50 50 50 50 50 50 50 50 50 50 50 50 50 50 50
50 50 50 50 50 50 50 50 50 50 50 50 50 50 50 50 50 50 50 50 50 50 50 50 50 50 50 50 50 50 50 50 31 50 50 50 47 50
50 50 50 50 6 50 50 44 50 50 50 50 21 50 50 50 50 50 50 50 50 50 50 50 50 50 50 50 50 50 50 50 50 50 50 50 50
50 50 50 50 50 50 50 50 50 50 50 3 50 50 46 50 50 50 50 50 50 50 50 50 50 50 50 50 21 50 50 50 50 50 50 50
50 50 50 50 50 50 50 50 50 50 50 50 50 50 50 50 50 50 50 50 5 50 50 50 50 50 50 50 50 50 50 50 50 50 50
50 50 25 50 50 50 50 50 50 50 50 50 50 50 50 50 50 50 50 50 50 50 50 50 50 50 50 50 50 50 50 50 50 50
50 50 50 50 50 6 50 50 50 50 50 50 50 50 50 50 50 50 50 50 50 50 50 50 50 50 50 50 15 50 50 50 50
50 50 50 50 50 50 50 50 50 50 50 50 50 50 50 50 50 50 50 50 50 50 50 46 50 50 50 50 50 50 50 50
50 50 50 50 50 50 50 8 50 50 50 50 50 50 50 50 50 50 50 50 50 50 50 50 50 50 50 50 50 50 50
50 50 50 50 50 50 50 50 50 50 20 50 50 50 50 50 50 50 50 50 50 31 50 50 50 50 50 50 50 50
50 50 50 50 50 50 50 50 50 50 50 50 50 50 50 50 50 50 50 50 50 50 50 50 50 50 50 50 50
50 50 50 50 50 50 50 50 50 50 50 50 23 50 50 50 50 50 50 50 50 50 50 50 50 50 50 50
50 25 50 50 50 50 50 50 50 50 50 50 50 50 50 50 50 50 50 50 50 50 50 50 50 50 50
50 46 50 50 50 50 50 50 50 50 50 50 50 50 50 50 14 50 50 50 50 50 50 50 50 50
50 50 50 50 50 50 50 50 50 50 50 50 50 50 50 50 50 50 50 50 50 50 50 50 50
50 50 50 50 50 50 50 50 50 50 50 50 50 50 50 50 50 50 50 50 50 50 50 50
50 50 50 50 50 50 44 50 50 50 50 50 50 50 50 50 50 50 50 50 50 50 50
50 50 21 50 50 50 50 50 50 50 50 25 50 50 50 50 50 50 50 50 50 50
50 50 50 50 50 50 6 50 50 50 50 50 50 50 50 50 50 50 50 50 50
50 50 50 50 50 50 50 50 50 50 50 50 50 50 50 50 50 50 50 50
50 50 50 50 50 50 50 50 50 50 50 50 50 50 50 50 50 50 50
50 50 50 50 50 50 50 50 50 50 50 50 50 50 50 50 50 50
9 50 50 50 50 50 50 50 50 50 50 50 3 50 50 50 50
50 50 50 50 50 50 50 50 50 50 50 50 50 48 50 50
50 50 50 50 50 50 50 50 50 50 50 50 50 50 50
50 50 50 50 50 50 50 50 50 50 50 50 50 50
50 50 50 50 50 50 50 50 50 50 50 50 50
50 14 50 50 50 50 50 50 50 50 50 50
50 50 50 15 50 50 50 50 50 50 50
50 50 50 50 50 50 50 50 50 50
50 50 50 50 50 50 50 50 50
50 50 50 50 50 50 50 50
50 50 50 50 50 50 50
50 50 50 50 50 50
50 50 50 50 50
50 50 50 50
50 50 50
50 50
50
