50 25
25 25 25 25 25 25 22 25 25 7 21 25 12 25 25 19 16 25 25 25 15 25 25 25 25 6 21 8 25 14 25 25 24 25 25 25 25 24 25 25 25 17 25 25 25 25 25 5 25 
25 25 22 25 25 18 25 25 25 13 25 25 25 25 25 25 25 24 25 25 25 16 25 25 25 25 25 4 25 5 25 25 2 25 12 14 25 25 25 25 25 7 25 25 25 25 2 25 
25 25 5 25 25 25 23 7 25 25 25 25 25 25 24 25 15 25 17 21 25 25 25 25 25 25 25 25 25 25 22 21 25 25 3 25 25 22 25 25 25 25 25 4 25 23 8 
25 25 25 25 25 25 25 14 11 25 25 25 11 25 3 13 20 25 25 15 0 25 25 21 6 25 21 25 25 25 25 21 25 25 25 25 11 25 10 25 19 10 11 4 25 25 
11 25 25 22 7 13 25 25 4 25 25 22 25 17 25 21 25 25 11 25 25 11 23 25 25 14 25 25 25 25 25 25 25 25 25 25 25 25 25 13 25 25 25 19 25 
25 14 19 24 25 25 15 25 6 18 25 16 25 25 25 9 13 25 11 25 25 25 25 15 6 25 25 25 5 25 25 25 25 23 25 25 3 25 25 25 20 25 20 20 
25 25 22 25 25 25 25 25 20 25 25 25 25 25 25 25 17 25 25 14 9 25 25 25 25 22 25 1 0 25 25 10 25 4 25 25 13 25 5 1 25 25 25 
25 19 10 25 25 25 25 25 25 25 1 25 22 18 25 21 25 25 25 25 25 23 25 25 25 25 25 25 6 25 9 25 25 12 25 9 25 14 20 21 19 25 
25 25 25 14 25 25 25 25 25 0 25 8 25 25 25 9 13 25 25 4 25 11 25 25 25 25 25 25 5 25 17 25 24 25 19 25 6 25 25 25 25 
25 25 25 25 25 15 13 25 25 25 2 6 25 20 0 25 25 25 25 25 25 24 20 25 25 25 25 0 15 18 25 25 25 8 5 25 25 25 25 25 
24 8 25 25 25 25 25 2 2 25 25 25 25 5 25 25 22 25 25 23 2 5 10 25 11 25 25 25 25 25 2 25 14 25 4 25 25 20 25 
25 25 25 25 25 25 24 9 25 25 3 25 25 25 14 25 25 25 25 25 25 25 25 23 25 25 13 9 25 25 25 25 25 25 21 25 10 25 
15 15 25 25 25 25 12 1 25 25 1 11 25 25 25 9 25 24 25 1 25 25 25 25 25 25 25 25 25 25 21 12 0 25 16 20 19 
7 23 25 20 21 25 18 25 25 25 25 25 11 23 0 25 0 24 25 25 25 16 25 6 25 25 25 3 25 25 25 15 25 25 7 25 
25 25 4 25 25 1 0 20 21 25 25 11 15 25 25 25 25 25 10 5 8 16 22 17 20 17 25 1 25 25 7 21 5 25 25 
25 19 25 25 25 25 25 6 25 24 6 25 9 25 25 25 20 4 25 25 25 25 25 25 25 19 25 25 25 25 25 25 25 25 
25 25 25 25 25 25 25 25 25 25 25 25 25 25 25 25 25 25 25 25 25 25 25 25 25 25 23 25 25 25 25 25 25 
25 25 25 25 25 25 25 25 25 25 25 25 25 25 25 25 25 25 25 22 25 25 25 25 25 25 25 25 25 25 25 25 
25 25 25 25 25 25 25 25 25 25 25 25 25 25 25 25 25 25 25 25 25 25 25 25 25 25 25 14 25 25 25 
25 25 25 25 25 25 25 25 25 13 25 25 25 25 25 25 25 25 13 25 25 25 25 25 25 25 25 25 25 25 
25 25 25 25 25 25 25 25 25 25 25 25 25 25 25 11 25 25 25 25 25 25 25 25 25 25 25 25 25 
1 25 0 25 25 25 25 25 25 25 25 25 25 25 25 25 25 25 25 25 25 25 25 25 25 25 25 25 
25 25 25 25 25 25 25 25 25 25 25 25 25 25 25 25 25 25 25 25 25 25 25 25 25 25 25 
25 25 25 24 2 25 25 25 25 25 25 25 25 25 25 25 25 25 25 25 25 25 25 25 25 25 
25 25 25 25 25 25 25 25 25 25 25 25 25 25 25 25 12 25 25 25 25 25 25 25 25 
25 25 25 25 25 25 25 25 25 25 25 25 25 25 25 25 25 25 25 25 25 6 25 25 
25 25 25 25 25 25 25 25 25 25 25 25 25 25 25 25 25 25 25 25 25 25 25 
25 25 25 25 25 25 25 25 25 25 25 5 25 25 25 25 25 25 25 25 25 25 
25 25 25 25 25 25 25 25 25 25 25 25 25 25 25 25 25 25 25 25 25 
25 25 15 25 25 25 25 25 25 25 25 25 25 25 25 25 25 25 25 25 
25 25 25 25 25 25 25 25 25 12 25 25 25 25 25 25 25 25 25 
25 25 25 25 25 25 25 25 25 25 25 25 25 25 14 25 25 25 
25 25 25 25 25 25 25 25 25 25 25 25 25 25 25 25 25 
25 25 25 25 25 25 25 25 25 25 25 25 25 16 25 0 
25 25 25 25 25 25 25 25 25 25 25 25 25 25 25 
25 25 25 25 25 25 25 25 25 25 25 25 25 25 
25 25 25 25 25 9 25 25 25 25 25 25 25 
25 25 25 25 25 25 25 25 25 25 25 25 
25 25 25 25 25 25 25 25 25 25 25 
25 25 25 25 25 25 25 25 25 25 
25 25 25 25 25 25 25 25 25 
25 25 25 25 25 25 25 25 
25 25 25 25 25 25 25 
25 25 25 25 25 25 
25 25 24 25 25 
25 25 25 25 
25 25 25 
25 25 
25 

