50 25
5 24 6 3 25 8 25 19 24 14 13 19 25 7 25 5 9 25 25 25 20 25 11 25 11 23 13 12 12 9 25 20 23 25 24 25 6 25 25 1 17 8 25 4 19 25 25 9 7 
25 3 24 25 5 21 0 12 3 25 3 7 5 8 9 6 1 13 15 25 21 6 25 25 11 0 25 8 25 2 25 25 0 17 2 5 0 10 13 0 5 25 20 13 22 18 25 15 
25 3 18 25 25 21 25 25 3 19 25 2 25 5 20 1 11 14 24 22 25 25 1 21 25 8 6 25 5 0 17 25 4 25 22 1 1 8 20 25 25 17 25 2 25 9 4 
5 25 25 25 21 7 12 1 13 25 21 25 19 17 11 10 24 25 1 14 18 17 25 8 19 25 25 17 2 11 2 8 11 22 24 25 5 4 21 25 6 17 8 22 25 25 
14 18 0 17 18 7 25 14 25 3 25 15 1 17 25 14 8 25 20 25 25 25 25 25 4 25 16 25 0 23 0 10 6 25 22 4 18 25 8 22 25 13 14 16 25 
25 18 25 13 8 0 20 11 25 8 25 2 19 25 25 1 8 2 13 3 16 25 25 25 1 25 15 25 25 25 25 6 25 10 25 25 10 25 11 25 21 25 25 4 
15 25 16 0 25 14 16 25 1 25 23 4 22 25 16 4 25 7 25 9 3 25 7 5 16 25 19 0 25 20 10 18 25 0 21 25 25 24 20 25 7 22 25 
17 25 25 25 25 25 25 25 25 25 25 25 25 19 25 25 25 25 25 25 25 25 25 25 25 25 25 25 0 25 25 25 25 25 25 25 25 25 25 25 25 25 
25 25 25 25 25 25 25 25 25 25 25 25 25 25 25 25 25 25 25 25 25 25 25 25 25 25 25 25 25 25 25 25 25 25 25 25 25 25 25 25 7 
25 25 25 25 25 25 25 25 25 25 25 15 25 25 25 25 25 25 25 25 25 25 25 25 25 25 25 25 25 25 25 11 25 25 25 25 25 25 25 25 
25 25 25 25 25 25 25 25 25 25 25 25 25 25 25 25 25 25 25 25 19 25 13 25 25 25 25 25 25 25 25 25 25 25 25 25 25 25 25 
25 25 25 25 25 25 25 25 25 25 25 16 25 25 25 25 25 25 25 25 25 25 25 25 25 25 25 25 25 25 25 25 25 25 25 25 25 25 
25 25 25 25 25 25 25 25 25 25 25 25 25 25 25 25 25 25 16 25 25 25 25 25 14 25 25 25 25 25 25 25 25 25 25 25 25 
25 25 25 25 25 25 25 25 25 25 25 25 25 25 25 25 25 25 25 25 6 25 25 25 25 25 25 25 25 25 25 25 25 25 25 25 
25 25 25 25 25 25 25 25 25 25 25 25 25 25 25 25 25 25 25 25 25 25 25 25 25 25 25 25 25 25 25 6 9 25 25 
25 25 25 25 25 25 15 25 25 25 25 25 25 25 25 25 25 25 25 25 25 25 25 25 25 25 25 25 25 25 25 25 25 25 
25 25 25 25 14 25 25 25 25 25 25 12 25 25 25 25 25 25 25 25 25 25 25 25 25 25 25 25 25 25 25 25 25 
25 25 25 25 25 25 25 25 25 25 25 25 25 25 25 4 25 25 25 25 25 25 25 25 25 25 25 25 25 25 25 25 
25 25 25 25 25 25 25 25 25 25 25 25 25 25 25 25 25 25 25 25 25 25 25 25 25 25 25 25 25 25 25 
25 25 25 25 25 25 25 25 25 25 15 25 25 25 25 25 25 25 25 25 25 25 25 25 6 25 25 25 25 25 
25 25 25 25 25 25 25 25 25 25 25 25 23 25 25 25 25 25 25 25 25 25 25 25 25 25 25 25 25 
25 25 25 25 25 25 25 25 25 25 25 25 25 25 25 25 25 25 25 25 25 25 25 25 25 25 25 25 
25 25 25 25 25 25 25 25 25 25 25 25 25 25 25 25 25 25 25 25 4 25 25 25 25 8 25 
25 25 25 25 25 25 25 25 25 25 25 25 25 25 25 25 25 25 25 25 25 1 25 25 25 25 
25 25 25 25 25 25 25 25 25 25 25 25 25 25 25 25 25 25 25 25 25 25 25 25 25 
25 25 25 25 25 25 25 25 25 25 25 25 25 25 20 25 25 25 7 25 25 25 25 25 
25 25 25 25 25 25 25 25 25 25 25 25 25 25 25 25 25 25 25 16 25 25 25 
25 25 25 25 25 25 25 25 25 25 25 25 25 25 25 25 25 25 25 25 25 25 
25 25 25 25 25 25 25 25 25 25 25 25 25 25 25 25 25 25 25 18 25 
25 25 25 25 25 25 25 25 25 25 25 25 25 25 25 25 25 25 25 25 
25 25 25 25 25 25 25 25 25 25 25 6 25 25 25 25 25 25 25 
25 25 25 25 25 25 25 25 25 25 25 25 25 25 25 25 25 25 
3 25 25 25 25 25 25 25 25 25 25 25 5 25 25 25 25 
25 25 25 25 25 25 25 25 25 25 25 25 25 25 25 25 
25 25 25 25 25 17 25 25 25 25 25 25 25 25 25 
25 25 25 25 25 25 25 25 25 25 25 25 25 25 
25 25 25 25 25 25 25 25 20 25 25 25 25 
25 25 25 25 25 25 25 25 25 25 25 25 
25 25 16 25 25 25 25 25 25 25 25 
25 25 25 25 25 25 25 25 25 25 
25 25 25 25 25 25 25 25 25 
25 25 25 25 25 25 25 25 
25 25 25 25 25 25 25 
25 25 25 25 25 25 
25 25 25 25 25 
25 25 25 25 
25 25 25 
25 25 
25 

