200 50
4 50 29 45 50 5 32 50 50 13 19 49 33 50 6 38 15 36 36 50 42 18 46 50 50 26 19 24 50 47 10 50 11 38 30 30 50 40 15 6 26 7 13 48 25 19 15 50 9 30 42 40 50 32 16 42 25 0 2 9 6 15 47 12 3 50 50 43 50 38 0 14 50 1 5 15 50 25 5 41 12 21 7 35 16 31 50 50 15 36 50 8 50 4 13 9 16 31 22 30 36 39 1 2 16 33 44 34 40 35 50 3 30 15 43 10 50 24 38 28 50 49 13 5 50 12 10 20 49 41 9 32 17 50 10 29 50 4 43 19 8 48 50 45 50 23 41 22 37 10 17 28 34 50 13 24 15 17 23 47 7 20 31 30 1 2 23 33 28 10 21 14 45 50 40 38 40 36 29 50 16 50 20 35 10 48 2 16 15 15 50 17 42 5 24 28 6 21 23 50
50 50 13 46 7 1 17 22 50 49 28 50 4 3 49 42 50 31 20 4 28 32 50 50 50 40 16 20 50 23 46 23 50 0 50 46 50 50 50 50 38 48 50 50 44 50 50 15 11 13 34 46 50 50 49 50 1 28 20 27 28 50 21 25 40 15 50 49 50 9 45 10 50 38 42 8 5 3 36 6 13 42 27 50 42 14 50 42 41 50 28 20 31 50 50 50 44 12 50 24 14 49 48 12 25 50 42 46 50 42 21 50 22 42 22 50 23 50 50 50 46 9 22 12 50 5 47 50 47 31 7 41 35 50 30 12 50 22 6 19 21 49 43 50 14 49 50 14 20 33 24 41 29 50 9 50 4 41 50 7 18 38 45 44 42 50 14 50 25 50 42 50 50 30 4 22 50 50 50 19 11 6 50 50 34 0 35 13 50 49 38 42 26 50 19 17 45 50 50
17 50 50 9 42 50 39 17 32 50 50 34 0 16 14 27 10 28 37 44 17 50 50 21 39 42 37 22 50 22 37 50 6 30 50 19 50 50 48 50 50 18 50 50 20 24 50 41 25 36 50 15 30 24 5 16 50 44 11 50 37 47 33 50 41 31 50 9 48 50 50 50 7 50 23 50 50 50 46 50 50 50 50 31 46 50 16 35 4 50 30 50 24 22 50 50 37 37 47 0 35 50 17 34 11 49 50 38 32 46 28 28 32 50 17 25 50 50 50 50 32 32 18 50 36 38 20 50 50 38 50 39 50 39 50 50 39 9 31 50 10 22 50 32 50 32 36 9 17 17 50 31 47 13 0 40 50 50 31 43 43 29 50 12 30 42 15 12 50 30 50 9 21 50 21 21 49 38 26 1 21 39 50 50 28 0 26 50 50 4 33 21 50 40 8 21 5 50
47 50 11 25 3 26 8 5 50 15 31 7 18 1 32 1 50 39 20 30 50 50 31 31 32 31 0 10 18 50 23 17 50 23 20 21 33 38 45 40 26 49 50 50 11 50 31 50 50 15 50 50 50 50 11 34 47 18 22 50 25 33 4 50 50 46 50 34 25 27 33 50 50 3 42 33 35 40 17 23 24 34 31 31 20 44 50 22 33 0 19 5 50 11 45 16 50 13 45 50 50 50 31 50 50 50 9 18 25 1 11 31 12 45 50 32 9 50 34 2 2 45 29 18 23 12 12 50 50 36 22 50 33 50 1 50 20 50 15 27 32 40 50 50 30 43 18 48 50 22 42 50 5 25 13 50 35 34 23 10 50 2 50 45 50 50 7 46 5 36 50 50 37 16 11 50 48 20 50 30 35 33 50 50 12 5 49 28 48 50 50 44 50 50 50 50 50
50 33 14 31 38 50 50 12 46 50 50 50 50 35 23 50 37 50 5 39 36 50 50 14 50 46 45 19 45 12 50 43 12 43 12 47 50 17 50 18 50 50 26 50 12 47 3 33 12 23 44 12 9 11 5 45 21 50 20 50 50 50 32 17 5 24 34 29 22 50 49 30 48 47 5 50 15 50 50 50 49 40 50 44 25 2 50 47 50 46 16 40 39 26 6 5 44 8 19 2 50 34 14 50 22 3 34 46 0 32 50 39 47 50 39 50 43 16 50 50 41 50 27 26 15 1 37 26 0 25 1 37 25 4 10 50 50 14 4 33 35 21 50 13 4 50 13 12 34 0 24 17 46 50 26 43 1 15 50 37 50 29 45 32 41 22 7 50 50 50 50 9 50 39 50 20 15 50 43 28 4 2 50 10 50 4 2 50 50 50 4 50 21 50 23 50
45 33 10 37 30 50 50 50 40 12 44 27 0 19 20 38 50 32 7 16 22 50 46 50 39 50 50 50 23 16 30 40 29 50 33 23 12 18 12 21 44 50 50 50 50 50 50 12 42 50 50 35 14 12 43 3 50 50 50 15 12 13 50 30 50 10 26 33 50 45 19 5 16 49 2 38 4 29 23 18 50 50 15 8 4 45 50 50 50 26 50 11 48 23 45 7 50 35 1 16 50 43 44 17 50 50 12 34 37 49 35 47 5 34 50 50 50 38 50 50 50 49 28 2 50 1 34 32 42 23 50 41 43 28 38 20 50 20 50 23 12 50 28 43 43 50 50 16 50 50 26 11 35 31 28 43 50 32 26 50 14 45 31 17 1 36 50 17 24 24 20 12 26 12 31 5 1 14 35 50 13 50 38 50 35 43 50 50 49 50 50 5 50 50 50
16 2 23 50 50 22 50 48 17 50 11 50 26 41 50 50 4 32 38 31 8 50 50 38 3 50 7 14 5 18 32 13 50 30 50 31 11 49 50 50 50 50 16 50 50 28 50 29 50 25 50 32 39 26 2 50 18 50 50 50 50 22 37 27 20 5 41 50 50 50 46 12 50 44 10 18 41 5 40 46 50 34 3 25 24 50 11 24 50 41 22 50 50 28 0 50 50 50 9 5 31 16 14 50 50 22 44 45 9 50 42 7 8 11 49 50 15 43 50 50 27 33 50 42 24 28 50 50 10 32 50 9 50 50 46 35 35 4 1 46 11 33 25 36 32 50 5 50 19 26 41 41 43 19 38 50 20 11 50 0 30 40 0 0 50 50 20 34 28 50 4 50 31 50 50 32 3 33 6 50 40 50 35 50 5 50 50 4 34 50 50 21 40 50
14 50 42 50 27 41 17 50 50 40 17 43 40 42 50 22 50 20 50 50 22 21 50 50 50 50 4 0 50 21 50 50 8 50 50 6 41 25 50 21 19 10 5 25 25 39 40 40 41 8 12 46 37 50 50 50 50 50 4 47 50 44 4 49 39 6 50 24 22 8 50 13 24 50 46 50 34 15 4 42 1 28 23 21 26 44 50 35 50 50 35 47 42 8 50 23 31 36 18 50 18 41 14 0 22 30 45 5 23 50 26 50 18 21 15 24 29 36 4 18 21 8 50 50 27 29 18 47 9 38 50 50 50 10 50 0 50 34 49 50 39 50 20 47 26 31 50 25 36 27 50 49 26 44 18 30 50 22 6 3 50 50 50 42 50 43 50 50 50 50 40 50 50 50 44 15 35 22 19 50 48 8 50 50 50 27 50 27 50 50 50 45 50
7 18 24 12 21 43 40 7 49 14 38 32 50 21 30 47 8 11 2 50 50 50 4 26 50 50 50 50 27 25 13 0 6 44 50 50 50 50 15 50 50 50 50 25 50 37 50 50 50 50 50 7 50 14 50 50 50 3 50 50 31 50 12 39 9 18 32 50 50 40 50 42 50 45 48 8 50 40 50 39 50 50 50 50 50 9 50 50 29 50 14 50 45 16 26 46 41 32 50 20 12 50 50 50 50 32 33 2 39 13 28 30 0 28 31 32 50 50 36 7 50 37 25 32 16 16 50 1 34 29 50 50 44 34 50 48 50 5 6 17 6 50 50 50 41 50 48 4 35 50 45 3 50 44 50 40 14 50 26 6 26 26 15 31 50 50 12 50 50 8 50 7 0 20 14 50 50 40 12 34 3 50 48 48 50 38 29 19 50 50 50 50
50 41 50 50 22 50 10 20 48 50 49 50 3 39 50 50 50 50 50 50 50 50 15 38 50 32 50 50 50 50 50 33 5 45 50 14 13 34 50 10 50 28 5 16 50 50 24 18 10 50 39 50 13 13 50 50 44 23 50 50 4 17 43 1 50 9 50 24 50 50 11 7 50 50 40 50 17 3 26 39 50 48 50 10 30 50 50 50 48 46 35 31 39 13 7 28 50 50 19 30 50 29 47 50 50 34 42 49 2 47 35 1 21 20 23 13 0 50 19 10 8 7 42 7 6 6 50 26 50 24 10 7 50 50 50 50 16 26 50 22 9 11 7 30 50 50 37 9 50 50 1 33 50 50 50 50 21 23 50 50 50 34 50 26 50 44 50 27 50 12 41 46 50 19 12 31 2 50 50 15 20 14 10 50 50 25 37 34 50 6 50
50 10 11 32 15 0 9 43 50 19 18 38 36 26 39 7 50 18 50 50 50 50 50 35 50 6 50 23 46 50 50 28 26 15 50 46 13 12 19 1 2 45 25 26 50 50 20 34 30 39 14 50 50 42 17 5 39 10 50 33 24 46 24 46 33 24 45 50 45 24 47 13 13 48 15 4 50 50 28 50 2 37 6 13 50 35 50 8 26 50 41 1 50 50 20 17 40 50 50 29 12 50 23 39 50 31 0 50 20 50 44 50 48 50 50 0 45 34 3 18 50 29 24 5 50 17 49 2 44 50 50 31 25 50 5 17 48 7 48 26 46 50 25 50 50 50 50 50 0 39 1 29 50 50 25 39 35 10 31 50 50 33 50 7 50 50 25 50 34 29 21 50 50 37 50 47 26 50 15 12 1 18 47 19 25 35 23 27 50 50
50 42 50 44 50 34 5 42 50 50 50 50 50 50 41 50 4 50 50 9 1 50 45 0 21 6 21 4 8 30 47 50 50 46 50 50 50 50 50 1 50 50 11 19 50 50 36 17 37 38 9 15 50 31 3 43 50 9 50 23 27 18 1 50 20 50 27 40 14 7 2 50 13 19 50 6 37 24 41 50 0 50 2 28 50 50 10 50 41 50 13 48 50 17 50 31 1 50 36 45 50 50 22 23 37 50 46 18 50 24 4 50 50 38 43 50 46 50 6 13 50 3 50 50 50 27 4 50 23 47 32 28 30 9 26 1 6 50 14 1 50 21 17 45 50 45 28 28 50 7 48 49 17 47 20 1 18 19 50 50 29 5 43 50 2 9 20 50 25 35 27 9 36 17 31 9 50 4 50 50 27 33 27 50 34 50 22 7 50
50 50 50 50 26 49 50 49 50 50 8 45 50 50 50 25 7 49 50 32 21 39 50 47 36 32 33 50 48 26 50 48 50 26 18 50 50 21 50 26 50 50 2 50 50 1 50 3 50 40 44 17 50 34 50 21 20 50 50 40 25 50 7 50 6 49 50 24 48 50 21 14 49 41 20 50 50 21 11 50 50 50 25 50 14 43 5 50 50 15 50 50 50 47 42 50 5 17 50 5 5 50 30 49 28 50 16 1 40 50 44 28 20 50 38 50 50 42 40 35 48 45 42 50 50 50 19 50 1 1 49 48 0 41 30 50 50 50 44 35 26 9 50 3 1 34 49 13 50 11 4 50 21 19 5 43 0 45 50 50 29 50 35 43 50 2 50 50 14 29 23 25 50 28 46 50 31 43 34 16 6 34 29 50 50 2 50 50
50 17 45 48 50 50 50 46 26 6 50 16 19 50 50 8 5 50 38 24 50 37 50 50 32 50 29 21 40 22 31 50 12 13 50 24 50 46 6 50 50 21 34 26 50 22 10 9 50 0 50 24 50 1 50 4 28 3 50 2 27 50 30 16 2 36 50 25 40 50 11 25 50 39 36 3 50 20 20 43 14 15 50 27 10 4 2 50 50 21 2 10 50 1 1 50 50 8 43 50 18 2 30 50 19 17 44 50 5 40 50 32 21 10 40 13 50 35 19 48 33 46 11 24 30 47 14 30 50 6 16 28 38 50 48 15 50 50 50 44 50 21 39 5 50 50 45 50 36 22 23 17 50 23 9 1 2 18 23 3 6 48 16 20 14 50 32 50 9 25 13 50 50 50 26 50 11 50 49 36 50 40 50 50 50 17 50
31 27 50 23 50 0 50 50 15 50 50 49 33 50 50 50 50 50 23 50 50 48 33 37 50 30 47 24 42 50 12 37 36 19 6 23 50 40 50 50 20 50 26 49 50 2 11 43 24 25 50 20 21 44 36 50 22 28 50 10 50 35 50 29 50 38 50 50 10 6 4 30 50 33 38 9 48 44 35 17 21 46 23 15 50 50 8 4 44 50 50 0 34 43 29 50 50 19 50 1 50 23 18 50 50 5 35 42 50 50 21 20 50 50 50 28 38 33 43 50 33 32 50 7 41 50 50 50 33 50 50 41 36 1 50 50 50 50 13 32 49 50 38 31 44 18 22 50 50 3 50 50 50 31 14 37 0 11 28 4 16 50 14 50 50 50 49 39 14 26 50 22 25 50 50 3 41 46 11 10 11 50 19 21 49 50
47 50 22 46 50 50 37 50 23 6 49 50 14 33 50 50 50 40 6 50 30 50 50 50 33 6 29 25 27 50 24 50 0 40 22 41 50 50 50 7 50 36 13 50 50 36 9 18 50 43 8 50 50 18 50 42 26 50 25 32 30 7 6 9 50 17 17 50 4 9 12 10 16 30 50 36 45 27 12 50 50 30 25 30 50 50 46 7 40 24 7 48 50 6 30 50 29 50 50 50 50 50 50 37 8 50 34 50 49 5 22 9 50 0 50 47 35 50 43 43 5 39 50 10 50 50 20 31 50 19 2 50 50 0 10 10 49 6 50 0 15 35 33 25 7 50 3 50 50 50 29 50 50 50 50 36 13 50 50 2 28 29 18 2 20 26 38 50 2 6 50 49 41 40 19 11 50 3 22 20 21 13 50 40 50
26 45 50 2 42 6 45 9 50 21 19 3 50 50 30 40 16 50 50 2 13 39 50 42 34 2 12 50 1 50 50 50 39 50 8 31 20 4 50 50 50 50 50 50 50 2 48 31 11 12 50 25 50 21 33 50 16 24 10 45 47 36 50 8 30 50 50 9 6 50 50 4 41 28 50 50 50 22 23 14 41 50 17 27 30 35 50 6 50 2 47 1 50 35 50 41 50 20 50 34 38 35 50 50 3 41 50 33 6 45 50 44 38 20 12 50 13 7 42 9 38 47 35 50 36 38 50 34 23 31 47 19 32 4 6 50 5 22 30 50 30 29 17 50 50 50 50 30 25 38 45 17 43 42 2 40 50 17 50 50 45 31 14 10 50 37 22 22 27 27 17 34 23 32 15 50 50 45 24 16 6 42 30 50
42 44 50 15 32 50 50 50 2 39 50 27 5 34 50 43 50 16 33 4 50 50 8 50 14 20 3 50 50 50 43 5 24 50 3 50 50 19 8 50 50 36 2 2 50 0 30 50 37 10 18 50 0 32 50 45 50 31 44 46 11 21 50 50 50 50 18 23 3 14 7 28 50 14 29 50 42 48 50 50 50 50 29 50 50 12 37 19 31 50 50 50 20 47 50 17 44 50 22 50 11 35 10 9 18 50 50 48 3 12 42 50 40 30 14 1 41 50 10 2 44 50 16 50 39 49 50 50 1 14 50 3 49 26 42 50 26 25 48 50 40 45 34 3 50 50 32 47 50 6 50 50 50 9 50 11 34 50 50 3 50 39 2 21 17 21 41 39 50 2 1 50 27 12 2 50 50 24 50 50 27 50 50
50 50 45 6 40 25 34 18 50 21 50 50 12 38 50 49 36 46 34 24 39 16 29 50 50 19 50 0 50 33 50 17 48 50 48 50 50 35 50 15 28 10 1 43 50 23 13 50 50 3 27 1 47 50 48 6 36 2 29 15 6 50 6 35 7 26 10 36 28 48 9 8 50 50 50 50 20 3 50 8 32 9 50 50 46 49 37 50 50 49 50 15 50 21 49 29 20 24 44 50 50 50 50 36 50 40 50 48 3 2 35 20 28 50 44 39 50 50 44 50 41 29 26 50 50 50 3 23 8 37 44 16 49 21 50 43 50 43 50 37 19 50 50 14 45 50 24 35 50 29 25 23 50 32 11 21 49 50 40 50 50 17 34 39 9 50 50 50 41 8 50 4 21 49 50 50 16 28 26 4 50 50
28 25 50 50 41 50 10 33 50 50 50 22 50 50 50 25 26 50 50 33 50 50 50 13 47 4 50 50 23 32 4 50 15 50 50 25 44 50 30 50 50 11 1 28 50 35 50 50 50 50 42 26 3 4 37 50 24 21 13 39 6 4 37 50 1 50 33 50 6 2 41 21 36 0 47 46 9 12 9 39 16 34 4 1 3 50 50 48 12 48 21 50 45 50 0 42 50 4 16 21 50 50 50 9 12 40 23 17 47 24 10 35 50 32 21 10 9 8 33 15 43 40 12 50 36 22 30 24 37 16 50 24 50 32 14 5 50 50 21 12 17 41 37 8 12 4 2 19 50 22 38 37 44 38 14 50 23 45 50 40 50 50 49 50 50 22 18 49 30 50 41 13 44 24 5 29 50 28 50 14 50
50 31 45 50 50 24 19 50 16 11 19 5 50 35 50 50 17 41 20 50 50 0 50 50 9 17 12 42 16 42 4 23 13 39 3 38 50 11 37 6 38 31 3 14 6 50 50 20 31 29 50 14 50 47 50 21 37 8 23 3 50 31 48 40 21 50 2 27 27 33 25 50 31 5 30 38 50 50 50 37 41 8 38 30 50 29 50 12 34 35 4 25 43 33 0 50 29 0 11 18 30 31 50 50 37 19 50 0 50 50 50 13 50 50 16 41 37 50 50 7 26 40 34 50 17 35 40 50 10 13 19 36 6 4 39 26 50 0 30 50 50 50 1 29 49 50 32 21 50 41 7 50 50 50 40 42 46 12 32 1 2 50 49 31 28 6 10 8 44 5 33 0 31 24 39 5 0 50 35 50
33 36 44 50 14 3 50 50 5 44 20 50 26 2 33 42 7 50 9 1 37 47 50 40 50 4 50 50 18 15 39 43 9 24 40 50 40 40 37 50 50 21 50 50 35 50 50 39 50 50 9 6 50 50 0 50 30 50 50 2 27 32 42 44 50 45 30 31 38 22 37 34 2 50 50 45 8 24 49 45 0 50 31 30 1 32 34 42 13 50 16 30 50 12 42 21 50 50 19 0 2 50 16 50 49 50 49 45 50 9 2 50 50 27 17 0 50 34 12 38 36 50 15 50 28 30 0 8 33 3 27 50 13 1 4 19 24 44 28 50 50 50 24 50 50 16 3 31 16 31 11 50 50 1 50 39 43 37 50 40 0 39 9 0 17 50 17 41 50 50 43 50 4 50 10 50 38 42 50
50 3 17 42 50 38 50 30 50 50 49 13 50 41 50 12 50 22 41 50 45 37 24 36 33 3 50 0 23 34 50 50 7 50 50 9 50 50 20 50 50 8 50 26 25 50 23 43 42 15 46 12 35 50 34 50 1 50 18 46 4 50 50 50 50 40 39 50 18 11 45 33 1 46 16 9 24 13 13 50 5 32 50 40 50 24 14 49 48 50 46 50 50 38 34 50 35 38 15 3 22 24 34 29 50 50 46 38 26 33 33 15 50 4 40 50 0 50 50 50 50 50 41 50 50 50 50 27 11 50 50 37 43 24 11 8 8 50 28 22 50 33 8 50 28 37 24 50 50 50 50 15 47 42 50 5 5 38 46 14 42 50 16 7 50 42 50 50 48 10 37 50 23 23 27 9 47 50
7 50 31 27 47 18 2 12 50 50 47 18 42 12 47 50 50 11 50 50 41 14 50 50 46 50 46 50 39 50 29 50 50 21 20 22 30 16 50 23 50 50 50 20 43 27 50 15 50 19 5 36 27 19 50 49 43 40 23 16 50 47 14 35 28 50 7 44 48 14 2 8 28 50 16 50 28 5 50 50 28 25 50 9 50 50 49 20 17 47 50 19 49 15 50 50 50 50 3 21 50 29 8 24 50 39 19 28 50 29 25 48 9 46 50 30 2 50 22 50 13 50 3 26 22 49 50 50 29 43 50 34 50 14 48 50 28 34 50 46 33 18 15 1 50 6 39 37 42 10 31 7 19 49 50 10 17 50 15 28 4 26 0 50 50 50 50 30 34 30 50 26 15 47 40 11 50
26 44 23 50 19 40 45 46 39 50 50 50 50 49 25 36 43 50 50 45 18 30 49 50 35 16 36 50 2 36 3 50 34 43 35 36 45 44 50 36 1 50 50 43 21 6 50 3 41 50 50 50 14 12 22 50 50 50 4 42 50 50 50 2 38 50 50 18 0 19 48 37 49 20 9 14 47 31 14 46 10 47 10 50 43 4 50 12 50 50 50 17 50 34 36 50 39 28 28 5 50 50 14 14 18 45 50 11 42 12 50 15 50 21 12 44 24 29 5 20 14 50 41 6 50 32 5 34 32 5 27 45 43 50 19 48 50 47 50 14 16 28 12 50 13 5 50 26 15 42 50 50 50 36 50 15 50 50 31 50 12 41 50 50 50 50 50 3 50 23 50 2 50 0 23 50
19 50 50 50 39 50 49 28 16 50 17 33 50 50 36 50 50 50 31 18 50 50 36 26 50 50 50 50 50 50 50 11 50 12 37 50 50 50 49 26 50 50 50 48 50 50 47 40 28 33 31 9 50 40 50 50 29 5 50 50 49 43 27 30 33 29 46 50 23 3 18 34 23 0 50 50 50 50 50 50 19 41 15 40 1 50 24 50 23 50 9 50 50 41 23 50 3 28 7 50 24 50 50 7 50 10 11 50 0 50 50 30 50 2 50 50 7 46 42 42 10 22 0 15 1 32 11 2 14 50 12 32 9 35 29 50 50 50 50 30 5 6 36 50 50 43 27 50 50 50 41 50 35 15 22 13 4 50 24 50 50 18 50 16 21 50 50 39 11 50 50 45 50 9 50
40 50 50 50 43 0 17 50 50 9 43 50 20 50 50 37 49 47 22 33 15 50 44 16 50 10 50 33 50 38 18 50 50 9 50 8 32 50 48 50 50 50 34 50 50 26 50 50 50 5 40 33 22 50 50 29 23 22 50 10 19 50 8 16 45 50 50 50 37 50 13 34 19 50 14 8 50 19 24 35 50 50 50 26 50 18 50 14 4 50 39 24 49 6 9 24 19 30 15 50 6 50 49 26 41 50 50 50 15 43 15 49 50 43 12 4 50 5 38 50 17 27 29 14 27 14 25 50 50 28 43 50 50 13 39 50 50 50 22 5 1 36 18 50 50 45 7 50 13 50 50 14 47 14 0 24 16 3 50 50 50 11 7 38 50 50 18 18 31 3 48 50 30 50
20 29 6 50 7 16 34 46 29 48 46 50 50 44 43 45 44 50 50 34 50 50 40 36 50 9 50 50 31 50 44 50 6 50 14 37 50 43 14 50 24 3 3 38 14 50 50 50 42 50 10 15 19 48 44 26 49 0 19 50 50 26 28 50 38 50 36 41 13 41 50 3 23 50 6 37 1 1 16 50 5 19 50 28 43 50 50 50 49 37 50 50 26 37 0 28 41 50 8 28 8 29 35 50 17 18 33 50 22 50 21 19 50 50 50 4 50 19 17 33 40 50 50 50 50 5 50 39 19 29 2 13 50 16 50 50 18 50 49 50 27 42 32 45 50 49 5 31 50 50 50 4 18 50 32 2 25 50 50 50 43 19 11 26 50 20 28 10 28 50 31 26 50
50 40 50 16 38 36 7 2 38 50 50 26 50 6 38 50 42 50 50 14 34 10 50 50 3 8 50 12 23 50 50 21 50 1 1 50 41 16 23 15 28 50 50 16 50 49 49 48 23 25 50 50 50 21 4 33 13 50 20 11 50 50 26 49 13 8 35 31 50 50 27 35 25 28 0 50 44 30 50 25 50 26 23 44 50 42 50 24 50 19 50 21 4 31 4 50 25 25 43 13 14 0 45 50 30 41 50 29 48 50 50 12 12 10 33 50 1 50 50 12 38 50 12 50 50 5 21 39 50 27 4 8 23 7 28 15 17 44 0 4 50 29 39 50 50 30 27 48 13 50 50 46 50 50 27 45 50 37 7 33 45 50 41 50 23 31 37 15 44 50 38 50
34 33 19 22 50 25 50 46 50 43 26 50 42 50 50 50 18 24 50 50 25 50 37 50 14 50 50 50 43 38 44 50 50 23 50 50 50 24 4 50 50 50 38 50 50 21 43 50 21 50 50 44 50 50 10 31 6 37 50 50 27 31 13 24 6 36 50 50 24 50 42 46 15 50 29 50 11 50 6 50 0 50 4 50 50 35 50 48 41 37 23 50 24 30 50 17 50 50 50 31 50 31 50 23 28 7 32 0 50 7 22 24 50 50 46 45 25 50 50 50 50 27 50 50 41 29 27 6 42 24 13 50 47 5 39 31 29 42 50 50 34 50 50 50 17 50 50 46 5 12 50 50 50 50 45 1 50 50 50 22 50 4 3 50 50 40 44 40 50 50 50
50 15 50 50 50 36 34 50 50 9 17 50 3 7 50 44 41 47 31 50 22 13 37 40 19 50 50 24 41 38 29 1 50 42 50 18 21 18 12 50 50 1 18 38 25 50 50 50 50 26 19 19 44 5 33 50 50 11 30 50 50 16 50 28 9 13 50 46 50 50 34 26 17 31 50 48 24 11 39 48 16 50 17 26 11 45 50 49 47 47 50 50 50 46 50 0 34 29 23 50 4 25 50 50 14 50 50 50 36 0 13 23 0 50 50 50 16 49 50 50 16 26 42 50 19 2 50 32 20 11 50 43 23 13 25 30 50 19 30 50 50 50 14 50 17 28 43 13 50 24 42 21 28 44 27 50 50 0 50 10 24 25 50 38 50 8 2 50 50 50
50 50 25 50 50 20 50 50 2 15 50 15 9 50 31 50 27 50 16 50 50 50 50 50 6 50 10 50 11 17 36 50 0 49 50 10 18 43 30 50 30 50 30 12 50 50 20 50 50 50 50 46 27 47 45 38 29 40 17 50 21 17 50 19 41 28 49 50 50 23 46 10 8 39 3 5 2 40 47 27 46 36 50 26 50 31 41 9 50 40 43 50 50 11 32 50 50 50 19 17 47 50 50 27 26 50 1 17 50 50 37 13 50 50 50 19 26 50 5 50 20 15 49 45 7 40 1 46 38 19 11 3 50 50 9 50 21 9 6 50 7 42 11 13 0 27 47 6 9 50 28 38 35 50 24 50 50 50 43 45 48 2 3 27 32 50 21 2 50
15 15 39 26 50 18 45 28 18 2 9 30 39 14 50 50 41 10 35 50 43 50 4 27 24 13 44 43 50 50 34 4 40 50 48 43 50 50 50 50 47 50 50 50 50 32 40 30 11 30 50 5 19 47 5 8 5 39 43 1 21 50 33 36 16 6 8 6 50 39 50 24 5 7 50 17 34 50 31 50 25 50 50 45 50 38 3 42 1 50 50 50 17 27 46 24 38 50 42 39 50 46 48 50 50 50 45 50 50 27 50 50 15 43 50 50 17 50 7 20 29 50 48 50 41 29 37 29 10 50 50 20 40 16 50 2 48 21 28 50 50 34 15 29 25 50 50 50 27 36 50 16 8 50 27 12 1 13 50 37 16 8 43 10 10 31 42 50
50 50 15 50 26 50 50 3 23 50 23 50 6 50 40 50 13 17 1 50 50 50 17 50 50 50 50 5 50 22 37 50 9 50 28 0 50 40 8 7 11 18 33 32 46 38 32 29 21 50 50 50 24 38 16 18 18 21 4 25 50 49 49 24 17 33 50 13 20 50 50 49 17 40 21 40 36 30 27 50 11 38 50 50 14 24 50 29 50 18 22 19 50 50 50 31 8 50 46 40 39 26 21 50 17 27 50 17 29 46 24 10 47 50 37 50 50 50 46 37 42 2 50 44 3 34 16 37 17 50 4 8 10 2 25 29 18 50 48 19 30 50 0 31 50 2 50 50 26 47 21 34 29 43 45 50 50 40 1 50 33 20 35 37 27 21 50
6 50 38 48 2 41 22 47 50 50 0 38 38 38 49 36 37 39 42 50 50 9 50 28 50 0 48 50 50 50 30 44 24 50 19 49 50 34 36 13 38 17 18 29 14 40 0 18 50 14 32 37 50 50 50 29 49 10 35 50 1 6 32 50 27 49 32 50 20 7 50 20 49 21 42 37 50 5 50 24 2 19 9 1 46 47 50 20 36 19 50 25 50 26 32 20 34 3 17 50 40 50 50 50 50 50 50 18 50 50 50 50 29 50 13 50 33 2 50 0 37 38 50 32 27 11 12 50 33 39 45 22 33 31 50 21 47 14 35 41 24 50 48 22 50 50 12 37 50 50 50 49 3 27 9 1 38 10 17 38 18 21 50 50 31 50
27 50 13 33 12 48 35 28 16 50 28 50 22 26 5 9 25 37 41 50 30 50 8 41 19 23 36 16 50 50 38 50 50 34 32 50 23 24 16 39 32 5 10 35 7 8 50 29 40 12 50 26 36 50 50 48 28 40 4 14 21 50 50 14 32 1 50 4 50 3 1 50 42 23 35 50 33 50 34 50 14 48 50 50 36 50 50 39 21 50 15 7 12 16 43 36 50 3 50 32 18 50 45 50 50 15 9 50 31 4 45 5 50 34 36 39 50 9 50 17 18 50 37 21 20 36 19 4 34 2 5 5 28 50 8 48 32 6 8 50 48 20 21 50 13 1 29 46 7 13 42 50 50 18 50 50 35 32 40 49 36 50 50 32 50
50 50 23 23 50 10 50 50 50 20 50 50 50 31 10 49 16 22 22 50 50 41 3 39 17 4 46 50 11 50 50 50 44 50 39 38 13 18 35 50 30 50 3 50 22 5 40 50 16 50 50 50 50 8 3 30 22 50 50 2 21 34 31 10 5 50 39 1 50 7 20 25 50 27 50 50 18 24 50 21 35 12 16 9 50 29 25 50 50 19 40 50 50 50 50 50 16 34 32 3 11 50 50 0 50 43 21 41 50 41 10 50 21 50 43 50 40 33 6 16 50 50 44 21 50 50 50 50 50 50 50 39 36 18 18 2 18 50 40 22 50 50 14 49 50 41 21 50 2 28 50 50 4 50 29 50 50 50 48 50 35 11 18 50
36 45 50 38 22 47 50 24 40 46 44 50 3 50 48 50 15 50 34 50 14 3 34 4 47 37 41 8 47 50 50 50 2 10 42 46 45 7 50 50 50 34 49 50 3 0 36 16 50 25 28 37 39 50 50 11 1 19 50 50 3 50 9 11 30 48 50 5 50 50 45 50 1 16 39 30 48 37 50 27 34 2 50 7 21 14 50 16 50 50 50 50 33 19 32 15 37 34 50 47 50 3 42 50 45 50 29 42 0 4 50 18 50 50 50 14 7 9 50 50 46 42 49 7 46 48 32 20 50 50 50 50 13 5 20 50 50 30 30 50 37 27 5 45 13 12 50 11 25 31 12 50 41 50 27 25 44 16 50 18 50 33 50
50 50 13 50 31 50 3 50 50 34 27 40 49 5 5 36 50 26 50 19 50 50 9 43 50 49 46 44 13 38 23 50 41 33 5 50 50 50 7 50 50 7 43 10 3 20 43 50 50 46 46 50 50 50 46 20 50 27 5 31 38 50 32 1 8 16 15 50 18 50 14 6 10 12 50 50 22 40 15 21 15 37 50 50 28 27 23 50 24 50 3 11 2 46 50 9 25 44 6 31 49 11 50 16 37 43 50 10 28 50 6 50 37 45 4 50 31 30 3 8 27 10 17 20 35 50 48 50 50 0 36 50 43 50 23 16 4 3 50 50 41 45 50 7 23 18 42 50 21 22 47 50 38 7 41 5 50 50 42 41 30 50
50 3 50 31 50 14 11 21 50 8 32 38 35 50 16 40 50 50 29 45 50 50 36 50 27 6 50 50 47 50 12 15 42 34 50 50 10 31 9 50 8 50 50 9 12 0 50 50 50 22 9 50 11 50 37 50 37 16 7 45 27 50 50 9 21 29 50 46 20 48 50 15 20 1 12 13 50 44 27 50 2 36 30 50 26 50 50 10 7 13 36 41 24 50 50 24 27 33 49 50 17 5 22 50 33 44 15 43 25 45 42 50 37 25 6 45 28 50 50 50 24 35 50 36 30 50 28 18 12 35 0 49 16 0 50 17 0 23 23 48 30 50 8 45 42 50 50 6 50 50 47 6 24 46 50 50 43 11 50 36 50
14 34 50 50 6 25 50 13 24 50 50 50 50 23 41 50 42 46 21 22 50 19 45 44 50 50 50 31 50 12 44 17 41 50 40 15 48 50 8 29 19 39 7 10 26 26 46 22 37 0 27 4 16 41 34 4 50 12 50 33 44 10 50 5 50 35 50 47 13 8 32 1 50 31 45 1 18 49 30 50 18 44 34 50 20 40 37 27 50 43 50 31 50 6 10 50 12 34 50 13 50 50 33 18 34 50 50 1 50 40 8 32 36 50 2 50 50 6 50 22 50 31 18 50 50 36 15 50 50 12 40 34 50 0 42 24 34 29 50 28 43 38 50 24 15 33 34 50 50 50 20 50 21 32 12 8 50 34 50 50
7 10 50 50 30 33 21 50 6 50 39 50 26 50 50 50 8 50 50 50 50 50 50 5 50 47 50 50 2 34 18 21 23 50 37 46 10 28 50 18 31 11 50 0 45 29 10 50 9 50 26 50 50 14 50 13 50 10 50 6 9 7 48 9 11 48 6 50 48 3 49 9 21 21 16 19 11 50 5 46 50 50 50 28 38 27 19 41 17 2 26 10 50 27 19 50 24 50 50 50 0 50 13 30 0 50 6 22 17 50 24 50 50 50 12 31 50 19 49 13 50 28 50 50 50 50 50 34 37 22 50 50 50 43 7 0 48 50 50 50 50 24 50 44 9 18 48 50 50 50 11 38 28 50 7 31 50 43 50
3 50 34 3 50 19 43 45 50 11 8 21 50 34 32 20 6 31 43 50 50 22 38 14 26 50 34 50 37 50 50 50 44 28 4 11 47 9 50 4 6 30 13 27 35 50 10 11 1 45 37 4 1 7 50 50 50 50 50 13 22 25 50 50 0 29 36 1 24 37 50 50 43 17 50 43 43 50 32 46 9 50 9 30 44 50 1 50 50 50 50 50 14 36 50 50 23 50 50 7 49 50 50 7 50 17 31 44 50 50 0 8 26 18 48 50 43 50 9 27 41 6 1 15 7 50 20 15 8 28 50 50 48 5 50 50 24 43 18 50 50 5 1 4 35 6 6 32 15 41 14 2 36 50 50 50 50 50
24 50 7 50 50 50 24 15 50 29 50 14 15 50 35 11 50 50 50 25 15 36 27 25 50 30 50 20 50 8 47 47 23 23 38 0 27 50 42 27 50 13 32 12 43 14 49 0 40 50 19 50 44 13 1 50 50 50 31 1 26 50 50 30 14 41 50 43 7 8 32 50 50 50 17 0 20 50 33 50 45 16 50 15 4 50 37 32 23 27 11 10 34 1 50 39 50 11 16 33 17 16 5 12 3 50 50 30 50 17 11 50 50 34 50 50 50 9 16 17 50 50 27 44 13 0 50 50 0 47 21 5 7 41 50 50 0 30 50 46 2 50 18 31 50 28 11 5 50 1 4 1 29 50 6 18 50
10 50 11 44 17 27 50 25 14 50 42 50 13 41 27 48 20 50 50 18 12 41 50 35 27 36 50 50 39 7 50 7 50 37 3 4 3 50 50 50 50 44 50 50 28 32 31 25 0 50 50 50 50 50 43 40 50 32 50 50 13 50 36 41 45 43 3 50 2 50 25 27 50 50 50 13 25 34 27 42 50 39 50 8 50 32 6 49 50 15 18 50 50 50 16 7 8 50 50 50 4 5 42 50 50 18 9 47 43 50 39 44 38 16 37 23 50 50 36 42 21 7 3 22 50 50 42 50 50 50 46 50 47 44 50 21 24 50 48 30 8 33 1 20 8 14 50 50 12 6 27 46 46 30 14 50
4 46 50 27 50 38 44 2 50 50 50 12 50 50 40 50 30 8 20 50 11 41 45 50 50 50 5 50 28 4 12 1 39 27 50 10 50 50 47 1 50 50 5 50 22 6 42 19 50 21 50 46 50 50 41 50 35 50 50 45 50 28 37 2 36 46 34 6 50 32 49 50 29 50 34 50 45 7 13 48 50 19 13 44 50 50 2 16 25 50 6 50 50 25 19 26 50 41 31 3 50 23 50 29 35 0 36 11 31 50 50 50 50 15 5 43 28 0 9 13 50 7 50 50 37 20 50 31 17 9 14 5 11 18 50 50 12 32 50 33 9 36 50 50 3 50 40 13 50 5 19 50 50 50 50
21 16 42 35 50 15 35 35 50 45 47 2 50 50 10 50 25 36 6 26 0 5 32 50 4 50 50 21 13 15 38 50 50 50 16 9 13 3 2 22 31 9 7 26 24 19 18 50 32 50 10 20 19 50 50 11 30 20 0 9 6 18 50 22 38 19 2 50 9 7 50 6 50 49 22 30 50 50 45 9 2 12 50 17 50 50 50 30 50 7 50 41 29 41 9 50 50 39 50 50 29 50 17 50 17 3 43 38 8 21 48 50 50 50 17 50 47 36 22 50 5 39 50 50 50 50 14 50 1 8 7 15 3 29 31 23 47 0 30 50 34 5 50 34 50 50 50 23 50 50 27 3 37 50
28 22 30 20 34 12 12 50 35 50 21 47 50 4 26 46 4 50 34 0 50 7 26 39 21 9 2 48 43 25 11 12 18 36 50 48 48 31 11 7 16 50 38 50 22 50 50 45 16 17 27 50 40 50 12 50 32 22 35 50 46 44 28 8 1 11 50 22 50 18 50 50 50 30 14 50 39 8 46 48 40 50 44 21 27 50 23 20 50 37 50 34 30 4 50 22 6 23 20 8 11 50 39 35 13 20 50 50 50 35 50 17 50 46 27 3 50 50 50 44 50 38 44 23 5 8 32 8 34 38 34 50 19 14 33 36 35 25 50 9 50 34 28 46 50 42 50 8 50 42 33 50 50
50 16 44 25 50 34 15 50 45 50 29 45 50 50 22 50 10 13 50 50 18 44 43 31 46 50 44 34 50 32 4 28 21 7 43 43 39 46 16 47 27 50 50 3 50 34 50 37 27 28 49 50 22 3 50 8 50 50 50 50 50 34 50 50 50 48 15 44 50 15 7 50 50 50 1 50 40 50 50 25 50 30 7 36 44 50 47 50 49 35 4 50 29 49 50 29 50 19 50 17 50 5 49 50 19 50 50 7 47 30 3 50 45 43 1 1 38 25 31 50 44 50 11 50 19 38 11 4 50 32 6 50 39 22 26 45 33 50 4 50 50 50 2 35 20 50 32 47 29 27 50 50
50 36 50 50 17 50 50 45 24 32 50 16 50 50 4 50 5 16 21 50 29 15 42 50 50 39 50 41 50 50 23 33 50 12 50 42 25 44 50 50 24 48 50 50 2 50 50 50 50 41 50 50 24 30 50 50 38 32 46 49 50 50 50 10 11 50 50 26 18 19 17 49 50 41 50 50 50 43 50 50 28 28 25 3 50 8 50 1 50 50 40 13 23 50 50 34 50 44 23 35 50 4 20 33 47 32 24 50 20 7 14 50 50 14 5 50 50 47 47 50 3 37 35 50 50 50 50 33 38 30 16 15 10 9 50 32 50 27 50 41 31 47 3 50 1 50 39 50 3 23 50
50 50 23 16 31 40 36 18 50 42 11 2 45 50 0 48 50 11 19 50 50 50 42 32 50 47 44 50 50 28 50 49 2 35 35 50 18 41 12 50 16 6 48 50 31 42 11 38 42 50 2 50 10 22 47 39 8 14 3 11 5 46 38 27 50 16 9 12 50 25 11 39 19 47 29 41 50 40 42 24 43 46 50 35 33 1 15 41 39 11 50 35 20 37 37 12 50 10 42 41 50 11 3 22 36 50 50 10 10 7 42 50 39 10 27 50 32 50 44 50 35 19 27 50 50 47 2 50 17 6 37 2 50 43 50 43 38 50 34 42 39 15 44 33 41 31 39 49 50 50
50 11 41 37 50 50 24 50 8 14 50 7 50 50 38 50 16 22 14 50 36 50 35 1 21 50 50 13 7 50 50 50 46 7 50 20 50 50 13 50 50 50 15 36 11 39 50 3 20 40 18 27 17 50 16 26 33 37 15 29 50 16 50 46 15 14 45 46 11 50 50 1 10 36 12 31 37 50 50 6 50 50 18 14 50 50 3 47 21 3 27 39 11 50 50 50 50 40 33 32 37 50 49 27 50 26 22 50 26 35 1 24 50 50 1 22 29 16 43 2 29 50 4 38 50 44 29 20 41 34 0 22 6 50 50 35 50 44 28 10 31 34 17 50 17 22 13 50 50
50 12 29 39 1 44 44 50 15 27 50 5 50 50 43 50 18 17 50 17 19 30 11 50 27 50 15 31 1 4 24 50 50 0 36 18 45 20 33 41 1 50 50 6 50 50 44 6 43 50 50 43 8 40 45 50 21 33 42 3 46 43 50 0 50 50 5 50 48 50 50 35 1 16 47 50 6 50 47 17 37 50 13 42 50 5 50 50 37 7 9 47 50 50 13 50 15 45 18 0 50 15 12 39 50 41 34 50 20 49 35 0 49 29 50 50 50 49 30 25 1 37 14 39 9 50 13 50 37 38 50 50 50 50 8 28 50 36 45 2 43 50 24 36 44 7 24 50
18 38 50 3 29 4 8 41 6 40 50 33 50 50 4 1 28 7 50 13 2 38 50 50 50 18 17 12 8 45 6 11 50 13 50 50 6 50 5 13 50 17 50 50 50 44 1 12 50 50 36 14 1 49 50 30 50 27 36 14 0 50 50 50 14 50 50 26 50 24 50 50 50 20 45 31 46 0 50 34 36 31 12 50 26 37 50 49 11 50 40 48 6 10 19 20 32 50 6 7 50 42 9 50 47 7 40 17 50 36 45 43 50 18 44 17 50 16 9 22 50 20 44 1 6 14 41 6 28 50 50 50 35 44 50 2 50 50 50 50 47 50 50 7 43 30 50
32 29 50 48 50 50 11 50 3 3 50 13 50 50 50 18 20 5 50 28 50 0 44 50 50 42 50 50 21 15 50 16 50 50 50 50 39 4 50 45 5 45 32 50 47 14 8 50 50 45 50 43 50 48 38 50 35 38 4 8 50 6 50 50 50 50 50 47 27 50 46 50 50 17 50 35 18 50 39 50 34 50 32 4 2 3 22 44 30 50 26 50 46 9 38 24 50 17 25 31 20 41 50 39 50 9 50 26 50 10 50 50 16 50 50 19 37 38 26 12 49 50 50 50 23 50 25 40 50 13 36 6 50 47 21 25 17 50 1 42 50 6 50 50 33 50
13 50 50 50 1 50 50 38 19 50 28 50 46 47 50 50 43 14 22 45 19 50 11 31 50 50 15 33 50 50 50 50 29 50 8 27 6 33 5 40 8 19 11 7 4 28 39 50 8 33 16 17 4 34 50 50 3 9 50 50 50 50 50 32 17 50 23 50 50 50 13 29 50 50 50 50 46 36 19 26 50 19 45 9 50 50 50 11 50 46 12 50 20 49 36 14 30 4 0 22 1 50 25 10 50 2 13 7 38 43 50 1 22 50 50 50 24 37 50 19 50 13 9 2 37 50 46 50 50 41 47 24 0 50 7 50 50 50 23 37 50 25 50 50 50
15 30 35 2 6 9 50 43 48 42 50 50 50 35 42 38 50 24 50 16 50 35 50 42 11 12 43 24 22 50 25 19 50 42 50 50 50 44 22 0 48 50 11 16 33 19 50 50 7 12 50 34 34 26 50 15 38 10 26 50 43 33 16 6 21 50 0 34 50 15 50 39 50 30 14 50 3 19 0 28 43 50 50 26 45 50 50 50 50 39 20 32 10 38 50 22 10 14 4 49 46 50 50 1 7 2 4 11 50 38 24 48 50 50 19 50 50 39 33 28 36 45 50 20 35 50 50 6 50 14 22 47 18 33 32 50 50 33 50 37 50 6 50 50
38 50 0 50 50 20 50 8 12 50 18 39 50 31 18 50 1 28 50 48 50 50 46 26 50 24 8 16 35 17 50 7 6 50 50 22 14 50 36 38 40 40 5 50 50 50 1 38 27 35 13 25 13 50 21 50 36 28 28 50 20 13 39 40 16 50 50 35 30 33 50 31 49 32 46 50 50 50 50 36 50 21 29 50 50 50 50 50 17 45 19 13 6 50 16 13 50 13 50 17 4 28 25 40 21 42 50 25 50 11 26 50 17 50 33 49 9 46 41 3 50 50 40 8 34 0 43 25 44 43 50 50 50 28 50 45 28 7 36 20 16 34 50
2 50 50 31 50 13 50 34 50 48 17 50 50 35 10 37 25 7 43 31 37 50 39 1 33 35 22 19 42 28 24 12 42 50 8 13 43 39 41 44 22 15 50 50 1 26 50 26 2 12 4 50 44 1 19 40 10 50 3 50 50 48 47 50 42 22 11 10 50 50 50 43 46 50 13 50 22 50 20 50 27 50 22 41 50 0 50 50 50 2 9 31 50 24 9 30 44 46 10 43 47 14 41 5 50 2 3 24 48 6 41 50 50 33 32 25 50 39 50 20 50 7 50 48 22 50 8 50 19 0 50 5 47 50 25 26 44 50 35 50 45 50
50 50 50 28 50 29 25 50 50 50 15 50 50 28 50 3 50 50 41 19 13 13 50 20 10 50 33 31 22 21 50 30 22 23 50 50 44 20 30 50 50 26 50 15 50 50 50 50 50 32 13 20 30 33 13 50 20 22 4 1 50 6 50 39 50 5 33 5 50 16 50 9 2 11 50 2 7 28 20 44 50 49 28 50 9 21 36 27 6 2 25 33 44 50 0 50 32 50 26 2 43 50 24 50 47 50 13 17 50 5 28 4 48 50 49 48 50 33 35 2 50 29 8 26 14 43 3 50 50 50 28 47 50 1 42 23 50 27 26 0 50
24 29 14 47 4 17 50 50 3 50 50 35 38 13 20 28 27 50 2 39 50 18 18 50 32 50 34 14 35 37 29 50 9 45 50 50 50 50 50 8 33 50 50 39 9 49 50 50 27 36 50 50 30 50 50 50 6 50 3 49 27 50 5 46 49 19 26 44 50 50 50 0 34 9 50 12 50 50 47 50 6 50 30 1 43 50 0 50 50 37 50 50 10 28 50 50 50 23 48 50 20 45 25 50 29 26 36 49 28 35 45 50 27 18 50 50 50 50 50 50 10 42 50 28 50 49 37 32 12 50 5 50 50 43 22 37 50 50 50 50
23 42 50 50 7 50 48 10 50 50 13 50 10 26 50 50 50 50 50 37 50 28 47 26 50 50 13 13 43 50 21 44 50 50 50 15 50 4 50 4 41 45 23 16 43 39 10 18 24 2 50 20 50 50 8 49 36 50 50 8 9 50 27 10 30 10 0 50 46 39 50 50 38 9 27 17 28 50 50 8 40 37 29 35 33 19 38 19 7 22 50 47 23 50 24 32 50 22 33 4 12 30 33 50 1 25 45 21 9 26 25 10 46 0 1 37 17 50 50 50 8 22 50 50 29 47 50 50 46 50 47 50 29 30 38 50 34 44 50
30 50 37 12 27 50 50 49 1 47 50 9 50 48 11 6 5 50 23 16 25 50 22 13 49 47 50 33 50 50 14 50 33 50 21 31 50 46 50 36 50 13 26 45 12 50 41 18 50 8 31 50 45 50 50 50 50 24 0 50 10 6 46 16 18 50 43 29 25 50 50 50 50 3 50 47 43 50 36 50 50 38 50 42 22 50 50 11 50 50 11 50 50 38 30 36 50 4 32 46 24 14 23 2 50 50 31 43 34 46 50 36 50 46 8 5 46 50 47 43 47 16 50 26 50 50 20 17 47 35 19 7 50 18 33 26 14 50
50 34 35 50 50 50 3 50 50 35 39 30 10 40 50 50 1 2 28 14 5 8 50 50 0 34 24 18 12 14 11 42 50 11 36 50 50 50 8 42 19 50 3 20 50 50 42 50 42 9 50 40 50 50 50 50 0 29 42 46 26 32 4 50 11 36 21 21 44 19 17 27 22 50 49 50 50 50 37 32 50 36 11 34 48 6 50 50 50 50 16 50 31 13 11 50 27 50 40 40 22 50 50 39 33 50 42 17 20 30 50 36 37 47 16 12 50 11 50 20 49 25 47 50 50 20 2 43 33 50 50 0 50 50 10 31 50
50 27 40 50 39 18 50 50 50 50 24 17 7 27 19 50 25 50 50 50 30 50 35 26 48 50 50 15 50 50 45 30 7 16 13 34 42 21 40 50 35 50 50 6 4 50 50 50 32 50 48 13 50 37 47 28 13 49 15 8 39 50 38 22 30 50 16 4 38 50 38 49 50 50 31 50 25 22 45 50 36 50 38 14 37 10 50 2 49 39 33 33 50 14 50 17 18 45 37 28 50 23 21 50 9 50 50 30 22 45 50 38 19 28 36 37 41 38 7 38 50 50 13 50 50 6 3 50 35 20 1 50 36 1 37 50
15 50 50 15 47 18 35 29 22 16 6 26 50 50 37 50 33 50 14 39 43 50 50 50 15 48 31 50 50 13 28 31 50 2 50 21 22 7 12 10 21 5 44 50 37 26 35 40 50 25 25 8 18 50 50 10 7 37 25 50 50 32 3 28 31 39 48 18 17 50 50 45 46 14 34 50 36 50 50 49 50 32 17 11 50 29 0 5 50 50 19 49 50 50 15 50 30 34 50 27 0 34 50 50 50 11 50 25 50 50 50 50 4 50 2 13 50 23 40 20 50 9 19 50 50 50 6 30 15 16 12 3 4 50 50
6 31 12 7 50 26 50 2 37 4 50 34 28 50 41 50 15 50 35 45 50 50 50 47 35 38 47 25 43 1 50 42 8 29 50 50 29 29 18 38 49 10 6 27 40 50 12 50 3 50 22 9 50 31 45 50 32 50 31 7 39 9 34 50 50 22 8 50 50 48 50 9 38 17 50 46 29 6 6 9 50 8 21 50 50 1 45 50 10 50 50 47 9 50 50 50 2 45 10 36 27 50 50 50 10 0 19 37 50 50 50 50 50 36 50 50 50 50 9 50 50 50 29 10 1 50 50 38 46 46 45 25 1 50
13 50 46 50 50 40 50 50 50 15 45 26 40 50 50 50 39 50 49 28 3 47 50 20 4 50 45 50 50 50 50 50 50 40 37 50 27 50 38 8 43 21 11 50 50 9 50 42 11 50 50 50 33 14 38 50 20 50 7 50 6 5 9 39 35 18 32 41 38 4 50 34 8 33 4 48 26 32 50 10 45 27 50 50 50 47 0 6 29 3 50 29 46 24 22 50 7 8 50 10 50 40 33 14 50 9 50 6 50 50 50 50 50 31 18 20 12 47 2 50 33 44 19 18 50 28 0 29 3 49 15 50 50
33 50 50 47 34 50 23 13 39 28 43 25 50 25 34 43 50 37 1 50 26 8 9 45 42 41 50 20 2 2 50 31 12 50 50 50 46 50 6 50 24 48 22 3 45 25 50 48 50 50 50 23 17 1 8 17 2 20 39 20 50 39 29 6 31 50 23 47 21 50 2 47 1 50 29 50 50 23 36 50 50 35 50 45 38 19 38 32 23 4 30 26 50 50 50 13 3 34 19 1 24 39 50 10 4 50 50 34 17 10 2 12 49 50 42 14 10 8 8 11 50 7 50 31 6 50 45 14 50 36 40 50
50 20 50 50 1 13 46 11 50 50 44 14 21 40 15 46 50 37 6 15 26 44 32 50 10 18 43 8 44 8 50 50 38 50 50 50 30 45 14 50 19 50 40 27 3 44 42 50 50 41 14 31 36 10 36 50 31 41 29 2 20 50 40 48 2 50 50 50 26 50 36 5 30 38 18 46 36 50 18 1 50 34 18 18 50 24 50 4 41 50 17 1 50 50 50 23 25 23 6 47 50 50 22 44 29 3 10 7 14 2 50 3 24 20 10 33 38 50 21 50 26 8 44 8 20 21 24 8 37 47 50
50 22 15 50 40 40 10 22 50 38 28 22 50 50 0 50 15 50 50 37 50 8 28 27 50 50 50 11 50 50 50 25 33 38 38 7 15 50 50 50 12 25 35 16 43 50 50 47 50 50 12 50 13 8 47 46 50 29 34 50 10 2 29 50 50 14 15 4 29 1 45 24 5 50 19 50 10 29 50 50 36 50 16 50 16 50 39 50 50 50 50 10 11 47 26 50 50 20 50 4 50 28 21 2 22 35 50 25 16 23 41 35 10 14 20 50 3 8 0 16 36 32 50 50 3 50 14 50 10 50
10 11 50 28 50 48 50 48 10 50 15 22 8 35 2 23 13 6 50 36 39 50 49 50 7 27 50 50 25 45 50 6 35 43 37 37 50 50 41 50 50 50 50 35 24 30 50 34 50 50 32 49 26 50 29 50 29 47 7 6 24 50 46 50 44 13 50 17 28 50 42 18 14 50 50 14 50 24 18 17 15 25 42 50 35 29 5 33 42 50 39 30 49 50 5 50 50 49 0 47 50 42 7 0 29 30 29 44 15 48 50 35 50 20 50 48 40 50 24 50 50 50 25 44 23 50 5 10 50
23 19 34 50 13 13 2 50 0 32 36 50 7 50 11 49 37 33 9 50 12 50 47 50 50 19 36 21 14 50 50 50 50 50 50 50 50 50 50 50 50 50 50 50 50 50 50 50 50 50 50 50 50 50 50 50 50 50 50 46 50 50 50 50 50 50 50 50 50 50 50 50 50 50 32 50 50 50 50 50 50 50 50 50 50 50 50 50 50 50 50 50 50 50 50 50 50 50 50 50 50 50 50 50 50 50 50 50 50 50 50 50 50 50 50 50 50 50 50 50 50 50 50 50 50 50 50 50
50 50 50 50 50 50 50 50 50 50 50 50 50 50 50 50 50 50 50 50 50 50 50 50 50 50 50 50 50 50 50 50 50 50 50 50 50 50 50 50 50 50 50 50 50 50 50 50 50 50 50 50 50 50 50 50 50 50 50 50 50 50 50 50 50 50 50 50 50 50 50 50 50 50 50 50 50 50 50 50 50 50 50 50 50 50 50 50 50 50 50 50 50 50 50 50 50 50 50 50 50 50 50 50 50 50 50 50 50 50 50 50 50 50 50 50 50 50 50 50 50 50 50 50 50 50 50
3 50 50 50 50 50 50 50 50 50 50 50 50 50 50 50 50 50 50 50 50 50 50 50 50 50 50 50 50 50 50 50 50 50 50 50 50 50 50 50 50 50 50 50 50 50 50 50 50 50 50 50 50 50 50 50 50 50 50 50 50 50 50 50 50 50 50 50 50 50 50 50 50 50 50 50 50 50 50 50 50 50 50 50 50 50 50 50 50 50 50 50 50 50 50 50 50 50 50 50 50 50 50 50 50 50 50 50 50 50 50 50 50 50 50 50 50 50 50 50 50 50 50 50 50 50
50 50 50 50 50 50 50 50 50 50 50 50 50 50 50 50 50 50 50 50 50 50 50 50 50 50 50 50 50 50 50 50 50 50 50 50 50 50 50 50 50 50 50 50 50 50 50 50 50 50 50 50 50 50 50 50 50 50 50 50 50 50 50 50 50 50 50 50 50 50 50 50 50 50 50 50 50 50 50 50 50 50 50 50 50 50 50 50 50 50 50 50 50 50 50 50 50 50 50 50 50 50 50 50 50 50 50 50 50 50 50 50 50 50 50 50 50 50 50 50 50 50 50 50 50
50 50 50 50 50 50 50 50 50 50 50 50 50 50 50 50 50 50 50 50 50 50 50 50 50 50 50 50 50 50 50 50 50 50 50 50 50 50 50 50 50 50 50 50 50 50 50 50 50 50 50 50 50 50 50 50 50 50 50 50 50 50 50 50 50 50 50 50 50 50 50 50 50 50 50 50 50 50 50 50 50 50 50 50 50 50 50 50 50 50 50 50 50 50 50 50 50 50 50 50 50 50 50 50 50 50 50 50 50 50 50 50 50 50 50 50 50 50 50 50 50 50 50 50
50 50 50 50 50 50 50 50 50 50 50 50 50 50 50 50 50 50 50 50 50 50 50 50 50 50 50 50 50 50 50 50 50 50 50 50 50 50 50 50 50 50 50 50 50 50 50 50 50 50 50 50 50 50 50 50 50 50 50 50 50 50 50 50 50 36 50 50 50 50 50 50 50 50 50 50 50 50 50 50 50 50 50 50 50 50 50 50 50 50 50 50 50 14 50 50 50 50 50 50 50 50 50 50 50 50 50 50 50 50 50 50 50 50 50 50 50 50 50 50 50 50 50
50 50 50 50 50 50 50 50 50 50 50 50 50 50 50 50 50 50 50 50 50 50 50 50 50 50 50 50 50 50 50 50 50 49 50 50 50 50 50 50 50 50 50 50 50 50 50 50 50 50 50 50 50 50 50 50 50 50 50 50 50 50 50 50 50 50 50 50 50 50 50 50 50 50 50 50 50 50 50 50 50 50 50 50 50 50 50 50 50 50 50 50 50 50 50 50 50 50 50 50 50 50 50 50 8 50 50 50 50 50 50 50 50 50 50 50 50 50 50 50 50 50
50 50 50 50 50 50 50 50 50 50 50 50 50 50 50 50 50 50 50 50 50 50 50 50 50 50 50 50 50 50 50 50 50 50 50 50 50 50 50 50 50 50 50 50 50 50 50 50 50 50 50 50 50 50 50 50 50 50 50 50 50 50 50 50 50 50 50 50 50 50 50 50 50 50 50 50 50 50 50 50 50 50 50 50 50 50 50 50 50 50 50 11 50 50 50 50 50 50 50 50 50 50 50 50 50 50 50 50 50 50 50 50 50 50 50 50 50 50 50 50 50
50 50 50 50 50 50 50 50 50 50 50 50 50 50 50 50 50 50 50 50 50 50 50 50 50 50 50 50 50 50 50 50 50 50 50 50 50 50 50 50 50 50 50 50 50 50 50 50 50 50 50 50 50 50 50 50 50 50 50 50 50 50 50 50 50 50 50 50 50 50 25 50 50 50 50 50 50 50 50 50 50 50 50 50 50 50 50 50 50 50 50 50 50 50 50 50 50 50 50 50 50 50 50 50 50 50 50 50 50 50 50 50 50 50 50 50 50 50 30 50
50 50 50 50 50 50 50 50 50 50 50 50 50 50 50 50 50 50 50 50 50 50 50 50 50 50 50 50 50 50 50 50 50 50 50 50 50 50 50 50 50 50 50 50 50 50 50 50 50 50 50 50 50 50 50 50 50 50 50 50 50 50 50 50 50 50 50 50 50 50 50 50 50 50 10 50 50 50 50 50 50 50 50 50 50 50 50 50 50 50 50 50 50 50 50 50 50 50 50 50 50 50 50 50 50 50 50 50 50 50 50 50 50 50 50 50 50 50 50
50 50 50 50 50 50 50 50 50 50 50 50 50 50 50 50 50 50 50 50 50 50 50 50 50 50 50 50 50 50 50 50 50 50 50 50 50 50 50 50 50 50 50 50 50 50 50 50 50 50 50 50 50 50 24 50 50 50 50 50 50 50 50 50 50 50 50 50 50 50 50 50 50 50 50 50 50 50 50 50 50 50 50 50 50 50 50 50 50 50 50 50 50 50 50 50 50 50 50 50 50 50 50 50 50 50 31 50 50 50 50 50 50 50 50 50 50 50
50 50 50 50 50 50 50 50 50 50 50 50 50 50 50 50 50 50 50 50 50 50 50 50 50 50 50 50 50 50 50 50 50 50 50 50 50 50 50 50 50 50 50 50 50 50 50 50 50 50 50 50 50 50 50 50 50 50 50 50 50 50 50 19 50 50 50 50 50 50 50 50 50 50 50 50 50 50 50 50 50 50 50 50 50 50 50 50 50 50 50 50 50 50 50 50 50 50 50 50 50 50 50 50 50 50 50 50 50 50 50 50 50 50 50 50 50
50 50 30 50 50 50 50 50 50 50 50 50 50 50 50 50 50 50 50 50 50 50 50 50 50 50 50 50 50 50 50 50 50 50 50 50 50 50 50 50 50 50 50 50 50 50 50 50 50 50 50 50 50 50 50 50 50 50 50 50 50 50 50 50 50 50 50 50 50 50 50 50 50 50 50 50 50 50 50 50 50 50 50 50 50 50 50 50 50 50 50 50 50 50 50 50 50 50 50 50 50 50 50 50 50 50 50 50 50 50 50 50 50 50 50 50
50 50 50 50 50 50 50 50 50 50 50 50 50 50 50 50 50 50 50 50 50 50 50 50 50 50 50 50 50 50 50 50 50 50 50 50 50 50 50 50 50 50 50 50 50 50 50 50 50 50 50 50 50 50 50 50 50 50 50 50 50 50 50 50 50 50 50 50 50 50 50 50 50 50 50 50 50 50 50 50 50 50 50 50 50 50 50 50 50 50 50 50 50 50 50 50 50 50 50 50 50 50 50 50 50 50 50 50 50 50 50 50 50 50 50
50 50 50 50 50 50 50 50 50 50 50 50 50 50 50 50 50 50 50 50 50 50 50 50 50 50 50 50 50 50 50 50 50 50 50 50 50 50 50 18 50 50 50 50 50 50 50 50 50 50 50 50 50 50 50 50 50 50 50 50 50 50 50 50 50 50 50 50 50 50 50 50 50 50 50 0 50 43 50 50 50 50 50 50 50 50 50 50 50 50 50 50 50 50 50 50 50 50 50 50 50 50 50 50 50 50 50 50 50 50 50 50 50 50
50 50 50 50 50 50 50 50 50 50 50 50 50 50 50 50 50 50 50 50 50 50 50 50 50 50 50 50 50 50 50 50 50 50 50 50 50 50 50 50 50 50 50 50 50 50 50 50 50 50 50 50 50 50 50 50 50 50 50 50 50 50 50 50 50 50 50 50 50 50 50 50 50 50 50 50 50 50 50 50 50 50 50 50 50 50 50 50 50 50 50 50 50 50 50 50 50 50 50 50 50 50 50 50 50 50 50 50 50 50 50 50 50
50 50 50 50 50 50 50 50 50 50 50 50 50 50 50 50 50 50 50 50 50 50 50 50 50 50 50 50 50 50 50 50 50 50 50 50 50 50 50 50 50 50 50 50 50 50 50 50 50 50 50 50 50 50 50 50 50 50 50 50 50 50 50 50 50 50 50 50 50 50 50 50 50 50 50 50 50 50 50 50 50 50 50 50 50 50 50 50 50 50 50 50 50 50 50 50 50 50 50 50 50 50 50 50 50 50 50 50 50 50 50 50
50 50 50 50 50 50 50 50 50 50 50 50 50 50 50 50 50 50 50 50 50 50 50 50 50 50 50 50 50 50 50 50 50 50 50 50 50 50 50 50 50 50 50 50 50 50 50 50 50 50 50 50 50 50 50 50 50 50 50 50 50 50 50 50 50 50 50 50 50 50 50 50 50 50 50 50 50 50 50 50 50 50 50 50 50 50 50 50 50 50 50 50 50 50 50 50 50 50 50 50 50 50 50 50 50 50 50 50 50 9 50
50 50 50 50 50 7 50 50 50 50 50 50 50 50 50 50 50 50 50 50 50 50 50 50 50 50 50 50 50 50 50 50 50 50 50 50 50 50 50 50 50 50 50 50 50 50 50 50 50 50 50 50 50 50 50 50 50 50 50 50 50 50 50 50 50 50 50 50 50 50 50 50 50 50 50 50 50 50 50 50 50 50 50 50 50 50 50 50 50 50 50 50 50 50 50 50 50 50 50 50 50 50 50 50 50 50 50 50 50 50
50 50 50 50 50 50 50 50 50 50 50 50 50 50 50 50 50 50 50 50 50 50 50 50 50 50 50 50 50 50 50 50 50 50 50 50 50 50 50 50 50 50 50 50 50 50 50 50 50 50 50 50 50 50 50 50 50 50 50 50 50 50 50 50 50 50 50 50 50 50 50 50 50 50 50 50 50 50 50 50 50 50 50 50 50 50 50 50 50 50 50 50 50 50 50 50 50 50 50 50 50 50 50 50 50 50 50 50 50
50 50 50 50 50 50 50 50 50 50 50 50 50 50 50 50 50 50 50 50 50 50 50 50 50 50 50 50 50 50 50 50 50 50 50 50 50 50 50 50 50 50 50 50 50 50 50 50 50 50 50 50 50 50 50 50 50 50 50 50 50 50 50 50 50 50 50 50 50 50 50 50 50 50 50 50 50 50 50 50 50 50 50 50 50 50 50 50 50 50 50 50 50 50 50 50 50 50 50 50 50 50 50 50 50 50 50 50
50 50 50 50 50 50 50 50 50 50 50 50 50 50 50 50 50 50 50 50 50 50 50 50 50 50 50 50 50 50 50 50 50 50 50 50 50 50 50 50 50 50 50 50 50 50 50 50 50 50 50 50 50 50 50 50 50 50 50 50 50 50 50 50 50 50 50 50 50 50 50 50 50 50 50 50 50 50 50 50 50 50 50 50 50 50 50 50 50 50 50 50 50 50 50 50 50 50 50 50 50 50 50 50 50 50 50
50 50 50 50 50 50 50 50 50 50 50 50 50 50 50 50 50 50 50 47 50 50 50 50 50 50 50 50 50 50 50 50 50 50 50 50 50 50 50 50 50 50 50 50 50 50 50 50 50 50 50 50 50 50 50 50 50 50 50 50 50 50 50 50 50 50 50 50 50 50 50 50 50 50 50 50 50 50 50 50 50 50 50 50 38 50 50 50 50 50 50 50 50 50 50 50 50 50 50 50 50 50 50 50 50 50
50 50 50 50 50 50 50 50 50 50 50 50 50 50 50 50 50 50 50 50 50 50 50 50 50 50 50 50 50 50 50 50 50 50 50 50 50 50 50 50 50 50 50 50 50 50 50 50 50 50 50 50 50 50 50 50 50 50 50 50 50 50 50 50 50 50 50 50 50 50 50 50 50 50 50 50 50 50 50 50 50 50 50 50 50 50 50 50 50 50 50 50 50 50 50 50 50 50 50 50 50 50 50 50 50
5 50 50 50 50 50 50 50 50 50 50 50 50 50 50 50 50 50 50 50 50 50 50 50 50 50 50 50 50 50 50 50 50 50 50 50 50 50 50 50 50 50 50 50 50 50 50 50 50 50 50 50 50 50 50 50 50 50 50 50 50 50 50 50 50 50 50 50 50 50 50 50 50 50 50 50 50 50 50 50 50 50 50 50 50 50 50 50 50 50 50 50 50 50 50 50 50 50 50 50 50 50 50 50
50 50 50 50 50 50 50 50 50 50 50 50 50 50 50 50 50 50 50 50 50 50 50 50 50 50 50 50 50 50 50 50 50 50 50 50 50 50 50 50 50 50 50 50 50 50 50 50 50 50 50 50 50 50 50 50 50 50 50 50 50 50 50 50 50 50 50 50 50 50 50 50 50 50 50 50 50 50 50 50 50 50 50 50 50 50 50 50 50 50 50 50 50 50 50 50 50 50 50 50 50 50 50
50 50 50 50 50 50 50 50 50 50 50 50 50 50 50 50 50 50 50 50 50 50 50 50 50 50 50 50 50 50 50 50 50 50 50 50 50 50 50 50 50 50 50 50 50 50 50 50 50 50 50 50 50 50 50 50 50 50 50 50 50 50 50 50 50 50 50 50 50 50 50 50 50 50 50 50 50 50 50 50 50 50 50 50 50 50 50 50 50 50 50 50 50 50 50 50 50 50 50 50 50 50
50 50 50 50 50 50 50 50 50 50 50 50 50 50 50 50 50 50 50 50 50 50 50 50 50 50 50 50 50 50 50 50 50 50 50 50 50 50 50 50 50 50 50 50 50 50 50 50 50 50 50 50 50 50 50 50 50 50 50 50 50 50 50 50 50 50 50 50 50 50 50 50 50 50 50 50 50 50 50 50 50 50 50 50 50 50 50 15 50 50 50 50 50 50 50 50 50 50 50 50 50
50 50 50 50 50 50 50 50 50 50 50 50 50 50 50 50 50 50 50 50 50 50 50 50 50 50 50 50 50 50 50 50 50 50 50 50 50 50 50 50 50 50 50 50 50 50 50 50 50 50 50 50 50 50 50 50 50 50 50 50 50 50 50 50 50 50 50 50 50 50 50 50 50 50 50 50 50 50 50 50 50 50 50 50 50 50 50 50 50 50 50 50 50 50 50 50 50 50 50 50
50 50 50 50 50 50 50 50 50 50 50 50 50 50 50 50 50 50 50 50 50 50 50 50 50 50 50 50 50 50 50 50 50 50 50 50 50 50 50 50 50 50 50 50 50 32 50 50 50 50 50 50 50 50 50 50 50 50 50 50 50 50 50 50 50 50 50 50 50 50 50 50 50 50 50 50 50 50 50 50 50 50 50 50 50 50 50 50 50 50 50 50 50 50 50 50 50 50 50
50 50 50 50 50 50 50 50 50 50 50 50 50 50 50 50 50 50 50 50 50 50 50 50 50 50 50 50 50 50 50 50 50 50 50 50 50 50 50 50 50 50 50 50 50 50 50 50 50 50 50 50 50 50 50 50 50 50 50 50 50 50 50 50 50 50 50 50 50 50 50 13 50 50 50 50 50 50 50 50 50 50 50 50 50 50 50 50 50 50 50 50 50 50 50 50 50 50
50 50 50 50 50 50 50 50 50 50 50 50 50 50 50 50 50 50 50 50 50 50 50 50 50 50 50 50 50 50 50 50 50 50 50 50 50 50 50 50 50 50 50 50 50 50 50 50 50 50 50 50 50 50 50 50 50 50 50 50 50 50 50 50 50 50 50 50 50 50 50 50 50 50 50 50 50 50 50 50 50 50 50 50 50 50 50 50 50 50 50 50 50 50 50 50 50
50 50 50 50 50 50 50 50 50 50 50 50 50 50 50 50 50 50 50 50 50 50 50 50 50 50 50 50 50 50 50 50 50 50 50 50 50 50 50 50 50 50 50 50 50 50 50 50 50 50 50 50 50 50 50 50 50 50 50 50 50 50 50 50 50 50 50 25 50 50 50 50 50 50 50 50 50 50 50 50 50 50 50 50 50 50 50 50 50 47 50 50 50 50 50 50
50 50 50 50 50 50 50 50 50 50 50 50 50 50 50 50 50 50 50 50 50 50 50 50 50 50 50 50 50 50 50 50 50 50 50 50 50 50 50 50 50 50 50 50 50 50 50 50 50 50 50 50 50 50 50 50 50 50 50 50 50 50 50 50 50 50 50 50 50 50 50 50 50 50 50 50 50 50 50 50 50 50 50 50 50 50 50 50 50 50 50 50 50 50 50
50 50 50 50 50 50 50 50 50 50 50 50 50 50 50 50 50 50 50 50 50 50 50 50 50 50 50 50 50 50 50 50 50 50 50 50 50 50 50 50 50 50 50 50 50 50 50 50 50 50 50 50 50 50 50 50 50 50 50 50 50 50 50 50 50 50 50 50 50 50 50 50 50 50 50 50 50 50 50 50 50 50 50 50 50 50 50 50 50 50 50 50 50 50
50 50 50 50 50 50 50 50 50 50 50 50 50 50 50 50 50 50 50 50 50 50 50 50 50 50 50 50 50 50 50 50 50 50 50 50 50 50 50 50 50 50 50 50 50 50 50 50 50 50 50 50 50 50 50 50 50 50 50 50 50 50 50 50 50 50 50 50 50 50 50 50 50 50 50 50 50 50 50 50 50 50 50 50 50 50 50 50 50 50 50 50 50
50 50 50 50 50 50 50 50 50 50 50 50 50 50 50 50 50 50 50 50 50 50 50 50 50 50 50 50 50 50 50 50 50 50 50 50 50 50 50 50 50 50 50 50 50 50 50 50 50 50 50 50 50 50 50 50 50 50 50 50 50 50 50 50 50 50 50 50 50 50 50 50 50 50 50 50 50 50 50 50 14 50 50 50 50 50 50 50 50 50 50 50
50 50 50 50 50 50 50 50 50 50 50 50 50 50 50 50 50 50 50 50 50 50 50 50 50 50 50 50 50 50 50 50 50 50 50 50 50 50 50 50 50 50 50 50 50 50 50 50 50 50 50 50 50 50 50 50 50 50 50 50 50 50 50 50 50 50 50 50 50 50 50 50 50 50 50 50 50 50 50 50 50 50 50 50 50 50 50 50 50 50 50
50 50 50 50 50 50 50 50 50 50 50 50 50 50 50 50 50 50 50 50 50 50 50 50 50 50 50 50 50 50 50 50 50 50 50 50 50 50 50 50 50 50 50 50 50 50 50 50 10 50 50 50 50 50 50 50 50 50 50 50 50 50 50 50 50 50 50 50 50 40 50 50 50 50 50 50 50 50 50 50 50 50 50 50 50 50 50 50 50 50
50 50 50 50 50 50 50 50 50 50 50 50 50 50 50 50 50 50 50 50 50 50 50 50 50 50 50 50 50 50 50 50 50 50 50 50 50 50 50 50 50 50 50 50 50 50 50 50 50 50 50 50 50 50 50 50 50 50 50 50 50 50 50 50 50 50 50 50 50 50 50 50 50 50 50 50 50 50 50 50 50 50 50 50 50 50 50 50 50
50 50 50 50 50 50 50 50 50 50 50 50 50 50 50 50 50 50 50 50 50 50 50 50 50 50 50 50 50 50 50 50 50 50 50 50 50 50 50 50 50 50 50 50 50 13 50 50 50 50 50 50 50 50 50 50 50 50 50 50 50 50 50 50 50 50 50 50 50 50 50 50 50 50 50 50 50 50 50 50 50 50 50 50 50 50 50 50
50 50 50 50 50 50 50 50 50 50 50 50 50 50 50 50 50 50 50 50 50 50 50 50 50 50 50 50 50 50 50 50 50 50 50 50 50 50 50 50 50 50 50 50 50 50 50 50 50 50 50 50 50 50 50 50 50 50 50 50 50 50 50 50 50 50 50 50 24 50 50 50 50 50 50 50 50 50 50 50 50 50 50 50 50 50 50
50 50 50 50 50 50 50 50 50 50 50 50 50 50 50 50 50 50 50 50 50 50 50 50 50 50 50 50 50 50 50 50 50 50 50 50 50 50 50 50 50 50 50 50 50 50 50 50 50 50 50 50 50 50 50 50 50 50 50 50 50 50 50 50 50 50 50 50 50 50 50 50 50 50 50 50 50 50 50 50 50 50 50 50 50 50
50 50 50 50 50 50 50 50 50 50 50 50 50 50 50 50 50 50 50 50 50 50 50 50 50 50 50 50 50 50 50 50 50 50 50 50 50 50 50 50 50 50 50 50 50 50 50 50 50 50 50 50 50 50 50 50 50 50 50 50 50 50 50 50 50 50 50 50 50 50 50 50 50 50 50 50 50 50 50 50 50 50 50 50 50
50 50 50 50 50 50 50 50 50 50 50 50 50 50 50 50 50 50 50 50 50 50 50 50 50 50 50 50 50 50 50 50 50 50 50 50 50 50 50 50 50 50 50 50 50 50 50 50 50 50 50 50 50 50 18 50 50 50 50 50 50 50 50 50 50 50 50 50 50 50 50 50 50 50 50 50 50 50 50 50 50 50 50 50
50 50 50 50 50 50 50 50 50 50 50 50 50 50 50 50 39 50 50 50 50 50 50 50 50 50 50 50 50 50 50 50 50 50 50 50 50 5 33 50 50 50 50 50 50 50 50 50 50 50 50 50 50 50 50 50 50 50 50 50 50 50 50 50 50 50 50 50 50 50 50 50 50 50 50 50 50 50 50 50 50 50 50
50 50 50 50 50 50 50 50 50 50 50 50 50 50 50 50 50 50 50 50 50 50 50 50 50 50 50 50 50 50 50 50 50 50 50 50 50 50 50 50 50 50 50 50 50 50 50 50 50 50 50 50 50 50 33 50 50 50 50 50 50 50 50 50 50 50 50 50 50 50 50 50 50 50 50 50 50 50 50 50 50 50
50 50 50 50 50 50 50 50 50 50 50 50 50 50 50 50 50 50 50 50 50 50 50 50 50 50 50 50 50 50 50 50 50 50 50 50 50 50 50 50 36 50 50 50 50 50 50 50 50 50 50 50 50 50 50 50 50 50 50 50 50 50 50 50 50 50 50 50 50 50 50 50 50 50 50 50 50 50 50 50 50
50 50 50 50 50 50 50 50 50 50 50 50 50 50 50 50 50 50 50 50 50 50 50 50 50 50 50 50 50 50 50 50 50 50 50 50 50 50 50 50 50 19 50 50 50 50 50 50 50 50 50 50 50 50 50 50 50 50 50 50 50 50 50 50 50 50 50 50 50 50 50 50 50 50 50 50 50 50 50 50
50 50 50 50 50 50 50 50 50 50 50 50 50 50 50 50 50 50 50 50 50 50 50 50 50 50 50 50 50 50 50 50 50 50 50 50 50 50 50 50 50 50 50 50 50 50 50 50 50 50 50 50 50 50 50 50 50 50 50 50 50 50 50 50 50 50 50 50 50 50 50 50 50 50 50 50 50 50 50
50 50 50 50 50 50 50 50 50 50 50 50 50 50 50 50 50 50 50 50 50 50 50 50 48 50 50 50 50 50 50 50 50 50 50 50 50 50 50 50 50 50 50 50 50 50 50 50 50 50 50 50 50 50 50 50 50 50 50 50 50 50 50 50 50 50 50 50 50 50 50 50 50 50 50 50 50 50
50 50 50 50 50 50 50 50 50 50 50 50 50 50 50 50 50 50 50 50 50 50 50 50 50 50 50 50 50 50 50 50 50 50 50 50 50 50 50 50 50 50 50 50 50 50 50 50 50 50 50 50 50 50 50 50 50 50 50 50 50 50 50 50 50 50 50 50 50 50 50 50 50 50 50 50 50
50 50 50 50 50 50 50 50 50 50 50 50 50 50 50 50 50 50 50 50 50 50 50 50 50 50 50 50 50 50 50 50 50 50 50 50 50 50 50 50 50 50 50 50 50 50 50 50 50 50 50 50 50 50 50 50 50 50 50 50 50 50 50 50 50 50 50 50 50 50 50 50 50 50 50 50
50 50 50 50 50 50 50 50 50 50 50 50 50 50 50 50 50 50 50 50 50 50 50 50 50 50 50 50 50 50 4 50 50 50 50 50 50 50 50 50 50 50 50 50 50 50 50 50 50 50 50 50 50 50 50 50 50 50 50 50 50 50 50 50 50 50 50 50 50 50 50 50 50 50 50
50 50 50 50 50 50 50 50 50 50 50 50 50 50 50 50 50 50 50 50 50 50 50 50 50 50 50 50 50 50 50 50 50 50 50 50 50 50 39 50 50 50 50 50 50 50 50 50 50 50 50 50 50 50 50 50 50 50 50 50 50 50 50 50 50 50 50 50 50 50 50 50 50 50
50 50 50 50 12 50 50 50 50 50 50 50 50 50 50 50 50 50 50 50 50 50 50 50 50 50 50 50 50 50 50 50 50 50 50 50 50 50 50 50 50 50 50 50 50 50 50 50 50 50 50 50 50 50 50 50 50 50 50 50 50 50 50 50 50 50 50 50 50 50 50 50 50
50 50 50 50 50 50 50 50 50 50 50 50 50 50 50 50 50 50 50 50 50 50 50 50 50 50 50 50 50 50 50 50 50 50 50 50 50 50 50 50 50 50 50 50 50 50 50 50 50 50 50 50 50 50 50 50 50 50 50 50 50 50 50 50 50 50 50 50 50 50 50 50
50 50 50 50 50 50 50 50 50 50 50 50 50 50 50 50 50 50 50 50 50 50 50 50 24 50 50 50 50 50 50 50 50 50 50 50 50 50 50 50 50 50 50 50 50 50 50 50 50 50 50 50 50 50 50 50 50 50 50 50 50 50 50 50 50 50 50 50 50 50 50
50 50 50 50 50 50 50 50 50 50 50 50 50 50 50 50 50 50 50 50 50 50 50 50 50 50 50 50 50 50 50 50 50 50 50 50 50 50 50 50 50 50 50 50 50 50 50 50 50 50 50 50 50 50 50 50 50 50 50 50 50 50 50 50 50 50 50 50 50 50
50 50 50 50 50 50 50 50 50 50 50 50 50 50 50 50 50 50 50 50 50 50 50 50 50 50 50 50 50 50 50 50 50 50 50 50 50 50 50 50 50 50 50 50 50 50 50 50 50 50 50 50 50 50 50 50 50 50 50 50 50 50 50 50 50 50 50 50 50
50 50 50 50 50 50 50 50 50 50 50 44 50 50 50 50 50 50 50 50 50 50 50 50 50 50 50 50 50 50 50 50 50 50 50 50 50 50 50 50 50 50 50 50 50 50 50 50 50 50 50 50 50 50 50 50 50 50 50 50 50 50 50 50 50 50 50 50
50 50 50 50 50 50 50 50 50 50 50 50 50 50 50 50 50 50 50 50 50 50 50 50 50 50 50 50 50 50 50 41 50 50 50 50 50 50 50 50 50 50 50 50 50 50 50 50 50 50 50 50 50 50 50 50 50 50 50 50 50 50 50 50 50 50 50
50 50 50 50 50 50 50 50 50 50 50 50 50 50 50 50 50 50 50 50 50 50 50 50 50 50 50 26 50 50 50 50 50 50 50 50 50 50 50 50 50 50 50 50 50 50 50 50 50 50 50 50 50 50 50 50 50 50 50 50 50 50 50 50 50 50
50 50 50 50 50 50 50 50 50 50 50 50 50 50 50 50 50 50 50 50 50 50 50 50 50 50 50 50 50 50 50 50 50 50 50 50 50 50 50 50 50 50 50 50 50 50 50 50 50 50 50 50 50 50 50 50 50 50 50 50 50 50 50 50 50
50 50 50 50 50 50 50 50 50 50 50 50 50 50 50 50 50 50 50 50 50 50 50 50 50 50 50 50 50 50 50 50 50 50 50 50 50 50 50 50 50 50 50 50 50 50 50 50 50 50 50 50 50 50 50 50 50 50 50 50 50 50 50 50
50 50 50 50 50 50 50 50 50 50 50 50 50 50 50 50 50 50 50 50 50 50 50 50 50 50 50 50 50 50 50 50 50 50 50 50 50 50 50 50 50 50 50 50 50 50 50 50 50 50 50 50 50 50 50 50 50 50 50 50 50 50 50
50 50 50 27 50 50 50 50 50 50 50 50 50 50 50 50 50 50 50 50 50 50 50 50 50 50 50 28 50 50 50 50 50 50 50 50 50 50 50 50 50 50 50 50 50 50 50 50 50 50 50 50 50 50 50 50 50 50 50 50 50 50
50 50 50 50 50 50 50 50 50 50 29 50 50 50 50 50 50 50 50 50 50 50 50 50 50 50 50 50 50 50 50 50 50 50 50 50 50 50 50 50 50 50 50 50 50 50 50 50 50 50 50 50 50 50 50 50 50 50 50 50 50
50 50 50 50 50 50 50 50 50 50 50 50 50 50 50 50 50 50 50 50 50 50 50 50 50 50 50 50 50 50 50 50 50 50 50 50 50 50 50 50 50 50 50 50 50 50 50 50 50 37 50 50 50 50 50 50 50 50 50 50
50 50 50 50 50 50 50 50 50 50 50 50 50 50 50 50 50 50 50 50 50 50 50 50 50 50 50 50 50 50 50 50 50 50 50 50 50 50 50 50 50 50 50 50 50 50 50 50 50 50 50 50 50 50 50 50 50 50 50
50 50 50 50 50 50 50 50 50 50 50 50 50 50 50 50 50 50 50 50 50 50 50 50 50 50 50 50 50 50 50 50 50 50 50 50 50 50 50 50 50 50 50 50 50 50 50 50 50 50 50 50 50 50 50 50 50 50
50 50 50 50 50 33 50 50 50 50 50 50 50 50 50 50 50 50 50 50 50 50 50 50 50 50 50 50 50 50 50 50 50 50 50 50 50 50 50 50 50 50 3 50 50 50 50 50 50 50 50 50 50 50 50 50 50
50 50 50 50 50 50 50 50 50 50 50 50 50 50 50 50 50 50 50 50 50 50 50 50 50 50 50 50 50 50 50 50 50 50 50 50 50 50 50 50 50 50 50 50 50 50 50 50 50 50 50 50 50 50 50 50
50 50 50 50 50 50 50 50 50 50 50 50 50 50 50 50 50 50 50 50 50 50 50 50 50 50 50 50 50 50 50 50 50 50 50 50 50 50 50 50 50 50 50 50 50 50 50 50 50 50 50 50 50 50 50
50 50 50 50 50 50 50 50 50 50 50 27 50 50 50 50 50 50 50 50 50 50 50 50 50 50 50 50 50 50 50 50 50 50 50 50 50 50 50 50 50 50 50 50 50 50 50 50 50 50 50 50 50 50
50 50 50 50 50 50 50 50 50 50 50 50 50 50 50 50 50 50 50 50 50 50 50 50 50 50 50 50 50 50 50 50 50 50 50 50 50 50 50 50 50 50 50 50 50 50 50 50 50 50 50 50 50
50 50 50 50 50 50 50 50 50 50 50 50 50 50 50 50 50 50 50 50 50 50 50 50 50 50 50 25 50 50 50 50 50 50 50 50 50 50 50 50 50 50 50 50 50 50 50 50 50 50 50 50
50 50 50 50 50 50 50 50 50 50 50 50 50 50 50 50 50 50 50 50 50 50 50 50 50 50 50 50 50 50 50 50 50 50 50 50 50 50 50 50 50 50 50 50 50 50 50 50 50 50 50
50 50 50 50 50 50 50 50 50 50 50 50 50 50 50 50 50 50 50 50 50 50 50 50 50 50 50 50 50 50 50 50 50 50 50 50 50 50 50 50 50 50 50 50 50 50 50 50 50 50
50 50 50 50 50 50 50 50 50 50 50 50 50 50 50 50 50 50 50 50 50 50 50 50 50 50 50 50 50 50 50 50 50 50 50 50 50 50 50 50 50 50 50 50 50 50 50 50 50
50 50 50 50 50 50 50 50 50 50 50 50 50 50 50 50 50 39 50 50 50 50 50 50 50 50 50 50 50 50 50 50 50 50 50 50 50 50 50 50 50 50 50 50 50 50 50 50
50 50 50 50 50 50 50 50 50 50 50 50 50 50 50 50 50 50 50 50 50 50 50 50 50 50 50 50 50 50 50 50 50 50 50 50 50 50 50 50 7 50 50 50 50 50 50
50 50 50 50 50 50 50 50 50 50 50 50 50 50 50 50 50 50 50 50 50 50 50 50 50 50 50 50 50 50 50 50 50 50 50 50 50 50 50 50 50 50 50 50 50 50
50 50 50 50 50 50 50 50 50 50 50 50 50 50 50 50 50 50 50 50 50 50 50 50 50 50 50 50 50 50 50 50 50 50 50 50 50 50 50 50 50 50 50 50 50
50 50 50 50 50 50 50 50 50 50 50 50 50 50 50 50 50 50 50 50 50 50 50 50 50 50 50 50 50 50 50 50 50 50 50 50 50 50 50 50 50 50 50 50
50 50 50 50 50 50 50 50 50 50 50 50 50 50 50 50 50 50 50 50 50 50 50 50 50 50 50 50 50 50 50 50 50 50 50 50 50 50 50 50 50 50 50
50 50 50 50 50 50 50 50 50 50 50 50 50 50 50 50 50 50 50 50 50 50 50 50 50 50 50 50 50 50 50 50 50 50 50 50 50 50 50 50 50 50
50 50 50 50 50 50 50 50 50 50 50 50 50 50 50 50 50 50 50 50 50 50 50 50 50 50 50 50 50 50 50 50 50 50 50 50 50 50 50 50 50
50 50 50 50 50 50 50 50 50 50 50 50 50 50 50 50 50 50 50 50 50 50 50 50 50 50 50 50 50 50 50 50 50 50 50 50 50 50 50 50
50 50 50 50 50 50 50 50 50 50 50 50 50 50 50 50 50 50 50 50 50 50 50 50 50 50 50 50 50 50 50 50 50 50 50 50 50 50 50
50 50 50 50 50 50 50 50 50 50 50 50 50 50 50 50 50 50 50 50 50 50 50 50 50 50 50 50 50 6 50 50 50 50 50 50 50 50
50 50 50 50 50 50 50 50 50 50 50 50 50 50 50 50 50 50 50 50 50 50 50 50 50 50 50 50 50 50 50 50 50 50 50 50 50
50 50 50 50 50 50 50 50 50 50 50 50 50 50 50 50 50 50 50 50 50 50 50 50 50 50 50 50 50 50 50 50 50 50 50 50
50 50 50 50 50 50 50 50 50 50 50 50 50 50 50 50 50 50 50 50 50 50 50 50 50 50 50 50 50 50 50 50 50 50 50
50 50 50 50 50 50 50 50 50 50 50 50 50 50 50 50 50 50 50 50 50 50 50 50 50 50 50 50 50 50 50 50 50 50
50 50 50 50 50 50 50 50 50 50 50 50 50 50 50 50 50 50 50 50 50 50 50 50 50 50 50 50 50 50 50 50 50
50 50 50 50 50 50 50 50 50 50 50 50 50 50 50 50 50 50 50 50 50 50 50 50 50 50 50 50 50 50 50 50
50 50 50 50 50 50 50 50 50 50 50 50 50 50 50 50 37 50 50 50 50 50 50 50 50 50 50 50 50 50 50
50 50 50 50 50 50 50 50 50 50 50 50 50 50 50 50 50 50 50 50 50 50 50 50 50 50 50 50 50 50
50 50 50 50 50 50 50 50 50 50 50 50 50 50 50 50 50 50 50 50 50 50 50 50 50 50 50 50 50
50 50 50 50 50 50 50 50 50 50 50 50 50 50 50 50 50 50 50 50 50 50 50 50 50 50 50 50
50 50 50 50 49 50 50 50 50 50 50 50 50 50 50 50 50 50 50 50 50 50 50 50 50 50 50
50 50 50 50 50 50 50 50 50 50 50 50 50 50 50 50 50 50 50 50 50 50 50 50 50 50
50 50 50 50 50 50 50 50 50 50 50 50 50 50 50 50 50 50 50 50 50 50 50 50 50
50 50 50 50 50 50 50 50 50 50 50 50 50 50 50 50 50 50 50 50 50 50 50 50
50 50 50 50 50 50 50 50 50 50 50 50 50 50 50 50 50 50 50 50 50 50 50
50 50 50 50 50 50 50 50 50 50 50 50 50 50 50 50 50 50 50 50 50 50
50 50 50 50 50 50 50 50 50 50 50 50 50 50 50 50 50 50 50 50 50
50 50 50 50 50 50 50 50 50 50 50 50 50 50 50 50 50 50 50 50
50 50 50 50 50 50 50 50 50 50 50 50 50 50 50 50 50 50 50
50 50 50 50 50 50 50 50 50 50 50 50 50 50 50 50 50 50
50 50 50 50 50 50 50 50 50 50 50 50 50 50 50 50 50
50 50 50 4 50 50 50 50 50 50 50 50 50 50 50 50
50 50 50 50 50 50 50 50 50 50 50 50 50 50 50
50 50 50 50 50 50 50 50 50 50 50 50 50 50
50 50 50 50 50 0 50 50 50 50 50 50 50
50 50 50 50 50 50 50 50 50 50 50 50
50 50 50 50 50 50 50 50 50 50 50
50 50 50 50 50 50 50 50 50 50
50 50 50 50 48 50 50 50 50
50 50 50 50 50 50 50 50
50 50 50 50 50 50 50
50 50 50 50 50 50
50 50 50 50 50
50 50 50 50
50 50 50
50 50
50
