200 50
50 47 50 26 10 50 45 0 27 50 12 5 7 50 50 20 50 30 12 46 50 50 31 31 50 50 50 30 30 8 50 14 29 0 50 6 50 50 45 4 50 10 41 30 50 30 43 41 13 50 7 23 23 40 5 50 10 28 50 50 31 20 22 14 50 31 32 50 17 50 50 44 43 50 50 13 11 35 11 50 13 50 28 32 50 50 43 23 24 50 50 50 50 30 50 50 50 50 24 50 16 50 50 8 31 50 21 39 50 50 50 42 50 12 38 50 11 50 50 27 50 50 24 50 27 37 27 50 50 36 50 14 50 50 27 39 50 50 32 38 32 40 35 20 50 5 24 50 50 50 50 50 32 50 22 30 20 30 27 38 50 20 12 30 41 31 44 50 50 50 36 1 1 15 50 50 23 50 30 50 50 50 33 30 41 29 13 33 50 50 23 50 18 50 0 50 50 50 12 50
50 18 17 50 50 50 48 1 50 9 40 50 10 50 50 10 19 20 50 50 13 25 50 35 50 32 50 50 50 6 50 50 50 50 24 50 46 10 50 30 1 46 7 36 50 50 48 23 14 6 50 50 12 9 50 50 41 8 48 50 1 50 18 48 50 50 50 33 50 42 18 50 49 50 50 50 41 9 15 30 50 30 50 50 7 22 50 3 13 50 50 50 26 50 50 33 11 50 50 40 50 42 15 36 46 0 50 50 45 50 50 42 50 50 29 40 50 50 50 43 24 4 10 33 50 50 12 4 16 50 25 50 50 50 13 50 48 50 12 50 50 1 50 6 23 50 50 50 42 50 12 50 28 21 50 50 7 50 50 50 34 26 30 2 10 50 50 4 10 50 50 50 30 19 50 46 50 19 10 50 50 29 7 12 50 50 50 50 3 4 50 50 50 40 11 8 50 50 50
0 19 26 38 50 48 50 50 12 50 48 27 50 0 50 50 50 32 50 26 28 45 50 50 50 50 50 33 50 49 50 50 24 28 31 50 50 35 50 22 24 50 50 14 2 10 50 50 50 50 50 48 50 50 50 50 50 4 35 50 50 38 20 5 50 43 30 27 24 50 50 50 19 22 50 26 35 50 29 50 8 23 8 50 38 50 50 50 50 50 50 50 50 2 50 50 50 24 16 24 50 6 50 36 50 50 50 37 50 23 44 50 15 24 50 50 50 50 50 25 7 22 50 50 42 50 50 48 8 50 50 50 26 16 50 15 0 50 50 15 50 39 50 14 50 50 39 48 50 50 11 50 50 38 50 38 50 43 50 43 21 32 46 18 50 50 50 23 40 50 2 13 50 50 50 26 50 32 36 33 50 50 44 50 50 50 50 50 47 17 34 50 50 19 48 50 50 50
50 34 50 34 50 50 50 15 46 50 6 50 38 50 50 50 10 22 50 4 28 46 33 50 30 50 27 50 50 10 50 4 36 50 35 50 18 50 50 50 50 20 50 50 50 50 50 50 50 18 50 50 38 50 50 46 15 50 29 50 26 50 37 50 50 9 50 50 50 50 15 45 29 50 50 50 50 50 45 50 6 50 50 50 47 50 20 14 32 50 50 17 46 5 50 50 40 39 50 1 50 40 50 27 50 43 45 50 50 50 13 29 50 7 44 16 1 1 49 50 35 50 22 4 50 35 50 50 50 50 50 50 23 50 50 50 50 18 24 13 50 50 50 50 50 50 21 25 50 50 50 24 46 12 50 50 50 19 50 50 50 50 9 22 42 48 50 50 23 36 50 50 28 50 20 19 50 50 50 6 50 50 50 50 50 50 50 11 4 17 31 50 46 27 49 16 50
50 50 1 33 50 2 50 50 41 47 50 50 50 50 47 15 42 0 49 32 50 50 50 50 25 28 50 36 50 50 24 4 13 50 50 50 50 10 41 44 39 50 50 50 50 50 50 11 50 50 50 48 50 46 50 50 50 42 14 50 43 28 28 0 50 34 50 22 50 50 50 50 6 32 50 4 50 50 30 17 50 50 50 46 35 8 10 30 15 44 50 50 30 38 34 14 44 35 35 13 32 50 19 50 50 50 50 50 48 31 50 50 0 50 50 50 50 50 20 50 12 7 8 50 6 42 47 40 50 13 31 29 22 50 50 50 37 50 50 50 5 50 50 29 50 50 27 38 47 36 31 50 3 24 23 1 50 14 50 50 46 16 50 50 12 50 50 50 11 40 2 50 50 50 17 34 23 50 5 17 22 15 16 44 12 31 50 50 9 13 41 50 50 16 50 50
50 37 50 50 50 0 37 46 23 25 50 50 46 8 50 50 10 50 22 50 28 50 32 50 27 10 44 29 43 15 0 38 50 50 50 15 22 50 50 50 50 50 33 11 50 50 32 50 50 50 50 37 38 50 18 50 42 40 50 50 47 36 14 50 50 50 50 50 50 32 24 50 25 50 26 50 50 32 34 50 50 50 44 48 32 50 50 12 50 50 50 34 50 50 50 50 50 50 12 50 50 50 50 50 13 4 50 13 33 25 50 50 17 50 50 50 13 4 21 11 19 47 50 50 50 50 36 27 50 50 50 50 2 50 5 50 10 18 50 50 30 12 30 50 50 15 30 50 13 50 46 34 21 50 50 50 50 7 50 16 34 50 1 50 10 12 31 50 1 50 20 28 50 9 49 50 35 50 50 46 50 19 32 22 35 0 2 50 50 50 50 6 5 50 50
50 50 50 9 50 36 45 11 50 31 17 1 50 0 50 45 8 29 32 23 50 29 4 50 1 50 50 50 50 6 50 50 50 50 50 7 50 50 50 34 18 50 50 50 50 9 27 39 48 5 0 0 6 50 50 44 22 50 32 50 50 50 50 8 50 50 50 50 50 50 50 30 50 50 49 11 50 31 9 50 50 50 50 50 50 50 50 50 29 50 49 50 50 9 50 21 50 50 14 50 50 50 50 50 50 50 50 50 24 34 40 35 50 50 50 50 42 50 20 50 50 3 50 50 50 6 25 5 29 2 46 28 50 43 3 15 48 24 50 50 50 50 50 11 34 39 50 48 42 50 50 27 50 50 41 50 42 26 28 41 50 46 43 24 9 18 50 50 50 33 2 50 50 28 50 0 50 4 50 50 50 24 48 12 14 46 50 8 50 13 50 50 50 50
50 50 50 46 5 15 50 9 50 50 50 50 35 50 35 46 50 50 50 28 50 11 32 50 34 50 15 50 50 44 50 50 41 50 14 40 50 50 44 50 13 33 50 47 50 50 33 50 49 28 50 50 50 47 50 26 39 50 50 50 50 50 17 37 35 50 50 50 50 38 50 50 50 50 50 50 50 0 50 50 50 5 38 27 49 50 41 50 36 42 44 50 37 2 41 17 21 50 38 50 50 29 7 50 50 43 5 50 47 50 50 23 50 4 50 30 50 47 19 50 50 50 50 36 50 50 50 27 50 50 50 50 45 25 30 39 50 41 12 50 50 2 6 5 50 36 8 50 12 50 50 50 50 26 50 50 2 50 45 50 3 50 32 31 2 15 50 50 50 50 22 50 50 17 50 30 50 34 45 9 21 50 50 50 24 50 50 50 50 50 36 50 50
50 50 50 50 27 16 50 13 31 38 50 49 50 50 50 50 50 50 23 20 28 50 18 7 50 50 29 26 29 22 15 2 50 6 50 50 22 50 50 10 13 50 50 50 18 18 50 3 44 50 50 8 50 50 13 25 50 1 50 39 41 50 50 50 50 50 50 50 50 50 12 29 50 50 50 50 50 50 50 1 30 50 50 50 50 49 34 32 50 50 45 50 45 50 50 50 50 50 50 50 50 50 4 1 0 26 37 50 50 42 50 50 0 50 31 50 14 50 43 50 30 6 8 50 50 50 22 14 44 37 35 50 31 50 40 50 50 50 50 50 50 12 50 50 50 6 5 50 2 50 15 27 21 50 50 31 50 50 50 29 50 18 50 50 50 3 50 50 50 50 50 6 50 26 50 50 50 16 42 50 8 50 50 50 23 11 18 50 12 19 22 50
14 50 17 50 26 50 21 50 50 50 15 50 50 11 36 38 50 50 50 50 50 26 5 50 40 50 27 39 34 29 50 27 50 50 17 40 38 50 21 39 50 50 16 50 16 12 50 15 25 22 50 30 50 50 50 50 39 46 50 34 6 45 31 29 37 50 18 37 22 24 50 50 3 45 27 50 50 18 50 50 50 37 43 18 50 20 28 19 26 23 50 50 50 50 4 50 2 50 50 41 50 50 33 50 28 27 50 17 34 29 50 50 39 50 4 50 50 50 28 24 27 47 50 48 50 50 25 50 50 50 4 35 11 21 15 49 48 50 50 26 42 50 2 13 19 50 50 50 50 38 28 50 14 50 3 50 50 32 50 50 50 30 50 40 42 44 50 17 50 50 36 31 12 0 50 4 50 23 18 32 50 50 32 50 50 50 50 6 22 50 50
50 47 41 50 50 26 37 10 50 50 50 50 47 34 45 35 3 2 23 50 50 42 48 37 40 50 19 50 50 50 14 33 9 50 50 50 40 23 50 50 48 50 50 50 0 50 50 1 50 23 4 50 50 50 50 17 50 47 41 49 4 40 50 46 50 0 50 50 50 27 50 50 34 50 8 13 50 50 50 32 50 1 16 50 50 50 50 50 1 50 17 50 27 30 50 50 28 50 50 20 50 0 50 50 34 40 50 50 24 50 20 22 50 26 50 50 19 8 7 10 29 33 50 50 50 50 9 31 50 21 50 50 50 50 0 50 50 7 15 0 22 50 50 50 50 39 50 46 17 50 28 50 4 50 50 50 50 19 50 50 50 50 46 15 50 27 29 12 50 50 50 11 43 50 4 50 16 50 47 50 41 4 50 44 3 50 2 14 47 50
22 50 50 50 50 47 50 3 9 50 50 50 50 12 24 50 50 50 35 22 50 17 50 50 47 50 50 50 35 38 50 50 50 50 20 34 15 50 44 41 50 50 50 50 50 50 31 50 13 50 50 49 50 50 50 50 50 7 7 50 50 25 50 50 25 50 36 50 0 50 50 50 25 50 32 50 36 50 50 38 50 50 30 50 50 50 19 50 50 50 50 50 50 50 45 12 4 5 21 48 50 22 50 27 36 4 50 50 50 49 18 50 27 50 50 50 25 44 50 41 11 50 50 50 10 6 48 43 50 40 10 50 50 39 35 5 50 50 29 2 50 50 50 50 50 50 18 50 50 42 50 21 50 10 50 50 50 7 1 50 50 3 50 50 50 31 27 50 46 50 23 19 0 24 8 50 19 50 50 50 50 25 29 18 29 50 50 26 50
50 50 1 3 21 0 50 4 50 8 23 9 47 50 19 50 17 50 50 50 50 21 50 50 50 34 50 11 29 37 36 50 50 50 14 50 9 21 50 13 5 50 50 42 49 50 3 50 50 50 50 1 50 28 3 50 0 50 24 50 0 8 50 45 35 39 50 20 16 50 50 50 12 15 50 18 50 50 50 47 50 40 34 50 36 50 36 50 22 25 38 50 50 9 50 50 5 50 50 50 27 24 50 26 12 50 50 14 22 50 47 30 50 27 50 50 50 41 50 6 50 50 43 50 50 50 50 50 50 50 50 50 16 3 3 8 42 50 50 50 37 31 50 28 50 50 50 44 50 23 50 0 50 38 43 50 46 2 50 32 12 25 12 18 49 50 10 24 50 36 50 50 29 7 50 50 50 50 49 50 7 50 9 50 50 50 50 50
34 50 40 44 18 50 13 25 10 50 19 7 17 50 50 35 50 50 32 50 50 50 41 50 21 50 50 6 49 50 50 50 5 48 50 50 50 24 50 49 9 19 13 50 43 17 43 50 50 50 23 50 50 13 50 50 49 50 42 50 50 50 45 27 47 50 50 4 50 50 30 50 49 11 16 8 50 26 50 37 2 50 50 33 50 42 50 50 50 34 19 14 9 44 50 50 50 7 50 50 50 50 42 23 16 50 50 50 50 0 39 19 26 33 46 50 41 50 50 25 28 50 37 50 20 37 50 50 12 32 36 50 42 22 50 50 50 23 50 50 43 50 50 12 50 12 50 37 16 32 6 34 21 50 28 38 1 9 39 45 50 44 50 50 21 50 50 30 50 50 50 50 17 50 3 12 50 50 42 50 45 18 24 40 35 41 50
14 50 22 4 50 43 18 39 35 40 28 12 50 50 37 32 19 50 22 34 27 3 37 37 50 34 50 26 50 50 1 50 45 32 27 50 18 18 30 50 50 18 50 50 50 50 50 21 50 23 19 38 29 50 50 19 50 14 50 50 19 2 50 50 14 50 50 49 50 18 50 50 42 29 50 7 38 50 24 50 50 50 50 50 48 50 50 50 50 32 28 15 50 44 50 22 50 22 50 50 50 50 50 50 50 4 34 50 50 50 50 50 50 16 50 50 50 26 50 23 50 6 50 50 43 44 50 47 43 50 50 50 46 25 38 50 50 50 19 50 50 50 50 43 26 50 50 5 22 7 5 0 36 50 19 50 36 50 32 4 50 50 29 50 25 9 2 50 50 36 50 50 50 50 33 3 20 41 50 50 50 5 0 50 15 50
50 36 50 27 50 50 50 0 38 50 45 2 50 50 50 50 50 50 50 50 20 4 50 50 0 33 50 50 50 50 0 50 24 8 29 16 19 26 42 50 50 46 19 2 20 46 50 37 6 50 31 50 31 50 50 12 2 50 32 50 21 47 50 26 45 50 45 37 50 50 50 21 50 4 50 18 50 50 50 50 50 50 50 5 18 33 47 39 10 39 50 50 50 50 2 23 50 50 37 50 45 50 46 50 50 50 28 1 50 40 50 50 50 34 50 24 50 50 20 5 50 18 29 29 50 50 50 24 39 3 50 50 50 50 50 50 32 50 35 50 50 50 50 50 50 50 32 28 50 37 50 17 39 7 39 42 50 50 50 33 39 10 22 50 27 50 22 16 22 50 50 50 50 3 50 50 49 16 50 6 50 50 43 7 50
50 24 39 50 50 50 49 31 26 26 50 5 12 23 35 2 50 50 50 24 50 11 10 49 35 42 50 50 50 27 37 50 50 50 46 50 50 50 50 0 7 50 50 50 2 16 2 50 24 39 50 23 50 50 18 50 1 50 2 50 50 33 5 26 48 20 50 48 19 50 19 1 50 47 8 34 33 26 23 50 46 50 32 21 29 50 50 50 50 50 15 43 31 50 50 30 50 50 47 50 7 39 42 50 50 15 50 5 25 46 50 50 50 45 4 50 50 28 31 3 16 50 50 50 50 50 50 50 50 50 9 50 50 50 16 50 50 41 50 40 50 36 38 30 50 50 6 50 50 50 40 14 5 48 50 50 50 25 2 35 2 20 50 32 44 50 34 50 6 35 50 50 50 50 50 31 27 50 16 50 50 34 30 50
50 11 8 50 50 50 38 18 25 50 50 50 14 50 32 50 50 8 13 50 50 50 50 12 50 50 11 33 11 26 50 29 50 50 50 43 50 50 50 34 41 50 50 40 50 50 5 24 13 50 49 27 16 4 50 37 50 50 50 50 50 50 50 50 50 50 50 42 26 4 45 25 17 50 25 50 16 50 26 35 50 50 50 22 50 50 8 50 50 50 10 50 50 29 50 29 8 5 10 2 50 49 22 30 8 50 50 44 50 26 2 50 50 11 11 39 13 50 38 6 47 4 50 50 50 50 10 35 50 50 50 40 41 5 50 26 14 50 50 50 50 7 50 14 50 50 20 33 18 9 50 50 23 43 47 50 50 50 50 37 50 50 9 50 50 13 50 50 50 0 50 50 17 14 50 50 50 50 50 15 50 50 50
50 50 50 50 6 50 23 50 10 50 50 50 50 50 43 9 50 50 50 3 28 50 50 50 44 13 19 36 50 16 39 50 50 20 34 45 44 50 38 39 50 50 50 9 50 40 50 50 50 2 50 28 50 50 8 50 36 50 50 19 41 50 50 23 35 50 50 40 30 50 50 50 50 50 33 29 21 50 19 50 47 35 50 45 50 50 35 33 46 42 24 17 50 32 6 26 50 30 2 12 50 23 50 50 50 50 50 50 38 27 15 50 39 50 50 9 23 50 50 7 50 34 50 50 44 50 50 50 22 50 50 50 36 50 50 50 50 50 44 50 29 50 2 7 50 50 29 24 11 50 41 50 50 0 50 39 37 14 50 39 1 26 50 50 1 50 50 16 17 46 1 47 50 13 50 50 50 50 50 10 25 50
50 50 50 50 50 42 50 37 50 50 50 50 50 50 30 48 3 28 50 50 8 44 50 17 50 50 50 50 25 50 50 43 40 50 39 32 50 50 50 50 50 10 50 8 34 6 50 15 45 3 6 50 50 50 49 50 50 41 50 50 11 37 50 50 50 50 50 50 21 23 50 21 9 50 3 50 50 28 50 50 46 50 19 50 35 50 8 2 50 50 11 50 50 16 50 6 10 50 50 50 50 50 7 26 47 8 44 50 50 46 50 50 9 50 47 38 50 50 26 50 50 50 45 50 50 25 50 13 50 37 42 50 50 20 50 32 50 48 45 41 50 33 38 50 6 19 50 50 50 50 50 33 50 50 31 29 50 4 36 14 50 48 0 50 22 50 50 42 46 50 43 50 50 50 1 50 36 50 24 22 50
44 38 25 50 50 50 50 50 41 38 28 15 50 12 32 33 50 17 50 50 17 50 50 50 50 2 43 37 15 50 50 45 34 50 50 31 50 50 50 50 1 50 50 50 38 35 50 50 29 50 50 3 50 22 41 26 50 50 18 50 21 7 50 43 50 50 9 50 46 50 35 50 5 50 50 0 50 50 50 24 43 50 50 30 17 0 50 25 45 50 50 50 50 50 27 22 13 9 50 50 50 50 7 6 50 50 33 14 50 50 23 50 23 36 1 49 30 50 47 32 42 50 50 38 50 29 50 50 50 50 43 50 45 23 17 22 50 48 50 50 50 47 39 50 2 42 29 50 50 50 9 50 50 15 50 50 50 10 50 50 50 7 50 1 18 27 50 8 50 50 14 0 50 50 50 50 42 50 1 50
6 50 19 14 50 44 50 0 20 10 28 50 50 50 50 7 11 50 50 7 43 3 15 50 50 19 3 50 50 22 22 50 16 50 50 7 50 50 16 50 14 37 19 12 50 50 50 27 40 50 45 43 50 40 50 12 50 50 39 3 50 27 21 50 46 19 50 50 38 50 29 50 16 43 50 4 50 50 11 28 38 50 50 50 31 50 45 16 46 27 50 37 42 33 50 49 50 50 43 50 50 42 33 48 50 50 31 45 29 26 50 50 50 50 50 50 5 16 50 47 50 41 50 50 50 50 19 1 44 50 23 50 50 50 50 50 49 50 45 50 42 38 26 23 50 20 49 17 43 41 50 50 14 11 50 22 50 50 14 50 5 50 6 50 29 2 50 50 4 50 50 41 0 50 37 50 32 50 50
50 43 6 50 40 43 42 50 50 50 50 50 39 39 28 50 50 50 50 50 50 50 50 50 50 9 50 50 50 15 23 50 50 50 26 50 50 50 48 15 50 50 18 50 50 36 24 50 34 50 8 50 14 50 50 0 21 50 50 27 50 16 28 5 50 2 43 21 50 50 50 18 42 50 25 50 50 49 50 29 21 50 12 3 16 17 21 16 17 41 39 25 50 19 50 36 50 21 33 19 16 27 8 50 50 50 50 45 50 50 50 8 50 25 50 50 0 50 42 50 50 7 50 21 50 30 50 50 50 38 8 22 50 50 50 50 37 8 50 50 50 41 50 50 4 50 46 50 11 50 50 20 38 2 50 50 10 41 49 27 1 50 31 7 50 50 50 50 50 50 40 50 50 50 44 50 50 50
50 50 50 22 50 50 32 50 3 50 50 50 50 50 50 50 3 39 40 50 31 9 35 18 50 50 50 47 50 39 10 50 50 50 50 47 17 2 40 50 50 33 10 50 50 50 50 8 50 50 50 5 50 18 21 50 50 32 50 50 3 50 41 50 45 50 50 11 50 15 50 50 50 25 50 20 32 50 50 50 13 50 31 50 20 48 34 31 10 27 50 41 8 50 18 39 44 50 19 50 46 50 50 50 38 50 25 50 44 10 50 50 11 50 50 50 22 1 37 46 42 50 41 40 50 50 10 50 50 50 50 50 47 50 50 50 50 50 50 50 50 4 50 46 25 8 50 50 50 13 37 38 50 12 21 50 50 50 12 50 27 50 50 11 31 50 23 46 18 50 22 50 1 50 36 50 50
40 31 32 50 50 50 50 47 50 2 21 16 50 5 50 15 50 49 43 50 42 50 50 50 50 48 29 50 50 17 17 3 44 22 50 9 50 50 1 4 50 8 6 4 50 50 16 50 50 30 22 40 1 50 50 50 34 41 50 50 50 13 20 18 24 19 50 50 20 50 50 40 50 50 7 50 50 41 50 36 50 3 50 50 50 50 4 50 29 50 50 38 39 17 50 26 36 50 43 50 32 50 50 50 50 8 6 50 50 50 50 20 50 50 50 47 50 50 50 50 0 0 8 2 50 4 28 50 50 47 1 8 50 50 31 50 50 4 30 50 50 50 31 50 50 21 50 50 32 50 26 50 48 27 50 32 33 50 10 3 50 50 20 50 50 50 14 30 50 50 21 25 50 50 50 50
50 8 50 3 50 50 50 49 2 50 50 28 50 50 50 35 50 50 6 24 50 50 41 49 50 50 50 50 50 34 35 20 45 16 50 50 50 50 20 50 39 11 6 50 3 50 20 19 19 16 31 14 50 27 50 50 20 12 50 50 0 24 19 15 38 50 44 22 16 50 32 27 50 7 50 14 17 50 29 18 18 42 50 6 50 10 50 50 49 21 44 30 15 36 50 48 16 40 48 35 39 50 9 50 50 18 37 9 7 18 0 50 4 50 50 12 50 50 5 43 50 34 12 23 35 50 38 50 7 10 31 50 50 50 33 50 28 45 50 25 29 50 50 38 50 50 20 44 50 50 50 20 50 50 50 7 44 25 50 50 1 50 50 44 50 50 50 5 19 24 50 50 13 14 50
31 50 50 43 50 50 33 22 6 29 50 50 27 50 45 50 50 50 19 50 50 48 50 24 26 12 50 2 48 35 23 50 50 50 50 14 50 34 50 49 45 37 50 8 50 10 36 50 50 36 50 3 49 50 18 25 50 3 28 50 50 50 50 16 21 50 36 5 17 7 20 50 25 8 28 50 25 42 50 18 35 0 50 18 50 50 50 50 1 34 35 37 22 50 50 50 18 50 50 50 50 50 50 50 21 50 50 47 4 36 22 12 50 22 31 33 38 21 16 38 2 50 36 4 50 10 50 44 50 39 50 50 46 50 50 50 44 50 50 50 0 25 50 50 48 29 11 50 50 50 50 35 50 50 50 50 50 50 17 50 31 27 50 50 35 50 50 0 50 50 49 37 38 50
1 16 50 50 50 50 50 50 1 22 8 14 50 2 8 23 33 50 50 11 1 50 3 9 44 50 50 42 40 13 50 0 15 50 50 50 4 50 50 39 50 50 50 50 50 48 24 50 50 30 31 8 23 20 40 50 50 49 27 50 50 50 34 50 50 50 1 50 50 50 32 12 50 50 28 50 40 50 50 48 44 18 49 50 50 50 50 44 50 1 50 27 50 50 50 11 44 19 50 50 50 50 50 40 7 1 50 50 50 11 16 50 1 1 50 7 50 50 26 37 12 50 50 50 7 48 50 50 50 1 16 50 50 45 50 29 50 50 50 50 50 50 50 50 9 50 19 50 6 50 12 50 50 50 50 47 25 33 50 50 50 41 50 27 43 50 23 16 50 50 31 39 50
50 50 23 50 14 50 50 21 50 45 40 50 35 50 48 36 50 50 43 13 2 40 32 50 34 11 50 50 25 14 50 19 50 46 50 50 2 18 50 50 50 6 50 42 44 43 50 6 30 33 24 50 31 50 15 50 50 50 50 50 50 50 50 43 48 50 50 6 39 41 45 19 38 15 50 44 12 50 50 17 6 20 16 50 50 50 18 6 50 30 50 17 22 25 29 24 50 36 50 50 50 21 50 50 35 37 37 50 29 50 50 50 35 23 50 50 0 50 50 7 5 19 0 34 5 41 50 50 50 50 7 50 50 50 29 33 29 50 50 50 50 5 49 50 29 23 35 14 7 50 47 17 33 7 50 33 50 22 38 33 50 50 50 50 50 50 9 28 50 50 8 50
50 32 50 50 50 50 32 0 42 29 22 50 50 50 50 50 50 50 20 44 50 50 50 29 3 4 50 43 38 50 50 50 50 23 7 13 50 50 50 36 28 39 50 50 32 49 50 50 45 31 50 26 50 41 10 50 50 50 50 50 50 44 50 27 7 12 45 50 6 50 50 44 50 12 11 33 50 50 50 50 47 28 50 50 50 5 27 37 50 50 50 20 18 50 50 9 1 15 34 24 50 50 50 44 50 50 34 50 50 50 50 50 6 50 50 50 50 50 38 34 50 40 50 50 39 10 50 50 50 50 50 50 50 50 50 50 14 29 7 0 50 50 50 50 48 50 50 4 50 50 40 50 35 50 50 23 25 50 50 50 38 50 50 43 45 5 50 50 41 50 50
26 50 50 50 3 50 50 1 50 47 50 50 50 50 25 50 41 15 4 46 1 50 39 2 50 13 50 50 41 22 8 38 7 20 5 50 50 36 13 50 12 50 50 34 50 50 50 50 50 50 50 47 33 49 37 50 50 50 26 50 50 49 50 50 26 50 50 37 50 50 50 50 50 50 16 50 50 13 49 28 9 50 50 42 45 43 50 7 23 15 50 50 30 50 50 11 33 50 48 50 50 50 29 16 39 45 50 50 50 50 47 50 1 50 50 50 0 50 42 21 44 50 27 0 50 49 50 44 50 42 25 50 50 45 23 17 11 50 46 50 50 36 50 5 48 50 50 50 22 50 42 50 50 50 50 50 9 25 50 50 29 50 13 50 50 50 19 50 26 50
47 50 25 19 50 50 12 22 50 50 50 50 50 50 50 43 50 48 50 50 23 7 50 49 50 28 8 1 32 50 16 43 50 46 42 50 34 23 50 50 50 41 50 50 50 50 7 50 50 50 50 50 50 43 4 50 50 50 50 36 34 50 12 0 4 50 50 42 50 9 13 38 50 23 50 20 50 50 9 48 50 36 6 45 50 50 49 37 50 0 50 50 44 50 47 40 50 9 50 34 50 39 50 21 6 34 0 50 16 17 37 50 7 29 50 43 50 4 11 3 26 31 50 5 41 15 41 50 1 27 50 0 50 28 35 50 50 49 31 50 50 50 50 14 50 28 3 43 33 50 23 50 19 19 27 5 50 50 50 25 37 8 50 50 50 39 50 50 50
50 50 50 50 50 50 7 42 24 50 50 50 42 17 50 50 39 17 50 0 29 50 38 17 1 21 45 4 21 13 50 50 36 7 7 50 50 29 6 6 16 50 50 21 16 50 50 50 18 20 30 50 4 39 50 27 9 50 37 19 50 35 50 47 50 20 0 50 50 11 50 0 50 50 47 50 12 50 49 14 50 33 50 45 23 4 34 50 32 14 19 17 50 50 13 50 31 9 43 47 50 5 50 27 50 21 50 7 50 50 50 50 21 50 1 50 50 50 50 50 21 24 14 50 50 50 50 22 50 26 34 17 50 50 50 47 8 50 50 50 48 50 38 50 50 14 50 50 31 4 50 18 42 50 50 39 50 50 50 46 50 50 26 50 50 50 50 50
15 31 47 38 50 9 50 50 50 12 9 50 1 12 37 50 50 1 42 40 50 48 50 27 27 48 50 50 50 27 24 50 0 4 50 50 50 50 50 24 50 0 50 50 29 50 34 50 18 7 50 50 50 9 40 11 50 50 50 50 50 16 50 33 6 8 50 5 48 50 25 50 50 50 26 9 50 50 50 50 50 22 32 50 50 50 19 4 50 50 50 43 43 50 42 50 21 0 50 50 50 50 10 49 18 23 50 50 50 50 50 50 50 50 48 6 6 7 36 40 49 50 37 50 50 31 50 50 50 50 17 50 40 21 50 25 16 20 5 50 35 45 50 50 50 50 50 45 11 23 50 46 50 33 40 3 3 39 22 50 50 50 37 50 3 50 50
50 4 50 50 39 50 41 50 27 50 50 50 50 45 4 50 1 50 50 50 45 30 9 50 50 50 29 38 19 30 50 50 48 10 50 47 28 37 24 50 3 5 7 50 9 42 50 50 3 50 50 50 6 50 50 18 24 50 50 50 50 50 50 50 22 3 50 50 50 39 5 50 41 50 50 50 50 50 41 15 50 50 30 43 13 50 49 4 50 50 47 12 22 50 20 50 27 18 25 50 50 8 40 50 48 28 50 50 50 13 50 50 9 50 50 31 28 33 2 19 50 50 41 50 50 16 14 50 50 50 50 14 50 15 50 32 50 50 5 50 33 50 19 50 50 3 50 50 4 43 30 50 50 9 50 50 50 13 50 23 50 50 30 50 26 50
37 1 50 50 50 50 39 50 50 46 50 50 50 50 6 50 50 45 50 0 50 34 50 19 50 50 50 7 10 39 34 50 23 0 33 50 50 50 50 50 47 50 0 47 46 50 36 50 50 26 3 50 9 24 1 50 38 48 6 50 14 25 50 33 50 31 50 19 50 50 18 14 1 50 50 50 9 50 50 50 20 50 3 44 4 0 50 50 50 22 50 50 50 39 50 27 50 50 50 40 40 0 14 50 13 6 50 50 22 45 13 43 0 50 14 50 20 50 50 50 50 21 50 50 50 50 50 50 25 18 50 50 26 38 41 50 27 44 50 25 5 3 17 50 50 50 50 50 46 50 50 13 50 50 2 50 50 29 50 50 50 50 50 50 50
49 50 2 50 8 10 36 1 50 28 50 15 49 50 27 38 50 6 38 36 2 50 50 7 5 34 50 28 7 50 50 18 50 13 50 50 50 21 43 19 19 50 50 20 36 48 50 3 50 50 41 39 48 50 14 20 50 5 10 39 50 47 50 50 50 31 30 50 34 50 50 42 41 10 50 50 10 50 14 50 8 50 50 41 50 50 34 50 50 50 50 18 50 35 50 50 28 50 23 36 9 34 50 10 50 22 24 50 50 50 49 50 0 33 50 27 1 27 50 50 22 50 50 50 50 50 50 50 50 16 50 16 50 50 48 5 41 45 50 50 37 50 50 50 25 50 28 50 50 50 50 50 50 0 18 50 0 50 40 3 9 50 22 50
50 50 18 49 31 4 50 50 21 20 50 17 19 12 50 47 3 46 20 5 50 21 17 50 50 10 50 15 25 8 50 30 38 50 39 15 23 50 44 3 50 6 6 50 50 20 8 25 50 50 4 50 50 50 50 50 36 50 50 50 50 50 7 50 11 50 27 5 34 50 8 50 14 50 33 50 50 11 17 50 24 50 50 40 50 50 30 39 50 50 50 6 50 50 19 50 50 50 35 28 45 26 18 4 39 39 45 50 50 50 50 50 50 43 50 50 47 50 42 50 49 50 18 40 50 50 50 2 50 50 50 47 50 20 32 50 40 48 50 50 50 8 14 47 50 12 14 50 20 50 19 36 24 50 50 50 50 43 50 50 41 38 50
50 50 32 47 50 36 11 9 50 7 20 38 50 50 30 50 50 50 50 50 27 50 50 21 34 50 50 16 50 50 18 17 43 50 12 38 50 4 6 33 50 12 9 50 3 50 50 0 50 14 21 22 50 7 7 14 50 50 50 50 50 50 2 50 33 21 50 50 21 30 24 50 25 41 50 13 50 50 50 50 39 49 40 50 50 50 50 50 36 50 42 50 50 50 41 45 50 35 13 50 50 50 21 21 17 16 23 2 3 9 38 50 50 50 50 50 41 50 34 50 50 50 25 50 50 50 38 39 27 48 18 50 7 50 50 47 50 50 50 9 26 9 50 41 50 50 9 15 48 50 43 50 50 50 50 26 0 19 50 50 27 50
35 34 50 50 32 50 50 50 50 50 20 50 40 42 50 50 50 42 18 7 50 50 42 50 50 50 17 50 50 23 12 12 18 50 23 19 50 50 8 50 45 37 16 26 50 38 50 11 50 50 50 33 10 50 50 50 40 50 43 50 50 13 50 50 50 42 2 50 44 29 25 50 50 50 50 42 50 31 23 48 50 13 50 36 50 50 24 50 33 45 35 30 9 50 50 2 47 8 0 41 50 26 50 40 20 50 41 50 50 50 50 50 1 50 29 50 50 36 14 27 10 25 31 47 50 50 50 14 1 50 4 50 50 17 34 16 50 28 50 50 13 27 20 50 50 50 50 38 50 4 6 46 50 50 50 50 50 50 10 50 50
50 50 50 47 50 31 50 50 29 50 50 28 50 50 50 50 50 7 19 34 50 11 1 9 21 50 41 31 50 0 12 16 50 1 21 50 50 50 50 38 50 5 12 20 44 5 7 18 50 50 50 50 32 50 50 50 42 14 50 49 50 50 50 50 50 50 50 50 50 50 1 50 21 50 8 50 50 50 50 28 46 39 8 50 11 50 40 50 50 50 50 50 50 42 17 50 43 50 48 50 50 24 22 47 50 50 50 50 50 6 50 50 50 50 50 50 50 50 50 42 50 50 43 50 40 2 1 50 36 50 19 50 35 6 24 50 50 4 37 46 21 23 50 48 10 7 50 50 50 17 38 50 42 26 50 0 46 11 47 50
44 42 50 50 50 50 10 3 10 45 50 50 48 50 50 47 34 16 50 46 8 50 50 35 50 44 50 50 33 50 50 35 50 21 26 50 50 50 26 6 50 50 18 50 50 50 11 50 50 50 50 50 35 31 2 31 50 50 50 50 50 50 50 27 11 8 50 47 32 36 50 50 48 47 50 26 15 47 50 32 31 45 50 23 50 50 50 50 50 50 29 50 2 50 50 45 29 22 10 48 12 50 50 4 43 50 50 50 25 22 50 50 50 42 50 50 15 21 27 4 46 50 3 50 50 50 50 50 38 49 26 13 50 29 50 8 49 50 22 50 50 50 50 32 37 50 5 50 50 7 22 50 50 50 38 23 30 50 50
49 50 50 50 50 50 50 50 0 50 50 38 50 50 50 23 50 50 6 50 10 10 14 49 50 50 50 50 50 50 50 34 7 42 5 50 50 10 50 45 4 50 50 34 50 3 50 50 50 50 50 50 31 31 0 42 47 50 41 50 50 50 50 1 50 50 20 12 44 5 11 50 24 50 50 50 50 10 50 50 50 50 24 50 50 50 29 31 48 46 50 6 32 50 50 50 50 39 50 50 50 50 27 50 50 39 7 3 49 50 50 29 50 50 33 50 50 50 50 46 50 50 17 50 34 6 36 27 26 50 50 50 43 20 30 9 31 50 15 10 50 50 50 50 50 50 17 6 31 8 50 50 50 6 50 50 45 50
50 50 50 46 50 24 50 37 50 23 5 50 6 13 14 13 37 23 12 38 50 50 50 50 34 50 50 2 50 50 50 7 1 50 25 28 8 1 50 50 41 13 17 46 50 29 50 30 50 50 33 9 42 50 14 50 47 50 50 36 50 38 50 50 18 50 50 50 10 25 12 50 1 7 20 50 50 50 32 33 50 50 50 8 17 50 39 31 50 50 50 10 50 38 50 42 39 50 37 40 23 50 50 50 10 50 41 50 0 50 12 50 11 50 40 23 35 11 50 22 8 50 12 50 25 50 50 42 50 45 20 50 12 11 50 38 44 24 49 15 16 21 38 50 50 50 50 50 24 50 5 50 50 50 36 50 50
50 50 5 50 22 34 50 6 50 50 50 50 50 50 46 50 50 50 50 50 50 50 25 15 50 50 50 44 50 50 50 50 49 50 19 10 50 37 32 50 50 5 50 13 50 48 7 50 50 50 50 50 50 50 12 50 39 34 21 20 37 41 50 44 29 42 50 50 50 4 50 19 50 15 50 44 44 50 33 28 50 7 50 50 50 50 40 50 50 5 13 23 50 25 50 50 50 50 0 50 22 50 50 50 50 50 50 28 50 25 50 50 17 50 15 50 50 50 50 50 50 50 3 34 3 35 50 38 39 50 46 7 50 35 45 50 50 50 50 50 50 50 19 17 50 50 8 50 38 50 50 50 50 50 50 50
50 3 12 17 50 1 50 34 47 23 50 50 50 50 40 20 15 50 50 50 35 46 50 49 35 38 16 50 30 13 50 48 8 50 2 50 2 50 20 50 50 12 6 50 5 33 50 50 50 18 50 50 24 20 22 50 36 38 50 50 50 50 50 50 50 50 39 48 50 50 10 37 50 44 50 50 29 22 29 50 16 2 50 50 49 50 14 27 19 50 50 50 43 26 2 21 28 50 37 50 50 50 1 50 48 6 41 18 50 50 47 50 36 43 50 50 9 50 50 50 37 50 50 30 33 50 25 27 10 0 36 34 50 33 33 50 50 38 50 50 50 50 50 14 50 3 50 7 23 36 36 39 27 20 50
50 27 41 50 27 50 50 41 50 50 50 28 50 35 50 31 27 41 50 29 50 50 7 49 7 19 11 50 13 50 50 28 13 50 38 50 0 50 15 50 50 50 32 12 50 50 50 50 50 50 25 42 24 36 9 46 50 50 50 50 3 9 0 50 41 50 50 0 20 48 50 50 50 24 10 50 33 32 50 29 38 19 50 37 35 49 50 11 50 50 50 30 44 50 30 50 50 50 16 50 50 50 28 40 43 50 47 37 5 50 35 50 13 7 50 21 0 50 50 25 30 45 50 50 33 15 9 50 50 50 36 45 50 50 50 6 50 9 50 15 50 50 50 40 50 50 44 43 50 45 50 50 50 50
50 13 18 36 50 45 28 50 50 17 30 26 34 22 4 47 50 50 7 9 26 50 16 50 4 50 9 20 50 19 50 39 43 49 50 50 50 6 50 50 43 50 27 50 50 50 50 50 50 50 50 50 50 17 50 50 50 50 50 50 35 50 50 50 16 23 50 21 12 28 39 50 50 50 50 13 14 38 44 31 50 35 14 50 43 42 50 7 50 50 4 15 50 50 50 40 28 44 49 50 50 11 50 18 50 50 50 2 50 5 3 50 50 29 22 50 50 50 50 44 48 9 50 50 50 18 50 8 50 50 50 50 50 50 50 50 41 50 31 50 50 47 28 42 0 50 5 21 50 50 6 50 50
50 41 50 50 50 36 29 50 39 50 11 20 50 19 16 50 33 50 50 50 50 50 46 38 5 50 50 24 50 50 50 39 30 50 41 50 50 9 17 50 36 50 50 50 50 50 33 50 50 50 50 50 50 50 3 4 46 4 12 50 0 42 50 47 50 50 50 32 50 50 9 50 42 50 50 41 1 22 29 13 44 50 50 50 22 47 2 27 50 50 50 50 28 50 26 37 50 50 20 50 47 50 35 10 6 9 15 50 50 50 50 16 50 13 50 50 26 50 44 42 17 50 25 50 50 50 50 50 50 50 41 50 50 50 50 50 50 50 50 50 17 2 50 15 50 50 50 48 37 32 8 50
50 50 47 48 50 27 50 48 37 50 12 50 35 24 50 18 50 19 10 40 50 50 50 14 7 50 9 32 50 50 50 45 50 13 50 50 28 43 50 50 33 50 50 9 46 50 10 50 50 50 50 4 50 42 16 50 21 16 50 50 46 50 11 22 35 48 50 25 50 30 48 6 50 50 50 15 50 50 1 0 50 50 50 7 13 2 36 50 50 50 31 35 50 50 12 8 19 17 50 50 31 50 50 41 50 50 50 33 50 13 22 8 18 34 37 45 50 50 50 50 50 36 50 50 50 32 50 50 50 39 13 50 50 50 50 27 2 46 50 35 50 50 13 50 2 32 36 50 50 50 50
49 50 50 50 50 10 50 50 20 50 50 33 14 12 14 50 50 50 50 50 50 47 39 50 23 50 50 50 40 50 15 50 50 50 50 16 50 50 10 50 28 16 17 50 41 50 50 50 50 50 30 41 1 50 50 50 2 50 50 50 21 50 50 50 33 30 50 50 50 28 27 3 50 42 39 50 20 50 50 19 50 50 11 50 50 50 29 50 50 50 50 50 10 50 50 50 50 50 37 9 22 50 50 27 50 35 50 25 28 50 50 50 50 50 31 13 50 50 50 50 50 50 50 50 26 21 30 50 50 48 21 7 3 50 50 39 50 10 50 43 50 41 29 50 50 0 47 32 50 50
17 38 50 50 24 50 50 39 50 50 40 50 50 50 6 50 36 50 50 50 50 41 50 50 50 50 50 50 50 15 50 50 34 50 8 22 3 50 50 42 50 35 50 27 22 50 50 50 24 50 50 38 50 50 24 50 50 50 50 50 0 41 50 50 50 50 50 23 50 50 50 50 10 44 50 41 50 14 50 50 11 11 50 50 50 13 19 50 33 50 50 50 39 50 10 50 35 22 50 50 50 50 50 50 30 50 42 32 50 35 50 50 50 21 50 50 6 50 19 50 10 50 50 50 50 50 50 4 50 50 50 50 50 50 9 13 50 50 45 50 31 34 46 50 50 50 50 50 50
50 1 50 50 50 50 50 50 50 21 15 50 50 50 50 50 50 50 50 35 50 50 33 50 50 50 50 16 50 50 50 36 4 50 13 44 24 35 50 50 50 50 50 21 50 50 50 23 50 50 50 50 17 50 50 50 27 50 50 12 36 50 36 30 50 50 30 50 20 49 50 50 1 50 50 50 50 50 50 50 36 50 23 50 50 50 50 50 50 50 50 50 50 25 50 23 50 50 10 50 50 29 50 10 50 50 13 22 50 20 50 50 50 17 50 50 50 50 50 27 50 50 50 9 50 50 50 45 50 50 50 39 50 50 50 46 50 50 24 50 50 49 50 50 3 50 50 50
50 50 18 50 50 19 6 50 50 50 47 50 5 50 15 50 50 26 50 50 43 39 50 50 50 50 46 50 50 50 50 42 44 42 50 45 50 50 50 5 50 50 44 50 0 43 50 50 50 50 31 10 50 21 50 50 50 11 50 50 50 50 50 50 50 50 50 50 50 50 50 28 50 11 45 9 22 50 0 23 50 35 12 50 50 18 31 50 19 50 50 50 50 46 50 46 50 50 50 50 46 33 50 18 8 50 50 50 8 50 10 44 50 50 50 50 42 37 14 35 50 50 36 50 50 30 50 50 0 4 24 50 50 50 50 24 50 8 2 16 50 50 40 20 3 44 50
50 50 50 50 50 50 50 30 11 50 50 50 8 50 50 37 50 50 50 50 50 50 50 16 26 37 25 50 24 24 50 50 1 50 16 50 50 48 50 20 2 50 50 50 50 50 50 50 50 50 50 50 50 50 50 50 50 50 50 50 50 50 41 50 50 4 50 50 50 50 22 50 50 11 50 50 50 26 50 50 50 50 50 50 29 50 50 50 16 50 32 50 50 5 50 50 50 50 50 50 50 15 50 48 50 50 9 50 50 50 50 50 50 46 50 50 50 17 50 50 7 50 50 50 13 13 50 46 50 50 50 50 14 50 50 50 50 50 18 50 50 50 50 50 9 50
50 35 50 50 50 50 37 50 50 50 25 37 35 50 50 50 1 3 50 50 50 18 50 50 50 42 49 50 50 50 50 22 42 46 50 13 50 50 50 50 3 31 26 50 50 3 9 50 50 22 50 50 43 29 50 18 50 50 14 47 50 7 50 17 9 47 50 50 2 50 16 30 50 50 50 40 8 17 50 47 50 50 50 50 50 50 50 3 50 50 50 50 50 50 50 50 50 50 50 10 50 10 28 20 50 50 50 50 33 34 1 50 3 50 50 50 41 9 50 50 47 50 25 10 50 14 36 50 21 33 50 50 50 41 10 50 50 50 38 50 50 50 47 50 50
46 50 50 50 50 50 50 50 50 50 46 50 50 19 50 50 50 28 50 50 42 50 34 50 50 20 16 50 33 50 50 50 50 45 8 50 50 39 50 9 44 25 50 16 50 50 7 26 50 25 50 47 50 50 50 27 16 50 35 29 3 50 13 50 8 50 50 50 50 50 50 30 19 50 50 21 33 50 50 31 44 50 50 3 50 5 11 50 50 50 50 50 50 27 50 50 1 50 50 50 50 50 5 45 50 33 50 50 29 50 43 50 50 50 50 26 50 43 50 50 13 50 20 28 50 50 46 30 50 6 50 12 20 50 50 50 50 48 8 50 50 41 50 50
50 50 42 50 50 50 50 19 16 24 50 23 50 50 50 16 50 50 46 50 50 50 50 50 8 50 14 50 15 50 50 50 50 50 50 45 28 37 7 50 50 50 50 50 50 28 31 44 7 50 26 50 34 20 50 50 50 50 50 50 50 50 33 50 31 11 50 50 50 50 49 0 50 50 31 29 14 50 50 50 2 27 14 50 50 50 45 36 50 44 50 43 50 25 50 50 50 36 50 29 46 50 50 50 12 50 28 9 50 46 50 45 50 27 44 50 29 50 16 50 3 40 50 50 1 50 50 50 50 50 34 17 50 17 6 50 50 50 50 50 50 50 50
12 45 8 50 50 31 30 43 24 50 50 50 50 50 13 50 50 50 22 3 50 50 32 50 50 33 50 50 50 50 37 6 50 35 50 50 50 50 39 38 38 50 6 50 50 12 50 50 50 50 50 50 50 50 0 50 50 50 50 7 22 50 3 50 50 40 10 50 50 50 50 50 50 50 10 45 50 50 50 50 50 50 50 50 42 50 50 50 50 9 50 45 29 50 47 3 50 28 50 50 26 50 50 50 50 50 4 50 24 50 19 50 50 50 50 48 50 50 50 24 50 2 30 50 13 50 50 35 37 50 7 50 50 50 50 50 50 50 50 13 50 50
29 33 50 50 50 50 8 50 31 50 50 50 50 50 50 50 50 35 50 50 50 49 50 18 50 5 50 50 37 29 50 32 50 50 50 50 49 50 50 50 50 50 10 30 50 1 50 50 19 11 50 44 50 50 50 17 32 50 30 50 16 50 50 50 50 50 50 24 50 50 50 50 50 50 50 8 50 46 50 45 11 50 50 36 29 50 50 50 50 17 50 50 50 50 1 14 50 50 50 50 31 50 40 50 50 50 50 37 50 50 41 50 17 9 50 50 50 41 50 50 30 50 50 47 42 50 50 9 43 50 50 50 19 50 50 41 25 50 23 50 50
50 36 17 50 50 50 50 36 50 50 50 50 50 50 50 11 50 27 50 50 50 50 34 50 50 50 5 50 50 50 50 50 50 0 50 49 34 50 50 30 15 50 10 50 8 30 50 31 48 50 50 50 50 1 29 50 50 1 50 50 50 50 50 50 33 50 50 5 50 31 5 50 50 50 2 50 50 33 36 50 50 3 2 50 50 31 23 38 50 50 50 50 35 50 50 50 50 50 40 10 50 50 50 50 50 7 50 50 50 50 50 50 6 50 50 50 50 42 50 50 20 22 21 34 50 50 50 18 44 42 50 50 33 50 50 50 40 38 46 50
50 28 14 50 50 50 50 50 50 50 50 50 50 50 42 50 38 18 48 1 42 18 50 41 50 24 15 50 50 50 8 50 13 34 33 50 50 50 48 0 50 50 50 50 50 50 50 14 50 50 22 43 45 50 43 38 17 50 50 50 31 50 14 50 50 50 1 50 50 50 50 50 50 43 50 50 44 50 21 50 50 49 50 50 50 44 50 50 11 50 50 8 50 34 50 36 50 50 50 15 50 16 50 50 50 50 33 50 50 7 3 50 15 38 50 25 50 50 50 12 21 50 27 9 50 50 50 21 50 39 18 6 50 50 50 50 50 50 50
17 16 50 50 4 34 50 47 50 42 50 50 50 50 15 50 50 50 50 50 50 50 50 36 50 50 5 50 16 50 50 50 50 50 50 4 50 50 50 16 50 50 50 50 4 50 50 40 11 50 50 50 50 50 14 50 43 46 50 50 50 36 42 50 35 50 50 50 17 50 50 39 50 41 50 36 30 50 30 35 23 50 42 50 44 50 50 26 50 13 50 10 50 22 50 15 50 2 16 19 50 6 23 26 50 45 50 32 50 50 50 50 50 50 41 50 39 50 50 50 28 50 25 50 50 50 50 20 50 18 50 50 49 50 50 50 50 50
50 50 50 50 7 50 50 11 50 0 44 50 50 50 50 42 50 50 50 50 50 50 50 50 50 50 36 44 46 0 50 50 50 50 50 50 50 50 50 50 50 13 50 50 50 43 49 6 24 50 23 50 50 50 50 28 49 50 17 50 50 50 50 6 50 12 2 30 50 50 45 50 50 50 22 40 50 50 50 50 50 50 50 50 34 50 50 50 50 50 50 50 50 20 50 50 5 9 50 24 50 50 29 50 50 50 30 50 38 50 34 50 4 5 50 50 50 34 50 50 50 50 50 24 50 29 50 50 43 5 50 50 46 20 37 50 50
50 14 50 50 50 5 50 5 50 50 50 50 50 40 50 50 50 50 40 50 50 33 50 50 20 50 50 50 13 50 50 50 29 50 10 50 13 1 12 49 22 50 6 50 2 50 50 50 12 50 50 50 50 44 49 43 25 50 23 50 50 50 50 50 50 50 1 50 18 5 50 50 50 45 50 50 50 50 50 50 50 19 19 50 0 29 50 50 18 14 33 39 50 8 50 50 50 50 10 50 26 50 27 50 50 50 39 8 1 50 50 50 50 50 50 50 28 42 50 9 50 29 50 42 38 24 25 11 50 50 41 30 50 49 50 50
4 50 33 50 1 20 50 28 50 50 50 50 11 48 10 50 15 50 50 50 8 50 50 50 50 46 50 5 50 25 50 50 50 50 50 24 12 13 50 24 50 50 3 50 50 50 49 50 46 50 7 50 31 50 50 15 50 11 50 50 8 50 47 50 50 50 50 50 50 50 42 50 17 50 50 21 50 50 25 50 50 50 50 50 50 50 50 50 50 50 50 50 50 50 49 48 20 50 50 50 50 50 29 50 50 50 50 50 50 23 50 35 50 50 21 50 50 50 50 50 50 50 50 50 50 34 50 50 21 50 50 50 50 50 50
30 21 50 50 50 50 50 6 50 50 50 50 50 50 50 19 20 50 50 50 29 50 50 50 4 50 50 50 50 37 41 43 50 50 50 50 50 50 50 50 50 50 1 50 50 50 50 25 50 4 50 24 50 3 33 50 50 44 50 50 50 44 40 50 29 50 2 50 50 43 50 50 50 50 50 50 50 50 47 50 0 50 5 50 28 50 50 50 41 0 50 50 50 18 9 50 50 16 50 34 50 3 36 21 50 50 50 50 50 27 50 50 50 16 50 50 23 50 22 50 50 50 36 50 29 4 50 31 6 50 39 50 50 50
50 50 50 50 50 26 50 4 50 50 50 50 34 50 50 50 50 10 28 9 50 30 5 50 21 50 50 35 50 50 50 24 50 2 50 7 50 5 50 50 5 6 22 50 50 50 50 50 50 11 40 20 50 10 29 37 50 50 50 50 50 50 50 27 50 50 50 50 50 50 1 50 50 43 43 7 50 50 42 31 50 50 38 50 2 50 20 50 15 34 50 50 50 50 50 37 50 50 50 17 50 50 50 50 50 50 50 40 26 50 43 9 50 0 48 50 50 50 46 50 50 6 8 35 23 50 50 50 10 50 33 17 50
50 50 50 50 50 50 48 14 50 50 44 50 50 50 50 50 17 50 50 50 50 50 50 50 39 17 50 12 45 47 50 42 50 50 50 50 50 50 50 50 24 50 50 50 50 47 50 50 50 32 50 50 29 50 50 50 50 50 14 1 50 50 31 1 3 47 47 50 50 16 50 50 50 20 46 42 50 50 50 50 50 50 50 50 50 50 50 50 50 50 50 34 46 8 38 29 50 50 50 21 26 50 50 50 50 50 47 50 50 50 21 5 50 40 14 50 26 50 20 50 50 50 39 50 42 32 48 9 50 50 50 50
50 5 50 10 50 50 20 50 2 50 50 48 36 50 50 12 4 9 50 7 46 50 28 50 34 50 27 3 50 50 42 50 16 50 32 45 50 50 50 50 50 1 50 50 50 50 40 50 50 50 50 50 50 14 13 50 50 50 50 50 50 50 50 19 50 50 50 50 44 35 50 50 41 50 34 50 50 50 18 8 50 6 15 50 50 50 45 50 4 50 36 50 50 40 18 8 50 26 28 50 50 50 17 20 25 0 19 50 50 50 22 50 50 50 20 50 50 50 50 50 50 17 50 50 50 50 50 43 50 28 50
50 23 50 18 50 50 50 42 14 50 50 50 5 50 2 50 50 50 50 50 50 50 50 50 50 50 18 3 50 50 50 24 18 25 1 50 50 7 32 29 6 50 50 50 42 50 50 50 39 50 20 50 50 50 45 20 22 50 50 26 50 7 50 50 50 50 50 36 50 50 50 50 25 40 50 4 50 50 50 50 47 50 50 5 50 50 50 50 50 50 50 50 48 50 45 15 45 44 50 50 50 50 50 49 50 50 50 50 50 1 50 45 50 9 11 50 3 50 46 3 50 50 39 50 50 50 36 31 50 50
30 30 50 50 50 50 50 50 28 43 10 3 50 50 50 50 50 50 6 50 50 50 50 50 38 33 50 50 21 18 40 36 50 50 50 50 50 50 50 15 17 35 50 32 37 50 50 50 50 50 50 50 50 50 50 50 50 29 21 50 8 40 50 50 50 50 50 50 50 50 3 50 22 50 50 50 31 50 50 44 50 38 13 7 50 35 38 50 50 50 50 5 17 50 50 50 19 46 30 0 17 26 50 32 50 50 50 47 50 19 50 50 24 50 8 5 23 50 19 2 21 50 50 50 50 50 31 50 50
13 46 50 50 2 50 50 19 50 38 21 50 49 34 31 10 50 50 50 50 33 50 50 19 50 50 47 50 50 34 38 50 1 50 50 50 50 35 50 34 39 50 50 50 15 50 23 50 14 50 50 50 12 37 50 50 50 50 50 20 21 50 50 50 50 50 16 50 22 31 50 50 50 50 50 50 50 50 50 26 32 50 50 50 47 50 50 50 50 50 50 7 50 50 2 28 50 50 50 49 41 24 50 47 42 25 50 3 50 44 50 50 6 27 25 50 50 31 50 5 50 36 50 37 50 50 48 50
50 50 50 50 50 24 50 50 49 50 50 50 21 22 24 2 50 50 50 18 50 9 50 24 43 23 50 50 50 50 50 37 50 50 36 50 31 30 50 50 6 23 50 50 34 50 50 50 50 15 21 50 41 42 50 50 11 50 22 50 50 50 14 50 39 50 33 47 50 35 48 5 50 50 50 50 50 13 28 50 50 43 50 50 50 38 50 18 43 4 19 50 50 50 50 50 50 24 50 50 31 24 50 50 50 50 50 11 50 50 50 50 50 50 50 36 50 50 3 50 31 50 50 34 12 23 50
26 50 50 50 45 50 50 20 33 50 50 50 50 50 50 8 22 36 50 50 49 50 39 34 49 50 50 40 45 49 50 50 3 14 50 40 50 50 50 50 26 50 17 20 29 50 50 50 50 50 50 50 50 24 34 50 19 50 50 36 50 50 50 41 50 42 50 49 26 50 50 50 50 41 31 50 34 42 50 50 50 50 50 50 50 4 50 10 50 38 50 50 49 41 50 42 50 47 43 50 6 50 50 50 50 50 50 6 27 50 50 50 50 50 3 50 50 50 50 11 50 50 43 18 13 50
50 28 50 50 10 35 50 40 30 50 50 50 50 1 50 50 50 50 50 50 50 50 50 44 27 50 42 13 50 50 50 36 50 11 8 16 46 13 50 50 50 49 46 50 50 50 5 50 23 50 50 25 14 50 5 50 50 47 9 24 50 24 19 50 50 50 50 50 50 50 47 50 50 50 39 50 50 50 50 50 50 50 50 50 50 50 50 50 50 50 50 6 34 50 15 43 50 50 21 9 50 38 38 18 50 40 26 50 2 50 13 50 50 47 50 50 15 50 50 46 50 45 50 50 50
50 50 17 50 50 28 46 50 50 50 46 47 50 4 50 50 37 50 30 50 50 13 50 50 41 46 50 50 50 50 44 24 19 50 50 50 50 25 50 50 50 50 50 4 50 9 50 50 48 50 50 50 50 47 50 50 25 50 32 50 50 50 50 26 50 50 20 8 50 50 8 50 20 50 35 50 50 50 50 11 49 34 49 50 50 50 50 50 46 13 44 50 6 50 50 50 50 50 50 50 50 50 50 50 50 50 50 50 3 50 37 12 43 36 50 50 50 2 50 41 50 19 23 50
50 50 50 26 29 50 36 50 50 46 35 50 50 50 50 50 50 50 50 50 50 50 50 47 5 33 3 39 50 35 50 50 50 50 25 18 2 4 50 36 50 50 50 50 50 50 16 50 50 50 34 50 50 50 28 50 50 50 50 4 50 24 50 50 28 11 9 50 50 50 50 50 10 44 50 46 50 44 46 50 50 46 50 50 45 11 50 2 50 50 37 50 17 50 40 50 50 50 50 50 50 50 50 50 50 50 50 50 50 50 50 50 50 31 49 7 50 50 37 50 7 50 50
50 47 22 50 50 50 27 50 50 50 50 50 5 21 50 5 50 50 9 50 23 50 50 50 50 25 44 50 22 50 43 40 50 50 48 50 50 2 50 13 0 50 50 47 50 50 50 30 18 22 24 50 50 50 37 50 2 4 50 8 50 50 50 50 50 50 14 50 50 33 50 49 41 50 12 11 50 47 50 50 50 50 50 16 34 50 48 18 50 26 50 50 44 50 29 50 46 33 50 50 50 50 32 50 50 50 25 17 14 6 50 4 50 39 50 50 10 50 50 50 50 50
50 50 50 11 8 50 50 50 50 20 48 50 50 50 9 50 44 36 50 45 50 50 6 1 17 15 50 50 23 37 17 23 48 50 16 50 48 5 50 50 20 31 50 28 30 50 50 50 50 50 30 50 45 50 50 50 50 50 26 50 50 10 50 50 50 35 50 50 43 25 5 50 50 50 8 50 50 46 50 50 50 50 50 32 50 50 50 33 50 50 50 50 22 50 50 50 50 17 30 50 50 12 3 48 50 24 45 1 50 33 50 28 50 31 50 29 22 32 50 40 50
33 50 39 50 50 32 50 50 19 7 50 50 1 38 50 50 50 10 44 50 1 2 50 50 50 9 50 23 50 50 37 50 32 50 50 50 50 50 50 31 26 50 50 2 37 50 50 50 2 7 50 50 49 50 50 42 50 50 50 50 19 50 50 50 13 50 50 47 21 41 27 48 24 50 13 37 50 40 38 50 50 2 50 50 21 50 50 50 30 13 6 50 50 50 42 50 40 43 50 50 17 17 50 50 50 23 34 50 24 50 37 50 50 50 50 50 50 50 50 50
50 50 50 50 50 15 50 50 50 50 23 50 50 50 46 32 4 17 24 50 17 50 50 50 47 50 50 50 11 36 50 50 40 50 50 35 31 43 50 19 50 50 50 3 50 50 50 13 19 50 50 50 43 50 7 50 50 26 27 37 50 50 50 46 23 14 36 49 50 50 16 50 50 38 15 50 23 50 50 50 41 50 33 12 50 50 50 26 17 38 50 50 50 33 50 50 46 49 50 50 41 39 50 50 50 18 2 50 50 20 50 27 23 50 0 13 50 31 50
31 31 28 50 18 50 50 50 50 41 50 50 50 50 48 50 50 50 50 4 50 50 12 50 50 50 50 50 50 50 50 29 32 10 50 50 50 18 50 50 50 50 50 50 50 50 50 50 45 35 50 22 8 30 29 1 50 50 29 50 33 36 26 50 50 34 50 16 50 50 1 50 50 45 50 50 19 50 50 50 12 50 50 50 24 4 50 18 50 0 50 50 50 50 16 50 50 50 50 3 50 50 50 10 50 45 44 50 10 50 43 49 50 42 13 3 50 50
50 50 13 50 50 50 50 50 33 42 50 11 15 50 50 9 50 28 37 6 50 22 50 37 50 50 50 38 50 28 50 13 50 50 38 50 50 50 39 16 50 45 21 46 13 50 5 50 50 50 50 50 2 50 50 10 36 50 50 50 0 36 22 49 50 50 48 10 50 28 50 50 50 42 50 50 50 50 50 16 50 50 50 50 21 50 50 3 50 50 50 22 50 50 50 50 36 50 50 29 12 50 50 7 50 7 50 32 44 37 36 50 10 50 50 30 50
50 50 50 50 50 7 50 34 43 24 50 50 15 50 50 42 50 50 50 38 50 50 50 45 50 50 35 50 32 50 50 37 40 50 50 13 43 2 50 50 50 36 33 14 50 15 50 42 41 50 48 8 46 50 7 50 50 50 50 32 50 33 50 50 50 50 11 49 50 34 50 20 50 50 50 26 6 49 50 50 11 50 50 20 50 50 50 50 14 0 44 50 50 26 50 23 50 50 50 50 50 50 12 50 50 50 28 12 11 50 50 50 50 50 50 50
50 37 14 48 39 50 17 50 7 50 33 50 50 11 32 50 21 50 50 50 50 5 1 50 47 37 50 50 40 50 50 50 17 36 32 50 50 50 50 17 10 5 50 50 50 50 36 50 11 50 17 50 50 6 29 5 50 50 14 50 50 50 12 50 50 50 50 23 50 50 50 0 50 13 16 50 30 50 50 33 50 19 50 50 11 50 50 50 50 50 50 50 29 3 50 37 50 50 30 50 44 50 50 29 41 19 50 50 50 50 50 50 39 50 50
50 50 50 12 50 50 50 45 15 50 13 21 50 50 3 23 9 50 50 50 34 50 50 12 50 6 50 50 50 50 4 50 16 14 30 50 50 50 50 35 3 50 25 50 14 4 50 31 50 50 50 50 2 50 1 50 50 22 50 50 48 50 50 50 50 50 23 17 0 50 32 50 50 10 50 32 37 38 40 50 50 50 50 50 50 50 50 50 41 50 50 33 50 29 6 37 50 13 50 50 50 50 50 50 29 6 50 50 50 34 50 50 6 50
50 50 50 50 50 50 50 50 35 50 50 50 20 50 50 15 50 50 50 50 42 48 27 46 29 50 50 50 50 50 26 50 50 50 8 50 50 28 50 2 0 50 50 12 50 50 33 50 29 35 50 50 50 50 50 50 50 50 50 50 6 50 50 50 50 50 41 50 50 3 50 50 50 50 50 50 19 50 50 50 50 50 9 50 50 14 35 50 50 50 50 3 10 50 50 50 35 50 50 50 50 50 34 50 50 15 10 50 16 3 11 0 50
50 50 50 42 8 50 50 23 32 50 30 25 50 1 50 11 50 50 50 50 50 50 42 50 50 50 50 50 50 50 50 28 50 30 50 42 50 50 4 50 22 50 38 50 50 50 31 0 50 9 50 50 50 50 50 34 50 50 18 50 31 50 50 50 50 50 50 50 3 36 42 50 5 42 20 50 50 50 50 50 50 50 50 50 22 50 50 49 50 50 0 49 50 50 37 50 26 40 19 50 50 50 17 40 47 50 50 50 50 50 50 50
15 12 44 7 50 50 31 24 50 50 50 36 5 50 13 26 28 43 50 50 50 50 50 50 6 40 50 50 50 50 3 50 47 50 50 50 50 50 50 50 50 46 50 50 40 50 50 50 11 15 50 50 50 24 50 50 50 50 30 50 7 9 27 3 34 50 48 50 50 46 44 50 2 21 50 50 50 35 50 8 50 0 50 39 36 50 23 50 23 42 18 44 13 50 50 48 50 50 50 45 50 50 50 50 50 50 35 41 25 35 50
50 37 50 50 8 7 50 50 50 50 25 50 50 50 50 50 12 17 50 26 50 40 50 3 27 46 50 48 12 50 1 50 42 50 50 50 30 50 50 50 50 50 42 50 50 50 0 34 50 50 50 50 50 25 25 50 21 50 50 50 30 50 50 50 50 50 50 50 50 50 50 12 50 50 50 50 28 50 50 50 50 11 50 50 20 38 50 24 50 5 50 50 50 41 50 23 50 50 37 5 28 50 50 29 50 50 50 50 50 50
19 50 25 50 50 14 30 50 50 40 50 12 50 50 39 50 50 7 11 35 21 35 12 50 38 50 50 50 50 50 50 3 50 50 50 50 50 50 50 50 50 50 6 50 50 50 21 18 50 26 40 50 50 50 50 12 50 50 50 50 12 50 1 50 50 19 35 18 50 50 50 50 50 50 50 4 50 1 50 50 4 50 50 50 50 50 50 50 8 50 50 50 50 31 39 6 31 3 50 50 50 29 50 50 21 45 50 50 50
50 47 50 14 38 50 50 50 50 32 50 33 50 50 2 26 50 50 50 45 37 50 50 18 50 50 50 34 14 50 9 50 50 50 40 42 50 15 50 38 24 50 49 50 50 8 25 50 41 50 49 50 50 50 50 50 0 3 50 50 50 24 50 50 36 50 50 50 38 50 8 50 50 50 38 18 50 14 50 50 50 4 48 50 15 50 22 48 10 50 50 50 50 50 50 50 50 50 27 50 50 50 45 36 50 50 31 50
8 50 50 50 21 10 50 50 50 50 22 1 50 7 50 40 3 50 4 50 50 39 50 50 50 50 40 50 50 32 50 8 50 17 50 4 50 50 37 50 50 50 50 24 2 12 48 50 49 50 49 29 50 50 50 23 50 50 3 50 50 50 50 50 50 50 50 38 50 50 34 50 50 22 50 50 50 18 7 50 50 30 50 50 11 50 42 50 50 44 47 50 39 41 50 50 50 30 50 50 50 1 40 44 50 50 50
31 50 12 50 50 33 50 50 50 0 2 50 23 50 7 50 50 28 31 27 5 50 49 18 50 50 50 50 50 50 50 42 50 50 50 50 50 4 50 48 16 2 50 50 21 50 50 1 50 50 50 50 21 50 50 9 50 50 50 18 43 50 13 50 50 5 0 50 50 50 50 50 43 30 50 50 50 50 50 23 27 50 15 50 50 50 15 12 50 5 26 32 50 50 50 50 50 24 25 50 50 27 6 20 50 50
33 50 40 50 3 50 18 50 39 50 38 50 50 26 50 50 50 39 2 50 30 50 50 13 50 50 50 16 50 4 50 33 50 50 50 21 50 50 50 2 45 50 50 13 50 50 50 50 17 1 50 49 50 35 50 50 40 50 50 16 50 50 50 50 50 5 50 50 28 44 50 50 50 6 30 50 50 11 50 50 50 50 50 50 43 29 50 10 50 50 50 50 33 50 34 27 50 2 50 33 50 15 50 14 50
50 50 50 50 50 50 50 48 49 14 12 50 50 50 50 7 50 50 50 50 20 18 50 50 11 50 14 50 50 50 50 50 11 50 38 50 50 27 50 30 39 7 2 50 50 50 50 50 50 11 10 28 50 50 2 50 50 50 50 50 50 50 50 50 50 50 8 13 50 50 32 50 50 4 15 50 50 50 50 50 50 25 50 15 50 50 50 44 22 44 50 7 50 50 50 34 18 50 50 31 50 18 50 50
50 50 50 27 50 50 50 50 26 50 50 50 2 50 50 50 50 50 50 27 50 50 50 50 26 4 49 50 17 50 11 32 50 8 50 23 50 0 50 14 50 50 50 50 13 50 50 17 50 50 16 50 6 50 50 50 14 50 50 50 11 50 50 43 35 50 16 50 5 50 44 50 14 50 50 50 50 43 50 50 50 50 50 50 50 37 19 50 9 50 50 50 50 50 50 50 26 40 50 50 50 12 50
24 34 50 26 50 49 50 23 50 18 22 50 50 50 50 50 50 46 29 50 50 50 50 50 50 49 50 29 50 36 50 50 50 34 17 50 6 50 50 50 23 50 50 36 50 3 50 32 50 50 50 47 50 50 50 50 50 30 50 35 50 50 50 50 50 16 50 50 1 0 50 7 32 50 50 50 50 50 50 50 50 50 50 50 50 50 50 50 50 50 50 50 20 31 50 50 49 46 39 50 50 50
26 49 3 50 20 50 50 50 44 50 50 5 41 50 48 50 50 50 44 50 50 41 50 50 50 4 50 50 47 50 50 50 50 45 16 50 50 50 50 50 50 50 50 50 50 1 20 50 50 50 50 50 7 50 50 6 50 50 50 4 13 50 50 50 50 5 27 50 50 50 22 23 14 50 50 42 50 50 46 50 7 50 50 50 50 50 50 15 50 11 50 27 7 50 2 50 50 28 50 50 50
50 50 50 28 50 50 50 46 50 5 50 0 9 40 28 50 50 17 50 50 40 27 17 8 50 1 50 50 50 12 50 23 50 5 50 50 50 50 50 50 8 50 50 50 50 8 6 50 50 48 50 50 50 41 50 50 50 16 50 27 45 50 46 19 47 36 50 50 50 29 50 50 28 31 37 50 6 5 50 50 26 50 50 25 50 4 50 50 50 50 18 50 50 50 48 15 1 1 13 50
50 36 50 18 50 50 50 12 50 50 50 50 9 16 50 50 50 32 50 50 50 50 50 50 28 50 50 41 50 27 50 50 50 50 50 50 12 50 50 28 50 50 28 50 50 10 41 40 50 50 43 43 50 0 50 6 50 28 50 50 50 50 36 50 50 50 50 50 6 50 50 50 49 50 50 50 50 50 50 50 50 34 46 50 50 50 50 50 1 3 50 50 50 19 37 50 50 50 50
50 50 50 50 49 11 50 19 50 50 50 50 50 29 15 39 50 46 50 21 50 50 50 50 50 50 40 50 50 22 17 50 15 50 50 14 50 50 50 50 50 36 50 50 21 12 6 22 50 50 50 1 50 50 50 50 50 3 17 19 50 50 50 50 0 47 50 50 50 50 50 50 10 50 50 50 50 50 50 50 2 50 50 32 50 50 50 50 50 50 50 45 15 50 27 44 50 50
38 14 50 50 50 50 50 50 50 50 50 50 50 20 14 50 43 26 31 1 5 13 50 1 50 50 1 50 50 6 50 50 50 24 50 50 50 50 50 50 43 33 18 14 24 46 50 50 50 50 50 47 50 50 50 50 50 2 50 50 32 11 50 40 50 29 36 37 11 50 50 50 50 31 47 50 50 50 48 5 40 50 40 50 50 50 50 36 50 50 50 44 50 49 50 50 50
50 50 50 50 50 50 8 50 50 50 50 50 50 11 50 50 50 50 50 48 50 50 45 50 50 50 28 50 50 50 50 50 50 50 2 50 50 50 0 24 50 50 44 50 23 6 50 28 50 15 50 50 50 50 50 12 50 50 37 50 50 32 50 50 50 50 35 50 35 50 50 7 50 34 50 50 50 50 29 50 50 50 50 50 50 50 48 26 34 50 15 50 50 50 29 50
12 50 15 15 20 50 41 50 50 50 43 50 45 4 50 50 50 50 50 50 23 23 50 50 50 26 15 50 50 50 50 50 48 50 50 9 50 30 19 45 50 16 50 14 2 50 50 50 50 0 50 7 50 50 50 50 50 50 50 50 15 11 3 50 44 31 17 48 50 50 50 50 50 50 50 50 50 50 50 33 50 50 50 35 19 50 50 50 50 50 29 50 5 50 50
2 50 50 40 19 50 50 50 49 50 34 0 50 50 50 50 50 49 50 3 22 50 33 50 50 50 50 50 50 5 50 50 50 50 38 50 50 17 11 50 42 50 50 50 50 50 20 50 50 50 37 39 45 50 50 29 27 28 16 50 50 5 50 50 37 50 50 50 47 50 50 50 50 50 25 50 50 50 35 32 50 49 50 25 50 50 20 50 50 50 10 11 50 50
37 50 50 50 50 50 50 50 50 50 50 30 50 50 18 15 50 28 31 50 0 50 50 11 24 50 50 44 50 50 8 50 50 50 50 50 25 31 50 50 50 17 50 50 5 21 50 50 26 50 5 50 50 50 50 50 50 50 44 50 17 40 50 11 10 50 50 50 50 50 50 21 50 15 50 49 13 50 50 50 50 50 45 50 50 50 3 40 48 7 50 20 50
6 2 14 50 1 18 12 27 48 18 50 50 0 50 4 41 36 30 50 50 40 50 50 24 50 50 50 50 50 50 50 50 38 2 12 50 50 15 50 41 50 50 34 50 50 2 16 50 50 50 50 50 0 50 35 50 11 50 50 50 50 45 50 50 50 50 50 50 50 50 34 50 50 50 50 50 50 50 50 50 50 43 50 50 12 50 50 39 50 50 50 50
50 32 50 50 50 50 50 50 30 50 50 9 28 50 50 25 50 17 50 22 23 3 50 50 50 23 50 34 32 22 50 50 8 50 50 50 50 50 50 50 50 50 35 50 50 50 50 50 37 50 50 22 50 46 50 50 50 7 50 50 50 50 50 50 50 50 32 28 23 26 50 50 50 50 50 50 50 26 50 34 13 50 50 50 50 50 47 50 50 50 50
50 50 50 50 38 0 50 50 4 50 50 50 50 50 50 50 50 23 50 50 40 50 50 33 15 7 50 48 14 50 34 50 50 2 23 50 50 50 38 27 50 24 50 50 50 50 50 50 50 50 50 50 17 50 50 19 50 50 21 50 1 50 50 50 50 6 50 14 50 50 50 50 50 19 4 40 50 24 44 50 26 50 50 50 50 50 50 50 50 50
50 50 6 50 50 26 50 50 50 32 32 2 50 38 50 43 3 10 50 50 50 50 50 50 50 50 50 39 0 50 50 6 26 50 50 50 50 19 50 50 50 50 13 50 6 50 24 50 22 50 50 50 50 38 50 0 50 50 5 50 22 50 50 50 33 50 50 50 27 45 12 50 50 50 50 46 50 32 50 50 50 50 50 15 27 27 50 36 50
50 42 50 50 50 28 50 26 33 10 44 50 50 50 50 50 47 9 50 50 15 50 23 19 50 50 50 15 50 27 50 50 50 50 50 50 40 8 50 50 50 50 50 50 50 50 50 23 50 50 50 33 50 25 50 50 13 10 50 50 50 50 50 50 50 50 42 50 50 4 4 50 2 50 8 50 25 16 50 23 2 50 44 50 27 50 50 50
24 50 18 50 50 50 50 50 50 50 50 50 40 50 50 35 50 50 50 50 50 50 50 50 50 50 25 50 50 30 50 15 50 50 13 25 50 50 5 50 19 46 50 50 30 22 50 50 50 45 50 16 50 50 50 50 0 50 15 4 50 50 6 50 50 50 50 50 50 50 50 50 46 50 4 50 50 38 50 11 50 39 50 50 50 50 50
12 50 4 50 42 50 50 50 21 50 0 50 50 27 50 22 50 12 50 39 49 20 50 45 3 43 50 50 50 50 50 50 50 44 50 17 50 19 50 14 50 29 20 50 50 50 50 11 10 5 15 50 37 50 29 50 47 21 50 50 3 50 1 50 50 39 46 50 50 50 50 50 50 20 7 34 12 50 32 32 50 8 15 50 50 50
29 2 50 50 50 50 50 50 50 50 43 50 50 50 50 50 50 28 50 2 13 50 50 50 3 20 50 50 12 9 50 50 50 50 50 50 16 40 50 50 50 27 50 50 50 50 50 33 14 50 50 50 50 50 50 50 29 42 0 50 6 50 50 25 45 36 30 11 33 50 21 50 50 50 46 50 0 36 1 50 50 46 50 50 50
6 50 50 28 16 50 10 33 7 37 42 50 50 39 50 50 20 50 50 50 50 5 50 50 50 16 50 50 50 24 37 50 50 35 50 50 50 22 50 25 50 50 50 50 50 50 27 41 50 50 50 50 34 50 50 50 50 50 50 50 50 50 50 26 50 50 25 50 50 50 13 50 50 50 50 50 50 45 50 50 50 50 50 50
50 50 50 50 50 50 50 50 46 50 39 50 38 50 50 25 50 50 50 50 50 50 31 42 50 39 39 50 50 3 50 50 42 50 7 10 48 50 50 4 32 0 50 11 50 7 50 11 50 5 50 28 50 50 50 34 50 50 19 34 50 50 31 50 50 50 50 50 50 22 50 50 39 50 14 50 50 50 50 50 50 50 50
50 50 50 50 49 45 15 50 15 20 50 50 50 50 14 25 50 50 6 50 50 47 33 50 50 50 50 34 50 30 25 50 50 50 50 38 50 50 50 50 41 50 5 50 50 10 50 27 50 50 50 50 12 50 50 50 50 20 50 16 5 37 50 7 50 50 50 50 50 50 50 50 50 50 8 31 41 50 50 50 50 50
50 23 50 5 50 39 50 45 7 23 49 50 50 50 50 50 24 50 13 50 49 42 50 48 50 50 50 36 23 50 29 50 50 25 50 50 14 50 34 50 35 50 50 2 9 50 50 50 12 50 29 37 50 50 6 50 31 1 50 12 11 12 46 49 50 50 3 50 42 26 50 50 49 50 50 11 50 1 17 39 50
50 50 50 50 50 34 50 50 50 13 50 28 43 38 11 50 50 50 50 50 50 50 50 50 20 50 3 17 24 50 50 50 50 50 50 50 50 50 50 50 50 50 50 44 29 50 42 24 50 50 50 38 21 50 50 2 50 0 27 44 50 50 50 26 19 49 50 45 5 12 17 25 14 50 20 50 27 5 46 50
50 32 10 50 50 50 50 6 13 7 50 50 50 50 50 50 8 50 49 50 50 50 28 50 50 50 50 50 50 50 14 20 50 50 50 50 7 50 50 50 50 38 43 50 16 50 50 50 24 8 32 50 7 14 50 50 2 50 50 50 17 50 50 50 50 15 37 50 50 50 50 50 11 40 50 50 50 50 50
43 50 50 0 50 50 50 50 38 50 50 50 3 50 50 50 50 50 45 50 50 50 39 37 50 50 50 24 50 50 50 17 50 50 50 50 50 50 42 50 50 50 35 25 50 50 50 50 50 50 50 13 33 50 50 50 50 4 50 50 50 50 7 17 50 50 50 50 50 50 50 50 41 44 16 7 50 50
31 50 50 24 50 50 50 50 50 50 5 50 50 50 50 50 50 48 50 50 50 48 50 50 41 50 50 50 50 50 50 50 50 50 11 50 2 35 50 50 50 50 11 50 50 50 50 30 50 50 50 45 50 23 50 23 50 6 44 50 50 23 1 35 38 13 50 1 50 50 50 45 50 50 50 50 50
32 50 50 50 50 43 50 34 50 48 23 50 50 50 28 48 50 50 50 50 10 15 21 40 21 50 50 50 50 50 50 26 50 10 48 19 50 21 50 50 39 50 10 50 50 50 50 50 12 35 50 50 50 1 21 50 50 1 50 50 9 50 50 50 50 50 18 16 50 50 50 50 50 50 50 50
50 30 29 50 9 50 39 50 17 29 34 50 50 20 48 50 2 50 50 50 50 48 50 40 50 50 29 49 50 50 50 50 50 3 50 45 50 50 48 50 50 50 3 50 50 50 19 39 50 26 50 50 50 50 50 50 4 41 42 50 50 39 50 50 6 50 50 50 50 50 50 38 50 50 50
50 2 50 6 50 30 13 50 50 44 50 50 41 50 50 50 50 50 50 50 50 40 50 46 50 50 50 50 50 50 50 50 8 50 3 24 43 50 0 26 50 18 50 50 46 50 43 50 50 26 35 37 50 19 38 50 48 39 50 50 50 8 40 50 12 50 50 20 50 50 50 8 50 50
50 50 50 33 50 50 50 34 50 50 39 50 48 50 50 50 50 28 50 50 50 50 50 26 30 50 34 50 17 50 22 50 49 7 12 50 50 35 50 1 50 50 50 50 50 50 50 50 47 50 43 50 50 46 43 50 50 41 50 28 6 50 50 50 50 50 50 50 50 50 50 9 50
3 50 50 50 50 26 50 50 50 50 50 50 50 50 50 50 50 50 29 23 50 50 46 41 40 50 50 50 50 13 14 4 50 50 24 50 0 50 22 50 50 9 15 37 50 50 50 50 19 50 47 50 39 35 50 50 36 50 50 50 9 49 50 50 50 50 50 50 50 50 50 50
50 50 50 19 49 25 31 36 24 50 14 50 50 35 50 50 50 26 50 50 50 50 50 50 39 50 50 11 43 50 2 50 50 50 50 47 50 50 50 10 50 50 50 50 18 50 50 47 40 50 50 50 50 37 50 35 50 49 50 50 50 6 50 50 50 50 50 50 50 50 50
50 50 50 50 50 50 32 26 50 50 50 50 17 50 21 50 30 12 41 15 50 50 8 50 23 24 38 50 50 29 50 4 50 50 8 50 50 11 34 37 18 50 50 1 23 37 16 17 50 12 50 50 50 20 43 50 22 50 50 50 50 29 50 50 50 50 50 50 50 50
50 50 33 50 12 50 50 50 13 50 50 48 44 50 50 49 43 50 1 50 50 50 50 20 50 43 27 27 50 50 50 8 50 4 47 42 50 20 10 50 40 50 50 22 50 2 45 50 50 50 15 9 50 50 50 29 50 39 50 50 50 45 50 50 50 50 50 50 50
50 50 21 50 50 50 35 50 50 50 11 4 25 50 50 50 27 50 50 50 50 50 50 18 50 50 50 50 42 50 25 50 50 50 32 50 17 36 18 50 50 50 41 50 25 50 50 20 50 50 50 50 50 50 10 50 50 50 11 50 50 47 50 50 50 50 50 50
49 50 50 50 50 50 50 50 45 41 50 50 50 50 50 50 0 50 50 32 50 9 50 20 38 50 50 7 50 50 50 50 50 34 50 7 40 50 50 50 50 10 50 50 50 50 50 50 9 12 50 45 50 50 50 37 50 46 3 50 50 50 50 50 20 12 50
42 30 50 50 11 50 5 50 10 50 3 50 50 50 45 50 50 4 13 50 50 50 19 21 24 50 50 50 50 50 32 30 50 44 50 22 50 50 50 50 50 50 50 50 4 0 50 50 4 50 50 3 50 50 50 50 50 50 50 27 50 18 50 50 50 50
28 46 50 23 20 11 50 50 50 50 50 50 50 21 50 17 50 29 47 50 50 33 50 50 1 50 12 20 50 42 50 16 50 50 50 25 50 50 50 50 28 50 50 24 50 41 50 50 50 50 16 50 50 18 50 47 45 32 50 50 50 50 50 50 50
16 50 50 50 0 50 31 33 50 50 50 32 6 49 50 0 25 44 50 26 50 50 6 34 14 24 50 50 50 50 45 31 50 50 50 50 50 50 50 4 50 23 6 33 32 40 40 50 10 50 50 50 50 50 8 50 50 5 50 50 50 50 18 50
3 37 50 1 50 50 50 2 9 50 50 4 50 7 50 50 50 13 22 50 50 50 50 20 50 50 50 50 23 25 50 50 50 31 50 50 11 19 50 50 30 50 32 50 50 14 29 50 50 30 50 26 50 50 50 50 50 26 50 50 50 50 50
50 50 50 50 50 50 50 50 50 50 0 50 50 12 10 50 50 50 50 50 50 50 50 50 50 50 50 25 50 19 31 50 50 50 0 50 50 50 50 36 50 50 35 45 50 27 5 50 50 50 50 50 9 4 24 50 50 46 37 50 50 50
5 50 50 40 31 40 50 16 50 50 50 50 50 50 50 17 50 1 50 50 50 50 48 39 50 50 50 50 48 38 50 47 50 32 50 40 46 33 50 6 25 50 50 50 50 50 50 34 50 49 18 32 50 30 1 50 50 35 50 43 50
50 9 50 50 50 50 50 50 50 50 46 38 11 50 50 50 50 33 50 9 49 50 50 50 50 50 13 4 40 50 50 12 50 26 50 50 30 50 7 50 50 50 50 50 50 50 50 50 46 50 50 43 50 34 50 48 26 44 48 50
9 50 50 50 17 50 50 50 25 50 7 50 50 50 50 15 36 25 50 1 50 8 10 9 49 50 50 50 50 50 50 14 50 50 46 20 50 50 50 30 35 50 43 40 37 3 28 50 50 50 17 50 50 50 50 45 2 50 50
50 36 12 26 15 21 26 50 50 8 50 50 50 5 50 50 50 6 0 50 41 50 50 34 50 50 50 1 40 7 50 41 50 50 34 50 50 50 50 50 50 50 50 40 50 50 41 50 28 50 50 38 15 39 8 45 50 50
14 50 35 35 22 42 18 50 41 45 50 50 50 50 50 50 50 50 39 50 50 50 14 50 50 33 24 50 50 50 50 4 50 9 34 14 50 50 20 50 50 50 40 0 50 50 50 50 50 50 50 28 50 50 11 28 50
38 50 39 50 50 22 50 50 50 16 50 50 50 50 50 50 50 50 50 50 11 50 50 50 42 6 50 50 10 50 36 35 50 50 50 46 50 25 31 25 50 34 50 18 50 23 50 50 50 50 42 25 50 4 50 50
50 50 50 50 17 50 50 50 50 17 50 19 50 33 50 35 0 50 39 4 50 50 50 50 49 50 27 50 50 50 31 50 50 50 50 50 50 50 34 50 50 50 50 18 25 1 45 50 31 10 32 50 50 50 50
25 50 50 8 50 50 12 6 47 50 50 36 50 50 50 12 50 50 46 50 50 50 50 50 50 21 50 50 37 50 50 50 39 50 50 45 50 45 14 50 50 47 50 21 14 38 49 50 15 50 50 50 50 50
42 50 50 50 50 45 50 25 7 50 27 50 50 0 28 50 12 4 50 50 50 50 10 37 37 50 1 19 50 50 33 50 11 50 50 50 27 50 50 14 33 50 50 49 50 13 50 50 35 50 26 18 50
6 21 2 21 50 1 35 50 30 50 34 42 50 50 50 42 50 50 12 50 50 45 24 50 18 50 50 11 50 43 50 50 46 50 50 50 3 0 50 30 50 50 50 50 50 28 44 50 50 50 49 50
50 40 50 4 33 50 1 50 50 50 50 50 50 50 50 50 50 12 50 50 50 22 50 50 48 29 50 50 0 35 50 33 50 50 50 19 50 16 50 40 50 50 50 50 28 38 50 50 43 11 50
50 50 50 50 50 11 50 50 50 46 50 50 50 50 16 50 17 50 24 50 50 50 20 48 50 50 50 50 50 50 26 15 25 50 50 19 50 36 50 50 50 43 50 50 50 46 50 50 50 50
50 50 35 50 50 34 50 50 48 50 14 50 15 50 7 50 50 50 6 36 14 50 50 50 45 6 50 29 50 50 4 38 50 35 50 50 12 2 50 50 35 50 6 50 50 39 48 50 50
38 11 31 50 26 50 20 44 50 50 35 50 50 50 36 50 41 50 50 50 50 50 50 50 50 50 50 36 17 18 50 50 50 38 50 50 50 19 5 50 9 12 50 50 50 46 50 50
34 26 50 13 50 23 0 50 8 11 0 49 30 8 30 39 22 50 50 50 50 50 50 50 50 9 50 38 50 50 50 50 50 50 11 32 50 50 50 50 50 50 28 50 50 37 50
50 50 1 50 20 35 50 50 50 50 50 50 18 50 33 21 50 50 45 50 50 50 18 50 50 50 24 50 50 50 50 28 27 31 50 50 13 34 50 50 50 50 44 5 50 50
45 50 1 50 33 49 37 29 12 50 23 50 42 5 50 25 50 50 38 32 8 45 50 50 50 50 50 50 50 50 50 3 44 50 30 50 12 30 39 18 21 50 50 50 50
50 50 50 50 50 50 50 50 50 16 50 50 50 6 50 15 50 50 50 3 50 19 50 50 50 30 50 36 50 50 43 50 50 31 50 50 50 50 50 50 42 50 50 50
50 47 50 50 34 28 33 50 33 50 39 37 50 50 50 50 50 50 50 14 50 50 50 3 50 9 50 2 50 28 1 50 50 42 24 0 50 50 50 50 50 50 50
50 50 50 50 11 2 32 19 50 16 50 46 20 35 50 50 50 8 50 11 50 50 33 50 27 50 49 47 50 50 50 50 22 14 29 50 50 32 50 50 50 50
50 50 50 31 43 19 50 50 14 50 50 50 50 50 37 49 29 25 50 22 50 50 50 50 32 50 50 21 49 50 12 50 50 50 50 9 50 1 50 50 50
50 50 23 50 50 50 50 50 50 50 50 50 50 8 37 50 15 50 25 4 50 50 43 41 50 50 50 32 50 50 50 13 50 15 50 3 48 40 50 50
50 26 50 50 25 50 24 21 50 21 50 50 50 36 50 31 2 50 16 28 34 50 8 50 50 34 16 50 50 15 50 50 50 50 50 19 5 50 50
48 50 50 50 45 50 35 3 50 50 50 50 30 50 50 50 2 50 38 36 50 8 38 50 50 50 50 25 24 44 50 7 50 50 50 43 8 50
50 50 50 50 50 50 50 17 16 36 39 11 50 50 50 44 35 50 50 50 50 11 50 37 50 50 50 50 50 50 15 50 27 50 9 26 50
20 13 39 50 50 50 24 50 50 25 50 50 50 50 50 50 9 28 50 22 4 50 10 14 50 22 50 50 34 50 50 43 50 50 50 50
45 50 50 50 50 50 50 13 6 50 46 50 50 28 11 50 50 31 50 26 50 45 50 50 50 32 50 50 50 39 11 20 50 50 50
33 50 32 50 48 14 50 50 5 50 50 32 50 22 41 50 50 50 50 50 10 50 30 50 8 9 1 28 0 50 3 49 25 50
50 50 50 50 44 3 50 50 50 44 50 50 34 49 50 2 50 50 50 2 50 50 50 50 30 16 50 16 50 50 50 41 50
7 50 50 50 50 50 50 11 50 36 27 50 50 14 50 50 21 50 37 36 50 50 50 11 50 50 50 50 50 32 50 50
11 50 50 50 50 50 50 31 50 50 38 50 32 50 50 50 50 38 50 50 40 27 17 50 50 50 26 50 50 50 50
29 50 2 50 50 50 50 50 50 50 15 50 50 50 50 50 28 50 48 15 50 50 46 50 50 17 50 50 50 50
50 23 50 50 5 50 30 50 50 36 45 50 50 50 0 50 50 50 50 23 50 50 50 50 50 23 50 50 50
50 50 50 24 50 31 50 50 50 50 31 48 50 50 50 50 34 50 50 50 50 50 50 3 31 50 45 50
50 6 50 50 50 50 50 50 50 50 24 38 9 50 43 50 9 29 25 50 50 8 13 50 7 50 50
50 30 50 50 29 50 15 50 50 50 45 50 50 27 16 50 16 17 50 50 50 50 50 1 50 50
50 50 50 50 50 6 50 50 5 50 50 49 0 50 39 32 1 35 50 50 50 50 3 5 50
50 22 27 50 50 50 0 50 39 50 50 43 50 50 50 48 5 50 4 50 50 25 50 50
17 50 50 50 50 33 15 50 50 50 50 50 14 50 4 27 26 50 50 50 50 50 50
30 50 50 50 6 50 43 8 50 50 50 3 50 39 3 50 12 50 17 50 50 50
50 48 50 50 50 17 50 50 50 50 3 50 50 50 50 11 50 33 50 50 50
18 50 47 50 50 50 50 50 7 50 50 50 50 50 50 50 24 40 50 50
50 50 23 26 50 50 1 19 18 50 50 0 50 50 50 50 23 50 50
41 44 11 50 50 50 50 37 50 50 50 50 50 50 11 9 39 50
50 50 9 50 50 50 21 50 50 7 50 50 18 50 50 50 50
50 50 50 12 50 50 9 50 50 50 15 28 14 50 26 50
47 47 50 50 50 21 5 50 50 50 50 50 50 50 50
50 50 50 50 50 50 50 50 50 14 50 50 27 50
50 50 50 50 1 18 50 50 50 44 39 50 50
50 50 41 35 50 50 50 7 50 24 2 50
50 50 50 50 32 3 23 15 50 12 50
50 50 50 32 41 12 44 50 50 50
40 10 4 50 50 45 50 50 50
50 4 50 9 4 20 3 50
50 50 50 50 48 47 50
35 11 21 50 50 50
50 50 50 0 50
4 50 42 50
41 13 50
50 50
50
