200 50
11 35 50 6 33 25 18 17 33 50 19 22 33 35 7 39 14 33 32 26 31 7 2 5 20 7 13 50 45 15 50 41 1 50 12 24 2 1 10 21 50 50 50 29 50 11 20 9 10 14 14 24 50 50 9 50 44 50 14 30 50 3 50 15 50 27 37 26 5 50 28 31 47 50 50 31 50 50 0 50 50 28 1 38 34 22 23 31 46 50 20 50 50 3 26 3 50 39 34 11 26 1 42 1 43 49 26 50 42 35 50 18 36 18 32 26 16 22 43 50 50 50 11 26 23 33 19 13 23 39 10 25 22 50 0 45 21 42 35 48 13 39 25 5 43 18 12 50 13 50 50 25 26 22 46 50 19 25 50 11 50 44 50 36 50 50 50 40 4 8 50 49 30 50 50 12 0 50 50 47 31 9 50 46 13 50 19 50 8 41 43 27 48 50 50 40 11 36 48 50
46 50 42 11 45 50 25 1 38 47 50 50 1 17 24 16 43 50 39 5 50 50 50 15 50 50 31 8 50 50 38 38 50 38 46 50 50 17 45 50 50 32 8 29 50 8 24 50 40 50 14 32 50 50 50 50 31 25 15 25 29 7 47 50 50 22 50 43 50 22 5 14 50 50 50 50 37 26 22 50 50 50 48 48 50 14 50 27 50 50 24 50 49 50 28 50 50 50 46 33 50 50 50 40 15 36 14 11 50 21 50 4 29 50 50 7 31 19 41 5 13 16 37 50 50 50 50 4 50 0 50 7 50 50 20 29 50 36 47 50 10 50 44 24 18 50 19 35 13 50 25 27 50 26 50 50 50 50 50 34 11 34 30 50 45 50 27 25 13 50 30 15 50 0 39 50 12 40 23 24 50 50 50 47 22 50 36 6 30 2 50 50 4 41 50 22 1 34 50
5 45 48 20 34 50 50 50 49 50 33 28 50 35 0 13 50 50 35 26 6 50 6 50 50 30 1 50 50 22 27 50 41 29 50 19 50 50 45 36 41 31 13 11 2 16 50 41 40 50 50 50 6 12 33 18 46 7 40 50 50 50 28 50 50 50 50 50 48 24 50 15 50 50 33 39 2 14 34 28 17 32 41 50 50 24 31 41 2 50 43 33 1 42 34 13 34 16 15 41 41 50 1 31 5 37 2 50 8 3 2 50 50 50 44 47 40 49 50 50 10 50 28 50 21 41 37 5 37 12 50 50 15 50 3 50 1 50 25 11 50 50 50 35 50 38 50 50 47 9 27 36 22 50 36 21 17 50 50 19 42 33 50 50 45 50 36 47 50 46 47 50 50 46 50 50 50 50 0 50 50 6 12 50 1 50 50 50 28 50 47 0 50 18 19 25 50 50
40 50 50 28 50 8 50 37 50 16 50 50 3 22 10 38 44 50 22 50 23 50 50 27 50 50 50 50 41 50 50 50 13 19 20 42 50 50 36 35 50 50 50 39 22 50 50 24 48 50 29 18 50 26 50 50 34 47 40 50 16 50 50 12 50 0 17 36 50 50 9 50 12 50 15 29 50 50 42 1 50 29 8 50 8 14 3 38 32 41 50 22 44 44 50 50 15 50 41 32 30 33 50 31 24 50 27 11 50 40 50 3 15 50 50 50 50 14 50 37 50 50 50 50 5 48 4 50 26 50 13 43 10 24 32 38 7 50 49 50 10 50 50 50 29 46 14 50 17 38 50 45 30 50 50 50 50 4 34 50 45 14 50 50 9 22 50 40 50 50 29 50 21 29 50 37 10 50 50 46 50 50 11 50 50 50 28 50 8 30 45 44 38 23 50 21 50
34 50 50 41 50 11 50 50 46 9 2 50 8 50 42 7 50 50 8 6 17 50 36 38 50 30 50 28 3 50 50 39 50 14 50 5 50 36 21 50 50 6 9 50 50 44 9 15 38 12 15 50 50 50 50 42 50 50 50 0 50 50 18 50 50 39 50 50 9 13 6 17 50 50 50 28 50 9 10 50 50 30 50 46 50 41 21 42 50 34 27 7 50 5 50 50 50 50 5 50 50 23 47 50 1 19 21 50 20 50 50 50 47 4 2 26 36 29 24 34 33 8 18 50 50 50 50 23 43 50 11 42 19 50 50 34 50 32 13 50 50 50 37 0 31 44 23 41 16 29 50 50 20 48 3 50 12 49 50 34 50 50 6 50 50 50 50 50 50 41 47 50 36 27 38 18 22 50 20 50 50 32 8 50 37 50 44 23 50 26 18 15 50 41 5 50
50 50 48 31 50 50 50 50 50 50 43 9 27 50 50 46 7 49 50 50 16 50 14 50 50 50 23 6 12 0 17 50 23 37 15 50 7 50 19 11 36 50 50 50 32 26 18 50 7 49 35 50 21 37 30 0 10 46 7 42 50 5 50 15 7 45 28 50 34 46 50 1 50 30 50 50 50 11 50 50 42 40 3 50 50 40 50 5 13 21 31 27 50 8 50 4 4 50 11 16 34 50 47 50 16 11 13 30 50 50 37 41 0 37 50 12 27 37 46 16 28 32 50 40 43 35 50 28 50 50 44 6 0 50 22 50 50 30 50 50 43 33 43 20 25 42 27 50 50 50 50 50 9 49 22 50 50 29 47 50 50 45 50 8 50 50 33 26 50 50 15 24 40 15 41 50 50 24 50 41 50 34 8 50 50 37 50 27 13 50 33 50 50 50 50
21 50 42 50 5 50 50 14 50 50 48 50 50 43 50 24 50 46 6 36 4 49 50 16 50 34 8 6 50 50 16 50 12 0 47 50 12 50 50 5 38 32 32 50 50 26 40 11 41 50 48 50 44 50 50 13 50 8 50 1 4 50 5 50 50 45 20 6 50 5 50 45 50 50 50 50 50 15 50 37 18 22 22 36 28 50 50 6 50 29 50 42 50 50 27 33 3 50 39 50 50 3 45 50 8 50 19 20 42 50 9 47 50 50 50 35 50 50 50 49 28 31 50 48 13 3 17 13 50 39 10 50 47 41 2 50 19 50 50 21 6 50 50 24 50 17 31 10 38 32 50 50 50 1 27 50 23 50 50 5 50 27 50 18 44 1 50 25 50 29 50 12 49 45 9 10 26 31 17 20 38 11 3 50 7 50 50 50 50 25 50 50 50 50
50 50 50 48 11 50 49 50 12 2 38 20 50 1 21 50 50 21 50 50 50 26 35 50 45 50 44 31 49 50 50 50 1 35 50 43 40 50 22 25 20 50 10 32 44 50 42 50 28 16 10 30 50 50 50 5 2 50 21 50 36 43 7 46 49 50 3 50 50 12 30 50 42 50 13 48 44 35 36 50 19 2 50 3 9 39 19 50 35 50 50 3 30 50 50 50 50 48 8 50 0 50 4 50 17 50 50 50 9 50 50 36 50 17 50 50 50 50 50 50 50 41 49 30 50 50 27 25 50 4 50 18 50 28 0 50 37 50 23 9 26 25 50 50 42 32 50 11 50 14 1 40 3 50 50 15 19 50 33 50 43 50 12 21 27 7 50 50 24 45 19 18 50 21 50 9 20 50 50 37 18 50 50 47 9 31 5 0 27 50 33 19 50
41 50 50 25 37 32 50 31 22 50 45 50 50 50 44 50 7 20 17 50 2 50 50 4 28 50 9 32 44 46 14 38 50 18 50 50 4 25 50 50 50 7 48 21 1 0 50 50 42 50 21 50 50 40 50 50 50 50 50 15 50 6 0 10 20 45 22 0 9 43 30 50 10 50 50 20 50 14 30 3 45 50 50 50 36 50 35 24 17 50 29 50 50 50 6 48 10 47 50 50 8 22 46 50 50 50 50 27 50 18 50 50 50 50 0 50 30 50 50 50 18 27 50 29 24 23 3 6 4 48 50 50 50 25 50 50 42 50 49 50 10 6 50 50 2 26 6 13 50 8 25 25 33 8 39 50 22 50 0 12 50 23 37 0 50 50 36 50 44 29 50 6 1 13 28 13 50 50 14 50 24 50 50 22 50 28 21 13 25 50 5 50
50 43 9 50 43 29 19 13 36 38 32 23 50 21 50 26 9 30 31 50 50 15 39 50 50 50 50 50 50 28 24 50 50 32 32 50 50 50 39 1 38 30 26 50 50 50 40 25 50 48 27 0 26 31 24 16 24 9 50 14 50 50 5 50 22 50 50 50 50 13 24 33 37 40 10 50 28 44 50 49 33 50 50 2 50 48 50 45 4 6 50 1 15 18 50 46 50 19 50 32 1 40 46 50 50 49 50 11 50 13 23 50 50 12 39 50 20 40 50 37 28 50 50 44 2 9 19 13 10 50 12 11 32 13 50 42 14 31 29 50 11 11 27 5 19 45 36 42 24 44 44 1 27 26 43 50 50 19 48 50 27 33 19 50 50 50 23 17 40 32 50 50 28 35 50 44 50 50 50 50 50 14 7 33 43 50 50 19 33 50 50
30 37 21 50 50 50 50 19 50 50 49 6 1 16 50 50 50 50 50 50 4 47 50 15 13 36 0 50 50 44 18 12 50 49 50 31 50 50 29 50 43 50 17 50 13 50 50 12 50 33 28 3 50 50 50 33 50 14 44 23 50 50 50 17 50 30 19 50 4 36 50 50 5 50 38 45 45 41 6 35 32 10 50 27 50 2 4 44 50 50 50 22 50 50 50 45 50 50 50 39 50 50 41 50 50 50 50 31 5 50 50 25 34 35 31 13 4 50 6 50 50 50 50 12 9 50 50 41 44 26 42 50 50 50 48 50 17 50 44 24 50 3 36 50 37 43 22 27 50 50 20 9 44 50 40 32 50 50 45 20 33 2 15 50 11 46 3 12 41 29 18 50 50 50 50 50 1 19 50 50 7 49 38 50 29 50 50 50 0 50
22 43 14 50 50 50 50 4 50 9 50 50 46 50 36 41 22 50 1 47 17 50 22 5 47 42 31 30 23 40 39 10 1 10 50 50 2 50 21 50 28 50 8 8 50 3 24 50 49 18 44 8 45 29 50 28 50 28 36 24 11 50 50 24 50 50 5 50 50 24 50 50 48 22 50 50 0 5 50 1 13 37 11 26 50 24 50 50 40 50 24 29 23 50 47 42 50 50 8 26 50 44 9 50 50 26 50 50 50 50 25 2 9 2 5 14 48 23 50 32 50 42 35 50 40 45 50 50 20 50 49 47 22 7 48 5 20 50 39 15 46 34 4 19 44 4 26 49 19 28 50 37 10 50 50 50 26 36 50 49 3 31 45 39 50 42 50 50 46 1 22 50 0 50 50 50 50 6 11 50 50 24 0 7 33 13 50 19 50
35 3 50 46 24 50 19 23 50 48 8 38 7 1 50 50 50 15 11 33 50 50 13 5 50 40 49 17 50 49 50 39 41 50 28 50 50 34 50 20 17 30 34 50 16 39 50 14 5 8 50 32 1 50 27 47 50 34 36 50 50 9 44 50 50 15 10 45 7 9 1 50 48 50 50 50 50 37 0 50 50 36 33 40 50 36 42 50 50 37 26 29 11 15 50 0 12 50 50 7 50 49 50 33 46 23 25 4 50 32 29 16 6 34 50 50 18 50 50 50 31 50 31 50 50 50 50 46 5 26 50 12 47 26 50 50 22 8 50 50 29 29 32 12 29 50 50 50 43 50 50 9 50 50 24 26 6 50 5 50 50 31 8 50 50 50 50 50 45 19 4 50 12 50 41 50 29 38 50 17 50 50 50 3 50 50 21 50
50 2 50 50 34 48 12 50 49 50 16 50 50 45 50 50 50 36 50 50 50 50 23 30 44 20 50 50 3 9 24 2 7 45 9 50 3 39 50 16 50 35 50 50 2 50 50 48 50 24 50 4 16 42 50 17 50 19 50 32 50 2 50 50 15 16 50 21 50 50 50 40 8 23 16 50 50 50 50 48 28 9 50 33 0 36 50 17 50 50 50 50 10 39 34 10 50 29 50 3 50 15 18 32 50 50 50 33 50 42 50 5 12 9 6 1 4 50 50 47 50 49 50 4 26 12 44 49 10 50 33 15 15 50 50 38 7 11 22 41 25 7 50 48 50 50 50 50 47 15 37 41 50 50 50 38 17 47 42 26 50 50 50 48 50 1 40 18 38 50 28 21 27 50 23 6 31 50 21 50 50 41 1 45 29 49 50
50 50 50 0 50 50 9 50 50 33 15 42 50 50 3 50 50 50 36 23 50 18 50 35 50 50 50 30 50 10 6 50 18 50 50 50 32 50 50 50 43 41 50 8 41 24 14 28 32 50 27 48 21 11 41 2 50 50 50 5 23 50 4 16 50 50 50 26 50 41 50 50 50 50 50 40 50 16 50 48 50 50 50 18 50 11 50 43 50 50 50 50 50 50 43 33 0 50 50 2 50 19 47 44 3 40 6 12 19 50 6 6 50 50 35 38 50 37 50 23 6 30 50 29 50 23 37 50 16 27 50 50 3 38 32 50 8 50 50 35 4 50 39 46 20 50 43 50 8 41 24 14 14 50 50 10 47 10 31 50 50 50 21 5 22 36 20 50 50 5 50 7 50 50 12 35 35 50 50 40 50 8 15 50 6 50
50 43 35 50 50 34 34 1 42 24 49 13 30 50 50 37 19 12 28 50 50 19 39 0 38 50 2 50 17 50 50 24 9 23 12 50 7 27 50 10 50 48 13 12 47 4 16 35 50 50 50 25 50 50 50 13 5 50 26 50 19 50 4 50 50 50 50 42 21 9 28 8 15 50 50 50 50 50 14 50 32 50 50 37 50 38 35 24 34 11 50 7 19 0 50 47 50 5 50 21 50 50 50 31 50 50 41 10 26 50 46 30 49 49 0 13 50 50 31 23 50 50 5 19 50 50 50 13 5 4 50 28 33 50 28 50 50 4 17 50 26 25 46 50 50 36 4 50 19 50 12 50 11 50 50 26 50 50 33 20 50 41 49 50 20 2 50 7 39 0 13 50 20 4 50 50 5 6 50 16 10 28 26 38 50
26 44 12 20 50 38 50 50 50 50 50 20 50 13 50 7 7 6 50 50 48 18 27 27 50 42 28 50 49 50 35 8 50 50 50 50 34 35 45 50 50 50 49 50 50 50 21 33 50 4 38 34 31 50 50 50 50 29 3 34 50 50 50 50 11 17 11 50 19 50 3 22 41 50 37 43 20 17 50 26 50 5 21 45 49 50 21 38 35 32 46 0 40 47 32 50 35 25 32 32 5 50 50 15 41 50 42 16 50 50 16 15 23 50 50 50 49 50 41 20 50 50 49 12 44 50 32 50 45 50 36 31 50 46 24 0 50 1 23 50 14 27 50 50 17 50 30 50 50 50 50 41 50 16 50 34 32 25 21 50 34 50 43 2 50 50 5 27 50 50 50 50 9 33 47 1 27 10 25 35 50 50 21 50
50 50 50 50 36 46 6 50 50 41 23 36 50 50 50 8 50 49 24 50 50 50 50 50 50 50 50 50 14 4 5 8 50 45 3 50 21 26 50 15 50 29 1 50 15 47 50 50 50 3 23 27 50 7 50 5 28 1 15 50 6 50 50 15 50 50 50 50 22 14 50 50 39 39 50 6 2 14 47 50 50 24 50 50 50 50 17 29 39 5 31 31 15 50 50 10 45 50 45 44 29 33 20 25 2 26 23 35 50 50 37 36 50 50 34 50 50 50 50 18 13 5 38 2 16 6 50 25 46 50 50 21 50 50 50 50 16 50 30 50 14 50 20 23 50 24 9 47 26 50 20 50 50 34 40 50 34 12 49 10 32 50 9 42 7 35 9 50 3 1 50 3 50 50 50 33 20 15 19 50 50 17 50
36 0 12 17 41 36 39 50 13 4 50 4 50 50 43 0 17 35 50 50 0 50 50 50 6 10 50 24 50 30 50 5 49 50 50 50 38 4 50 6 42 48 50 50 48 0 50 50 41 3 50 13 40 50 21 50 50 50 50 33 50 24 5 14 28 11 50 50 33 50 20 10 50 36 16 50 50 2 42 45 33 35 50 50 39 19 27 50 10 21 50 25 34 24 50 50 28 21 10 4 50 11 50 13 29 50 50 49 6 38 21 50 18 50 3 43 50 38 50 50 35 50 50 45 50 27 18 50 50 22 33 50 50 50 50 41 14 50 39 50 39 50 46 24 11 2 3 50 50 50 32 50 50 50 50 35 18 50 50 50 15 50 50 22 50 40 10 50 40 18 50 27 50 8 17 50 31 3 5 13 48 50
4 50 3 43 50 14 50 30 50 45 50 50 6 50 50 50 50 0 37 3 50 50 50 16 50 41 35 50 4 50 0 4 50 20 11 18 0 23 10 50 50 10 44 23 45 9 50 31 30 27 50 24 3 48 39 50 12 35 50 45 50 50 43 43 47 30 41 50 50 3 37 30 50 50 50 50 19 25 4 5 14 48 34 50 46 11 25 41 50 50 50 50 1 50 11 24 15 40 50 12 50 50 50 16 50 50 50 3 24 3 50 6 50 50 50 23 7 50 50 30 50 47 8 40 50 10 50 50 19 32 50 50 16 50 50 38 50 50 50 50 14 50 45 2 50 27 50 18 19 50 29 16 44 34 50 45 0 50 50 50 50 22 26 50 24 14 33 5 12 15 4 30 18 50 38 50 34 3 50 50 50
43 50 41 50 50 50 22 44 50 50 39 50 50 14 26 50 38 18 16 48 50 50 26 50 9 50 26 3 50 33 50 50 50 39 48 50 50 50 13 13 50 50 50 50 37 50 15 50 50 5 50 11 16 50 50 46 50 43 50 50 47 50 50 27 49 50 27 50 24 50 38 15 22 0 50 2 50 50 25 50 1 50 42 50 47 27 50 50 33 41 40 50 47 10 2 1 0 50 50 50 50 24 50 50 40 50 50 50 50 28 38 50 10 6 50 8 50 24 29 21 49 50 24 9 26 50 50 29 50 50 25 16 45 25 34 50 50 0 24 38 35 13 27 45 29 49 7 17 40 31 9 24 50 50 41 18 50 21 50 50 50 50 30 39 23 43 50 42 20 50 26 50 50 50 50 50 5 36 16 50
50 28 40 20 39 50 12 43 5 47 7 50 36 42 4 26 1 50 41 50 50 20 50 8 22 50 45 11 50 8 25 8 50 12 50 50 50 13 50 30 50 14 50 50 28 50 10 3 12 50 50 50 50 50 50 50 50 50 27 50 50 50 50 20 33 1 50 24 25 50 11 50 50 50 50 50 23 28 50 50 50 34 50 50 50 50 50 50 50 50 50 19 50 50 41 50 50 50 50 48 15 13 50 17 50 50 50 2 50 8 32 50 9 50 44 50 10 50 50 50 42 13 50 39 50 8 50 50 50 50 28 31 49 50 50 37 50 50 37 13 32 44 27 50 25 8 28 50 50 50 50 33 50 27 50 50 50 30 42 50 50 50 33 50 50 50 50 49 50 50 50 50 20 50 50 50 50 50 50
50 50 50 8 39 19 37 50 15 25 50 6 50 50 23 50 50 37 48 50 20 50 50 29 47 37 2 50 50 50 3 50 50 14 50 50 50 50 50 50 50 14 50 50 50 46 50 50 50 28 46 19 50 50 50 20 50 50 48 50 50 9 16 50 50 28 9 15 50 50 6 12 50 6 50 50 50 50 50 48 10 50 41 5 50 46 40 10 50 50 22 30 30 25 50 50 50 26 50 50 50 28 31 9 50 50 50 50 50 50 44 50 50 50 50 11 50 50 50 50 28 50 50 50 1 17 3 32 50 50 7 2 50 43 50 50 0 35 50 50 50 50 50 5 50 50 50 50 50 50 50 50 50 50 50 9 50 50 23 50 20 50 38 50 4 17 20 50 33 50 50 50 50 49 2 50 46 50
50 50 50 50 50 50 50 38 22 50 50 12 50 50 50 50 50 24 12 50 29 50 16 50 12 50 18 50 0 0 27 50 50 44 37 50 50 50 50 50 50 50 37 50 50 50 50 16 50 50 50 50 50 2 45 6 50 50 49 50 50 50 7 50 50 50 50 4 42 50 35 50 47 31 38 50 50 50 50 50 50 50 50 15 19 50 50 50 50 50 50 50 16 50 50 5 14 50 50 34 50 50 50 50 50 50 50 25 50 50 50 50 50 50 29 30 50 50 50 37 50 50 50 50 20 50 50 50 41 50 50 41 50 36 50 50 7 50 6 13 50 1 50 50 50 2 50 50 50 50 50 50 50 39 50 50 7 50 50 50 50 28 50 32 12 50 50 50 50 50 31 50 50 50 50 50 50
50 21 42 34 10 44 10 12 19 50 50 20 50 50 50 50 50 39 50 50 50 19 18 50 50 41 49 50 50 47 50 50 4 50 50 41 50 50 50 50 50 50 50 50 50 5 50 50 50 41 50 36 50 50 50 5 39 50 50 47 50 50 31 0 50 23 50 23 22 50 1 2 13 50 24 50 50 50 25 47 50 50 50 50 50 50 50 12 50 50 50 50 50 31 12 50 50 50 50 50 50 3 1 50 30 28 50 50 18 1 50 11 50 50 50 50 50 19 50 45 50 50 50 50 50 50 50 49 50 50 19 50 50 42 50 50 50 50 50 50 50 50 50 37 50 50 50 50 50 50 6 50 50 5 50 50 15 50 50 50 50 32 50 50 50 47 30 8 50 11 50 50 45 15 50 50
50 50 50 27 50 50 50 50 50 50 30 50 18 9 50 50 50 50 50 50 50 50 50 50 26 50 50 50 50 50 50 50 50 50 50 50 50 50 50 50 33 50 50 50 50 13 20 50 50 50 50 50 25 50 18 50 50 50 41 10 50 23 50 50 50 50 50 50 50 50 50 50 47 50 9 44 50 50 50 50 50 30 49 41 11 50 50 37 16 50 50 17 50 44 50 50 50 11 50 11 13 32 50 50 50 50 3 4 5 50 43 50 10 48 25 50 46 50 42 30 8 50 50 50 50 50 50 50 3 3 40 22 50 50 50 31 50 50 36 16 50 11 50 50 50 50 46 29 23 50 42 38 19 50 50 9 50 36 25 50 50 37 50 50 50 0 48 12 2 50 50 50 50 50 50
50 50 50 50 50 50 50 32 50 50 21 4 50 50 43 20 42 50 50 26 46 50 50 50 50 44 21 18 50 50 50 50 50 32 50 50 33 50 39 50 24 50 50 50 50 50 50 50 12 50 50 50 50 13 50 16 50 50 6 20 32 36 13 50 47 48 37 43 46 13 34 33 50 50 50 50 50 0 50 50 50 30 7 45 2 50 35 50 50 44 50 41 50 29 21 50 50 50 42 43 50 14 50 50 50 50 28 11 25 18 35 50 20 50 13 50 50 3 50 20 50 50 22 50 8 34 8 50 50 46 19 50 50 36 50 50 50 50 8 41 50 50 50 50 17 50 23 2 31 0 50 50 46 50 50 50 50 50 50 50 50 50 50 50 50 50 50 47 45 50 48 47 40 50
50 50 50 50 50 20 9 50 50 50 14 50 50 50 1 39 50 50 50 37 18 2 50 50 50 50 50 50 50 44 44 47 50 2 48 1 50 50 15 50 50 7 50 50 50 50 50 50 50 50 50 50 50 23 24 50 50 50 50 14 13 50 50 50 50 50 22 35 42 34 50 15 50 31 49 29 50 50 50 50 50 21 50 50 43 50 50 20 50 50 8 50 50 50 50 50 50 50 6 26 45 8 45 50 50 50 4 28 50 50 50 50 50 24 33 30 50 50 50 24 50 50 3 50 50 50 44 50 50 46 50 50 50 50 50 49 50 17 50 50 50 43 8 50 5 40 50 50 43 25 50 50 15 50 38 39 50 50 16 50 50 50 1 50 50 50 20 50 2 50 50 12 50
50 22 50 50 50 50 50 42 50 50 37 41 50 50 38 48 21 10 37 36 50 50 50 50 50 50 42 40 9 18 50 21 50 47 50 50 50 47 30 50 29 50 50 50 42 47 1 33 50 50 4 50 50 50 31 50 8 50 33 50 50 50 50 13 50 50 50 50 50 15 9 50 34 50 50 50 50 50 37 30 13 50 50 29 50 10 50 38 30 38 50 32 32 50 50 50 50 50 50 44 50 50 4 50 50 34 47 50 50 50 50 50 39 44 13 50 50 30 50 9 49 50 50 20 50 40 50 50 31 26 50 50 40 2 45 50 50 50 50 11 5 50 6 50 50 50 34 24 16 46 50 50 15 50 18 50 50 46 46 18 10 39 50 50 50 50 50 50 50 50 14 50
50 45 50 50 10 46 50 19 50 50 40 50 17 50 32 42 50 50 50 5 25 50 35 20 48 10 50 50 9 50 50 50 17 50 5 50 50 50 15 50 50 50 50 50 50 24 50 50 50 49 50 11 50 50 50 12 50 50 50 50 50 50 50 50 50 50 20 50 50 26 50 38 50 50 50 50 31 50 28 1 50 50 47 50 50 44 50 50 50 50 50 50 45 50 34 50 27 50 50 50 50 20 0 50 50 50 50 50 23 35 50 50 50 50 39 50 4 50 50 50 10 50 50 50 43 50 48 50 50 10 50 8 50 50 50 50 50 5 50 50 50 50 50 50 50 50 25 50 50 50 14 45 21 50 50 50 36 50 50 50 50 36 20 28 19 50 50 26 12 50 50
50 16 46 31 50 50 50 5 50 50 18 50 43 50 18 50 20 50 8 50 9 50 50 50 50 3 50 50 15 30 50 50 50 50 50 50 48 48 50 50 50 29 50 50 50 50 8 50 50 25 50 50 50 36 50 29 50 49 50 50 50 34 50 50 50 50 13 50 50 40 36 50 50 50 8 50 50 22 50 50 50 14 11 50 50 50 24 47 41 50 1 0 50 50 2 50 19 50 50 19 50 37 50 44 50 2 6 39 50 48 50 50 50 50 40 50 50 50 11 31 50 50 50 50 30 41 35 50 50 50 24 50 50 50 50 26 32 50 10 50 3 33 49 4 50 50 50 50 50 50 50 50 50 19 50 50 50 50 31 50 50 50 50 50 45 36 50 42 50 50
50 28 50 50 50 19 34 50 50 50 50 50 50 50 50 50 27 50 50 50 50 50 50 50 50 50 50 50 50 50 50 50 50 0 50 50 33 46 25 50 50 3 50 50 50 50 48 50 50 50 44 50 50 50 38 50 50 44 14 50 41 50 50 50 50 50 50 50 50 50 50 50 18 50 30 50 50 50 50 26 50 50 50 50 27 46 50 23 50 50 40 50 40 1 50 22 36 24 50 50 27 50 50 50 50 50 20 50 26 1 50 50 27 6 50 50 50 3 50 2 9 50 50 50 50 37 50 50 50 50 44 25 50 1 50 50 50 50 25 50 50 50 50 26 50 50 50 5 50 50 5 42 50 50 50 50 50 16 26 50 50 50 24 43 50 50 43 50 50
39 34 50 50 50 50 50 50 25 50 50 50 50 50 5 50 50 29 35 27 50 50 50 9 50 50 50 20 50 50 2 50 50 50 50 50 46 47 6 23 50 40 50 50 50 50 50 14 19 50 50 50 50 50 15 50 50 18 50 50 50 10 50 50 26 50 50 50 21 50 50 28 50 2 50 29 42 44 50 50 25 50 13 50 12 50 50 50 38 42 50 50 50 20 50 50 50 50 50 39 50 50 50 4 47 13 50 7 50 50 50 50 42 50 16 50 27 50 50 10 50 50 7 50 50 32 50 50 50 50 50 50 50 30 50 50 50 5 50 50 50 50 42 50 19 50 50 50 35 50 7 50 1 50 34 14 24 50 50 50 50 50 50 50 20 50 50 50
29 50 50 50 50 50 50 20 50 50 50 50 50 50 50 50 13 1 50 50 50 50 50 19 50 21 50 50 50 50 50 50 50 24 50 50 50 17 50 16 37 50 30 50 47 50 50 13 13 50 28 1 46 50 50 50 50 1 50 50 50 43 50 13 44 50 40 48 50 50 7 46 3 50 50 34 4 50 50 50 19 49 49 50 9 50 50 50 50 50 17 50 15 50 50 20 50 48 37 50 50 50 50 45 33 50 50 14 50 50 50 3 50 50 50 23 50 50 31 14 50 50 50 50 50 15 0 50 50 50 50 37 50 9 50 27 38 42 50 50 5 50 50 50 2 50 50 50 29 50 50 50 50 50 43 37 50 8 50 50 9 48 26 50 50 50 50
50 50 50 50 19 49 50 50 9 50 50 50 39 50 50 50 50 50 36 16 50 33 50 29 50 27 50 50 38 50 50 50 50 11 50 50 50 50 50 24 8 50 24 50 50 20 50 50 49 50 50 50 41 36 50 50 50 50 50 50 50 3 50 50 10 50 36 24 14 50 20 32 50 50 20 50 37 5 50 26 50 14 49 18 14 50 50 50 50 7 50 14 50 29 50 1 41 50 0 50 50 50 50 14 50 20 50 50 50 50 50 29 16 31 50 13 50 6 46 45 40 50 50 50 50 50 50 50 2 43 50 50 4 32 13 50 50 7 17 50 50 50 50 50 45 7 50 48 50 50 50 50 19 49 50 50 22 50 50 33 50 42 44 50 50 50
50 40 50 4 35 50 50 3 50 31 50 35 44 2 50 45 10 50 50 41 50 50 36 50 23 50 18 14 50 50 50 50 23 50 50 40 36 50 50 50 10 37 26 50 24 50 25 50 50 50 50 10 18 28 50 50 50 50 50 50 50 50 50 35 41 40 50 50 50 15 50 50 50 50 50 8 50 50 37 50 50 3 50 11 50 50 50 50 50 50 32 50 50 34 50 12 50 50 50 50 50 16 50 28 50 19 50 50 33 50 6 43 44 7 50 32 50 37 50 8 50 50 46 35 32 50 50 50 18 50 50 50 50 32 50 14 7 50 50 50 50 50 50 50 50 46 50 50 30 50 50 34 50 50 38 28 9 50 18 50 50 50 20 50 50
50 43 50 26 50 37 50 50 50 50 50 50 50 17 50 50 50 50 1 50 35 50 50 30 23 25 50 24 43 36 50 50 5 50 15 20 50 45 4 50 50 50 50 10 50 1 14 50 50 50 50 50 31 40 50 50 50 2 50 45 50 50 4 36 50 24 15 18 31 26 50 50 50 50 50 50 50 50 50 23 50 36 9 50 11 23 50 50 50 20 26 34 50 24 50 1 50 25 50 50 50 50 41 50 50 50 24 50 50 7 50 50 50 50 50 24 50 50 50 50 32 13 50 50 17 50 50 10 34 50 50 44 50 42 30 50 43 50 50 50 50 43 50 50 19 50 28 50 50 50 50 12 43 50 50 50 50 17 50 50 23 50 40 50
11 46 50 50 24 50 50 28 50 50 50 27 50 50 50 50 50 25 24 50 50 32 13 45 50 35 27 50 50 50 50 0 14 50 25 27 50 26 50 31 50 28 50 41 50 50 16 50 1 50 50 7 50 50 12 35 50 50 50 20 12 50 50 5 34 20 4 39 50 6 50 50 50 22 42 50 21 50 50 50 50 50 0 50 30 50 50 47 50 32 0 50 50 9 50 27 50 47 18 37 25 41 50 11 50 50 50 1 50 50 14 50 50 50 50 25 6 50 50 50 44 50 50 50 14 47 29 17 43 5 50 50 50 50 50 10 50 50 15 16 50 50 50 50 50 50 22 50 10 50 49 50 50 50 50 50 50 44 30 44 50 12 50
50 50 29 35 50 50 50 20 22 50 50 50 27 17 50 28 50 50 50 50 2 50 39 50 50 50 50 50 50 24 26 50 50 44 50 47 33 45 50 50 50 50 6 50 50 50 50 50 20 50 4 50 50 50 49 50 22 3 50 22 42 10 22 50 27 50 50 47 50 4 18 8 50 50 50 50 50 50 50 1 27 26 50 50 50 2 27 50 50 50 50 38 18 50 50 50 9 50 20 31 9 20 32 50 50 50 40 50 50 50 8 50 15 50 47 50 4 37 16 50 2 50 17 50 46 42 50 48 6 50 30 29 50 50 44 50 50 32 14 50 27 47 50 13 35 50 8 50 50 44 50 9 50 50 50 50 50 3 44 50 50 50
15 50 9 50 33 50 50 50 50 34 50 50 50 14 50 50 48 26 4 34 50 46 50 50 46 20 50 7 2 32 50 50 50 50 50 50 50 50 50 50 50 14 29 50 50 4 50 50 50 17 50 41 8 50 50 4 50 50 9 24 50 7 50 43 50 50 50 50 50 50 2 32 36 50 50 50 3 50 50 50 50 50 50 0 50 24 50 50 35 50 41 50 50 50 23 50 50 41 28 50 6 11 50 50 50 50 18 50 18 50 24 3 50 17 9 50 46 50 39 45 50 50 50 0 50 50 50 41 50 17 50 33 47 50 12 31 50 35 50 40 0 50 50 50 13 50 50 50 17 23 50 35 50 50 39 50 50 50 50 50 50
50 49 50 3 50 50 5 50 50 50 7 50 14 50 27 50 23 2 50 3 29 50 50 50 46 46 50 50 36 32 50 17 50 50 50 50 50 15 50 50 50 29 50 50 18 50 50 50 50 50 50 50 50 11 33 50 50 28 50 50 23 50 50 50 50 0 50 18 50 21 50 48 47 23 50 50 50 17 50 50 50 15 21 43 28 17 50 50 44 50 50 50 9 6 50 8 50 50 50 50 50 50 29 50 50 13 50 50 50 41 50 48 50 40 12 18 50 50 50 50 50 50 38 50 50 50 50 31 50 1 50 36 50 50 50 50 0 50 47 50 50 32 50 50 50 22 50 10 50 50 50 50 50 42 35 50 6 11 50 50
39 50 50 5 50 50 50 19 50 50 50 50 39 50 50 50 50 50 18 50 50 50 0 25 42 50 50 50 50 50 50 50 50 50 22 14 50 50 41 50 50 41 50 50 50 50 50 50 45 50 50 6 50 39 1 50 50 50 33 50 21 50 50 10 24 50 32 50 6 50 50 50 50 50 6 50 50 50 50 50 50 50 29 19 6 13 50 42 28 22 3 50 0 50 50 50 20 50 14 50 18 50 23 26 50 14 50 50 50 8 50 22 50 16 6 50 15 50 50 38 50 50 50 50 43 50 50 50 50 50 50 50 50 50 43 50 50 50 29 50 18 50 2 50 50 24 50 50 50 50 50 50 50 33 50 50 4 50 50
50 50 9 50 50 38 21 50 50 15 29 50 4 39 50 24 33 50 45 7 42 50 43 50 50 11 2 35 50 50 50 27 8 40 50 50 50 50 2 50 50 50 27 50 50 38 50 48 2 50 50 44 50 50 39 11 50 50 5 50 50 50 50 50 50 37 50 50 50 2 27 45 36 50 50 50 50 50 9 48 50 50 50 50 50 50 50 6 50 50 50 50 50 12 50 50 50 50 50 7 50 47 38 50 50 50 14 2 50 50 50 50 19 50 34 50 50 50 31 50 50 50 50 0 25 50 50 41 50 48 22 50 10 11 50 50 50 50 30 5 50 50 50 50 50 18 21 50 11 50 20 50 24 50 50 50 13 50
50 50 50 50 11 16 16 26 34 20 50 47 50 50 50 50 50 13 50 30 15 50 50 34 50 7 31 50 9 50 32 50 50 50 50 18 50 50 16 11 50 38 36 39 38 50 24 15 11 50 50 50 50 50 50 26 0 50 7 50 50 46 50 7 3 50 35 18 50 44 50 45 50 50 50 19 14 50 50 37 50 36 50 26 50 16 50 50 45 8 50 50 50 50 5 49 50 50 1 50 3 16 50 46 50 50 50 50 24 50 46 50 50 50 48 50 27 50 50 50 50 50 1 50 18 40 50 50 50 50 44 50 50 50 50 50 50 35 29 28 0 9 25 50 50 50 50 40 34 50 16 50 43 50 50 2 50
7 30 39 10 7 50 48 12 30 42 31 43 22 50 50 38 3 50 50 49 50 50 50 47 50 12 50 28 34 18 31 50 50 36 50 50 23 50 47 50 50 46 50 50 12 4 50 16 30 50 50 50 6 50 50 35 50 50 50 50 29 36 50 50 50 19 39 50 50 50 50 31 50 50 50 50 50 50 43 50 50 50 50 50 22 44 38 50 50 34 26 14 50 50 15 50 50 50 50 50 50 50 50 50 21 50 50 50 50 50 50 50 50 18 50 50 19 50 50 50 37 50 50 47 36 44 50 50 50 50 50 50 4 45 50 50 50 1 50 50 50 19 50 50 18 31 50 50 50 50 39 50 50 50 50 50
5 23 50 50 50 50 50 50 45 50 21 50 22 6 50 45 50 50 50 50 50 31 50 50 18 50 39 50 50 50 28 50 50 30 15 46 35 50 5 50 50 26 49 27 46 46 50 50 50 50 50 32 50 50 29 50 50 10 48 34 50 17 50 50 50 30 50 50 50 50 50 50 50 46 50 50 47 31 46 50 21 50 36 1 50 31 24 50 50 48 50 50 11 50 50 42 50 50 28 37 50 50 32 50 50 22 4 50 15 50 50 12 50 44 50 50 40 50 50 40 47 47 35 50 41 50 14 50 50 50 3 50 50 50 3 50 50 50 40 50 50 24 50 50 0 50 26 41 36 50 50 25 50 50 50
50 4 25 9 21 50 4 11 3 50 50 50 37 49 50 50 50 50 50 50 26 50 32 1 50 50 50 50 27 48 50 50 50 50 50 50 33 50 50 50 50 50 44 50 50 34 0 50 50 50 50 50 50 47 50 50 50 36 23 50 50 50 50 50 50 50 50 50 50 50 50 50 43 50 17 50 50 50 29 47 50 50 50 40 43 50 18 40 50 50 50 50 50 50 50 50 22 45 50 13 50 28 50 50 15 19 50 50 9 50 49 50 50 50 32 26 50 38 50 50 15 5 50 50 22 20 50 28 19 50 50 50 50 50 50 50 49 50 4 21 50 30 12 50 14 50 36 50 50 3 50 43 50 50
9 15 47 50 34 50 50 50 4 46 28 3 50 50 50 50 50 50 4 50 29 50 0 0 50 50 50 50 50 50 8 50 20 50 43 50 7 50 13 50 50 43 50 50 39 50 50 50 50 19 21 34 50 50 23 50 50 50 50 50 50 50 50 50 30 50 50 50 50 47 11 21 50 23 50 50 3 49 50 17 50 50 50 43 38 21 50 50 50 7 50 27 50 50 50 50 4 50 50 26 50 36 12 50 33 40 9 41 36 8 39 50 1 6 50 42 44 18 7 50 50 31 50 50 8 12 50 50 50 50 50 50 50 50 48 50 50 50 48 25 36 50 29 50 50 5 50 15 20 50 16 50 50
48 50 50 37 50 50 46 50 50 41 50 50 50 50 47 42 41 50 50 50 17 50 50 50 50 50 16 49 50 29 50 17 3 50 50 32 29 50 25 50 21 50 44 50 50 50 11 28 50 50 50 38 50 6 39 50 50 50 50 10 50 0 50 50 2 39 50 42 37 50 50 50 20 50 50 49 50 50 31 50 50 50 50 50 50 4 50 46 8 50 50 50 3 36 50 50 50 1 6 50 30 40 50 50 50 15 50 3 25 50 50 50 50 36 17 39 50 44 50 50 50 50 50 50 43 27 50 50 48 14 46 50 50 50 50 50 50 50 48 50 50 50 43 50 33 50 21 50 50 50 50 50
50 50 40 50 15 50 36 50 18 50 50 50 50 50 50 7 20 35 50 50 50 41 50 50 37 50 50 21 44 33 50 50 50 24 50 50 50 50 50 28 10 23 50 50 50 50 50 4 49 7 13 50 50 41 50 50 50 50 26 50 33 50 50 50 50 50 50 4 50 21 50 50 50 50 50 47 37 2 37 50 50 50 50 50 50 2 50 50 50 50 50 50 50 50 50 12 50 0 50 50 22 50 50 50 20 16 31 50 50 40 30 41 49 50 43 50 50 2 50 50 50 50 50 50 50 50 50 50 22 50 7 33 44 50 50 50 16 50 46 34 50 50 38 50 31 50 50 30 50 50 50
50 43 50 50 50 2 50 50 50 28 50 28 38 50 24 50 50 50 50 50 50 50 50 35 50 50 17 16 8 22 50 11 50 20 37 50 8 50 50 36 50 50 14 45 50 50 16 47 50 48 50 43 38 50 50 50 50 50 50 43 8 50 50 50 37 31 50 29 50 30 43 50 50 1 50 50 50 23 50 50 50 50 50 35 50 14 28 30 50 31 50 28 50 50 50 50 50 50 50 30 50 9 50 50 39 29 50 50 29 45 50 14 36 50 50 50 18 50 38 50 50 43 50 19 50 50 50 46 27 50 50 50 50 50 50 50 15 33 50 50 50 50 50 50 50 50 50 50 4 50
50 13 8 50 50 39 4 50 22 24 50 49 50 10 50 50 50 50 50 50 50 39 50 50 50 50 50 50 50 50 50 50 28 50 9 50 50 50 50 50 50 40 29 50 30 50 34 3 50 1 50 50 50 50 47 50 13 24 50 50 50 50 12 50 50 50 50 50 50 50 47 38 50 50 50 50 50 50 50 50 50 50 50 50 50 18 3 50 50 50 50 4 50 50 50 50 50 50 12 16 5 50 22 50 50 50 50 50 50 50 26 50 50 50 41 50 50 50 50 14 1 40 26 22 24 26 3 50 50 50 50 50 50 50 29 50 50 50 50 50 50 50 9 17 50 20 50 50 50
50 50 50 50 49 50 22 50 50 3 50 50 50 50 38 13 23 50 50 50 50 50 50 15 50 50 39 50 50 50 42 22 1 41 50 1 11 50 34 11 50 50 50 50 16 50 50 50 50 50 50 50 50 44 39 50 50 50 47 50 50 50 33 50 50 8 50 50 48 32 50 50 43 20 50 3 40 10 50 7 24 50 50 41 50 50 45 50 50 8 50 50 50 50 26 5 20 50 50 50 50 50 50 50 50 50 30 50 22 50 50 50 48 36 26 9 50 50 50 50 48 50 50 50 13 50 50 21 50 50 50 50 50 35 37 50 6 20 42 50 50 50 50 50 50 50 45 50
50 23 41 25 35 50 50 40 21 50 31 50 50 50 50 24 50 48 50 50 47 26 38 50 50 26 0 50 47 50 43 50 50 50 50 42 40 29 50 11 50 50 50 33 50 50 32 27 50 8 47 50 50 50 50 50 14 31 5 50 50 50 29 50 50 0 50 50 41 50 50 25 11 50 50 50 50 50 50 44 50 17 50 50 50 50 50 17 28 50 50 50 50 29 50 50 22 40 50 50 34 50 50 50 29 50 15 50 14 0 50 50 50 20 50 50 50 50 50 50 50 50 50 50 50 50 50 18 50 47 50 50 24 33 50 50 50 42 50 50 50 50 50 37 7 50 50
50 50 50 50 17 50 50 42 34 50 45 50 39 43 50 50 23 47 50 50 6 50 50 22 2 50 22 50 23 50 50 9 50 50 50 25 50 50 50 39 37 50 50 50 19 50 50 1 50 39 50 50 50 50 50 32 50 50 50 50 8 50 50 28 50 50 4 50 50 50 50 30 50 50 50 22 46 41 50 42 18 50 50 50 50 50 37 33 38 50 50 33 13 3 50 50 12 50 50 48 50 50 14 44 20 50 50 27 50 4 50 50 50 18 50 35 50 35 50 50 31 7 50 50 31 50 50 50 43 38 22 50 50 50 50 37 50 50 50 50 50 1 50 7 30 50
50 44 38 0 50 50 50 50 50 3 49 50 50 50 50 30 50 50 50 50 50 9 50 50 50 50 17 29 50 50 27 50 5 28 50 50 50 50 50 23 50 50 50 50 50 50 14 50 50 50 50 50 50 50 14 24 50 50 35 50 50 50 50 50 50 50 50 50 50 10 50 50 23 50 50 50 50 50 41 11 35 50 22 50 8 33 50 50 37 36 50 50 50 50 50 50 19 44 50 50 50 50 41 50 50 50 39 50 50 50 50 50 50 50 50 50 50 50 14 50 50 50 45 50 50 50 43 50 50 50 50 50 2 50 50 33 30 50 46 23 40 50 50 35 50
50 50 50 42 43 50 5 15 40 50 50 50 50 10 13 45 50 50 32 50 50 50 46 47 50 16 32 50 50 50 50 50 50 50 50 45 50 48 50 30 50 20 34 50 50 32 50 10 50 22 16 31 50 20 11 50 29 50 50 50 18 50 50 50 16 50 50 50 50 50 50 27 50 50 23 50 50 10 50 50 50 16 50 50 36 43 40 50 50 50 50 50 50 50 50 50 37 50 50 43 8 50 50 50 50 26 36 50 50 50 50 50 50 26 50 50 17 50 50 50 47 50 32 12 48 50 41 50 50 29 50 50 9 7 4 50 50 50 50 50 37 50 50 50
33 15 50 34 50 7 26 20 17 50 38 3 50 50 2 15 50 10 50 50 21 10 50 50 26 31 36 50 21 50 50 50 50 50 10 22 50 25 34 41 50 50 50 50 40 50 50 43 0 30 50 50 50 15 50 29 21 7 50 44 22 50 50 50 50 50 47 18 50 50 50 50 6 47 50 50 50 50 50 50 8 38 15 50 9 50 19 50 50 50 50 50 5 48 50 50 50 50 41 18 48 50 6 50 50 49 34 50 12 23 0 50 24 50 50 3 43 50 50 7 50 50 37 13 50 50 50 50 50 23 50 40 50 23 50 46 50 50 13 24 4 21 50
50 40 50 50 10 12 50 50 9 46 50 50 50 33 49 50 50 50 19 50 35 47 8 50 21 14 50 50 50 31 36 50 16 50 50 50 44 35 50 33 50 31 50 50 50 50 50 49 50 50 6 41 33 50 50 19 50 50 50 50 17 50 34 50 47 50 50 49 50 50 16 20 50 50 50 50 50 50 50 45 27 42 50 50 50 37 50 50 50 45 16 18 50 50 50 50 0 50 14 11 50 50 50 35 50 50 50 50 50 50 50 43 24 50 36 50 50 50 50 50 50 50 50 50 50 1 50 3 50 50 50 13 28 50 22 33 50 39 50 48 50 50
50 50 50 47 38 50 43 50 50 50 24 2 50 50 29 7 23 34 50 50 25 8 22 50 50 50 48 10 50 48 50 45 50 41 12 50 50 23 50 0 50 50 9 34 50 34 36 50 12 50 50 50 38 28 50 46 34 50 11 50 34 50 32 50 50 50 39 19 50 50 50 16 38 50 47 50 49 12 50 8 0 50 50 31 50 50 50 32 50 2 43 48 3 12 50 50 5 50 50 28 50 50 50 50 20 50 2 17 39 50 39 50 25 32 50 50 50 35 50 50 50 50 0 50 21 31 45 12 17 50 5 50 42 50 42 26 50 50 34 50 50
50 50 41 50 50 50 49 50 50 23 50 30 49 46 50 35 50 50 50 50 29 30 22 22 49 50 47 50 50 50 35 50 30 50 50 50 50 50 50 50 50 49 44 16 31 40 50 50 50 49 50 50 50 50 7 50 49 50 50 50 50 50 33 50 15 27 11 50 50 18 50 37 1 50 50 37 50 50 50 50 50 36 50 1 50 5 50 50 50 42 50 50 50 11 50 50 50 50 50 50 42 44 50 50 10 50 16 45 50 50 50 50 50 39 50 16 0 46 50 50 50 48 50 50 3 50 50 14 27 50 32 50 49 50 50 37 43 50 50 50
50 50 50 50 50 50 50 50 50 33 50 50 50 50 31 50 24 50 50 50 50 50 50 50 50 50 50 50 50 36 50 22 18 50 22 44 50 50 50 50 50 22 30 50 50 50 37 50 50 50 50 19 11 37 50 50 13 50 50 50 47 50 50 50 35 50 50 38 50 43 50 50 50 50 50 50 50 6 50 50 50 10 37 33 50 50 50 17 7 50 37 8 20 50 50 50 2 26 50 50 0 50 50 50 50 50 50 50 50 43 23 20 50 32 50 38 50 2 45 17 50 50 50 50 50 50 21 15 50 50 50 50 50 50 50 50 29 50 50
14 50 50 49 16 50 39 50 50 50 19 20 3 16 34 50 12 9 50 50 50 50 50 0 50 5 50 50 50 46 50 50 50 33 50 9 50 50 50 50 50 50 25 50 9 4 50 50 6 30 50 50 50 50 47 50 50 50 50 50 50 50 50 42 5 50 11 50 50 50 16 50 50 50 50 50 3 48 39 50 50 43 50 50 27 50 50 50 50 50 50 29 50 11 50 50 17 33 50 50 50 40 33 50 50 0 50 50 30 50 50 37 50 50 50 34 42 35 50 50 11 50 50 7 3 10 50 50 47 27 12 50 37 36 50 50 32 50
50 50 6 50 2 46 50 43 50 50 29 20 50 50 14 50 50 50 50 50 50 50 50 50 8 45 36 50 22 30 50 50 0 50 50 50 50 26 50 50 50 50 14 20 50 25 27 50 50 50 50 50 50 50 50 50 6 50 50 26 50 50 50 50 50 3 50 35 42 6 14 39 50 36 50 50 50 50 50 50 24 50 50 50 50 50 50 50 50 50 50 50 50 3 50 50 50 50 50 8 50 50 50 50 20 50 50 50 30 50 50 50 50 50 39 50 50 50 50 50 50 46 50 42 50 40 45 50 50 50 50 50 18 50 50 34 50
50 33 50 50 50 11 50 6 41 50 41 23 50 50 28 50 13 50 50 10 50 50 50 1 17 50 7 50 50 50 19 50 36 50 50 50 50 50 50 50 50 50 33 50 28 50 50 50 50 50 50 11 50 10 50 50 35 20 50 50 50 50 7 42 5 3 6 50 50 50 50 13 50 50 50 24 50 50 50 50 50 50 50 50 47 50 6 50 50 50 50 50 50 50 50 50 36 14 50 0 50 50 4 50 9 25 35 43 21 3 50 50 1 50 3 2 41 50 50 29 50 50 50 50 30 50 46 20 50 34 50 26 22 50 50 50
6 50 50 50 50 50 50 50 50 50 20 50 12 50 25 49 50 50 50 50 28 35 50 50 13 50 50 50 50 50 50 50 9 50 50 50 50 30 14 50 50 50 2 50 50 32 50 50 10 12 50 21 50 48 37 50 5 50 50 33 40 25 29 50 21 1 13 50 50 50 50 50 38 34 32 13 50 50 50 50 50 46 50 24 50 50 50 16 12 36 50 50 50 50 32 50 15 46 20 50 50 50 50 9 50 33 50 50 50 50 50 8 47 26 50 50 30 25 50 50 50 50 8 50 50 50 39 50 50 18 50 50 9 37 50
50 25 19 22 50 3 50 50 50 50 50 13 47 18 50 50 50 50 50 36 10 50 35 50 50 0 1 50 50 1 27 50 50 50 50 35 50 7 50 50 50 50 3 50 1 6 50 23 23 50 50 8 29 30 50 50 41 9 50 12 50 50 50 50 50 50 50 33 41 21 50 48 50 50 50 32 50 17 34 50 50 50 40 38 50 8 50 50 50 50 13 50 50 50 50 50 5 4 50 50 50 50 14 11 50 41 36 50 50 50 50 50 0 14 17 50 50 8 50 50 50 10 45 38 44 50 29 0 12 50 50 20 0 50
50 50 50 50 17 50 50 45 36 50 14 29 38 50 50 50 50 50 50 50 50 50 50 50 50 50 50 48 50 50 50 50 13 39 50 50 50 50 17 50 50 50 50 50 50 50 2 50 50 50 50 50 50 50 43 50 31 50 50 50 34 50 33 50 50 32 50 50 50 50 24 50 16 5 50 49 50 50 50 44 16 50 50 47 23 50 50 40 50 50 50 46 50 50 6 46 50 50 29 36 32 31 50 50 50 11 50 50 50 11 50 50 50 37 50 32 50 50 21 50 27 13 22 50 50 50 28 50 50 50 50 50 50
50 50 31 46 15 50 50 50 37 1 50 50 50 50 4 31 50 50 21 50 50 50 28 50 50 50 50 22 50 50 50 25 50 31 14 50 29 50 24 50 50 50 41 50 7 50 50 50 50 33 50 50 50 36 0 4 50 44 48 50 50 26 31 50 28 50 43 50 50 50 50 50 5 50 50 50 5 50 50 50 50 50 50 17 44 29 50 50 42 4 43 27 50 13 50 45 50 50 50 50 19 50 50 50 50 50 14 16 50 50 31 50 38 50 50 50 49 40 6 4 50 50 50 50 50 20 12 40 50 49 50 50
37 50 23 50 50 9 50 50 10 42 50 50 50 50 25 50 49 50 50 50 50 4 13 50 50 27 50 50 31 50 50 50 50 50 50 38 22 50 50 50 50 43 50 50 50 27 50 50 45 21 50 50 50 47 50 50 50 50 50 50 50 50 50 18 36 50 50 50 31 50 50 50 1 50 50 43 50 50 50 50 50 25 50 47 44 50 50 37 50 34 42 10 50 32 38 50 31 50 17 50 50 50 33 50 50 13 50 30 30 50 50 50 32 3 24 35 0 38 20 30 50 1 27 50 5 11 50 50 50 3 50
29 50 50 50 50 21 50 50 50 27 50 50 28 50 50 3 4 7 50 50 50 50 50 50 50 45 38 8 6 13 31 40 40 50 50 50 20 1 50 49 50 50 36 31 50 50 50 50 50 50 2 21 50 50 23 50 50 39 50 10 50 43 50 50 9 50 50 50 50 50 50 50 50 37 50 50 50 50 50 46 30 50 50 50 40 47 50 50 7 50 3 50 50 50 50 50 50 50 50 50 50 50 50 13 22 30 15 16 50 50 50 50 50 50 50 50 4 50 7 50 50 31 29 44 45 26 50 50 47 50
21 45 50 50 50 49 50 50 50 50 50 20 50 43 50 50 37 50 50 34 50 50 18 31 19 50 50 47 50 50 50 31 50 41 50 50 50 46 50 5 50 50 50 50 0 3 44 50 50 7 50 46 50 42 50 50 43 50 50 50 50 9 50 7 42 50 50 50 29 20 50 50 31 50 50 50 10 50 29 4 50 17 44 50 50 50 50 50 50 12 43 50 50 32 18 6 20 50 42 50 40 50 50 5 50 50 28 38 50 12 14 50 50 49 50 1 42 50 50 42 43 50 37 32 50 50 43 31 50
50 25 50 35 50 50 50 50 12 50 50 7 50 50 50 50 50 50 50 50 50 50 50 35 34 43 1 50 27 50 50 50 3 50 50 23 50 50 50 50 50 50 50 50 26 15 50 9 50 21 50 20 50 12 50 50 50 50 50 50 45 25 50 50 50 23 35 50 50 50 7 50 50 50 50 50 50 0 16 50 50 14 50 25 11 50 50 45 48 50 17 50 10 50 28 1 50 50 28 47 50 23 50 18 50 28 50 50 26 8 2 50 38 50 50 50 50 50 50 50 25 50 42 43 50 50 50 50
50 50 50 50 50 50 4 18 18 44 17 50 50 50 50 0 15 50 50 38 50 50 50 15 43 50 50 50 50 40 50 50 50 43 50 50 50 50 50 50 50 50 50 2 50 50 50 26 50 14 50 27 50 50 50 50 12 50 17 50 32 50 50 50 6 50 0 50 24 9 50 50 50 27 50 50 50 50 50 21 48 50 50 32 50 50 50 50 50 50 50 1 41 50 44 18 50 15 17 50 29 27 49 50 26 50 25 35 50 23 50 43 12 50 46 46 50 50 21 31 50 50 50 50 50 42 50
50 50 12 50 50 50 50 25 50 50 50 50 50 43 26 44 50 38 50 50 50 42 26 27 50 50 50 25 50 50 50 50 50 1 50 17 50 5 50 47 50 50 50 8 30 50 46 50 2 38 50 50 11 36 50 31 46 50 21 50 50 50 50 15 50 50 25 50 32 50 30 50 50 50 50 33 13 50 48 39 37 17 14 3 42 50 4 50 50 50 50 50 19 50 8 50 3 50 50 50 50 37 50 50 50 50 19 50 38 50 50 50 50 40 50 50 22 50 50 50 50 29 50 50 50 50
50 50 50 38 50 11 50 50 9 50 45 50 19 50 50 50 43 50 50 50 50 9 50 50 27 50 50 50 50 50 50 50 50 50 50 10 50 49 50 47 50 26 50 50 50 33 38 29 50 23 50 33 0 44 18 14 15 38 12 31 13 40 50 50 50 34 40 50 50 14 50 50 50 50 50 10 50 50 50 50 22 50 50 8 31 27 50 7 50 50 50 50 50 50 50 17 42 0 50 39 50 50 28 50 18 15 50 43 50 50 14 16 50 36 24 36 40 50 50 50 50 50 50 26 50
45 50 7 6 50 28 5 50 50 35 47 50 11 50 50 31 29 1 50 48 50 26 34 50 50 50 50 39 50 21 50 50 50 50 50 50 50 50 50 13 27 2 48 50 50 50 50 50 50 50 50 50 31 29 50 1 50 47 3 47 5 50 50 23 32 50 50 11 50 50 50 50 50 50 50 36 23 50 50 49 50 14 30 28 34 50 30 50 50 50 50 46 50 11 31 50 46 50 41 50 50 50 24 5 50 50 1 50 50 50 50 50 24 44 50 16 50 50 50 50 7 40 50 50
5 50 50 50 50 14 50 50 50 36 50 50 50 50 50 50 50 30 50 50 50 41 44 50 50 50 50 50 50 50 39 50 50 40 50 50 11 43 48 50 50 50 50 38 50 50 50 50 38 31 50 32 29 21 50 33 50 50 50 50 9 3 23 27 50 34 50 50 50 34 4 50 50 50 16 50 50 50 50 50 50 18 8 50 50 4 10 24 50 50 50 16 50 50 50 50 32 50 50 50 50 50 50 50 50 6 50 50 50 1 50 50 50 50 50 20 50 50 50 50 50 47 50
50 6 50 40 38 50 50 50 50 50 50 50 50 50 50 23 50 5 50 50 31 50 50 50 50 50 22 50 50 18 50 50 27 13 50 50 37 10 19 50 50 50 11 50 36 1 50 50 50 50 50 50 50 50 50 50 50 50 50 31 50 37 50 38 50 50 50 50 50 50 50 50 7 5 33 26 15 50 50 50 50 50 49 29 50 50 50 50 9 50 49 50 50 50 50 50 50 50 18 50 50 50 50 50 41 50 50 9 26 50 50 50 50 50 50 35 50 24 50 50 50 50
50 50 50 50 50 46 50 14 50 46 50 22 44 23 50 3 39 50 50 50 50 50 50 50 36 50 18 50 50 50 2 50 50 50 17 50 50 50 34 50 40 41 7 50 15 50 50 15 37 50 45 16 50 25 50 50 50 50 50 50 18 50 50 50 50 50 10 0 50 50 0 9 50 50 30 50 50 50 50 50 50 48 50 17 8 50 46 50 50 50 50 50 50 5 2 11 50 39 50 50 50 50 50 7 49 50 50 5 50 50 19 20 50 48 50 50 1 50 16 50 50
50 50 18 46 50 2 50 50 7 6 50 2 50 23 40 50 50 5 50 50 50 50 25 43 50 50 50 50 1 20 3 29 50 50 31 50 33 50 50 50 50 50 38 50 40 50 50 50 50 36 50 20 8 32 50 50 50 50 21 17 50 37 50 50 50 50 50 50 22 50 43 50 50 50 1 44 50 50 50 18 16 50 50 50 50 50 5 50 50 50 4 50 50 50 50 50 4 50 12 50 50 50 19 50 45 50 50 33 50 50 43 50 21 50 27 50 50 50 26 50
50 50 50 38 22 50 50 50 20 50 40 50 24 50 50 38 50 3 31 50 50 34 50 0 3 50 50 50 50 43 50 50 50 50 50 50 50 50 50 34 50 16 12 20 50 50 50 50 50 4 50 28 50 50 50 50 50 43 40 50 2 22 50 25 50 50 50 21 50 50 50 27 50 10 50 50 42 33 50 12 17 50 17 28 44 7 50 36 50 50 50 50 50 24 50 50 50 50 50 50 50 50 9 1 50 50 50 29 50 49 50 41 23 50 50 50 14 50 50
38 50 14 50 50 10 19 50 50 28 50 50 13 8 19 50 50 50 50 50 50 50 3 50 10 50 50 27 50 50 50 2 30 50 50 50 50 45 50 45 50 50 50 50 50 50 40 44 48 50 50 44 31 50 44 34 50 43 20 50 50 50 50 50 45 50 45 11 2 42 50 8 50 50 4 50 30 50 50 50 13 50 50 36 15 50 0 50 50 37 24 50 50 16 50 50 50 50 50 50 50 50 50 50 50 36 50 27 44 50 50 50 50 22 50 50 47 50
50 50 50 14 38 50 25 2 50 50 1 50 41 50 50 50 50 38 50 50 50 50 40 28 35 50 29 50 50 50 27 50 50 50 43 12 39 50 50 50 32 50 34 34 50 50 33 23 50 50 29 10 50 21 50 46 50 50 0 14 44 50 50 38 50 24 50 50 24 25 50 50 50 28 46 50 50 16 1 50 50 19 50 50 14 13 50 50 39 50 50 50 50 8 11 37 35 50 40 31 50 50 50 50 30 50 23 20 29 50 50 50 16 27 40 50 50
38 50 50 50 50 50 50 1 50 16 2 34 6 50 50 30 50 50 32 50 46 50 4 9 50 18 50 50 50 50 50 24 1 50 29 50 1 35 50 50 10 50 48 50 16 50 6 50 18 45 50 50 11 9 26 50 50 50 8 50 50 50 50 50 50 50 50 15 50 50 38 0 50 26 36 50 50 41 17 49 50 37 50 50 50 50 50 50 40 50 50 39 50 50 50 50 49 50 50 50 50 50 50 50 50 50 12 50 50 50 50 50 19 50 50 50
50 50 23 20 16 11 50 50 13 50 39 50 38 29 50 50 38 40 8 50 50 50 24 50 50 8 20 50 50 50 46 41 50 50 19 50 50 1 33 50 50 50 28 9 50 50 23 3 49 41 28 50 11 0 50 50 16 50 50 50 50 23 50 50 50 50 46 50 50 9 6 21 50 50 50 50 50 35 34 50 50 50 50 10 50 50 50 50 23 46 50 43 26 50 50 50 50 50 38 50 50 50 9 50 50 50 50 50 50 50 50 50 50 50 50
35 31 50 50 39 50 50 50 50 50 50 41 15 50 47 50 50 28 50 50 18 50 50 50 37 50 16 22 32 50 50 50 9 50 50 9 17 24 50 35 50 50 50 50 50 26 50 16 50 50 50 50 4 35 50 50 50 16 50 50 18 50 34 13 49 50 50 50 50 50 50 50 19 50 50 38 21 50 50 50 50 31 20 50 50 24 28 43 50 50 50 40 50 50 50 50 50 50 25 50 44 45 50 28 50 7 50 50 18 50 12 50 41 50
50 36 50 50 50 50 48 50 50 29 50 50 50 50 50 50 50 49 50 50 50 50 50 49 50 15 47 50 50 50 50 17 50 17 50 17 50 50 3 50 36 39 20 50 50 13 39 50 50 50 47 24 50 42 50 50 50 50 50 42 50 50 18 12 6 19 50 50 50 9 7 50 27 50 15 50 50 50 50 3 50 50 50 50 50 6 50 50 35 50 50 50 50 50 31 50 50 50 50 50 48 24 50 50 50 27 4 50 15 50 50 46 50
8 38 50 50 38 21 50 50 50 26 50 48 46 46 50 50 50 50 50 25 50 44 5 50 28 4 48 50 6 50 11 50 50 50 6 50 50 50 35 50 26 50 50 50 50 50 10 50 50 50 11 2 50 50 22 50 50 50 50 50 41 50 50 39 50 5 50 5 1 11 13 50 11 50 12 17 50 50 50 50 50 50 14 50 50 50 38 46 50 50 50 50 14 50 50 35 50 50 50 50 50 50 38 50 50 33 50 50 32 50 50 50
43 50 50 9 50 7 50 31 50 50 33 50 50 50 44 50 4 29 50 50 50 45 26 50 23 1 37 50 50 50 44 50 50 6 50 13 50 40 9 50 34 15 12 50 50 50 50 50 50 50 21 50 3 50 50 50 1 50 5 50 50 16 10 31 50 50 19 50 2 50 18 14 50 30 50 0 44 50 50 50 50 21 11 50 9 23 50 50 45 50 44 50 50 50 50 17 50 50 40 50 50 38 38 50 46 50 50 50 17 50 50
50 32 19 20 50 50 34 1 50 40 50 30 17 50 50 18 50 50 50 50 34 50 50 19 50 19 45 50 50 12 50 50 50 50 30 31 50 31 7 50 50 50 28 50 22 45 46 11 39 50 50 33 50 50 50 8 50 7 50 50 50 50 13 50 1 50 50 50 50 50 17 34 50 50 26 28 50 50 50 50 50 50 50 50 50 50 50 27 50 44 50 14 50 50 50 50 50 10 17 2 50 50 42 14 20 50 6 50 50 50
44 47 15 50 36 50 29 50 50 42 50 50 50 24 50 31 50 21 50 9 18 50 32 39 50 50 50 50 50 50 50 50 50 44 50 41 25 50 50 50 50 39 50 50 50 50 45 20 50 33 50 24 50 50 50 41 50 12 50 50 38 50 50 50 50 27 26 45 50 50 50 50 50 50 22 50 50 43 50 10 50 24 50 50 8 50 41 50 22 49 50 50 17 16 21 50 50 44 50 50 50 15 50 50 50 27 50 28 50
50 50 33 15 50 50 24 50 50 18 12 50 39 50 3 40 50 0 22 43 9 39 50 50 50 50 39 50 50 33 50 0 4 40 50 28 46 39 50 11 50 29 5 50 0 50 50 50 50 6 50 50 47 50 47 50 50 43 21 50 20 50 30 50 8 50 50 33 50 50 50 50 50 50 50 39 0 21 26 50 50 50 25 50 50 20 22 46 50 45 50 50 50 50 27 50 50 50 8 50 21 28 50 50 50 50 14 50
50 7 50 16 50 12 50 42 50 10 39 6 42 39 50 50 50 50 50 50 50 6 41 50 50 50 50 11 11 50 50 33 50 50 50 0 50 50 14 23 18 15 17 50 25 16 10 50 50 47 24 50 50 50 50 50 18 50 50 28 36 50 50 50 50 24 17 50 50 50 50 31 50 45 50 50 14 50 50 50 50 50 50 45 48 10 0 50 50 50 50 50 50 50 50 50 50 50 50 48 7 50 50 10 26 50 50
50 50 7 38 3 50 50 50 50 45 50 37 50 50 35 50 50 50 50 50 50 8 50 33 50 50 4 50 50 5 49 50 50 7 42 39 50 50 50 3 50 41 50 50 44 50 50 50 50 50 26 50 28 50 48 50 50 50 50 50 42 50 50 50 50 50 50 50 50 50 50 50 7 50 50 50 50 50 50 50 50 20 50 50 50 31 42 50 18 26 50 50 50 50 41 50 50 50 50 46 50 50 23 14 50 50
50 46 50 50 7 50 50 50 50 50 47 1 50 50 50 4 50 50 50 50 50 50 50 50 50 50 3 6 50 50 50 28 16 25 19 50 32 50 24 50 50 50 50 50 50 50 50 50 34 49 50 50 50 9 50 39 50 50 30 7 50 35 50 50 50 41 50 50 50 50 50 15 50 24 15 50 27 50 50 18 15 50 50 50 50 8 14 11 50 14 50 50 22 29 50 36 50 21 50 50 7 50 50 50 50
50 49 50 50 6 50 50 50 50 50 50 50 50 50 6 13 50 14 32 30 50 50 9 25 50 50 50 50 50 50 50 50 50 50 32 50 28 50 11 18 50 50 41 50 50 50 50 12 34 50 48 50 50 50 50 50 50 50 50 50 50 50 50 50 20 50 17 50 50 50 34 50 25 50 50 50 50 20 17 50 50 2 50 23 50 50 50 27 50 21 43 27 50 50 50 50 50 0 50 50 50 24 11 50
12 50 24 43 50 50 50 50 50 49 50 50 50 13 50 38 50 48 48 21 13 38 50 50 50 50 50 50 50 50 50 35 50 50 31 4 2 50 50 50 43 11 8 32 50 22 50 50 16 50 50 15 50 50 50 50 50 10 50 50 12 11 36 50 49 50 50 50 20 4 50 46 50 50 1 50 50 50 50 4 3 50 50 50 41 19 50 27 50 43 50 47 13 9 50 50 50 25 50 50 50 50 50
50 50 44 29 16 50 50 50 50 50 8 3 50 18 50 14 24 50 50 50 50 50 50 12 27 50 10 50 50 50 38 11 40 50 50 48 28 50 50 50 50 50 50 50 49 50 26 13 25 50 50 50 50 7 40 50 50 50 50 50 50 50 35 50 45 14 7 27 14 12 50 50 2 50 12 50 50 50 33 50 50 50 50 50 15 35 35 48 9 50 50 50 12 19 50 50 50 50 49 50 50 50
50 50 1 15 50 50 50 50 50 9 50 50 29 5 3 50 43 28 20 17 50 50 50 50 50 27 21 13 29 50 50 50 50 50 50 50 50 50 50 2 50 50 50 50 6 22 50 50 14 38 41 36 25 50 50 39 1 47 50 50 50 50 5 50 50 50 50 29 19 50 50 50 50 37 50 50 11 50 50 50 13 50 50 50 50 3 50 44 46 50 50 50 50 16 50 34 26 50 23 50 50
21 20 16 50 14 13 50 50 39 34 50 50 50 50 50 50 50 50 50 50 2 50 50 50 50 50 50 50 50 37 50 50 50 50 33 36 50 50 50 50 50 50 39 50 9 45 50 50 47 12 50 50 37 50 23 25 15 50 50 50 50 50 50 6 20 13 50 4 22 50 20 50 8 50 37 50 50 50 16 44 3 50 50 36 7 23 50 37 43 50 50 50 43 50 50 32 50 50 50 50
50 50 50 49 50 50 0 7 47 2 50 50 50 50 50 50 50 50 50 49 50 21 50 50 49 4 50 50 2 28 50 50 4 7 0 50 50 50 39 50 50 50 28 7 46 50 23 13 50 50 50 50 50 50 50 18 12 27 50 50 50 50 14 50 50 50 18 50 42 13 50 3 50 50 50 50 47 50 50 50 50 50 46 1 11 10 29 50 50 50 39 41 50 13 50 43 50 50 50
12 50 50 44 50 19 19 50 5 43 50 50 50 10 10 46 50 31 50 50 50 50 50 50 50 38 50 21 50 50 50 33 50 50 50 3 50 50 48 16 50 5 48 8 50 27 50 50 50 30 43 39 50 49 50 50 5 50 50 50 50 50 50 50 50 50 50 50 48 32 36 50 50 8 50 50 7 49 18 50 0 50 50 50 50 50 6 50 50 50 8 26 50 4 50 36 11 50
50 50 24 11 50 50 50 9 48 14 50 50 50 31 10 50 48 50 50 13 50 50 50 50 39 50 50 32 50 50 50 50 14 50 50 50 43 50 50 50 19 32 50 50 50 50 32 19 50 50 50 50 39 50 33 50 50 50 3 50 50 9 11 50 28 39 3 50 50 50 37 34 46 40 50 50 23 50 50 2 43 50 23 39 50 50 50 35 40 50 50 50 50 50 50 24 50
24 50 37 50 50 50 50 50 50 50 15 50 50 50 50 50 50 50 50 16 50 17 50 19 22 26 46 50 50 50 50 6 35 50 50 50 50 50 50 50 50 50 50 50 11 50 13 20 50 33 50 50 50 50 50 50 50 14 50 50 50 50 3 50 50 50 50 50 50 50 50 50 50 50 50 50 50 40 50 1 50 50 1 21 5 50 50 25 50 31 50 50 50 6 50 50
42 0 50 50 29 50 43 26 15 50 50 50 50 0 47 50 2 24 28 50 1 50 50 50 50 18 50 50 13 23 50 50 2 7 50 33 50 50 45 0 50 15 50 50 10 50 23 48 39 50 50 50 50 9 50 50 50 50 31 40 50 7 35 50 50 50 12 50 50 50 13 50 44 50 50 15 50 7 44 50 50 44 1 50 44 50 50 35 19 50 50 12 29 50 50
50 0 48 50 3 17 50 50 50 50 50 50 50 50 50 19 29 50 34 50 50 50 50 46 50 50 50 50 15 50 14 50 41 7 11 50 50 50 50 50 50 50 50 50 50 16 2 50 50 50 50 24 50 50 50 50 45 50 50 50 50 50 50 28 35 50 50 50 50 50 50 38 50 48 15 50 50 50 50 50 0 31 50 2 50 50 50 50 50 50 19 21 50 50
14 50 50 5 50 50 50 7 50 50 50 50 50 22 10 50 50 50 50 3 31 50 50 50 50 50 35 50 50 50 50 50 48 50 20 50 50 14 47 50 15 6 50 32 45 50 50 50 50 50 32 50 22 17 23 9 35 24 50 50 50 50 50 7 25 50 50 50 50 29 50 50 50 50 50 50 50 50 50 20 50 23 44 50 50 50 50 50 35 50 50 50 50
50 21 44 33 11 8 50 48 50 50 49 27 50 3 50 50 50 17 50 32 50 50 50 50 50 50 25 50 10 50 50 7 50 32 50 26 50 34 50 50 50 50 42 40 50 46 50 8 50 50 50 50 20 50 50 50 1 39 50 16 50 50 50 50 50 50 40 50 50 50 16 31 50 46 50 11 50 50 50 50 13 23 50 50 38 50 50 50 50 50 35 50
50 50 50 50 50 22 35 15 22 37 50 50 50 50 50 50 50 31 14 27 10 50 9 25 26 50 50 50 50 50 50 50 50 50 15 50 1 50 50 50 50 50 50 50 50 50 50 50 50 29 2 50 50 50 20 50 24 50 50 50 50 31 50 45 6 5 50 50 50 50 50 50 50 50 7 15 50 50 48 1 4 50 6 12 50 50 50 50 11 15 50
32 50 19 50 50 34 50 50 50 50 50 50 34 50 13 31 49 3 49 50 50 50 50 36 50 50 39 50 50 50 26 27 50 50 31 50 50 50 50 37 25 45 42 40 21 33 50 17 50 50 50 38 50 37 30 44 50 50 50 50 50 7 22 50 21 50 50 50 9 23 50 28 48 50 50 50 50 50 50 50 50 50 50 50 33 50 50 50 24 50
50 8 50 50 50 29 32 50 50 35 24 50 50 50 50 50 16 50 50 50 50 50 50 34 50 50 40 50 5 9 50 45 31 50 0 19 50 27 50 50 11 19 22 2 50 50 50 50 50 50 50 2 50 39 50 19 50 50 36 50 50 50 16 50 50 5 50 50 50 50 50 50 23 50 30 50 50 50 50 29 50 50 50 50 50 44 14 50 50
50 40 27 50 50 24 0 50 47 50 50 50 38 50 25 50 50 18 49 50 50 50 50 50 50 50 50 50 33 50 50 38 50 15 50 10 50 50 39 50 32 35 50 11 19 30 26 50 31 50 21 3 45 41 50 50 50 50 41 50 4 47 50 47 50 50 50 50 43 50 8 50 50 43 50 28 50 50 50 50 50 14 50 50 50 31 48 50
3 50 21 8 50 50 50 39 50 50 50 50 48 50 14 50 50 50 7 50 50 50 50 50 50 50 16 16 50 45 31 50 50 37 50 50 1 2 50 50 50 50 30 50 50 2 50 24 50 50 50 50 33 17 50 5 50 50 50 13 19 50 43 50 38 50 34 37 50 50 33 37 50 11 35 50 50 23 50 50 11 0 50 50 49 50 50
50 50 50 50 50 8 50 48 50 41 50 50 37 4 40 50 43 50 50 50 12 50 50 50 27 36 50 50 3 50 0 50 50 44 32 13 50 17 50 50 50 46 8 50 50 50 50 50 50 50 25 28 5 50 50 7 50 4 39 34 1 50 50 50 12 6 50 50 50 50 33 50 50 50 50 50 50 16 48 10 50 50 50 50 50 50
47 10 50 22 17 50 14 0 50 50 50 50 50 31 30 50 50 50 21 50 33 50 50 50 36 50 50 50 20 43 50 40 50 50 15 50 33 50 50 45 50 26 50 50 47 50 45 50 26 50 50 50 50 25 50 50 4 50 50 50 25 50 50 38 50 50 47 30 2 50 50 50 50 50 44 50 16 49 5 23 35 50 29 50 50
50 15 22 50 24 50 50 21 28 33 50 50 50 50 50 50 50 43 50 24 50 20 50 50 22 50 50 50 11 50 50 50 50 2 28 21 50 50 50 39 50 50 48 50 8 50 50 50 31 5 36 50 50 50 50 50 24 10 50 50 50 50 41 17 50 21 50 23 35 50 50 50 50 50 50 48 50 50 50 50 12 16 48 50
30 50 50 50 4 50 50 50 33 50 50 15 50 50 50 50 50 50 50 31 48 50 50 50 50 39 17 17 21 50 50 50 50 50 50 50 46 38 50 50 50 31 6 50 18 50 50 50 50 50 50 50 20 50 19 50 44 4 50 50 44 50 50 50 50 50 50 50 50 50 50 50 6 50 27 50 49 50 50 50 42 50 50
50 50 50 28 42 50 50 34 50 5 50 32 20 50 50 50 14 37 50 50 50 50 40 28 1 50 34 17 27 50 50 50 37 50 47 50 50 30 50 50 50 50 44 50 39 50 50 39 50 50 50 50 29 6 50 37 50 45 50 50 50 50 50 50 50 50 50 11 50 50 16 21 50 21 50 17 50 28 27 50 36 50
50 28 42 35 50 50 50 50 50 50 50 9 50 38 37 50 50 50 48 50 9 50 50 50 50 50 32 50 50 50 50 50 23 47 38 50 50 50 50 50 16 50 7 50 46 50 50 50 50 50 50 20 19 6 50 50 49 50 50 50 50 50 8 0 50 50 28 50 50 50 50 50 34 50 27 50 50 50 18 19 50
50 11 50 50 50 4 50 50 29 50 50 44 50 50 50 24 50 50 47 50 14 4 50 50 50 50 50 50 50 50 26 50 50 14 42 50 50 50 50 16 32 50 50 50 50 20 11 44 16 41 15 23 43 11 42 45 7 50 45 2 50 50 50 50 50 50 50 50 9 50 41 1 46 50 50 50 38 50 8 50
27 30 12 50 50 50 31 50 29 50 50 20 50 38 18 50 31 37 50 44 50 48 50 8 38 50 50 42 50 50 50 50 25 50 27 50 50 50 3 49 40 0 50 50 50 50 50 50 22 50 10 23 50 50 50 50 35 50 28 50 50 33 50 37 50 42 50 50 50 50 50 50 35 50 50 33 50 50 50
46 50 50 50 13 25 50 50 0 50 50 50 6 50 50 50 50 50 17 50 50 18 50 50 7 50 50 14 50 50 50 18 50 50 5 50 50 50 50 2 50 37 50 41 50 27 50 50 50 50 50 50 50 50 39 40 50 50 50 50 50 50 50 50 30 12 47 50 50 50 50 49 34 17 50 43 8 50
50 4 7 50 50 12 50 18 50 37 50 50 50 22 44 50 35 50 50 50 50 50 50 50 3 40 50 1 25 50 31 50 50 42 50 50 50 50 15 33 50 26 0 5 20 26 33 50 50 50 50 50 3 50 13 14 50 50 50 27 50 22 36 50 29 50 50 50 30 50 50 50 46 50 42 9 50
50 33 12 42 50 50 50 22 4 50 1 50 11 1 8 25 50 50 50 7 29 50 50 11 50 50 10 50 14 50 28 50 50 48 50 50 33 50 50 50 50 21 50 50 30 50 30 50 50 22 50 50 50 50 50 50 50 12 36 50 25 50 1 50 6 35 50 50 50 50 27 50 50 10 50 50
16 21 42 0 50 45 4 50 50 50 50 4 50 50 50 11 50 50 26 50 29 25 28 50 50 10 50 26 50 50 50 34 50 50 49 0 50 50 50 50 50 5 3 50 50 50 50 50 50 11 50 30 3 50 4 50 32 50 50 50 50 50 50 20 50 48 50 23 49 50 50 50 7 50 50
36 7 50 17 50 2 45 50 50 10 25 50 50 50 50 50 50 50 50 15 50 19 34 50 50 39 1 49 50 50 50 50 50 50 50 18 50 50 50 50 50 25 26 50 20 50 50 50 50 50 50 24 50 11 50 50 50 50 49 50 50 50 50 50 30 45 9 50 50 46 32 50 50 50
50 17 50 50 50 45 10 24 50 50 50 50 50 50 50 12 22 50 50 22 46 50 44 50 50 50 50 11 50 38 50 36 50 50 50 50 50 50 50 50 38 4 50 42 39 50 50 21 50 50 50 46 50 50 50 4 50 5 21 50 50 38 42 50 50 24 0 22 50 42 50 50 50
50 50 50 0 50 50 50 50 41 20 50 50 12 17 50 50 50 50 50 50 50 50 50 50 50 25 46 50 50 50 12 30 11 50 50 50 22 6 50 50 26 7 17 50 10 8 1 50 16 50 50 50 50 50 46 50 4 50 50 50 27 50 17 40 29 12 50 42 16 33 50 50
50 34 50 41 50 50 50 17 50 50 19 50 50 28 14 50 50 7 47 10 26 46 50 50 50 50 50 16 27 19 50 50 50 2 47 50 50 18 38 50 50 50 13 50 42 29 50 50 50 50 50 48 50 50 19 50 50 3 50 24 41 50 43 41 50 50 50 50 50 27 50
36 50 30 50 50 5 50 50 50 50 32 35 35 50 50 50 50 29 50 50 50 50 7 50 50 13 50 50 50 50 38 22 15 50 50 50 34 50 41 25 23 50 50 32 50 29 23 50 49 50 50 50 37 46 50 50 45 47 12 15 50 50 50 38 50 50 50 50 25 50
22 50 50 50 32 50 39 50 50 15 50 50 50 50 50 50 33 50 34 10 50 50 50 30 50 50 50 50 50 50 7 50 50 46 50 50 50 35 50 16 50 5 8 41 50 50 50 9 50 31 50 50 40 50 50 50 50 50 50 50 11 50 50 24 44 31 50 50 50
23 50 50 21 50 50 50 50 10 41 50 50 5 50 12 50 8 50 50 50 25 50 50 50 50 18 50 50 50 50 50 50 45 50 50 50 50 50 50 50 50 50 50 50 50 33 19 50 43 39 18 50 50 50 12 15 50 50 50 50 50 50 50 50 49 50 50 50
50 46 11 6 6 36 50 6 50 50 6 50 50 5 50 35 22 50 48 12 50 50 50 50 50 50 50 50 4 13 50 50 50 50 26 50 50 50 14 27 50 32 4 50 50 50 50 36 42 50 50 50 4 50 10 50 50 50 9 37 50 25 50 50 50 50 50
15 50 4 26 50 50 7 50 5 50 50 41 13 50 11 33 27 50 50 50 0 50 50 45 50 2 9 42 36 29 49 42 50 50 50 9 50 50 23 50 29 50 7 21 50 50 38 50 50 31 40 50 4 50 50 50 50 50 50 50 1 31 50 30 50 50
50 50 35 18 50 32 50 41 50 45 50 14 22 50 50 33 35 50 47 50 5 7 50 34 44 37 50 50 50 50 39 46 3 3 50 21 30 50 25 50 50 20 50 27 50 10 50 50 50 25 25 50 50 50 50 25 50 16 25 50 50 50 26 50 50
22 50 48 50 50 50 20 39 50 50 50 50 34 50 50 32 50 12 50 50 43 50 50 1 50 50 43 50 19 14 27 50 28 24 50 39 23 50 50 50 50 50 50 45 50 50 50 50 2 43 25 50 50 9 2 29 50 50 50 8 3 50 50 50
9 0 21 50 50 50 50 50 3 34 50 40 50 50 50 50 50 50 50 50 50 17 50 26 50 50 50 50 50 39 45 50 50 50 2 7 18 6 50 38 50 48 50 50 16 50 50 50 45 50 28 49 25 50 50 50 16 30 39 50 50 50 50
19 50 50 50 49 50 50 50 50 50 50 49 50 50 27 30 50 50 50 50 50 22 12 50 21 50 50 50 29 46 24 40 50 38 11 50 50 2 50 33 50 50 7 39 50 50 31 41 50 50 42 50 39 50 50 3 18 9 48 50 50 50
50 50 6 26 50 15 50 50 49 50 4 16 50 50 39 50 50 50 16 50 35 50 50 50 13 50 14 50 50 50 50 50 50 50 50 50 50 50 35 22 50 50 50 42 50 50 50 10 50 42 49 50 50 42 50 50 40 50 31 3 50
50 50 50 50 20 50 50 50 48 23 0 50 50 50 42 13 50 50 50 50 50 50 50 50 42 50 46 50 50 50 50 50 50 50 50 50 22 0 19 50 20 50 50 50 50 50 50 50 21 45 3 50 13 50 50 50 50 50 6 50
40 50 50 50 50 50 15 50 48 50 50 50 46 50 50 50 15 50 50 2 50 50 19 50 50 50 50 50 0 17 15 50 50 50 8 50 37 50 10 3 50 50 44 50 50 50 50 50 50 50 32 50 50 33 46 50 33 2 50
50 6 50 50 50 16 12 5 31 50 9 9 50 42 50 50 50 50 50 50 36 50 30 50 33 12 50 41 50 50 50 49 50 24 50 50 25 50 45 50 50 50 38 50 50 50 50 50 49 35 36 50 49 50 50 50 50 50
21 1 27 42 50 50 21 33 50 50 50 50 40 14 50 50 23 50 11 50 43 8 34 50 50 48 50 40 39 50 50 7 50 50 50 50 2 50 50 50 16 50 50 18 38 50 50 50 50 50 50 50 13 50 50 50 50
27 50 10 50 50 0 50 50 34 50 17 50 50 23 50 36 6 50 3 50 50 50 50 34 50 19 50 50 50 50 50 33 43 33 50 50 50 50 6 21 50 34 42 50 50 29 48 24 2 50 50 50 18 23 48 50
50 50 50 50 50 50 50 50 50 50 50 50 50 50 50 40 50 12 50 50 50 50 50 50 17 11 2 19 30 22 50 8 14 29 50 21 50 49 50 12 2 50 50 50 50 10 50 50 36 50 37 50 3 50 50
42 50 50 4 50 50 46 50 50 50 36 50 50 43 50 50 50 28 50 2 10 50 33 44 50 50 19 50 32 50 50 16 50 50 50 50 48 50 3 50 50 50 50 16 15 50 9 41 36 23 24 50 50 50
33 50 50 41 20 50 50 50 29 50 50 37 50 12 0 44 50 40 50 43 50 30 50 50 50 50 25 50 31 50 15 26 25 50 50 50 50 50 50 35 11 50 47 16 50 42 32 35 50 50 28 50 50
50 50 50 33 50 10 50 18 50 50 50 50 42 16 15 50 50 50 50 49 12 50 50 1 50 50 50 50 50 40 12 50 50 50 4 50 50 50 50 50 50 50 41 0 22 50 50 50 13 34 44 50
50 50 23 50 28 50 29 50 50 0 22 50 4 16 50 50 22 37 19 50 27 32 50 50 46 30 50 50 50 50 50 34 50 50 49 50 33 50 50 50 35 50 35 18 50 50 50 50 50 4 50
50 10 50 50 43 50 50 50 50 50 50 50 0 50 50 50 50 50 50 32 40 50 14 50 50 50 37 50 27 50 7 50 10 50 50 50 50 14 26 50 25 50 50 50 50 0 50 35 50 50
50 26 50 7 50 40 50 50 50 50 14 50 50 50 18 50 50 50 50 31 50 50 38 50 40 0 10 50 50 35 44 42 10 36 42 50 50 50 0 27 50 14 20 50 50 44 50 2 50
50 50 50 50 42 50 50 50 44 28 50 50 2 10 50 50 50 50 50 50 50 50 35 13 50 42 50 50 15 50 50 45 22 50 43 50 50 50 50 12 14 50 50 6 50 50 37 50
50 50 50 50 50 50 22 50 14 50 50 6 27 50 50 50 50 50 6 50 47 50 50 50 39 50 30 44 4 50 50 44 5 50 7 24 50 50 50 50 50 50 50 29 45 50 50
46 50 50 50 21 50 6 50 33 50 50 50 50 50 50 50 38 50 38 50 50 50 40 50 35 50 50 50 50 40 40 50 36 5 50 28 50 50 18 42 50 20 50 50 50 50
35 50 50 50 50 50 50 10 50 50 50 50 50 34 50 50 2 50 50 47 34 50 49 16 18 50 50 21 50 50 6 50 50 50 50 50 27 50 42 50 36 34 39 34 50
19 41 50 34 50 50 20 50 50 50 50 50 36 50 50 50 15 50 50 50 32 42 50 50 35 38 50 50 50 8 4 6 50 50 13 50 50 23 50 50 50 7 45 50
5 50 24 50 32 9 50 50 50 23 50 50 50 28 50 50 50 22 50 50 50 20 50 50 50 50 50 25 50 50 32 5 50 50 50 18 15 50 50 8 50 50 50
50 11 33 50 50 50 50 20 22 50 8 4 0 50 45 21 44 50 24 50 50 50 50 50 39 50 26 50 50 50 50 50 50 50 49 50 42 50 50 50 50 50
50 21 50 50 14 50 15 50 50 50 50 41 31 50 50 33 50 50 22 4 50 50 47 6 42 50 34 15 47 25 43 50 50 50 50 0 8 50 50 50 50
50 29 50 28 40 16 10 50 46 50 48 5 39 50 50 15 50 50 44 50 34 50 12 50 50 23 32 5 50 42 50 50 50 50 0 50 50 50 50 50
50 37 19 18 50 50 15 50 6 26 24 8 50 50 50 50 50 50 50 3 50 50 50 50 40 50 50 50 18 34 44 29 50 28 50 50 50 50 50
50 50 18 50 38 13 50 50 37 50 4 50 17 50 50 50 50 31 40 20 25 50 50 50 50 14 50 50 50 50 50 50 50 39 50 50 10 50
50 35 5 50 50 50 50 28 39 50 50 50 50 50 50 4 29 50 31 50 50 50 50 23 18 8 50 50 50 50 50 50 47 39 50 50 50
50 1 50 50 47 42 49 50 50 50 50 5 50 50 50 50 50 50 50 50 24 50 50 50 37 50 44 50 50 50 50 50 50 50 50 50
50 50 17 43 45 50 50 50 50 50 44 50 50 50 50 50 50 50 50 50 50 7 50 50 8 31 50 30 50 12 50 50 50 50 50
38 50 50 50 25 19 50 50 50 50 10 35 50 50 30 50 50 50 17 50 50 50 50 50 50 50 50 50 50 1 37 44 50 50
50 50 29 49 50 50 50 50 24 50 50 50 50 50 30 50 50 50 50 12 50 50 35 50 22 50 50 46 1 50 40 50 50
50 50 28 50 50 50 6 50 50 50 50 28 50 50 50 50 50 50 50 50 50 29 23 26 50 50 50 50 37 18 50 50
50 14 50 50 50 50 37 42 31 50 3 50 50 50 41 50 50 50 47 50 50 50 46 50 50 6 18 50 50 50 50
0 50 50 43 50 50 42 28 50 49 50 6 13 15 50 50 27 0 28 50 50 30 8 22 50 50 50 38 50 50
11 50 7 50 50 17 50 50 50 50 50 50 50 50 1 31 50 50 50 34 50 7 50 50 19 50 50 7 50
50 50 29 22 6 50 50 27 50 30 50 50 50 50 50 12 50 50 50 50 3 26 50 50 21 30 50 50
50 46 50 50 42 50 24 50 50 21 16 50 50 50 50 50 19 41 50 50 50 50 11 50 50 45 50
0 5 50 5 48 50 50 50 50 50 33 50 29 34 50 50 50 50 50 50 50 0 50 50 50 50
10 50 30 35 50 22 50 50 50 25 50 12 25 50 50 9 50 50 50 50 49 21 50 50 50
22 50 50 15 50 50 44 50 50 26 50 50 50 50 50 4 50 50 11 1 50 4 50 50
50 50 50 50 50 50 50 50 50 50 50 50 6 50 50 50 50 49 34 20 35 0 50
3 34 50 50 46 50 35 50 50 50 50 50 10 37 8 50 50 50 50 46 36 50
50 16 50 50 50 33 50 50 48 50 46 50 50 32 50 50 50 50 32 50 50
43 19 7 50 50 47 43 50 50 38 7 50 50 1 50 50 50 36 50 50
50 50 34 50 50 4 50 50 39 50 50 4 50 50 8 50 50 20 50
50 50 50 50 50 50 35 50 25 12 50 50 32 8 50 26 18 50
16 50 23 38 50 50 39 50 50 50 50 44 44 41 48 50 50
23 50 50 50 4 19 50 36 50 50 40 50 32 27 10 50
50 50 50 0 11 50 50 32 50 50 50 35 50 50 50
50 47 27 50 49 50 50 50 50 26 38 50 50 50
50 50 6 37 50 19 50 7 50 37 50 50 50
50 50 50 50 50 16 50 50 50 50 50 50
50 8 50 33 50 50 50 50 50 50 50
50 6 7 50 50 10 50 50 50 50
41 16 50 50 50 50 50 0 50
50 50 50 50 50 3 50 50
50 50 50 40 0 10 50
50 16 50 50 50 50
50 50 50 50 50
50 50 50 50
50 50 50
13 50
50
