200 50
15 47 7 22 5 25 7 10 27 50 8 5 36 5 39 2 50 50 50 38 50 37 18 19 50 11 36 17 18 50 7 15 50 22 50 29 46 7 16 50 50 10 36 36 36 39 50 50 9 0 50 50 16 50 2 50 1 23 40 46 14 32 50 5 13 7 50 22 11 50 1 23 50 37 11 45 2 24 39 22 8 18 27 50 9 50 8 10 50 14 11 39 11 50 42 29 50 21 19 23 0 10 42 50 41 50 35 50 37 3 50 50 19 1 26 23 42 48 50 50 3 37 19 4 18 33 8 50 50 50 33 50 2 30 50 21 26 41 47 50 50 7 18 38 9 11 50 36 21 15 36 38 8 25 37 50 42 21 48 38 18 42 37 47 10 25 49 12 20 29 30 6 43 37 36 50 50 14 12 50 28 6 47 50 31 11 22 39 32 48 31 4 21 41 50 50 15 37 50 50
32 25 23 8 11 50 50 44 3 50 34 50 50 43 44 38 15 1 9 18 47 50 50 50 50 11 50 29 50 1 28 39 40 0 49 50 50 24 13 41 20 43 50 41 15 26 1 50 41 50 4 50 48 50 50 50 20 20 50 50 17 0 25 12 50 50 36 17 22 35 50 34 50 22 27 50 50 43 29 50 19 50 7 23 50 44 36 5 50 50 9 37 50 49 34 44 50 50 50 50 36 33 23 49 50 25 30 28 50 18 0 50 50 50 42 50 22 30 25 36 3 50 50 47 50 31 43 12 6 48 24 8 14 6 41 20 32 50 50 50 36 1 50 50 45 24 6 21 50 50 3 50 50 6 50 50 18 28 8 50 23 28 21 50 6 11 16 23 50 50 50 21 50 50 50 50 27 35 5 6 43 50 50 8 50 46 2 50 46 13 16 50 50 2 10 45 50 50 50
38 41 50 50 20 50 29 33 50 0 50 27 8 34 50 50 50 14 50 43 50 50 50 32 10 50 50 48 50 1 39 50 13 49 35 50 50 16 50 18 50 50 38 34 50 50 8 50 50 50 8 12 50 50 50 47 11 50 50 46 40 23 50 15 50 9 26 50 50 2 50 50 12 37 41 6 50 37 13 20 35 43 36 17 7 44 50 50 25 47 24 50 46 24 6 9 50 50 22 50 40 50 3 22 50 50 18 31 50 5 50 47 35 50 14 19 50 50 35 26 47 30 50 2 40 50 50 36 25 35 10 22 50 17 50 19 50 50 1 50 13 13 44 46 22 47 50 50 50 46 41 50 50 45 50 47 50 32 31 2 15 50 21 50 4 50 32 18 16 14 50 34 6 44 12 50 43 42 0 32 50 50 18 50 41 37 5 50 25 26 36 50 38 2 14 50 50 50
50 37 50 49 50 29 40 50 32 11 50 50 30 5 50 32 0 6 50 2 20 50 9 28 50 10 5 50 47 40 5 5 42 33 50 1 11 13 50 50 50 50 50 7 50 47 50 21 48 15 50 12 50 50 17 23 17 43 50 50 28 50 50 50 6 34 50 19 42 13 50 9 32 34 8 50 14 50 3 50 50 50 50 37 32 50 50 50 33 13 50 43 50 43 46 4 15 44 45 50 50 27 50 44 50 50 50 8 43 21 9 26 21 28 39 7 50 46 22 10 20 50 50 35 50 44 23 36 50 4 50 5 13 9 50 50 18 19 50 50 50 33 50 21 16 50 50 50 40 29 46 50 50 50 39 50 50 16 31 44 50 10 8 8 21 7 40 12 35 50 18 50 41 50 35 31 50 50 21 50 30 50 36 2 50 50 50 50 39 36 16 49 8 15 43 50 50
49 50 50 50 20 35 16 17 50 50 50 50 33 45 2 26 39 44 48 50 50 50 49 5 6 36 50 50 14 50 41 21 41 42 50 50 50 41 50 50 15 27 50 50 6 43 50 29 50 30 42 50 50 50 50 13 50 29 22 14 13 50 50 35 50 42 12 43 1 37 50 50 27 50 11 3 50 46 50 27 12 50 50 50 50 21 41 50 40 50 31 45 50 50 31 41 50 50 50 25 1 50 16 20 43 50 50 50 0 41 18 34 22 50 21 29 50 50 50 50 50 20 50 36 28 16 50 50 24 37 14 50 37 41 50 45 50 28 50 50 27 19 50 50 27 50 5 50 50 50 33 50 8 50 6 31 50 25 14 6 50 46 14 50 50 17 50 37 0 20 50 44 20 18 0 7 22 50 9 50 24 41 18 40 30 50 50 22 50 50 50 50 36 47 6 50
1 24 26 50 50 50 42 14 50 24 50 21 4 50 18 14 48 19 2 50 21 16 33 37 24 50 50 27 48 50 38 50 19 50 50 50 20 32 50 11 21 50 50 41 50 39 31 19 50 46 12 50 35 7 50 34 37 50 16 17 50 21 26 10 9 11 9 8 16 50 50 50 35 26 50 50 50 11 38 36 50 8 8 9 41 3 26 50 7 3 36 50 50 32 2 50 50 50 46 50 50 35 44 7 33 50 50 2 32 27 15 20 8 50 50 50 50 5 46 19 24 50 50 48 50 50 46 50 14 48 50 50 16 23 50 50 47 27 50 50 48 6 50 13 24 47 39 50 50 26 50 23 14 31 0 4 41 43 50 1 50 21 50 17 32 50 44 27 37 50 50 15 13 11 41 39 22 50 34 7 25 40 14 17 9 30 3 6 6 30 23 17 29 22 50
39 33 9 29 50 50 50 41 50 48 50 14 50 8 37 5 31 2 50 50 50 50 3 30 50 4 16 42 50 50 45 5 23 33 35 12 38 41 24 50 14 50 50 32 50 50 50 28 50 50 50 4 4 50 50 50 50 50 26 50 32 27 50 29 16 50 50 17 23 22 31 50 43 29 50 50 9 50 30 50 50 9 50 39 38 50 47 4 49 50 40 50 22 23 30 50 41 50 50 31 50 50 42 50 9 50 21 50 50 6 3 50 1 9 42 0 49 35 28 50 50 37 13 30 50 49 22 31 23 16 50 50 41 36 50 50 50 15 50 50 50 36 50 26 30 34 17 29 35 15 37 33 1 20 6 27 43 40 23 6 50 30 38 13 38 39 25 20 33 50 50 0 49 45 50 10 30 29 39 12 50 50 35 50 11 48 50 0 50 50 24 13 49 50
50 47 18 50 2 50 29 10 6 50 40 50 15 44 50 35 50 26 50 4 50 32 50 50 22 50 1 27 31 7 50 50 39 43 19 26 11 50 50 3 15 2 5 30 50 8 43 50 28 23 42 50 50 50 50 50 32 41 50 29 22 9 50 0 50 45 50 50 50 50 37 30 50 50 29 13 17 50 23 50 50 18 34 42 35 50 26 18 50 10 50 50 50 5 50 50 27 30 50 4 50 50 0 6 50 12 50 8 50 50 1 41 22 50 40 31 50 50 50 17 8 50 50 50 29 50 34 47 24 33 24 48 1 50 50 50 41 14 18 32 50 0 43 38 50 4 33 49 50 24 50 10 50 8 50 26 17 40 50 46 25 33 8 42 50 50 36 50 50 14 27 44 50 1 50 21 12 25 50 16 28 50 6 50 50 5 50 24 13 50 41 50 50
31 50 0 10 50 30 2 50 24 50 9 12 50 50 50 33 4 37 50 31 50 48 11 50 41 50 50 50 50 28 50 26 8 22 50 20 6 14 25 22 19 50 24 0 50 6 13 34 50 47 50 50 18 50 50 50 50 1 17 28 12 31 22 50 50 43 50 50 50 32 47 0 9 50 50 50 1 50 50 50 25 17 35 50 3 50 50 50 50 35 13 50 42 39 30 49 47 50 50 50 50 50 23 28 39 25 4 50 50 50 50 7 50 50 19 27 23 50 47 50 29 50 8 32 2 50 50 2 13 38 50 22 50 50 44 24 50 40 38 50 50 40 49 50 27 32 50 50 50 26 35 41 50 18 12 50 32 16 50 50 47 37 50 36 50 27 36 50 10 50 4 24 50 50 50 50 39 50 30 21 4 18 37 25 50 11 35 50 22 12 4 50
50 40 0 50 50 10 50 14 50 43 31 50 36 50 21 27 35 50 38 50 50 31 17 46 45 1 50 4 50 20 25 5 19 13 50 50 35 42 50 6 50 0 50 50 50 25 20 15 44 1 50 34 50 50 35 50 50 19 50 1 50 50 50 34 13 19 50 50 50 50 50 8 50 7 50 44 39 6 50 45 37 50 43 42 50 50 50 50 5 50 50 33 50 50 50 50 13 29 50 0 50 11 13 50 50 50 14 40 12 50 50 14 35 30 50 34 29 50 44 25 50 50 27 15 10 24 23 16 13 44 48 8 50 2 16 7 39 50 5 31 50 50 48 26 22 50 32 2 20 20 25 13 28 50 30 23 20 33 50 1 50 5 29 27 50 50 11 4 50 50 29 25 38 50 50 28 18 49 28 6 50 3 50 1 50 20 50 50 26 50 50
50 50 50 27 4 2 50 50 50 25 35 22 4 4 11 27 25 9 50 6 24 31 0 33 50 50 50 39 50 27 50 23 19 50 50 50 31 50 50 50 5 50 50 28 50 50 9 30 50 50 40 17 50 38 50 44 50 43 50 50 47 14 50 0 21 50 50 9 49 34 50 50 10 50 50 50 50 5 50 5 30 13 9 50 50 50 33 36 50 50 50 35 37 50 40 30 50 10 50 50 37 50 50 40 39 39 7 4 29 50 50 41 18 50 50 50 13 50 50 20 14 1 45 50 50 50 50 7 50 50 18 37 30 50 50 13 11 22 45 42 50 10 36 50 29 42 50 23 12 48 50 2 26 50 50 50 34 45 50 29 33 19 8 7 50 35 50 47 30 50 42 39 28 50 12 40 50 28 50 50 16 50 50 50 50 43 50 50 45 50
47 15 40 35 44 50 30 50 11 50 31 24 23 18 13 50 50 50 50 50 19 9 50 50 19 33 50 9 50 50 50 48 50 50 50 32 23 36 25 41 50 33 34 10 12 50 29 50 12 0 17 50 23 50 44 2 6 19 23 18 23 0 19 50 49 50 20 48 23 21 45 50 49 19 50 14 38 50 50 15 31 10 0 33 44 3 17 50 40 32 50 3 38 50 50 50 25 50 37 50 50 43 50 1 42 0 50 46 2 47 32 12 20 50 47 38 50 50 28 32 5 0 19 50 48 50 50 17 50 50 5 50 50 50 24 50 32 50 31 12 13 48 49 50 40 10 50 32 0 50 33 35 50 26 50 39 34 50 1 19 44 4 48 50 50 14 19 50 49 48 22 50 14 18 50 25 29 32 3 20 50 36 48 28 50 50 50 3 50
50 50 50 50 50 14 50 50 50 50 38 50 50 50 50 50 50 50 50 23 23 50 50 50 44 1 21 5 11 33 6 50 50 36 50 9 17 30 34 42 28 14 50 47 12 50 22 15 27 27 38 50 19 16 50 43 48 0 31 4 26 37 50 50 41 8 50 34 22 50 50 16 42 16 36 9 50 46 46 26 31 0 50 3 50 50 50 42 50 50 5 50 50 8 50 48 50 8 50 13 50 29 26 50 50 34 45 49 0 50 50 50 50 40 8 4 28 16 26 50 34 22 13 50 3 50 39 14 50 47 10 14 8 7 47 9 50 50 50 7 0 20 50 37 50 50 50 12 1 45 34 43 27 50 50 50 50 50 43 10 16 50 35 11 50 39 0 50 19 50 19 24 31 5 45 9 4 50 47 40 50 50 50 50 50 2 15 50
32 50 50 45 50 10 50 30 1 46 50 50 45 40 50 34 44 46 50 29 25 50 0 50 35 17 16 50 50 22 6 50 15 39 49 50 50 20 50 18 50 7 50 23 15 39 44 2 50 50 17 50 35 12 50 34 4 19 39 17 50 18 5 35 50 50 50 34 50 20 22 50 30 50 50 49 3 33 50 12 50 50 50 50 50 18 38 50 37 46 50 33 41 4 50 50 8 19 50 27 33 33 27 50 23 16 50 47 25 50 21 20 12 43 50 43 2 50 46 46 47 50 50 0 50 49 47 50 9 38 50 50 50 30 2 24 50 19 37 25 50 29 19 50 42 50 50 32 37 39 31 50 50 0 7 49 21 50 20 15 31 50 50 50 21 22 8 19 19 30 44 28 22 50 50 50 30 29 14 50 50 50 50 9 50 22 50
50 50 50 50 48 50 50 50 29 50 14 50 34 7 24 20 50 10 13 50 13 46 50 50 38 47 31 50 42 50 21 50 33 32 38 34 13 50 18 50 50 20 23 50 37 15 50 44 32 34 49 36 50 50 50 1 50 50 27 50 50 50 50 3 50 50 43 18 50 34 50 1 46 19 50 1 32 5 50 2 19 50 22 9 48 50 50 13 29 30 50 50 50 8 49 16 50 50 15 50 37 50 50 50 12 2 49 49 10 19 50 16 47 2 50 0 3 4 8 11 15 2 50 50 30 50 50 50 8 23 50 38 35 3 5 18 14 14 28 50 50 50 50 33 6 14 33 50 50 13 50 17 50 26 50 50 35 24 48 50 27 6 6 24 49 2 22 50 11 50 27 39 50 36 47 50 50 50 50 11 50 50 48 45 50 50
35 30 40 19 50 50 50 29 50 50 50 50 2 50 11 50 16 0 1 50 29 50 28 50 50 14 27 50 28 50 50 33 48 18 50 21 34 50 42 32 50 50 17 3 50 50 50 23 50 7 50 42 50 38 13 50 17 2 45 50 46 36 25 0 50 1 50 50 50 50 22 35 50 6 50 50 50 50 50 29 8 50 25 50 50 50 50 16 11 13 40 49 40 14 50 50 50 29 21 22 1 50 43 50 0 50 50 9 48 50 50 26 14 20 33 11 50 50 6 50 50 7 50 1 50 47 7 7 50 46 50 26 18 6 46 50 50 19 25 27 50 50 38 25 29 41 36 47 43 50 50 26 50 50 50 50 5 44 35 25 19 50 27 46 29 50 13 29 50 50 30 50 47 36 25 50 5 23 13 50 15 27 50 39 50
35 20 50 8 50 45 44 50 33 1 50 25 30 16 50 7 50 50 1 16 2 38 50 6 8 17 50 50 50 24 27 50 47 17 35 37 26 50 31 50 18 11 26 50 26 35 7 50 29 11 50 28 50 50 50 28 50 50 25 50 13 3 4 21 7 28 24 50 46 13 50 50 24 36 28 44 50 5 50 12 32 15 32 41 3 36 26 14 10 41 50 47 25 13 14 39 45 19 40 50 30 37 50 8 50 41 0 37 24 42 50 45 1 50 4 27 34 9 1 50 49 20 50 7 25 50 24 50 34 33 50 20 2 50 50 50 50 31 24 16 19 50 50 50 12 30 9 50 50 5 45 50 42 50 43 10 50 23 2 50 1 50 50 50 50 50 41 29 32 50 50 50 41 50 0 50 37 50 50 50 50 6 50 50
44 6 50 50 38 25 26 3 50 50 50 24 50 38 50 30 49 13 50 50 14 0 49 50 11 12 50 29 46 50 31 50 50 28 50 50 5 50 50 50 21 4 2 47 33 0 5 13 50 16 50 37 46 6 7 6 50 27 50 41 29 0 50 50 18 25 24 29 38 50 9 50 14 50 18 19 50 2 21 50 50 50 38 50 49 32 40 27 50 27 50 50 50 50 50 18 50 50 42 21 0 12 28 10 50 23 11 34 11 50 50 38 10 23 50 4 14 14 1 47 25 12 50 24 18 10 0 50 21 6 1 50 0 50 50 50 45 17 50 30 19 27 4 44 0 10 50 50 48 43 18 50 45 7 50 50 50 28 5 36 5 50 0 13 38 35 40 16 50 50 50 24 34 50 50 21 50 29 50 14 1 28 50
50 27 10 50 33 45 50 4 25 50 50 50 35 50 16 34 50 50 21 17 39 50 50 1 50 50 50 46 50 18 13 50 22 7 50 44 50 40 50 17 4 13 14 50 28 23 39 50 40 24 10 50 36 50 38 50 50 50 8 44 31 4 10 50 50 45 13 50 44 50 50 26 9 20 8 48 11 50 46 23 42 44 7 50 50 50 36 39 49 15 15 50 4 35 3 15 50 9 27 50 35 50 8 50 50 6 50 50 50 50 12 50 4 10 37 44 22 30 50 50 50 25 4 50 50 49 50 50 18 35 16 49 42 23 49 14 0 48 44 40 11 50 17 49 32 50 9 16 17 14 50 4 43 25 13 19 50 48 21 50 45 50 50 50 49 6 42 50 23 8 46 14 32 5 20 50 41 26 50 6 50 50
50 7 4 25 15 23 5 10 50 23 50 50 50 50 43 25 29 50 50 50 18 50 22 17 50 20 8 20 50 35 1 4 24 3 27 50 30 19 5 44 50 38 21 20 37 33 33 9 50 50 32 29 50 32 7 50 50 50 14 50 50 4 11 29 37 10 50 9 50 38 27 14 15 2 15 12 28 44 50 50 23 16 8 50 50 11 17 50 50 50 14 46 44 50 42 50 50 43 50 44 12 50 50 35 42 50 23 45 46 50 42 36 50 50 0 50 50 28 50 2 45 23 42 35 50 50 32 42 50 39 28 50 15 50 38 50 35 14 2 3 50 50 50 50 47 50 24 0 50 50 48 22 10 50 50 27 23 18 50 47 50 46 6 50 47 40 50 8 50 24 41 32 33 50 18 13 50 50 20 26 50
7 50 13 50 30 14 5 29 30 50 50 30 31 49 50 45 45 19 29 20 50 0 50 50 50 36 50 4 10 9 38 50 44 50 11 33 50 31 17 18 16 7 50 31 43 30 48 45 50 50 50 50 8 40 50 46 18 7 11 31 50 39 0 14 40 50 50 37 50 50 11 20 4 38 5 50 50 45 50 31 50 31 2 50 50 50 11 50 50 21 20 50 26 36 45 50 50 50 50 50 21 43 1 32 0 46 7 50 11 50 4 50 50 18 0 41 14 50 5 48 37 19 50 50 11 25 30 25 28 45 42 34 35 50 7 50 29 16 43 50 1 40 50 50 48 40 47 50 50 22 50 34 50 8 46 40 50 31 50 50 50 50 16 50 39 27 6 20 23 50 50 50 50 19 23 5 50 50 50 50
50 29 50 37 50 45 50 50 19 18 15 50 25 50 20 6 29 21 50 44 31 0 50 50 44 50 50 48 50 50 10 50 31 50 32 44 50 50 50 0 50 3 50 21 20 4 50 50 8 50 40 42 50 50 50 50 1 41 31 50 34 5 33 32 50 50 2 50 12 22 17 16 21 50 50 50 40 9 39 50 24 46 50 50 42 50 50 16 29 13 11 1 45 34 50 27 11 50 5 50 18 11 24 44 50 1 21 27 15 50 50 50 50 26 22 10 50 50 22 10 49 16 50 50 50 50 50 50 50 44 50 50 4 12 50 28 50 8 44 13 1 50 35 44 24 50 16 24 50 41 50 2 31 50 9 50 35 50 50 36 18 47 50 31 8 5 43 50 44 50 30 50 21 42 22 12 50 40 50
50 34 20 30 42 16 24 17 50 50 10 42 32 50 31 14 50 3 7 31 36 44 50 16 50 5 38 16 26 50 16 50 50 50 7 10 11 50 50 38 48 50 8 40 36 47 5 50 40 39 43 50 31 50 50 50 50 38 50 50 31 50 50 50 50 8 50 35 44 2 50 50 50 28 50 36 50 48 20 50 28 50 3 50 38 4 50 48 38 36 50 50 13 3 10 50 50 50 50 33 1 12 18 39 50 22 50 31 50 50 50 43 50 9 31 32 16 50 46 6 50 40 50 22 35 18 28 37 50 38 5 50 21 50 10 50 50 16 50 46 25 40 16 50 50 25 25 2 50 50 15 50 50 48 50 50 50 35 36 29 50 11 50 37 13 19 17 50 25 50 35 50 25 50 11 22 50 50
48 1 7 43 50 22 16 50 50 45 17 48 6 50 50 45 50 24 45 50 50 22 44 50 50 50 49 50 24 50 8 50 16 16 35 9 50 50 25 22 22 50 4 17 50 14 50 50 35 50 45 50 50 45 41 42 50 50 50 50 11 39 6 50 42 50 50 20 41 50 24 50 50 12 47 11 50 20 26 50 38 26 50 15 50 24 39 50 50 22 22 50 18 50 28 50 50 34 50 3 37 2 16 30 19 24 1 12 0 47 48 50 50 49 4 50 8 12 11 3 50 45 50 50 40 2 38 1 24 30 50 14 29 50 5 50 13 50 23 45 50 50 30 50 50 50 32 50 10 50 0 35 21 50 15 13 15 38 50 50 19 50 4 37 16 50 50 50 40 50 38 49 36 39 36 33 50
1 2 50 50 31 50 12 36 39 24 5 8 50 50 41 31 50 49 50 24 13 50 50 11 50 26 50 24 50 47 50 50 42 12 49 50 50 50 50 25 50 29 50 50 50 48 32 48 10 5 50 27 50 50 50 6 24 7 9 50 50 30 50 50 15 50 27 50 49 47 50 50 34 50 42 50 26 50 36 50 50 34 39 18 5 50 50 50 50 50 40 50 50 14 50 50 15 31 50 50 50 50 2 50 50 50 50 50 50 50 50 50 11 50 32 18 2 50 20 37 50 50 36 50 13 50 43 37 50 22 50 17 18 50 50 21 22 39 23 33 31 50 2 50 50 35 47 38 16 26 50 50 50 6 23 50 50 50 42 50 50 19 41 24 50 4 0 44 39 12 2 50 24 11 30 50
50 50 12 50 47 39 2 50 24 50 19 45 50 50 50 5 47 41 50 50 50 50 50 35 8 34 17 7 1 50 16 49 13 15 50 31 50 50 8 50 34 50 15 0 7 50 43 37 27 40 50 50 29 49 33 50 24 50 7 50 50 32 50 11 50 50 50 50 50 47 25 41 14 50 36 50 50 50 37 17 34 10 50 50 15 36 44 50 42 50 50 50 50 50 20 16 17 32 48 50 50 32 50 50 50 41 35 50 48 50 30 48 3 50 16 50 50 50 11 15 8 50 47 50 44 17 7 11 27 50 8 25 15 13 43 15 17 30 15 30 50 44 22 5 29 11 50 50 36 3 40 4 16 50 50 42 50 50 50 44 16 50 36 13 50 50 46 50 21 48 17 2 28 50 50
26 20 33 50 31 16 12 50 42 18 50 25 50 34 11 13 50 23 50 10 9 50 25 50 50 50 50 50 50 44 29 50 9 28 26 50 50 50 50 50 43 50 0 30 50 50 50 50 50 46 50 50 50 18 46 50 43 50 50 11 24 39 1 48 36 50 38 8 50 15 11 50 46 48 21 50 2 29 50 50 50 50 13 36 29 50 50 41 1 50 5 14 25 50 31 50 30 50 21 50 8 30 39 40 50 50 50 50 21 6 0 44 50 49 50 25 23 16 23 30 45 50 50 8 50 50 44 10 12 43 5 34 50 50 5 50 50 50 23 9 50 50 15 50 50 50 45 36 50 39 50 7 8 50 17 14 22 50 50 13 46 19 50 50 38 46 26 49 30 17 40 20 50 50
18 50 26 50 1 50 50 13 50 50 41 50 39 50 50 25 48 16 44 50 50 45 50 50 50 23 47 14 50 47 37 11 6 38 0 50 17 43 50 12 16 38 37 50 50 50 50 20 50 27 25 50 37 50 37 30 26 50 7 33 41 50 7 50 25 19 3 41 50 50 45 17 27 36 50 36 36 16 3 50 50 50 28 38 39 31 50 22 50 50 50 36 3 2 14 50 30 50 26 36 50 18 8 50 44 50 45 2 0 50 21 20 50 50 48 11 25 15 29 43 35 49 21 50 24 50 50 5 30 28 7 50 50 50 24 43 44 25 28 45 31 22 50 1 38 50 19 40 50 7 50 13 10 50 15 50 50 46 50 49 50 33 46 10 11 50 39 33 50 23 50 25 50
7 42 50 29 50 28 50 48 5 50 28 42 16 40 12 34 35 50 50 50 7 50 50 34 50 49 32 50 34 50 50 36 41 39 41 40 45 50 32 50 50 50 50 24 50 50 50 50 8 0 26 50 50 43 34 50 5 50 20 1 49 14 3 33 50 41 23 50 44 12 50 28 50 9 50 43 41 12 45 21 50 30 50 50 50 50 21 50 21 34 50 27 24 50 50 19 18 50 50 50 50 50 35 12 50 50 40 1 50 50 41 50 50 50 50 50 31 50 50 11 50 50 50 50 25 50 50 50 43 45 23 30 50 27 50 11 50 12 29 37 47 32 34 31 34 50 3 48 28 50 50 50 50 15 44 50 36 50 21 50 50 50 15 50 35 50 50 14 41 34 4 50
50 12 36 50 17 32 50 44 50 50 33 50 24 50 50 50 50 27 39 50 50 42 41 24 31 50 28 50 50 50 31 50 5 50 38 1 50 50 15 50 3 19 24 45 23 34 18 47 50 32 39 32 48 46 50 50 50 50 27 16 50 50 16 48 50 50 26 44 50 26 9 50 6 30 28 50 35 9 49 11 31 38 50 37 23 35 50 4 41 50 26 7 10 19 39 50 50 14 50 49 4 50 45 23 50 8 36 50 50 48 50 46 12 40 33 50 12 38 17 34 3 49 14 20 50 28 45 20 9 50 50 27 32 18 50 48 50 6 40 50 50 50 22 46 44 50 50 50 25 49 50 46 4 50 50 33 33 40 50 50 50 27 17 44 49 3 8 50 11 14 50
0 18 22 50 43 35 48 50 3 50 50 50 50 1 36 12 50 6 8 50 26 50 50 50 50 50 50 19 16 20 50 50 50 50 34 50 50 40 50 32 50 50 50 31 38 50 50 50 50 21 50 2 27 11 50 12 50 42 40 2 50 49 6 14 50 35 50 16 49 50 4 22 50 18 7 4 31 37 8 50 48 35 38 28 0 50 6 50 18 36 50 12 4 10 23 50 50 41 50 31 6 50 50 5 50 40 50 28 50 32 48 3 50 15 1 26 50 21 12 50 50 50 35 50 50 50 45 50 37 7 50 50 21 50 8 45 41 36 50 50 25 18 26 36 50 4 50 45 50 50 9 50 9 11 26 48 22 6 50 50 50 15 22 50 35 50 27 10 36 50
50 19 50 32 50 50 3 5 50 50 50 50 50 50 17 45 45 50 50 41 14 6 42 50 50 15 50 41 28 50 32 2 50 50 36 20 44 47 41 50 16 50 15 33 2 50 23 12 0 13 11 10 29 50 50 24 5 50 47 45 27 47 50 24 9 15 34 23 50 50 50 47 10 50 50 50 7 50 50 44 21 34 38 50 50 29 50 50 50 50 45 22 34 47 50 4 50 32 8 50 6 42 43 50 17 26 50 47 38 3 39 50 50 50 10 49 50 50 21 50 20 31 40 21 50 50 25 30 50 50 16 50 34 50 8 28 50 9 50 50 30 50 10 40 50 49 50 28 46 8 50 39 50 21 48 43 50 4 28 38 0 50 50 50 50 10 50 25 50
50 50 50 24 23 27 50 8 41 28 50 50 50 30 32 43 9 50 9 50 50 41 50 50 50 50 35 6 50 50 33 50 44 50 5 13 34 49 50 22 41 26 45 50 0 50 50 50 48 0 50 50 50 35 50 31 50 39 7 50 0 50 50 24 44 25 34 50 9 40 50 50 41 50 50 19 33 32 50 4 44 2 50 19 45 50 50 23 50 50 33 33 36 28 15 37 35 46 31 23 39 8 50 50 11 8 10 50 34 50 33 50 50 46 19 44 4 50 50 31 17 50 33 20 38 40 20 50 50 50 17 50 26 18 33 14 34 33 43 50 50 6 5 12 50 21 24 50 42 36 50 41 50 0 50 44 50 50 33 12 11 23 50 50 32 50 28 50
50 50 50 50 25 50 45 50 30 31 46 18 50 50 38 15 33 23 43 45 50 42 32 20 44 50 18 50 37 13 50 47 8 44 50 50 2 46 25 50 50 3 45 30 50 45 32 50 45 50 8 26 22 50 21 50 50 50 0 33 50 6 50 43 50 50 32 19 50 5 50 19 44 50 45 50 50 5 5 31 10 50 20 44 43 50 19 50 50 0 1 25 32 19 50 11 25 48 20 22 50 50 50 25 50 34 45 50 17 15 22 49 24 50 30 50 10 17 5 27 50 32 50 16 5 50 28 50 8 50 35 50 45 50 17 50 46 50 50 50 7 0 14 50 26 50 50 44 50 37 50 50 50 11 50 26 50 50 50 18 50 50 15 50 50 36 50
23 50 45 27 6 41 50 50 19 43 31 50 27 50 46 50 50 50 39 33 27 47 2 50 38 50 50 50 12 50 50 50 50 50 3 50 29 13 32 20 10 46 5 50 1 24 22 21 34 50 17 31 28 13 50 40 22 50 1 50 50 17 28 50 29 50 2 45 50 35 50 37 50 50 50 50 22 12 46 7 7 21 48 50 23 50 50 5 50 43 50 50 8 50 45 50 50 50 5 50 50 50 50 1 21 9 1 2 30 50 15 0 50 19 1 33 50 50 50 50 19 31 27 0 50 2 50 50 42 6 50 49 31 12 41 7 15 13 30 9 22 50 47 50 50 6 50 16 26 5 11 12 50 11 9 47 1 50 50 50 45 12 2 17 27 50
46 12 36 7 50 50 3 13 49 5 50 50 39 23 28 50 34 36 50 50 17 6 35 49 50 50 50 50 50 1 11 38 38 42 50 34 10 50 30 17 7 50 49 50 28 2 10 50 5 50 45 50 49 32 31 43 13 50 50 50 18 37 50 7 37 20 18 50 50 37 5 43 29 21 39 26 23 23 20 44 40 50 50 50 50 50 22 6 47 22 26 8 15 50 5 48 43 2 29 50 13 23 49 50 10 50 30 47 32 50 14 1 8 47 38 28 44 50 50 24 43 35 35 50 10 50 50 50 27 29 29 23 2 40 0 32 50 8 50 50 39 50 43 34 36 19 50 0 50 21 4 46 44 39 50 43 48 50 15 13 50 50 17 14 50
3 50 50 14 12 31 50 39 27 7 35 23 9 17 15 35 50 24 37 50 50 26 17 50 29 29 45 50 50 28 8 50 50 19 50 50 26 50 35 17 34 49 29 26 40 2 50 15 50 25 47 30 12 14 49 36 22 50 24 9 50 50 6 50 18 27 43 50 41 50 22 50 50 18 50 50 41 4 24 50 50 26 9 18 50 1 50 50 50 50 41 50 10 0 40 21 2 32 50 42 36 50 49 9 29 50 38 1 13 18 37 24 50 50 21 32 50 12 8 50 50 49 44 50 50 43 19 19 50 50 33 19 50 50 22 50 8 50 50 0 28 27 6 17 21 31 32 48 50 50 50 33 8 13 3 24 50 50 39 45 5 39 46 50
50 50 47 50 22 17 42 50 42 11 35 4 11 45 50 50 22 50 5 50 6 50 34 19 8 28 25 2 41 26 24 21 50 7 23 45 24 2 20 3 23 28 3 45 3 40 33 50 16 50 50 50 23 50 50 50 50 26 29 48 22 50 37 28 33 31 20 50 50 0 50 8 4 30 2 20 3 50 37 31 40 1 50 50 50 21 50 12 50 50 46 50 15 45 0 6 50 50 49 50 22 36 50 10 32 16 50 19 33 50 3 13 19 43 50 50 41 50 50 23 27 36 21 23 50 46 50 38 25 46 10 50 50 37 28 50 50 29 31 50 25 15 27 50 50 39 50 37 14 20 50 42 50 48 50 50 33 50 0 8 50 50 50
50 50 36 50 50 26 23 3 21 21 50 50 15 39 37 25 7 16 27 50 50 50 20 18 50 23 26 50 13 49 46 50 38 50 50 14 50 50 50 50 50 48 36 44 50 46 21 50 10 5 26 42 50 50 46 50 33 26 50 50 32 50 50 50 0 4 50 50 50 8 20 4 16 50 50 50 19 50 6 50 38 45 34 42 29 50 50 50 3 34 50 50 26 39 50 50 31 49 0 48 47 50 50 38 49 50 29 1 11 50 45 50 36 50 9 43 7 50 50 24 22 49 10 29 0 50 18 50 32 50 43 50 26 50 9 50 20 50 50 22 12 33 50 50 50 25 40 37 26 35 44 8 50 50 50 50 10 27 50 18 50 50
50 50 7 50 50 12 50 42 27 50 50 50 6 3 50 50 36 50 50 50 50 50 20 44 50 42 29 12 21 13 13 28 48 50 16 37 50 50 10 50 42 33 50 48 50 12 0 0 8 37 50 6 50 9 19 50 50 40 4 43 50 39 49 50 50 50 34 3 29 32 50 1 45 50 28 28 25 33 26 50 7 33 4 1 36 5 50 50 50 10 50 4 50 33 50 19 50 50 47 12 7 29 50 31 32 50 50 50 42 42 50 50 50 50 22 50 49 36 50 46 14 50 19 11 50 15 24 4 50 6 50 50 9 6 42 50 50 26 50 12 32 23 50 40 24 1 18 5 19 38 50 50 50 47 2 32 46 50 43 21 50
29 50 24 50 46 50 17 8 50 38 46 50 50 42 40 50 39 24 50 50 11 17 37 50 50 5 50 50 29 50 30 50 25 49 50 50 50 35 50 50 50 19 3 1 50 14 50 50 50 43 29 50 50 50 50 44 50 50 13 15 50 29 50 34 7 50 10 1 40 50 40 10 21 50 10 24 36 50 48 46 9 50 42 45 1 24 49 35 50 16 50 50 23 20 49 50 50 18 4 46 31 34 50 15 50 50 20 50 33 50 50 50 8 41 13 48 34 50 43 50 45 50 36 32 5 6 50 13 50 9 50 50 20 50 0 50 37 50 35 50 50 50 50 9 5 17 50 50 24 50 36 17 34 0 17 32 18 31 6 50
39 50 42 45 50 50 50 50 1 42 50 28 23 50 32 29 29 33 33 16 50 50 50 1 50 9 50 24 44 50 50 0 46 10 6 39 5 50 50 18 5 29 50 12 15 27 41 50 24 22 48 50 50 17 23 23 28 50 14 25 12 50 39 50 21 7 7 23 46 50 50 17 39 42 30 50 39 22 50 50 50 28 50 12 50 50 50 50 50 50 20 1 50 4 37 41 50 5 23 50 50 50 47 50 50 16 50 48 35 50 50 20 19 50 25 31 29 50 15 3 26 48 41 50 25 30 37 50 20 49 49 46 28 50 50 36 46 28 50 25 16 5 50 5 50 44 2 50 12 50 49 50 50 22 16 30 47 19 50
30 50 50 8 50 0 15 21 34 42 50 50 46 30 18 50 11 13 50 9 23 42 50 30 1 31 12 24 50 50 50 50 50 50 40 50 41 50 50 43 50 31 16 36 25 50 17 50 50 50 20 50 39 50 7 11 50 50 29 50 16 37 7 44 50 15 26 50 10 15 50 7 10 36 50 29 4 50 14 18 39 50 50 38 22 28 50 19 50 47 50 50 50 50 2 50 42 5 50 50 45 45 50 50 2 10 17 50 10 50 20 4 43 50 10 50 50 23 50 12 50 50 50 50 27 50 50 38 29 30 39 50 47 1 50 5 50 23 35 50 50 50 47 46 10 50 50 25 50 38 50 48 25 33 18 23 50 50
14 44 20 6 15 42 9 30 50 50 50 40 50 31 15 35 50 25 30 50 37 3 50 9 11 7 16 21 34 22 45 4 3 50 43 23 50 14 50 18 50 15 50 50 16 50 46 50 38 17 10 40 50 50 50 50 50 50 50 12 50 32 14 50 35 50 45 50 8 48 27 50 41 50 12 32 7 12 44 3 37 50 30 43 42 50 49 17 16 11 50 50 8 50 6 50 26 50 29 2 12 50 50 28 50 50 50 5 0 38 50 39 26 31 10 39 6 30 25 41 50 50 0 6 50 8 11 50 50 50 23 44 30 50 50 49 39 50 50 50 50 39 50 50 50 50 50 22 32 50 22 11 17 50 19 5 50
22 50 50 50 26 40 30 50 50 50 31 49 10 17 4 46 9 46 50 50 33 50 50 50 9 43 48 27 3 50 50 50 36 50 13 50 50 50 28 0 27 50 13 47 50 50 50 27 47 42 50 50 26 50 50 50 50 2 24 1 50 2 46 50 21 50 14 33 39 24 50 50 50 50 50 0 5 37 37 41 11 50 26 6 46 50 32 46 1 10 19 7 48 47 11 38 41 50 2 46 7 50 50 50 50 13 24 1 45 39 34 13 9 50 20 34 3 50 3 2 42 19 2 43 50 50 50 50 50 46 50 50 8 3 50 42 6 50 14 25 7 8 46 25 50 18 50 50 36 4 50 50 50 0 35 50
7 17 34 17 50 39 47 14 37 46 50 50 21 25 8 20 50 50 48 45 48 50 50 8 7 50 19 34 50 6 8 50 50 50 50 50 9 33 50 41 1 50 19 50 50 0 50 50 17 50 12 45 4 50 35 41 17 31 0 21 48 20 13 50 34 47 50 30 40 15 50 23 50 42 10 36 3 13 50 48 9 2 40 50 28 1 43 44 6 50 0 29 38 50 50 6 50 30 31 42 50 50 50 37 48 13 50 20 50 37 5 36 50 50 27 50 11 50 50 12 22 0 3 35 50 50 50 50 10 50 50 50 50 50 42 45 26 50 50 40 8 35 50 50 10 46 25 16 50 50 50 50 50 50 50
38 18 6 44 50 50 29 12 50 50 50 50 19 50 50 38 31 46 14 24 12 50 40 48 2 47 23 29 50 44 50 19 50 24 50 39 2 47 50 50 10 50 41 4 50 50 50 18 45 5 26 15 50 33 42 26 35 50 11 50 50 50 50 50 45 6 37 50 11 18 16 50 50 15 50 50 50 50 25 50 50 39 15 19 34 50 50 50 47 25 3 29 50 50 26 0 50 50 50 50 50 50 11 28 50 17 12 50 9 50 26 41 48 46 50 10 50 50 41 50 17 49 27 32 12 13 29 47 38 28 50 31 50 50 20 50 15 45 12 47 9 50 3 50 39 49 15 46 50 24 0 3 50 50
23 32 0 11 33 50 32 50 10 50 50 13 50 40 50 42 50 50 50 50 11 3 50 48 11 4 24 27 50 50 33 12 50 50 10 17 30 48 36 50 9 3 41 0 42 50 26 50 50 35 50 5 39 50 1 33 36 29 50 43 38 50 37 19 19 50 50 15 17 50 43 50 5 50 36 50 26 50 31 42 22 50 1 50 42 50 50 9 20 49 50 37 44 20 50 47 50 9 2 30 41 50 43 50 2 1 35 50 23 34 7 28 21 9 29 9 31 50 17 18 42 50 50 50 50 50 50 48 28 50 23 50 9 20 50 15 50 18 7 17 8 27 23 50 37 21 43 33 33 50 0 12 50
41 4 50 24 50 50 50 32 37 50 43 38 50 32 15 50 50 50 50 50 50 50 50 6 15 50 50 50 26 50 50 18 50 45 1 50 38 14 2 50 12 50 50 5 11 42 50 31 50 25 38 9 50 50 50 7 8 44 20 14 50 50 7 50 50 6 50 50 50 50 50 1 50 50 50 50 9 3 16 36 23 18 50 2 43 49 37 50 3 50 29 50 30 32 46 11 50 37 4 17 50 3 28 11 23 37 27 27 50 50 24 5 39 50 6 50 11 23 5 23 12 10 18 50 50 47 50 50 44 50 50 21 47 28 50 39 18 32 38 29 12 50 50 36 50 31 50 48 50 50 6 50
20 16 40 4 50 50 50 50 50 35 50 50 7 5 28 50 33 50 50 49 45 50 37 50 10 50 8 50 30 44 8 17 50 33 47 50 50 23 50 1 22 16 32 50 19 50 50 3 50 35 50 50 50 37 17 50 50 50 37 4 50 50 8 50 50 17 50 16 50 50 31 24 9 40 13 31 3 50 11 16 43 16 18 50 39 50 50 50 43 21 50 39 49 41 50 6 35 50 50 50 38 32 11 3 8 50 50 39 14 21 48 50 7 20 50 19 50 50 22 50 50 50 16 50 31 8 16 48 1 50 3 3 45 25 42 50 50 50 29 50 13 43 41 33 50 15 0 50 44 7 50
50 31 36 50 50 50 2 50 50 30 50 17 50 17 34 45 50 15 22 33 50 50 24 50 28 20 50 50 33 50 16 50 13 50 34 50 50 50 50 6 50 50 41 50 50 20 17 30 47 23 50 3 38 32 20 50 43 9 24 50 50 50 50 50 39 49 50 36 50 49 42 50 40 30 27 31 50 50 50 22 50 46 50 50 12 21 43 29 24 50 50 50 50 6 18 9 50 49 15 8 33 7 50 50 19 46 50 50 50 50 50 42 49 6 42 36 50 15 50 33 50 14 27 47 12 50 27 50 17 27 3 50 7 50 16 35 35 50 50 25 45 35 50 50 50 50 49 50 33 50
28 50 50 50 50 32 43 18 50 39 22 50 50 50 40 14 50 40 27 28 15 50 1 11 1 50 9 50 40 36 42 21 7 50 50 47 23 50 14 12 33 50 50 8 50 0 48 13 50 50 30 17 50 34 26 50 50 50 20 19 50 50 47 50 34 50 50 50 50 4 50 11 31 14 50 27 50 18 47 50 31 50 3 28 35 50 39 0 50 2 50 40 50 50 50 29 50 24 9 6 43 42 20 41 14 6 50 12 27 15 50 11 50 50 50 29 50 50 32 44 47 31 14 14 50 46 39 29 10 17 3 13 12 50 41 25 28 30 42 50 47 41 50 50 50 49 47 11 50
20 38 3 39 50 35 29 32 18 30 41 50 26 19 32 35 5 50 12 21 50 25 8 50 50 50 50 22 28 35 50 33 44 15 50 37 50 50 4 18 7 28 20 40 49 13 50 30 46 50 32 50 50 50 50 50 3 50 17 50 50 50 50 2 36 50 7 8 40 45 27 50 50 50 48 50 50 21 13 28 40 50 14 50 30 1 50 50 50 50 28 26 21 19 4 13 50 5 50 50 22 50 1 40 9 50 29 50 15 50 44 50 35 10 41 50 50 33 10 41 48 24 43 50 17 32 50 20 35 35 50 38 38 50 10 50 29 50 50 34 35 29 13 30 16 23 11 50
50 38 12 45 50 50 50 5 50 50 50 35 50 50 46 48 50 50 50 50 38 41 22 29 50 3 50 50 14 50 16 22 39 39 48 19 33 50 43 14 26 50 50 5 26 50 50 14 41 20 50 50 48 15 33 14 27 0 47 3 17 50 12 5 50 27 31 43 26 14 50 50 27 20 50 40 29 50 11 50 50 47 13 50 50 50 27 33 23 50 36 47 50 50 9 30 0 50 50 28 50 43 50 50 43 50 1 27 50 50 43 38 48 46 23 50 31 17 27 18 50 49 50 50 3 50 44 37 50 38 46 5 50 21 45 18 20 38 21 3 37 27 6 10 50 43 50
50 8 50 20 50 50 21 50 25 10 50 50 50 40 18 50 50 50 26 50 50 13 50 50 11 50 26 19 50 7 50 50 42 11 50 50 26 19 43 50 39 5 37 50 42 2 45 50 33 0 50 33 50 27 12 50 47 50 4 31 36 50 37 47 50 30 37 36 35 50 50 16 17 50 50 4 50 0 38 28 7 11 50 50 47 17 12 45 50 50 34 45 34 50 50 34 37 46 50 25 50 50 50 20 29 50 50 38 50 28 22 17 50 28 50 37 50 7 50 2 24 34 4 33 8 50 10 11 50 50 50 50 50 50 14 16 23 50 50 7 50 50 50 50 35 50
50 50 50 31 50 17 11 5 9 42 4 48 40 49 33 40 50 10 26 50 39 50 22 35 3 50 9 25 44 18 21 31 1 50 50 16 14 37 11 30 0 42 45 50 50 9 15 9 47 24 50 37 50 46 34 39 46 50 50 49 30 17 50 8 39 50 50 50 50 8 10 9 50 6 40 19 30 50 1 44 50 28 36 34 34 17 8 29 9 50 45 5 18 50 50 48 21 45 50 50 17 22 50 10 50 28 45 50 22 50 17 3 50 50 10 25 30 38 31 45 43 50 12 15 37 41 49 50 21 50 14 0 50 50 50 50 41 30 43 47 25 19 50 50 50
50 18 50 14 50 12 47 4 47 50 50 50 50 50 50 32 14 50 30 48 25 22 16 46 50 36 50 1 1 50 42 34 33 50 50 44 50 19 24 15 21 13 38 1 34 12 38 18 29 50 50 50 50 50 50 17 45 30 50 50 50 31 7 0 50 50 50 30 0 11 50 50 50 14 50 50 27 50 11 45 50 50 50 42 30 26 50 50 30 50 35 50 50 50 33 50 50 50 37 43 50 31 50 50 26 48 23 24 47 24 9 2 44 50 50 46 50 40 26 33 50 11 5 50 32 33 26 50 50 50 32 50 18 0 19 50 4 41 50 40 7 50 26 50
17 45 50 50 50 40 45 38 31 50 25 14 5 23 35 6 6 43 50 40 20 5 8 43 4 36 38 14 50 50 50 50 8 50 33 23 50 30 50 20 50 1 49 16 50 50 50 43 50 50 50 50 25 12 36 50 50 50 43 27 17 50 44 23 1 46 50 50 50 0 50 50 37 23 50 50 50 50 50 35 50 50 50 48 5 29 50 50 40 48 23 5 19 28 21 26 50 12 40 7 50 50 50 50 20 50 50 50 50 38 27 39 34 50 1 50 39 50 8 13 11 33 43 50 50 50 50 23 50 26 41 25 40 35 24 15 28 50 50 22 3 50 50
49 50 50 34 4 50 50 6 50 2 50 13 23 16 50 9 14 50 15 16 17 50 50 17 50 39 50 6 1 48 13 50 21 50 44 50 9 18 25 50 36 12 50 27 50 50 6 50 30 50 14 50 15 25 16 26 0 50 24 9 50 42 29 50 13 50 50 49 50 50 6 34 45 50 31 36 9 33 28 40 50 11 50 31 47 35 11 50 42 12 10 50 50 16 21 50 50 50 32 50 50 50 32 40 36 50 8 50 50 32 33 50 50 50 42 35 36 50 50 19 46 48 30 50 9 35 50 10 50 42 50 50 50 50 50 50 7 19 22 44 50 50
27 42 21 50 50 50 40 50 50 11 50 9 50 47 50 5 50 40 50 36 0 50 50 40 44 25 26 4 50 14 32 33 50 18 10 50 50 21 50 50 50 50 48 3 7 50 50 1 18 50 43 50 36 50 39 50 39 9 37 13 28 5 50 50 18 14 48 50 31 2 50 27 26 48 17 50 38 50 27 11 44 46 7 42 17 50 50 12 0 3 15 29 36 39 16 50 50 4 30 9 47 50 50 50 50 50 14 37 50 38 30 36 10 44 50 8 25 48 50 50 50 40 50 21 8 0 44 16 39 32 25 50 42 20 38 48 50 29 50 32 50
50 3 50 50 25 9 48 48 15 50 50 50 50 11 50 4 11 40 6 36 18 12 18 19 50 50 50 3 7 29 50 50 42 50 37 50 44 3 49 15 5 50 50 26 50 19 39 50 35 50 50 50 41 44 50 9 50 50 19 27 6 49 50 28 43 19 50 50 50 16 15 37 0 21 47 21 50 19 50 43 43 34 50 50 7 50 50 50 5 50 24 26 32 46 43 50 45 4 50 50 9 50 8 50 37 50 22 50 0 50 50 50 22 16 50 41 50 44 50 50 3 17 50 43 38 20 6 32 35 50 1 50 22 50 19 50 44 16 0 50
50 50 50 50 6 50 31 50 50 50 22 5 39 50 9 2 44 28 50 50 50 44 3 23 29 50 50 50 31 39 17 1 50 20 50 50 32 50 47 9 50 47 41 46 50 39 50 50 9 30 49 48 5 26 15 50 21 13 50 50 19 50 50 50 21 25 24 0 50 36 50 13 7 45 9 8 27 2 50 6 50 11 2 45 50 17 33 44 28 30 14 50 17 0 50 8 32 14 50 50 50 7 48 17 13 37 50 45 50 50 6 50 4 50 50 25 2 38 50 2 7 39 35 50 14 10 50 50 50 50 12 0 25 42 21 50 15 6 50
21 21 6 44 9 2 1 19 50 48 18 27 19 42 50 50 38 43 50 26 21 40 50 9 6 21 43 46 37 6 23 34 10 38 50 2 19 50 50 50 50 8 45 50 28 50 50 50 50 50 41 29 31 49 22 50 50 36 3 50 50 25 22 18 50 50 16 50 45 19 5 50 50 21 13 50 50 26 35 18 36 4 9 10 27 40 20 21 10 37 43 50 50 1 38 30 50 30 39 50 50 31 50 50 4 50 4 32 50 19 28 17 44 29 50 21 50 50 50 50 50 47 38 50 50 50 0 50 32 15 50 27 47 9 50 14 29 50
19 50 16 50 11 49 50 19 23 5 25 50 50 50 49 49 50 50 34 37 50 7 44 21 27 50 41 8 10 50 50 35 22 50 50 28 50 40 50 8 50 50 48 19 1 50 34 48 37 50 44 40 31 50 45 50 21 25 50 50 10 26 50 35 30 6 35 50 50 50 34 33 29 50 34 45 15 13 50 50 50 26 29 50 50 49 50 50 50 8 50 29 50 50 50 15 41 50 48 41 50 14 33 35 50 46 50 18 50 36 25 46 50 23 50 9 43 50 37 1 13 24 26 50 50 17 50 16 50 19 50 50 50 34 14 37 50
11 4 7 50 50 25 15 30 31 37 18 13 37 46 50 27 4 35 3 48 12 24 50 39 41 50 41 2 35 28 47 13 29 50 49 50 37 50 50 42 0 50 50 42 36 38 39 50 35 50 50 8 15 16 37 36 50 38 1 14 13 50 50 11 33 10 50 36 50 50 33 29 50 17 50 50 21 16 50 16 50 50 27 26 7 50 6 21 34 50 50 50 50 6 50 50 50 50 1 1 50 50 46 5 16 20 50 46 50 50 50 15 9 43 50 4 13 44 50 7 50 50 48 12 6 41 50 50 31 50 50 50 25 50 1 50
50 15 50 39 50 50 50 38 4 14 2 6 50 23 50 50 23 4 12 47 39 37 1 32 37 50 2 21 28 36 34 23 45 50 50 26 8 50 50 50 48 36 3 45 50 1 23 50 1 43 2 42 6 47 50 50 46 20 32 30 41 16 50 7 50 50 41 13 41 16 19 10 50 35 40 40 34 44 50 10 27 50 37 48 50 22 34 16 2 50 50 30 50 26 50 50 50 50 50 50 50 50 50 50 16 5 50 46 12 36 50 50 50 50 50 35 50 47 18 16 27 13 50 50 18 50 50 50 50 50 39 41 50 0 50
40 5 4 30 50 0 18 41 50 50 2 38 8 19 50 50 50 28 50 4 8 35 29 47 50 14 50 34 14 50 22 50 0 32 34 17 34 35 12 50 33 50 1 20 12 14 3 50 3 26 50 44 50 7 50 50 7 29 7 25 37 9 38 50 7 50 16 30 50 50 8 35 22 50 50 27 46 50 27 15 23 23 42 7 38 50 20 33 50 18 50 33 0 17 47 21 50 50 24 50 50 4 49 50 27 50 50 1 50 12 31 50 35 50 50 43 50 17 45 40 50 45 50 49 41 50 50 14 1 50 50 50 23 50
15 50 39 18 13 9 5 50 41 50 31 50 20 40 50 50 50 50 37 50 2 50 50 1 15 34 44 50 41 26 50 50 10 22 50 15 50 50 29 34 1 33 14 4 50 50 30 23 50 37 50 11 50 50 50 41 38 47 50 0 50 12 9 30 22 30 27 50 12 32 33 9 40 22 39 21 50 4 11 0 50 50 1 50 50 48 50 7 13 50 50 50 50 50 50 50 50 13 4 47 20 23 9 50 28 48 50 50 50 11 29 31 34 3 29 50 36 36 50 50 50 48 50 24 50 32 46 50 50 6 5 50 50
50 20 50 50 50 18 39 34 50 50 50 4 31 50 50 24 13 49 43 20 2 22 30 36 50 30 50 3 50 50 50 50 50 50 45 0 50 49 48 50 10 24 45 49 25 4 50 15 50 28 50 50 50 50 50 7 33 25 50 12 50 50 23 10 34 2 50 50 5 50 42 28 50 44 34 7 50 50 42 32 2 50 26 16 46 18 50 25 25 50 50 8 43 50 9 25 14 50 50 48 37 50 50 50 35 22 50 50 50 41 19 50 50 50 50 10 7 50 33 30 33 50 50 31 2 10 50 12 50 2 49 50
12 16 34 29 17 50 50 50 50 3 37 50 11 26 41 37 50 50 0 36 41 31 43 50 50 44 34 3 42 14 44 50 50 50 50 46 4 50 50 28 2 42 50 26 50 25 45 7 50 14 4 50 34 50 30 50 50 50 39 50 3 29 33 14 50 12 50 44 30 50 50 20 50 50 31 50 6 46 18 33 23 42 35 50 50 18 50 50 50 44 50 17 44 50 49 43 50 2 9 21 22 50 46 27 50 50 50 50 14 50 50 50 4 50 50 36 50 39 6 50 7 8 20 50 50 35 17 42 50 34 50
50 50 50 50 50 18 50 13 50 50 50 9 13 10 50 13 50 45 38 50 30 3 1 16 50 6 50 49 10 18 27 5 48 34 50 50 50 50 50 20 3 27 1 8 4 42 50 35 1 40 50 2 22 50 29 7 23 50 49 50 17 10 13 50 21 47 50 47 6 22 6 7 48 26 15 50 7 4 50 28 7 50 30 50 50 28 50 8 50 50 50 2 29 14 50 1 50 50 3 50 17 35 23 4 50 16 35 50 36 25 18 2 50 50 50 50 4 50 11 50 11 3 10 50 21 46 16 50 50 50
25 50 47 50 21 19 50 50 50 50 38 50 44 23 8 4 28 50 50 50 24 50 41 50 15 50 33 50 38 37 42 45 31 25 50 41 50 50 5 33 25 50 39 50 35 38 43 50 15 13 23 50 50 50 19 33 50 50 32 24 50 2 35 46 50 50 1 47 50 50 50 46 50 14 50 50 49 27 24 43 18 1 50 3 50 20 19 50 50 42 3 7 50 26 32 3 50 50 50 50 5 50 33 32 42 50 50 28 50 50 50 42 50 8 13 14 15 36 50 10 10 25 50 14 41 0 50 50 50
50 1 50 50 50 50 50 50 40 23 47 50 8 5 50 46 50 29 2 50 29 37 38 50 50 50 2 50 15 27 50 3 39 50 6 6 49 50 50 50 44 19 16 50 1 26 50 31 20 3 46 1 36 29 50 50 3 39 50 33 24 15 17 37 50 12 47 50 28 21 50 45 50 50 28 39 42 50 50 50 24 6 50 18 50 42 23 41 12 43 37 0 50 30 14 50 18 7 44 50 38 46 30 13 20 20 50 50 13 1 21 50 20 50 42 7 35 50 50 50 50 50 41 6 0 50 50 50
43 21 50 50 50 46 50 5 0 40 50 50 50 50 4 50 22 48 50 25 36 50 50 20 41 50 8 50 4 50 50 50 21 50 50 50 35 14 40 24 4 5 50 50 3 47 43 50 42 44 10 27 42 50 50 35 32 50 50 36 50 44 50 17 0 50 50 47 50 30 50 37 50 1 50 50 6 46 32 18 42 39 50 50 50 50 19 50 4 50 43 4 33 50 26 50 50 2 50 31 43 34 48 50 14 40 14 50 50 10 50 50 50 50 8 50 46 26 19 23 50 50 36 50 29 31 50
21 41 50 50 50 50 50 22 40 50 50 50 50 50 26 20 50 8 50 5 21 0 18 33 50 26 16 50 13 6 33 25 28 50 50 2 32 26 50 50 9 43 25 50 50 16 50 10 49 4 50 40 21 47 8 4 50 9 7 16 50 50 11 35 38 50 9 20 30 50 3 0 1 14 16 41 16 29 9 50 50 50 50 50 16 20 50 14 50 4 50 34 50 50 17 43 21 36 50 50 49 3 37 50 50 44 50 8 44 50 18 23 50 26 50 50 50 49 50 21 50 33 9 46 50 50
50 50 32 33 24 50 45 50 13 37 2 50 19 46 50 19 50 15 6 13 16 50 50 50 26 50 50 6 36 50 3 21 50 50 4 50 50 42 20 6 50 1 50 8 47 50 50 42 50 6 50 46 23 19 3 13 0 10 50 49 21 5 50 50 50 50 50 50 3 16 50 14 43 50 19 21 19 50 11 11 50 21 46 14 41 20 26 50 50 45 50 50 44 29 50 50 7 46 50 47 24 50 50 37 50 50 34 45 1 50 39 50 50 20 45 38 2 27 30 50 50 48 14 19 50
40 27 50 24 38 20 16 25 50 28 34 50 50 40 47 31 30 28 50 42 16 45 39 50 13 12 19 16 50 7 50 38 50 50 42 50 50 50 32 45 0 21 3 4 50 35 43 50 46 3 32 14 50 20 9 13 5 50 35 5 47 37 19 19 50 50 50 8 50 36 50 50 23 33 50 50 50 45 50 50 20 36 48 50 50 34 24 14 48 6 19 8 11 29 3 50 49 5 40 21 23 21 9 50 25 50 50 32 11 50 19 49 21 10 24 44 16 2 49 50 35 0 19 50
42 47 29 15 19 50 50 50 50 22 48 26 3 50 50 37 50 37 50 10 50 46 7 19 50 50 50 49 50 14 50 30 42 22 30 50 27 50 50 19 1 50 50 24 24 33 43 45 3 6 23 30 50 50 27 14 50 50 43 44 23 50 50 15 50 50 39 22 37 50 50 39 50 2 41 50 26 50 50 49 50 50 22 38 49 50 50 50 50 2 41 50 13 50 50 50 50 20 21 50 26 39 9 31 0 28 42 7 26 50 4 15 19 16 12 50 50 49 36 2 42 10 50
18 0 50 10 50 47 3 50 50 4 32 15 50 50 12 13 25 50 38 50 42 18 49 22 42 41 50 31 50 17 50 50 50 50 7 42 14 47 32 7 15 28 50 7 50 37 50 50 26 50 8 50 33 35 50 50 26 39 2 11 50 50 42 50 50 40 50 30 50 38 15 50 10 50 37 50 50 50 0 50 42 50 10 36 27 50 11 7 13 33 37 3 50 15 50 32 17 20 50 42 17 30 50 50 18 50 50 15 50 40 49 22 50 50 50 50 50 45 50 50 8 50
50 50 50 39 50 50 5 2 18 34 44 39 15 15 50 27 20 1 47 14 45 38 40 50 50 19 50 47 5 50 50 12 50 50 50 50 50 50 33 22 12 26 34 25 8 16 13 9 35 50 12 50 50 45 50 31 50 31 31 50 41 50 27 22 50 50 36 50 50 25 50 50 45 25 48 50 50 50 50 45 50 38 15 50 3 0 25 50 50 50 35 50 21 50 50 18 3 50 21 50 2 11 3 34 39 50 37 28 50 50 50 50 50 42 50 12 12 0 50 6 50
50 28 42 13 0 16 29 50 9 50 50 20 10 41 16 50 48 24 17 49 24 50 50 50 44 31 15 12 50 44 21 32 50 50 45 7 4 27 30 25 50 50 8 50 39 14 50 3 40 50 39 1 50 26 5 31 2 14 44 50 50 50 50 20 14 2 43 22 14 50 40 50 30 22 2 9 50 44 50 47 12 2 15 6 50 50 50 19 30 15 50 50 21 50 23 44 50 37 10 34 50 50 3 50 49 18 50 3 19 50 40 50 11 50 36 50 19 37 28 50
6 38 50 43 50 5 50 6 50 10 12 50 50 2 31 11 32 21 50 50 3 50 40 50 41 28 31 20 50 50 16 50 16 50 27 46 50 26 0 34 3 50 50 50 50 18 50 50 50 50 47 21 21 4 37 18 50 33 31 50 44 43 44 29 50 9 50 50 25 50 43 50 50 33 50 39 23 50 50 16 50 39 50 36 46 50 50 14 41 50 5 18 45 8 49 49 50 11 50 35 19 49 37 11 30 50 44 10 21 18 50 48 42 50 44 31 45 26 50
3 50 32 45 45 4 49 50 50 50 50 50 50 50 50 50 50 50 50 50 50 50 50 50 50 50 50 50 50 50 50 50 50 50 50 50 50 50 50 50 50 50 50 50 50 50 50 50 50 50 50 50 50 50 50 50 50 50 50 50 50 50 50 50 50 50 50 50 50 50 50 50 50 50 50 50 50 50 50 50 50 50 50 50 50 50 50 50 50 50 50 50 50 50 50 50 14 50 50 50 50 50 50 50 50 50 50 50 50 50 50 50 50 50 50 50 50 50
50 50 50 50 50 50 50 50 50 50 50 50 50 50 50 50 50 50 50 50 50 50 50 50 50 50 50 50 50 50 50 50 50 50 50 49 50 50 50 50 50 50 50 50 50 50 50 50 50 50 50 50 50 50 50 50 50 50 50 50 50 50 50 50 50 50 50 50 50 50 50 50 50 50 50 50 50 50 50 50 50 50 50 50 50 50 50 50 50 50 50 50 50 50 50 50 50 50 50 50 50 50 50 50 50 50 50 50 50 50 50 50 50 50 50 50 50
50 50 50 50 50 50 50 50 50 50 50 50 50 50 50 50 50 50 50 50 6 50 50 50 50 50 50 50 50 50 50 50 50 50 50 50 50 50 50 50 50 50 50 50 50 50 50 50 50 50 50 50 50 50 50 50 50 50 50 50 50 50 50 50 50 50 50 50 50 50 50 50 50 50 50 50 50 50 50 50 50 50 50 50 50 50 50 50 50 50 50 50 50 50 50 50 50 25 50 50 50 50 50 50 50 50 50 50 50 50 50 50 50 50 50 50
50 50 50 50 50 50 50 50 50 50 50 50 50 50 50 50 50 50 50 50 50 50 50 50 50 50 50 50 50 50 50 50 50 50 50 50 50 50 50 50 50 35 50 50 50 50 50 50 50 50 50 50 50 50 50 50 50 50 50 50 50 50 50 50 50 50 50 50 50 50 50 50 50 50 50 50 50 50 50 50 50 50 50 50 50 50 50 50 50 50 50 50 50 50 50 50 50 50 50 50 50 50 50 50 50 50 50 50 50 50 50 50 50 50 50
50 50 50 50 3 50 50 50 50 50 50 50 50 50 50 50 50 50 50 50 50 50 50 50 50 50 50 50 50 50 50 50 50 50 50 50 50 50 50 50 50 50 50 50 50 50 50 50 50 50 50 50 50 50 50 50 50 50 50 50 50 50 50 50 50 50 50 50 50 50 50 50 50 50 50 50 50 50 50 50 50 50 50 50 50 50 50 50 50 50 50 50 50 50 50 50 50 50 50 50 50 50 50 50 50 50 50 50 50 50 50 50 50 50
50 50 50 50 50 50 50 50 50 50 50 50 50 50 50 50 50 50 50 50 50 50 50 50 50 50 50 50 50 50 50 50 50 50 50 50 50 50 50 50 50 50 50 50 50 50 50 50 50 42 50 50 50 50 50 50 41 50 50 50 50 50 50 50 50 50 50 50 50 50 50 50 50 50 50 50 50 50 50 50 50 50 50 50 50 50 50 50 50 50 50 50 50 50 50 50 50 50 50 50 50 50 50 50 50 50 50 50 50 50 50 50 50
50 50 50 50 50 50 50 50 50 50 50 50 50 50 50 50 50 50 50 50 50 50 50 50 50 50 50 50 50 50 50 50 50 50 50 50 50 50 50 50 50 50 50 50 50 50 50 50 50 50 50 50 50 50 50 50 50 50 50 50 50 50 50 50 50 50 50 50 50 50 50 50 50 50 50 50 50 50 50 35 50 50 50 50 50 50 50 50 50 50 50 50 50 50 50 50 50 50 50 50 50 50 50 50 50 50 50 50 50 50 50 50
50 50 50 50 50 50 50 50 50 50 48 50 50 50 50 50 50 50 50 50 50 50 50 50 50 50 50 50 50 50 50 50 50 50 50 50 50 50 50 50 50 50 50 50 50 50 50 50 50 50 50 50 50 50 50 50 50 50 50 50 50 50 50 50 50 50 50 50 50 50 50 50 50 50 50 50 50 50 50 50 50 50 50 50 50 50 50 50 50 50 50 50 50 50 50 50 50 50 50 50 50 50 50 50 50 50 50 50 50 50 50
50 50 50 50 50 50 50 50 50 50 50 50 50 50 50 50 50 50 50 50 50 50 50 50 50 50 50 50 50 50 50 50 50 50 50 50 50 50 50 50 50 50 50 50 50 50 50 50 50 50 50 50 50 50 14 50 50 50 50 50 50 50 50 50 50 50 50 50 50 50 50 50 50 50 50 50 50 50 50 50 50 50 50 50 50 50 50 50 50 50 50 50 50 50 50 50 50 50 50 50 50 50 50 50 50 50 50 50 50 50
50 50 50 50 50 50 50 50 50 50 50 50 50 50 50 50 50 50 50 50 50 50 50 50 50 50 50 50 50 50 50 50 50 50 50 50 50 50 50 50 50 50 50 50 50 50 50 50 50 50 50 50 50 50 50 50 50 50 50 50 50 50 50 50 50 50 50 50 50 50 50 50 50 50 50 50 50 50 50 50 50 50 50 50 50 50 50 50 50 50 50 50 50 50 50 50 50 50 50 50 50 50 50 50 50 50 50 50 50
50 50 50 50 50 50 50 50 50 50 50 50 50 50 50 50 50 50 50 50 50 50 50 50 50 50 50 50 50 50 50 50 50 50 50 50 50 50 50 50 50 50 50 50 50 50 50 50 50 50 50 50 50 50 50 50 50 50 50 50 50 50 50 50 50 50 50 50 50 50 50 50 50 50 50 50 50 50 50 50 50 50 50 50 50 50 50 50 50 50 50 50 50 50 50 50 50 50 50 50 50 50 50 50 50 50 50 50
50 50 50 50 50 50 50 50 50 50 50 50 50 50 50 50 50 50 50 50 50 50 50 50 50 50 50 50 50 50 50 50 50 50 50 50 50 50 50 50 50 50 50 50 50 50 50 50 50 50 50 50 50 50 50 50 50 50 50 50 50 50 50 50 50 50 50 50 50 50 50 50 50 50 50 50 50 50 50 50 50 50 50 50 50 50 50 50 50 50 50 50 50 50 50 50 50 50 50 50 50 50 50 50 50 50 50
50 50 50 50 50 50 50 50 50 50 50 50 50 50 50 50 50 50 50 50 50 50 50 50 50 50 50 50 50 50 50 50 50 50 50 50 50 50 50 50 50 50 50 50 50 50 50 50 50 50 50 50 50 50 50 50 50 50 50 50 50 50 50 50 50 50 50 50 50 50 50 50 50 50 50 50 50 50 50 50 50 50 50 50 50 50 50 50 50 50 50 50 50 50 50 50 50 50 50 50 50 50 50 50 50 50
50 50 50 50 50 50 50 50 50 50 50 50 50 50 50 50 50 50 50 50 50 50 50 50 50 50 50 50 50 50 50 50 50 50 50 50 50 50 50 50 50 50 50 50 50 50 50 50 50 50 50 50 50 50 50 50 50 50 50 50 50 50 50 50 50 50 50 50 50 50 50 50 50 50 50 50 50 50 50 50 50 50 50 50 50 50 50 50 50 50 50 50 50 50 50 50 50 50 50 50 50 50 50 50 50
50 50 50 50 16 50 50 50 50 50 50 50 50 50 50 50 50 50 50 50 50 50 50 50 50 50 50 50 50 50 50 50 50 50 50 50 50 50 50 50 50 50 50 50 50 50 50 50 50 50 50 50 50 50 50 50 50 50 50 50 50 50 50 50 50 50 50 50 50 50 50 50 50 50 50 50 50 50 50 50 50 50 50 50 50 50 50 50 50 50 50 50 50 50 50 50 50 50 50 50 50 50 50 50
50 50 50 50 50 50 50 50 50 50 50 50 50 50 50 50 50 50 50 50 50 50 50 50 50 50 50 50 50 50 50 50 50 50 50 50 50 50 50 50 50 50 50 50 50 50 50 50 50 50 50 50 50 50 50 50 50 50 50 50 50 50 50 50 50 50 50 50 50 50 50 50 50 50 50 50 50 50 50 50 50 50 50 50 50 50 50 50 50 50 50 50 50 50 50 50 50 50 50 50 50 50 50
50 50 50 50 50 50 50 50 50 50 50 50 50 50 50 50 50 50 50 50 50 50 50 50 50 50 50 50 50 50 50 50 50 50 50 50 50 50 50 50 50 50 50 50 50 50 50 50 50 50 50 50 50 50 50 50 50 50 50 50 50 50 50 50 50 50 50 50 50 50 50 50 50 50 50 50 50 50 50 50 50 50 50 50 50 50 50 50 50 50 50 50 50 50 50 50 50 50 50 50 50 50
50 50 50 50 50 50 50 50 50 50 50 50 50 50 50 50 50 50 50 50 50 50 50 50 50 50 50 50 50 50 50 50 50 50 50 50 50 50 50 50 50 50 50 50 50 50 50 50 50 50 50 50 50 50 50 50 50 50 50 50 50 50 50 50 50 50 50 50 50 50 50 50 50 50 50 50 50 50 50 50 50 50 50 50 50 50 50 50 50 50 50 50 50 50 50 50 50 50 50 50 50
50 50 50 50 50 50 50 50 50 50 50 50 50 50 50 50 50 50 50 50 50 50 50 50 50 50 50 50 50 50 50 50 50 50 50 50 50 50 50 50 50 50 50 50 50 50 50 50 50 50 50 50 50 50 50 50 50 50 50 50 50 50 50 50 50 50 50 50 50 50 50 50 50 50 50 50 50 50 50 50 50 50 50 50 50 50 50 50 50 50 50 50 50 50 50 50 50 50 50 50
50 50 50 50 50 50 50 50 50 50 50 50 50 50 50 50 50 50 50 50 50 50 50 50 50 50 50 50 50 50 50 50 50 50 50 50 50 50 50 50 50 50 50 50 50 50 50 50 50 50 50 50 50 50 50 50 50 50 50 50 50 50 50 50 50 50 50 50 50 50 50 50 50 50 50 50 50 50 50 50 50 50 50 50 50 50 50 50 50 50 50 50 50 50 50 50 50 50 50
50 50 50 50 50 50 50 50 50 50 50 35 50 50 50 50 50 50 50 50 50 50 50 50 50 50 50 50 50 50 50 50 25 50 50 50 50 50 50 50 50 50 50 25 50 50 50 50 50 50 50 50 50 50 50 50 50 50 50 50 50 50 50 50 50 50 50 50 50 50 50 50 50 50 50 50 50 50 50 50 50 50 50 50 50 50 50 50 50 50 50 50 50 50 50 50 50 50
50 50 50 50 50 50 50 50 50 50 50 50 50 50 50 50 50 50 50 50 50 50 50 50 50 50 50 50 50 50 50 50 50 50 50 50 50 50 50 50 50 50 50 50 50 50 50 50 50 50 50 50 50 50 50 50 50 50 50 50 50 50 50 50 50 50 50 50 50 50 50 50 50 50 50 50 50 50 50 50 50 50 50 50 50 50 50 50 50 50 50 50 50 50 50 50 50
50 50 50 50 50 50 50 50 50 50 50 50 50 50 50 50 50 50 50 50 50 50 50 50 50 50 50 50 5 50 50 50 50 50 50 50 50 50 50 50 50 50 50 50 50 50 50 50 50 50 50 50 50 50 50 50 50 50 50 50 50 50 50 50 50 50 50 50 50 50 50 50 50 50 50 50 50 50 50 50 50 50 50 50 50 50 50 50 50 50 50 50 50 50 50 50
50 50 50 50 50 50 50 50 50 50 50 50 50 50 50 50 50 50 50 50 50 50 50 50 50 50 50 50 50 50 50 50 50 50 50 50 50 50 50 50 50 50 50 50 50 50 50 50 50 50 50 50 50 50 50 50 50 50 50 50 50 50 50 50 50 50 50 50 50 50 50 50 14 50 50 50 50 50 50 50 50 50 10 50 50 50 50 50 50 50 50 50 50 50 50
50 50 50 7 50 50 50 50 50 50 50 50 50 50 50 50 50 50 50 50 50 50 50 50 50 50 50 50 50 50 50 50 50 50 50 50 50 50 50 50 50 50 50 50 50 50 50 50 50 50 50 50 50 50 50 50 50 50 50 50 50 50 50 50 50 50 50 50 50 50 50 50 50 50 50 50 50 50 50 50 50 50 50 50 50 50 50 50 50 50 50 50 50 50
50 50 50 50 50 50 50 50 50 50 50 50 50 50 50 50 50 50 50 50 50 50 50 50 50 50 50 50 50 50 50 50 50 50 50 50 50 40 50 50 50 50 50 50 50 50 50 50 50 50 50 50 50 50 50 50 50 50 50 50 50 50 50 50 50 50 50 50 50 50 50 50 50 50 50 50 50 50 50 50 50 50 50 50 50 50 50 50 50 50 50 50 50
50 50 50 50 50 50 50 50 50 50 50 50 50 50 50 50 50 50 50 50 50 50 50 50 50 50 50 50 50 50 50 50 50 50 50 50 50 50 50 50 50 50 50 50 50 50 50 50 50 50 50 50 50 50 50 50 50 50 50 50 50 50 50 50 50 50 50 50 50 50 50 50 50 50 50 50 50 50 50 50 50 50 50 50 50 50 50 50 50 50 50 50
50 50 50 50 50 50 50 50 50 50 50 50 50 50 50 50 50 50 50 50 50 50 50 50 50 50 50 50 50 50 50 50 50 50 50 50 50 50 50 50 50 50 50 50 50 50 50 50 50 5 50 50 50 50 50 50 50 50 50 50 50 50 50 50 50 50 50 50 50 50 50 50 50 50 50 50 50 50 50 50 50 50 50 50 50 50 50 50 50 50 50
50 50 50 50 50 50 50 50 50 50 50 50 50 50 50 50 50 50 50 50 50 50 50 50 50 50 50 50 50 50 50 50 50 50 50 50 50 50 50 50 50 50 50 50 50 50 50 50 50 50 50 50 50 50 50 50 50 50 50 50 50 50 50 50 50 50 50 50 50 50 50 50 50 50 50 50 50 50 50 50 50 50 50 50 50 50 50 50 50 50
50 50 50 50 50 50 50 50 50 50 50 50 50 50 50 50 50 50 50 50 50 50 50 50 50 50 50 50 50 50 50 50 50 50 50 50 50 50 50 50 50 50 50 50 50 50 50 50 50 50 50 50 50 50 50 50 50 50 50 50 50 50 50 50 50 50 50 50 50 50 50 50 50 50 50 50 50 50 50 50 50 50 50 50 50 50 50 50 50
50 50 50 50 50 50 50 50 50 50 50 50 50 50 50 50 50 50 50 50 50 50 50 50 50 50 50 50 50 50 50 50 50 50 50 50 50 50 50 50 50 50 50 50 50 50 50 50 50 50 50 50 50 50 50 50 50 50 34 50 50 50 50 50 50 50 50 50 50 50 50 50 50 50 50 50 50 50 50 50 50 50 50 50 50 50 50 50
50 50 50 50 50 50 50 50 50 50 50 50 50 50 50 50 50 50 50 50 50 50 50 50 50 50 50 50 19 50 50 50 50 50 50 50 50 50 50 50 50 50 50 50 50 50 50 50 50 50 50 50 50 50 50 50 50 50 50 50 50 50 50 50 50 50 50 50 50 50 50 50 50 50 50 50 50 50 50 50 50 50 50 50 50 50 50
50 50 20 50 50 50 50 50 50 50 50 50 50 50 50 50 50 50 50 50 50 50 50 50 50 50 50 50 50 50 50 50 50 50 50 50 50 50 50 50 50 50 50 50 50 50 50 50 50 50 50 50 50 50 50 50 50 50 50 50 50 50 50 50 50 50 50 50 50 50 50 50 50 50 50 50 50 50 50 50 50 50 50 50 50 50
50 50 50 50 50 50 50 50 50 50 50 50 50 50 50 50 50 50 50 50 50 50 50 12 50 50 50 50 50 50 50 50 50 18 50 50 50 50 50 50 50 50 50 50 50 50 50 50 50 50 50 50 50 50 50 50 50 50 50 50 50 50 50 50 50 50 50 50 50 50 50 50 50 50 50 50 50 50 50 50 50 50 50 50 50
50 50 50 50 50 50 50 50 50 50 50 50 50 50 50 50 50 50 50 50 50 50 50 50 50 50 50 50 50 50 50 50 50 50 50 50 50 50 50 50 50 50 50 50 50 50 50 50 50 50 50 50 50 50 50 50 50 50 50 50 50 50 16 50 50 50 50 50 50 50 50 50 50 50 50 50 50 50 50 50 50 50 50 50
50 50 50 50 50 50 50 50 50 50 50 50 50 50 50 50 50 50 50 50 50 50 50 50 50 50 50 50 50 50 50 50 50 50 50 50 50 50 50 50 50 50 50 50 50 50 50 50 50 50 50 50 50 50 50 50 50 50 50 50 50 50 50 50 50 50 50 50 50 50 50 50 50 50 50 50 50 50 50 50 50 50 50
50 50 50 50 50 50 50 50 50 50 50 50 50 50 50 50 50 50 50 50 50 50 50 50 50 50 50 50 50 50 50 50 50 50 50 50 50 50 50 50 50 50 50 50 50 50 50 50 50 50 50 50 50 50 50 50 50 50 50 50 50 50 50 50 50 50 50 50 50 50 50 50 50 50 50 50 50 50 50 50 50 50
50 50 50 50 50 50 50 50 50 50 50 50 50 50 50 50 50 50 50 50 50 50 50 50 50 50 50 50 50 50 50 50 50 50 50 50 50 50 50 50 50 50 50 50 50 50 50 50 50 50 50 50 50 50 50 50 50 50 50 50 50 50 50 50 50 50 50 50 50 50 50 50 50 50 50 50 50 50 50 50 50
50 50 50 50 50 50 50 50 50 50 50 50 50 50 50 50 50 50 50 50 50 50 50 50 50 50 50 50 50 50 50 50 50 50 50 50 50 50 50 50 50 50 50 50 50 50 50 50 50 50 50 50 50 50 50 50 50 50 50 50 50 50 50 50 50 50 50 50 50 50 50 50 50 50 50 50 50 50 50 50
50 50 50 50 50 50 50 50 50 50 50 50 50 50 50 50 50 50 50 50 50 50 50 50 50 50 50 50 50 50 50 50 50 50 50 50 50 50 50 50 50 50 50 50 50 50 50 50 50 50 50 50 50 50 50 50 50 50 50 50 50 50 50 50 50 50 50 50 50 50 50 50 50 50 50 50 50 50 50
50 50 50 50 50 50 50 50 50 50 50 50 50 50 50 50 50 50 50 50 50 50 50 50 50 50 50 50 50 50 50 50 50 50 50 50 50 50 50 50 50 50 50 50 50 50 50 50 50 50 50 50 50 50 50 50 50 50 50 50 50 50 50 50 50 50 50 50 50 50 50 24 50 50 50 50 50 50
50 45 50 50 50 50 50 50 50 50 50 50 50 50 50 50 50 50 50 50 50 50 50 50 50 50 50 50 50 50 50 50 50 50 50 50 50 50 50 50 50 50 50 50 50 50 50 50 50 50 50 50 50 50 50 50 11 50 50 50 50 50 50 50 50 50 50 50 50 50 50 50 50 50 50 50 50
50 50 50 50 50 50 50 50 50 50 50 50 50 50 50 50 50 50 50 50 50 50 50 50 50 50 50 50 50 50 50 50 50 50 50 50 50 50 50 50 50 50 50 50 50 50 50 50 50 50 50 50 50 50 50 50 50 50 50 50 50 50 50 50 50 50 50 50 50 50 50 50 50 50 50 50
50 50 50 50 50 50 50 50 50 50 50 50 50 50 50 50 50 50 50 50 50 50 50 50 50 50 50 50 50 50 50 50 50 50 50 50 50 50 50 50 50 50 50 50 50 50 50 50 50 50 50 50 50 50 50 50 50 50 50 50 50 50 50 50 50 50 50 50 50 50 50 50 50 50 50
50 50 50 50 50 50 50 50 50 50 50 50 50 50 50 50 50 50 50 50 50 50 50 50 50 50 50 50 50 50 50 50 50 50 50 50 50 50 50 50 50 50 50 50 50 50 50 50 50 50 50 50 50 50 50 50 50 50 50 50 50 50 50 50 50 50 50 50 50 50 50 50 50 50
50 50 50 50 50 50 50 50 50 50 50 50 50 50 50 50 50 50 50 50 50 50 50 50 50 50 50 50 50 50 50 50 50 50 50 50 50 50 50 50 50 50 50 50 50 50 50 50 50 50 50 50 50 50 12 50 50 50 50 50 50 50 50 50 50 50 50 50 50 50 50 50 50
50 50 50 50 50 50 50 50 50 50 50 50 50 50 50 50 50 50 50 50 50 50 50 50 50 50 50 50 50 50 50 50 50 50 50 50 50 50 50 50 50 50 50 50 26 50 50 50 50 50 50 49 50 50 50 50 50 50 50 50 50 50 50 50 50 50 50 50 50 50 50 50
50 50 50 50 50 50 50 50 50 50 50 50 50 50 50 50 50 50 50 50 50 50 50 50 50 50 50 50 50 50 50 50 50 50 50 50 50 50 50 50 50 50 50 50 50 50 50 50 50 50 50 50 50 50 50 50 50 50 50 50 50 50 50 50 29 50 50 50 50 50 50
50 50 50 50 50 50 50 50 50 50 50 50 50 50 50 50 50 50 50 50 50 50 50 3 50 50 50 50 50 50 50 50 50 50 50 50 50 50 50 50 50 50 50 50 50 50 50 50 50 50 50 50 50 50 50 50 50 50 50 50 50 50 50 50 50 50 50 50 50 50
50 50 50 50 50 50 50 50 50 50 50 50 50 50 50 50 50 50 50 50 50 50 50 50 50 50 50 50 50 50 50 50 50 50 50 50 50 50 50 50 50 50 50 50 50 50 50 50 50 50 50 50 50 50 50 50 50 50 50 50 50 50 50 50 29 50 50 50 50
50 50 50 50 50 50 50 50 50 50 50 50 50 50 50 50 50 50 50 50 50 50 50 50 50 50 50 50 50 50 50 50 50 50 50 50 50 50 50 50 50 50 50 50 50 50 50 50 50 50 50 50 50 50 50 50 37 50 50 50 50 50 50 50 50 50 50 50
50 50 50 50 50 50 50 50 50 50 50 50 50 50 50 50 50 50 50 50 50 50 50 50 50 50 50 50 50 50 50 50 50 50 50 50 50 50 50 50 50 50 50 50 50 50 50 50 50 50 50 50 50 50 50 50 50 50 50 50 50 50 50 50 50 50 50
50 50 50 50 50 50 50 50 50 50 50 50 50 50 50 50 50 50 50 50 50 50 50 50 50 50 50 50 50 50 50 50 50 50 50 50 50 50 50 50 50 50 50 50 50 50 50 50 50 50 50 50 50 50 50 50 50 50 50 50 50 50 50 50 50 50
50 50 50 50 50 50 50 50 50 50 50 50 50 50 50 50 50 50 50 50 50 50 50 50 50 50 50 50 50 50 50 50 50 50 50 50 50 50 50 50 50 50 50 50 50 50 50 50 50 50 50 50 50 50 50 50 50 50 50 50 50 50 50 50 50
50 50 50 50 50 50 50 50 50 50 50 50 50 50 50 50 50 50 50 50 50 50 50 50 50 50 50 50 50 50 50 50 50 50 50 50 50 50 50 50 50 50 50 50 6 50 50 50 50 50 50 50 50 50 50 50 50 50 50 50 50 8 50 50
50 50 50 50 50 50 50 50 50 50 50 50 50 50 50 50 50 50 50 50 50 50 50 50 50 50 50 50 12 50 50 50 50 50 50 50 50 50 50 50 50 50 50 50 50 50 50 50 50 50 50 50 50 50 50 50 50 50 50 50 50 50 50
50 50 50 50 50 50 50 50 50 7 50 50 50 50 50 50 50 50 50 50 50 50 50 50 50 50 50 50 50 50 50 50 50 50 50 50 50 50 50 50 50 50 50 50 50 50 50 50 50 50 50 50 50 50 50 50 50 50 50 50 50 50
50 50 50 50 50 50 50 50 50 50 50 50 50 50 50 50 50 50 50 50 50 50 50 50 50 50 50 50 50 50 50 50 50 50 50 50 50 50 50 50 50 50 50 50 50 50 50 50 50 50 50 50 50 50 50 50 50 50 50 50 50
50 50 50 50 50 50 50 50 50 50 50 50 50 50 50 50 50 50 50 50 50 50 50 50 50 50 50 50 50 50 50 50 50 50 50 50 50 50 50 50 50 50 50 15 50 50 50 50 50 50 50 50 50 50 50 50 50 50 50 50
50 50 50 50 50 50 50 50 50 50 50 50 50 50 50 50 50 50 50 50 50 50 50 50 50 50 50 50 50 50 50 50 50 50 50 50 50 50 50 50 50 50 50 50 32 50 50 50 50 50 50 50 50 50 50 50 50 50 50
50 50 50 50 50 50 50 50 50 50 50 50 50 50 50 50 50 50 50 50 50 50 50 50 50 50 50 50 50 50 50 50 50 50 50 50 50 50 50 50 50 50 50 50 50 50 50 50 50 50 50 50 50 50 50 50 50 50
50 50 50 50 50 50 50 50 50 50 50 50 50 50 50 50 50 50 50 50 50 50 50 50 50 50 50 50 50 50 50 50 50 50 50 50 50 50 50 50 50 50 50 50 50 50 50 50 50 50 50 50 50 50 50 50 50
50 50 50 50 50 50 50 50 50 50 50 50 50 50 50 50 50 50 50 50 50 50 50 50 50 50 50 50 50 50 50 50 50 50 50 50 50 50 50 50 50 50 50 50 50 50 50 50 50 50 50 50 50 50 50 50
50 50 50 50 50 50 50 50 50 50 50 50 50 50 50 50 50 50 50 50 50 50 50 50 50 50 50 50 37 50 50 50 50 50 50 50 50 50 50 50 50 50 50 50 50 50 50 50 50 50 50 50 50 50 50
50 50 50 50 50 50 50 50 50 50 50 50 50 50 50 50 50 50 50 50 50 50 50 50 50 50 50 50 50 50 50 50 50 50 50 50 50 50 50 50 50 50 50 50 50 50 50 50 50 50 50 50 50 50
50 50 50 50 50 50 50 50 50 50 50 50 50 50 50 50 50 50 50 50 50 50 50 50 50 50 50 50 50 50 50 50 50 50 50 50 50 50 50 50 50 50 50 50 50 50 50 50 50 50 50 50 50
50 50 50 50 50 50 50 50 50 50 50 50 50 50 50 50 50 50 50 50 50 50 50 50 50 50 50 50 50 50 50 50 50 50 50 50 50 50 50 50 50 50 50 50 50 50 50 50 50 50 50 50
50 50 50 50 50 50 50 50 50 50 50 50 50 50 50 50 50 50 50 50 50 50 50 50 50 50 50 50 48 50 50 50 50 50 50 50 50 50 50 50 50 50 50 50 50 50 50 50 50 50 50
50 50 50 50 50 50 50 50 50 50 50 50 50 50 50 50 50 50 50 50 50 1 50 50 50 50 50 50 50 50 50 50 50 50 50 50 50 50 50 50 50 50 50 50 50 50 50 50 50 50
50 50 50 50 50 50 50 50 50 50 50 50 50 50 50 50 50 50 50 50 50 50 50 50 5 50 50 50 50 50 50 50 50 50 50 50 50 50 50 50 50 50 50 50 50 50 50 50 50
50 50 50 50 50 50 50 50 50 50 50 50 50 50 50 50 50 50 50 50 50 50 50 50 50 50 50 50 50 50 50 50 50 50 50 50 50 50 50 50 50 50 50 50 50 50 50 50
50 50 50 50 50 50 50 50 50 50 50 50 50 50 50 50 50 50 50 50 50 50 50 50 50 50 50 50 50 50 50 50 50 50 50 50 50 50 50 50 50 50 50 50 50 50 50
50 50 50 50 50 50 50 50 33 50 50 50 50 50 50 50 50 50 50 50 50 50 50 50 50 50 50 50 50 50 50 50 50 50 50 50 50 50 50 50 50 50 50 50 50 50
50 50 50 50 50 50 50 50 50 50 50 50 50 50 50 50 50 50 50 50 50 50 50 50 50 50 50 50 50 50 50 50 50 50 50 50 50 50 50 50 50 50 50 50 50
50 50 50 50 50 50 50 50 50 50 50 50 50 50 50 50 50 50 50 9 50 50 50 50 50 50 50 50 50 50 50 50 50 50 50 50 50 50 50 50 50 50 50 50
50 50 50 50 50 50 50 50 50 50 50 50 50 50 50 50 50 50 50 50 50 50 50 50 50 50 50 50 50 50 50 50 50 50 50 50 50 50 50 50 50 50 50
50 50 50 50 50 50 50 50 50 50 50 50 50 50 50 50 50 50 50 50 50 50 50 50 50 50 50 50 50 50 50 50 50 50 50 50 50 50 50 50 50 50
50 50 50 50 50 50 50 50 50 50 50 50 50 50 50 50 50 50 50 50 50 50 50 50 50 50 50 50 50 50 50 50 50 50 50 50 50 50 50 50 50
50 50 50 50 50 50 50 50 50 50 50 50 50 50 50 50 50 50 50 50 50 50 50 50 50 50 50 50 50 50 50 50 50 50 50 50 50 50 50 50
50 50 50 50 50 50 50 50 50 50 50 50 50 50 50 50 50 50 50 50 50 50 50 50 50 50 50 50 50 50 50 50 50 50 50 50 50 50 50
50 50 50 50 50 50 50 50 50 50 50 50 50 50 50 50 50 50 50 50 50 50 50 50 50 50 50 50 50 50 50 50 50 50 50 50 50 50
50 50 50 50 50 50 50 50 50 50 50 50 50 50 50 50 50 50 50 50 50 50 50 50 50 50 50 50 50 50 50 50 50 50 50 50 50
50 50 50 50 50 50 50 50 50 50 50 50 50 50 50 50 50 50 50 50 50 50 50 50 50 50 50 50 50 50 50 50 50 50 50 50
50 50 50 50 50 50 50 50 50 50 50 50 50 50 50 50 50 50 50 50 50 50 50 50 50 50 50 50 50 50 50 50 50 50 50
50 50 50 50 50 50 50 50 50 50 50 50 50 50 50 50 50 50 50 50 50 50 50 50 50 50 50 50 50 50 50 50 50 50
50 50 50 50 50 50 50 50 50 50 50 50 50 50 50 50 50 48 50 50 50 50 50 50 50 50 50 50 50 50 50 50 50
50 50 50 50 50 50 50 50 50 50 50 50 50 50 50 50 50 50 50 50 50 50 50 50 50 50 50 50 50 50 50 50
50 50 50 50 50 50 50 50 50 50 50 50 50 50 50 50 50 50 50 50 50 50 50 50 50 50 50 50 50 50 50
50 50 50 50 50 50 50 50 50 50 50 50 50 50 50 50 50 50 50 50 50 50 50 50 50 50 50 50 50 50
50 50 50 50 50 50 50 50 50 50 50 50 50 50 50 50 50 50 50 50 50 50 50 50 50 50 50 50 50
50 50 50 50 50 50 50 50 50 50 50 50 50 50 50 50 50 50 50 50 50 50 50 50 50 50 50 50
50 50 50 50 50 50 50 50 50 50 50 50 50 50 50 50 50 50 50 50 50 50 50 50 50 50 50
50 50 50 50 50 50 50 50 50 50 50 50 50 50 30 50 50 50 50 50 50 50 50 50 50 50
50 50 50 50 50 50 50 50 50 50 50 50 50 50 50 50 50 50 50 50 50 50 50 50 50
50 50 50 50 50 50 50 50 50 50 50 50 50 50 50 50 50 50 50 50 50 50 50 50
50 50 50 50 50 50 50 50 50 50 50 50 50 50 50 50 50 50 50 50 50 50 50
50 50 50 50 50 50 50 50 50 50 50 50 50 50 50 50 50 50 50 50 50 50
50 50 50 50 50 50 50 50 50 50 50 50 50 50 50 50 50 50 50 50 50
50 50 50 50 50 50 50 50 50 50 50 50 50 50 50 50 50 50 50 50
50 50 50 50 50 50 50 50 50 50 50 50 50 50 50 50 50 50 50
50 50 50 50 50 50 50 50 50 50 50 50 50 50 50 50 50 50
50 50 25 50 50 50 50 50 50 50 50 50 50 50 50 50 50
50 50 50 50 50 50 50 50 24 50 50 50 50 50 50 50
50 50 50 50 50 50 50 50 50 50 50 50 50 50 50
50 50 50 50 50 50 50 50 50 50 50 50 50 50
50 50 50 50 19 50 50 50 50 50 50 50 50
50 50 50 50 50 50 50 50 50 50 50 50
50 50 50 50 50 50 50 50 50 50 50
50 50 50 50 50 50 50 50 50 50
50 50 50 50 50 50 50 50 50
50 50 50 50 50 50 50 50
50 50 50 50 50 50 50
50 50 50 50 50 50
50 50 50 50 50
50 50 50 50
50 50 50
50 50
50
