200 50
50 50 28 50 32 22 46 31 6 31 44 31 44 50 11 33 20 4 39 12 50 0 50 50 50 34 8 50 50 50 46 50 22 19 17 50 50 11 50 49 26 39 11 31 42 28 20 50 50 20 22 50 48 50 10 21 35 41 40 2 8 50 20 15 24 45 44 10 16 19 50 50 44 3 19 39 15 24 50 50 15 45 50 9 50 50 43 50 48 50 50 50 49 3 15 50 50 31 44 29 50 27 44 17 25 50 50 18 39 21 50 50 50 50 15 50 50 9 50 50 42 6 33 46 2 50 50 50 39 50 2 50 50 2 31 50 50 39 50 50 50 50 50 29 50 50 50 12 46 50 50 27 23 50 16 50 46 16 1 3 11 41 42 26 50 50 24 50 29 50 24 24 50 43 50 50 39 50 41 19 50 29 24 34 41 50 20 50 23 23 19 50 46 50 37 19 50 41 31 50
2 7 50 46 17 50 13 5 30 50 50 50 50 10 50 9 50 37 50 5 14 40 50 50 50 41 50 42 50 23 20 50 50 50 12 25 50 46 2 50 50 50 50 21 50 50 29 1 50 50 10 50 50 26 5 50 27 50 50 50 0 50 50 50 30 10 19 50 50 50 49 50 50 35 50 50 21 50 10 50 33 13 37 50 35 11 7 13 50 11 10 50 28 50 44 41 50 6 50 50 16 46 47 50 50 50 37 50 50 43 50 50 18 50 37 28 50 30 42 50 50 50 42 23 2 34 22 50 23 50 20 27 37 42 14 27 40 50 50 50 36 31 3 34 50 34 25 9 32 10 27 50 2 12 50 50 50 24 40 50 50 29 13 20 50 5 50 33 31 12 36 50 50 7 22 45 29 32 50 5 29 26 50 8 50 27 39 10 40 50 50 50 50 50 30 34 50 50 50
20 50 50 50 27 39 50 50 33 50 50 48 23 0 16 24 22 50 24 50 34 29 50 50 32 50 38 50 50 19 29 50 35 50 50 44 50 33 50 50 50 50 50 50 50 27 50 19 50 25 21 50 50 50 28 21 9 48 40 43 35 50 50 44 50 35 15 12 50 4 34 50 50 50 50 50 50 25 41 7 22 50 44 41 25 50 0 44 50 50 50 50 8 7 20 50 50 37 50 50 50 3 47 50 50 47 23 50 50 50 50 6 50 50 46 15 26 50 26 10 30 14 10 3 50 50 50 11 50 45 6 30 24 36 50 50 50 50 25 50 50 34 50 16 19 38 45 38 10 50 50 50 28 50 24 49 50 50 10 18 50 50 50 50 24 50 50 50 50 31 50 42 50 50 10 50 0 50 50 25 50 50 50 50 50 22 26 50 50 50 50 50 21 50 50 50 1 50
49 13 1 44 50 4 50 7 8 50 50 7 26 50 50 12 50 2 29 11 50 50 50 50 50 50 19 42 50 50 50 50 2 50 50 47 44 50 24 17 27 50 50 50 50 50 26 50 50 50 0 5 50 50 10 10 18 18 50 50 47 50 48 24 50 44 42 9 50 50 16 16 28 50 23 9 32 50 36 50 50 50 29 45 50 9 23 50 28 50 26 31 40 40 50 35 50 50 36 7 50 50 50 32 19 50 48 50 34 1 50 49 50 31 40 41 45 50 22 37 50 50 18 50 49 50 33 50 50 16 10 50 50 50 50 7 50 50 18 50 50 50 50 26 50 15 50 14 1 14 50 50 40 37 11 50 50 50 50 32 50 10 5 13 47 50 8 50 12 50 47 2 2 15 50 23 50 50 50 39 28 50 24 4 50 43 50 50 5 31 50 50 50 45 50 44 50
50 13 50 50 50 15 50 50 50 35 50 39 23 50 50 50 50 3 50 28 34 50 50 21 21 50 0 50 50 36 19 50 48 5 50 8 50 5 50 50 50 0 16 50 50 10 50 49 24 49 48 11 50 24 4 29 11 50 50 43 50 50 50 36 24 50 50 8 50 29 50 30 50 50 3 50 36 49 50 50 50 50 50 33 48 13 34 17 50 17 46 30 50 13 37 27 50 30 37 50 38 24 44 38 50 7 19 50 14 50 50 50 50 20 17 18 50 33 18 50 28 22 5 48 50 50 50 50 50 16 50 49 28 27 45 33 50 5 11 32 50 30 30 21 48 50 7 50 50 50 50 20 14 34 22 50 50 50 50 50 49 50 50 27 25 50 50 23 50 2 42 23 48 50 19 50 40 25 41 32 10 28 50 50 34 50 35 50 35 50 15 43 47 6 25 50
50 50 50 50 50 50 50 14 50 5 11 16 50 50 50 50 50 23 50 50 47 50 50 50 50 13 49 41 50 24 50 50 19 5 50 50 29 50 27 50 37 4 15 50 50 50 50 50 33 2 50 35 50 10 5 13 8 6 50 50 50 8 22 42 50 50 50 50 50 50 1 50 29 33 50 12 50 50 49 50 50 32 50 44 46 47 50 50 50 31 50 33 50 50 50 50 50 30 50 5 46 50 35 33 39 26 50 1 50 4 50 11 50 26 2 50 7 50 50 50 50 2 50 50 26 50 43 22 2 50 50 50 50 20 19 38 50 6 50 50 1 25 50 33 11 46 45 21 50 27 27 50 50 50 50 50 50 13 50 16 50 40 50 50 50 50 16 50 8 50 50 50 50 50 50 36 33 50 50 25 50 0 24 49 50 28 50 50 32 39 50 14 2 50 50
12 50 50 50 4 21 42 50 50 50 27 37 18 50 50 11 50 50 5 9 50 50 50 43 22 50 24 50 50 49 50 34 50 50 13 4 8 47 23 4 42 21 41 13 50 50 16 50 50 50 50 33 31 50 40 50 20 50 21 50 50 13 50 9 50 50 50 50 50 11 50 24 50 11 50 8 3 29 50 50 50 50 22 50 50 50 43 11 15 17 43 43 50 17 49 24 48 50 8 50 50 13 11 30 17 50 20 27 45 50 50 50 5 8 50 18 50 6 17 4 50 50 20 13 44 26 50 50 30 32 4 41 18 11 15 47 7 0 32 50 32 50 30 16 10 50 34 31 50 47 50 50 18 30 50 50 50 11 50 50 21 15 50 50 5 36 50 50 50 50 50 50 17 50 40 45 50 50 36 50 50 50 16 50 50 45 50 29 50 38 49 50 35 50
39 50 7 50 50 44 4 50 50 50 50 50 50 29 50 25 50 36 50 21 33 50 36 50 50 30 16 50 3 15 16 50 50 25 17 45 50 1 20 50 20 28 18 35 50 50 50 41 28 50 50 37 20 50 8 40 46 50 50 50 50 50 50 50 50 0 5 50 6 50 49 36 16 2 50 36 13 50 50 12 3 13 31 47 20 50 22 50 35 20 50 21 50 50 9 50 35 50 50 50 50 3 50 50 16 50 50 50 50 50 49 50 50 50 14 50 38 15 39 50 12 28 50 50 34 18 50 50 35 50 50 50 3 1 11 21 3 50 50 50 48 17 5 35 50 45 5 38 50 0 50 32 50 50 16 12 50 50 50 50 50 43 44 50 50 2 50 50 50 12 24 26 50 50 50 21 50 50 50 6 50 3 35 50 50 3 50 50 50 1 50 50 50
44 3 49 50 50 50 9 13 10 3 50 4 20 3 9 23 0 16 50 50 12 50 50 50 50 49 50 50 50 1 50 50 31 50 17 4 50 50 6 33 50 31 46 33 45 50 50 32 7 2 18 50 50 40 50 50 13 13 50 21 35 50 29 1 50 50 12 13 50 22 24 50 50 50 40 50 50 50 50 15 50 50 50 50 50 50 50 50 50 17 39 0 24 25 11 12 50 50 50 50 15 50 3 50 50 9 40 8 50 15 12 25 41 50 26 50 50 50 38 43 50 0 32 45 50 50 47 8 6 50 26 50 30 23 50 28 21 50 50 50 35 50 50 39 50 45 50 50 50 50 35 22 50 50 0 50 15 50 50 5 50 50 11 9 45 50 50 50 21 17 50 49 18 50 50 50 1 50 48 50 34 50 50 50 50 14 50 0 50 36 48 50
50 50 50 50 41 50 36 50 42 12 50 6 50 50 50 50 31 31 50 50 41 47 50 46 50 50 50 15 50 50 50 2 6 17 50 50 37 32 50 7 26 50 15 50 7 50 50 50 18 50 9 33 50 9 50 30 50 50 14 3 41 50 50 44 50 2 50 50 8 0 10 50 50 50 42 1 33 50 25 50 35 50 24 35 50 32 50 50 50 50 50 15 50 22 50 15 39 50 50 17 41 50 50 50 50 50 37 48 50 50 17 50 27 29 50 23 50 50 37 43 25 50 30 50 50 33 50 50 40 11 50 24 50 50 50 50 50 5 50 50 50 17 0 50 50 35 24 10 50 10 50 12 50 28 50 6 50 50 50 50 50 50 27 50 6 50 26 4 35 43 49 21 50 50 50 34 50 50 43 50 50 17 50 40 50 27 20 50 16 3 50
13 50 50 8 25 35 50 50 50 50 50 50 4 50 50 34 50 45 50 30 29 6 50 50 50 50 50 50 31 50 24 32 50 24 48 50 20 45 19 50 14 50 22 11 25 43 33 50 30 50 50 16 3 6 50 4 0 50 28 50 45 41 43 22 26 50 30 18 18 4 50 50 18 27 19 28 50 50 50 50 50 50 50 50 40 50 50 46 50 50 50 50 50 5 14 48 28 50 18 9 27 3 50 20 50 2 31 50 40 22 32 0 50 17 39 50 12 50 50 33 1 10 50 50 50 50 44 36 48 50 50 50 50 13 16 50 11 39 50 50 21 50 13 7 50 12 17 0 50 38 50 50 31 50 30 9 24 37 50 30 50 44 19 48 33 50 50 50 42 50 50 50 4 14 49 40 50 50 23 50 24 50 50 50 49 50 50 2 50 50
34 10 50 50 50 38 28 11 5 50 40 35 11 6 50 50 50 50 23 50 50 25 43 47 50 50 50 50 50 50 50 34 50 50 50 50 50 28 50 10 44 50 50 18 50 50 5 50 14 45 50 50 50 17 50 42 22 50 50 11 50 50 11 50 37 24 44 42 50 50 50 50 29 15 46 11 50 32 12 50 21 50 20 30 50 50 19 50 23 50 50 39 27 50 17 50 50 43 50 40 18 37 29 1 50 8 50 18 7 50 50 50 34 50 50 11 50 2 46 49 50 44 50 49 50 24 50 50 50 50 26 50 31 13 11 50 50 9 50 2 50 50 50 9 50 50 7 50 50 50 50 50 36 50 22 48 12 50 50 50 19 50 43 49 18 50 50 50 15 50 50 17 19 6 50 50 44 50 50 35 50 38 36 50 50 50 12 50 50
50 50 50 10 50 50 9 50 39 12 25 50 8 50 50 29 50 50 50 50 33 19 50 41 50 50 50 16 50 28 50 2 50 50 50 24 50 50 50 50 50 12 25 30 50 50 50 41 50 12 50 50 44 50 7 50 3 47 41 50 39 50 50 12 50 50 50 50 50 50 47 22 4 50 50 9 32 48 43 5 50 50 50 50 44 47 18 50 50 17 50 50 50 50 50 18 9 50 50 50 50 28 11 50 50 5 37 3 50 50 50 48 50 50 12 24 44 46 50 50 32 50 20 50 19 43 8 50 50 50 28 47 11 49 50 50 50 50 32 10 25 0 50 42 50 50 36 50 28 47 18 18 50 28 50 36 50 50 45 50 35 50 50 4 31 13 50 50 50 50 1 12 27 50 50 50 50 16 50 42 14 50 50 50 48 49 50 50
50 50 39 50 33 9 50 5 11 50 50 37 50 5 50 50 50 50 10 50 18 38 2 32 50 50 20 50 50 50 50 8 50 26 50 0 50 50 50 49 50 3 36 44 50 50 14 50 45 27 44 28 50 48 25 50 50 50 50 14 4 42 6 34 1 50 50 50 50 50 34 50 32 49 49 50 30 50 9 50 50 50 50 50 50 50 50 5 28 25 50 50 50 44 26 50 22 50 50 45 50 12 35 50 50 50 50 50 6 5 0 49 50 31 41 50 50 50 37 42 50 50 17 44 50 34 4 15 35 50 50 43 20 47 18 50 45 50 50 41 7 40 50 50 50 17 50 50 50 50 27 50 8 47 50 50 50 41 42 17 16 41 50 50 6 50 18 50 9 50 16 9 50 50 36 50 50 50 8 50 25 50 50 50 4 27 50
23 50 50 0 4 50 20 50 5 50 50 14 45 50 28 50 50 50 46 4 22 32 50 7 38 0 50 26 50 50 44 50 50 50 33 50 2 5 50 50 50 48 50 15 29 50 27 50 21 50 21 50 50 20 32 50 43 50 50 50 43 6 50 24 4 50 50 50 50 2 50 47 50 50 50 50 3 50 50 50 27 50 38 50 25 50 17 50 10 50 19 50 50 50 50 33 8 39 28 13 50 4 50 5 50 50 11 2 50 50 36 50 17 26 50 9 50 50 50 46 50 31 42 10 50 50 17 39 50 25 50 30 50 19 50 50 45 50 50 48 50 50 50 50 13 50 50 24 18 50 3 45 17 50 47 50 10 50 9 50 34 50 50 50 50 4 24 6 50 50 31 50 41 50 4 46 50 10 50 50 13 3 16 44 50 50
50 50 50 50 50 50 36 50 50 34 50 50 4 48 50 50 50 50 21 23 50 50 50 48 16 19 39 33 48 6 50 50 50 48 50 50 50 50 43 50 50 4 50 50 17 50 50 24 50 50 50 50 50 6 50 15 14 50 50 50 50 50 50 8 50 50 27 50 50 38 22 42 45 50 29 50 7 33 48 50 50 9 50 50 50 40 50 26 1 50 12 50 50 45 50 44 50 50 50 35 50 48 50 0 50 50 32 50 44 47 34 50 50 32 2 9 29 7 29 8 50 50 7 50 50 50 48 50 50 38 50 50 43 13 50 7 42 50 6 1 37 50 5 2 50 47 50 50 50 39 43 50 50 50 9 50 28 50 10 47 50 50 50 50 50 42 31 50 50 50 45 3 50 12 38 2 50 11 17 50 8 30 50 50 50
35 46 50 12 2 50 33 41 50 39 4 50 50 50 48 13 24 34 50 50 50 50 50 41 16 50 22 35 50 21 5 50 4 50 50 50 37 30 50 16 48 23 50 50 50 24 27 50 14 29 50 37 48 2 50 50 50 50 50 26 1 36 50 38 12 1 5 40 8 26 0 50 50 50 50 50 50 44 50 50 3 50 50 36 50 50 33 50 50 46 50 50 4 33 39 17 38 17 50 50 50 50 26 50 50 9 3 50 50 40 49 50 30 50 50 50 50 0 50 50 50 50 20 48 50 50 6 45 50 10 50 50 50 23 50 8 50 50 33 0 16 50 50 50 7 11 50 26 39 21 9 50 44 50 25 50 50 16 31 50 38 47 40 50 49 50 22 50 50 24 50 50 18 50 50 27 5 43 28 47 12 38 32 50
50 50 12 50 50 50 50 50 50 50 1 50 50 50 16 50 20 38 50 7 42 29 35 50 50 42 50 28 50 50 49 50 50 13 17 41 50 42 50 50 50 42 50 44 50 50 50 50 47 50 27 2 12 50 27 19 49 26 50 47 20 18 50 50 39 50 50 40 38 50 50 50 18 41 50 13 50 50 25 11 10 50 50 50 50 25 34 20 6 50 5 22 45 16 21 27 50 32 16 41 31 50 50 10 49 50 36 50 36 0 50 50 50 37 50 0 6 49 37 37 50 50 50 50 23 13 50 50 50 50 49 50 50 50 50 50 32 46 50 20 50 50 43 50 50 50 14 50 50 34 30 50 29 4 7 16 31 10 50 50 30 32 5 50 28 50 50 27 50 35 19 50 6 50 50 50 50 50 21 38 48 50 50
43 34 50 27 37 50 25 33 37 50 50 50 11 50 12 50 50 22 50 50 20 50 3 50 50 35 50 50 50 50 7 50 50 25 50 50 50 6 50 50 8 1 30 23 4 50 6 47 50 4 50 42 32 50 17 50 38 2 19 50 30 40 50 43 50 50 50 50 33 50 50 25 49 45 5 50 50 48 15 50 10 50 37 50 6 50 50 3 21 50 50 50 22 50 44 42 40 50 48 39 33 50 50 50 13 50 50 50 50 43 18 44 50 50 50 50 50 50 16 50 50 50 50 35 50 50 50 50 50 50 39 14 50 50 50 42 50 50 50 29 50 50 50 5 50 50 43 12 19 27 43 40 50 8 50 26 50 50 50 48 45 38 12 50 50 50 50 43 50 50 36 50 42 50 31 8 50 50 50 50 50 50
50 50 38 47 50 10 35 50 50 49 5 50 8 50 50 50 50 48 50 50 31 50 13 50 50 47 50 50 4 42 50 12 50 50 50 6 50 22 49 23 29 50 50 50 32 50 34 50 48 23 23 37 50 50 50 4 45 46 50 50 50 50 45 50 44 50 50 7 19 50 21 50 12 26 50 28 0 38 25 50 11 33 26 12 20 50 50 50 50 0 50 31 2 50 37 23 50 27 32 50 7 27 6 50 50 50 20 7 50 50 37 50 50 11 50 16 50 8 50 50 50 41 0 25 50 1 50 50 50 3 45 41 50 28 16 50 3 50 50 50 50 50 46 50 50 16 50 50 15 50 44 35 37 50 32 50 50 30 41 50 50 6 47 50 43 50 19 40 48 24 50 23 50 50 24 50 50 50 5 22 50
23 17 50 14 30 31 19 50 45 50 33 10 41 50 36 50 21 50 38 50 1 27 30 45 50 9 50 47 50 41 12 50 39 50 45 50 50 50 50 50 23 31 33 46 50 16 50 44 35 6 26 30 50 35 24 42 50 10 17 31 8 50 50 20 31 24 44 50 50 50 50 50 50 37 50 1 50 50 44 50 11 50 42 3 50 50 50 3 11 44 0 35 50 50 50 1 1 10 50 13 50 50 50 4 50 41 16 43 44 50 0 50 18 50 50 50 40 15 2 41 50 23 50 6 50 50 12 37 50 50 46 50 33 50 50 3 4 18 50 5 50 50 20 50 50 50 50 49 39 42 50 20 8 32 15 29 14 29 50 50 43 50 12 20 7 34 50 37 34 22 6 50 50 47 50 12 50 50 50 50
26 50 2 2 50 50 17 50 42 48 50 30 50 21 50 0 50 6 32 50 50 50 50 0 50 22 50 47 32 50 40 3 2 50 50 7 46 50 50 18 50 30 50 50 7 27 50 50 50 45 50 20 14 33 50 25 20 6 16 50 41 31 50 50 50 50 50 13 50 11 50 30 50 50 45 50 50 26 50 50 17 50 50 3 20 50 50 10 0 50 50 50 13 40 50 50 50 50 50 16 50 50 43 50 50 50 50 12 50 50 50 45 50 41 50 50 40 20 50 50 27 34 16 19 15 4 50 50 17 49 50 6 50 40 33 1 50 50 50 37 21 50 33 37 15 23 10 45 38 50 49 50 0 50 50 50 1 36 50 37 29 50 50 50 50 50 27 50 50 10 39 37 1 47 50 13 50 42 50
16 50 50 24 13 50 22 50 45 1 24 30 50 7 50 11 50 50 50 50 6 50 50 45 50 50 50 50 50 50 41 50 0 50 50 14 6 50 50 50 50 2 27 50 50 32 8 12 0 20 40 50 50 50 0 50 50 50 4 21 34 50 4 50 50 36 31 50 50 22 15 45 50 44 50 19 19 50 36 50 2 50 25 27 48 50 50 50 20 50 26 44 50 28 15 46 16 0 3 50 50 23 17 50 50 50 8 11 50 44 40 43 26 20 50 49 50 50 37 22 45 0 50 40 46 50 50 50 50 50 50 39 10 50 12 50 25 14 32 47 45 4 22 50 50 20 21 50 2 50 42 1 50 50 50 11 50 19 22 18 23 39 50 49 50 9 22 48 25 17 50 50 50 50 33 27 47 50
50 0 50 48 50 5 50 50 50 50 1 50 50 10 50 29 10 50 50 50 4 50 1 30 50 19 50 4 50 50 50 50 23 27 29 50 38 39 50 5 34 50 50 50 16 9 4 24 50 2 6 19 7 15 31 50 37 50 47 49 50 50 26 50 29 50 50 40 50 33 46 50 19 48 50 3 4 21 3 50 12 26 50 50 50 22 43 50 50 34 50 50 25 50 50 1 50 5 50 50 50 50 50 50 2 50 50 50 17 36 8 19 50 50 22 48 47 50 50 50 50 47 50 21 3 46 50 50 25 0 2 50 50 15 50 19 18 50 50 50 50 8 50 50 8 50 5 50 50 2 50 50 50 50 50 50 5 21 50 50 15 50 38 42 50 50 50 9 38 50 47 19 17 50 18 44 50
50 50 50 50 50 50 36 46 37 43 50 50 50 50 26 5 18 50 4 0 50 27 45 3 50 50 50 9 1 21 33 19 50 50 48 43 50 9 48 23 12 13 50 21 50 5 41 50 14 50 50 38 50 50 50 50 50 50 41 50 50 50 44 9 43 1 45 22 50 50 6 50 10 8 50 18 21 50 9 50 50 50 50 50 13 21 24 50 23 50 50 3 50 7 21 6 22 21 14 50 47 50 50 47 13 50 33 22 4 15 50 22 23 50 8 26 50 36 21 50 3 23 50 8 50 50 36 50 36 50 4 50 2 27 29 50 50 22 6 50 26 2 9 12 50 50 42 50 49 6 42 32 50 18 1 50 33 7 46 37 30 6 32 50 21 50 30 50 10 50 33 50 36 50 50 50
16 50 50 33 20 6 50 50 43 42 50 50 38 50 44 50 7 11 32 24 50 38 50 32 50 50 1 42 11 50 50 50 41 50 2 50 32 17 50 47 50 50 26 50 50 50 35 3 19 37 49 5 13 34 20 42 40 0 50 35 42 34 50 50 50 27 50 8 50 50 50 23 31 20 50 22 50 50 50 2 31 50 50 50 47 38 50 45 14 23 0 50 43 50 9 50 50 50 50 50 50 22 49 42 35 46 4 50 50 50 50 38 50 42 28 4 9 50 33 29 34 50 50 34 25 10 9 40 50 26 48 50 26 31 50 3 50 12 17 50 16 21 50 3 12 50 50 50 41 50 50 50 41 22 50 19 50 50 32 30 50 32 7 46 50 41 50 50 50 32 41 9 25 18 50
50 42 50 50 50 23 0 50 44 50 50 14 50 45 40 50 50 40 41 50 30 50 50 50 50 50 50 50 50 1 48 50 50 21 41 50 12 29 27 14 50 50 50 50 49 50 50 50 50 11 50 50 50 50 2 32 50 23 50 50 26 44 49 50 0 35 50 50 50 50 46 50 41 30 47 50 4 50 50 22 21 18 50 28 50 50 48 20 20 50 1 50 50 50 50 50 29 17 16 48 50 50 50 26 50 50 12 0 36 16 50 50 50 50 13 50 50 50 50 50 50 13 50 17 50 50 6 50 50 50 50 50 0 18 50 50 50 32 50 50 35 50 7 50 48 16 35 36 50 50 5 41 50 43 16 50 50 18 9 43 30 50 50 50 14 50 45 50 50 32 50 15 7 50
50 18 28 50 50 50 50 3 50 24 4 50 50 50 50 50 38 50 13 50 50 50 33 15 39 19 50 47 50 20 42 50 15 50 50 50 50 50 49 1 50 47 50 32 50 50 19 50 22 0 50 24 50 50 30 33 50 33 50 50 50 27 50 43 50 49 17 50 50 19 0 43 5 32 44 28 50 50 50 50 42 10 50 1 13 50 50 33 50 44 18 50 50 20 50 30 50 50 45 25 50 50 8 20 6 50 38 50 50 40 19 50 50 35 6 50 50 44 2 50 38 50 36 50 50 50 9 39 50 20 50 2 29 50 50 50 11 50 50 38 31 40 34 17 2 50 46 5 23 50 43 50 27 11 23 50 44 50 29 5 10 50 50 44 50 50 8 42 50 23 50 26 50
50 6 50 24 50 50 50 37 50 50 3 50 30 2 7 7 50 50 18 0 50 0 50 12 1 43 50 32 25 34 50 50 50 8 50 50 20 34 50 50 10 19 50 1 0 50 29 50 50 30 50 50 50 4 34 43 7 50 17 10 50 14 16 33 50 15 50 10 35 9 50 50 48 33 7 1 50 50 3 14 31 21 50 43 50 50 50 50 50 50 50 14 25 17 50 21 50 50 50 44 29 50 50 30 50 28 50 44 50 50 50 50 13 50 50 50 50 50 50 50 50 45 5 31 3 50 50 46 13 50 38 50 50 3 50 13 50 38 38 50 50 41 50 50 50 50 4 50 39 7 34 50 34 50 50 50 50 50 1 50 46 2 50 31 4 16 4 50 45 50 13 50
50 50 50 32 8 50 50 50 50 50 50 50 21 37 47 50 50 50 50 50 50 16 13 50 50 35 24 50 50 25 29 50 50 50 25 7 50 7 2 30 25 44 22 50 50 50 50 44 48 50 10 50 1 45 0 16 50 20 50 2 34 30 19 50 50 50 50 9 50 50 4 50 50 50 27 48 50 50 50 50 50 29 50 50 49 38 38 2 12 50 50 42 25 50 50 38 50 40 19 40 50 25 50 20 50 50 28 50 40 26 50 47 50 35 50 9 50 50 47 50 50 31 21 34 39 0 50 18 19 50 50 48 50 50 50 50 35 5 6 50 28 50 50 2 5 50 50 49 50 50 2 50 50 50 11 22 50 41 33 50 43 50 4 6 17 35 28 50 50 5 50
50 50 50 50 50 44 23 50 1 48 50 50 41 37 22 50 44 19 50 50 50 41 37 34 36 32 16 5 50 23 3 50 34 18 50 6 50 50 50 46 15 38 50 50 3 50 10 2 41 42 50 50 50 18 12 50 50 14 50 20 23 50 50 50 50 50 50 47 15 33 40 11 50 50 25 50 50 16 50 50 27 36 43 13 50 19 35 4 13 50 50 50 50 50 50 50 50 50 1 31 50 13 9 21 50 50 50 50 7 1 37 50 27 45 34 7 50 12 50 36 50 50 33 50 50 50 50 28 22 20 50 45 50 50 19 9 50 50 35 50 26 50 50 43 19 50 50 20 29 50 50 50 14 39 50 50 50 49 50 30 32 11 50 5 9 50 49 50 50 50
34 50 17 8 50 42 50 8 2 26 50 5 49 42 50 50 46 26 50 44 36 43 50 47 50 49 50 50 50 50 50 50 37 43 50 4 50 50 50 50 28 50 50 50 50 39 3 14 50 50 11 31 50 45 50 50 9 37 50 50 50 50 9 48 50 30 50 37 47 18 11 12 0 29 50 50 50 50 43 50 50 19 40 50 50 50 24 50 3 50 23 50 37 20 7 50 50 18 50 50 19 50 50 50 50 50 50 50 42 21 50 11 50 19 46 39 15 50 50 50 23 27 27 46 36 43 0 9 19 50 16 50 50 33 50 50 29 34 10 6 50 50 3 50 3 50 50 50 50 50 50 50 6 50 33 10 7 16 50 50 50 50 50 50 16 50 50 50 50
50 46 49 50 25 50 50 16 50 50 37 32 50 9 50 50 50 21 50 21 11 50 50 22 19 50 50 50 29 17 0 32 17 50 8 10 50 42 17 50 21 50 34 50 50 49 22 50 33 50 50 29 50 50 50 43 50 41 50 45 50 31 50 49 50 50 50 7 5 50 50 33 48 50 50 28 1 40 50 28 50 50 50 15 30 50 50 40 29 14 20 50 50 47 50 50 50 5 45 33 50 18 17 43 43 24 31 12 50 15 25 41 18 50 50 50 50 48 50 50 50 26 48 8 3 50 50 16 46 50 50 50 50 2 50 50 22 26 43 50 35 50 50 30 50 8 22 50 50 50 50 50 49 7 50 50 50 50 50 50 50 35 9 25 43 50 50 50
43 43 34 50 50 43 25 50 50 50 45 19 50 50 6 50 23 50 50 50 50 31 32 50 34 50 50 50 32 50 50 48 50 8 14 50 50 16 50 31 50 31 26 50 50 50 16 19 50 50 17 37 50 50 37 50 31 10 30 50 50 23 50 50 37 16 50 50 50 50 1 9 27 50 7 29 32 50 28 0 48 20 50 11 36 50 22 50 50 50 50 13 50 23 50 50 21 50 50 46 1 44 11 38 49 14 5 50 14 11 42 4 42 50 3 9 17 50 33 50 10 50 50 50 28 50 50 50 1 1 35 50 50 11 50 50 46 50 28 50 28 50 50 30 28 11 50 50 36 50 50 11 40 50 50 50 50 46 50 50 50 8 50 50 50 11 50
50 50 50 50 50 1 50 50 50 5 41 16 50 50 50 5 46 50 50 50 50 49 47 40 18 39 50 38 50 31 17 50 44 50 20 7 7 14 32 40 50 50 50 15 50 46 24 50 22 41 50 22 31 38 50 44 30 13 38 50 50 50 50 38 34 48 27 50 50 21 50 26 41 33 50 50 50 50 27 50 50 5 50 8 30 50 50 50 3 11 30 6 16 44 12 31 23 50 29 10 26 14 50 2 50 37 50 50 21 35 19 50 30 50 18 50 50 14 40 50 14 43 50 50 30 20 42 50 50 50 50 50 1 50 37 50 50 50 50 50 50 16 50 50 50 50 31 50 13 50 37 50 28 9 19 50 12 50 9 4 7 50 50 50 50 50
45 7 50 50 50 50 5 21 50 50 50 22 50 31 36 50 30 31 28 50 47 38 9 3 50 10 48 50 50 50 9 7 15 50 50 50 50 50 37 50 29 31 31 14 44 50 50 49 7 50 15 50 50 28 28 16 26 50 30 50 32 50 29 50 50 50 46 50 50 50 45 16 6 50 50 50 39 17 24 38 50 11 17 49 33 50 44 14 50 50 9 38 50 50 50 50 50 27 50 33 50 28 50 2 41 18 19 9 50 34 50 31 0 50 50 50 50 50 17 41 50 50 7 50 50 50 17 20 50 50 0 50 27 50 50 50 31 50 1 50 50 50 50 46 33 22 39 34 50 50 50 45 17 43 38 50 14 50 7 50 50 50 8 4 50
0 50 36 28 1 50 11 50 50 4 50 50 50 1 19 40 50 22 50 31 50 4 5 50 50 10 50 40 1 10 50 7 37 50 43 50 4 50 45 50 50 23 50 33 14 42 50 50 28 19 50 44 50 50 37 0 17 50 49 50 50 50 40 8 50 50 13 50 22 50 32 0 50 50 50 50 50 38 0 50 50 50 24 37 50 50 24 26 46 50 15 40 28 50 35 50 50 50 9 50 50 5 48 50 50 9 2 50 50 50 50 46 50 50 49 50 50 10 8 50 50 33 50 50 7 16 50 50 50 50 50 50 33 34 50 50 39 50 50 50 1 18 3 50 31 1 50 40 10 50 50 13 50 32 0 27 41 50 50 50 17 50 50 50
50 21 50 50 9 33 50 17 50 50 50 50 50 21 50 50 50 50 50 50 12 50 32 43 26 45 50 50 43 36 50 23 50 22 3 25 32 50 34 12 50 50 50 37 44 50 1 50 19 1 25 23 50 50 50 13 50 50 15 50 50 50 47 40 20 50 50 50 15 8 14 50 50 50 50 50 34 50 50 50 50 20 50 50 50 47 50 50 50 50 50 34 7 50 50 1 50 36 50 49 50 50 50 3 50 35 39 50 22 50 50 50 14 50 50 50 50 11 43 35 21 46 15 50 6 29 50 50 12 17 50 11 31 50 47 50 16 50 47 8 50 50 41 50 27 35 38 50 30 38 50 50 50 39 46 11 50 5 45 41 42 18 50
47 50 50 50 50 30 13 23 47 50 50 15 8 50 50 50 50 31 7 50 50 50 6 50 43 50 11 50 10 50 50 50 50 27 22 50 50 50 50 50 39 50 49 32 10 9 50 1 0 45 50 50 50 44 36 36 15 16 50 35 18 37 50 50 29 41 50 19 50 50 30 20 50 50 37 40 50 50 50 23 50 33 50 35 50 41 26 50 50 50 12 50 50 50 50 50 50 17 50 50 50 50 30 9 11 33 25 20 2 50 35 50 50 28 26 49 50 50 50 36 50 14 50 7 50 36 48 50 50 8 50 50 50 11 50 50 42 25 50 50 35 50 48 50 50 39 50 50 20 50 50 46 6 50 50 29 19 50 12 45 36 50
18 6 26 50 50 30 19 0 50 50 50 50 25 26 50 50 50 33 37 20 50 50 50 2 50 50 50 26 50 50 48 50 45 6 50 50 50 50 50 30 49 50 26 37 50 24 50 2 27 50 50 50 39 50 50 41 42 50 50 19 50 50 50 10 22 18 23 17 50 36 17 36 50 50 0 13 50 50 50 30 50 50 50 50 50 50 17 50 14 50 34 45 50 8 50 0 32 50 50 44 47 41 50 50 18 50 50 35 31 50 50 50 50 50 41 28 38 50 50 28 4 50 50 18 50 21 39 28 12 28 11 50 17 50 50 50 50 18 50 22 21 50 2 7 50 50 50 50 38 50 50 9 21 50 24 42 50 30 50 50 50
33 13 37 32 39 44 49 50 37 19 50 49 21 7 50 43 50 17 50 50 50 50 50 50 34 50 50 39 30 50 10 33 50 24 50 39 50 50 16 40 50 29 13 21 36 50 50 26 50 50 50 25 50 19 50 50 50 48 24 29 50 50 50 50 50 9 50 49 22 39 50 50 50 25 50 50 50 50 50 18 7 50 28 42 50 10 24 28 50 21 8 0 50 50 18 13 50 28 40 50 36 14 50 49 39 36 20 50 4 39 48 50 50 15 50 50 33 35 50 29 0 36 50 50 50 50 11 50 23 50 10 50 50 42 37 50 33 21 50 50 14 40 6 50 50 50 3 50 41 50 50 41 50 47 50 50 50 23 50 50
27 17 50 26 50 50 50 50 2 15 29 50 5 46 50 50 50 12 50 47 3 50 50 11 40 50 50 50 50 50 4 45 50 39 15 50 15 19 18 41 46 50 32 48 50 24 48 50 50 34 50 49 23 16 15 47 50 41 46 29 50 12 50 50 4 50 50 50 3 46 50 21 50 50 50 16 29 3 18 50 23 50 12 35 50 50 50 27 50 50 50 31 25 50 23 50 19 41 45 50 50 36 46 50 10 5 34 44 50 50 50 3 45 50 7 50 32 50 50 44 50 50 25 50 50 50 30 50 39 50 38 50 50 25 20 50 14 46 11 0 27 27 36 12 19 50 50 11 50 50 32 49 6 30 50 50 50 14 50
34 39 50 50 23 50 50 50 8 50 50 50 22 19 6 50 1 50 50 50 50 21 50 50 50 25 50 50 50 50 50 50 50 23 50 50 39 8 49 38 22 50 6 43 47 50 50 50 50 48 12 32 50 12 50 33 49 50 38 47 50 45 50 23 50 2 50 50 50 40 50 1 13 50 50 50 50 14 18 50 35 35 40 29 50 50 3 50 44 50 29 50 50 50 10 17 50 1 50 50 20 34 34 15 50 50 50 50 50 39 0 50 4 50 6 50 30 27 46 20 27 50 31 37 29 36 11 38 50 29 50 26 50 50 5 50 50 50 50 50 39 50 50 16 28 39 1 50 50 50 50 3 26 13 31 12 50 50
50 50 34 19 42 50 50 29 20 50 23 50 27 50 50 50 35 50 9 50 50 46 36 50 50 32 50 50 44 50 1 14 50 50 50 50 45 5 50 14 50 50 50 50 24 5 7 50 5 50 50 0 24 17 9 50 50 41 16 48 50 12 31 47 50 50 50 18 21 50 15 18 50 50 39 50 49 42 50 42 50 13 50 50 50 50 32 50 50 41 14 50 10 31 17 14 34 50 50 32 31 50 43 50 50 50 50 18 50 31 24 50 50 39 9 50 50 50 38 21 29 45 40 33 50 50 50 47 50 50 48 11 50 17 35 28 9 50 8 50 25 50 30 50 12 50 22 50 26 43 50 50 50 22 50 25 50
50 50 9 50 1 18 50 46 18 50 50 50 50 50 50 50 15 14 50 50 33 50 50 50 50 39 49 33 50 6 12 38 20 36 25 9 50 50 50 50 50 50 50 50 50 16 38 46 9 23 50 50 28 34 13 13 3 50 50 20 50 50 39 50 4 44 5 50 35 50 50 17 46 50 19 11 50 50 4 50 39 24 29 46 50 18 50 50 50 26 25 47 42 50 21 27 18 50 36 50 50 32 18 35 50 50 47 50 43 34 11 25 50 50 41 33 32 48 50 50 50 19 50 50 36 25 50 0 50 26 50 50 47 6 43 50 15 20 44 50 46 36 50 50 2 50 50 50 50 37 50 50 50 46 50 50
50 26 50 32 50 50 48 2 23 37 50 50 50 31 50 50 50 50 50 9 50 50 1 40 50 29 37 46 50 50 50 14 50 50 50 36 11 50 36 50 17 27 43 50 31 26 50 28 38 50 7 49 50 30 28 50 50 38 50 50 50 45 40 9 13 32 50 50 12 50 18 50 50 47 50 17 50 14 50 20 50 50 3 36 50 50 50 50 31 50 35 35 30 50 50 15 38 26 50 3 50 49 50 4 2 25 34 50 50 19 50 50 6 14 14 50 50 50 50 50 50 5 50 12 50 26 42 18 29 39 50 48 20 50 50 50 50 36 49 25 23 50 36 50 50 24 40 50 19 50 16 4 50 29 50
2 38 15 32 50 50 4 50 50 50 11 50 30 37 50 9 50 50 12 50 50 31 49 49 13 38 50 50 15 21 50 50 50 41 43 9 32 50 50 34 50 41 34 50 5 29 8 50 50 50 50 1 50 50 16 50 50 50 13 10 50 50 50 50 48 50 50 50 50 4 50 14 50 2 50 35 50 28 39 50 41 42 9 50 50 9 50 48 34 3 10 50 11 10 16 41 17 50 50 11 50 50 50 28 12 43 7 50 38 50 50 50 50 38 50 50 50 50 50 18 50 22 50 42 23 50 50 17 34 50 50 50 29 50 46 19 50 47 50 50 33 35 7 50 50 13 50 50 50 50 3 50 50 50
50 50 50 50 50 15 50 50 50 50 7 39 50 31 50 27 43 18 10 50 50 7 50 50 50 14 46 39 50 36 45 24 50 31 50 21 50 22 50 50 50 19 15 50 24 20 0 50 50 28 50 34 50 4 50 16 42 50 36 26 4 50 38 50 50 21 43 14 17 18 24 29 25 12 50 50 1 50 50 50 50 28 13 50 50 50 15 7 50 14 50 50 36 0 50 50 48 50 50 50 49 26 50 50 50 50 20 50 50 50 26 50 10 27 14 50 11 50 50 50 50 26 50 50 50 50 2 34 0 50 50 50 37 31 50 50 50 50 3 50 50 50 50 17 50 50 50 15 50 50 36 50 50
36 50 50 9 29 44 17 6 16 50 30 50 37 33 50 50 50 50 50 50 50 50 39 40 29 8 28 43 50 50 15 50 37 50 50 50 50 10 50 50 31 50 2 50 31 35 50 41 30 50 50 1 50 27 44 16 50 36 50 50 50 50 43 27 36 46 50 38 50 42 50 50 3 50 44 28 18 5 50 50 50 50 6 33 50 44 5 50 50 45 35 28 50 11 23 5 8 14 35 50 50 50 19 26 50 25 50 50 50 50 50 50 28 50 14 20 11 50 50 50 50 27 50 37 49 50 50 32 50 50 18 1 50 50 50 18 23 2 49 7 50 10 50 48 45 28 34 41 11 50 50 50
8 50 17 50 5 50 50 50 37 50 32 35 35 50 45 46 8 50 25 50 50 50 49 26 41 47 20 50 50 0 50 22 50 8 31 50 50 50 50 46 40 49 8 37 0 50 21 27 0 6 50 50 50 50 30 42 14 42 50 50 50 50 50 47 50 50 7 50 50 50 49 50 2 34 7 50 16 39 31 50 1 50 50 39 34 14 50 37 50 50 50 50 50 50 50 7 12 50 47 50 7 12 50 50 32 50 35 5 50 32 22 50 43 50 50 41 25 50 11 5 50 24 50 43 50 9 50 30 50 48 28 6 50 17 23 50 50 50 50 50 42 50 50 50 50 50 50 50 44 50 50
45 12 50 50 50 30 50 50 50 1 50 19 50 50 16 50 30 50 18 16 50 34 50 48 50 50 50 50 25 50 34 50 50 20 50 43 50 50 50 39 50 50 50 21 50 50 50 50 28 28 29 50 3 50 37 45 9 6 9 21 50 50 27 50 50 9 50 50 20 50 50 50 50 42 37 50 14 50 28 36 43 50 47 50 50 40 20 50 50 50 50 50 50 50 50 31 50 50 0 8 50 10 26 35 3 50 50 50 50 37 50 3 50 12 50 50 34 50 50 50 9 4 50 4 50 50 50 23 15 50 50 8 15 39 38 50 13 9 9 50 19 12 50 46 17 4 40 47 9 50
50 21 7 50 50 6 28 48 36 39 50 50 1 26 50 43 50 50 16 46 50 12 50 50 50 28 4 39 50 28 47 50 50 50 50 21 28 18 50 50 50 50 6 35 24 27 50 48 35 50 28 50 28 9 50 25 50 23 19 50 18 50 12 50 49 18 50 50 12 11 50 50 50 50 46 11 48 50 50 18 40 50 50 50 30 50 50 50 50 50 50 39 7 48 50 28 19 18 28 11 25 33 31 39 0 50 50 36 50 37 20 18 50 3 50 32 50 35 44 34 50 50 50 50 4 45 9 13 50 2 50 50 17 50 23 50 50 19 50 48 50 33 50 50 50 3 50 50 50
50 50 10 50 50 3 50 26 12 50 50 26 50 16 50 50 50 50 36 50 50 47 50 50 38 50 50 50 50 50 19 50 50 50 46 3 50 37 35 6 50 50 50 50 27 16 18 25 45 9 50 50 50 50 12 41 12 50 50 13 50 7 50 50 7 50 50 50 49 50 50 32 50 50 27 50 50 50 50 50 50 36 50 8 16 7 50 50 50 50 42 50 17 50 38 50 4 1 35 50 50 24 44 30 50 31 50 50 34 11 50 20 0 17 38 50 26 50 29 32 4 50 2 4 24 50 40 50 47 50 50 38 38 48 10 50 35 50 50 43 50 50 50 50 50 50 48 50
50 6 50 50 50 50 50 50 34 21 14 50 50 20 22 50 50 37 50 50 50 50 15 20 37 50 39 50 37 22 44 50 50 50 4 21 50 27 50 39 50 50 40 50 32 50 50 37 29 31 41 50 1 50 1 50 50 50 50 1 46 50 32 25 50 50 0 36 2 50 50 34 50 7 50 50 23 50 26 50 50 49 50 50 50 2 50 38 50 50 47 50 6 47 50 3 21 50 50 50 50 9 4 50 50 45 6 29 50 8 50 22 50 50 50 50 18 28 39 26 43 10 50 12 1 50 11 50 50 50 50 50 50 50 5 15 50 20 50 0 50 13 50 38 50 43 50
50 50 24 43 29 50 50 50 41 10 27 50 4 50 21 24 50 50 28 50 50 50 9 50 50 50 15 50 50 50 8 45 50 8 4 6 50 50 50 45 50 50 50 47 36 50 44 13 3 50 50 50 20 24 50 12 50 50 50 50 50 43 50 50 50 50 50 50 16 50 50 50 19 39 50 13 39 46 50 50 50 9 50 50 9 50 6 50 50 50 50 50 40 50 50 45 20 16 38 37 50 28 49 50 50 30 16 50 9 50 50 33 50 50 50 15 50 40 50 39 50 46 37 0 50 12 50 15 50 50 8 50 41 1 31 50 1 50 50 50 50 50 50 43 43 50
43 50 50 50 9 50 21 4 50 50 50 46 46 1 50 50 50 18 20 37 36 19 50 50 50 48 50 12 39 50 50 29 15 50 50 39 50 10 50 2 2 50 16 50 50 25 50 50 50 42 0 50 50 1 50 14 11 50 19 50 50 44 50 50 50 19 50 50 50 34 41 50 18 50 17 50 49 17 50 50 50 50 50 25 50 50 37 5 50 50 23 50 50 50 50 8 49 35 50 28 26 46 10 17 50 50 50 29 35 14 50 50 50 50 24 21 9 12 50 50 19 50 50 26 50 50 50 50 50 50 38 27 17 50 50 8 50 50 24 50 17 17 15 50 50
50 50 50 50 22 50 21 50 50 50 50 48 47 50 28 3 23 42 50 17 22 50 50 50 44 8 50 37 50 10 0 39 22 50 19 12 50 7 50 45 31 50 11 50 34 48 50 50 50 41 6 50 50 50 14 7 20 50 26 31 50 50 22 50 25 32 50 50 6 42 13 50 23 50 14 50 50 17 15 42 50 50 50 12 49 7 50 50 26 50 50 46 46 34 26 24 50 50 18 4 50 50 50 24 21 3 6 50 0 40 50 50 50 27 16 43 43 30 35 50 50 23 33 46 18 9 28 4 50 50 50 50 50 13 23 1 50 38 50 50 50 50 29 50
5 50 7 7 12 50 50 50 48 36 50 50 50 35 34 40 50 43 50 47 18 50 47 27 50 50 23 50 50 3 50 17 50 50 27 13 50 50 44 8 42 50 50 50 2 31 47 50 50 49 21 7 7 33 36 50 39 6 50 20 50 30 20 48 1 50 0 50 50 50 0 50 41 7 50 50 20 40 18 50 50 50 50 50 50 50 50 50 37 0 50 50 40 50 50 37 25 9 26 38 50 50 50 44 50 2 50 9 50 16 50 50 50 50 27 5 4 35 2 50 25 50 50 50 50 31 5 50 50 50 4 50 50 50 50 50 14 50 50 50 50 50 50
47 50 50 50 49 50 13 50 36 47 50 50 50 34 15 28 18 18 20 15 15 26 43 17 43 38 50 50 50 50 50 4 4 50 34 50 47 1 1 50 50 50 50 50 35 50 20 6 50 32 38 50 2 50 50 18 35 19 50 50 4 17 10 50 50 33 50 46 50 50 10 24 16 50 44 43 11 34 40 50 50 10 45 50 14 50 11 50 13 50 50 45 50 23 50 15 32 30 35 45 40 50 50 50 50 50 40 50 5 50 50 12 50 50 50 50 46 44 48 50 31 50 50 37 50 50 22 50 50 24 50 50 46 50 46 50 40 50 15 44 50 50
50 50 22 16 16 50 37 50 50 38 34 20 50 28 50 35 50 34 38 34 40 50 34 6 50 3 50 7 50 50 23 47 36 48 50 21 50 19 0 50 50 2 50 50 50 50 50 40 1 5 13 35 2 23 50 50 50 3 24 50 1 50 23 47 50 43 50 4 50 27 50 50 50 31 30 6 50 22 50 39 50 50 50 8 50 50 25 50 50 44 37 49 50 5 50 46 50 50 21 40 50 18 50 50 29 50 50 49 50 50 11 50 50 50 50 4 50 50 17 50 50 50 38 50 31 43 11 50 50 50 50 50 50 50 12 30 31 13 50 33 50
50 45 50 50 42 50 34 50 50 50 19 36 24 50 50 38 4 21 50 11 50 50 13 50 50 50 50 33 50 47 50 28 11 33 37 50 27 50 12 50 17 8 50 29 22 50 45 36 14 50 50 28 50 50 50 33 38 50 43 50 19 24 25 13 50 50 50 25 50 50 50 24 29 50 30 36 29 22 50 30 50 44 19 50 50 50 50 1 50 50 50 50 50 29 0 45 36 50 28 10 21 50 46 44 39 12 50 41 50 50 31 50 36 50 0 17 40 50 50 30 50 41 43 50 17 50 46 5 50 43 4 8 16 5 50 50 50 50 50 50
50 25 50 50 50 50 50 48 50 50 50 50 50 19 20 7 24 50 50 40 21 50 50 4 29 50 50 50 33 50 32 50 0 25 28 38 8 50 50 40 50 50 27 50 50 44 50 50 50 35 25 50 50 50 50 22 50 50 50 42 28 50 43 5 50 13 16 22 50 31 5 45 50 43 35 48 33 45 13 50 50 50 34 27 8 50 11 50 50 50 26 50 47 46 50 50 8 6 50 50 36 50 14 17 10 50 50 32 43 50 50 50 50 3 42 37 5 50 50 28 50 50 20 3 9 50 50 50 50 26 50 32 50 50 50 50 24 49 50
40 50 37 50 50 50 3 21 41 50 50 50 50 50 50 6 50 50 0 23 50 50 22 26 50 50 50 50 50 7 50 10 4 38 1 50 9 42 50 50 50 50 23 35 2 50 50 21 50 48 50 50 50 50 50 50 50 18 5 50 50 50 50 48 43 50 50 45 50 40 27 17 50 44 50 50 13 50 25 50 37 48 50 16 3 50 50 50 50 50 30 50 50 50 13 50 48 50 6 50 50 50 50 24 16 18 50 39 50 28 20 36 48 27 23 41 25 40 50 50 50 47 46 50 50 18 20 50 50 50 50 50 50 50 50 26 16 50
39 50 31 41 50 50 50 50 34 43 50 47 50 50 50 50 30 50 13 0 50 45 50 50 21 50 15 33 50 19 37 50 21 50 22 13 14 50 50 50 28 18 2 50 50 50 31 50 50 50 50 36 50 27 50 26 43 50 50 50 50 50 50 38 34 24 50 50 50 50 37 50 8 50 50 50 18 1 6 37 50 50 50 50 4 50 43 39 12 11 19 8 50 50 16 50 41 50 50 50 40 43 34 26 50 46 50 4 21 3 23 50 45 5 44 39 27 50 50 50 3 50 50 50 50 47 33 50 50 7 26 50 24 50 50 50 50
47 15 31 3 50 16 3 50 50 50 39 50 33 15 50 50 50 9 8 50 31 8 50 14 17 50 30 39 50 31 48 50 50 31 6 20 28 50 50 50 39 43 50 29 44 50 43 50 2 25 50 39 34 50 50 16 50 0 36 50 50 35 50 50 39 50 50 50 38 2 50 50 50 50 50 50 14 50 41 0 50 50 31 50 17 29 50 42 35 50 50 50 40 50 47 50 50 33 33 37 15 50 44 28 50 50 50 45 41 5 50 50 50 18 12 50 27 44 11 13 50 50 10 32 7 22 50 50 43 19 50 50 50 50 41 50
25 14 50 29 40 50 42 50 2 17 50 0 50 8 50 19 50 45 50 34 46 9 50 31 5 50 12 50 50 50 29 50 40 50 21 6 23 50 50 35 31 50 8 50 50 3 50 50 50 50 49 10 50 10 50 10 50 50 50 22 50 50 50 36 50 24 50 50 8 26 50 13 24 50 41 45 38 50 9 34 39 50 50 22 26 50 32 50 13 21 4 50 50 39 50 50 50 5 45 50 15 50 7 50 50 34 50 10 50 50 50 5 50 50 15 25 48 20 50 47 50 4 25 50 50 29 50 50 50 1 50 50 50 12 50
50 50 45 39 0 32 49 50 50 42 39 50 32 23 50 23 6 50 50 24 40 50 49 50 50 48 15 50 50 50 50 50 14 24 50 42 50 6 40 26 50 30 50 50 50 32 50 22 47 50 29 26 50 50 3 50 31 8 50 43 3 50 50 27 40 11 50 50 9 50 35 49 36 50 25 17 50 50 45 50 50 50 30 1 17 50 33 50 33 50 50 4 50 50 13 13 50 29 4 21 50 29 50 50 50 50 33 27 50 10 30 50 8 15 50 50 48 9 50 50 50 24 6 41 50 50 50 25 50 28 50 31 20 50
50 50 50 38 14 5 49 44 5 10 50 48 15 50 12 12 39 11 50 50 30 50 43 50 50 50 49 50 50 50 37 30 50 17 50 50 49 33 50 26 10 32 10 50 50 48 50 50 50 50 50 50 49 50 50 50 50 14 50 19 50 50 10 44 16 50 27 34 35 27 50 4 22 50 50 43 50 12 50 21 50 6 50 50 47 50 34 3 19 16 9 42 50 50 50 45 50 34 15 31 50 50 50 0 15 50 38 50 28 50 50 50 50 0 50 50 50 4 50 50 18 27 50 50 50 17 21 38 1 50 45 30 50
50 33 38 50 34 50 2 10 13 31 50 8 50 50 30 14 50 9 50 50 0 50 50 50 50 50 50 50 50 30 50 50 50 50 50 50 50 33 50 50 50 50 8 26 50 45 8 50 50 8 6 13 50 50 11 50 50 50 50 49 50 14 50 35 24 18 44 50 7 25 19 50 50 50 50 19 50 50 44 50 20 44 30 20 22 50 50 1 32 50 50 50 50 15 50 50 50 50 3 23 29 50 12 17 7 50 50 22 20 5 43 50 50 50 50 50 36 50 4 50 50 50 50 50 35 39 17 50 7 50 50 50
36 50 27 50 50 50 5 50 8 22 4 13 28 50 32 50 0 50 50 50 50 11 14 50 50 50 38 50 50 50 17 12 4 50 50 50 36 50 50 50 50 50 50 42 19 17 29 12 48 50 19 50 20 50 50 50 7 50 50 50 38 26 43 24 50 50 45 6 50 25 50 14 21 50 29 31 50 50 50 50 50 50 50 33 41 50 28 50 50 33 32 43 50 50 50 50 50 39 50 50 50 2 46 9 50 50 31 50 50 9 50 50 50 5 50 0 50 50 50 34 50 36 33 30 33 48 34 19 50 50 50
27 50 3 18 32 10 48 50 50 19 50 48 12 50 28 43 39 50 45 14 50 7 50 50 50 50 38 21 50 38 45 24 50 6 50 16 18 40 23 23 29 40 21 50 38 35 50 50 50 50 15 50 50 50 50 31 50 23 46 50 32 50 50 50 50 38 50 0 50 50 50 50 14 50 50 46 15 26 47 1 50 50 33 11 26 50 25 50 50 49 40 50 17 17 50 0 44 45 9 50 50 50 11 9 50 45 23 50 50 50 50 42 19 50 50 50 50 10 38 10 50 0 50 50 50 15 50 50 3 50
15 21 50 50 50 50 50 50 34 49 50 50 50 50 50 28 34 50 50 9 50 5 20 50 31 50 50 2 49 50 23 47 50 31 18 44 50 12 15 35 50 2 50 50 50 50 50 41 44 3 50 50 50 29 50 50 34 38 49 10 12 42 25 50 50 20 22 31 50 50 35 36 50 26 50 10 50 50 42 40 50 50 24 14 50 50 15 33 50 50 50 50 50 50 50 50 11 50 20 50 50 50 50 50 50 16 50 50 31 50 50 8 27 50 48 50 50 50 50 50 50 4 50 50 50 50 50 50 50
50 50 50 50 50 50 45 50 50 31 50 13 50 50 50 50 50 7 50 50 50 9 50 50 50 50 50 21 23 50 18 50 50 50 41 27 50 28 26 50 50 50 17 50 50 3 50 0 50 50 35 50 50 50 50 50 50 50 50 50 50 50 50 19 44 21 3 50 50 6 50 50 12 40 50 43 50 50 50 35 50 50 0 50 4 50 18 12 11 5 50 14 50 11 29 50 25 28 50 23 1 50 35 50 50 50 50 50 50 50 50 50 50 50 50 50 50 0 35 48 50 18 50 2 50 50 35 50
50 50 8 50 50 50 50 26 37 32 50 50 50 50 6 26 50 50 50 50 50 50 50 50 48 50 50 5 50 50 50 38 50 50 25 50 50 7 50 50 8 38 50 30 48 50 0 50 50 50 50 19 50 50 50 26 50 50 50 50 17 20 50 50 39 11 50 21 50 50 50 50 41 50 50 36 50 50 18 50 50 50 50 50 49 50 50 50 5 50 47 29 50 50 50 47 0 50 50 22 50 50 50 50 50 50 13 35 50 50 50 50 50 39 42 50 30 50 50 50 50 50 50 18 50 10 50
5 50 50 46 46 13 50 17 50 50 50 50 5 50 50 48 50 16 50 50 50 50 50 50 39 50 35 50 20 50 50 11 50 50 50 3 19 42 50 33 50 50 50 50 30 32 50 50 49 50 50 50 50 10 8 41 50 50 50 41 50 50 50 50 50 50 50 20 37 50 50 50 50 50 50 50 44 50 50 50 50 50 50 41 34 50 50 50 45 50 50 40 50 20 50 50 50 50 50 50 50 48 50 50 50 0 50 14 50 12 50 40 2 13 27 50 50 50 50 50 8 50 40 11 50 50
50 50 50 50 8 50 31 50 50 50 50 50 50 44 50 50 27 7 3 43 50 50 50 50 50 50 23 50 50 50 50 50 50 46 42 50 50 50 50 50 37 50 50 7 50 50 50 50 27 9 50 41 49 7 19 21 36 50 5 50 50 50 50 50 50 7 50 50 50 50 50 50 50 50 10 50 33 50 10 50 20 50 50 50 44 50 42 11 50 50 50 50 29 38 38 50 50 50 50 50 50 38 50 50 50 42 45 50 36 50 50 50 50 50 50 50 50 46 38 50 48 41 50 42 50
50 50 50 50 50 0 27 8 50 50 44 50 50 50 50 50 50 50 7 50 50 50 50 50 22 50 50 50 50 39 50 50 50 50 50 0 50 50 50 50 50 50 50 50 50 50 50 33 50 50 50 50 50 50 40 50 50 14 50 50 6 18 23 50 50 39 50 31 33 46 50 48 50 50 44 50 50 50 35 50 42 50 50 50 50 50 29 50 50 34 50 50 50 19 50 42 50 50 50 50 32 50 27 50 50 50 50 50 10 50 50 32 50 50 31 50 47 50 16 26 44 50 50 50
47 9 21 50 50 50 3 32 50 36 50 50 50 50 50 23 50 50 50 26 50 50 47 50 50 50 1 50 50 50 50 45 50 18 50 50 50 50 21 50 50 50 50 38 16 50 50 46 36 50 50 50 50 50 50 25 50 18 50 50 50 50 50 10 50 50 17 50 27 50 50 47 50 50 48 50 50 50 35 50 1 26 50 50 20 50 50 50 50 50 50 41 50 50 2 50 6 50 50 50 50 50 50 50 50 50 5 50 4 21 50 50 31 17 50 15 49 50 50 50 50 50 50
50 12 50 50 50 43 50 50 50 50 50 50 50 50 50 50 50 12 18 50 50 50 33 50 50 50 50 30 50 50 50 50 0 50 50 50 13 50 50 50 50 2 50 24 50 50 48 50 50 26 50 50 34 31 50 50 50 1 46 50 50 47 50 50 11 50 6 26 50 48 25 50 50 38 40 50 50 14 7 50 50 24 50 50 24 50 50 50 50 37 50 50 50 50 37 50 50 50 50 50 19 50 50 6 7 50 2 50 36 50 18 50 50 50 50 50 50 50 50 45 50 50
1 50 32 12 10 50 0 50 50 50 3 50 50 50 41 50 50 50 50 32 45 50 50 50 50 50 18 50 50 50 21 30 50 44 50 16 50 50 9 50 50 50 4 50 50 0 50 50 17 50 37 50 50 36 50 50 50 50 50 50 50 50 25 20 50 50 11 29 45 50 50 50 50 50 50 28 20 50 50 50 50 50 50 43 50 50 27 50 50 50 50 35 31 50 50 50 50 50 50 50 50 50 50 24 50 42 47 50 12 30 50 50 50 6 40 50 50 38 50 21 50
2 50 50 3 50 50 50 50 7 50 50 8 50 50 50 50 50 6 50 6 50 50 50 11 34 50 50 50 50 50 50 50 35 50 50 50 1 50 50 25 50 50 50 29 50 50 44 50 48 8 50 50 50 50 50 50 50 50 50 21 47 50 0 50 50 50 50 50 50 6 50 11 50 40 50 8 23 50 50 11 21 50 50 50 50 3 5 48 50 43 22 5 50 50 50 50 50 50 50 50 50 24 45 50 31 10 9 39 42 50 50 40 50 22 50 50 2 50 50 50
50 50 50 41 50 50 18 12 50 44 50 35 50 50 27 11 50 50 19 0 50 50 44 50 50 40 50 33 50 39 21 50 50 37 26 50 50 32 50 50 50 33 50 50 50 50 50 30 50 50 50 13 50 10 50 50 38 11 50 32 15 50 50 50 50 50 50 50 50 50 50 50 50 42 13 20 29 50 0 26 50 50 50 50 50 50 10 50 50 45 50 50 50 30 18 50 50 50 39 50 50 50 50 50 50 50 50 7 16 18 50 50 17 50 50 50 50 50 50
50 50 50 50 50 50 50 50 50 50 2 50 50 50 50 50 7 50 50 21 50 41 50 50 48 50 50 50 50 50 15 50 36 27 12 29 50 18 50 42 50 50 45 50 50 50 50 50 50 50 50 12 50 39 50 50 50 36 27 50 50 50 50 24 50 50 40 50 50 50 50 50 50 50 50 50 50 50 50 50 21 50 50 5 50 50 1 50 42 50 35 50 50 50 10 22 29 50 5 19 50 50 50 50 50 50 50 50 50 3 50 50 20 50 50 50 50 50
50 35 50 13 13 50 50 50 50 50 40 8 18 50 50 50 50 31 32 16 50 35 37 50 50 50 50 25 50 50 50 24 13 4 5 50 50 38 50 26 50 50 50 50 50 50 50 42 50 31 25 50 50 50 20 50 33 50 50 50 50 11 39 50 50 27 50 38 50 50 50 50 39 41 50 50 8 50 50 50 22 18 50 13 2 50 21 50 50 50 50 44 50 49 31 50 50 50 50 19 7 50 50 50 50 27 50 50 19 50 48 50 50 28 2 9 50
37 50 50 50 48 50 50 50 50 50 50 1 50 50 50 29 50 50 10 50 33 50 1 6 50 50 50 13 23 9 50 50 45 37 50 27 50 50 50 50 50 28 50 50 50 50 1 50 50 50 50 50 50 6 50 50 42 50 50 50 50 29 26 50 50 50 50 50 50 50 50 50 3 42 50 45 48 50 50 19 39 21 50 50 50 50 48 50 50 29 37 50 50 50 50 37 50 12 50 35 33 50 42 50 50 45 50 33 50 50 50 50 50 11 50 50
1 50 50 50 50 50 50 50 50 25 50 50 3 50 50 50 50 50 7 50 50 49 26 50 14 50 50 50 39 50 50 6 50 50 20 48 0 30 9 50 50 50 24 50 50 50 11 23 50 50 50 50 50 23 50 43 45 10 46 50 27 50 17 31 50 50 50 50 50 50 36 50 50 50 23 50 50 50 30 50 50 50 50 50 1 50 50 50 50 50 50 50 46 50 50 50 50 5 7 50 33 50 50 50 50 50 50 50 10 50 50 50 50 50 50
50 9 50 50 50 50 50 39 50 50 50 50 50 50 50 50 50 50 50 50 50 21 50 33 50 5 50 40 10 40 50 50 50 50 50 50 50 50 50 50 50 50 50 50 50 50 4 50 50 20 50 50 50 50 31 50 40 2 50 25 50 50 50 7 50 50 50 50 43 50 8 50 50 50 50 50 50 50 50 50 50 50 50 50 50 50 50 50 50 50 50 39 27 50 50 50 50 50 50 25 16 12 50 50 50 50 50 50 50 50 50 50 50 50
50 50 50 14 47 33 16 50 50 50 50 10 50 46 14 50 50 50 4 5 23 40 50 50 50 39 50 39 8 48 1 50 38 50 8 50 50 50 50 50 50 10 50 50 50 38 45 50 50 50 50 50 39 3 50 31 50 1 50 50 50 50 24 50 50 50 27 50 22 33 15 50 50 32 50 40 50 50 50 50 50 50 50 50 50 50 50 17 20 35 41 7 50 50 50 14 50 50 50 50 50 50 34 22 50 50 44 50 50 50 22 50 50
50 50 50 50 32 50 50 50 3 50 50 50 50 50 50 50 39 50 14 3 37 50 50 50 23 50 50 50 50 9 50 37 44 50 50 50 50 50 0 50 50 28 43 50 15 50 50 50 7 50 50 50 43 50 50 50 44 50 50 12 12 19 50 50 50 42 14 7 50 47 50 50 50 10 8 50 50 50 50 20 50 50 50 50 47 23 50 1 50 15 43 50 50 50 17 50 41 50 50 46 12 50 50 50 20 11 50 50 6 27 8 50
50 50 10 14 13 49 34 32 49 50 6 50 7 50 50 50 39 50 35 50 38 8 50 50 16 50 50 50 50 7 50 32 42 50 16 50 50 29 15 50 50 50 50 50 50 50 33 29 50 50 50 50 2 50 50 50 50 50 42 50 50 50 50 50 9 50 21 32 50 3 0 50 50 20 48 50 50 50 50 50 50 50 33 50 50 11 30 50 50 13 50 50 50 42 3 50 50 24 3 50 50 50 19 50 47 24 46 50 50 4 50
11 50 4 50 50 50 50 50 50 50 50 31 50 50 32 50 50 9 50 50 50 50 50 50 50 50 50 50 29 43 50 50 50 50 50 50 50 20 50 1 50 50 50 50 50 50 50 50 2 50 50 50 37 50 20 50 50 50 50 50 50 50 23 50 27 50 18 3 50 50 50 50 50 50 50 50 50 50 50 50 19 50 50 16 50 12 50 40 50 50 50 18 50 50 50 6 50 50 22 50 50 50 50 50 1 50 50 50 50 50
50 36 50 50 50 50 50 50 50 50 50 50 50 46 50 50 34 28 50 50 50 50 50 42 50 50 50 50 6 50 50 50 50 21 50 6 50 24 50 50 10 38 50 50 50 50 50 50 50 50 50 50 30 42 50 50 10 50 1 50 40 14 50 12 50 50 50 15 18 50 50 50 9 50 49 50 50 50 47 50 50 50 50 50 37 21 50 22 50 50 44 26 42 50 18 50 2 50 50 50 50 48 50 50 50 50 50 16 50
50 50 50 50 50 50 50 6 50 50 50 5 50 2 7 50 30 50 33 38 42 50 50 50 50 50 50 21 34 5 12 38 50 50 50 49 28 41 50 50 17 50 50 50 50 50 50 50 50 50 50 50 16 50 50 50 50 50 37 1 50 50 34 5 50 26 42 23 50 50 50 50 50 50 50 50 50 50 50 45 50 50 50 50 50 50 50 50 50 50 32 50 50 50 50 50 50 50 13 50 50 50 50 50 50 50 50 50
50 50 50 22 50 50 50 46 50 50 50 50 50 26 47 23 50 50 36 41 50 50 50 50 50 50 50 50 50 36 21 50 50 50 21 50 50 2 43 50 24 50 9 50 50 50 40 50 50 50 50 16 50 50 50 50 50 50 50 29 50 12 50 11 50 32 50 50 50 50 50 5 10 50 41 50 50 50 1 50 50 50 46 50 50 50 50 1 50 50 50 50 50 50 27 50 4 5 50 23 50 50 50 36 28 17 50
50 11 50 50 50 50 50 50 50 50 0 50 1 50 39 14 50 50 50 50 38 15 21 50 50 50 50 7 50 50 50 24 50 50 50 20 50 50 16 50 50 50 50 50 46 23 50 50 50 50 50 50 27 15 50 50 47 50 44 50 50 50 50 50 50 50 50 50 50 50 24 50 50 50 50 50 50 50 50 50 23 30 50 50 43 50 50 50 50 50 50 46 50 50 50 26 50 50 50 48 50 50 50 50 50 50
6 50 32 50 31 50 35 15 50 46 50 2 50 49 50 46 50 50 50 50 50 50 43 50 50 1 50 50 50 4 50 33 50 50 33 50 50 50 50 50 50 50 16 50 50 50 50 13 12 50 50 50 50 1 26 2 50 50 50 50 50 50 10 50 50 14 50 1 11 50 50 50 50 41 50 6 50 13 34 50 50 7 16 50 45 50 22 50 50 50 50 50 50 50 8 50 50 50 28 50 50 50 50 50 50
50 50 0 50 8 50 14 50 50 50 50 50 38 50 50 50 50 50 50 50 50 2 50 50 50 30 50 50 50 50 50 29 26 50 15 50 50 37 10 50 50 38 50 50 50 6 50 44 23 50 50 50 37 50 50 37 50 50 50 50 50 50 5 50 50 24 50 50 50 50 50 38 5 50 50 50 50 50 13 39 46 50 50 50 50 50 50 50 28 50 7 13 14 50 50 50 50 50 50 50 0 50 50 50
50 3 16 50 50 50 50 34 50 50 18 50 46 50 46 50 38 50 6 25 50 50 50 50 50 39 50 50 50 50 41 20 50 50 50 24 50 50 45 50 50 50 31 15 35 48 47 50 0 50 50 6 18 50 25 17 50 35 50 50 50 50 50 50 50 50 21 29 50 50 50 50 14 50 50 50 33 16 10 26 50 50 50 50 50 50 50 50 35 50 50 50 50 50 27 50 50 13 50 50 50 50 50
50 50 50 50 50 50 50 50 14 17 50 50 50 50 6 50 30 50 50 33 50 50 50 50 22 36 50 50 50 50 50 41 50 50 50 50 50 50 50 50 50 35 31 50 35 50 0 50 50 6 50 50 50 2 50 2 50 50 37 50 50 50 42 32 28 50 3 50 26 15 50 50 50 50 50 50 44 35 50 42 33 50 42 39 3 22 50 50 50 4 50 50 18 50 50 45 50 0 50 50 33 50
50 50 50 50 50 50 50 50 50 50 50 9 50 18 48 50 50 50 50 50 50 50 35 50 50 50 37 50 50 50 50 13 50 50 37 50 50 50 50 16 50 27 50 8 50 50 37 50 50 29 50 50 50 50 50 50 36 50 50 50 50 50 50 50 50 50 50 50 38 50 50 50 50 50 50 50 50 50 50 28 50 50 50 50 50 45 50 50 50 8 50 50 23 50 15 50 24 50 50 50 50
15 50 44 50 50 50 50 22 50 18 9 42 50 50 27 50 50 7 40 50 50 50 50 50 45 21 21 50 3 32 50 50 50 37 50 5 50 50 50 50 20 50 50 40 50 28 50 50 49 50 50 50 50 50 50 50 50 50 48 37 50 50 50 50 50 27 50 28 50 29 50 50 50 50 8 50 6 50 50 50 47 50 50 50 50 50 50 50 50 50 22 50 8 50 50 50 17 50 50 50
39 50 36 1 39 50 48 50 50 50 50 50 50 43 50 50 50 43 50 50 50 50 5 50 50 18 42 10 50 50 50 50 50 50 50 50 46 50 50 7 50 50 50 50 50 50 33 50 29 50 50 50 50 50 50 50 44 50 13 50 50 50 50 50 50 50 50 50 23 32 50 21 50 40 50 50 50 50 50 50 50 50 50 50 50 48 3 50 50 50 50 50 50 50 50 50 37 14 50
22 1 50 50 50 50 50 50 50 50 27 50 50 50 50 0 12 50 50 50 50 50 50 11 0 8 41 50 50 41 50 50 50 50 50 50 50 50 50 3 50 12 50 35 50 50 50 16 50 15 50 50 50 50 34 50 50 50 6 50 50 50 36 50 50 50 24 50 50 50 50 13 14 50 29 50 15 50 50 24 50 34 50 50 50 50 50 50 50 50 50 50 50 50 50 38 50 50
50 21 50 50 50 50 50 22 50 50 50 0 50 50 16 50 50 50 50 50 50 50 50 43 50 50 50 50 34 50 50 50 50 50 50 50 50 50 50 5 50 44 50 50 50 50 50 50 50 50 50 27 50 50 49 50 50 50 50 50 21 50 50 16 50 50 50 50 50 50 50 50 21 50 50 38 27 1 50 50 50 50 50 1 50 40 50 43 50 21 50 50 42 50 50 50 50
50 43 11 26 50 50 50 50 50 50 50 50 50 23 50 50 50 50 50 22 50 50 50 38 50 50 50 50 50 50 50 50 40 50 50 36 50 18 7 50 50 50 50 50 50 50 50 41 50 50 50 50 2 50 50 50 50 50 18 50 50 50 50 50 50 50 50 50 50 50 36 50 50 41 42 1 50 50 50 23 50 50 43 39 50 50 50 31 50 50 50 45 50 50 50 50
50 50 50 50 50 50 17 50 50 40 50 50 50 50 50 50 47 50 50 50 50 50 7 50 50 38 24 39 50 50 0 50 35 50 50 50 50 50 50 22 50 50 50 50 50 44 50 16 0 50 41 50 50 20 10 38 50 50 50 50 50 50 50 50 14 50 35 1 50 16 50 42 50 50 50 50 50 50 16 50 50 21 50 50 50 50 50 50 19 43 32 50 7 50 50
7 50 50 50 15 11 29 41 50 50 3 50 50 50 50 50 23 39 41 26 50 50 50 50 50 9 42 38 50 50 50 50 50 50 50 50 50 45 50 39 50 50 5 50 50 50 50 17 50 50 45 50 50 50 50 39 7 50 50 50 50 50 50 50 50 34 5 40 50 1 50 50 36 50 50 50 50 50 32 50 50 50 47 50 50 50 50 50 50 50 50 50 22 50
47 50 50 50 50 50 50 50 24 50 50 12 50 8 50 50 50 50 37 50 50 50 50 24 13 12 50 14 50 38 47 50 50 50 23 50 39 15 50 12 50 50 50 50 50 50 50 50 50 15 50 50 50 50 50 50 50 50 37 0 50 30 14 50 50 50 50 50 20 50 50 50 50 50 50 50 50 50 50 7 50 50 50 18 50 12 46 50 50 50 50 50 50
50 50 50 50 12 50 50 50 6 50 50 50 25 50 27 50 50 50 50 50 46 50 50 50 50 50 22 50 50 50 50 50 1 50 50 50 47 18 50 50 50 13 50 50 21 50 50 32 50 7 50 50 50 20 11 50 50 50 9 50 50 7 50 50 46 50 50 50 50 50 50 50 50 50 50 0 5 42 50 50 50 50 50 50 47 50 50 44 50 50 42 50
50 50 9 47 35 50 6 50 50 50 50 50 50 40 21 50 50 50 36 4 50 50 24 50 50 50 50 50 23 50 50 50 11 50 50 50 50 50 50 50 34 25 50 26 17 50 50 50 30 50 39 50 50 41 50 50 50 50 50 50 50 16 50 50 50 50 50 19 50 50 44 50 50 50 50 27 50 50 34 28 50 50 29 42 50 27 31 50 23 50 50
33 50 50 50 50 15 50 50 50 50 50 50 50 50 50 50 36 32 50 41 50 24 45 50 4 8 22 50 50 16 50 50 50 50 50 28 29 33 50 50 50 50 50 50 37 50 50 50 50 50 50 50 21 50 46 50 50 50 25 50 50 50 50 29 50 49 22 32 50 50 40 32 50 50 50 26 50 21 50 1 1 27 50 50 50 50 50 11 50 50
24 50 50 11 50 50 50 50 50 50 50 10 50 36 50 50 43 22 50 50 48 50 31 50 50 4 50 50 50 50 0 24 50 50 17 48 30 22 50 50 50 50 50 50 50 50 50 50 26 50 5 49 50 12 50 32 50 50 50 39 50 50 50 50 50 45 50 5 50 2 47 19 24 50 50 50 50 39 50 24 50 50 50 50 50 50 50 8 50
50 50 44 50 0 19 15 50 50 36 50 33 50 50 9 50 50 50 1 50 50 50 50 50 50 50 50 50 50 45 50 50 27 30 0 50 50 50 50 50 50 50 42 50 50 12 50 50 50 50 50 39 9 50 44 50 50 49 50 14 50 50 10 50 50 25 22 2 50 50 34 50 50 50 15 50 4 41 50 50 50 14 50 50 14 17 50 50
50 50 50 50 41 50 50 19 17 50 50 50 50 50 50 30 50 43 50 50 21 50 30 50 43 50 50 50 50 50 50 50 24 50 50 50 50 50 50 50 50 25 46 50 31 49 43 50 50 15 50 50 50 50 25 50 2 9 50 50 50 50 50 50 50 5 50 50 50 50 2 29 50 50 50 50 50 13 50 50 50 50 50 50 50 1 50
12 50 50 50 50 50 50 50 8 50 50 50 50 12 50 50 50 17 50 32 29 50 50 39 50 50 50 35 50 50 50 50 50 41 50 50 50 50 50 50 41 50 47 50 41 50 50 37 50 50 18 50 50 50 45 40 50 50 50 50 50 50 50 50 50 50 50 50 6 50 40 50 46 50 11 50 50 30 50 50 4 50 50 50 22 50
7 36 50 50 50 30 50 50 50 24 50 50 25 50 9 50 50 50 32 28 5 50 4 50 50 29 50 50 50 50 50 50 48 50 50 5 50 31 50 50 50 50 50 4 50 50 50 14 50 28 41 50 50 50 50 41 50 50 50 50 5 50 50 50 50 15 50 50 50 4 13 8 16 1 30 33 50 50 50 50 50 37 50 50 50
50 50 50 13 25 50 50 50 50 50 50 50 50 50 50 23 50 50 18 50 38 22 8 20 50 50 3 50 50 50 50 50 50 4 50 50 42 36 50 50 50 50 50 50 19 19 50 50 50 50 50 50 50 50 23 50 50 50 22 50 50 50 50 50 50 50 50 50 18 50 19 50 44 20 3 45 50 50 50 50 50 1 41 50
50 5 50 50 50 50 50 4 50 50 50 31 50 50 50 50 50 50 50 50 3 50 50 5 50 50 50 50 50 50 50 50 50 37 50 50 50 50 50 7 50 7 50 50 0 50 50 47 50 27 50 50 43 50 50 50 50 42 50 50 12 50 50 50 33 50 50 9 50 19 50 50 50 50 24 50 18 50 1 32 50 50 50
15 50 50 50 28 50 50 50 6 50 50 16 50 50 50 50 50 50 40 50 50 50 33 44 50 50 39 50 50 50 38 50 50 50 50 50 50 50 0 12 50 50 16 45 50 50 50 21 50 50 50 50 25 50 0 50 50 50 50 50 50 7 20 50 50 50 50 27 50 50 50 50 50 50 50 50 50 50 50 50 28 50
25 50 50 50 50 50 46 50 50 50 16 50 2 50 42 50 50 29 50 6 16 50 50 18 50 50 50 43 50 16 33 50 50 50 50 44 50 8 17 50 50 50 50 50 50 50 2 50 50 29 50 50 50 31 50 20 50 50 4 50 50 50 30 27 33 50 50 1 7 50 11 50 50 50 50 50 50 21 50 48 50
50 10 30 21 50 33 50 39 50 50 0 24 50 50 12 34 50 50 41 36 50 50 50 50 50 50 50 50 50 6 50 50 50 50 50 50 50 50 50 23 50 50 17 50 50 50 50 50 50 50 29 36 50 5 50 50 50 50 50 50 50 48 50 50 35 50 50 50 5 50 50 50 50 50 50 50 50 50 18 50
50 50 50 50 38 50 50 50 50 50 50 50 50 50 50 50 50 35 47 50 50 50 50 50 50 50 50 18 50 50 50 50 50 36 50 39 50 50 50 50 27 50 8 50 2 50 50 50 50 50 50 50 46 50 50 50 50 50 50 48 50 12 50 50 50 50 50 14 50 25 22 50 50 50 2 26 50 50 50
50 50 50 50 50 50 50 50 50 50 50 50 50 50 50 50 50 50 50 50 48 50 50 50 36 50 38 50 46 50 21 50 12 50 50 43 11 50 7 6 50 50 40 19 50 50 50 50 50 50 2 1 50 50 50 50 50 43 50 22 50 50 50 50 50 50 6 50 50 50 50 24 50 50 50 50 22 50
50 34 47 50 50 22 50 50 32 25 50 50 50 50 50 36 7 50 17 50 35 5 11 50 31 7 50 50 50 18 8 50 4 50 29 26 41 50 50 50 50 50 50 50 50 50 50 11 3 50 50 50 50 50 50 50 50 24 50 11 50 42 50 50 50 50 50 50 50 50 50 50 50 50 50 50 50
50 7 50 50 50 50 34 2 50 31 50 21 49 50 1 50 50 49 50 50 48 50 50 50 50 1 42 50 48 50 50 50 50 50 22 50 50 47 20 50 50 50 14 0 16 44 50 13 50 16 50 50 50 50 50 50 50 7 50 50 50 25 37 50 50 25 50 50 50 14 50 50 18 50 50 50
4 50 50 50 50 50 7 50 33 50 50 50 50 50 50 47 50 50 50 50 50 9 14 11 50 50 50 50 42 50 50 24 50 50 50 50 1 50 1 9 50 50 38 50 50 33 50 50 50 29 32 50 50 50 50 50 50 50 50 34 8 50 50 50 50 50 34 44 50 50 50 50 35 15 50
50 50 25 50 50 50 48 50 50 50 46 31 50 8 4 50 50 50 6 50 50 50 31 50 0 50 50 50 16 10 50 50 50 3 50 50 50 14 50 50 50 50 50 50 50 25 44 50 50 50 50 50 50 50 36 50 50 50 50 11 50 50 50 50 8 50 50 50 50 15 50 23 50 50
50 50 50 50 50 50 50 50 50 50 50 50 50 50 50 50 50 50 50 50 50 29 50 50 50 19 7 46 2 50 50 50 37 50 50 50 50 50 50 50 50 50 50 50 50 38 19 50 30 50 50 15 50 41 50 0 50 1 50 50 50 50 10 22 50 50 50 12 42 50 50 25 50
50 5 12 41 50 50 19 50 50 50 50 50 50 50 11 41 50 50 50 50 50 50 50 50 50 12 50 50 50 47 50 50 25 50 7 50 50 50 50 50 50 50 50 50 27 43 50 50 50 25 50 50 1 50 15 27 36 50 10 29 50 50 50 23 50 10 50 22 50 50 4 50
50 28 0 50 23 50 50 50 17 45 50 50 50 50 50 50 50 50 5 50 50 50 32 13 50 50 50 50 10 49 18 50 44 50 50 50 50 50 50 31 50 50 0 50 50 50 34 3 21 50 49 50 50 5 50 35 44 50 6 50 50 50 50 50 50 50 5 50 50 50 50
46 50 50 50 50 50 50 15 50 44 50 46 50 50 6 5 50 50 50 50 50 50 50 50 41 50 45 50 50 35 50 2 50 50 39 13 36 50 22 50 50 3 50 50 50 50 50 50 50 27 50 50 50 50 41 50 50 20 50 36 50 50 50 50 50 50 50 50 50 50
50 39 50 50 50 50 20 23 50 50 13 50 50 2 50 50 50 47 50 27 50 50 50 17 50 50 50 50 14 50 50 38 50 50 50 21 50 42 50 50 16 45 50 50 50 50 50 13 48 22 50 50 50 50 50 50 24 50 50 50 43 50 33 50 20 41 8 50 50
50 50 50 50 7 50 43 32 50 50 50 24 50 50 50 40 50 50 50 50 50 32 50 50 50 18 24 50 50 50 50 50 3 20 50 50 50 50 50 50 50 50 9 20 50 50 50 29 50 50 50 50 50 50 50 50 50 50 41 15 28 50 50 50 50 50 42 50
50 50 46 13 3 40 14 50 14 50 15 50 50 50 50 42 50 50 50 50 50 50 50 50 2 50 50 50 50 47 50 47 50 50 50 15 36 50 50 50 12 50 50 50 14 50 50 50 50 50 49 50 50 40 50 50 50 50 50 50 50 33 38 16 50 50 50
50 1 50 29 39 50 50 50 50 27 50 50 50 50 50 13 45 45 27 50 35 50 48 50 47 50 17 50 40 50 50 1 50 50 50 50 50 50 2 50 50 50 13 34 50 50 7 50 33 50 50 49 9 50 5 50 50 50 50 50 50 50 50 21 45 50
21 50 50 50 49 50 34 50 50 30 50 50 50 50 50 50 50 50 50 50 50 50 50 46 50 50 50 50 5 50 50 50 50 50 50 26 50 50 50 50 50 50 50 21 50 50 50 50 30 50 50 50 50 50 2 27 30 50 50 50 50 50 50 34 50
50 50 50 50 50 27 30 50 50 50 19 48 8 12 50 50 50 50 50 50 50 50 50 50 50 50 50 50 39 50 4 50 50 50 50 50 28 15 1 50 50 50 50 50 35 50 50 50 21 50 50 50 50 50 50 50 50 7 50 50 29 50 50 50
50 50 50 50 50 11 50 50 27 50 24 50 50 50 50 34 4 50 50 50 50 28 50 50 50 50 50 50 50 50 50 17 50 50 50 26 46 49 50 50 50 50 27 38 1 17 50 50 18 50 13 50 30 50 50 50 50 50 40 50 16 50 50
1 50 50 50 50 50 42 5 50 50 50 50 50 50 48 50 32 50 50 50 50 50 50 50 50 50 50 50 50 50 50 50 50 40 50 22 50 49 50 27 11 50 50 31 45 11 42 20 50 6 50 50 50 50 50 50 50 11 50 50 50 50
50 50 50 33 50 40 19 6 29 35 7 50 22 50 12 45 27 48 47 43 28 5 50 50 50 50 50 50 50 50 50 50 50 50 20 50 44 50 50 23 22 50 50 50 22 50 50 6 50 24 50 50 15 50 50 50 50 50 50 49 50
50 50 50 50 50 50 50 50 50 50 50 50 50 50 24 14 50 15 50 50 36 50 50 5 7 46 50 50 50 50 50 50 38 15 50 33 50 50 17 20 50 50 50 37 50 46 12 50 14 37 44 50 50 29 50 50 9 50 50 50
50 50 50 50 50 50 20 50 50 50 50 22 50 11 50 50 50 25 50 50 50 50 50 50 35 50 50 50 50 31 50 28 50 50 29 18 37 34 50 50 34 27 50 50 50 50 50 26 39 50 50 34 50 32 50 50 50 50 50
35 21 50 50 50 9 28 50 23 50 4 50 50 50 50 50 34 22 50 50 50 29 50 50 16 50 50 50 50 50 50 50 50 50 30 26 50 50 50 50 25 50 16 50 32 50 50 50 50 50 50 50 29 50 50 50 50 50
50 50 50 2 50 23 4 50 50 50 50 22 50 50 50 26 50 50 50 49 50 50 50 50 27 50 50 8 50 32 50 49 50 50 0 50 50 50 0 27 49 50 39 50 26 50 7 12 50 50 50 50 50 50 39 24 50
50 50 50 50 36 50 26 34 2 8 50 0 50 50 28 50 50 50 50 29 50 50 50 50 50 49 50 1 40 50 50 38 50 50 50 50 50 50 23 50 50 50 50 50 50 50 50 50 50 50 50 50 50 8 50 50
50 18 50 50 50 28 4 50 44 50 50 50 50 2 50 50 50 50 50 50 50 11 50 44 50 31 50 27 35 23 38 50 50 50 50 50 50 50 50 50 50 50 32 50 2 50 50 50 33 24 18 50 50 50 50
50 50 50 50 50 41 50 50 50 50 50 16 46 50 11 16 9 50 50 0 50 50 32 50 50 50 6 7 50 50 7 50 25 21 3 50 30 50 50 50 50 50 46 0 4 45 7 50 34 10 31 50 50 50
50 34 50 50 50 50 50 50 50 50 50 22 21 50 50 50 50 50 50 50 50 50 50 50 50 17 50 50 50 34 36 50 50 50 50 50 50 28 50 50 24 37 50 4 50 50 50 50 50 50 50 50 50
50 50 44 50 50 50 23 50 50 50 50 20 1 50 33 50 50 50 50 50 50 50 50 50 50 50 50 50 50 28 50 50 50 50 50 50 50 29 50 24 50 49 50 50 37 50 50 50 50 38 50 50
50 50 3 50 50 50 50 9 50 50 50 50 50 48 50 35 50 50 1 28 50 50 50 15 50 41 14 50 26 49 50 50 50 50 50 50 50 50 34 50 50 50 50 50 50 50 50 50 50 50 50
50 1 50 50 47 50 50 15 50 3 30 50 50 50 50 50 50 33 50 50 50 50 50 50 50 50 50 50 47 47 50 50 50 8 30 50 50 50 50 50 50 50 50 50 50 50 50 50 50 50
50 6 35 50 13 50 4 50 50 50 50 21 50 8 50 50 5 26 3 43 50 50 50 50 43 50 50 50 50 50 50 28 50 50 50 0 50 7 50 50 50 50 22 50 34 50 50 50 50
50 50 50 50 50 36 50 5 50 9 46 10 23 50 50 50 50 50 50 17 14 50 19 50 50 50 50 50 50 50 50 50 50 50 11 50 50 50 50 50 50 22 50 36 25 50 26 50
15 50 33 49 50 50 50 50 50 50 50 50 50 20 50 50 2 33 50 50 50 50 15 50 50 50 23 50 50 50 23 50 50 50 50 34 50 13 50 50 50 50 50 50 50 50 50
50 50 50 28 50 4 50 50 50 50 50 47 50 25 36 50 50 50 50 50 50 50 50 46 50 50 44 50 40 50 50 50 50 2 50 50 50 50 50 50 25 50 50 50 6 50
50 50 50 50 50 32 50 39 50 36 50 50 50 50 30 32 42 50 50 18 50 50 23 50 50 50 50 50 50 50 50 50 13 50 9 50 50 44 34 17 33 50 50 50 50
50 50 50 50 50 50 50 50 50 50 50 50 50 50 50 50 35 50 50 19 50 50 50 50 50 50 50 50 50 21 50 50 50 50 15 50 4 2 50 50 50 37 50 50
50 50 50 50 50 50 0 50 50 36 50 50 50 50 38 50 50 50 50 50 50 16 45 3 50 28 46 50 50 29 26 50 50 15 50 50 50 50 50 47 8 50 50
2 20 25 50 50 50 37 50 50 20 50 50 50 11 50 50 16 50 50 50 2 50 50 50 6 50 50 50 0 50 50 41 50 33 50 50 50 50 31 49 50 50
50 50 50 50 5 50 30 20 50 50 29 50 50 50 50 50 50 50 40 50 50 50 50 25 50 50 50 50 50 14 50 7 35 50 50 50 50 50 50 50 50
32 50 45 50 50 50 50 36 50 50 50 50 7 37 50 50 27 50 50 50 50 50 20 50 50 50 50 50 50 50 50 9 50 50 50 50 50 50 50 50
50 50 32 12 50 48 13 50 50 30 20 50 34 38 45 50 50 50 50 50 50 8 50 34 50 49 8 50 50 50 50 50 50 50 31 50 50 7 50
50 50 50 4 50 31 50 50 29 50 41 50 50 50 50 50 50 50 25 50 50 47 50 50 50 50 50 50 40 15 50 19 17 50 38 50 50 50
50 50 37 50 50 50 50 41 33 16 50 4 50 50 50 28 50 50 50 50 50 50 22 50 50 50 50 36 50 50 50 50 3 50 29 50 50
50 2 3 50 50 50 50 50 50 50 50 50 50 47 37 50 50 50 50 24 13 26 23 50 50 50 50 50 50 50 50 50 50 50 50 50
50 12 50 2 50 50 50 50 50 50 47 25 50 50 50 50 27 50 50 46 3 50 50 7 50 50 50 50 46 50 50 27 50 50 50
42 50 50 48 49 50 50 7 50 50 50 50 50 50 50 50 50 50 50 18 50 8 50 50 50 6 44 50 50 50 50 50 50 50
50 50 50 50 50 50 50 42 50 50 50 7 50 50 50 40 50 0 50 50 50 50 5 50 39 50 50 50 50 50 50 50 50
50 50 26 10 50 50 24 50 50 50 50 50 50 50 50 50 50 50 47 50 50 50 50 50 50 50 50 50 50 50 19 50
32 50 50 44 50 44 50 50 50 50 50 47 50 50 2 50 50 50 50 50 50 50 34 50 50 50 50 50 50 40 50
50 50 50 50 19 50 28 50 50 50 50 50 50 50 3 50 4 50 50 50 50 50 50 50 50 50 50 50 50 50
50 36 50 50 50 8 50 24 50 40 50 7 1 50 50 50 20 30 50 50 50 50 38 50 1 50 50 50 50
36 50 50 50 3 50 4 50 50 50 1 50 50 50 50 41 50 0 50 28 50 50 50 24 50 50 34 50
50 50 50 44 50 50 50 50 34 50 50 50 50 50 50 50 50 50 50 50 50 50 50 50 50 33 50
50 50 44 50 50 1 23 50 50 50 18 35 50 50 28 38 50 50 42 14 50 50 50 50 50 50
50 26 32 31 50 39 50 29 50 31 50 50 50 50 29 50 50 50 50 11 39 50 4 50 50
35 50 50 50 50 50 50 50 11 50 20 17 50 50 50 50 50 50 36 13 50 28 50 50
50 15 16 50 50 50 50 50 50 50 50 50 28 50 36 39 50 50 50 50 50 50 50
50 47 50 4 38 50 50 49 50 24 10 50 50 50 50 50 50 50 50 50 50 50
14 7 26 50 50 7 50 50 50 50 50 50 15 18 50 50 50 50 50 50 50
32 50 50 50 50 50 50 50 50 50 21 32 50 50 5 50 28 50 50 50
49 23 50 50 47 50 50 0 10 50 50 3 50 50 50 46 50 50 50
50 50 2 50 30 50 50 50 50 10 50 40 50 50 50 50 50 50
50 50 50 3 50 22 50 50 10 50 50 50 50 50 50 50 50
46 50 50 50 50 50 29 50 50 50 50 50 50 48 50 50
50 50 34 40 49 50 50 2 50 50 25 20 50 50 50
4 50 50 50 26 50 50 50 3 8 50 50 4 50
50 50 50 40 10 50 50 50 16 50 50 50 50
50 44 50 50 50 50 50 50 29 50 50 50
50 50 50 50 2 50 50 50 50 50 50
0 19 50 6 6 50 27 50 39 50
48 50 50 28 29 50 50 50 50
1 50 50 50 50 50 50 50
50 50 50 50 50 50 50
28 42 50 19 50 50
50 16 50 50 50
50 50 39 50
50 46 50
33 50
50
