20 20
1 8 13 19 13 20 16 13 12 12 7 16 4 12 2 9 18 9 2 20
20 11 20 15 20 1 1 18 20 12 1 2 15 1 10 19 8 1 20
17 20 20 20 6 0 1 1 15 0 20 11 17 7 20 17 8 20
10 2 12 1 20 20 9 17 8 12 3 12 2 20 10 7 20
18 1 20 14 10 18 3 13 3 20 2 13 0 15 8 20
0 13 18 16 8 10 8 12 5 20 19 10 12 19 20
2 3 15 2 19 20 4 20 14 17 20 15 10 20
16 14 5 11 14 6 11 6 6 5 20 20 20
19 7 6 2 14 20 7 5 17 15 15 20
0 2 19 13 3 18 17 15 16 1 20
8 20 20 7 16 7 6 11 6 20
10 20 1 14 15 20 9 20 20
10 8 8 6 5 0 10 20
13 8 1 20 1 20 20
20 20 20 20 20 20
4 6 20 20 20
20 20 20 20
20 20 20
20 20
20
