100 100
4 74 100 11 100 100 45 96 59 100 68 68 6 40 55 53 31 100 4 57 100 100 41 30 43 100 72 97 25 100 98 37 62 100 100 100 62 100 55 100 80 100 100 15 64 40 100 100 100 60 22 98 96 100 1 48 100 15 51 100 100 76 94 92 37 10 26 100 29 51 100 84 27 100 100 75 60 34 100 100 25 61 40 23 100 34 100 100 21 80 76 100 75 100 94 72 100 100 100 
71 45 100 5 39 100 50 70 39 100 49 100 74 100 100 100 62 4 100 62 100 20 100 100 99 52 100 100 43 100 24 98 100 100 83 52 100 65 12 80 25 71 100 78 74 100 31 31 100 100 77 100 14 63 14 3 100 32 63 100 9 37 100 10 0 8 100 95 3 1 36 100 69 67 100 100 88 100 100 74 46 100 46 100 6 100 74 42 73 100 100 100 100 100 100 25 49 100 
21 100 8 0 5 3 100 27 100 63 88 5 100 81 96 100 100 6 4 100 50 1 0 100 100 100 38 6 75 10 6 81 13 100 13 100 100 38 56 49 17 100 78 100 24 100 100 81 68 100 61 68 1 11 79 55 24 48 1 38 69 100 44 68 88 100 100 64 32 3 37 94 73 93 100 87 11 100 33 34 55 100 82 100 100 66 43 39 99 100 82 56 66 20 100 28 78 
100 81 100 7 100 33 60 42 48 18 54 100 72 84 46 56 100 100 100 100 100 70 100 100 81 30 41 100 100 92 100 100 74 29 100 43 79 100 57 100 100 70 100 32 37 76 17 59 23 76 16 100 80 99 100 10 100 43 33 24 100 52 5 100 100 49 9 100 11 0 100 81 81 100 78 100 54 85 33 85 100 100 90 100 100 4 41 78 100 65 88 82 30 25 44 100 
75 100 74 42 2 81 32 100 15 82 100 34 100 37 15 16 100 30 100 26 44 93 100 94 45 95 37 100 29 93 65 76 100 79 91 100 63 64 100 99 83 100 100 100 100 20 100 100 62 55 86 100 100 83 100 100 100 58 82 28 54 90 100 12 100 100 100 100 100 22 98 48 53 82 65 79 64 0 32 100 100 64 75 24 100 2 23 79 88 57 10 100 97 51 19 
100 100 62 99 95 68 48 100 54 100 100 99 100 100 60 12 80 54 97 100 100 3 53 47 100 100 20 100 73 88 100 89 78 100 17 43 100 68 0 25 38 5 10 24 100 22 20 24 70 100 24 100 81 100 100 100 100 66 71 93 52 100 21 7 89 100 7 100 100 63 100 23 100 72 45 42 100 9 100 90 92 100 100 15 100 59 9 100 15 100 100 42 32 96 
3 100 30 100 59 95 27 0 3 40 100 9 100 44 100 100 100 8 100 83 100 73 71 16 74 36 49 98 100 4 9 44 53 23 100 72 100 91 100 100 19 8 81 100 100 100 72 34 100 100 11 100 76 98 48 40 99 62 100 23 100 35 33 100 50 10 100 42 94 36 94 10 100 100 100 100 73 90 100 50 52 13 29 100 99 100 100 100 100 77 100 57 100 
8 61 48 56 100 100 16 75 100 71 44 100 91 100 74 79 52 96 42 11 100 100 100 1 78 91 100 17 100 18 100 100 100 100 80 100 68 41 96 100 100 29 62 14 100 90 45 7 67 78 30 100 68 63 96 82 71 100 100 13 37 60 100 93 39 100 100 7 17 100 46 32 55 100 37 98 97 91 9 100 100 45 49 86 97 100 100 100 85 30 100 100 
100 100 49 98 100 100 100 100 100 45 78 59 71 97 84 100 100 100 70 23 41 34 100 45 83 95 100 13 100 27 100 100 6 100 48 50 100 100 100 100 100 79 100 86 27 100 100 100 100 100 100 100 100 14 22 48 59 83 83 42 96 18 20 48 39 20 100 100 100 100 100 100 54 48 100 81 100 100 100 4 100 46 77 78 20 100 30 48 100 97 100 
100 100 100 100 7 100 100 100 100 100 63 100 49 52 100 6 87 59 100 100 100 62 64 69 100 100 17 30 88 36 100 70 53 100 69 100 88 72 100 100 88 50 100 50 78 83 38 100 75 88 18 7 8 5 93 93 67 100 100 91 100 28 100 50 100 85 100 76 86 100 100 100 100 74 100 11 47 100 39 100 100 100 100 100 100 28 97 54 78 44 
28 100 86 53 100 100 81 100 100 79 62 50 65 38 100 89 54 16 24 46 37 100 100 30 45 15 82 45 57 100 96 94 3 40 100 100 100 9 100 38 96 45 100 100 100 100 83 76 34 41 9 100 17 100 21 67 100 76 32 69 100 100 53 80 100 81 100 100 57 100 100 85 97 2 42 100 21 68 100 91 100 64 65 59 13 88 100 73 85 
100 13 47 29 100 78 47 100 100 36 39 25 100 94 19 52 44 100 44 100 68 100 100 76 15 100 100 44 100 100 100 100 9 65 52 100 100 100 30 81 100 93 67 5 100 95 100 5 97 75 41 88 100 100 100 100 100 9 100 1 64 100 45 100 100 100 100 100 100 100 19 86 81 100 100 43 100 100 4 100 69 100 95 9 71 100 100 100 
55 100 100 87 100 61 100 46 100 79 100 49 76 39 58 100 54 100 83 96 74 100 77 58 100 100 100 100 100 58 100 66 29 93 21 64 100 100 26 78 41 69 90 51 2 100 52 100 100 100 45 100 19 68 46 81 90 83 83 1 49 24 100 100 91 68 100 65 100 100 100 70 100 100 100 22 68 100 89 79 15 64 47 100 100 44 66 
49 100 100 100 39 31 100 31 100 41 100 72 81 100 67 23 76 9 100 41 100 100 60 25 25 56 4 100 57 100 95 100 44 100 65 100 36 100 100 100 100 100 39 49 100 64 100 36 39 48 100 87 82 100 85 100 100 81 59 39 100 73 30 61 97 53 100 100 54 69 25 18 79 75 22 100 6 100 30 31 100 84 62 48 100 21 
100 100 4 94 100 89 100 100 26 33 23 87 100 75 14 97 100 38 84 50 100 100 50 8 45 100 77 76 94 12 100 87 88 30 91 100 72 53 75 27 5 100 100 5 47 75 49 100 42 100 43 65 29 100 100 77 100 64 12 9 58 34 100 100 78 62 100 100 8 100 9 19 100 94 100 5 8 89 100 66 6 65 53 76 96 
100 87 100 32 100 100 3 24 100 51 100 100 12 81 22 81 10 100 50 34 25 63 100 92 80 25 100 42 100 62 12 100 30 98 84 100 100 8 35 100 100 100 45 21 4 100 70 100 0 100 65 98 100 5 30 3 49 100 100 30 7 100 80 27 45 100 55 100 100 6 32 100 100 100 53 48 25 47 100 100 31 100 32 44 
52 100 100 6 34 100 100 100 44 60 21 7 9 100 45 2 100 41 80 84 58 8 42 54 100 17 46 31 100 89 99 13 52 22 46 32 81 85 73 39 79 96 12 100 30 59 100 33 17 93 25 100 95 30 32 100 75 100 100 78 48 100 71 85 100 100 100 100 1 100 98 20 100 20 100 60 0 100 0 52 100 28 100 
100 100 12 100 97 100 100 100 63 100 100 100 79 4 100 23 100 100 79 73 28 72 97 100 17 8 2 45 94 100 100 80 50 32 59 80 63 100 5 100 100 4 100 40 19 79 100 100 28 28 73 85 100 100 100 23 9 81 93 75 52 52 100 83 63 52 25 41 59 71 93 78 100 69 100 100 100 44 30 43 80 54 
100 42 100 33 100 42 47 82 23 2 100 37 35 78 77 100 29 89 100 100 31 100 49 100 100 100 17 30 100 77 31 100 65 82 12 99 69 30 100 100 86 26 100 100 100 100 100 94 72 48 100 99 20 100 53 100 85 68 100 100 100 16 53 100 8 100 20 59 87 100 53 30 100 76 42 100 100 100 3 100 75 
100 64 100 16 81 100 47 28 100 30 61 10 29 100 30 69 100 41 100 88 90 23 81 39 99 100 25 100 49 100 100 100 77 100 56 100 100 100 95 69 100 9 18 51 52 46 100 100 10 80 5 100 44 100 100 68 52 79 51 100 100 100 50 100 44 43 100 69 100 100 100 80 100 100 100 97 57 98 2 69 
4 100 3 45 100 69 77 43 47 100 100 100 100 2 34 100 100 100 52 52 100 95 41 41 100 99 100 100 100 60 81 100 100 100 69 13 68 100 43 100 100 72 73 37 74 100 11 30 73 33 60 100 51 67 16 54 100 23 45 37 7 36 85 100 16 100 96 2 70 55 50 62 71 50 57 67 100 99 100 
17 13 100 54 100 100 29 22 56 70 100 100 59 67 100 7 85 20 100 100 100 100 100 45 37 100 100 2 100 100 100 58 100 100 100 15 24 81 4 90 100 37 100 96 100 100 100 45 32 100 87 86 100 44 100 100 47 71 100 66 16 14 100 34 54 100 100 39 78 100 72 74 22 100 26 100 100 100 
41 9 58 84 100 100 100 75 100 71 46 97 17 14 93 100 100 8 36 36 100 27 99 100 100 100 100 50 100 50 61 4 61 100 34 10 100 76 100 100 100 100 100 100 100 0 66 82 100 63 3 100 100 87 62 100 15 100 40 100 22 100 100 87 96 68 22 100 57 100 100 13 1 100 63 83 34 
5 77 38 100 100 54 28 34 100 59 70 0 36 36 74 7 100 6 100 100 100 100 66 100 80 27 34 56 44 100 21 100 28 100 86 100 48 43 43 22 100 100 12 90 100 92 100 52 77 100 64 100 100 62 100 22 20 52 70 60 100 100 32 48 28 63 100 37 50 100 100 100 100 100 73 100 
100 100 100 72 52 78 100 100 27 100 75 66 100 9 100 100 72 74 9 23 24 84 100 4 96 53 100 74 99 70 100 50 52 100 100 100 12 44 85 15 100 100 78 41 42 100 100 100 100 100 96 100 36 100 6 44 100 100 17 41 100 100 100 100 9 100 100 83 25 100 74 100 100 100 29 
32 11 50 84 100 23 53 8 84 61 37 100 100 100 100 80 100 70 42 85 76 55 54 100 73 68 6 100 100 53 32 35 83 100 100 98 100 66 59 100 74 100 28 100 100 60 20 100 100 40 39 72 60 100 60 100 100 81 61 61 82 100 78 100 87 88 13 100 41 100 71 100 100 23 
100 81 88 59 40 80 91 100 75 100 37 31 71 12 42 43 39 100 100 58 38 32 100 11 91 100 100 54 50 20 100 28 24 100 100 100 100 100 100 100 10 100 43 100 95 100 10 24 100 77 100 92 6 29 100 100 100 35 77 16 54 24 100 26 100 100 100 17 100 41 100 34 45 
94 15 58 25 51 31 66 100 100 19 100 17 100 100 80 77 100 60 18 100 66 31 100 89 100 100 75 80 100 70 50 100 18 99 68 100 100 100 24 52 60 46 89 100 63 79 1 100 100 4 100 92 97 100 100 91 95 83 100 56 57 100 24 66 100 14 25 59 20 100 100 100 
17 5 82 1 76 53 12 90 62 95 97 12 100 100 15 100 52 100 100 2 100 90 100 93 100 47 100 100 100 100 45 76 38 100 23 71 100 52 100 92 30 23 100 64 100 58 41 5 17 73 91 100 33 100 100 48 28 33 100 100 6 85 100 100 69 100 100 94 100 78 100 
100 83 89 67 76 29 26 7 61 100 100 96 100 100 18 4 47 62 100 12 0 45 20 100 55 79 100 90 100 42 79 66 56 47 100 100 100 100 71 65 100 80 100 56 14 100 100 100 98 47 100 98 65 29 100 90 100 0 100 2 41 100 82 96 100 100 100 63 55 100 
53 20 100 15 100 43 100 92 60 100 100 5 37 100 99 100 100 5 100 100 11 71 100 15 87 40 100 100 100 16 100 75 43 13 100 100 75 98 100 84 100 77 66 11 100 35 100 100 100 69 82 45 34 19 100 85 61 52 82 100 100 57 36 40 21 100 57 100 99 
74 22 93 83 35 100 19 47 100 100 43 48 48 23 14 100 100 1 100 0 99 51 100 100 11 51 92 18 71 100 100 100 100 33 28 100 89 100 81 71 100 100 92 100 95 100 2 40 100 8 51 83 100 100 26 100 100 48 100 77 100 100 100 4 89 27 100 100 
81 7 100 100 100 100 100 100 100 69 100 31 99 100 62 7 50 100 30 19 75 100 21 77 17 62 100 100 95 38 84 100 91 100 48 49 78 100 100 100 100 100 100 26 100 100 100 100 100 63 100 47 100 100 31 100 5 40 98 36 100 1 100 100 100 96 46 
79 37 46 100 100 54 54 85 99 66 4 65 100 100 35 100 17 44 100 61 33 100 0 100 100 100 23 100 42 76 12 51 100 100 3 100 50 70 15 100 100 78 100 33 23 100 18 53 87 22 80 100 37 100 100 100 100 29 100 17 31 100 6 100 45 100 
57 34 75 24 100 83 84 79 14 68 100 100 31 100 100 100 100 49 100 78 16 100 100 31 58 39 14 98 100 9 100 28 16 100 100 10 100 38 100 12 99 61 10 11 77 62 63 24 7 100 46 16 7 5 58 100 27 87 23 76 40 100 32 30 100 
69 64 100 51 64 100 84 100 37 100 10 88 100 61 23 61 100 30 22 100 5 93 100 100 100 100 34 2 100 100 9 100 100 88 100 100 95 100 100 100 100 95 100 61 100 100 100 100 63 18 100 100 100 100 100 100 21 100 86 30 1 100 86 81 
100 100 98 100 100 57 99 12 100 67 74 100 100 100 100 100 100 100 100 51 66 74 100 100 100 44 100 10 29 63 100 100 68 57 19 19 100 100 100 100 100 100 100 100 100 100 5 100 100 52 100 100 100 84 100 100 25 87 40 9 100 100 100 
100 18 41 38 100 100 16 100 67 100 100 58 100 24 48 100 100 36 100 21 100 66 100 100 100 61 86 69 100 100 100 100 100 100 100 79 100 100 100 5 100 100 100 100 100 100 16 100 38 100 100 100 100 100 100 90 100 100 100 100 100 100 
100 100 100 72 100 32 75 44 100 71 100 100 51 100 100 9 34 100 100 100 100 71 100 41 16 11 100 100 100 100 86 100 100 40 100 96 100 7 100 100 12 100 100 100 100 93 4 46 100 69 51 100 100 26 100 21 21 100 100 100 100 
100 100 100 5 97 100 100 84 100 100 56 100 100 100 100 100 7 100 100 63 18 100 20 100 100 89 83 100 100 100 100 100 100 15 100 13 100 100 100 100 38 100 100 100 100 80 100 100 100 100 100 100 100 100 100 100 63 35 100 20 
100 100 64 100 52 100 31 100 100 100 2 71 100 100 100 79 100 100 41 100 100 100 100 87 61 100 100 44 76 100 82 21 100 100 100 54 71 100 100 100 100 59 100 97 100 69 100 2 46 100 100 28 100 100 100 100 88 100 100 
0 100 43 100 100 100 86 20 100 23 100 100 100 100 100 87 100 100 100 2 3 42 100 72 9 100 79 46 100 94 21 100 100 100 100 80 43 100 100 100 88 100 100 100 100 100 100 100 18 100 100 100 100 100 100 10 19 100 
100 76 100 1 47 100 100 100 47 100 100 100 100 100 62 100 100 100 89 100 100 100 100 35 100 100 100 100 100 27 100 100 100 29 100 100 100 100 100 100 40 100 100 54 100 100 60 82 28 100 80 100 100 83 100 100 100 
9 100 100 100 7 100 6 100 100 100 42 100 100 100 100 100 100 100 100 100 100 52 100 100 41 100 100 100 89 4 100 100 100 100 22 100 100 100 43 100 100 16 13 100 84 100 100 36 100 56 100 74 100 100 100 53 
100 100 100 9 10 56 100 72 11 6 8 3 35 100 100 100 100 100 25 46 77 100 100 100 100 100 100 100 100 100 49 100 100 100 56 100 100 100 100 100 100 92 100 100 100 100 100 100 54 100 100 100 35 100 95 
28 100 10 100 100 25 100 100 100 33 100 100 100 100 100 100 100 0 100 48 55 100 4 98 0 100 26 100 100 100 4 100 100 41 100 100 22 54 100 100 100 100 1 100 37 20 33 100 56 73 62 100 29 100 
100 100 100 67 100 16 100 100 100 77 100 21 100 100 100 100 100 25 100 56 100 96 35 100 21 100 100 100 100 73 3 81 55 100 43 17 100 100 100 100 11 100 100 100 38 100 100 44 100 100 89 100 100 
100 100 69 100 100 100 85 95 39 100 100 100 66 100 43 77 100 62 100 100 100 18 51 100 42 100 100 100 85 100 100 100 29 100 100 100 100 100 10 100 100 100 100 21 100 33 46 100 100 80 88 100 
100 100 100 100 100 100 100 84 100 56 26 100 100 100 100 51 100 6 21 100 100 100 100 74 100 100 76 100 100 90 100 100 100 100 100 39 92 100 86 100 12 17 42 61 100 62 100 100 49 100 100 
100 52 52 100 12 100 79 100 100 100 100 10 100 100 100 51 100 100 54 13 100 100 100 100 100 100 100 100 0 100 99 80 100 100 100 100 78 100 100 100 64 29 100 100 100 61 23 73 67 100 
99 100 62 100 100 1 67 100 100 100 62 28 28 100 100 100 100 100 100 100 23 52 2 100 100 12 51 100 100 100 100 100 100 100 65 100 8 12 100 46 100 100 40 56 100 100 19 36 59 
100 100 79 66 100 100 88 100 100 100 100 100 9 73 100 35 39 100 42 100 100 100 100 100 100 23 100 87 100 100 100 100 100 100 100 94 100 100 100 100 76 100 100 8 100 100 100 67 
88 88 17 100 100 100 100 100 100 86 100 18 70 100 100 100 100 3 100 18 66 100 100 100 17 100 100 0 97 100 3 74 100 4 25 86 100 100 100 87 100 100 6 100 16 81 100 
100 81 100 28 25 100 100 100 56 68 55 100 100 100 100 100 100 100 100 100 100 100 100 100 25 100 8 100 100 100 100 56 100 55 100 100 100 4 100 100 69 100 100 47 49 100 
5 19 100 100 100 100 100 0 100 100 29 100 73 100 62 100 100 80 82 100 88 100 100 100 32 100 100 100 100 100 71 32 100 100 71 100 100 100 100 100 100 39 100 23 100 
100 100 100 87 100 100 14 100 85 56 100 62 47 100 85 100 100 100 100 59 40 100 51 18 100 100 100 100 100 100 100 100 100 100 100 100 71 28 100 70 100 100 100 58 
100 5 100 62 100 75 100 100 100 47 48 100 100 80 51 100 100 69 100 62 100 100 100 79 100 52 100 100 97 46 100 100 88 89 67 59 11 100 19 100 44 100 100 
53 12 100 100 21 100 100 100 100 48 76 4 12 75 100 100 23 100 100 66 55 100 100 55 100 100 100 100 100 40 100 14 100 100 74 100 100 100 47 81 100 100 
22 19 100 100 100 100 100 100 23 100 100 100 33 100 100 100 51 65 100 74 21 28 100 36 100 100 100 87 100 44 100 100 99 100 100 100 96 64 100 100 100 
100 100 55 100 99 100 100 100 100 74 65 100 100 100 79 100 87 100 26 31 62 69 100 100 100 100 100 100 100 100 40 37 19 45 100 100 3 94 100 100 
100 100 21 100 100 82 100 100 78 100 76 100 92 100 100 100 100 100 100 100 100 50 17 92 100 100 100 8 24 100 100 90 79 51 100 45 100 100 100 
100 100 100 100 100 2 99 100 100 53 58 20 81 100 100 100 100 100 47 41 100 10 0 100 100 3 100 100 29 100 100 93 1 61 100 100 100 72 
100 82 100 100 100 100 100 100 100 100 78 100 100 100 79 100 100 100 100 14 100 100 100 100 100 100 28 44 100 100 100 85 100 29 100 78 100 
100 100 100 100 80 100 100 76 79 100 100 100 100 2 100 100 40 100 100 100 100 100 100 100 100 100 100 100 100 100 10 100 75 100 100 3 
99 100 100 100 91 100 85 100 100 100 77 75 23 100 100 100 100 100 55 100 100 87 100 100 100 100 24 94 100 100 100 100 100 100 100 
78 47 78 54 100 100 68 100 28 100 100 100 100 18 100 100 65 100 100 100 20 100 100 100 100 100 93 48 100 100 65 100 100 100 
100 62 63 63 100 100 18 25 100 100 100 100 60 100 100 100 100 64 100 100 100 11 100 84 100 100 100 87 100 100 100 100 100 
100 73 100 100 100 100 100 53 100 45 33 75 7 100 38 100 100 100 100 100 100 100 100 100 2 67 100 100 100 56 100 100 
100 100 100 48 100 100 100 100 100 87 100 100 100 93 74 45 100 21 100 67 50 100 100 100 100 50 100 94 100 100 100 
46 49 100 82 50 92 36 100 100 100 100 100 60 9 100 100 7 100 100 100 46 85 46 100 100 10 100 85 100 100 
100 100 18 100 100 100 75 100 100 100 100 100 100 28 96 100 100 100 43 20 40 100 100 100 100 100 100 100 5 
100 100 100 100 21 100 100 100 50 63 100 100 100 100 65 100 100 100 100 100 32 100 100 97 100 100 76 100 
100 100 100 59 79 100 100 100 100 100 100 96 23 100 100 7 100 100 1 100 100 100 100 100 61 35 100 
100 100 100 77 100 43 100 69 100 54 100 74 65 40 100 100 100 59 27 100 94 77 94 100 50 100 
100 100 100 38 100 100 100 100 100 100 84 94 78 100 100 89 100 100 100 100 100 100 100 100 100 
100 30 100 100 87 100 100 100 100 100 100 57 9 100 100 71 100 91 100 100 100 100 98 50 
95 100 57 100 25 100 95 36 100 11 53 60 100 100 100 37 87 100 100 100 100 35 100 
100 100 100 85 100 61 100 56 100 100 100 100 58 100 100 97 89 100 49 100 98 95 
89 65 95 83 62 100 100 100 100 32 100 100 91 100 100 100 48 37 100 100 34 
100 100 7 68 64 100 100 100 100 23 7 100 22 97 100 100 8 100 100 100 
100 100 100 31 100 37 100 100 100 100 70 100 100 100 100 100 100 7 67 
100 100 54 100 45 100 100 100 66 70 100 44 100 100 100 100 100 100 
100 100 78 37 60 100 100 100 70 100 100 100 78 100 100 100 100 
100 100 100 77 100 100 100 100 91 100 100 100 100 100 56 62 
100 100 100 100 100 100 53 85 100 100 100 100 100 100 79 
4 100 100 100 29 34 100 100 78 39 100 100 91 74 
100 100 8 100 100 24 100 100 93 58 100 100 100 
65 100 100 100 100 100 65 100 100 100 100 100 
100 79 100 100 100 100 100 100 100 100 69 
100 100 63 98 89 100 94 100 14 100 
100 100 100 100 7 100 2 62 100 
100 100 100 26 100 100 100 6 
38 33 100 92 100 100 100 
100 100 34 64 100 100 
100 27 100 100 33 
100 11 25 100 
35 66 47 
100 100 
100 

