100 100
80 45 63 3 100 100 86 27 100 84 100 79 2 100 99 100 100 100 100 43 5 100 40 100 19 100 14 40 100 89 30 53 67 18 63 38 69 100 86 100 100 45 72 47 93 100 17 100 100 100 100 51 100 100 65 100 100 100 100 44 100 100 60 79 56 57 77 98 100 100 46 24 72 45 100 100 100 38 54 100 44 100 100 100 100 62 26 100 100 9 35 47 24 100 49 53 100 100 82 
100 81 80 49 88 64 76 100 82 100 100 77 100 100 100 71 64 56 37 100 100 100 89 67 3 100 100 41 100 83 64 100 54 100 21 4 100 100 92 13 100 42 100 100 100 100 100 100 1 89 88 74 100 86 56 71 65 99 100 100 100 100 26 25 43 100 49 100 39 76 83 85 77 64 100 100 56 31 60 100 0 21 62 100 100 36 52 100 100 17 24 46 100 37 100 42 100 69 
7 100 100 83 24 49 100 34 37 100 100 60 54 100 100 100 11 26 100 83 1 100 60 87 100 96 83 100 100 100 28 7 75 100 88 100 23 71 99 100 98 34 51 100 53 100 8 9 100 100 100 21 100 100 89 100 100 92 9 21 40 29 69 100 100 84 9 100 58 91 100 11 100 100 100 100 100 100 61 100 67 100 13 76 100 57 100 73 100 100 100 100 11 100 100 100 53 
38 100 94 94 20 100 23 76 60 61 100 100 100 30 13 52 100 6 47 100 100 2 78 98 100 6 100 85 80 100 65 32 84 51 0 4 100 81 27 26 100 100 45 100 87 100 87 100 77 100 47 95 2 11 30 100 100 75 64 100 24 42 100 12 100 100 27 100 100 100 31 73 100 16 100 100 6 0 82 83 100 45 12 100 72 100 100 100 40 23 27 100 88 68 81 70 
100 7 100 100 30 86 20 100 49 76 100 100 100 98 27 100 96 25 100 38 68 100 83 19 65 100 98 20 59 100 9 100 100 100 36 46 100 100 91 100 100 9 100 44 74 21 34 56 69 100 26 49 31 35 47 94 15 41 63 100 100 2 5 13 41 100 100 100 100 36 19 11 100 100 100 100 48 100 80 100 100 59 100 100 89 40 100 100 100 15 100 5 100 57 21 
96 35 100 100 11 49 57 12 43 100 84 100 100 64 100 100 52 12 75 13 26 100 56 44 100 20 41 100 84 100 63 41 100 50 100 65 100 46 100 100 81 32 40 100 46 93 46 100 1 100 50 100 100 100 0 17 28 100 96 100 1 100 100 57 100 31 100 10 27 100 100 93 100 100 100 100 100 10 44 100 100 49 100 57 100 77 47 15 100 100 89 98 100 18 
100 100 20 100 10 100 100 100 100 43 25 62 100 100 0 58 100 100 100 42 84 100 98 100 100 100 100 100 58 100 41 63 90 100 100 89 24 50 100 75 66 100 97 25 50 100 100 100 93 100 7 100 100 86 100 5 100 45 100 46 22 69 100 58 100 19 100 100 92 100 9 100 47 95 62 14 100 100 71 100 43 100 100 87 100 39 61 79 78 100 100 100 100 
28 98 100 100 43 5 56 2 100 100 100 100 100 18 61 100 58 100 100 70 34 14 100 100 100 88 84 6 28 56 10 95 85 100 100 100 100 100 100 8 45 64 100 100 51 2 7 90 95 100 100 100 11 100 27 56 100 100 77 100 100 53 100 100 67 0 100 84 100 95 100 18 100 100 100 78 34 64 100 99 100 100 100 77 51 34 100 20 57 100 100 88 
34 100 100 44 42 79 100 100 100 100 44 18 45 100 100 100 13 61 19 39 100 100 69 97 100 100 37 100 100 52 40 100 39 15 100 50 73 100 100 31 61 100 15 63 95 100 100 100 36 68 100 100 100 67 20 83 62 100 18 96 85 51 100 15 100 100 47 100 100 100 100 100 100 100 31 100 92 100 63 100 100 30 100 37 100 100 14 9 100 100 100 
45 24 100 75 100 100 94 0 100 100 100 100 1 100 100 79 100 100 76 65 93 100 100 56 65 100 34 51 100 100 100 82 64 64 36 100 73 77 100 81 100 53 100 100 100 100 100 100 3 100 52 89 78 43 100 100 100 50 82 100 64 100 100 100 73 18 100 24 23 38 100 95 26 1 81 100 100 100 100 87 87 100 100 100 100 67 100 100 100 100 
18 49 31 100 100 19 60 6 18 8 81 100 76 53 3 43 78 100 100 100 57 100 20 29 36 80 83 100 43 100 100 100 17 43 100 73 100 100 100 49 8 30 21 2 81 100 100 76 100 15 37 100 68 100 2 35 100 100 40 100 100 100 100 100 62 100 100 100 100 63 1 100 20 86 47 100 99 47 41 42 67 100 100 91 100 100 100 1 100 
100 97 23 100 63 59 100 31 100 18 17 99 100 29 100 100 100 37 45 84 68 19 100 100 91 100 92 100 68 100 34 100 66 24 100 6 85 66 70 81 34 47 100 69 100 62 63 100 39 100 100 45 100 100 100 2 83 28 10 45 100 33 100 27 91 95 100 100 100 100 100 100 100 100 10 36 11 68 77 100 25 91 100 64 19 100 100 100 
4 4 91 100 100 36 46 100 1 88 27 72 44 76 66 100 100 10 100 100 84 100 0 100 65 80 100 53 100 100 87 100 18 100 15 100 68 100 75 100 19 59 55 10 100 100 100 47 21 66 4 100 91 24 31 100 52 100 11 100 100 100 100 100 100 100 34 96 97 40 96 100 71 100 82 18 100 100 34 20 100 79 100 96 100 20 50 
100 75 100 100 100 100 34 100 28 100 100 77 100 100 25 92 71 87 100 100 70 100 83 37 100 100 55 67 100 100 100 96 100 19 52 6 75 100 100 38 90 100 40 100 86 100 54 100 25 100 100 30 100 96 100 68 100 100 100 53 100 100 60 100 6 67 100 9 48 100 100 42 22 36 68 100 43 100 41 100 100 100 62 100 100 47 
35 75 100 100 100 100 25 100 100 100 100 100 97 95 10 100 100 73 100 100 100 37 100 100 100 100 73 100 50 5 100 100 100 100 100 93 100 40 100 100 100 23 52 42 100 17 38 4 75 100 28 98 44 100 80 100 92 1 100 100 100 100 100 100 100 100 79 27 86 33 100 78 100 100 100 54 100 79 66 30 100 53 1 51 3 
100 100 100 78 10 86 100 29 100 7 100 70 42 100 27 9 100 11 20 23 100 1 49 35 100 100 100 100 2 100 3 30 100 100 100 95 100 100 91 100 100 83 45 15 40 100 100 83 17 84 78 36 41 30 67 87 57 9 4 5 100 0 100 100 1 82 46 38 16 29 66 99 47 91 100 57 100 54 100 61 100 23 70 40 
100 100 25 100 55 1 100 32 61 100 100 15 100 14 32 31 94 93 43 6 100 100 84 63 46 100 60 100 80 59 100 6 100 100 83 56 59 51 17 100 100 31 100 23 100 37 64 36 100 100 100 70 28 24 87 7 47 100 2 100 33 36 7 36 100 100 40 83 100 11 90 38 11 33 100 100 4 100 100 9 58 46 36 
100 100 30 100 7 64 100 100 100 47 17 26 26 38 100 47 100 100 15 100 70 2 32 100 100 100 100 100 100 29 88 100 40 100 75 99 70 100 100 11 68 100 100 100 76 100 100 100 39 98 56 100 83 100 100 61 100 65 84 46 100 100 100 87 100 100 77 40 42 100 63 100 100 81 69 7 100 86 86 100 92 100 
84 100 53 22 71 62 57 100 100 100 64 32 84 28 91 63 34 100 28 100 100 100 81 21 54 74 75 46 55 100 10 3 28 70 26 57 90 100 100 5 70 100 100 37 0 98 100 100 10 63 35 33 100 81 39 100 100 100 45 100 100 100 35 96 88 47 100 52 82 78 99 100 70 100 100 100 62 100 11 4 63 
77 7 100 15 100 10 66 16 100 27 41 61 72 100 100 36 100 67 100 55 100 100 88 86 57 56 59 100 100 90 100 100 78 52 4 98 37 100 58 100 100 100 66 4 100 100 100 40 10 100 100 100 100 100 100 100 93 24 100 89 100 25 81 100 100 61 100 100 100 100 33 100 100 36 37 52 100 100 74 57 
100 83 45 100 70 44 100 0 100 31 90 19 10 100 100 32 29 100 100 100 45 88 90 18 100 84 100 70 13 48 100 100 81 69 100 100 97 100 100 66 100 85 100 56 100 100 100 20 65 100 18 100 100 58 100 54 100 100 71 8 3 92 23 66 50 73 64 100 69 84 100 12 73 100 82 100 100 51 100 
100 100 100 55 65 100 100 34 100 81 100 64 99 96 41 100 100 57 44 100 97 62 29 59 100 100 7 100 100 100 14 100 81 100 70 100 100 99 100 100 9 69 100 100 71 45 8 100 28 57 100 100 100 54 82 100 73 84 81 35 86 80 84 100 100 94 40 100 100 100 4 32 100 83 100 100 8 29 
56 100 43 100 100 17 49 100 100 67 100 50 100 34 24 45 51 83 30 20 100 100 100 100 100 83 100 73 19 100 74 100 36 39 100 100 100 72 100 100 88 100 64 98 100 100 13 24 49 100 17 58 38 24 12 81 100 9 100 69 31 9 100 100 100 51 100 100 21 40 24 100 100 46 100 79 100 
71 95 100 100 100 75 0 53 100 73 36 100 100 57 100 100 7 17 61 100 100 100 10 100 23 17 62 100 36 42 30 100 69 100 73 100 32 82 67 41 100 100 55 100 100 100 40 100 19 100 100 100 100 89 21 100 7 60 100 55 100 100 100 100 78 39 29 67 100 100 100 100 100 37 55 100 
55 56 99 52 100 100 36 100 100 48 44 100 1 37 100 100 11 84 60 87 100 100 87 100 100 100 100 100 100 100 100 30 100 100 45 38 100 100 100 17 100 100 100 55 100 100 55 100 100 100 90 100 55 20 1 25 42 100 81 100 56 100 28 60 100 64 80 42 60 95 17 23 5 79 97 
16 100 56 84 93 100 42 100 100 100 54 24 77 29 100 100 100 74 40 31 34 100 53 24 78 76 34 100 5 85 100 100 59 80 100 29 100 100 98 100 86 100 63 100 100 100 65 100 100 49 51 100 74 100 100 80 100 84 100 91 97 100 87 80 38 29 100 100 100 100 100 100 19 36 
100 16 100 40 29 100 91 32 100 73 100 83 64 100 41 100 95 100 100 35 100 100 100 100 5 78 26 57 60 1 56 62 65 100 100 40 100 15 33 75 50 100 100 33 100 10 21 77 100 59 100 100 89 69 8 96 100 11 13 35 12 100 72 60 83 94 100 100 100 8 100 100 52 
91 100 99 88 100 81 29 100 53 12 100 83 66 76 100 100 82 100 100 100 17 100 14 100 71 7 20 100 1 100 100 100 81 100 100 13 78 100 97 100 100 91 100 59 100 55 14 34 100 77 82 100 100 45 100 21 41 97 100 100 100 100 100 53 11 100 100 100 98 51 49 100 
100 100 54 100 31 100 100 5 100 100 100 11 100 100 76 20 67 100 45 100 100 72 34 66 100 99 21 76 56 10 32 98 25 49 36 20 100 100 100 100 67 27 100 30 100 67 89 46 100 100 100 35 52 100 2 100 19 100 49 40 100 100 20 73 43 39 100 100 34 7 52 
100 100 100 55 100 100 100 33 100 96 11 100 97 75 100 100 100 62 100 100 100 39 2 100 96 11 38 61 100 59 100 100 100 100 69 100 100 100 100 4 94 70 68 68 40 32 19 40 97 100 100 38 20 16 100 11 100 14 100 74 18 60 55 100 49 20 14 82 100 100 
85 100 82 84 45 100 42 81 52 100 100 100 74 100 98 100 100 3 66 85 20 100 90 100 34 98 100 100 100 100 100 53 100 100 100 100 54 70 100 71 100 93 100 25 17 71 100 5 100 100 30 41 29 100 49 100 100 80 37 100 69 100 82 58 100 100 70 62 21 
100 28 33 45 100 100 100 51 38 100 100 100 100 68 100 15 91 37 87 100 100 85 100 70 100 13 100 100 100 77 100 100 46 100 100 100 42 42 19 100 100 9 58 79 27 58 100 100 35 39 6 100 100 8 100 60 79 100 89 100 100 100 100 64 67 100 100 84 
66 49 92 49 93 67 100 9 100 100 90 48 95 26 27 100 100 31 9 93 59 57 100 100 69 100 100 68 32 64 100 100 100 100 50 16 100 100 100 3 100 100 41 34 80 100 100 59 25 100 54 15 100 52 62 1 100 40 62 100 100 100 96 100 72 0 91 
100 100 7 100 93 59 100 83 94 100 75 100 4 88 13 100 62 51 100 10 100 33 100 100 79 100 53 93 34 100 50 100 100 100 5 100 100 100 58 100 100 31 100 37 100 51 79 100 100 20 62 100 100 100 100 100 100 100 100 95 100 48 28 20 100 59 
43 100 90 74 100 95 53 69 30 24 3 37 94 15 59 55 100 47 100 100 18 100 85 100 100 100 100 69 100 12 100 100 26 100 84 100 100 83 40 8 100 54 100 18 2 54 90 0 43 100 58 3 1 97 94 45 100 100 100 100 62 100 100 100 100 
100 2 12 34 23 38 100 100 41 100 100 31 100 100 100 19 100 96 62 100 51 100 100 18 84 100 42 100 36 100 38 100 40 100 100 100 100 100 28 14 100 35 81 26 39 100 12 74 48 82 70 1 48 100 81 100 100 41 21 100 82 100 27 97 
100 100 41 62 3 100 67 100 90 100 100 100 71 63 100 100 92 90 99 100 100 50 65 100 76 100 100 29 100 100 20 100 77 96 7 46 100 100 84 54 8 100 46 94 64 57 60 18 52 3 100 98 28 3 5 42 100 22 100 100 100 100 56 
56 79 14 97 99 34 94 100 5 83 32 91 100 58 10 86 100 100 32 35 97 51 71 55 18 73 100 47 100 19 100 8 100 100 55 67 54 100 100 100 4 100 15 90 48 100 69 100 25 77 98 100 100 100 100 79 100 63 100 100 100 100 
17 1 100 100 23 100 42 79 100 100 82 100 100 100 100 73 100 100 97 100 22 79 100 17 52 36 100 100 100 42 100 100 30 56 40 97 100 100 84 100 99 63 100 35 100 68 32 100 5 87 100 100 100 100 50 45 100 31 5 34 100 
100 49 97 100 42 100 69 100 100 100 41 53 100 100 18 11 100 100 89 100 96 100 20 100 53 56 26 100 30 100 16 100 94 84 100 10 100 92 10 10 100 64 100 98 57 95 33 3 100 100 5 88 57 100 34 100 29 100 100 73 
100 100 100 100 70 96 90 84 22 100 100 100 7 59 69 34 100 97 1 83 100 100 16 63 100 100 100 71 52 100 86 6 3 100 100 98 26 78 23 8 100 100 9 73 38 100 1 91 100 100 59 22 71 86 60 4 21 100 100 
58 100 16 86 100 100 92 64 100 100 87 69 33 100 27 100 58 100 100 32 4 92 35 32 100 96 30 23 100 100 100 52 13 47 32 100 59 46 100 100 44 51 19 100 48 100 24 100 100 69 64 65 100 100 100 45 100 100 
58 100 93 100 56 89 49 100 100 100 100 5 100 86 43 68 100 81 0 3 7 12 100 1 100 48 100 100 42 100 100 38 100 7 100 100 51 100 74 60 32 100 20 100 100 100 71 100 100 23 51 52 79 10 100 100 54 
41 67 18 100 100 15 6 100 54 20 8 5 10 100 64 57 45 42 100 3 2 100 100 16 86 50 100 74 41 100 97 38 35 100 100 100 100 100 5 100 100 65 100 18 28 100 26 100 100 100 100 39 97 66 92 22 
48 100 100 94 29 61 100 12 100 10 100 77 98 96 30 100 100 100 88 100 100 100 77 100 62 29 100 100 100 100 100 9 100 100 54 63 94 46 18 2 100 52 23 43 78 0 100 100 78 20 86 64 22 25 26 
10 11 100 100 100 53 100 23 60 100 100 57 100 100 81 8 56 95 35 63 55 100 100 46 77 100 56 48 3 10 96 100 100 66 23 40 100 100 53 100 31 12 2 100 66 100 100 100 61 94 49 84 57 24 
74 100 100 100 79 24 51 100 100 100 100 100 1 41 100 52 100 100 97 100 23 86 100 2 2 100 40 4 15 100 100 100 71 44 56 100 100 86 100 100 100 59 45 77 100 100 21 12 100 39 100 100 12 
100 77 18 96 89 100 100 35 100 34 100 46 30 26 100 100 13 47 100 100 100 75 9 5 100 100 58 100 97 100 94 3 100 47 37 100 100 10 100 100 100 100 100 100 43 100 60 100 23 100 57 76 
67 100 100 24 100 100 65 100 100 100 50 100 100 100 100 37 100 100 31 83 73 100 97 100 100 98 100 29 100 98 34 76 62 89 100 82 30 84 6 100 70 100 1 30 29 100 100 0 100 30 100 
8 32 100 100 84 100 45 100 100 79 28 52 100 100 76 90 83 7 100 100 100 100 22 20 22 100 57 2 10 100 100 100 64 44 100 100 100 100 75 74 100 80 3 100 100 14 9 100 100 100 
92 80 12 100 100 100 100 97 93 100 100 100 63 100 51 100 100 100 49 100 29 24 100 44 83 100 100 74 15 100 100 72 26 66 39 72 19 36 85 86 100 89 19 37 100 85 100 66 100 
50 100 100 60 100 44 76 0 82 64 7 100 8 18 25 20 33 100 100 94 72 90 54 24 18 73 61 51 61 100 45 93 14 50 100 48 100 50 100 100 100 15 100 100 100 100 100 100 
100 100 100 74 77 28 40 74 16 100 100 100 100 98 11 100 14 31 30 81 20 100 100 100 100 87 98 100 11 79 63 100 19 17 100 40 63 61 60 84 100 100 78 7 23 100 13 
100 0 31 100 67 51 100 83 72 84 100 100 100 100 100 100 100 19 72 100 58 36 28 76 100 58 100 41 15 26 25 100 100 63 76 59 20 100 82 100 100 39 22 100 6 100 
31 53 78 84 100 100 100 72 100 80 100 79 100 13 90 25 24 100 42 100 2 49 100 100 21 100 100 100 100 32 100 100 5 26 100 100 100 85 69 4 25 79 2 100 100 
100 100 100 100 13 16 62 40 8 100 100 85 96 32 100 100 5 96 100 100 23 25 100 50 100 100 65 100 79 32 49 20 91 95 73 100 100 50 100 3 33 19 13 22 
100 8 100 100 100 100 100 100 100 100 100 100 55 12 1 100 100 35 54 60 70 100 75 41 11 28 100 10 75 74 100 100 4 100 94 40 5 100 100 100 100 70 100 
29 21 41 100 3 66 20 32 100 5 88 100 100 41 25 54 27 14 84 100 23 100 100 100 70 60 100 100 76 100 100 100 100 69 100 95 38 65 9 13 100 10 
45 60 100 100 100 59 100 98 100 37 100 100 100 100 100 100 33 100 90 34 86 85 100 15 100 100 100 100 68 70 100 28 21 99 100 100 44 44 55 55 100 
74 100 46 100 100 100 62 100 100 90 48 33 100 65 100 61 100 100 100 100 100 31 64 33 100 0 53 100 30 100 72 100 11 100 100 84 100 100 100 32 
100 58 9 100 100 100 98 29 40 6 81 100 100 86 100 54 66 100 7 54 100 38 17 100 4 96 100 4 4 32 1 61 100 100 100 20 36 45 1 
65 75 91 100 62 100 100 100 100 22 100 94 100 100 42 37 46 100 47 26 8 100 8 29 58 100 85 96 100 14 26 100 63 58 100 100 54 50 
100 39 100 100 87 100 100 100 47 100 36 100 50 89 100 100 86 22 71 21 100 74 93 100 97 6 25 100 100 86 100 100 100 100 100 81 73 
100 100 21 4 100 100 100 80 32 51 79 100 100 100 44 3 28 19 100 63 100 52 100 100 100 18 82 31 100 52 81 90 100 100 6 100 
100 100 64 100 100 100 12 52 44 100 100 89 100 36 100 92 100 100 82 20 100 100 32 65 48 15 100 79 4 100 79 98 54 24 100 
98 1 49 100 100 100 100 100 100 71 76 100 100 13 100 100 51 69 37 64 42 13 31 100 20 100 100 28 100 72 92 69 100 34 
100 32 59 100 93 39 97 1 100 67 92 100 7 100 100 55 100 93 100 100 100 100 100 15 100 21 100 79 100 100 46 27 100 
100 100 6 55 2 94 100 96 13 100 100 5 100 100 100 57 23 77 43 100 15 52 100 12 100 100 100 11 100 19 21 20 
44 100 100 100 100 77 83 10 17 64 98 53 100 100 99 75 100 100 77 100 29 100 82 54 39 100 59 40 100 54 100 
100 98 100 18 100 100 100 100 100 100 100 100 100 100 100 100 100 100 100 100 100 100 100 100 100 100 100 100 100 100 
100 100 100 100 100 100 100 100 100 100 100 100 100 100 100 100 100 100 100 100 100 100 100 100 100 100 100 100 100 
100 100 100 100 100 78 100 100 100 100 100 100 73 100 100 100 100 100 100 100 100 100 100 100 100 100 100 100 
100 100 100 100 100 100 100 100 100 100 100 100 100 100 100 100 100 100 100 100 100 100 100 14 100 100 100 
100 100 100 100 100 100 100 100 100 100 100 100 100 100 100 100 100 100 100 100 100 100 100 100 100 100 
100 100 100 100 100 100 100 100 100 100 100 100 100 100 100 100 100 100 100 100 100 100 100 100 100 
100 100 100 100 100 100 100 100 100 100 100 100 100 100 100 100 100 100 100 100 100 100 100 100 
100 100 100 100 100 100 100 100 100 100 100 100 100 100 100 100 100 100 100 100 100 100 100 
100 100 100 100 100 100 100 100 100 100 100 100 100 100 100 100 100 100 100 100 100 100 
100 100 100 100 100 100 100 100 100 100 100 100 100 100 100 100 100 100 100 100 100 
100 100 100 100 100 100 100 100 100 100 100 100 100 100 100 100 100 100 100 100 
100 100 100 100 100 100 100 100 100 100 100 100 100 100 100 100 100 100 100 
100 100 100 100 100 100 100 100 100 100 100 100 100 100 100 100 100 100 
100 100 100 100 100 100 100 100 100 100 74 100 100 100 100 100 100 
100 100 100 100 100 100 100 100 100 100 100 100 100 100 100 100 
100 100 100 100 100 100 100 100 100 100 100 100 100 100 100 
100 100 100 100 100 100 100 100 100 100 100 100 100 100 
100 100 100 100 100 100 100 100 100 100 100 100 100 
100 100 100 100 100 100 100 100 100 100 100 100 
100 100 100 100 100 100 100 100 100 100 100 
100 100 46 100 100 100 100 100 100 100 
100 100 100 100 100 100 100 100 100 
100 100 100 100 100 100 100 100 
100 100 100 100 100 100 100 
100 100 100 100 100 100 
100 100 100 100 100 
100 100 100 100 
100 100 100 
100 100 
100 

