100 100
67 100 72 29 43 43 41 83 74 100 87 34 38 86 99 92 56 30 31 23 16 23 56 32 100 100 86 55 13 87 100 42 100 4 100 100 98 65 6 5 37 82 40 54 7 97 39 91 100 100 48 17 100 12 100 99 94 15 58 6 3 16 100 25 100 100 32 4 11 67 100 72 100 33 65 100 83 100 80 46 100 47 83 100 93 92 96 100 34 34 45 100 31 30 100 38 68 94 88 
100 48 100 40 67 25 100 12 80 11 100 52 1 75 97 72 49 37 100 69 79 47 86 42 42 100 100 69 100 100 98 100 61 25 82 81 80 41 85 45 56 5 8 100 12 100 45 100 100 90 19 55 69 53 51 62 100 53 100 3 2 100 31 44 96 36 100 100 3 72 74 17 78 97 6 29 94 59 100 100 70 75 24 100 100 65 100 41 100 100 100 100 57 56 58 58 100 41 
12 100 100 7 9 100 100 100 39 1 8 16 100 76 100 78 74 100 61 48 61 47 99 17 100 33 93 100 33 4 53 100 100 100 100 37 21 10 29 100 61 8 28 88 32 37 67 100 88 30 100 21 34 98 100 100 49 78 55 40 100 90 100 100 69 9 97 38 4 60 58 43 100 93 100 25 100 70 100 52 87 75 85 73 9 59 96 80 11 100 54 58 81 95 19 52 45 
100 100 100 74 28 96 84 100 34 29 56 100 31 44 100 62 50 59 36 31 64 49 86 100 23 100 34 1 93 100 5 100 100 7 86 9 60 73 100 51 100 71 30 100 75 100 64 100 66 100 47 100 12 94 21 100 47 53 100 46 88 46 100 100 90 90 100 100 99 100 33 94 100 100 100 23 0 19 57 100 100 68 76 84 3 68 4 100 3 35 51 100 40 43 100 93 
47 24 17 100 88 100 100 43 16 16 100 100 27 55 44 10 100 84 94 100 100 77 56 59 16 100 80 63 100 92 61 1 43 100 86 88 100 59 100 48 100 94 69 2 100 100 100 7 95 81 42 20 7 100 18 100 100 31 72 38 97 23 100 100 14 100 100 100 47 20 57 100 32 100 100 54 100 2 100 100 4 0 100 75 100 100 41 75 25 100 90 21 94 100 77 
67 100 100 71 100 5 46 24 98 100 100 64 100 22 100 100 100 100 62 57 100 65 100 51 100 18 96 100 100 46 100 52 4 100 28 62 44 55 100 91 41 72 71 85 37 91 19 88 100 52 100 59 92 100 21 100 100 100 16 60 95 91 100 27 100 68 100 92 95 12 46 54 28 16 19 99 69 98 100 27 5 4 100 52 100 41 12 100 62 33 77 100 25 15 
28 100 54 55 11 100 50 65 61 100 4 100 29 54 100 81 100 35 78 96 15 100 100 96 3 42 100 100 54 53 55 100 22 100 100 82 100 14 52 55 64 99 100 100 100 8 71 27 100 53 0 18 43 1 3 100 28 35 100 100 100 22 22 12 3 16 22 59 33 100 7 100 89 66 100 83 33 100 100 100 21 41 84 48 100 14 42 94 59 52 53 81 65 
27 39 100 100 47 100 100 100 85 100 56 47 100 100 87 88 20 46 9 54 100 68 83 30 84 100 100 59 100 54 58 91 77 100 100 100 60 45 10 64 59 100 22 100 28 49 100 100 100 88 41 96 77 67 8 34 98 50 15 68 64 14 83 100 100 100 100 41 32 29 13 100 33 84 40 100 24 18 100 95 100 24 82 1 100 100 57 80 100 33 40 45 
100 90 34 36 75 84 9 93 36 31 100 75 77 82 61 100 100 3 100 18 94 0 100 64 41 23 100 22 57 100 44 52 30 100 78 100 65 100 91 25 100 47 26 100 74 39 83 11 22 89 100 10 100 35 73 98 100 42 100 60 58 68 33 99 24 100 46 100 100 72 100 76 100 84 33 23 100 72 100 93 100 100 100 26 43 100 100 100 66 100 33 
10 79 3 68 100 30 66 100 76 41 100 16 7 100 38 100 89 11 100 66 21 74 100 4 97 100 72 100 94 17 15 100 20 100 100 98 19 100 11 43 100 100 56 64 67 34 100 55 71 100 16 22 100 94 52 9 4 62 100 100 11 79 45 100 63 23 43 100 67 43 24 69 100 47 53 89 62 91 28 100 60 100 100 100 70 4 93 56 49 82 
71 30 23 88 76 50 80 82 61 100 90 100 77 79 100 74 60 100 30 66 100 84 27 55 100 22 34 21 77 41 96 100 19 94 38 100 10 100 100 18 52 100 48 13 28 80 100 72 100 15 100 46 70 100 100 30 88 55 3 100 100 21 4 80 100 37 68 79 66 16 100 100 100 92 100 100 77 17 88 100 72 38 16 16 29 100 52 28 100 
100 67 20 100 99 100 60 100 59 78 56 44 100 66 24 100 2 32 100 20 100 38 37 100 18 22 87 24 100 43 26 22 100 96 100 53 65 93 64 58 2 29 32 84 84 100 62 13 51 100 100 100 65 1 43 100 9 100 11 9 95 40 64 100 38 100 31 100 43 1 100 76 26 13 63 100 100 100 37 100 100 53 25 1 95 50 3 44 
63 40 80 51 100 29 100 100 42 77 100 100 88 78 100 33 21 92 1 6 96 100 44 86 100 39 73 29 100 64 30 3 85 100 100 92 31 100 0 72 48 50 100 87 16 8 30 85 11 4 100 68 100 39 100 54 35 24 100 69 100 7 24 12 6 100 100 100 80 81 68 65 93 20 100 100 100 100 12 100 8 40 16 100 15 15 0 
79 100 100 7 43 77 100 89 100 96 100 100 100 100 96 7 14 63 25 88 9 85 64 100 21 85 91 100 100 34 100 45 41 100 50 40 46 100 34 19 80 63 74 100 27 100 11 4 100 71 92 100 98 100 100 45 53 11 41 19 7 100 100 100 100 100 100 14 95 40 100 27 100 88 100 100 100 10 100 19 100 29 100 34 72 18 
26 100 10 55 87 100 90 100 60 100 35 100 38 100 100 18 100 13 64 5 29 100 96 74 100 100 100 13 100 100 100 30 100 38 52 100 82 100 100 81 4 54 17 53 76 54 84 80 65 84 100 86 25 46 94 100 100 100 14 71 83 99 21 33 45 100 89 20 100 100 22 100 94 100 100 83 20 49 10 25 83 100 31 100 100 
100 51 100 23 100 100 67 7 16 71 31 44 100 100 100 100 18 60 54 51 100 2 98 13 12 39 98 24 34 24 65 52 69 22 100 100 34 18 82 45 12 68 86 100 66 91 39 69 100 55 100 21 49 93 67 100 100 70 83 51 100 66 63 62 56 100 16 100 50 100 100 30 75 90 100 1 87 100 100 10 76 9 66 97 
24 31 97 100 37 100 3 23 100 88 17 65 69 26 50 100 26 9 76 100 100 70 100 98 100 66 49 100 51 100 95 6 1 34 69 93 100 100 35 100 100 97 28 100 22 60 51 100 71 100 57 9 100 4 91 91 27 10 81 35 11 68 100 16 86 100 100 1 4 2 54 100 100 6 100 53 10 40 100 22 93 100 100 
100 4 1 78 29 27 100 73 50 50 77 12 100 100 34 63 33 93 100 49 90 39 100 49 26 36 77 100 46 73 46 100 43 100 54 68 100 100 42 5 100 65 70 94 79 100 100 71 100 52 53 100 100 57 100 83 21 100 72 100 85 83 0 2 84 59 31 50 85 100 100 65 100 100 100 100 100 62 100 100 100 53 
0 33 93 86 22 8 23 100 100 19 73 81 28 100 100 57 25 100 100 66 100 94 59 100 27 52 1 15 53 35 100 66 100 100 17 99 43 100 35 95 100 89 59 100 100 6 10 65 100 22 100 14 28 1 100 75 100 37 100 100 68 41 100 47 50 74 9 10 43 100 100 92 100 47 21 100 100 86 21 100 21 
100 16 31 36 1 61 100 14 25 26 89 83 98 12 92 17 91 3 38 8 94 14 100 100 100 20 51 100 61 100 55 39 47 100 30 55 84 100 94 100 37 32 99 100 100 74 24 100 44 70 21 100 61 100 0 86 100 44 84 56 32 84 50 0 28 43 77 100 100 48 93 100 78 100 70 93 31 65 100 2 
14 81 100 100 68 7 43 3 65 100 100 85 80 100 54 100 100 100 89 100 100 25 39 69 28 100 100 100 100 72 10 52 34 47 100 100 8 31 100 43 16 44 100 8 92 53 43 19 100 100 46 91 32 28 77 63 93 25 52 13 14 97 77 1 74 43 100 100 14 4 47 29 100 78 79 100 100 100 93 
49 57 61 28 99 100 100 64 100 2 100 64 51 72 59 10 100 18 4 40 100 100 100 100 100 46 5 32 100 29 100 100 86 100 100 32 63 61 100 10 0 100 14 70 10 100 9 78 100 67 14 15 52 25 69 9 14 11 57 94 40 13 74 80 32 10 64 100 100 58 100 16 53 71 26 17 100 100 
100 32 90 61 37 29 100 76 17 99 100 24 86 100 63 100 97 77 19 5 100 100 100 42 2 84 100 100 91 57 86 76 100 56 34 100 100 41 2 100 54 59 8 100 32 63 57 100 27 87 34 86 18 7 100 100 35 24 81 100 100 81 100 100 58 87 41 10 92 100 14 20 100 64 78 100 72 
14 22 59 66 92 100 41 2 28 2 78 6 83 42 85 100 100 100 100 39 100 98 66 27 3 100 27 89 100 100 39 79 65 61 11 71 37 78 8 7 7 73 38 55 40 100 100 2 97 97 100 32 28 100 79 100 62 46 51 100 98 9 100 84 100 25 71 100 19 100 80 100 100 60 100 1 
100 13 55 61 90 100 62 5 54 27 81 100 100 28 100 100 88 100 44 57 16 44 44 58 9 52 97 9 100 100 100 99 100 23 54 64 63 100 26 12 93 100 8 67 90 59 98 24 94 100 15 38 79 100 2 100 18 100 67 44 100 69 74 81 24 100 93 28 100 14 100 31 20 75 26 
6 9 16 32 100 100 100 100 100 54 15 23 100 92 69 100 67 90 98 100 100 100 62 99 52 81 10 100 14 29 21 100 100 53 99 100 100 12 40 100 36 62 11 100 100 100 100 44 4 100 11 56 45 71 100 38 100 8 85 100 62 3 4 17 100 48 100 92 97 100 2 76 100 25 
7 34 100 100 50 89 24 77 61 59 39 31 100 100 18 100 78 0 100 4 8 100 57 54 78 100 100 100 45 100 43 100 100 100 66 39 51 52 87 93 9 3 100 86 31 100 100 21 16 74 40 76 100 100 100 80 15 76 37 100 8 65 100 55 4 38 33 17 16 100 100 72 16 
100 28 57 100 53 35 64 100 13 1 11 100 50 95 100 100 28 0 5 70 46 76 43 0 52 100 26 67 100 74 100 100 100 100 17 100 100 24 56 92 25 0 25 69 96 17 26 84 74 60 63 20 100 27 100 100 38 25 100 100 63 23 100 30 37 59 9 29 19 50 30 86 
46 100 100 32 54 14 100 98 97 100 82 100 100 69 69 56 14 55 57 100 15 100 66 26 100 100 20 97 100 100 29 46 100 15 100 100 100 3 80 40 100 73 1 96 100 78 100 100 100 100 100 36 86 54 46 100 47 100 40 90 61 0 2 14 16 44 61 100 100 19 34 
63 100 100 44 37 100 93 88 76 96 42 97 95 100 100 91 31 84 76 51 100 100 25 100 63 100 18 11 100 100 53 11 50 100 100 84 13 100 100 47 100 83 86 100 80 100 100 80 31 29 4 61 34 56 80 27 100 60 100 89 100 98 20 41 6 13 83 47 100 7 
46 39 68 100 21 100 92 84 100 36 100 100 74 30 82 24 1 100 89 78 26 43 6 9 27 22 99 89 90 10 100 61 83 54 100 100 35 37 100 27 35 86 40 100 73 68 10 1 79 100 100 35 40 90 100 20 11 46 30 93 81 44 84 28 21 34 100 78 100 
3 90 13 100 43 100 100 38 57 72 100 100 58 68 44 100 94 87 70 32 100 40 100 43 9 100 59 2 100 46 100 100 100 45 58 100 100 86 39 91 100 100 57 100 100 100 100 45 10 81 100 6 44 37 54 32 100 100 48 82 100 83 35 100 100 32 19 100 
100 100 11 57 100 12 100 56 100 96 100 100 38 60 63 100 40 91 100 0 49 100 100 81 58 31 93 54 100 100 1 100 38 33 100 9 47 1 51 83 79 6 100 100 84 100 48 100 100 100 100 100 100 100 44 100 100 92 44 26 92 100 100 0 69 100 100 
98 97 100 37 87 100 100 58 100 100 65 2 87 73 39 32 27 100 100 51 97 0 96 5 48 33 100 100 100 53 87 50 85 55 41 37 100 100 88 51 14 40 65 77 58 100 100 100 43 97 100 21 91 28 57 100 100 100 20 80 100 100 100 100 69 6 
51 93 37 70 100 31 73 100 77 41 68 26 1 34 0 100 6 77 100 62 29 100 69 28 100 18 100 22 85 100 16 100 50 100 11 93 100 75 100 100 100 14 19 72 54 17 100 40 91 100 66 100 100 100 100 100 10 65 24 100 100 39 89 56 100 
100 20 100 8 100 84 93 100 38 10 4 92 100 67 100 100 100 100 100 100 100 100 54 30 100 59 100 29 49 100 66 100 100 100 100 55 100 82 44 46 32 100 71 63 96 100 57 100 79 71 100 46 0 100 22 100 100 4 100 100 56 57 100 100 
100 86 1 15 76 38 68 100 51 100 100 100 55 100 74 88 23 4 60 93 100 53 41 88 11 71 100 100 100 100 100 97 20 15 32 35 93 17 14 13 15 59 31 39 83 80 83 7 100 70 10 71 57 100 100 24 100 72 25 74 83 54 82 
45 21 30 93 29 86 100 34 100 100 100 100 8 100 100 1 44 60 63 63 38 4 23 54 100 28 100 38 72 79 100 100 100 88 27 41 52 100 100 13 100 85 91 100 98 95 20 71 14 50 29 100 44 98 100 100 17 95 100 100 100 100 
33 100 36 74 90 16 28 100 52 90 95 100 100 50 100 23 61 97 80 53 49 100 32 19 100 100 100 100 100 100 45 100 85 67 72 88 100 42 44 29 56 46 100 71 100 13 49 66 100 56 100 3 63 45 100 99 30 26 91 88 74 
100 45 24 34 27 87 100 17 13 0 12 100 62 43 46 30 66 3 27 100 99 36 87 74 100 67 41 100 34 79 3 86 89 64 78 100 38 100 100 48 98 100 47 100 66 25 60 82 89 35 9 65 92 45 100 33 92 34 67 78 
34 98 7 100 53 10 87 100 98 16 70 100 58 29 12 63 59 30 5 71 17 75 57 100 8 100 40 6 74 57 100 9 100 100 87 53 71 4 20 95 16 100 100 100 59 38 100 100 100 100 87 58 100 48 72 21 48 84 100 
79 2 60 70 100 87 36 29 100 100 48 100 85 42 7 100 100 100 90 3 44 1 4 67 100 100 63 80 45 68 76 42 100 26 13 100 100 100 78 6 100 93 100 92 100 70 26 100 57 100 100 41 25 66 100 100 0 96 
40 15 78 96 35 17 40 8 58 27 60 39 100 100 100 11 37 65 72 55 42 62 76 100 74 77 74 79 100 100 100 49 22 100 22 49 78 100 0 6 42 10 100 56 48 100 11 96 56 41 1 54 61 38 65 17 30 
17 100 47 100 100 78 14 30 15 60 42 100 52 87 24 100 64 38 90 69 40 63 41 100 45 100 99 98 100 100 16 100 68 90 17 22 100 40 85 33 71 5 2 100 100 100 49 100 25 73 42 87 12 100 48 100 
98 57 72 100 72 13 100 46 100 50 30 100 21 95 72 87 100 18 8 100 41 29 8 100 100 100 46 20 44 100 57 97 100 58 40 100 100 100 96 79 44 100 97 66 100 34 69 100 44 13 49 44 100 63 82 
82 100 39 43 60 37 9 100 98 89 100 34 38 75 6 96 18 60 73 48 89 48 90 13 60 58 30 100 100 49 1 100 100 100 63 100 100 28 33 60 65 100 100 31 78 7 99 86 100 100 76 38 100 22 
22 79 100 95 1 12 3 100 11 53 44 100 100 33 8 66 88 96 100 68 71 20 100 53 41 0 35 13 15 52 41 100 52 47 81 15 95 100 100 88 99 18 100 100 47 100 53 47 13 42 5 62 100 
100 100 100 83 53 100 51 100 63 22 12 100 9 61 61 73 79 23 63 100 87 51 66 100 47 100 100 55 37 17 7 100 83 100 58 38 89 100 29 100 54 55 47 100 100 100 100 100 100 100 100 100 
100 100 100 100 100 100 100 100 100 100 100 63 100 100 100 100 100 100 100 100 100 100 100 100 100 100 100 100 100 100 100 100 100 100 100 100 100 100 100 100 100 100 100 100 100 100 100 100 100 100 100 
100 100 100 100 100 100 100 100 100 100 100 100 100 100 100 100 100 100 100 100 100 100 100 100 100 100 100 100 100 100 100 100 100 100 100 100 100 100 100 100 100 100 100 100 100 100 100 100 100 100 
100 100 100 100 100 100 100 100 100 100 100 100 100 100 100 100 100 100 100 100 100 100 100 100 100 100 100 100 100 100 100 100 100 100 100 100 100 100 12 100 100 100 100 100 100 100 100 100 100 
100 100 100 100 100 100 100 100 100 100 100 100 100 100 100 100 100 100 100 100 98 100 100 100 100 100 100 100 100 100 100 100 100 100 100 29 100 100 100 100 100 100 100 100 100 100 100 100 
100 100 100 100 100 100 100 100 100 58 100 100 100 100 100 100 100 100 100 100 100 100 100 100 100 100 100 100 100 100 100 100 100 100 100 42 100 100 100 100 100 100 100 100 100 100 100 
100 100 100 100 100 100 100 100 100 100 100 100 100 100 100 100 100 100 100 100 100 100 100 100 100 100 100 100 100 100 100 100 100 100 100 100 100 100 100 100 100 100 100 100 100 100 
100 100 100 100 100 100 95 100 100 100 100 100 100 100 100 100 100 100 100 100 100 100 35 100 100 100 100 100 100 100 100 100 100 100 100 100 100 100 100 100 100 100 100 10 100 
100 100 100 100 100 100 100 100 100 100 100 100 100 100 100 100 100 100 100 100 100 100 100 100 100 100 100 100 100 89 100 100 100 100 100 66 100 100 100 100 100 100 100 100 
100 100 100 100 100 100 100 100 100 100 100 100 100 100 100 100 100 100 100 100 100 100 100 100 100 100 100 100 100 34 100 100 100 100 100 100 100 100 100 100 100 100 100 
100 100 100 100 100 78 100 100 100 100 100 100 100 100 100 100 100 100 100 100 100 100 100 100 100 100 100 100 100 100 100 100 100 100 100 100 100 100 100 100 100 100 
100 100 100 100 100 100 100 100 100 100 100 100 100 100 100 100 100 100 100 100 100 100 100 100 100 100 100 100 100 100 100 100 100 100 100 100 100 100 100 100 100 
100 100 100 100 100 100 100 100 100 100 100 100 100 100 100 100 100 100 100 100 100 100 100 100 100 100 100 100 100 100 100 100 100 100 100 100 100 100 100 100 
100 100 100 100 100 100 100 100 100 100 100 100 100 100 100 100 100 100 100 100 100 100 100 100 100 100 100 100 100 100 100 100 100 100 100 100 100 100 100 
100 100 100 100 100 100 100 100 100 100 100 100 100 100 100 100 100 100 100 100 100 100 41 100 100 100 100 100 100 100 100 100 100 100 100 100 100 100 
100 100 100 100 100 100 100 100 100 100 100 100 100 100 100 100 100 100 100 100 100 100 100 100 100 100 100 100 100 100 100 100 100 100 100 100 100 
100 100 100 100 100 100 100 100 100 100 100 100 100 100 100 100 100 100 100 100 100 100 100 100 100 100 100 100 100 100 100 100 100 100 100 100 
100 100 100 100 100 100 100 100 100 1 100 100 100 100 19 100 100 100 100 100 100 100 100 100 100 100 100 100 100 100 100 100 100 100 100 
100 100 100 100 100 100 100 100 100 100 100 100 100 100 100 100 100 73 100 100 100 100 100 100 100 100 100 100 100 100 100 100 100 100 
100 100 100 100 100 100 100 100 100 100 100 100 100 100 100 100 100 100 100 100 100 100 100 100 100 100 100 100 100 100 100 100 100 
100 100 100 100 100 100 100 100 100 100 100 100 100 100 100 100 100 100 100 100 100 100 100 100 100 100 100 100 100 100 100 100 
100 100 100 100 100 100 100 100 100 100 100 100 100 100 100 100 100 100 100 100 100 22 100 100 100 100 100 100 100 100 100 
100 100 100 100 100 100 100 100 100 100 100 100 100 100 100 8 100 100 100 100 100 100 100 100 100 100 100 100 100 100 
100 100 100 100 100 100 100 100 100 100 100 100 100 100 100 100 100 100 100 91 100 100 100 100 100 100 100 100 100 
100 100 100 100 100 100 100 100 100 100 100 100 100 100 100 100 100 100 100 100 100 100 100 100 100 100 100 100 
100 100 100 100 100 100 100 100 100 100 100 100 100 100 100 100 100 100 100 100 97 100 100 100 100 100 100 
100 100 100 100 100 100 100 100 100 100 100 100 100 100 100 100 100 100 100 100 100 100 100 100 100 100 
100 100 100 100 100 100 100 100 100 100 100 100 100 100 100 100 100 100 100 100 100 100 100 100 100 
100 100 100 100 100 100 100 100 100 100 100 100 100 100 100 100 100 100 100 100 100 100 100 100 
100 100 100 100 100 100 100 100 100 100 100 100 100 100 100 100 100 100 68 100 100 100 100 
100 100 100 100 100 100 100 100 100 100 100 100 100 100 100 100 100 100 100 100 100 100 
100 100 100 100 100 100 100 100 100 100 100 100 100 100 100 100 100 100 100 100 100 
100 100 100 100 100 100 100 100 100 100 100 100 100 100 100 100 100 100 100 100 
100 100 100 100 100 100 100 100 100 100 100 100 100 100 100 100 100 100 100 
100 100 100 100 100 100 100 100 100 100 100 100 100 100 100 100 100 100 
100 100 100 100 100 100 100 100 100 100 100 100 100 100 100 100 100 
30 100 100 100 100 100 100 100 100 100 100 100 100 100 100 100 
100 84 100 100 100 100 100 100 100 100 100 100 100 100 100 
100 100 100 100 100 100 100 100 100 100 100 100 100 100 
100 100 100 100 100 100 100 100 100 100 100 100 100 
100 100 100 100 100 100 100 100 100 100 100 100 
100 100 100 100 100 100 100 100 100 100 100 
100 100 100 100 100 100 100 100 100 100 
100 100 100 100 100 100 100 100 71 
100 100 100 100 100 88 100 100 
100 100 100 100 100 100 100 
100 100 100 100 100 100 
100 100 100 100 100 
100 100 100 100 
100 100 100 
100 100 
100 

