100 25
20 11 15 0 25 25 21 6 25 21 25 19 0 25 24 25 25 25 25 10 1 25 10 25 4 25 3 10 25 22 7 13 16 4 15 9 17 25 21 25 25 11 18 11 23 25 4 25 25 25 25 12 25 25 16 25 25 25 25 11 25 25 15 19 14 14 19 24 25 25 11 6 18 11 25 25 25 9 13 25 11 25 25 25 25 15 6 25 25 2 8 11 6 25 12 13 25 25 20 
25 20 20 12 22 16 19 25 20 25 25 19 25 25 25 17 16 14 9 25 25 25 22 16 0 25 25 10 25 20 16 25 13 25 5 1 25 25 23 3 25 10 25 25 25 25 25 25 0 22 22 18 25 21 14 17 16 24 25 25 25 25 6 6 10 25 12 25 9 19 20 21 19 16 25 25 14 7 15 25 0 5 15 25 25 9 13 25 25 4 6 11 25 9 25 10 25 17 
1 25 25 20 6 12 25 8 9 25 25 15 13 25 25 25 2 6 25 20 0 25 15 21 25 24 20 25 25 25 7 1 18 25 22 25 5 17 24 25 24 8 12 25 13 25 2 2 25 25 25 5 25 25 22 25 25 23 2 5 10 7 17 25 25 21 2 25 14 22 25 2 25 25 25 25 25 25 15 25 16 25 3 19 25 14 25 18 25 25 25 25 2 25 25 25 13 
9 25 23 23 5 25 5 19 15 15 25 25 25 7 3 13 25 1 11 25 25 0 19 24 25 1 25 21 20 25 16 8 21 12 0 1 25 20 6 6 25 25 11 25 21 25 21 25 19 25 11 23 0 2 7 25 25 18 16 25 6 10 25 3 25 25 6 25 25 25 7 18 25 4 25 25 1 0 20 20 25 11 3 25 18 25 25 25 10 5 6 25 22 17 20 17 
25 1 25 25 7 21 5 25 12 19 25 25 25 24 6 25 24 6 25 9 17 25 20 4 16 25 24 5 14 25 2 25 25 25 9 11 25 25 22 25 25 2 25 11 18 5 8 14 17 25 6 12 7 8 11 23 3 10 15 25 25 0 1 3 10 25 25 25 25 9 4 2 25 25 25 25 12 25 20 25 25 14 25 25 22 10 25 25 25 3 25 1 25 14 5 
24 8 25 25 2 12 14 3 10 25 21 25 25 16 25 25 13 3 18 3 6 25 14 11 25 5 10 25 21 25 15 10 25 12 25 16 25 11 25 25 20 8 10 25 11 23 11 25 0 25 12 25 25 25 0 4 7 25 24 25 0 25 25 14 25 7 25 2 6 25 25 23 25 25 25 25 25 2 11 25 25 12 25 14 25 19 11 3 25 25 22 24 25 4 
25 25 5 25 2 25 25 25 25 10 6 15 25 25 0 14 25 25 25 10 21 25 24 25 25 25 25 25 14 25 10 15 22 25 25 22 6 12 25 18 16 25 24 6 12 25 25 25 23 25 1 25 25 21 25 1 25 11 25 11 5 17 25 14 25 4 25 25 23 25 2 25 11 23 15 3 25 25 17 25 10 25 25 21 25 9 15 19 19 25 25 25 25 
7 24 25 25 10 1 14 0 25 25 25 25 25 4 15 25 14 25 25 17 8 3 25 25 25 22 21 1 7 14 2 23 21 25 25 25 25 25 25 2 11 16 25 25 12 0 1 22 23 25 25 25 2 25 6 14 25 25 19 25 25 13 25 25 16 0 25 21 25 23 25 4 25 25 25 19 8 16 25 24 25 25 25 19 12 8 25 5 14 25 25 22 
8 25 25 11 10 19 25 25 25 25 11 4 11 25 25 25 3 15 4 9 25 25 17 24 25 25 9 25 25 13 10 25 9 3 25 12 18 25 25 7 15 25 3 15 23 25 25 25 9 17 25 25 25 16 5 20 15 25 4 24 21 12 25 3 25 25 11 25 25 25 25 25 25 25 7 25 23 25 15 25 25 7 25 9 25 25 3 2 25 25 25 
11 6 25 18 25 25 23 0 25 25 25 25 0 25 25 19 25 25 19 16 23 25 25 14 16 25 8 12 25 25 25 20 16 16 9 25 18 19 25 20 25 13 25 25 25 25 25 25 0 25 13 22 19 10 25 25 25 12 20 25 16 25 25 25 18 4 25 6 5 9 25 23 6 0 20 25 25 25 25 21 21 25 25 25 25 16 25 25 25 25 
4 12 7 25 25 4 15 1 4 2 20 25 19 13 0 10 19 25 25 25 14 25 5 7 9 20 20 25 10 25 25 25 4 10 25 18 25 25 25 12 2 7 5 0 20 25 25 19 25 3 9 25 17 25 0 8 25 25 10 25 25 25 25 25 15 25 25 25 25 15 0 25 5 21 11 25 24 11 10 10 16 25 25 22 25 25 25 0 25 
25 24 5 25 15 14 25 7 25 4 4 24 25 7 25 25 25 9 11 21 17 4 25 25 22 25 23 25 17 25 8 25 16 6 25 1 21 16 17 20 8 11 25 17 25 15 15 25 9 25 25 11 25 25 25 0 20 7 2 11 25 8 25 6 22 23 25 25 25 25 25 25 25 25 2 9 2 17 19 25 6 22 25 16 4 25 25 25 
1 1 22 25 25 9 11 25 0 22 6 18 11 19 16 25 25 2 25 25 21 25 0 25 16 20 25 13 25 25 21 25 4 25 3 25 17 25 18 25 4 14 13 2 25 25 25 11 5 16 1 25 22 6 7 25 13 25 2 25 25 25 25 25 25 25 8 24 24 10 24 25 17 25 20 4 25 25 8 5 25 19 25 24 25 5 12 
25 18 25 25 25 25 8 25 7 25 25 19 25 25 6 23 17 21 25 25 17 25 20 9 25 25 13 16 25 25 25 24 25 4 13 1 18 25 25 9 22 25 10 25 21 25 13 25 6 25 25 7 25 24 25 17 25 25 25 13 25 25 15 25 1 16 25 2 12 25 25 10 5 9 17 25 10 25 10 25 25 25 15 25 25 11 
8 18 25 25 25 25 6 25 25 25 25 25 24 23 2 25 25 18 25 25 25 9 25 25 25 25 18 25 12 1 25 25 25 25 25 23 25 10 25 25 25 5 13 10 25 4 9 1 18 25 7 24 11 25 20 25 23 0 25 25 25 25 25 25 25 25 19 6 21 8 25 19 25 25 25 13 25 19 16 7 25 13 0 12 0 
25 25 25 19 2 21 25 7 25 1 25 17 10 25 6 2 25 2 5 5 25 0 12 8 25 25 25 25 0 25 0 7 25 25 25 23 25 25 22 25 25 20 11 3 10 25 25 20 4 21 19 9 10 7 16 21 14 2 1 1 25 0 25 25 0 20 11 9 4 7 16 24 11 22 25 14 25 13 25 15 25 5 17 10 
25 25 6 25 13 0 25 8 15 25 25 3 25 3 8 7 23 23 10 1 25 25 21 15 11 25 15 25 20 14 25 1 25 25 20 14 14 12 4 25 25 7 25 5 25 9 16 9 25 25 25 17 7 6 21 1 11 25 0 25 8 9 1 9 25 25 10 20 25 2 22 9 2 8 25 25 1 25 25 2 14 11 9 
25 25 7 25 1 16 25 25 25 11 4 6 6 9 25 11 25 25 3 25 17 0 8 25 25 25 25 25 25 7 22 25 10 25 18 24 17 25 25 2 17 25 25 25 19 25 25 25 9 24 14 25 20 25 25 15 25 16 21 11 25 25 25 21 25 25 19 10 10 25 15 25 25 20 17 1 25 21 21 25 23 25 
21 25 13 5 17 15 14 25 25 25 16 8 21 7 22 15 8 25 7 25 25 25 20 5 13 18 18 11 13 25 2 0 7 17 6 14 22 25 25 1 17 25 25 9 0 24 25 25 2 15 8 8 25 20 9 25 25 25 11 25 25 25 8 24 22 11 25 13 20 19 24 25 17 25 25 25 15 25 2 1 15 
19 1 25 3 25 2 16 4 25 6 10 15 18 25 25 9 25 16 25 13 25 25 22 21 14 14 14 25 25 22 25 25 19 13 1 24 9 25 14 25 25 25 16 1 25 25 25 10 2 25 25 25 25 25 25 25 23 6 25 22 25 6 20 25 25 15 25 25 25 25 8 25 25 9 9 13 25 25 18 14 
25 20 11 25 17 11 25 0 25 7 22 4 2 25 25 8 7 25 25 25 11 22 22 4 25 21 25 17 3 12 25 25 20 17 25 25 24 25 25 16 25 21 25 14 25 25 25 5 16 25 4 25 25 14 25 13 25 25 17 2 0 23 5 16 12 18 16 25 17 21 25 3 18 25 20 25 25 12 25 
25 25 25 13 16 25 25 8 25 20 25 16 24 24 10 25 25 14 11 25 24 15 7 14 25 25 1 25 25 25 3 25 20 25 17 25 25 24 25 25 2 17 25 25 17 11 2 25 7 14 25 25 25 13 20 25 18 21 20 8 21 20 21 25 25 23 10 25 25 25 1 8 25 20 25 25 2 7 
14 25 10 25 25 4 12 25 25 16 25 12 25 8 6 11 12 20 7 5 25 25 25 25 25 20 25 18 4 25 18 25 9 9 25 25 25 18 25 25 22 25 16 24 25 25 3 6 12 25 4 14 9 6 3 20 25 2 25 17 7 2 25 25 25 12 25 25 5 10 6 25 25 11 25 19 25 
17 23 25 25 25 18 0 13 25 18 9 25 25 14 25 25 1 4 15 25 25 25 2 25 5 4 15 25 9 10 7 25 17 25 18 25 8 20 16 10 25 25 13 25 25 25 10 25 4 25 25 25 25 22 5 25 1 15 25 13 25 25 25 25 19 9 7 16 25 25 25 25 25 9 13 25 
13 14 24 13 25 25 9 25 25 12 11 25 0 9 25 25 2 21 15 21 25 25 21 25 25 25 25 25 25 25 25 7 25 25 11 9 25 25 25 4 25 25 25 13 25 25 13 25 25 25 22 25 13 5 0 6 10 25 20 25 14 25 7 15 25 16 20 10 15 23 4 5 1 19 24 
4 25 14 21 23 25 10 25 25 25 13 6 19 7 25 25 25 18 10 7 8 25 13 6 19 19 8 25 1 21 25 25 14 20 25 7 25 25 24 25 21 25 15 25 25 25 16 25 25 12 12 25 18 25 25 20 25 21 25 22 24 25 21 20 9 7 25 25 25 25 25 25 4 9 
25 4 25 10 7 25 22 8 25 18 25 20 16 25 10 25 23 25 25 8 25 25 25 25 1 19 6 14 15 0 14 15 16 25 25 10 25 3 8 18 12 25 25 8 25 2 5 19 25 14 25 25 22 17 2 24 25 2 3 8 3 25 18 15 20 23 25 25 25 2 25 25 13 
22 25 24 22 25 20 7 25 13 3 25 20 16 19 25 25 20 25 25 25 4 25 3 25 17 1 5 25 0 25 25 25 20 25 25 3 19 25 24 25 25 22 25 14 25 13 3 8 25 19 20 25 25 11 25 5 10 24 25 25 25 25 25 13 2 25 25 25 24 12 12 25 
25 25 13 25 7 25 25 1 25 25 25 2 25 25 19 5 16 25 11 25 25 18 8 16 25 24 5 19 14 2 8 24 6 12 9 5 25 25 25 25 16 6 25 7 25 16 22 11 25 25 25 8 13 25 0 25 4 25 12 10 25 25 5 18 10 9 25 25 8 1 13 
25 25 25 13 25 25 25 8 25 24 2 25 24 18 25 25 25 15 25 25 25 9 0 25 24 2 9 15 25 14 25 25 25 25 17 25 25 25 25 1 23 17 17 17 10 8 4 10 24 25 25 9 5 4 25 2 25 3 25 18 4 15 13 25 12 5 3 20 25 25 
21 25 20 21 11 25 10 20 13 25 25 25 18 25 24 25 25 0 16 21 5 25 22 25 8 24 25 25 25 25 25 13 25 25 25 25 13 17 25 17 25 23 25 6 4 17 25 1 25 25 7 10 7 25 12 25 25 20 9 25 17 25 20 14 25 25 17 15 5 
25 7 8 11 25 25 25 12 9 25 25 25 25 17 25 3 22 9 21 25 25 21 25 17 25 3 25 25 25 19 25 25 11 25 25 25 10 10 4 25 25 2 14 19 6 14 25 25 8 9 1 25 25 2 25 15 19 25 22 25 25 25 25 16 16 25 25 21 
16 12 23 12 23 16 25 2 25 25 22 12 23 6 6 25 25 7 2 23 14 14 25 25 17 25 25 17 8 16 25 25 25 25 12 4 25 25 25 0 25 25 10 8 20 25 25 14 6 25 13 3 25 13 15 0 25 10 15 25 25 25 24 25 18 0 22 
25 25 1 25 23 14 25 20 23 25 18 25 1 22 3 25 15 12 25 2 25 8 25 25 19 25 13 23 8 25 12 25 25 25 1 25 25 25 14 25 25 7 25 9 25 12 19 25 25 5 15 25 25 25 25 25 25 25 25 23 25 12 7 5 25 14 
10 25 22 18 25 23 13 17 7 6 0 9 23 3 14 13 25 11 25 25 4 25 21 25 25 25 25 17 25 3 25 25 6 25 21 25 25 20 10 2 25 13 25 4 0 13 22 0 10 25 14 0 0 24 23 11 25 25 25 25 15 25 25 25 25 
25 0 3 8 5 9 25 25 10 25 25 7 25 25 25 4 25 24 15 25 12 25 25 4 21 25 10 25 9 25 9 25 10 25 25 25 25 25 7 3 25 8 20 6 9 25 3 18 12 20 17 0 12 25 20 25 25 10 5 25 20 25 6 24 
25 25 10 15 0 25 16 25 22 25 25 25 17 15 25 25 23 22 24 25 25 12 16 25 19 25 25 7 25 25 5 25 19 24 1 11 25 25 21 13 2 25 11 23 16 14 15 4 13 0 25 24 7 0 1 10 25 5 25 25 25 25 14 
14 19 3 24 24 8 23 25 1 20 8 22 25 14 2 21 25 25 8 8 24 12 17 13 4 18 25 11 25 4 25 2 25 25 13 16 13 25 25 25 1 25 3 22 12 25 17 25 6 19 24 25 25 25 25 19 25 15 25 25 25 25 
4 0 25 25 5 25 10 19 25 25 20 25 25 25 25 18 25 25 24 25 5 19 25 4 13 9 25 25 25 10 25 25 7 14 10 24 25 25 21 25 24 15 25 8 25 17 8 25 1 21 25 25 25 25 12 11 25 7 1 8 25 
25 12 24 25 10 25 17 25 25 25 10 13 25 25 4 2 25 25 22 25 24 25 5 25 13 14 6 25 7 25 4 25 23 21 25 2 25 23 2 2 25 16 25 24 14 23 8 0 25 25 1 22 14 25 8 25 7 25 25 18 
25 25 25 25 17 24 22 21 5 25 25 25 1 14 17 8 25 24 0 20 25 25 4 15 25 25 25 17 13 25 21 1 0 25 25 24 6 19 5 2 25 25 2 18 9 25 0 22 25 25 14 5 17 21 15 1 5 25 25 
14 25 4 21 25 25 23 16 25 25 21 17 8 25 6 25 14 25 25 8 1 23 8 8 25 24 7 5 25 25 25 13 3 11 8 25 14 11 25 25 11 12 4 25 12 25 6 25 25 17 16 16 25 25 25 11 25 25 
14 25 23 25 14 22 12 25 25 25 25 1 25 21 10 17 25 20 0 0 1 3 25 0 25 12 25 25 10 25 25 9 25 1 25 25 12 25 18 15 8 25 5 25 25 25 17 25 25 5 12 13 19 2 25 25 13 
10 16 4 25 25 3 1 25 13 5 2 1 2 25 16 14 11 10 25 0 0 25 25 4 21 12 25 18 10 25 24 9 8 25 25 25 25 25 1 25 25 16 25 4 7 25 6 25 25 25 25 9 24 16 23 5 
12 25 25 23 7 15 25 3 25 2 25 19 24 24 7 25 25 25 22 25 25 25 19 25 15 7 25 25 25 25 25 2 25 25 13 15 23 11 4 0 25 13 5 10 19 0 25 25 19 5 21 16 5 6 6 
2 2 25 25 25 13 25 5 15 25 25 14 25 25 20 2 14 23 8 15 13 25 25 11 19 25 14 12 0 2 24 25 25 16 5 10 25 25 13 25 7 3 0 25 16 25 25 25 15 23 12 21 14 6 
18 25 25 25 19 6 12 25 25 25 25 25 0 10 25 13 25 25 24 25 5 21 25 0 0 25 10 1 3 25 25 25 17 11 14 25 25 21 25 25 25 14 11 19 25 25 5 3 25 9 25 25 3 
25 19 4 24 22 25 25 8 25 8 25 11 7 6 25 25 3 11 25 25 25 18 2 1 25 25 14 25 24 25 23 0 25 11 9 25 25 2 25 25 25 25 25 25 10 25 15 25 5 25 14 19 
16 25 25 6 25 25 16 25 25 25 12 25 25 25 25 9 25 25 7 20 18 25 24 25 25 24 25 7 25 24 8 19 15 22 25 20 7 21 1 25 17 25 0 7 7 25 25 0 25 7 25 
2 8 25 25 21 25 11 25 25 19 7 13 25 25 19 22 20 1 25 25 25 25 5 5 5 25 14 0 2 25 25 25 16 11 25 25 25 25 18 18 25 20 0 25 25 3 2 25 25 25 
23 20 3 25 25 25 25 24 23 25 25 25 15 25 12 25 25 25 12 25 7 6 25 11 20 25 25 18 3 25 25 18 6 16 9 18 4 9 21 21 25 22 4 9 25 21 25 16 25 
12 25 25 15 25 11 19 0 20 16 1 25 2 4 6 5 8 25 25 23 18 22 13 6 4 18 15 12 15 25 11 23 3 12 25 12 25 12 25 25 25 3 25 25 25 25 25 25 
25 25 25 18 19 7 10 18 4 25 25 25 25 24 2 25 3 7 7 20 5 25 25 25 25 21 24 25 2 19 15 25 4 4 25 10 15 15 15 21 25 25 19 1 5 25 3 
25 0 7 25 16 12 25 20 18 21 25 25 25 25 25 25 25 4 18 25 14 9 7 19 25 14 25 10 3 6 6 25 25 15 19 14 5 25 20 25 25 9 5 25 1 25 
7 13 19 21 25 25 25 18 25 20 25 19 25 3 22 6 6 25 10 25 0 12 25 25 5 25 25 25 25 8 25 25 1 6 25 25 25 21 17 1 6 19 0 25 25 
25 25 25 25 3 4 15 10 2 25 25 21 24 8 25 25 1 24 25 25 5 6 25 12 25 25 16 25 19 8 12 5 22 23 18 25 25 12 25 0 8 4 3 5 
25 2 25 25 25 25 25 25 25 25 25 25 13 3 0 25 25 8 13 15 17 25 18 10 2 7 25 2 18 18 25 25 1 25 23 10 1 25 25 25 25 17 25 
7 5 10 25 0 16 5 8 25 1 22 25 25 10 6 13 6 3 21 25 5 25 25 25 17 15 25 25 19 25 25 25 25 17 25 23 9 16 2 3 25 2 
11 15 25 25 25 14 25 24 25 9 25 25 25 25 25 25 8 25 22 8 21 21 25 3 25 25 25 25 17 17 25 7 5 24 25 25 11 11 13 13 25 
18 25 11 25 25 25 15 25 25 22 12 8 25 16 25 15 25 25 25 25 25 7 16 8 25 0 13 25 7 25 18 25 2 25 25 21 25 25 25 8 
25 14 2 25 25 25 24 7 10 1 20 25 25 21 25 13 16 25 1 13 25 9 4 25 1 24 25 1 1 8 0 15 25 25 25 5 9 11 0 
16 18 22 25 15 25 25 25 25 5 25 23 25 25 10 9 11 25 11 6 2 25 2 7 14 25 21 24 25 3 6 25 15 14 25 25 13 12 
25 9 25 25 21 25 25 25 11 25 9 25 12 22 25 25 21 5 17 5 25 18 23 25 24 1 6 25 25 21 25 25 25 25 25 20 18 
25 25 5 1 25 25 25 20 8 12 19 25 25 25 11 0 7 4 25 15 25 13 25 25 25 4 20 7 25 13 20 22 25 25 1 25 
25 25 16 25 25 25 3 13 11 25 25 22 25 9 25 23 25 25 20 5 25 25 8 16 12 3 25 19 1 25 19 24 13 6 25 
24 0 12 25 25 25 25 25 25 17 19 25 25 3 25 25 12 17 9 16 10 3 7 25 5 25 25 7 25 18 23 17 25 8 
25 8 14 25 23 9 24 0 25 16 23 25 1 25 25 13 25 23 25 25 25 25 25 3 25 5 25 19 25 25 11 6 25 
25 25 1 13 0 23 25 24 3 25 25 1 25 25 25 14 5 19 10 25 3 13 25 3 25 25 25 2 25 4 5 5 
11 25 25 25 25 19 20 2 4 16 24 13 25 25 24 18 25 25 19 25 7 25 20 13 9 25 14 10 25 13 25 
25 24 25 4 25 25 25 25 25 25 25 25 25 25 25 25 25 25 25 25 25 25 25 25 25 25 25 25 25 25 
25 25 25 25 25 25 25 25 25 25 25 25 25 25 25 25 25 25 25 25 25 25 25 25 25 25 25 25 25 
25 25 25 25 25 19 25 25 25 25 25 25 18 25 25 25 25 25 25 25 25 25 25 25 25 25 25 25 
25 25 25 25 25 25 25 25 25 25 25 25 25 25 25 25 25 25 25 25 25 25 25 3 25 25 25 
25 25 25 25 25 25 25 25 25 25 25 25 25 25 25 25 25 25 25 25 25 25 25 25 25 25 
25 25 25 25 25 25 25 25 25 25 25 25 25 25 25 25 25 25 25 25 25 25 25 25 25 
25 25 25 25 25 25 25 25 25 25 25 25 25 25 25 25 25 25 25 25 25 25 25 25 
25 25 25 25 25 25 25 25 25 25 25 25 25 25 25 25 25 25 25 25 25 25 25 
25 25 25 25 25 25 25 25 25 25 25 25 25 25 25 25 25 25 25 25 25 25 
25 25 25 25 25 25 25 25 25 25 25 25 25 25 25 25 25 25 25 25 25 
25 25 25 25 25 25 25 25 25 25 25 25 25 25 25 25 25 25 25 25 
25 25 25 25 25 25 25 25 25 25 25 25 25 25 25 25 25 25 25 
25 25 25 25 25 25 25 25 25 25 25 25 25 25 25 25 25 25 
25 25 25 25 25 25 25 25 25 25 18 25 25 25 25 25 25 
25 25 25 25 25 25 25 25 25 25 25 25 25 25 25 25 
25 25 25 25 25 25 25 25 25 25 25 25 25 25 25 
25 25 25 25 25 25 25 25 25 25 25 25 25 25 
25 25 25 25 25 25 25 25 25 25 25 25 25 
25 25 25 25 25 25 25 25 25 25 25 25 
25 25 25 25 25 25 25 25 25 25 25 
25 25 11 25 25 25 25 25 25 25 
25 25 25 25 25 25 25 25 25 
25 25 25 25 25 25 25 25 
25 25 25 25 25 25 25 
25 25 25 25 25 25 
25 25 25 25 25 
25 25 25 25 
25 25 25 
25 25 
25 

