100 25
5 5 0 17 25 4 13 25 25 25 13 10 25 12 17 18 25 25 25 6 2 12 9 25 5 8 22 10 9 12 5 16 22 25 24 3 25 8 25 25 25 25 25 25 25 11 10 24 22 0 7 23 25 24 21 25 25 25 22 19 19 25 17 2 25 25 2 25 25 25 22 24 25 5 6 22 25 25 8 17 8 8 7 25 25 25 25 25 17 12 8 25 25 25 14 25 25 16 6 
25 17 16 25 25 24 10 25 22 14 8 1 20 16 25 25 25 25 21 16 25 0 17 25 0 25 6 25 8 19 3 25 25 0 25 22 25 25 25 25 25 16 25 25 20 25 25 25 21 25 25 0 20 11 25 25 25 25 2 19 18 20 25 14 11 25 25 25 25 11 25 25 5 25 8 17 15 3 25 25 25 6 4 10 25 25 25 25 17 11 18 21 22 6 25 2 22 25 
16 25 17 25 4 16 25 1 6 23 5 3 25 25 25 25 4 25 25 25 3 25 23 7 5 16 25 19 24 0 12 20 10 25 25 1 1 4 9 21 25 3 25 25 17 2 7 22 24 17 11 20 14 9 25 25 25 17 25 12 6 10 25 22 25 25 25 12 25 25 22 25 20 25 23 25 16 25 25 11 9 12 1 8 25 25 25 25 25 25 25 16 15 9 4 25 25 
25 25 12 13 25 2 1 25 16 25 25 3 23 25 25 25 21 2 21 25 25 7 23 25 9 24 2 25 25 25 8 0 25 25 25 1 0 25 25 17 25 21 25 14 25 4 25 25 7 25 25 9 15 25 17 20 8 25 25 25 24 17 25 10 5 25 25 14 5 25 2 13 4 25 11 5 25 25 21 25 21 12 19 25 25 4 0 25 25 25 25 25 1 25 25 15 
25 25 4 23 25 11 25 25 0 2 6 3 25 1 13 25 21 0 11 25 2 25 25 13 16 1 10 25 19 25 25 4 25 16 25 17 25 4 25 25 13 23 25 25 5 19 5 8 19 25 14 25 4 25 25 25 11 5 14 6 25 25 20 1 25 25 12 25 25 25 18 25 7 9 25 10 25 11 25 16 24 25 25 25 14 11 9 25 9 4 20 16 14 20 25 
25 6 25 18 25 9 25 25 21 25 25 11 20 23 16 25 3 9 25 25 10 1 20 25 25 11 22 23 25 25 25 18 25 4 17 23 18 14 21 10 11 25 19 9 21 25 17 23 5 12 25 25 25 10 21 14 15 25 15 25 23 19 25 3 25 25 0 18 6 25 25 25 25 6 25 15 15 5 0 25 13 25 16 24 25 25 20 2 25 19 25 25 9 25 
23 25 23 3 25 9 25 11 25 11 7 12 18 22 20 21 17 25 25 25 9 25 22 25 10 13 7 0 25 6 17 23 25 25 25 0 20 5 14 25 25 25 25 15 6 25 19 25 25 0 24 25 7 6 25 6 25 10 25 2 5 11 22 25 25 7 25 3 25 18 2 1 2 19 24 25 25 25 14 10 10 22 25 25 15 25 1 25 6 25 22 18 3 
21 15 25 17 25 9 24 22 25 25 13 25 25 4 21 25 15 25 25 25 25 25 3 25 16 25 3 25 25 0 25 23 25 25 25 18 23 25 25 17 1 25 2 25 25 12 1 25 24 25 25 22 25 24 25 25 25 15 15 24 25 22 9 22 21 1 10 16 25 25 11 25 18 25 25 18 25 6 25 25 25 19 25 14 25 21 6 14 18 25 7 25 
4 19 5 25 0 21 8 18 25 0 20 25 19 25 7 0 25 21 9 25 3 25 3 24 25 25 25 25 23 25 3 15 25 21 17 25 25 4 3 25 25 14 25 25 25 3 25 5 0 25 7 25 24 25 25 10 25 10 25 25 25 25 17 17 25 10 8 25 22 25 4 13 23 1 24 25 25 8 16 25 25 25 25 3 11 3 6 25 25 23 25 
3 15 25 25 25 25 6 21 25 24 25 25 0 18 25 0 22 13 4 17 25 25 9 2 7 8 5 25 25 25 25 2 25 7 5 13 25 25 24 25 0 25 25 7 6 25 22 17 25 25 9 25 25 25 22 25 25 25 25 19 22 25 25 11 4 0 9 7 22 4 9 25 25 25 2 25 25 5 1 25 24 20 20 11 20 25 25 25 6 6 
25 18 25 15 1 25 17 25 12 16 20 3 4 25 18 25 12 25 25 25 21 18 25 25 3 22 25 25 25 25 4 25 12 22 25 25 15 25 3 3 24 23 25 24 21 25 25 25 25 0 25 25 0 11 22 9 25 25 23 2 13 25 24 2 25 25 25 5 17 9 18 25 25 25 13 23 25 13 25 17 12 25 25 25 25 18 1 25 5 
14 24 11 5 24 25 25 25 5 25 3 25 25 25 7 19 25 25 6 22 23 11 15 18 3 25 16 25 25 11 25 6 25 22 25 5 25 25 12 25 8 16 15 1 25 25 25 25 25 17 25 24 25 24 17 25 24 25 25 25 17 17 3 14 15 25 24 25 1 25 25 25 0 25 25 18 25 17 8 25 25 25 18 2 6 11 25 25 
25 25 25 25 19 25 10 25 8 12 13 25 18 25 24 25 25 14 21 16 25 25 25 7 5 11 12 15 2 25 18 25 25 25 3 7 1 10 4 25 4 25 13 20 5 2 14 25 25 25 11 3 15 18 25 25 25 24 25 10 7 9 25 25 25 22 25 2 25 11 24 19 21 25 10 25 25 25 21 25 19 22 17 25 25 8 12 
25 8 25 18 16 25 25 25 25 25 10 25 25 25 5 14 25 25 25 25 25 25 6 25 25 4 25 1 24 25 25 24 19 24 18 1 25 25 25 25 25 18 16 20 13 22 25 25 3 25 6 18 21 11 4 25 20 25 11 8 25 25 25 25 25 4 0 13 1 25 25 4 25 25 16 6 25 25 23 5 19 25 25 25 25 19 
17 23 25 25 25 6 5 10 1 25 25 17 19 10 22 11 25 20 25 8 22 2 23 12 20 19 4 9 25 12 12 1 25 16 7 25 23 25 25 25 25 24 25 25 25 25 25 23 25 5 23 25 25 5 2 25 8 25 12 12 25 25 1 12 13 15 6 1 25 11 6 25 14 9 12 25 6 25 25 8 25 25 17 25 25 
21 25 10 25 25 20 20 6 25 1 25 25 25 10 25 25 18 8 25 22 9 3 25 21 4 24 25 25 25 25 4 25 25 8 25 25 25 23 1 25 0 12 25 7 11 10 25 5 25 22 24 21 14 25 25 24 0 14 17 8 11 25 25 20 25 20 1 25 20 1 25 1 23 7 2 25 25 25 25 25 13 25 23 3 
25 2 25 25 25 25 25 15 25 5 25 10 13 25 1 13 25 14 11 7 7 10 15 25 17 25 10 25 25 6 21 0 25 9 25 25 25 25 25 5 25 25 0 12 16 25 1 25 13 25 25 25 25 25 25 13 15 17 25 24 25 15 22 24 17 6 15 20 13 15 2 1 8 25 6 1 25 8 25 1 19 25 3 
9 25 25 0 20 15 25 25 2 11 1 10 25 25 25 25 20 25 25 25 25 25 13 25 18 19 25 8 20 25 3 25 18 7 10 18 10 25 7 17 13 10 14 25 25 13 9 25 25 10 13 25 25 21 25 25 25 25 25 4 25 15 25 7 24 18 19 25 25 7 25 24 23 0 0 25 25 25 25 17 25 6 
0 23 25 25 10 25 25 6 7 17 18 8 25 20 12 25 25 25 25 25 12 25 1 25 25 17 21 25 25 25 25 25 25 18 23 25 25 18 2 25 25 3 25 8 25 10 25 25 25 25 25 25 25 13 25 25 2 25 25 9 25 25 25 18 4 25 1 25 25 25 25 25 6 25 3 4 25 12 25 25 25 
25 25 25 7 22 25 25 6 24 25 25 25 25 25 25 25 25 16 25 1 11 25 25 16 20 25 19 15 25 25 25 7 23 6 11 18 25 16 14 24 25 20 18 3 8 8 25 7 25 13 5 15 17 9 6 1 25 1 20 25 25 25 13 25 15 25 25 25 8 25 18 2 4 25 1 10 1 25 0 25 
25 25 8 5 25 25 25 16 25 21 24 25 23 25 5 10 11 22 25 8 25 25 25 0 10 9 25 25 25 7 25 25 4 25 25 20 25 20 25 18 25 25 25 25 25 8 13 25 25 25 25 17 12 11 25 25 25 25 23 25 25 25 9 25 25 25 25 25 25 13 1 25 19 25 12 1 3 25 12 
17 25 23 25 25 25 21 25 25 22 25 25 25 25 1 25 15 25 13 6 25 22 25 25 3 14 0 16 25 25 25 25 16 25 22 13 19 25 7 25 14 11 25 6 25 8 3 10 19 8 3 12 20 14 23 25 25 25 6 4 25 13 9 12 25 7 0 16 21 11 25 25 25 25 4 20 25 25 
14 25 25 16 25 25 25 12 25 19 9 25 25 25 15 0 25 25 13 9 25 20 25 25 25 25 25 25 10 17 25 25 25 6 25 21 25 17 25 18 2 25 12 17 25 22 17 6 19 25 25 12 19 4 25 25 25 25 25 25 2 25 25 2 25 25 7 1 25 12 24 25 20 25 17 25 25 
25 16 25 25 25 7 25 8 1 25 8 11 11 25 25 25 21 25 8 24 23 4 0 2 25 8 3 20 19 19 25 25 17 2 25 25 25 0 3 25 7 8 25 15 25 16 25 25 22 11 2 14 25 8 25 25 18 1 4 25 25 16 25 25 21 3 1 14 25 7 10 20 22 9 25 17 
25 25 25 6 25 1 6 25 25 10 24 25 8 25 9 11 20 13 25 21 16 25 25 25 8 25 12 3 7 25 25 25 25 12 25 25 25 25 15 17 18 25 25 25 20 5 7 20 12 16 0 25 25 3 25 25 25 25 20 14 25 3 0 15 25 25 6 25 25 25 4 12 10 16 3 
0 0 25 25 22 25 25 2 25 25 25 15 25 25 18 21 25 25 25 25 25 13 25 25 14 1 5 25 25 19 25 6 25 25 25 25 25 9 25 25 14 14 10 13 2 5 20 7 25 25 25 25 25 25 1 14 25 25 25 3 25 24 6 2 25 16 25 25 11 25 20 10 20 15 
16 7 1 4 25 21 25 25 25 25 6 14 15 20 1 17 25 1 2 25 25 25 25 25 1 25 10 12 9 12 25 21 24 25 8 25 25 25 25 25 25 6 0 25 25 22 25 25 13 0 3 10 18 25 25 25 8 9 25 12 15 15 25 13 25 14 2 2 25 25 25 11 9 
25 25 10 25 25 7 25 17 25 22 25 25 25 2 5 25 25 6 22 25 24 1 17 25 15 25 2 0 10 14 12 23 19 16 7 20 25 25 25 6 24 15 8 12 20 21 15 13 7 25 25 25 25 25 21 13 19 25 25 25 19 25 25 25 12 16 16 25 25 20 12 25 
25 25 25 25 25 25 25 22 25 25 25 12 11 19 25 25 4 25 16 11 21 25 25 25 11 19 25 12 25 13 25 25 20 11 25 24 12 17 25 25 5 18 25 25 18 25 25 7 25 25 25 25 25 0 25 25 25 25 25 18 25 25 8 25 25 25 25 3 3 16 24 
25 5 25 25 19 25 15 25 25 1 25 25 25 25 22 25 15 22 25 25 25 0 1 25 25 25 25 25 0 24 25 25 25 1 25 8 25 25 25 25 25 24 25 19 25 25 25 25 25 25 25 25 2 14 7 25 4 25 25 10 3 25 25 12 25 0 9 25 0 25 
0 25 25 3 6 17 10 22 25 25 10 9 25 7 2 3 17 11 25 14 25 8 25 11 25 25 21 25 25 17 25 25 25 25 21 14 2 25 25 25 25 24 3 15 25 12 25 12 21 25 25 25 22 25 25 25 25 25 25 12 25 21 19 4 25 24 25 25 20 
25 19 19 6 25 11 6 24 25 25 25 25 25 12 25 16 23 25 3 15 22 19 16 10 13 25 25 16 12 25 4 25 25 14 1 25 11 22 24 19 22 14 1 6 19 3 11 6 25 22 17 25 25 1 25 14 19 1 19 25 25 25 25 20 25 25 16 25 
25 25 25 25 25 17 19 20 25 25 22 25 19 25 25 8 25 21 25 25 25 2 18 4 25 6 25 25 25 21 25 25 25 25 25 24 0 12 25 25 0 25 7 25 11 25 12 25 25 10 2 9 18 12 25 25 5 25 14 25 11 19 11 5 25 20 25 
22 10 5 25 25 25 12 21 10 25 25 7 15 25 10 25 25 17 25 5 25 25 13 8 25 25 25 25 9 25 25 0 25 2 25 10 25 25 25 2 9 25 21 17 25 25 24 25 25 25 12 14 1 25 25 25 25 25 15 25 21 25 10 4 25 10 
25 17 25 25 6 25 25 19 9 25 25 13 11 25 25 25 25 13 25 5 25 25 11 25 18 25 25 16 20 3 15 25 25 19 3 11 22 14 22 25 25 25 21 25 5 25 25 18 16 21 25 14 25 25 25 25 2 19 6 25 25 23 7 19 8 
3 11 25 22 19 2 25 20 6 25 25 7 25 25 25 25 9 17 25 25 25 12 25 12 25 24 25 25 25 25 25 10 25 25 21 25 25 12 15 24 14 25 2 4 0 1 25 2 24 6 25 25 24 5 25 6 25 24 13 25 3 16 25 25 
2 25 10 12 25 10 25 25 25 25 25 11 25 19 25 25 24 0 25 5 1 25 25 25 22 21 25 7 24 25 25 8 12 25 0 25 19 25 25 9 25 25 14 3 25 1 25 25 21 10 15 14 25 25 13 25 16 25 15 25 11 25 5 
4 25 25 11 25 25 25 25 25 7 25 25 7 17 18 18 16 25 4 2 18 5 25 25 4 0 25 25 21 5 25 25 25 25 13 17 25 7 25 25 25 25 25 25 11 25 25 25 9 25 25 22 20 6 19 8 17 25 4 25 25 10 
6 25 25 12 8 25 19 23 25 25 24 25 25 25 25 16 10 25 7 24 8 25 5 25 25 25 25 18 9 11 25 25 25 25 25 9 19 25 2 25 7 2 0 25 2 25 25 7 25 25 25 5 25 18 25 7 25 13 25 25 25 
25 25 25 25 15 10 5 10 5 4 17 2 25 11 24 21 25 25 25 25 25 3 2 14 25 23 6 25 25 11 25 6 23 25 18 25 23 25 25 25 25 25 2 14 10 20 25 9 3 25 10 2 23 18 25 25 25 20 6 5 
25 22 25 25 25 5 25 25 10 25 25 25 25 25 25 25 15 14 25 25 25 19 25 25 25 2 13 25 22 6 25 14 25 25 20 25 23 6 3 18 14 19 17 9 25 25 25 11 25 19 5 25 25 25 2 25 25 13 14 
15 18 4 19 24 25 22 19 25 21 25 24 3 13 23 25 25 20 25 25 6 25 1 15 11 25 10 25 25 25 12 25 25 9 6 10 25 20 2 25 9 25 4 14 25 9 25 25 25 25 15 25 7 0 13 4 25 14 
25 20 25 25 25 25 25 25 25 12 24 13 25 25 3 25 17 19 25 25 25 25 8 6 25 20 11 25 25 22 1 25 1 25 13 25 25 11 2 16 25 25 24 25 25 4 24 11 10 24 22 25 24 25 11 25 25 
7 25 25 25 4 25 7 15 25 4 1 25 22 1 8 25 25 25 25 25 2 6 25 1 7 2 25 25 25 23 12 25 25 11 21 25 22 22 25 6 20 18 11 0 21 23 25 3 25 16 6 20 14 23 16 25 
1 20 9 14 10 25 2 0 25 25 25 24 25 18 25 7 16 1 15 25 25 16 14 16 20 25 6 1 16 25 25 2 25 1 22 25 25 24 25 25 25 25 19 25 8 0 4 7 8 25 25 25 25 25 25 
23 5 25 25 25 20 3 20 25 22 25 6 25 17 25 25 25 25 25 9 20 17 25 25 25 22 11 25 25 25 25 25 25 25 12 25 25 25 4 25 10 11 25 25 25 25 25 25 25 25 16 25 25 1 
25 25 18 25 25 0 7 25 12 25 25 19 25 25 25 10 25 10 20 25 25 25 25 12 15 25 25 3 25 20 22 0 25 4 14 18 17 23 25 23 18 25 25 23 4 8 15 25 25 25 25 15 25 
25 23 8 23 25 24 11 25 25 25 25 25 25 25 25 25 9 14 19 25 17 25 10 25 23 7 21 12 1 25 25 25 25 25 25 13 18 4 17 25 14 25 25 9 15 0 25 25 21 4 5 18 
5 9 5 20 23 25 25 25 25 25 20 1 3 24 25 25 25 19 22 22 9 10 16 25 24 25 25 25 25 13 9 23 25 22 13 3 25 21 25 25 13 24 0 25 8 25 25 25 20 4 1 
12 15 25 25 25 25 9 17 11 4 11 18 25 1 25 12 25 7 25 25 6 25 1 25 15 17 18 25 25 21 25 21 25 11 10 25 18 2 25 25 8 3 11 25 25 25 5 25 25 25 
11 25 24 25 25 16 2 25 25 25 7 8 17 25 17 1 23 25 25 25 0 13 25 4 9 25 25 5 25 2 22 4 25 23 25 25 16 25 25 6 23 25 25 25 1 2 25 25 25 
25 25 22 25 25 5 25 23 25 0 23 25 25 10 4 25 8 8 25 25 22 25 25 25 25 14 12 25 16 21 6 25 17 8 8 0 9 21 25 4 17 25 0 25 25 25 25 25 
14 20 25 10 20 25 25 25 9 6 11 25 25 9 7 25 25 22 25 13 25 25 25 25 25 25 9 6 25 17 2 22 25 4 25 8 7 25 25 25 1 25 25 25 25 7 25 
25 25 25 21 22 25 25 25 25 25 10 25 24 25 6 25 7 6 25 25 7 5 25 25 2 25 25 25 14 25 8 25 25 16 20 7 19 7 4 25 15 25 13 25 16 25 
25 13 25 25 4 25 25 11 11 10 25 25 6 10 15 25 6 16 3 25 21 25 11 13 16 25 25 23 25 2 19 3 0 22 25 24 23 20 4 25 8 3 6 25 25 
15 10 13 25 16 25 25 25 12 25 21 25 25 11 22 25 25 25 25 16 25 20 5 12 24 3 25 11 25 17 17 15 25 25 25 10 25 25 15 18 15 25 7 25 
25 24 25 9 25 9 15 22 14 11 8 2 13 20 16 15 18 24 14 25 25 4 25 25 25 23 25 25 25 25 24 25 25 23 25 25 25 25 25 12 10 0 25 
25 11 25 25 22 17 25 25 25 17 5 25 25 20 6 25 11 25 25 9 25 25 25 6 12 25 25 25 25 11 25 22 10 25 3 25 25 25 19 25 25 25 
8 3 25 25 25 10 10 11 6 25 25 20 25 19 22 16 13 25 24 18 14 8 17 25 21 25 25 25 17 3 9 25 18 1 8 25 25 21 9 25 25 
25 25 13 25 18 25 25 15 18 0 20 0 25 20 1 9 25 25 25 25 3 25 25 17 25 6 14 25 24 25 25 25 1 4 24 24 25 11 25 25 
25 25 24 25 25 25 1 13 17 25 25 5 25 25 11 25 25 23 25 20 25 12 4 14 17 7 25 3 11 22 15 25 25 16 25 2 11 7 19 
25 25 25 0 12 25 25 7 23 25 25 20 25 25 25 25 25 2 25 16 25 25 25 25 25 9 25 17 13 25 3 0 25 25 25 25 17 25 
21 25 25 25 2 25 3 25 25 25 24 25 1 25 25 14 22 25 25 19 25 25 25 21 25 9 25 20 25 25 25 21 2 25 24 22 7 
7 24 25 25 25 2 25 25 25 2 25 14 25 16 24 25 25 25 1 25 18 5 25 8 25 9 10 4 14 17 0 25 25 6 22 25 
16 1 25 17 25 25 6 6 18 25 24 25 1 25 9 10 2 25 25 19 11 25 25 25 6 25 8 1 25 25 25 25 25 3 25 
21 25 25 25 25 25 25 6 3 25 25 25 3 25 13 25 25 25 15 12 25 20 12 23 25 25 25 17 11 24 24 25 14 23 
14 21 25 14 25 25 25 18 24 20 12 18 25 20 25 8 1 10 25 25 25 9 25 25 25 25 10 25 25 25 25 25 25 
25 25 10 25 25 21 21 16 25 15 25 25 25 18 25 11 11 15 13 25 25 10 16 25 19 23 25 4 13 17 8 25 
11 22 12 25 25 16 6 25 23 11 21 2 25 25 21 1 12 25 25 6 25 25 24 25 25 19 15 25 13 8 25 
12 17 10 20 25 17 23 21 25 14 25 25 18 25 12 25 25 9 25 17 25 25 25 5 25 25 25 24 13 14 
14 25 25 25 13 25 0 16 25 25 19 25 25 25 25 25 21 25 2 25 25 9 25 25 7 4 25 10 2 
25 25 25 25 25 25 6 5 25 25 25 22 4 25 18 0 21 25 25 3 25 18 22 20 7 18 14 15 
4 16 25 2 3 4 4 25 11 4 8 25 11 25 25 15 25 25 25 25 25 25 25 25 25 25 25 
14 14 25 25 25 25 14 25 9 25 4 25 25 25 25 3 25 9 17 8 17 24 25 14 25 25 
12 25 1 25 7 25 25 25 25 25 25 25 25 1 2 25 9 25 15 25 12 25 25 25 25 
14 20 25 16 25 19 14 25 13 6 25 19 25 13 25 25 25 16 20 25 16 25 25 25 
25 25 4 25 25 23 25 25 25 25 25 25 25 25 25 25 9 20 25 25 25 25 25 
25 25 11 16 25 25 18 25 12 21 25 25 25 0 25 2 13 17 25 9 22 24 
25 25 25 25 7 25 25 12 25 17 16 25 25 25 1 25 25 25 25 25 25 
25 25 25 25 25 25 7 25 25 25 25 17 25 4 25 25 25 25 3 25 
25 16 25 25 25 25 25 25 8 25 25 25 25 17 1 0 12 25 25 
25 25 25 25 17 25 14 25 25 25 25 25 25 25 20 24 25 21 
25 25 25 25 25 14 25 22 25 25 25 13 7 25 19 12 25 
25 1 25 25 25 25 25 25 25 25 25 25 25 25 24 25 
20 25 25 25 0 24 25 25 1 19 14 23 25 15 25 
25 25 25 1 25 2 25 25 25 10 25 5 9 25 
25 25 25 16 1 25 25 25 25 25 25 25 25 
25 3 3 19 19 25 25 25 25 25 14 0 
25 24 9 25 25 12 14 25 25 25 4 
25 25 25 25 25 25 25 25 25 16 
10 25 25 20 25 25 25 25 25 
25 25 25 25 25 25 25 25 
25 13 25 25 25 25 25 
25 25 25 25 25 21 
25 25 25 25 0 
25 13 25 25 
20 25 25 
25 5 
25 

