40 40
10 40 5 39 40 40 40 40 40 40 22 40 40 40 21 40 40 40 40 40 40 38 24 40 40 40 40 40 40 40 6 40 40 40 40 40 40 40 40 40
14 14 40 40 36 40 40 33 7 40 40 40 40 40 40 40 40 40 40 10 40 40 28 1 25 40 40 6 40 39 40 40 40 40 40 40 8 40 40
24 40 40 40 29 40 40 40 40 11 40 40 40 40 40 40 40 33 40 40 40 40 40 40 40 28 40 40 40 40 40 20 19 40 40 40 40 40
40 7 40 24 40 40 40 40 40 40 40 2 40 40 40 40 40 40 40 37 9 40 40 32 40 40 12 40 40 0 40 40 40 40 40 40 40
40 40 40 18 40 40 40 40 40 40 40 40 40 40 10 40 40 40 20 40 40 40 40 40 38 40 33 15 40 40 0 40 11 40 40 40
40 40 40 40 2 40 22 40 40 40 40 40 40 40 40 21 40 24 0 40 40 40 40 40 23 40 40 40 40 40 40 40 40 40 40
40 20 40 40 40 40 40 40 40 3 40 40 40 40 9 40 40 40 40 40 40 40 40 40 40 40 7 40 40 40 40 40 40 40
40 40 40 40 21 40 40 40 40 40 40 40 26 40 40 25 40 35 40 25 40 12 40 10 40 19 40 40 40 40 22 40 40
12 40 40 40 40 40 40 40 40 40 40 40 2 40 40 40 40 16 4 40 40 24 40 40 40 40 40 40 40 40 20 40
40 5 23 9 7 40 40 40 40 40 40 40 40 40 40 40 40 8 40 40 40 40 13 40 40 40 40 40 40 38 40
5 40 40 19 40 40 40 19 40 40 17 40 40 40 40 40 40 40 34 40 40 40 6 40 40 40 20 23 40 40
12 40 40 40 12 40 40 40 40 4 40 40 40 40 40 40 40 30 40 40 40 40 34 40 40 16 25 40 40
4 40 40 40 40 32 40 40 40 40 40 25 40 40 40 29 27 40 40 40 40 40 31 4 40 40 19 40
40 40 40 13 38 40 4 40 40 40 27 36 15 40 40 3 40 40 15 40 25 40 40 40 17 14 40
40 40 37 40 40 40 40 21 23 2 40 40 40 40 40 40 40 16 37 40 40 40 40 40 40 40
40 40 40 40 7 40 40 40 40 40 6 37 40 40 40 40 36 40 40 40 40 40 40 37 40
40 40 40 40 23 40 40 40 40 40 40 40 5 40 40 40 40 40 40 40 1 40 40 40
40 27 40 40 40 40 32 40 40 40 40 40 40 40 40 40 40 40 40 40 40 40 40
40 6 40 33 17 40 40 40 40 40 40 3 40 40 40 40 40 0 20 40 40 40
40 35 40 40 40 40 40 40 40 40 40 40 40 40 40 40 40 40 40 40 40
40 40 40 40 40 40 40 40 40 11 40 17 40 40 20 40 18 40 40 40
40 40 40 40 8 40 40 40 21 40 40 4 40 40 40 40 40 40 40
40 40 40 40 24 28 40 13 40 40 0 40 40 40 40 40 40 40
5 40 40 40 3 40 40 32 40 39 40 40 8 40 40 40 40
40 11 40 40 40 40 40 40 40 40 40 40 16 17 40 40
40 40 40 40 40 40 40 40 40 14 40 40 40 40 40
40 40 40 40 40 40 40 40 40 40 18 40 40 40
40 40 40 40 40 40 40 40 40 2 40 40 40
40 40 40 40 40 40 40 40 40 40 40 40
40 30 40 40 40 40 40 40 40 40 40
40 40 40 40 40 40 40 40 40 40
40 40 12 40 40 40 40 40 40
40 40 40 40 40 40 40 40
40 40 40 40 40 40 40
40 40 40 40 40 40
40 40 40 40 40
40 40 40 40
40 40 40
40 40
40
