40 40
12 25 40 40 40 40 40 31 27 40 13 40 19 40 22 40 22 40 40 6 40 40 40 40 24 40 22 40 40 40 40 21 40 40 40 29 40 40 40 40
11 40 40 34 39 40 23 40 40 35 40 24 38 40 40 40 40 40 39 40 36 40 40 6 40 40 40 40 40 40 40 40 27 40 36 40 40 0 40
40 40 40 40 40 40 40 40 31 40 2 9 13 40 40 40 39 16 27 40 40 13 40 40 40 40 40 28 24 25 40 9 40 40 30 40 40 40
40 40 4 38 27 8 40 10 40 15 40 40 40 40 40 36 22 40 40 28 40 40 5 40 16 40 40 40 15 0 40 40 15 40 34 40 40
40 40 40 16 6 40 30 31 40 26 33 40 40 40 26 8 40 32 6 27 40 1 40 40 40 40 11 40 40 40 40 40 37 13 40 40
40 40 22 18 40 40 40 40 31 40 40 40 15 40 40 40 16 40 40 7 40 40 38 40 40 40 40 28 40 28 40 24 40 40 40
40 40 6 35 40 18 40 12 40 4 40 40 40 40 0 40 40 40 17 40 38 40 36 40 21 26 40 6 40 40 40 40 40 40
40 21 40 40 40 40 40 32 40 40 40 40 9 40 1 40 40 40 40 24 40 40 4 38 39 35 40 40 40 24 40 40 40
29 40 40 12 16 40 40 40 40 40 40 40 22 40 40 40 40 29 40 19 40 40 23 40 40 26 17 40 10 40 40 40
40 6 40 40 0 40 28 12 4 40 40 40 40 40 40 32 40 40 40 0 22 40 40 23 27 40 24 40 40 40 40
0 40 40 40 17 33 40 40 40 40 36 10 40 0 27 40 40 40 38 18 40 40 33 40 8 11 40 40 40 40
40 8 40 40 40 40 40 40 40 19 34 40 40 40 40 40 40 40 40 40 40 40 40 40 40 40 40 40 40
40 40 40 40 40 40 40 40 40 40 40 40 40 40 40 40 40 10 40 40 40 40 40 40 40 40 40 40
40 40 40 40 40 40 40 40 40 40 40 40 40 40 40 26 40 40 40 40 40 40 40 40 40 40 40
40 40 40 40 40 40 40 40 40 40 40 40 40 40 25 40 40 40 40 40 40 40 40 40 40 40
40 40 40 40 40 40 40 40 40 40 40 40 40 40 40 40 40 40 40 40 40 40 25 21 40
40 40 40 40 40 15 40 40 40 40 40 40 40 40 40 40 40 40 40 40 40 40 40 40
40 40 40 40 40 40 40 40 40 40 19 40 40 40 40 40 26 40 40 40 40 40 40
40 40 40 40 40 40 40 40 40 40 40 40 40 40 40 40 29 40 40 40 37 40
40 40 40 40 40 3 40 40 40 40 40 40 40 40 40 40 40 40 40 40 40
40 40 40 12 40 40 40 40 40 40 40 40 40 40 40 8 40 40 40 40
40 40 40 40 40 40 40 40 40 40 40 40 40 40 40 40 40 40 40
40 40 40 40 40 40 40 40 40 40 40 40 40 40 40 40 40 40
40 40 40 40 31 40 40 40 40 40 40 40 26 40 40 40 40
40 40 40 40 40 40 40 40 40 40 40 40 40 40 40 40
40 40 40 40 40 40 40 40 40 40 40 40 40 40 40
40 40 40 40 40 40 40 40 40 40 40 40 40 40
40 40 40 40 40 36 40 40 40 40 3 40 40
40 40 40 40 40 40 23 40 40 40 40 40
40 40 40 40 40 3 40 40 40 40 40
40 40 40 40 40 40 40 40 40 40
40 40 40 40 40 40 40 40 40
40 40 40 40 40 40 40 40
40 40 40 40 40 40 40
40 40 40 40 40 40
40 40 40 40 40
40 40 40 40
40 40 40
40 40
40
