40 40
24 40 40 40 40 40 40 40 40 12 40 19 40 40 40 40 40 36 22 40 40 40 40 40 40 27 40 12 21 37 40 40 40 12 40 40 31 40 40 40
40 40 40 40 40 40 40 40 30 40 40 40 40 40 40 33 40 40 40 19 40 40 40 40 40 40 10 13 20 40 40 1 40 40 40 40 29 40 40
40 2 1 21 40 40 40 40 40 40 40 40 40 22 40 40 40 11 19 40 40 24 40 40 2 40 4 40 40 40 33 40 40 40 40 40 40 40
40 40 40 40 26 40 29 40 28 8 5 11 40 40 40 40 40 24 9 40 40 23 40 40 40 9 19 40 40 40 40 40 40 40 40 40 40
40 40 40 40 32 40 40 40 8 40 40 13 40 40 40 40 4 40 40 40 1 40 30 29 40 40 40 40 40 40 40 40 40 40 40 40
40 40 8 40 33 40 40 33 40 0 40 40 40 18 40 40 40 40 25 40 40 40 40 40 40 40 40 40 40 40 18 40 40 40 40
19 40 40 40 1 40 40 40 40 40 40 40 40 40 40 40 40 22 11 40 40 40 40 40 29 40 40 40 40 40 40 40 40 40
40 40 19 40 31 40 33 3 40 40 40 40 40 40 40 40 40 40 40 40 40 40 40 40 40 40 19 40 40 40 40 40 40
40 14 40 40 40 16 18 40 40 40 40 40 40 40 24 40 40 40 40 40 40 40 40 40 40 40 40 40 14 40 40 40
40 40 40 40 40 40 27 40 40 0 40 40 40 40 40 40 40 40 40 40 40 40 5 40 40 40 40 40 40 40 40
21 34 40 40 40 40 40 40 40 40 40 2 40 40 40 40 40 40 40 40 36 40 40 40 13 40 40 4 40 40
40 40 40 40 40 40 40 40 40 7 40 40 10 40 37 40 40 1 40 40 40 40 40 40 35 40 40 40 40
40 40 40 40 9 14 40 40 40 31 40 40 40 40 40 40 37 35 40 40 40 40 40 40 32 40 40 40
5 30 40 36 40 40 40 40 40 40 40 31 35 15 40 16 40 40 40 40 37 40 40 40 19 40 40
40 40 40 40 40 4 28 13 40 40 32 40 40 40 25 40 40 40 40 40 40 40 40 10 40 40
40 40 40 40 40 7 27 40 4 40 40 40 40 40 40 40 40 40 40 40 40 40 40 40 40
40 40 40 40 40 40 40 36 40 40 40 40 5 40 40 35 40 40 40 40 40 40 40 40
40 40 2 3 40 3 40 40 40 23 40 19 40 40 40 40 40 15 40 40 40 40 40
40 40 40 40 19 40 40 40 40 40 40 40 40 40 36 40 40 40 40 40 40 40
27 40 40 40 20 40 40 40 40 40 40 25 40 40 40 40 40 40 40 40 40
7 40 10 40 40 37 40 40 40 40 40 40 40 36 40 40 40 40 40 40
40 40 40 40 40 40 20 31 40 40 40 40 40 16 40 40 40 40 40
40 40 40 38 40 40 40 40 40 40 40 40 40 40 40 40 40 40
40 40 40 35 40 40 40 15 40 40 35 40 21 40 40 12 40
40 40 40 40 40 40 40 40 40 40 40 35 40 40 40 40
40 40 40 23 40 36 40 20 40 40 40 40 40 40 40
35 13 40 40 40 40 40 40 40 40 40 40 40 40
25 40 40 40 40 40 40 40 40 33 40 40 40
4 26 40 40 40 40 40 40 25 40 5 40
24 40 40 40 40 40 3 40 40 40 40
28 40 40 40 40 40 40 40 40 40
40 40 40 40 40 40 40 40 40
37 40 40 40 9 27 33 40
40 40 40 40 40 40 40
23 40 40 40 40 40
40 40 19 40 40
40 40 40 40
8 40 40
40 40
40
