50 50
44 39 21 50 20 4 44 34 50 15 43 32 24 27 45 39 33 9 34 12 30 15 4 8 47 13 42 17 10 28 50 50 49 31 43 43 14 48 50 1 33 34 27 41 11 9 24 11 30 
40 9 45 43 16 36 42 21 50 27 38 26 1 21 39 50 50 48 28 46 10 33 20 42 40 41 14 9 18 10 21 48 4 9 24 28 36 50 50 33 24 14 3 26 8 5 5 19 
26 38 11 41 13 25 47 14 50 41 1 17 41 20 49 50 31 46 34 43 50 31 18 42 50 41 36 13 50 32 45 42 18 10 6 50 6 45 4 50 45 20 21 9 35 46 17 
45 24 6 50 18 49 50 28 23 11 13 38 23 50 7 27 40 30 50 31 1 6 38 43 13 34 42 23 18 22 42 43 35 33 4 45 23 50 21 50 38 20 22 9 27 33 
23 48 3 44 15 26 50 35 9 3 17 45 5 34 21 43 11 5 22 31 6 23 46 50 50 29 18 3 15 49 1 18 50 14 2 11 16 41 16 27 13 45 47 39 27 
2 28 38 49 47 9 30 18 12 36 1 32 38 45 12 19 27 27 22 50 9 23 39 31 13 8 12 48 11 27 18 23 50 46 12 50 6 1 27 22 41 49 40 40 
50 50 44 28 50 50 24 22 41 27 32 40 43 26 5 42 35 50 43 28 18 43 7 50 50 44 0 3 1 50 9 20 21 9 50 50 27 45 10 2 50 45 50 
5 39 21 46 50 27 4 15 39 26 3 26 44 37 10 43 12 21 47 50 17 47 28 48 2 50 14 38 13 50 19 49 21 24 49 19 17 28 41 42 38 30 
48 20 10 28 8 50 28 25 22 0 15 17 21 33 49 18 26 50 38 8 38 23 8 50 34 50 43 50 10 35 34 3 49 18 39 11 12 8 33 50 50 
17 48 2 9 26 30 27 29 40 50 5 13 45 41 0 50 8 43 47 27 31 48 41 30 32 50 35 0 30 37 50 32 37 16 11 50 50 47 16 30 
49 17 15 48 21 4 28 4 4 19 21 11 18 11 36 50 44 50 25 46 4 10 20 20 22 45 50 50 23 17 4 50 29 20 9 34 17 41 48 
20 2 47 50 50 17 48 19 5 50 6 36 35 26 28 18 28 30 0 28 39 50 32 46 13 2 26 19 7 6 49 25 50 50 42 31 21 18 
30 30 6 50 21 50 25 2 19 2 3 23 50 14 50 19 50 49 7 3 17 6 46 0 50 30 41 47 50 50 42 25 0 50 33 40 39 
15 47 43 40 43 50 37 50 50 14 50 50 23 47 1 15 0 48 50 0 25 32 29 12 41 50 50 6 10 46 50 31 27 3 15 3 
10 21 8 41 21 3 0 41 42 10 11 22 30 5 50 17 50 50 20 11 16 33 44 34 40 35 47 3 17 47 15 43 10 50 50 
50 38 50 22 7 20 20 13 41 48 12 42 19 50 50 50 41 9 50 7 50 43 28 10 29 39 4 2 50 0 27 50 23 2 
50 23 2 50 8 14 41 40 50 50 23 10 17 50 28 34 27 13 24 36 17 17 35 20 47 7 46 44 31 50 0 50 13 
14 16 49 12 24 7 24 18 17 14 45 50 33 13 50 15 40 33 50 45 42 50 50 23 50 20 17 50 50 7 29 2 
3 44 24 10 48 17 50 10 36 6 50 28 6 21 50 15 26 11 26 32 50 32 26 6 50 50 50 28 30 49 3 
2 43 3 50 10 20 1 50 16 27 50 3 20 19 25 28 32 50 27 12 0 5 50 29 16 20 50 9 29 50 
2 23 50 50 37 25 50 23 18 50 7 23 38 50 3 22 0 50 13 0 23 15 26 11 33 11 46 28 23 
2 50 1 43 1 37 1 16 30 50 50 28 24 10 14 44 41 20 40 37 49 50 49 50 50 40 2 10 
50 5 50 38 50 26 21 12 31 49 50 0 29 41 50 50 30 16 42 50 49 30 50 50 50 50 23 
43 20 50 49 4 50 26 21 44 12 50 27 35 50 35 33 50 50 28 12 25 8 35 50 46 44 
50 42 6 50 26 11 35 42 50 28 50 23 50 16 37 34 25 41 14 50 33 31 46 30 4 
36 50 50 40 0 31 22 28 50 50 37 50 21 27 50 43 18 1 24 30 50 12 7 45 
18 50 50 7 14 49 50 18 21 7 18 6 41 50 22 50 17 16 20 40 50 29 50 
50 35 17 21 38 46 50 44 16 29 3 10 2 5 26 41 42 49 50 35 50 23 
29 50 6 34 32 2 39 25 44 11 6 46 47 39 5 33 5 32 13 21 50 
30 36 31 50 18 50 26 50 50 50 33 50 45 42 50 43 45 24 9 50 
13 13 50 50 15 4 46 50 39 24 50 2 34 50 38 34 16 17 50 
10 50 50 33 25 44 17 50 50 22 21 39 35 50 29 50 22 7 
12 46 12 29 44 6 30 9 19 50 39 34 30 31 0 50 50 
16 31 50 26 20 48 50 50 7 0 25 36 50 32 15 1 
50 46 50 5 35 22 50 0 50 15 18 34 50 24 27 
33 10 25 39 50 31 22 44 20 50 42 25 16 7 
50 39 23 26 6 18 37 25 50 40 15 2 50 
50 50 29 50 50 15 29 18 42 25 39 7 
50 30 4 50 8 50 12 9 50 50 29 
50 47 50 32 35 4 1 46 34 0 
39 25 36 38 32 46 34 42 37 
50 32 50 26 34 41 0 3 
25 18 50 50 32 29 50 
32 50 23 36 38 9 
40 42 48 50 49 
48 34 50 6 
50 28 50 
38 48 
31 

