100 25
20 11 15 0 25 25 21 6 25 21 25 19 0 25 24 25 25 25 25 10 1 25 10 25 4 25 3 10 25 22 7 13 16 4 15 9 17 25 21 25 25 11 18 11 23 25 4 25 25 25 25 12 25 25 16 25 25 25 25 11 25 25 15 19 14 14 19 24 25 25 11 6 18 11 25 25 25 9 13 25 11 25 25 25 25 15 6 25 25 2 8 11 6 25 12 13 25 25 20 
25 20 20 12 22 16 19 25 20 25 25 19 25 25 25 17 16 14 9 25 25 25 22 16 0 25 25 10 25 20 16 25 13 25 5 1 25 25 23 3 25 10 25 25 25 25 25 25 0 22 22 18 25 21 14 17 16 24 25 25 25 25 6 6 10 25 12 25 9 19 20 21 19 16 25 25 14 7 15 25 0 5 15 25 25 9 13 25 25 4 6 11 25 9 25 10 25 17 
1 25 25 20 6 12 25 8 9 25 25 15 13 25 25 25 2 6 25 20 0 25 15 21 25 24 20 25 25 25 7 1 18 25 22 25 5 17 24 25 24 8 12 25 13 25 2 2 25 25 25 5 25 25 22 25 25 23 2 5 10 7 17 25 25 21 2 25 14 22 25 2 25 25 25 25 25 25 15 25 16 25 3 19 25 14 25 18 25 25 25 25 2 25 25 25 13 
9 25 23 23 5 25 5 19 15 15 25 25 25 7 3 13 25 1 11 25 25 0 19 24 25 1 25 21 20 25 16 8 21 12 0 1 25 20 6 6 25 25 11 25 21 25 21 25 19 25 11 23 0 2 7 25 25 18 16 25 6 10 25 3 25 25 6 25 25 25 7 18 25 4 25 25 1 0 20 20 25 11 3 25 18 25 25 25 10 5 6 25 22 17 20 17 
25 1 25 25 7 21 5 25 12 19 25 25 25 24 6 25 24 6 25 9 17 25 20 4 16 25 24 5 14 25 2 25 25 25 9 11 25 25 22 25 25 2 25 11 18 5 8 14 17 25 6 12 7 8 11 23 3 10 15 25 25 0 1 3 10 25 25 25 25 9 4 2 25 25 25 25 12 25 20 25 25 14 25 25 22 10 25 25 25 3 25 1 25 14 5 
24 8 25 25 2 12 14 3 10 25 21 25 25 16 25 25 13 3 18 3 6 25 14 11 25 5 10 25 21 25 15 10 25 12 25 16 25 11 25 25 20 8 10 25 11 23 11 25 0 25 12 25 25 25 0 4 7 25 24 25 0 25 25 14 25 7 25 2 6 25 25 23 25 25 25 25 25 2 11 25 25 12 25 14 25 19 11 3 25 25 22 24 25 4 
25 25 5 25 2 25 25 25 25 10 6 15 25 25 0 14 25 25 25 10 21 25 24 25 25 25 25 25 14 25 10 15 22 25 25 22 6 12 25 18 16 25 24 6 12 25 25 25 23 25 1 25 25 21 25 1 25 11 25 11 5 17 25 14 25 4 25 25 23 25 2 25 11 23 15 3 25 25 17 25 10 25 25 21 25 9 15 19 19 25 25 25 25 
7 24 25 25 10 1 14 0 25 25 25 25 25 4 15 25 14 25 25 17 8 3 25 25 25 22 21 1 7 14 2 23 21 25 25 25 25 25 25 2 11 16 25 25 12 0 1 22 23 25 25 25 2 25 6 14 25 25 19 25 25 13 25 25 16 0 25 21 25 23 25 4 25 25 25 19 8 16 25 24 25 25 25 19 12 8 25 5 14 25 25 22 
8 25 25 11 10 19 25 25 25 25 11 4 11 25 25 25 3 15 4 9 25 25 17 24 25 25 9 25 25 13 10 25 9 3 25 12 18 25 25 7 15 25 3 15 23 25 25 25 9 17 25 25 25 16 5 20 15 25 4 24 21 12 25 3 25 25 11 25 25 25 25 25 25 25 7 25 23 25 15 25 25 7 25 9 25 25 3 2 25 25 25 
11 6 25 18 25 25 23 0 25 25 25 25 0 25 25 19 25 25 19 16 23 25 25 14 16 25 8 12 25 25 25 20 16 16 9 25 18 19 25 20 25 13 25 25 25 25 25 25 0 25 13 22 19 10 25 25 25 12 20 25 16 25 25 25 18 4 25 6 5 9 25 23 6 0 20 25 25 25 25 21 21 25 25 25 25 16 25 25 25 25 
4 12 7 25 25 4 15 1 4 2 20 25 19 13 0 10 19 25 25 25 14 25 5 7 9 20 20 25 10 25 25 25 4 10 25 18 25 25 25 12 2 7 5 0 20 25 25 19 25 3 9 25 17 25 0 8 25 25 10 25 25 25 25 25 15 25 25 25 25 15 0 25 5 21 11 25 24 11 10 10 16 25 25 22 25 25 25 0 25 
25 24 5 25 15 14 25 7 25 4 4 24 25 7 25 25 25 9 11 21 17 4 25 25 22 25 23 25 17 25 8 25 16 6 25 1 21 16 17 20 8 11 25 17 25 15 15 25 9 25 25 11 25 25 25 0 20 7 2 11 25 8 25 6 22 23 25 25 25 25 25 25 25 25 2 9 2 17 19 25 6 22 25 16 4 25 25 25 
1 1 22 25 25 9 11 25 0 22 6 18 11 19 16 25 25 2 25 25 21 25 0 25 16 20 25 13 25 25 21 25 4 25 3 25 17 25 18 25 4 14 13 2 25 25 25 11 5 16 1 25 22 6 7 25 13 25 2 25 25 25 25 25 25 25 8 24 24 10 24 25 17 25 20 4 25 25 8 5 25 19 25 24 25 5 12 
25 18 25 25 25 25 8 25 7 25 25 19 25 25 6 23 17 21 25 25 17 25 20 9 25 25 13 16 25 25 25 24 25 4 13 1 18 25 25 9 22 25 10 25 21 25 13 25 6 25 25 7 25 24 25 17 25 25 25 13 25 25 15 25 1 16 25 2 12 25 25 10 5 9 17 25 10 25 10 25 25 25 15 25 25 11 
8 18 25 25 25 25 6 25 25 25 25 25 24 23 2 25 25 18 25 25 25 9 25 25 25 25 18 25 12 1 25 25 25 25 25 23 25 10 25 25 25 5 13 10 25 4 9 1 18 25 7 24 11 25 20 25 23 0 25 25 25 25 25 25 25 25 19 6 21 8 25 19 25 25 25 13 25 19 16 7 25 13 0 12 0 
25 25 25 19 2 21 25 7 25 1 25 17 10 25 6 2 25 2 5 5 25 0 12 8 25 25 25 25 0 25 0 7 25 25 25 23 25 25 22 25 25 20 11 3 10 25 25 20 4 21 19 9 10 7 16 21 14 2 1 1 25 0 25 25 0 20 11 9 4 7 16 24 11 22 25 14 25 13 25 15 25 5 17 10 
25 25 6 25 13 0 25 8 15 25 25 3 25 3 8 7 23 23 10 1 25 25 21 15 11 25 15 25 20 14 25 1 25 25 20 14 14 12 4 25 25 7 25 5 25 9 16 9 25 25 25 17 7 6 21 1 11 25 0 25 8 9 1 9 25 25 10 20 25 2 22 9 2 8 25 25 1 25 25 2 14 11 9 
25 25 7 25 1 16 25 25 25 11 4 6 6 9 25 11 25 25 3 25 17 0 8 25 25 25 25 25 25 7 22 25 10 25 18 24 17 25 25 2 17 25 25 25 19 25 25 25 9 24 14 25 20 25 25 15 25 16 21 11 25 25 25 21 25 25 19 10 10 25 15 25 25 20 17 1 25 21 21 25 23 25 
21 25 13 5 17 15 14 25 25 25 16 8 21 7 22 15 8 25 7 25 25 25 20 5 13 18 18 11 13 25 2 0 7 17 6 14 22 25 25 1 17 25 25 9 0 24 25 25 25 25 25 25 25 25 25 25 25 25 25 25 25 25 25 25 22 25 25 25 25 19 25 25 25 25 25 25 25 25 2 25 25 
25 25 25 25 25 25 25 25 25 25 25 25 25 25 25 25 25 25 25 25 25 25 25 25 25 25 25 25 25 25 25 25 25 25 25 25 25 25 25 25 25 25 25 25 25 25 25 25 25 25 25 25 25 25 25 25 25 25 25 25 25 25 25 25 25 25 25 25 25 25 25 25 25 25 25 13 25 25 25 25 
25 25 25 25 25 25 25 25 25 25 25 25 25 25 25 25 25 25 25 25 25 25 25 25 25 25 25 25 25 25 25 25 25 25 25 25 25 25 25 25 25 25 25 25 25 25 25 25 25 25 25 25 25 25 25 13 25 25 25 25 25 25 25 25 25 25 25 25 25 25 25 25 25 25 25 25 25 25 25 
25 25 25 25 25 25 25 25 25 25 25 25 25 25 25 25 25 25 11 25 25 25 25 25 25 25 25 25 25 25 25 25 25 25 25 25 25 25 25 25 25 25 25 25 25 11 25 25 25 25 25 25 25 25 25 25 25 25 25 25 25 25 25 25 25 25 25 25 25 25 25 25 25 25 25 25 25 25 
25 25 25 25 25 25 25 25 25 25 25 25 25 25 25 25 25 25 25 25 25 25 25 25 25 25 25 25 25 25 25 25 25 25 25 25 25 25 25 25 25 25 16 25 25 25 25 25 25 25 25 25 25 25 25 25 25 2 25 25 25 25 25 25 25 25 25 25 25 25 25 25 25 25 25 25 25 
25 25 25 25 25 25 25 25 25 25 25 25 25 25 25 25 25 25 25 25 25 25 25 25 25 25 25 25 25 25 25 25 25 25 25 25 25 25 25 25 25 25 25 25 25 25 25 25 25 25 25 25 25 25 25 25 1 15 25 25 25 25 25 25 25 25 7 25 25 25 25 25 25 25 25 25 
25 25 25 25 25 25 25 25 25 25 25 25 25 25 25 25 25 25 25 25 25 25 25 25 25 25 25 25 25 25 25 25 25 25 25 25 25 25 25 25 25 25 25 25 25 25 25 25 25 25 25 25 25 25 25 25 25 25 25 25 25 25 25 15 25 25 25 25 25 25 25 25 25 19 25 
25 25 25 25 25 25 25 25 25 25 25 25 25 25 25 25 25 25 25 25 25 25 25 25 25 25 25 25 25 25 25 25 25 25 25 25 25 25 25 25 25 25 25 25 25 25 25 25 25 25 25 25 25 25 25 25 25 25 25 25 25 25 25 25 25 7 25 25 25 25 25 25 25 25 
25 4 25 25 25 25 25 25 25 25 25 25 25 25 25 25 25 25 25 25 25 25 25 25 25 25 25 25 25 25 25 25 25 25 25 10 25 25 25 25 25 25 25 25 25 25 25 25 25 25 25 25 25 25 25 25 25 25 25 25 25 25 25 25 25 23 25 25 25 25 25 25 25 
25 25 25 25 25 25 25 25 25 25 25 25 25 25 25 25 25 25 25 25 25 25 25 25 25 25 25 25 25 25 25 25 25 25 25 25 25 25 25 25 25 22 25 25 25 25 25 25 25 25 25 25 25 25 25 25 25 25 25 25 25 25 25 25 25 25 25 25 25 25 25 25 
25 25 25 25 25 25 25 25 25 25 25 25 25 25 25 25 25 25 25 25 25 25 25 25 25 25 25 25 25 25 25 25 25 25 25 25 25 25 25 25 25 25 25 25 25 25 25 25 25 25 25 25 25 25 25 25 25 25 25 25 25 25 25 25 25 25 25 25 25 25 25 
25 25 25 25 25 25 25 25 25 25 25 25 25 18 25 25 25 25 25 25 25 25 25 25 25 25 25 25 25 25 25 25 25 25 25 25 25 25 25 25 25 25 17 25 25 25 25 25 24 25 25 25 25 25 25 25 25 25 25 25 25 25 25 25 25 25 25 25 25 25 
25 25 25 25 25 25 25 25 25 25 25 25 25 25 25 25 25 25 25 21 25 25 25 25 25 25 25 25 25 25 25 25 25 25 25 25 25 25 25 25 25 25 25 25 25 25 25 25 25 25 25 25 25 25 25 25 25 25 25 25 25 25 25 25 25 25 25 25 5 
25 25 25 25 25 25 25 25 25 25 25 25 25 25 25 25 25 25 25 25 25 25 25 25 25 25 25 25 25 25 25 25 25 25 25 25 25 25 25 25 25 25 25 25 25 25 25 25 25 25 25 25 25 25 25 25 25 25 25 25 25 25 25 25 25 25 25 25 
25 25 25 25 25 25 25 25 25 25 25 25 25 25 25 25 25 25 25 25 14 25 25 25 25 25 25 25 25 25 25 25 25 25 25 25 25 25 25 25 25 25 25 25 25 25 25 25 25 25 25 25 25 25 25 25 25 25 25 25 25 25 25 25 25 25 25 
25 25 25 25 25 25 25 25 25 25 25 25 25 25 25 25 25 25 25 25 25 25 25 25 25 25 25 25 8 25 25 25 25 25 25 25 25 25 25 25 25 25 25 25 25 25 25 25 25 25 25 25 25 25 25 25 25 25 25 25 25 25 25 25 25 25 
25 25 25 25 25 25 25 25 25 25 25 25 25 3 25 25 25 25 25 25 25 25 25 25 25 25 25 25 25 25 25 25 25 25 25 25 25 25 25 25 25 13 25 25 25 25 25 25 25 25 25 25 25 25 25 25 25 25 25 25 25 25 25 25 25 
25 25 25 25 25 25 25 25 25 25 25 25 25 25 25 25 25 25 25 25 25 25 25 25 25 25 25 25 25 25 25 25 25 25 25 25 25 25 25 25 25 25 20 25 25 25 25 25 25 25 25 25 25 25 25 25 25 25 25 25 25 25 25 25 
25 25 25 25 25 25 16 25 25 25 25 25 25 25 25 25 25 22 25 25 25 12 25 25 25 25 25 25 25 25 25 25 25 25 25 25 25 25 25 25 25 25 25 25 25 25 25 25 25 25 25 25 25 25 25 25 25 25 25 25 25 25 25 
25 19 25 25 25 25 25 25 25 25 25 25 25 25 25 25 25 25 25 25 25 25 25 25 25 25 25 25 25 25 25 25 25 25 25 25 25 25 25 25 1 25 25 25 25 25 25 25 25 25 25 25 25 25 25 25 25 25 25 25 25 25 
25 25 25 25 25 25 25 25 25 25 20 25 25 25 25 18 25 25 25 25 25 25 25 25 25 25 25 25 25 25 25 25 25 25 25 25 25 25 25 25 25 25 25 25 25 25 25 25 25 25 25 25 25 25 25 25 25 25 25 25 25 
25 25 25 25 25 25 25 25 25 25 25 25 25 25 25 25 25 25 25 25 25 25 25 25 13 25 25 25 25 25 25 25 25 25 25 25 25 25 25 25 25 25 25 25 25 25 25 25 25 25 25 25 25 25 8 25 25 25 25 25 
25 25 25 25 25 25 25 25 25 25 25 25 25 25 25 25 25 25 25 25 25 25 25 25 25 25 25 25 25 25 25 25 25 25 25 25 25 25 25 25 25 25 25 25 25 25 25 25 25 25 25 25 25 25 25 25 25 25 25 
25 25 25 25 25 25 25 25 25 25 25 25 25 25 25 25 25 25 25 25 25 25 25 8 25 25 25 25 25 25 25 25 25 25 25 25 25 25 25 25 25 25 25 25 25 25 25 25 25 25 25 25 25 25 25 25 25 25 
25 25 25 25 25 25 25 25 25 25 25 25 25 25 25 25 25 25 25 25 25 25 25 25 25 25 25 25 25 25 25 25 25 25 25 25 25 25 25 25 25 25 25 25 25 25 25 25 25 25 25 25 25 2 25 25 25 
25 25 25 25 25 25 25 25 25 25 25 25 25 25 25 25 25 25 25 25 25 25 25 25 25 25 25 25 25 25 25 25 25 25 25 25 25 25 25 25 25 25 25 25 25 25 25 25 25 25 25 25 25 25 25 25 
25 25 25 25 25 25 25 25 25 25 25 25 25 25 25 25 25 25 25 25 25 25 25 25 15 25 25 25 25 25 25 25 25 25 25 25 25 25 25 25 25 25 25 25 25 25 25 25 25 25 25 25 25 6 25 
25 25 25 25 25 25 25 25 25 25 25 14 25 25 25 2 25 25 25 25 25 25 25 25 25 25 25 25 25 25 25 25 25 25 25 25 25 25 25 25 25 25 25 25 25 25 25 25 25 25 25 25 25 25 
25 25 25 25 25 25 25 25 25 25 25 25 25 25 25 25 25 25 25 25 25 25 25 25 25 25 25 1 25 25 25 25 25 25 25 25 25 25 25 25 25 25 25 25 25 25 25 25 25 25 25 25 25 
25 25 25 25 25 25 25 25 25 25 25 25 25 25 25 25 25 25 25 25 25 25 25 1 25 25 25 25 25 25 25 25 25 25 25 25 25 25 25 25 25 25 25 25 25 25 25 25 25 25 25 25 
25 25 25 25 25 25 25 25 25 25 25 25 25 25 25 25 25 25 25 25 25 25 25 25 25 25 25 25 25 25 25 25 25 25 25 25 25 25 25 25 25 25 25 7 25 25 25 25 25 25 25 
25 25 25 25 25 25 25 25 25 25 25 25 25 25 25 25 25 25 25 25 25 25 25 25 25 25 25 25 25 25 25 25 25 25 25 25 25 25 25 25 25 25 25 25 25 25 25 25 25 25 
25 25 25 25 25 25 25 25 25 25 25 25 25 25 25 25 25 25 25 25 25 25 25 25 25 25 25 25 25 25 25 25 25 25 25 25 25 25 25 25 25 25 25 25 25 25 25 25 25 
25 25 25 25 25 25 25 25 25 25 25 25 25 25 25 25 25 25 25 25 25 25 25 25 25 25 25 25 25 25 25 25 25 12 25 25 25 25 25 25 25 25 25 25 25 25 25 25 
25 25 25 25 25 25 25 25 25 25 25 25 25 25 25 25 25 25 25 25 25 25 25 25 25 25 24 25 25 25 25 25 4 25 25 25 25 25 25 25 25 25 25 25 25 25 25 
25 25 25 25 25 25 25 25 25 25 25 25 25 25 25 25 25 25 25 25 25 25 25 25 25 25 25 25 25 25 25 25 25 25 25 25 25 25 25 25 25 25 25 25 25 25 
25 25 25 25 25 25 25 25 25 25 25 25 25 25 25 6 25 25 25 25 25 25 25 25 5 25 25 25 25 25 25 25 25 25 25 25 25 25 25 25 25 25 25 25 25 
25 25 25 25 25 25 25 25 25 25 25 25 24 25 25 25 25 25 25 25 25 25 25 25 25 25 25 25 25 25 25 25 25 25 25 25 25 25 25 25 8 25 25 25 
25 25 25 25 25 25 25 25 25 25 25 25 25 25 25 25 25 25 25 25 25 25 25 25 25 25 25 2 25 25 25 25 25 25 25 25 1 25 25 25 25 25 25 
25 25 25 25 25 25 5 25 25 25 25 25 25 25 25 25 25 25 25 25 25 25 25 25 25 25 25 25 25 25 25 25 25 25 25 25 25 25 25 25 25 25 
25 25 25 25 25 25 25 25 25 25 25 25 25 25 25 25 25 25 25 25 25 25 25 25 25 25 25 25 25 25 25 25 25 25 25 25 25 25 25 25 25 
25 25 25 25 25 25 15 25 25 25 25 25 25 25 25 25 25 25 25 25 25 25 25 8 25 25 25 25 25 25 25 25 25 25 25 25 25 25 25 25 
25 14 25 25 25 25 25 25 25 25 25 25 25 25 25 25 25 25 25 25 25 25 25 25 25 24 25 25 25 25 25 25 25 25 25 25 25 25 25 
25 25 25 25 25 25 25 25 25 25 25 25 25 25 25 25 25 25 25 25 25 25 25 25 25 25 25 25 25 25 25 25 25 25 25 25 25 25 
25 25 25 25 25 25 25 25 25 25 25 25 12 25 25 25 25 25 25 25 25 25 25 25 25 25 25 25 25 25 25 25 25 25 25 25 25 
25 25 25 25 25 25 25 20 8 25 25 25 25 25 25 25 25 25 25 25 25 25 25 25 25 25 25 25 25 25 25 25 25 25 25 25 
25 25 25 25 25 25 25 25 25 25 25 25 25 25 25 25 25 25 25 25 25 25 25 25 25 25 25 25 25 25 25 25 25 25 25 
25 25 25 25 25 25 25 25 25 25 25 25 25 25 25 25 25 25 25 25 25 25 25 25 25 25 25 25 25 25 25 25 25 25 
25 25 25 25 25 25 25 25 25 25 25 25 25 25 25 25 25 25 25 25 25 25 25 25 25 25 25 25 25 25 25 25 25 
25 25 25 25 25 25 25 25 25 25 25 25 25 25 25 25 25 25 25 25 25 25 25 25 25 25 25 2 25 25 5 25 
25 25 25 25 25 25 25 2 25 25 25 25 25 25 25 25 25 25 25 25 25 25 25 25 25 25 25 25 25 25 25 
25 25 25 25 25 25 25 25 25 25 25 25 25 25 25 25 25 25 25 25 25 25 25 25 25 25 25 25 25 25 
25 25 25 25 25 25 25 25 25 25 25 25 25 25 25 25 25 25 25 25 25 25 25 25 25 25 25 25 25 
25 25 25 25 25 19 25 25 25 25 25 25 18 25 25 25 25 25 25 25 25 25 25 25 25 25 25 25 
25 25 25 25 25 25 25 25 25 25 25 25 25 25 25 25 25 25 25 25 25 25 25 3 25 25 25 
25 25 25 25 25 25 25 25 25 25 25 25 25 25 25 25 25 25 25 25 25 25 25 25 25 25 
25 25 25 25 25 25 25 25 25 25 25 25 25 25 25 25 25 25 25 25 25 25 25 25 25 
25 25 25 25 25 25 25 25 25 25 25 25 25 25 25 25 25 25 25 25 25 25 25 25 
25 25 25 25 25 25 25 25 25 25 25 25 25 25 25 25 25 25 25 25 25 25 25 
25 25 25 25 25 25 25 25 25 25 25 25 25 25 25 25 25 25 25 25 25 25 
25 25 25 25 25 25 25 25 25 25 25 25 25 25 25 25 25 25 25 25 25 
25 25 25 25 25 25 25 25 25 25 25 25 25 25 25 25 25 25 25 25 
25 25 25 25 25 25 25 25 25 25 25 25 25 25 25 25 25 25 25 
25 25 25 25 25 25 25 25 25 25 25 25 25 25 25 25 25 25 
25 25 25 25 25 25 25 25 25 25 18 25 25 25 25 25 25 
25 25 25 25 25 25 25 25 25 25 25 25 25 25 25 25 
25 25 25 25 25 25 25 25 25 25 25 25 25 25 25 
25 25 25 25 25 25 25 25 25 25 25 25 25 25 
25 25 25 25 25 25 25 25 25 25 25 25 25 
25 25 25 25 25 25 25 25 25 25 25 25 
25 25 25 25 25 25 25 25 25 25 25 
25 25 11 25 25 25 25 25 25 25 
25 25 25 25 25 25 25 25 25 
25 25 25 25 25 25 25 25 
25 25 25 25 25 25 25 
25 25 25 25 25 25 
25 25 25 25 25 
25 25 25 25 
25 25 25 
25 25 
25 

