100 25
25 5 0 17 25 4 25 25 25 25 13 10 25 25 25 25 25 25 25 25 2 25 9 25 5 25 25 25 9 25 25 25 25 25 25 3 25 25 25 25 25 25 25 25 25 11 10 24 25 25 7 25 25 25 25 25 25 25 25 19 25 25 17 2 25 25 2 25 25 25 22 24 25 5 25 22 25 25 8 17 8 25 25 25 25 25 25 25 25 25 8 25 25 25 25 25 25 25 25 
25 25 16 25 25 25 10 25 25 14 8 25 20 25 25 25 25 25 21 16 25 0 25 25 0 25 6 25 25 25 3 25 25 25 25 22 25 25 25 25 25 16 25 25 25 25 25 25 25 25 25 0 20 11 25 25 25 25 2 19 25 25 25 14 25 25 25 25 25 11 25 25 25 25 8 17 15 25 25 25 25 6 25 10 25 25 25 25 25 11 25 21 25 25 25 2 25 25 
16 25 17 25 25 16 25 1 25 23 25 3 25 25 25 25 4 25 25 25 25 25 25 7 5 16 25 25 25 0 25 20 10 25 25 25 1 4 25 25 25 25 25 25 25 25 7 22 25 17 11 20 14 25 25 25 25 17 25 25 25 25 25 22 25 25 25 12 25 25 25 25 20 25 25 25 16 25 25 25 25 12 1 25 25 25 25 25 25 25 25 16 15 25 25 25 25 
25 25 12 13 25 2 1 25 25 25 25 25 23 25 25 25 25 25 25 25 25 7 23 25 9 25 2 25 25 25 8 0 25 25 25 1 0 25 25 17 25 21 25 25 25 25 25 25 25 25 25 9 25 25 17 25 8 25 25 25 25 17 25 25 25 25 25 14 5 25 25 13 25 25 25 5 25 25 25 25 25 25 19 25 25 4 0 25 25 25 25 25 1 25 25 15 
25 25 25 23 25 25 25 25 25 2 6 3 25 25 25 25 21 0 11 25 25 25 25 13 25 1 25 25 19 25 25 4 25 25 25 25 25 4 25 25 13 23 25 25 5 19 5 25 25 25 14 25 25 25 25 25 11 25 14 6 25 25 20 25 25 25 25 25 25 25 18 25 25 9 25 10 25 11 25 25 24 25 25 25 14 25 9 25 9 25 25 16 25 20 25 
25 25 25 25 25 9 25 25 25 25 25 25 20 23 25 25 3 9 25 25 25 1 20 25 25 25 25 25 25 25 25 25 25 4 25 25 18 25 21 10 25 25 19 9 21 25 25 23 5 12 25 25 25 10 21 14 15 25 15 25 25 25 25 25 25 25 25 25 6 25 25 25 25 6 25 25 15 5 25 25 13 25 16 24 25 25 25 2 25 19 25 25 25 25 
25 25 25 25 25 25 25 11 25 11 7 25 25 22 25 21 17 25 25 25 25 25 25 25 25 25 7 0 25 6 25 23 25 25 25 0 20 5 25 25 25 25 25 25 6 25 19 25 25 0 24 25 7 6 25 6 25 25 25 25 25 25 22 25 25 7 25 25 25 18 2 25 2 25 24 25 25 25 14 10 10 22 25 25 15 25 1 25 6 25 22 18 25 
25 25 25 17 25 9 25 25 25 25 13 25 25 25 21 25 25 25 25 25 25 25 3 25 25 25 25 25 25 25 25 23 25 25 25 18 23 25 25 17 25 25 25 25 25 25 1 25 25 25 25 25 25 24 25 25 25 25 15 25 25 25 9 25 21 1 25 16 25 25 11 25 25 25 25 18 25 6 25 25 25 25 25 14 25 21 6 25 18 25 25 25 
4 25 25 25 0 25 25 18 25 25 25 25 25 25 25 0 25 21 25 25 25 25 3 24 25 25 25 25 23 25 3 15 25 25 25 25 25 4 25 25 25 14 25 25 25 3 25 5 25 25 25 25 25 25 25 10 25 10 25 25 25 25 25 25 25 10 8 25 22 25 4 13 23 1 25 25 25 25 25 25 25 25 25 25 11 3 6 25 25 25 25 
25 25 25 25 25 25 25 25 25 24 25 25 0 25 25 0 25 13 4 17 25 25 25 2 7 8 25 25 25 25 25 2 25 25 5 13 25 25 24 25 0 25 25 25 6 25 25 25 25 25 9 25 25 25 25 25 25 25 25 19 25 25 25 25 4 25 9 7 22 4 9 25 25 25 25 25 25 5 1 25 25 25 20 11 25 25 25 25 6 6 
25 25 25 25 1 25 25 25 12 25 20 3 4 25 18 25 12 25 25 25 21 18 25 25 3 22 25 25 25 25 4 25 12 22 25 25 25 25 3 25 24 25 25 25 25 25 25 25 25 0 25 25 25 25 22 9 25 25 23 2 25 25 25 25 25 25 25 5 25 9 18 25 25 25 13 23 25 25 25 17 12 25 25 25 25 18 1 25 25 
14 25 25 25 25 25 25 25 5 25 3 25 25 25 25 19 25 25 6 22 23 11 25 25 25 25 16 25 25 25 25 25 25 25 25 5 25 25 25 25 25 16 15 1 25 25 25 25 25 25 25 24 25 25 25 25 25 25 25 25 17 17 3 25 25 25 24 25 25 25 25 25 0 25 25 18 25 25 8 25 25 25 18 2 25 11 25 25 
25 25 25 25 19 25 10 25 25 25 13 25 18 25 24 25 25 14 25 25 25 25 25 25 5 25 25 15 2 25 25 25 25 25 3 7 1 10 25 25 4 25 25 20 5 2 14 25 25 25 25 25 15 18 25 25 25 25 25 25 7 9 25 25 25 22 25 25 25 25 24 25 25 25 10 25 25 25 25 25 25 22 25 25 25 25 25 
25 8 25 25 16 25 25 25 25 25 25 25 25 25 5 25 25 25 25 25 25 25 6 25 25 4 25 25 25 25 25 24 25 25 18 1 25 25 25 25 25 25 16 20 25 25 25 25 3 25 6 18 21 25 4 25 20 25 25 8 25 25 25 25 25 4 0 13 1 25 25 25 25 25 25 6 25 25 25 5 25 25 25 25 25 19 
25 23 25 25 25 6 5 10 1 25 25 17 25 25 22 11 25 25 25 25 22 2 25 25 25 19 4 9 25 25 25 25 25 16 25 25 25 25 25 25 25 24 25 25 25 25 25 23 25 25 25 25 25 5 25 25 25 25 25 25 25 25 1 25 13 15 6 25 25 11 6 25 14 25 25 25 25 25 25 25 25 25 17 25 25 
21 25 10 25 25 25 25 6 25 1 25 25 25 10 25 25 18 8 25 25 25 3 25 21 4 24 25 25 25 25 25 25 25 8 25 25 25 23 1 25 25 25 25 7 25 10 25 25 25 22 24 25 25 25 25 24 0 14 17 25 11 25 25 25 25 20 25 25 20 25 25 25 23 7 25 25 25 25 25 25 13 25 23 3 
25 25 25 25 25 25 25 25 25 25 25 25 25 25 25 13 25 14 11 7 25 10 15 25 17 25 25 25 25 6 21 0 25 25 25 25 25 25 25 5 25 25 25 25 16 25 25 25 13 25 25 25 25 25 25 25 25 25 25 25 25 15 22 25 17 6 15 20 25 25 25 1 25 25 6 1 25 8 25 25 25 25 25 
9 25 25 0 20 25 25 25 25 11 1 10 25 25 25 25 20 25 25 25 25 25 13 25 18 25 25 8 25 25 25 25 18 7 10 18 25 25 25 17 25 25 14 25 25 13 9 25 25 10 13 25 25 21 25 25 25 25 25 4 25 25 25 7 25 25 25 25 25 7 25 24 23 0 25 25 25 25 25 17 25 25 
0 23 25 25 10 25 25 25 7 17 25 8 25 20 12 25 25 25 25 25 25 25 25 25 25 25 25 25 25 25 25 25 25 18 25 25 25 18 2 25 25 25 25 25 25 10 25 25 25 25 25 25 25 13 25 25 2 25 25 9 25 25 25 25 25 25 1 25 25 25 25 25 25 25 25 25 25 12 25 25 25 
25 25 25 25 25 25 25 6 25 25 25 25 25 25 25 25 25 16 25 1 11 25 25 25 20 25 19 15 25 25 25 7 23 6 11 18 25 25 14 25 25 25 18 25 8 8 25 7 25 13 5 25 17 9 6 1 25 25 25 25 25 25 13 25 25 25 25 25 8 25 18 25 4 25 1 10 25 25 0 25 
25 25 8 5 25 25 25 16 25 21 25 25 23 25 5 25 25 22 25 8 25 25 25 25 25 9 25 25 25 7 25 25 4 25 25 25 25 25 25 18 25 25 25 25 25 25 25 25 25 25 25 17 12 25 25 25 25 25 23 25 25 25 25 25 25 25 25 25 25 25 25 25 25 25 12 25 3 25 12 
17 25 23 25 25 25 21 25 25 25 25 25 25 25 25 25 15 25 13 6 25 25 25 25 3 14 0 25 25 25 25 25 16 25 22 13 19 25 7 25 14 11 25 25 25 25 25 10 25 25 3 12 20 25 25 25 25 25 6 25 25 13 9 12 25 25 25 16 25 11 25 25 25 25 4 25 25 25 
25 25 25 25 25 25 25 25 25 25 9 25 25 25 15 0 25 25 13 25 25 20 25 25 25 25 25 25 25 17 25 25 25 6 25 21 25 25 25 25 25 25 12 25 25 25 17 6 19 25 25 12 25 4 25 25 25 25 25 25 2 25 25 2 25 25 7 1 25 12 24 25 20 25 25 25 25 
25 16 25 25 25 7 25 8 25 25 8 11 11 25 25 25 21 25 25 25 25 4 0 2 25 25 25 20 19 19 25 25 25 2 25 25 25 25 25 25 25 25 25 15 25 25 25 25 25 25 25 25 25 25 25 25 25 25 4 25 25 25 25 25 21 3 1 14 25 7 10 25 25 9 25 17 
25 25 25 25 25 1 6 25 25 25 24 25 25 25 25 11 25 25 25 21 25 25 25 25 25 25 25 25 7 25 25 25 25 25 25 25 25 25 15 17 25 25 25 25 25 25 7 25 25 16 0 25 25 3 25 25 25 25 20 25 25 3 25 15 25 25 6 25 25 25 25 12 10 16 3 
25 0 25 25 22 25 25 2 25 25 25 25 25 25 18 21 25 25 25 25 25 13 25 25 14 1 25 25 25 25 25 6 25 25 25 25 25 9 25 25 14 14 10 13 2 25 20 25 25 25 25 25 25 25 25 25 25 25 25 25 25 24 25 2 25 16 25 25 11 25 25 10 25 15 
25 7 1 4 25 21 25 25 25 25 25 14 15 25 1 25 25 1 2 25 25 25 25 25 1 25 25 12 25 25 25 21 25 25 8 25 25 25 25 25 25 6 0 25 25 25 25 25 13 0 25 10 18 25 25 25 25 25 25 12 25 15 25 13 25 14 25 2 25 25 25 11 25 
25 25 25 25 25 25 25 17 25 25 25 25 25 2 5 25 25 25 25 25 24 1 25 25 15 25 2 0 25 14 12 23 25 16 7 20 25 25 25 6 25 25 25 12 20 21 15 13 25 25 25 25 25 25 21 25 19 25 25 25 25 25 25 25 12 16 16 25 25 20 25 25 
25 25 25 25 25 25 25 25 25 25 25 12 25 19 25 25 4 25 25 25 21 25 25 25 25 19 25 12 25 13 25 25 20 11 25 25 12 25 25 25 5 25 25 25 18 25 25 7 25 25 25 25 25 0 25 25 25 25 25 18 25 25 8 25 25 25 25 3 25 25 24 
25 5 25 25 25 25 15 25 25 25 25 25 25 25 25 25 15 22 25 25 25 0 25 25 25 25 25 25 0 24 25 25 25 25 25 8 25 25 25 25 25 24 25 19 25 25 25 25 25 25 25 25 25 14 25 25 4 25 25 10 3 25 25 12 25 25 9 25 0 25 
0 25 25 3 6 17 25 25 25 25 25 9 25 7 2 3 25 11 25 14 25 8 25 11 25 25 21 25 25 17 25 25 25 25 21 14 2 25 25 25 25 24 25 25 25 12 25 25 25 25 25 25 22 25 25 25 25 25 25 12 25 21 19 25 25 24 25 25 25 
25 19 25 25 25 11 25 25 25 25 25 25 25 12 25 25 23 25 3 25 25 25 25 10 13 25 25 16 25 25 25 25 25 25 25 25 11 25 25 19 25 25 1 6 19 3 11 6 25 22 25 25 25 25 25 25 19 25 25 25 25 25 25 20 25 25 16 25 
25 25 25 25 25 17 25 25 25 25 25 25 19 25 25 8 25 25 25 25 25 25 18 25 25 25 25 25 25 25 25 25 25 25 25 24 25 12 25 25 25 25 25 25 25 25 12 25 25 10 2 9 18 12 25 25 5 25 25 25 11 25 11 5 25 20 25 
22 10 5 25 25 25 12 21 25 25 25 7 15 25 10 25 25 17 25 5 25 25 25 8 25 25 25 25 25 25 25 0 25 2 25 10 25 25 25 2 25 25 21 17 25 25 25 25 25 25 12 14 1 25 25 25 25 25 25 25 25 25 25 25 25 10 
25 17 25 25 25 25 25 19 9 25 25 13 25 25 25 25 25 25 25 25 25 25 25 25 25 25 25 25 20 3 25 25 25 19 3 25 22 25 25 25 25 25 21 25 25 25 25 25 25 21 25 14 25 25 25 25 25 19 6 25 25 23 25 19 8 
3 11 25 25 19 25 25 20 6 25 25 7 25 25 25 25 9 17 25 25 25 25 25 12 25 24 25 25 25 25 25 10 25 25 25 25 25 25 25 25 25 25 25 4 0 1 25 25 25 6 25 25 25 5 25 25 25 24 13 25 3 16 25 25 
2 25 10 12 25 10 25 25 25 25 25 11 25 25 25 25 25 0 25 25 1 25 25 25 22 21 25 7 24 25 25 25 12 25 0 25 19 25 25 9 25 25 14 3 25 1 25 25 21 10 25 25 25 25 13 25 16 25 15 25 25 25 5 
4 25 25 25 25 25 25 25 25 25 25 25 7 17 18 25 25 25 4 2 18 5 25 25 25 0 25 25 21 25 25 25 25 25 13 25 25 25 25 25 25 25 25 25 25 25 25 25 25 25 25 22 20 25 25 25 25 25 4 25 25 10 
25 25 25 25 8 25 19 23 25 25 25 25 25 25 25 25 10 25 7 25 25 25 5 25 25 25 25 18 9 25 25 25 25 25 25 9 19 25 2 25 7 2 0 25 25 25 25 7 25 25 25 5 25 18 25 25 25 25 25 25 25 
25 25 25 25 25 25 25 10 5 4 17 25 25 25 25 25 25 25 25 25 25 3 2 14 25 25 25 25 25 25 25 25 23 25 18 25 25 25 25 25 25 25 2 25 25 20 25 25 3 25 10 2 25 18 25 25 25 20 6 5 
25 22 25 25 25 5 25 25 25 25 25 25 25 25 25 25 25 25 25 25 25 25 25 25 25 25 25 25 25 25 25 25 25 25 25 25 25 25 25 25 25 25 25 25 25 25 25 25 25 25 25 25 25 25 25 25 25 25 25 
25 25 25 25 25 25 25 25 25 25 25 25 25 25 25 25 25 25 25 25 25 25 25 25 25 25 25 25 25 25 25 25 25 25 25 25 25 25 25 25 25 25 25 25 25 25 25 25 25 25 25 25 25 25 25 4 25 14 
25 25 25 25 25 25 25 25 25 25 25 25 25 25 25 25 25 25 25 25 25 25 25 25 25 25 25 25 25 25 25 25 25 25 25 25 25 25 25 25 25 25 25 25 25 25 25 25 25 24 25 25 25 25 25 25 25 
25 25 25 25 25 25 25 25 25 25 25 25 25 25 25 25 25 25 25 25 2 25 25 25 25 25 25 25 25 25 25 25 25 25 25 25 25 25 25 25 25 25 25 25 25 25 25 25 25 25 25 25 25 25 25 25 
25 25 25 25 25 25 25 25 25 25 25 25 25 18 25 25 25 25 25 25 25 25 25 25 25 25 25 25 25 25 25 25 25 25 25 25 25 25 25 25 25 25 25 25 25 25 25 25 8 25 25 25 25 25 25 
25 25 25 25 25 25 25 25 25 25 25 25 25 25 25 25 25 25 25 9 25 25 25 25 25 25 25 25 25 25 25 25 25 25 25 25 25 25 25 25 25 25 25 25 25 25 25 25 25 25 25 25 25 25 
25 25 25 25 25 25 25 25 25 25 25 25 25 25 25 25 25 25 25 25 25 25 25 25 25 25 25 25 25 25 25 25 25 25 25 25 25 25 25 25 25 25 25 25 25 25 25 25 25 25 25 25 25 
25 25 25 25 25 25 25 25 25 25 25 25 25 25 25 25 25 25 25 25 25 25 25 25 25 25 25 25 25 25 25 25 25 25 25 25 18 25 25 25 25 25 25 25 25 25 25 25 25 25 25 25 
25 25 25 25 25 25 25 25 25 25 25 25 25 25 25 25 25 25 25 25 25 25 25 25 25 25 25 25 25 25 25 25 25 25 25 25 25 25 25 25 25 25 25 25 25 25 25 25 25 25 1 
25 25 25 25 25 25 25 25 25 25 25 25 25 25 25 25 25 25 25 25 25 25 25 25 25 25 25 25 25 25 25 25 25 25 25 25 25 25 25 25 25 25 25 25 25 25 5 25 25 25 
25 25 25 25 25 25 25 25 25 25 25 25 17 25 25 1 25 25 25 25 25 25 25 25 25 25 25 25 25 25 25 25 25 25 25 25 25 25 25 25 25 25 25 25 25 25 25 25 25 
25 25 25 25 25 25 25 23 25 25 25 25 25 25 25 25 25 25 25 25 25 25 25 25 25 25 25 25 25 25 25 25 25 25 25 25 25 25 25 4 25 25 0 25 25 25 25 25 
14 25 25 25 25 25 25 25 25 25 25 25 25 25 25 25 25 25 25 25 25 25 25 25 25 25 25 25 25 25 25 25 25 25 25 25 7 25 25 25 25 25 25 25 25 25 25 
25 25 25 25 25 25 25 25 25 25 25 25 25 25 25 25 25 25 25 25 25 25 25 25 25 25 25 25 25 25 25 25 25 25 25 25 25 25 25 25 25 25 25 25 25 25 
25 25 25 25 25 25 25 25 25 25 25 25 25 25 25 25 25 25 25 25 25 25 11 25 25 25 25 25 25 25 25 25 25 25 25 25 25 25 25 25 25 25 25 25 25 
25 25 25 25 25 25 25 25 25 25 25 25 25 25 25 25 25 25 25 25 25 25 25 25 25 3 25 25 25 25 25 25 25 25 25 25 25 25 25 25 25 25 25 25 
25 25 25 25 25 25 25 25 25 25 25 25 25 25 25 25 25 25 25 25 25 25 25 25 25 25 25 25 25 25 24 25 25 25 25 25 25 25 25 25 25 25 25 
25 25 25 25 25 25 25 25 25 25 25 25 25 25 25 25 25 25 25 25 25 25 25 6 25 25 25 25 25 25 25 25 25 25 25 25 25 25 25 25 25 25 
25 25 25 25 25 25 25 25 25 25 25 25 25 25 25 25 25 25 25 25 25 25 25 25 25 25 25 25 25 25 25 25 25 25 25 25 25 25 25 25 25 
25 25 25 25 25 25 25 25 25 25 25 25 25 25 25 25 25 25 25 25 25 25 25 17 25 25 25 25 25 25 25 25 1 25 25 25 25 25 25 25 
25 25 25 25 25 25 25 25 25 25 25 25 25 25 25 25 25 25 25 25 25 25 25 25 25 25 25 25 25 25 25 25 25 25 25 25 25 25 25 
25 25 25 25 25 25 25 25 23 25 25 25 25 25 25 25 25 25 25 25 25 25 25 25 25 25 25 25 25 25 25 25 25 25 25 25 25 25 
25 25 25 25 25 25 25 25 25 25 25 25 25 25 25 25 25 25 25 25 25 25 25 25 25 25 25 25 25 25 25 25 25 25 25 25 25 
25 24 25 25 25 25 25 25 25 25 25 25 25 25 25 25 25 25 25 25 25 25 25 25 25 25 10 25 25 25 25 25 25 25 25 25 
25 25 25 25 25 25 25 25 25 25 25 25 25 25 25 25 25 25 25 25 25 25 25 25 25 25 25 25 25 25 25 25 25 25 25 
25 25 25 25 25 25 25 25 25 25 25 25 25 25 25 25 25 25 25 25 25 25 25 25 25 25 25 25 25 25 25 25 25 25 
25 25 25 25 25 25 25 25 25 25 25 25 25 25 25 25 25 25 25 25 25 25 25 25 25 25 25 25 25 25 25 25 25 
25 25 25 25 25 25 25 25 25 25 25 25 25 25 25 25 25 25 25 25 25 25 25 25 25 25 25 25 25 25 25 25 
25 25 25 25 25 25 25 25 25 25 25 25 25 25 25 25 25 25 25 25 25 25 25 25 25 25 25 25 25 8 25 
25 25 25 25 25 25 25 25 25 25 25 25 25 25 25 25 25 25 25 25 25 25 25 25 25 25 25 24 25 25 
25 25 25 25 25 25 25 25 25 25 25 25 25 25 25 25 25 25 25 25 25 25 25 25 25 25 25 25 25 
25 25 25 25 25 25 25 25 25 25 25 25 25 25 25 25 25 25 25 25 25 25 25 25 25 25 25 25 
25 25 25 25 25 25 25 25 25 25 25 25 25 25 25 25 25 25 25 25 25 25 25 25 25 25 25 
25 25 25 25 25 25 25 25 25 25 25 25 25 25 25 25 25 25 25 25 25 25 25 25 25 25 
25 25 25 25 25 25 25 25 25 25 25 25 25 25 25 25 25 25 25 25 25 25 25 25 25 
25 25 25 25 25 25 25 25 25 25 25 25 25 25 25 25 25 25 25 25 25 25 25 25 
25 25 25 25 25 25 25 25 25 25 25 25 25 25 25 25 25 25 25 25 25 25 25 
25 25 25 16 25 25 25 25 25 25 25 25 25 25 25 25 25 25 25 25 25 25 
25 25 25 25 25 25 25 25 25 25 25 25 25 25 25 25 25 25 25 25 25 
25 25 25 25 25 25 25 25 25 25 25 25 25 25 25 25 25 25 25 25 
25 25 25 25 25 25 25 25 25 25 25 25 25 25 1 25 25 25 25 
25 25 25 25 25 25 25 25 25 25 25 25 25 25 25 25 25 25 
25 25 25 25 25 25 25 25 25 25 25 25 25 25 25 25 25 
25 25 25 25 25 25 25 25 25 25 25 25 25 25 25 25 
25 25 25 25 25 25 25 25 25 25 25 25 25 25 25 
25 25 25 25 25 25 25 25 25 25 25 25 25 25 
25 25 25 25 25 25 25 25 25 25 25 25 25 
25 25 25 19 25 25 25 25 25 25 25 25 
25 25 25 25 25 25 25 25 25 25 25 
25 25 25 25 25 25 25 25 25 25 
25 25 25 25 25 25 25 25 25 
25 25 25 25 25 25 25 25 
25 25 25 25 25 25 25 
25 25 25 25 25 25 
25 25 25 25 25 
25 25 25 25 
25 25 25 
25 25 
25 

