100 25
25 25 25 15 7 1 25 25 25 22 25 25 18 14 22 7 25 25 25 5 18 3 17 25 25 16 25 1 25 8 25 20 2 25 13 7 14 24 7 19 25 25 17 6 25 25 25 15 25 25 25 25 8 25 25 0 0 25 25 25 13 14 16 25 25 25 25 23 14 25 25 25 25 25 8 25 7 25 25 25 24 17 3 25 24 8 25 3 18 25 25 25 25 25 25 7 12 2 25 
21 7 25 25 5 25 25 25 25 25 15 25 25 5 5 25 20 8 12 25 3 25 25 25 25 25 21 2 19 25 6 7 25 25 1 12 25 8 25 22 25 25 25 25 11 25 25 8 4 2 25 11 22 25 0 25 21 25 25 13 19 20 25 25 3 18 25 22 25 25 25 7 6 19 2 13 10 25 25 25 2 25 25 25 25 12 6 11 25 25 2 17 25 24 20 25 21 4 
25 19 9 25 25 25 25 6 13 25 19 25 4 17 25 3 25 25 25 13 25 25 25 25 14 17 19 25 25 4 25 25 18 25 25 25 25 25 3 25 25 22 25 8 25 14 25 25 25 1 3 1 25 25 25 14 25 12 25 25 6 25 9 5 4 25 25 3 12 22 25 25 21 25 10 13 25 25 25 10 25 14 25 16 25 25 25 25 25 25 15 25 25 25 16 10 2 
19 6 25 0 25 25 25 25 25 25 25 25 23 25 25 9 25 25 25 25 25 12 25 13 19 25 25 21 2 20 25 10 11 25 24 25 25 10 25 25 21 4 25 10 25 25 25 22 5 25 9 25 25 22 1 25 19 7 12 25 13 25 25 4 21 21 25 19 25 25 24 1 25 25 25 25 25 14 25 24 22 8 25 20 25 25 10 25 25 25 25 7 25 25 4 25 
21 25 25 25 1 25 25 25 19 5 15 25 25 15 25 4 25 25 25 25 25 25 14 25 25 25 6 23 25 25 25 25 25 8 25 23 8 0 1 25 20 25 25 25 25 25 25 14 20 12 25 8 25 25 25 25 25 20 9 25 25 12 25 20 25 25 2 25 11 9 25 23 25 18 25 25 20 25 1 3 25 23 8 25 6 2 25 25 25 25 25 25 25 21 25 
25 25 7 25 25 25 13 20 5 25 11 11 25 25 23 25 6 12 25 25 1 25 25 25 25 10 3 4 25 25 25 25 25 22 25 13 25 13 25 25 25 25 25 25 0 25 25 25 25 25 5 24 16 17 25 23 10 25 25 25 16 25 18 25 17 5 3 6 14 25 5 25 25 25 25 20 3 12 25 8 23 23 25 25 5 25 25 8 15 25 9 25 18 14 
25 15 21 25 25 1 25 11 1 25 25 25 25 25 1 25 18 25 25 25 20 25 25 25 18 15 1 25 5 25 12 4 16 25 13 25 25 6 25 25 25 25 20 25 25 14 6 10 25 2 25 16 25 6 18 25 25 25 25 11 22 14 16 25 2 25 25 20 14 14 13 25 5 25 25 25 25 25 25 25 17 10 15 14 25 25 19 25 25 25 25 25 24 
25 0 8 12 25 1 12 5 25 14 25 25 25 25 19 23 25 25 25 25 25 25 16 16 11 25 25 25 25 13 13 19 25 25 10 25 25 25 14 10 25 25 25 25 17 25 25 25 24 25 7 6 10 25 17 25 13 25 25 25 21 20 3 11 25 22 25 12 25 0 22 25 25 25 25 4 4 12 25 25 10 25 25 1 23 25 25 25 6 25 25 25 
25 9 25 25 25 23 25 13 25 13 5 25 7 25 1 24 25 9 7 25 3 0 25 18 25 22 25 12 25 25 17 25 8 9 25 22 25 5 18 14 14 25 2 25 15 5 20 25 25 25 25 12 25 3 0 25 15 4 21 25 25 5 23 25 25 12 25 25 25 25 17 11 13 5 21 25 25 10 25 25 25 0 24 6 0 22 25 18 3 4 13 
3 25 8 25 25 25 3 18 25 25 25 25 25 25 21 25 25 13 25 25 10 25 25 25 2 25 25 25 19 25 25 25 25 25 25 0 2 25 25 5 5 9 9 25 24 6 25 25 12 3 25 21 4 9 25 8 8 14 25 25 25 25 25 18 25 17 14 22 25 4 20 14 25 25 25 25 20 5 25 22 25 3 25 1 3 25 9 25 24 14 
25 0 25 25 25 7 25 2 25 25 11 18 6 25 25 2 25 11 25 25 8 25 25 12 20 3 25 14 9 25 25 5 25 13 25 7 25 11 25 9 4 25 25 18 5 16 25 25 25 16 25 25 2 25 23 25 4 25 6 1 25 1 1 25 2 25 20 25 16 19 14 25 12 25 25 17 11 25 25 24 25 25 22 25 6 25 22 25 7 
25 25 18 25 19 11 16 25 11 1 25 14 17 5 25 25 10 25 25 0 24 18 9 25 24 25 25 25 25 25 25 25 25 5 10 17 5 24 10 24 5 25 25 25 14 5 18 25 25 25 25 7 25 25 25 25 9 14 25 11 25 1 25 18 24 16 25 14 20 24 25 17 25 25 8 23 15 1 4 25 13 17 18 25 25 18 19 25 
3 9 1 13 25 25 25 25 8 25 25 7 24 14 25 25 24 25 25 25 25 25 8 7 25 14 25 22 25 0 2 18 11 15 15 25 24 25 3 12 25 20 25 7 17 9 19 25 25 24 25 25 13 25 17 25 25 25 1 25 11 24 14 25 20 12 20 25 25 25 25 25 6 25 25 17 5 17 25 7 25 23 3 25 25 25 3 
10 25 12 25 25 25 9 25 25 19 20 11 25 25 25 25 25 25 13 25 24 4 25 12 0 25 9 2 25 25 15 25 25 3 22 20 25 25 25 10 25 1 25 17 18 5 2 6 25 3 25 25 6 1 12 25 25 19 22 25 0 25 25 16 25 25 25 25 24 25 25 16 25 22 25 25 23 25 25 15 25 16 25 25 12 25 
5 25 25 25 23 25 17 25 19 13 25 13 2 25 5 25 25 1 25 3 25 25 25 14 25 25 25 25 25 21 11 1 25 25 25 25 25 9 25 8 3 20 0 12 25 25 5 23 22 25 25 25 25 18 25 25 25 25 3 18 8 25 25 4 15 24 16 25 25 25 25 25 25 25 25 25 25 25 12 25 25 12 24 25 25 
25 6 25 15 15 25 6 25 25 25 2 0 25 25 25 25 13 18 9 21 23 5 25 0 0 16 10 25 11 25 12 25 25 24 24 25 25 6 25 4 23 25 2 25 25 20 25 25 25 25 25 25 25 25 25 15 25 22 10 7 8 25 25 15 25 14 25 5 24 25 25 25 13 25 25 25 20 25 25 11 25 25 25 21 
5 7 18 21 0 0 8 12 25 25 25 25 4 6 25 11 25 25 25 10 25 25 12 25 25 4 25 22 25 8 25 25 25 10 22 8 0 15 16 2 25 25 5 7 23 3 25 25 25 16 7 25 8 25 7 25 15 25 23 25 25 25 15 8 25 5 25 18 10 25 25 25 25 18 25 25 16 25 25 8 25 25 22 
25 25 25 25 25 18 25 25 25 22 25 14 25 25 24 25 2 25 25 3 25 12 25 25 10 25 25 25 25 9 25 1 18 25 25 25 9 11 21 8 25 1 25 15 25 25 8 25 25 0 10 25 10 14 9 17 25 25 10 25 14 25 25 25 10 25 4 25 7 25 25 25 25 9 25 16 0 2 25 3 19 25 
8 1 25 18 6 25 25 6 1 12 7 25 23 25 25 11 25 25 25 25 25 25 25 25 12 17 25 20 25 1 25 23 8 14 25 15 25 24 9 25 7 25 19 7 25 25 6 14 25 25 17 9 25 25 25 25 18 1 0 2 11 25 25 25 24 8 2 25 25 22 20 19 25 0 25 16 16 8 25 25 10 
20 25 25 21 22 16 21 16 19 6 25 13 15 18 10 25 25 25 3 25 1 2 25 25 25 25 17 5 17 25 22 25 25 25 0 4 5 19 1 25 25 25 1 25 11 8 17 25 25 25 25 25 25 24 25 17 0 11 25 13 8 25 25 25 25 22 15 24 25 25 25 25 25 3 1 25 25 25 25 16 
25 25 25 25 10 25 25 14 0 25 14 6 17 11 12 25 25 17 25 25 21 7 10 21 16 25 11 25 25 8 19 9 25 25 25 25 25 25 25 7 25 25 25 25 4 25 25 2 7 3 25 20 5 25 25 25 25 25 19 21 3 1 25 22 21 23 4 3 4 25 25 7 25 25 14 10 25 9 17 
19 6 25 25 22 25 25 25 25 17 25 25 25 25 25 25 25 25 25 25 25 4 3 25 14 16 25 10 25 4 25 25 25 14 25 25 25 24 25 25 25 25 12 7 25 0 25 18 25 25 17 10 25 10 18 23 6 25 3 7 25 14 25 15 25 21 25 25 5 25 25 0 25 25 16 25 25 25 
1 25 8 25 25 18 16 17 3 25 17 7 25 3 25 18 9 25 4 4 5 10 15 25 25 7 25 20 18 5 25 25 2 24 25 25 25 25 4 21 25 25 25 12 25 17 25 17 25 25 25 25 25 25 25 25 25 25 25 24 25 25 25 25 25 25 25 25 25 25 25 25 25 25 25 25 25 
25 25 25 25 25 25 25 25 25 25 25 25 25 25 25 25 25 25 25 25 25 25 25 25 25 25 25 25 25 25 25 25 25 25 25 25 25 25 25 25 25 25 25 25 25 25 25 25 25 25 25 25 25 25 25 25 25 25 25 25 25 25 25 25 25 25 25 25 25 25 25 25 25 25 25 25 
25 25 25 25 25 25 25 25 25 25 25 25 25 25 25 25 25 25 25 25 25 25 25 25 25 25 25 25 25 25 25 25 25 25 25 25 25 25 25 25 25 25 25 25 25 25 25 25 25 25 21 25 25 25 25 25 25 25 25 25 25 25 25 25 25 25 25 25 25 25 25 25 25 25 25 
25 25 25 25 25 25 25 25 25 25 25 25 25 25 25 25 25 25 25 25 25 25 25 25 25 25 25 25 25 25 25 25 25 25 25 25 25 25 25 25 25 25 25 25 25 25 25 25 25 25 25 25 25 25 25 25 25 25 25 25 25 25 25 25 25 25 25 25 25 25 25 25 25 25 
25 25 25 25 25 25 25 25 25 25 25 25 25 25 25 25 25 25 25 25 25 25 25 25 25 25 25 25 25 25 25 25 25 25 25 25 25 25 25 25 25 25 25 25 25 25 25 25 25 25 25 25 25 25 25 25 25 25 25 25 25 25 25 25 25 25 25 25 25 25 25 25 25 
25 25 25 25 25 25 25 25 25 25 25 25 25 25 25 12 25 25 25 25 25 25 25 25 25 25 25 25 25 2 25 25 25 25 25 25 25 25 25 25 25 25 25 25 25 25 25 25 25 25 25 25 25 25 25 25 25 25 25 25 25 25 25 25 25 25 25 25 25 25 25 25 
25 25 25 25 25 25 25 25 25 25 25 25 25 25 25 25 25 25 25 16 25 25 25 25 25 25 25 25 25 25 25 25 25 25 25 25 25 25 25 25 25 25 25 25 25 25 25 25 25 25 25 25 25 25 25 25 25 25 25 25 25 25 25 25 25 25 25 25 25 25 25 
25 25 25 25 25 25 25 25 25 25 25 25 25 25 25 25 25 25 25 25 25 25 25 25 14 25 25 25 25 25 25 25 25 25 25 25 25 25 25 25 25 25 25 25 25 25 25 25 25 25 25 25 25 25 25 25 25 25 25 25 25 25 25 25 25 25 25 25 25 25 
25 25 25 25 25 25 25 25 25 25 25 25 25 25 25 25 25 25 25 25 25 25 25 25 25 25 25 25 25 25 25 25 25 25 25 25 25 25 25 25 25 25 25 25 25 25 25 25 25 25 25 25 25 25 25 25 25 25 25 25 25 25 25 25 25 25 6 25 25 
25 25 25 25 25 25 25 25 25 25 25 25 25 25 25 25 25 25 25 25 25 25 25 25 25 25 25 25 25 25 25 25 25 25 25 25 25 25 25 25 25 25 25 25 25 25 25 25 25 25 25 25 25 25 3 25 25 25 25 25 25 25 25 25 25 25 25 25 
25 25 25 25 25 25 25 25 25 25 25 25 25 25 25 25 25 25 25 25 25 25 25 25 25 25 25 25 25 25 25 25 25 25 25 25 25 25 25 25 25 25 25 25 25 25 25 25 25 25 25 25 25 25 25 25 25 25 12 25 25 25 25 25 25 25 25 
25 25 25 25 25 25 25 25 25 25 25 25 25 25 25 25 25 25 25 25 25 25 25 25 25 25 25 25 25 25 25 25 22 25 25 25 25 25 25 25 25 25 25 25 25 25 25 25 25 25 25 25 25 25 25 25 25 25 25 25 25 25 25 25 25 25 
25 25 25 25 25 25 25 25 25 25 25 25 25 25 25 25 5 25 25 25 25 25 25 25 25 25 25 25 25 25 25 25 25 25 25 25 25 25 25 25 25 25 25 25 25 25 25 25 25 25 25 25 25 25 25 25 25 25 25 25 25 25 25 25 25 
25 25 25 25 25 25 25 25 25 25 25 25 25 25 25 25 25 25 25 25 25 25 25 25 25 25 25 25 25 25 25 25 25 25 25 25 22 25 25 25 25 25 25 25 25 25 25 25 25 25 25 25 21 25 25 25 25 25 25 25 25 25 25 25 
25 25 25 25 25 25 25 25 25 25 25 25 25 25 25 25 25 25 25 25 25 25 25 25 25 25 25 25 25 25 25 25 25 25 25 25 25 25 25 25 25 25 25 25 25 25 25 25 25 25 25 25 20 25 25 25 25 25 25 25 25 25 25 
25 25 25 25 25 25 25 25 25 25 25 25 25 25 25 25 25 25 25 25 25 25 25 25 25 25 25 25 25 25 25 25 25 25 25 25 25 25 25 25 25 25 25 25 25 25 25 25 25 25 25 25 25 25 10 25 25 25 25 25 25 25 
25 25 25 25 25 25 25 25 25 25 25 25 25 25 25 20 25 25 25 25 25 25 25 25 25 25 25 25 25 25 25 25 25 25 25 25 25 25 25 25 25 25 25 25 25 25 25 25 25 25 25 25 25 25 25 25 25 25 25 25 25 
25 25 25 25 25 25 25 25 25 25 25 25 25 25 25 25 25 25 25 25 25 25 25 25 25 25 25 25 25 25 25 25 25 25 25 25 25 25 25 25 25 25 25 25 25 25 25 25 25 25 25 25 25 25 25 25 25 25 25 25 
25 25 25 25 25 25 25 25 25 25 25 25 25 25 25 25 25 25 25 25 25 25 25 25 25 25 25 25 25 25 25 25 25 25 25 10 25 25 25 0 25 25 25 25 25 25 25 25 25 25 25 25 25 25 25 25 0 25 25 
25 25 25 25 25 25 0 25 25 25 25 25 25 25 25 25 25 25 25 25 25 25 25 25 25 25 25 25 25 25 25 25 25 25 25 25 25 25 25 25 25 25 25 25 25 25 25 25 25 25 25 25 25 25 25 25 25 25 
25 25 25 25 25 25 25 25 25 25 25 25 25 25 25 25 25 25 25 25 25 25 25 25 25 25 25 25 25 25 25 25 25 25 25 25 25 25 25 25 25 25 25 25 25 25 25 25 25 25 25 25 4 25 25 25 25 
25 25 25 25 25 25 25 25 25 25 25 25 25 25 25 25 25 25 25 25 25 25 25 25 25 25 25 25 25 25 25 25 25 25 25 25 25 25 25 25 25 25 18 25 25 25 25 25 25 25 25 25 25 25 25 25 
25 25 25 25 25 25 25 25 25 25 25 25 25 25 25 25 25 25 25 25 25 25 25 25 25 1 25 25 25 25 25 25 25 25 25 25 25 25 25 25 25 25 25 25 25 25 25 25 25 25 25 25 25 25 25 
25 25 25 25 25 25 25 25 25 25 25 25 25 25 25 25 25 25 25 25 25 25 25 25 25 25 25 25 25 25 25 25 25 25 25 25 25 25 0 25 25 25 25 25 25 25 25 25 25 25 25 25 25 25 
25 25 25 25 25 25 25 25 25 25 25 25 25 25 2 25 25 25 25 25 25 25 25 25 25 25 25 25 25 25 25 25 25 25 25 25 25 25 25 25 25 25 25 25 25 25 25 25 25 25 25 25 25 
25 25 25 25 17 25 25 25 25 25 25 25 25 25 25 25 25 25 25 25 25 25 25 25 25 25 25 25 25 25 25 25 25 25 25 25 25 25 25 25 25 25 25 25 25 25 25 25 25 25 25 25 
25 25 25 25 25 25 25 25 25 25 12 25 25 25 25 25 25 25 25 25 25 25 25 25 25 25 25 25 25 25 25 25 25 25 25 25 25 25 25 25 25 25 25 25 25 25 25 25 25 25 25 
25 25 25 25 25 25 25 25 25 25 25 25 25 25 25 25 25 25 25 25 25 25 25 4 25 25 25 25 25 25 25 25 25 25 25 25 25 25 25 25 25 25 25 25 25 25 25 25 25 25 
25 25 25 25 25 25 25 25 25 25 25 25 25 25 25 25 25 25 25 25 25 25 25 25 25 25 25 25 25 25 25 25 25 25 25 25 25 25 25 25 25 25 25 25 25 25 14 25 25 
25 25 25 25 25 25 25 25 25 25 25 25 25 25 25 25 25 25 25 25 25 25 25 25 25 25 25 25 25 25 25 25 25 25 25 25 25 25 25 25 25 25 25 25 25 25 25 25 
25 25 25 25 25 25 25 25 25 25 25 25 25 25 25 25 25 25 25 25 25 25 25 25 25 25 25 25 25 25 25 25 25 11 25 25 25 25 25 25 25 25 25 25 25 25 25 
25 25 25 25 25 25 25 25 25 25 25 18 25 25 25 25 25 25 25 25 25 25 25 25 25 25 25 25 25 25 25 25 25 25 25 25 25 25 25 25 25 25 25 25 25 25 
25 25 25 25 25 25 25 25 25 25 25 25 25 25 25 25 25 25 25 25 25 25 25 25 25 25 25 25 25 25 25 25 25 25 25 25 25 25 25 25 25 25 25 24 25 
25 25 25 25 25 25 25 25 25 25 25 25 25 25 25 25 25 25 25 25 25 25 25 25 25 25 25 25 25 25 25 25 2 25 13 25 25 25 25 25 25 25 25 25 
25 25 25 25 25 25 25 25 25 25 25 25 25 25 25 25 25 25 25 25 25 25 25 14 25 25 25 25 25 25 25 25 25 25 25 25 25 25 25 25 25 25 25 
25 25 25 25 25 25 25 25 25 25 25 25 25 25 25 25 25 25 25 25 25 25 25 25 25 25 25 25 25 25 25 25 25 25 25 25 25 25 25 25 25 25 
25 25 25 25 25 25 25 25 25 22 25 25 25 25 25 25 25 25 25 25 25 25 25 25 25 11 25 25 25 25 25 25 25 25 25 25 25 25 25 25 25 
25 25 25 25 25 25 25 25 25 25 25 25 25 25 25 4 25 25 25 25 25 25 25 25 25 25 25 25 25 25 25 25 25 25 25 25 25 25 25 25 
25 25 25 25 25 25 25 25 25 25 25 25 25 25 25 25 25 25 25 25 25 25 25 25 25 25 25 25 25 25 25 25 25 25 25 25 25 25 25 
25 25 25 25 25 25 25 25 25 25 25 25 25 25 25 25 25 25 25 25 25 25 25 25 25 25 25 25 25 25 25 25 25 25 25 25 25 25 
25 25 25 25 25 25 25 25 25 25 25 25 25 25 25 25 16 12 25 25 25 25 25 25 25 25 25 25 25 25 25 25 25 25 25 25 18 
25 25 25 9 25 25 25 25 25 25 25 25 25 25 25 25 25 25 25 25 25 25 25 25 25 25 25 25 25 25 25 25 25 25 25 25 
25 25 25 25 18 25 25 25 25 25 25 25 25 25 25 25 25 25 25 25 25 25 25 25 25 25 25 25 25 25 25 25 25 25 25 
25 25 25 25 25 25 25 25 25 25 25 25 25 25 25 25 25 25 25 20 25 25 25 25 25 25 25 25 25 25 25 25 25 25 
25 25 25 25 25 25 25 25 25 25 25 25 25 23 25 25 25 25 25 25 25 25 25 25 25 25 25 25 25 25 25 25 25 
25 25 25 25 25 25 25 25 25 25 25 25 25 25 25 25 25 25 25 25 25 25 25 25 25 25 25 25 25 25 25 25 
25 25 25 25 25 25 25 25 25 25 25 25 25 25 25 25 25 25 25 25 25 25 25 25 25 25 25 25 25 25 25 
25 25 2 25 25 25 25 25 25 25 25 25 25 25 25 25 25 25 25 25 25 25 25 25 25 25 25 25 25 25 
4 25 25 25 25 25 25 25 25 25 23 25 25 25 25 25 25 25 25 25 25 25 25 25 25 17 25 25 25 
25 25 25 25 25 25 25 25 25 25 25 25 25 25 25 25 25 25 25 25 25 25 25 25 25 25 25 25 
25 25 25 13 25 25 25 25 25 25 25 25 25 25 25 25 25 25 25 25 19 25 25 25 25 25 25 
25 25 25 25 25 25 25 25 25 25 25 25 25 25 25 25 25 25 25 25 25 25 25 25 25 25 
25 16 25 25 25 25 25 25 25 25 25 25 25 25 25 25 25 17 25 25 25 25 25 25 25 
25 25 25 25 25 25 25 25 25 25 25 25 25 25 25 25 25 25 25 25 25 25 25 25 
25 25 25 25 25 25 25 25 25 25 25 25 25 25 25 25 25 25 25 25 25 25 25 
25 25 25 25 25 25 25 25 25 25 25 25 25 25 25 25 25 25 25 25 25 25 
25 25 25 25 25 25 25 25 25 25 25 25 5 25 25 25 25 25 25 25 25 
25 25 25 25 25 25 25 25 25 25 25 25 25 25 25 25 25 25 25 25 
25 25 25 25 25 25 25 25 25 25 25 25 25 25 25 25 25 25 25 
25 25 25 25 25 25 25 25 25 25 25 25 25 25 25 25 25 25 
25 25 25 25 25 25 25 25 25 25 25 25 25 25 25 25 25 
25 25 25 25 25 25 25 25 25 25 25 17 25 25 25 25 
25 25 25 25 25 25 25 25 25 25 25 25 25 25 25 
25 25 25 25 25 25 25 25 6 25 25 25 25 25 
25 25 25 25 25 25 25 25 25 25 25 25 25 
25 25 25 25 25 25 25 25 25 25 25 25 
25 25 25 25 25 25 25 25 25 25 25 
25 25 25 25 25 25 25 25 25 25 
25 25 25 25 25 25 25 25 25 
25 25 25 25 25 25 25 25 
25 25 25 25 25 25 25 
25 25 25 25 25 25 
25 25 25 25 25 
25 25 25 25 
25 25 25 
25 25 
25 

