100 25
25 7 25 25 25 25 25 6 25 21 6 25 25 25 25 25 25 25 2 25 25 25 25 25 25 4 25 25 25 25 11 25 6 25 25 25 25 25 25 25 25 19 25 25 25 25 2 25 25 25 6 25 25 25 25 25 4 2 25 25 17 25 25 25 25 25 25 0 25 25 25 25 25 21 10 0 25 15 25 25 25 22 25 0 25 25 21 25 25 25 24 21 25 25 25 25 25 25 25 
25 25 13 25 1 5 25 25 25 25 15 6 20 25 25 25 25 25 20 25 22 14 25 25 25 25 25 25 25 25 25 25 14 25 25 12 25 25 25 25 1 25 12 24 25 25 12 25 25 4 25 22 25 25 9 25 25 25 3 25 20 25 25 25 0 25 25 25 25 25 25 25 25 25 1 7 18 25 25 25 25 25 4 25 25 25 25 25 25 14 25 15 25 25 25 9 25 25 
25 7 25 25 25 8 24 25 25 25 9 24 25 25 25 25 25 25 25 25 25 25 11 25 25 4 25 0 25 25 25 20 25 25 25 25 25 25 25 25 25 25 25 7 25 25 8 25 0 25 25 3 25 25 25 25 25 14 17 10 25 17 25 6 25 25 25 25 25 25 25 25 23 25 3 25 25 9 3 0 25 25 25 10 25 25 25 25 25 0 1 25 23 25 4 25 25 
25 25 11 23 17 25 25 12 25 9 25 25 20 25 12 25 25 25 16 20 25 25 14 15 25 25 25 25 16 25 25 25 25 25 25 25 25 25 25 25 25 25 25 25 25 18 25 22 25 12 25 25 25 25 25 25 19 25 25 5 24 25 25 25 25 25 25 25 22 25 25 25 25 25 25 25 25 13 8 25 20 25 10 25 25 25 22 25 25 25 25 25 25 25 25 10 
25 14 0 25 2 25 25 25 25 25 24 25 25 18 25 25 25 25 25 10 25 25 25 25 25 25 25 25 25 25 25 25 25 25 25 25 25 25 7 25 25 2 25 25 25 25 25 25 25 25 25 25 25 14 19 25 15 25 25 25 25 25 25 25 25 25 25 25 25 25 25 25 25 25 25 25 21 21 19 25 25 0 25 25 14 25 25 25 25 13 25 25 25 25 25 
25 15 19 25 3 25 25 25 2 25 25 25 25 25 25 7 7 11 25 25 25 25 25 25 25 25 23 25 6 25 5 25 25 25 7 25 25 25 20 25 25 25 25 25 25 25 25 25 22 25 16 25 25 25 25 13 25 25 25 25 0 11 25 25 25 16 25 6 25 25 25 11 25 25 25 0 25 25 25 5 25 24 25 5 10 25 9 25 20 25 25 23 25 25 
17 25 25 25 25 25 3 25 25 25 14 25 4 25 25 25 25 25 21 11 25 18 10 25 25 25 24 14 25 25 25 13 21 25 6 25 11 25 25 25 24 25 12 2 25 25 25 25 18 25 5 25 25 25 25 25 25 25 25 10 25 7 25 25 23 25 25 25 24 25 25 25 25 25 25 25 13 9 25 1 25 25 25 25 25 25 25 23 25 12 6 25 25 
16 0 25 25 15 25 25 25 25 25 25 18 25 25 14 25 21 25 25 25 11 25 25 25 25 25 25 25 25 12 11 25 25 25 25 25 14 25 25 25 25 25 25 25 10 11 25 25 13 25 24 20 25 25 6 25 2 25 25 25 25 25 25 24 25 25 23 7 19 25 25 4 25 25 5 25 25 24 7 25 10 10 25 1 25 10 6 25 25 25 11 25 
25 25 25 25 25 25 25 25 1 25 25 25 25 25 25 25 25 25 10 25 13 25 25 25 25 25 25 25 25 7 25 25 18 25 25 25 25 25 25 25 25 25 21 25 25 25 25 25 25 25 25 6 25 25 25 25 2 25 9 25 1 25 25 17 25 25 25 25 25 19 25 25 25 25 25 10 25 24 25 7 25 25 25 25 4 25 25 25 18 25 25 
25 25 4 25 19 25 25 25 25 25 25 25 25 25 25 14 24 25 25 25 25 25 25 25 25 25 25 25 25 11 16 25 25 25 25 19 25 25 3 25 1 20 25 15 25 24 25 25 25 6 25 15 25 20 4 25 19 25 25 23 25 25 25 25 25 25 25 25 25 25 25 22 25 25 25 25 25 25 12 1 25 4 25 25 25 25 4 25 25 25 
25 25 25 2 25 25 25 25 25 25 25 25 25 24 25 3 25 25 25 9 25 25 17 25 25 25 20 2 25 21 25 25 25 25 25 25 7 25 25 25 3 25 25 25 0 25 25 25 25 25 25 25 25 25 25 25 8 25 25 25 25 25 25 7 25 25 15 18 25 25 17 7 25 25 24 25 25 25 21 25 25 25 3 25 14 24 2 25 25 
25 25 5 25 25 13 25 25 25 25 25 25 25 25 25 10 25 25 8 25 25 25 10 25 25 25 21 25 25 25 24 25 25 4 25 25 25 25 25 25 25 25 25 25 25 14 25 25 25 25 25 25 21 21 25 23 25 25 25 25 25 3 25 25 7 25 25 25 25 6 25 25 25 25 9 25 25 25 25 25 25 22 25 25 25 25 25 25 
21 22 25 25 25 25 0 21 25 25 25 4 20 25 19 19 4 1 8 25 7 25 23 25 25 25 14 25 25 4 7 7 25 25 25 25 25 3 25 25 25 25 25 25 25 25 25 25 25 25 25 25 25 25 25 25 25 25 25 25 25 25 25 17 1 25 25 25 7 25 25 25 25 25 25 25 25 25 25 25 3 25 5 25 25 25 25 
25 7 25 25 25 25 25 25 4 25 25 25 25 25 25 25 10 4 25 1 25 25 25 25 25 25 17 25 25 7 25 25 22 25 25 25 25 25 25 25 12 25 16 25 25 25 25 0 25 25 25 4 19 0 25 10 25 22 25 25 25 23 25 25 25 25 22 16 23 25 8 17 25 25 25 25 25 25 25 25 25 25 25 25 25 25 
25 25 25 24 13 25 25 25 25 24 25 25 25 9 25 18 15 25 25 25 25 25 11 25 25 12 25 5 25 25 25 14 17 25 1 25 20 25 25 25 25 25 4 25 25 25 25 25 25 25 25 2 25 25 25 25 15 25 25 25 25 8 25 25 2 25 22 7 25 1 25 25 25 25 25 25 25 4 20 25 25 25 7 25 25 
25 25 2 5 25 25 16 25 25 4 22 25 25 25 25 25 25 25 25 25 23 25 25 25 25 14 25 25 25 25 25 25 11 25 25 0 25 25 25 25 25 11 0 25 25 2 25 25 25 25 18 25 25 25 25 21 0 25 25 16 25 25 25 1 25 25 25 16 7 25 25 14 5 2 25 25 25 13 25 16 25 16 25 25 
25 25 25 25 25 25 25 25 25 25 19 0 25 24 4 15 25 11 25 15 16 25 1 25 7 19 3 25 25 25 25 25 25 25 25 25 25 25 25 25 25 10 25 25 25 25 25 11 6 25 25 23 5 25 3 2 19 25 10 25 25 19 25 25 25 25 0 25 25 7 25 25 25 24 25 25 8 25 25 25 25 25 25 
0 15 25 14 25 25 25 25 15 1 25 25 25 8 25 25 25 25 25 25 17 25 25 25 25 11 3 12 2 25 25 25 25 17 25 25 13 7 25 25 25 25 25 25 24 25 25 23 25 25 25 25 25 25 25 25 25 25 25 2 25 25 25 4 25 25 5 21 25 25 25 15 17 25 25 25 25 25 25 25 25 25 
25 25 25 25 25 9 25 25 25 25 25 25 12 8 25 25 25 1 25 25 25 25 25 25 25 25 25 2 25 25 19 25 6 16 25 25 25 25 25 25 25 25 25 25 13 25 25 0 10 25 25 25 25 25 23 6 25 25 25 25 25 25 25 25 25 14 25 25 25 21 25 25 16 25 25 25 25 20 9 25 25 
7 25 24 25 25 25 9 25 25 25 25 25 25 25 25 25 16 25 16 13 25 25 25 25 25 25 25 25 25 25 25 11 25 25 25 25 25 25 15 25 25 25 25 19 25 25 11 25 25 25 20 25 25 25 25 11 25 25 25 25 25 25 25 25 25 25 25 25 25 2 25 25 25 6 25 25 25 25 19 25 
25 25 25 25 25 25 25 25 25 25 25 25 25 25 25 25 25 25 25 25 25 25 25 25 25 25 25 25 24 5 25 25 25 25 25 25 25 25 25 25 25 25 25 25 25 25 25 25 25 25 25 25 25 25 25 2 25 25 9 4 25 25 25 25 25 25 25 25 25 25 25 12 24 24 25 25 25 25 25 
25 7 25 25 25 25 25 25 25 17 25 19 25 25 25 25 25 24 25 25 25 25 25 25 25 25 9 25 25 4 25 25 25 11 11 25 25 25 22 25 25 12 25 25 25 25 2 19 25 25 7 6 25 25 25 25 25 25 4 22 25 25 1 25 25 25 25 25 25 10 11 25 25 25 25 25 25 25 
25 25 10 25 25 25 25 25 25 25 4 25 5 25 25 25 25 25 25 19 25 25 25 25 25 25 25 8 24 25 25 15 25 25 3 21 10 25 25 25 24 25 25 25 25 25 25 21 25 16 25 25 16 25 4 25 25 25 25 25 3 25 25 15 25 25 25 25 25 9 10 25 25 25 25 25 25 
25 25 25 5 25 25 25 24 25 25 25 25 25 25 25 25 25 25 16 25 25 25 25 25 25 25 25 25 25 25 25 22 25 25 25 25 12 25 22 25 25 25 25 4 25 25 22 25 25 20 25 25 22 25 25 3 25 25 25 25 25 25 25 25 25 25 25 25 25 25 25 25 25 25 13 25 
25 25 25 25 25 25 16 25 25 25 25 15 8 25 25 10 25 25 25 25 25 25 25 25 25 25 25 25 25 25 25 25 25 25 25 25 25 25 25 25 23 25 25 25 25 2 25 25 25 25 25 19 25 25 17 25 25 25 25 7 25 24 25 25 25 25 25 25 5 22 25 25 25 25 25 
25 25 25 25 25 25 25 25 15 25 25 25 25 25 25 25 25 25 25 25 25 25 25 25 25 11 25 25 25 25 25 25 25 25 25 25 25 25 25 25 25 25 25 24 24 18 25 25 8 25 25 25 25 25 25 2 25 25 20 19 23 25 25 25 0 19 25 25 25 25 25 10 25 25 
25 25 25 25 25 25 25 25 25 25 15 25 25 25 25 25 25 20 25 25 10 25 11 5 25 17 25 25 25 23 10 25 25 25 25 11 25 25 25 25 25 25 25 25 21 25 25 25 25 13 25 25 25 25 25 25 25 25 25 11 3 25 25 25 25 25 25 5 25 25 9 11 3 
6 25 25 7 25 25 25 3 9 25 25 25 25 25 25 25 25 25 25 25 25 1 23 25 25 25 25 25 1 25 25 25 25 25 25 25 25 19 25 25 16 18 2 25 25 25 2 25 25 25 1 13 18 25 25 25 13 25 25 25 25 25 25 25 25 25 25 25 25 25 25 9 
25 25 6 25 25 25 25 25 25 25 25 25 25 25 25 25 25 25 25 25 25 25 25 25 25 25 25 25 25 18 25 25 25 25 25 25 12 25 25 25 25 25 24 23 25 25 25 25 25 25 25 25 9 25 25 25 19 5 25 18 25 25 25 0 25 25 25 25 6 25 25 
25 25 25 25 25 25 25 25 25 25 25 25 25 25 25 25 25 25 25 25 25 0 24 16 10 25 25 25 25 25 25 25 25 25 25 25 25 25 25 25 25 25 25 25 25 25 25 25 25 25 25 25 25 25 25 25 25 25 7 25 25 18 2 25 25 25 25 25 25 25 
25 25 25 25 25 5 25 8 25 3 25 18 25 25 25 24 9 6 25 25 25 25 25 25 25 25 25 25 25 25 25 25 25 25 1 21 25 25 25 25 25 25 25 4 14 25 25 24 25 25 2 25 25 25 25 25 2 25 25 25 25 7 25 25 25 25 25 2 25 
12 25 25 25 25 25 25 25 25 24 25 25 25 25 25 21 25 8 25 25 25 25 25 25 25 25 25 25 0 25 25 25 25 4 25 25 25 25 25 25 25 25 13 25 9 25 25 25 25 25 25 23 25 25 25 25 19 25 25 25 25 25 25 25 25 25 25 25 
25 25 5 25 25 25 25 24 25 25 25 25 25 25 25 25 25 25 25 25 25 25 22 25 25 25 25 2 25 25 25 25 25 25 25 25 25 25 25 21 25 25 25 10 25 25 25 25 25 25 25 25 20 22 25 25 20 25 7 25 25 4 25 25 25 25 25 
25 25 11 25 25 25 25 25 25 5 13 25 25 25 25 25 25 25 25 25 25 25 25 25 25 25 3 25 25 24 25 25 25 25 25 25 9 25 25 25 25 25 24 25 25 25 25 16 25 25 25 17 25 25 25 25 25 25 25 25 25 25 25 25 25 25 
25 7 25 24 25 25 25 25 11 25 25 25 2 25 25 25 25 11 25 16 25 25 6 25 25 25 25 25 3 25 25 25 6 25 25 25 19 25 25 25 25 25 25 25 15 25 25 25 25 25 25 25 25 22 25 25 25 25 13 25 15 25 25 25 25 
25 25 25 25 25 21 25 25 25 25 25 18 25 25 25 25 15 25 25 25 25 25 2 25 25 25 25 25 17 25 25 25 25 6 25 14 25 25 25 25 25 25 25 17 25 25 25 25 23 25 25 25 25 25 25 25 25 13 25 25 25 25 5 25 
25 25 25 9 25 25 25 25 5 25 25 25 25 25 25 11 21 16 25 25 25 25 25 25 25 25 25 25 25 25 25 25 25 25 15 25 25 14 16 25 25 25 25 25 25 11 25 25 25 25 25 25 17 9 25 25 25 25 25 25 25 25 25 
13 25 24 25 25 25 11 25 25 25 25 8 25 25 25 25 25 25 25 4 25 25 25 25 25 25 7 25 25 25 25 25 8 25 25 25 25 25 25 25 25 25 23 25 25 11 25 25 25 25 25 25 25 25 25 25 25 25 10 25 25 25 
25 25 25 25 25 25 25 25 15 25 25 25 25 25 25 25 25 25 21 25 3 25 25 25 25 25 25 25 25 25 21 25 25 25 25 25 25 25 3 25 25 25 25 25 25 25 25 25 25 25 25 25 25 25 25 25 25 25 15 25 25 
22 25 25 25 25 15 25 25 11 25 25 25 25 25 25 22 25 25 24 25 25 25 25 25 25 25 11 25 25 25 25 25 25 0 25 25 25 19 9 7 25 25 2 13 25 25 25 25 25 25 25 25 25 25 25 25 6 25 25 25 
25 25 20 25 25 25 25 25 25 25 25 25 25 20 25 18 25 25 25 25 25 25 25 25 25 15 25 25 22 25 15 25 25 25 25 25 25 25 25 8 25 24 21 25 25 25 25 25 9 25 15 25 25 25 20 25 25 25 9 
25 16 4 25 24 25 25 25 8 25 25 13 25 25 25 25 25 25 25 13 25 25 9 25 25 25 25 22 18 25 25 14 25 25 25 25 25 25 25 25 11 25 25 2 25 25 25 25 25 25 25 25 25 19 25 25 25 1 
25 25 25 9 25 25 25 25 25 23 25 25 25 25 25 25 25 25 25 25 25 25 10 25 25 25 25 25 25 25 25 25 25 25 25 25 25 25 25 25 0 25 25 11 25 25 25 23 7 25 25 25 25 25 25 25 8 
25 25 25 24 25 4 16 25 25 25 0 25 25 25 25 25 25 25 25 25 25 25 25 25 25 25 21 25 25 25 25 25 25 25 25 25 25 8 25 25 25 25 25 23 25 25 11 8 25 7 9 25 25 25 25 25 
15 14 25 25 25 25 25 25 25 25 25 25 25 25 25 6 25 25 25 25 25 25 25 9 25 25 25 25 25 8 25 25 25 25 25 21 6 25 25 25 25 25 25 25 25 25 25 5 25 0 25 25 25 25 25 
25 25 25 25 25 25 23 25 25 25 25 25 16 25 25 25 25 25 22 25 25 25 25 25 19 25 25 25 25 25 25 25 25 25 25 25 25 25 25 25 25 25 25 25 25 25 25 25 25 25 25 25 6 25 
25 25 25 25 25 25 25 25 25 25 18 25 25 25 25 25 25 18 25 25 25 25 25 25 5 25 25 25 25 25 25 25 16 25 25 25 25 25 21 25 25 25 25 25 3 25 25 25 25 25 23 25 25 
25 25 22 25 25 25 25 25 25 25 25 16 25 25 25 25 9 25 25 25 22 25 25 25 25 25 25 25 25 25 25 25 25 25 25 25 25 25 25 25 25 25 14 25 25 24 25 25 25 25 25 25 
25 25 25 25 25 25 25 25 25 25 25 25 25 25 25 25 25 25 25 25 25 25 25 25 25 19 8 25 25 25 25 25 25 25 25 25 25 25 25 25 25 25 25 25 25 22 13 25 25 25 7 
25 25 12 25 14 25 25 25 25 25 25 15 15 25 25 25 25 25 25 25 10 25 25 25 25 25 25 25 25 25 25 25 10 14 25 25 25 25 25 25 25 22 25 25 25 25 25 25 25 25 
25 9 25 25 25 25 25 20 25 25 25 23 25 25 25 25 25 15 25 4 25 25 25 25 25 2 25 25 3 25 25 25 25 25 25 12 25 25 25 25 25 25 8 25 25 18 8 25 25 
25 17 25 22 25 7 25 24 25 17 25 23 3 25 25 25 25 19 25 25 25 2 25 25 14 25 25 25 25 24 25 25 25 25 25 25 25 25 25 25 25 25 25 25 25 25 25 25 
25 25 25 21 5 25 7 25 25 25 25 25 25 25 25 25 25 23 25 25 25 16 25 25 25 14 25 25 25 3 25 25 25 25 17 25 25 25 25 25 0 25 25 16 25 25 25 
18 25 19 24 25 25 25 6 25 25 25 25 25 25 25 25 25 25 25 25 25 25 25 25 25 25 25 1 25 25 22 25 25 25 25 25 12 25 25 25 25 25 25 25 4 25 
11 25 3 25 25 25 25 25 25 25 25 8 25 25 25 2 25 25 25 25 25 25 24 25 19 1 25 25 25 25 25 25 25 10 25 25 25 25 25 7 25 25 25 25 25 
25 25 25 25 25 25 25 25 25 2 25 25 1 25 4 25 25 25 25 25 24 25 25 25 25 25 25 25 25 21 25 5 25 25 25 25 25 25 25 25 25 25 25 25 
25 7 25 25 25 25 25 25 25 25 25 25 25 25 25 25 25 25 25 3 25 25 25 25 25 25 25 25 25 25 25 25 25 25 25 25 25 25 25 25 25 25 25 
25 25 6 19 25 25 25 25 25 25 25 25 25 25 25 25 25 25 25 25 6 25 25 25 25 25 25 25 25 25 25 25 25 22 25 8 25 25 25 25 25 2 
6 25 25 25 25 15 25 5 6 25 25 25 25 25 25 25 25 10 25 24 25 4 25 25 25 25 25 25 25 25 25 25 25 25 25 25 11 25 25 25 0 
25 25 23 25 23 4 25 25 25 25 7 25 25 25 25 7 15 25 25 25 25 25 21 25 25 16 25 25 25 25 25 25 25 25 25 25 25 25 25 25 
17 3 2 25 25 25 25 25 25 25 25 25 12 25 25 5 25 25 25 25 25 25 25 25 25 25 25 25 25 25 25 25 4 25 25 25 25 25 2 
25 25 25 6 25 25 25 12 25 23 25 25 25 25 25 25 25 25 25 25 25 25 25 25 16 25 25 25 25 25 3 25 25 25 25 25 25 25 
25 25 25 25 25 25 25 25 25 25 25 25 25 25 22 23 25 25 25 25 25 25 25 22 25 25 25 25 5 25 25 25 25 25 25 25 25 
25 25 25 25 25 25 25 25 24 25 25 0 25 25 25 25 25 25 25 25 25 25 15 25 25 25 25 25 25 25 25 25 10 25 19 25 
25 25 5 10 25 25 25 25 25 25 25 25 4 25 25 25 22 16 25 25 25 16 25 25 25 25 25 25 25 11 0 25 20 25 25 
25 3 25 24 25 25 25 25 4 13 25 25 25 25 25 25 11 25 25 25 25 25 25 25 25 25 25 25 25 11 25 9 25 25 
25 25 25 25 25 25 25 25 25 25 18 23 25 25 25 25 25 25 25 25 25 16 25 25 25 25 25 25 3 25 25 25 4 
25 25 25 25 25 25 25 25 25 25 25 25 25 25 25 25 25 25 25 25 8 25 22 25 25 5 25 25 25 25 1 25 
19 25 25 25 25 25 22 25 25 25 25 10 21 25 25 25 25 25 25 25 25 25 25 25 25 25 25 25 25 25 25 
25 25 25 25 25 25 25 25 6 25 25 25 23 25 25 25 16 25 25 25 25 25 25 25 25 25 25 25 25 25 
8 23 14 25 8 25 25 25 25 25 25 25 25 25 25 25 25 25 25 25 25 25 25 25 25 25 25 10 25 
1 25 25 25 25 25 25 25 25 25 19 25 24 25 3 25 25 25 25 25 25 25 1 25 18 25 25 25 
13 25 25 25 25 3 25 25 25 25 12 25 25 1 25 25 25 14 25 25 25 25 4 25 20 25 25 
25 25 25 25 12 25 25 25 25 25 21 25 25 25 25 24 25 25 25 25 14 0 25 25 25 25 
8 25 25 25 25 25 25 25 25 25 25 25 25 25 25 25 25 25 25 25 25 25 25 25 25 
25 25 25 25 25 25 25 25 25 25 3 25 25 25 25 25 25 18 23 25 25 25 25 25 
25 25 25 25 25 25 25 25 25 4 25 25 25 25 25 25 7 25 25 25 25 25 25 
25 25 25 25 23 25 25 25 25 25 17 25 25 25 25 25 25 25 25 25 25 25 
25 25 25 25 25 2 25 16 25 25 25 25 25 14 25 19 20 25 25 25 25 
25 25 25 11 25 8 25 12 25 25 25 25 25 25 13 25 25 25 25 25 
25 25 25 25 25 25 25 25 25 25 12 25 23 25 25 25 25 25 25 
25 25 25 25 25 25 25 25 25 25 9 25 25 25 25 25 18 25 
25 25 25 25 25 25 25 25 3 25 25 25 25 25 25 25 25 
25 25 25 25 25 25 0 21 25 25 25 25 25 25 25 25 
25 25 19 25 25 25 25 25 25 25 25 25 19 25 25 
25 25 25 25 25 25 25 25 25 25 25 25 25 25 
25 25 25 25 25 25 25 25 25 25 25 25 25 
25 25 25 25 5 25 25 25 25 25 25 25 
25 25 25 11 25 25 11 25 25 25 25 
25 25 25 25 17 25 25 25 25 7 
11 25 25 25 25 25 25 25 25 
25 25 25 25 25 25 25 25 
25 25 16 25 25 25 25 
14 25 25 16 25 25 
25 25 25 25 25 
24 25 25 25 
25 5 25 
25 25 
25 

