200 50
47 47 2 26 10 47 45 0 27 16 12 5 7 8 50 20 50 30 12 46 50 50 31 31 47 50 50 30 30 8 50 14 29 0 36 6 5 27 45 4 14 10 41 30 28 30 43 41 13 42 7 23 23 40 5 26 10 28 50 14 31 20 22 14 50 31 32 50 17 46 12 44 43 50 44 13 11 35 11 50 13 50 28 32 42 34 43 23 24 31 50 50 39 30 39 50 18 50 24 50 16 39 44 8 31 6 21 39 50 50 50 42 11 12 38 46 11 50 37 27 28 50 24 20 27 37 27 50 35 36 50 14 3 50 27 39 50 50 32 38 32 40 35 20 28 5 24 42 50 48 50 50 32 7 22 30 20 30 27 38 26 20 12 30 41 31 44 50 3 50 36 1 1 15 33 50 23 19 30 50 8 50 33 30 41 29 13 33 50 14 23 19 18 34 0 1 35 27 12 50
50 50 17 50 50 50 48 1 50 9 40 50 10 43 37 10 50 50 50 50 50 25 50 35 25 32 50 50 50 50 11 50 50 23 24 50 46 10 40 30 1 50 50 50 32 50 50 23 50 6 50 49 12 9 50 18 41 50 50 50 1 50 18 50 27 50 47 50 50 50 50 50 49 50 50 1 50 9 15 30 15 30 35 50 7 22 50 50 13 50 50 50 26 42 50 33 11 19 50 50 50 42 15 36 46 0 50 44 45 36 50 42 25 50 29 40 28 34 50 50 50 50 10 50 50 50 50 50 16 50 25 23 50 50 50 40 48 50 12 50 11 1 50 50 50 50 19 14 42 39 50 28 28 21 50 38 7 16 50 50 34 26 30 2 10 50 50 4 10 12 50 36 50 50 50 46 50 19 10 20 2 50 7 12 50 50 34 20 3 4 49 48 50 40 50 8 49 50 50
0 50 50 38 50 48 50 33 12 33 48 27 50 0 50 50 50 50 12 26 28 50 50 48 25 19 50 33 50 50 50 47 24 50 50 50 50 35 50 22 24 50 50 14 2 10 50 50 1 50 45 48 50 50 22 25 50 4 35 31 13 38 20 5 50 43 30 27 24 30 43 50 50 50 48 50 35 6 29 23 50 23 50 50 50 50 50 50 23 50 50 50 50 2 50 25 50 24 16 24 50 6 9 50 50 0 50 37 34 50 50 19 15 24 50 35 50 50 50 25 7 22 50 37 42 16 50 48 8 50 37 50 26 16 32 15 50 50 50 50 50 50 50 14 50 50 39 48 50 50 11 50 50 38 50 50 27 43 50 50 21 50 46 50 50 50 50 23 40 50 2 50 50 16 50 26 33 50 36 33 20 50 44 43 50 49 50 18 47 17 34 50 50 50 48 50 20 50
50 34 9 50 5 50 39 50 46 50 50 50 38 50 50 50 10 22 13 4 28 50 33 37 30 50 27 50 28 50 50 4 50 50 35 50 50 50 24 12 50 20 43 2 41 50 50 15 50 50 50 46 38 22 50 46 50 22 50 50 26 50 50 21 50 50 9 40 50 50 50 45 29 18 50 13 50 50 50 50 6 50 50 42 47 50 20 14 32 50 50 17 46 5 50 50 50 50 44 50 50 50 1 27 50 50 45 50 50 50 50 50 50 7 50 16 50 1 49 50 35 50 22 4 35 35 50 50 50 50 23 50 50 44 50 50 50 50 24 50 50 50 50 6 50 50 50 25 50 50 50 50 46 50 50 41 21 50 50 50 50 39 9 22 42 48 50 4 23 36 50 12 28 50 20 50 50 50 50 50 19 50 50 50 50 22 50 11 4 50 31 50 50 27 49 50 50
38 50 50 33 50 50 50 50 41 50 49 11 50 50 47 15 42 0 50 32 50 41 36 50 25 28 50 36 50 50 24 50 13 50 50 50 28 10 41 44 50 50 50 21 50 50 50 11 50 34 50 48 40 46 15 50 3 50 50 8 43 50 28 50 50 50 50 22 50 50 6 50 6 50 50 4 34 50 50 17 50 50 50 50 35 8 10 30 15 44 50 47 50 38 50 50 44 50 35 13 50 50 50 19 16 50 50 50 48 50 50 20 50 50 50 39 31 50 50 46 12 7 8 50 6 50 47 40 37 13 31 29 22 50 29 46 50 50 50 45 50 29 50 29 50 50 27 38 50 36 31 50 50 24 23 1 50 14 48 40 46 50 50 38 50 50 50 50 11 40 2 50 50 28 50 34 23 18 5 17 22 15 16 44 12 50 50 50 9 13 41 18 49 16 39 50
41 37 48 44 50 50 50 50 23 25 50 50 46 8 50 50 10 5 22 50 28 50 32 50 50 10 50 29 50 15 50 38 39 50 50 50 50 16 29 16 50 50 33 11 35 50 32 47 6 7 50 50 50 50 50 50 42 40 50 50 50 50 14 50 50 50 50 10 50 32 24 19 50 50 26 35 50 50 50 50 50 27 50 50 32 35 43 12 18 50 50 34 50 50 50 50 17 50 50 50 50 50 12 50 13 4 50 50 50 25 50 50 50 50 33 50 13 4 21 50 50 47 3 50 50 11 50 50 38 50 50 50 50 50 5 50 10 18 50 50 30 50 50 50 50 50 50 50 13 50 50 50 50 4 50 50 36 50 50 50 34 30 50 50 10 50 31 50 1 50 20 50 50 9 49 1 50 0 50 46 50 19 32 22 35 0 2 50 4 31 50 6 50 30 50
50 50 50 9 50 50 45 11 50 31 17 1 32 0 37 50 8 50 50 50 50 29 50 15 1 50 50 13 50 6 50 50 50 50 50 7 50 50 1 34 18 43 50 50 33 9 27 39 48 5 0 0 6 50 3 44 22 43 32 50 50 50 50 50 50 13 50 50 50 50 28 30 26 50 50 11 41 31 9 50 50 34 50 50 50 50 50 36 50 50 49 50 1 50 50 21 23 50 50 16 50 50 50 50 39 50 50 50 24 50 40 35 50 1 50 50 50 50 20 26 32 50 50 50 50 6 25 5 50 50 50 50 4 43 50 15 50 50 4 31 50 18 50 50 50 39 5 48 50 50 50 50 16 50 41 50 42 26 50 41 50 50 43 24 50 18 50 38 26 50 2 50 5 28 50 0 19 4 50 39 50 50 50 12 14 46 5 8 1 13 50 50 50 50
0 50 40 46 5 15 50 9 50 50 50 13 50 50 35 46 20 6 50 28 50 50 50 24 50 50 15 50 43 50 50 50 41 50 14 50 47 42 50 27 50 33 50 50 50 50 33 50 49 50 50 48 29 47 50 26 39 1 50 50 50 50 17 50 35 50 50 50 2 38 29 50 50 50 50 49 50 0 50 50 50 5 38 27 50 19 41 50 36 50 44 50 37 2 41 50 21 49 50 50 50 50 7 50 50 43 5 50 47 45 44 23 50 4 50 50 50 47 19 50 47 50 50 36 27 50 50 27 11 50 29 50 45 25 30 50 50 50 50 29 50 50 50 5 7 36 8 50 12 10 50 50 50 26 50 50 50 50 45 50 3 40 32 31 2 15 50 50 50 50 22 1 13 50 50 30 45 34 45 9 50 12 50 24 50 50 26 50 33 50 36 39 50
50 50 50 50 50 50 50 13 50 38 50 50 50 50 14 50 48 35 50 50 28 50 50 7 13 50 50 26 29 50 50 2 2 6 5 50 50 50 50 10 13 32 20 50 18 18 50 3 50 50 35 50 50 14 13 50 50 50 37 39 50 50 50 50 50 26 50 50 50 39 50 29 50 23 2 5 50 12 50 50 30 50 2 41 50 49 34 32 50 27 45 33 50 50 50 16 50 1 50 50 50 19 50 1 0 50 37 11 50 42 50 50 0 50 50 50 14 50 50 50 30 6 8 14 50 50 50 50 44 37 35 0 31 50 40 50 50 50 50 50 46 12 50 16 43 50 50 50 2 50 15 27 21 50 50 31 50 50 50 50 41 18 35 50 40 3 29 50 0 50 25 50 50 50 50 47 0 50 42 50 50 4 50 50 23 11 18 50 12 50 22 50
14 50 17 50 26 50 21 50 15 41 15 45 42 11 36 50 50 50 50 50 50 50 50 50 40 50 27 50 34 50 50 27 33 50 50 50 50 45 50 50 2 50 50 27 16 12 47 15 50 50 50 50 50 50 19 50 50 50 50 50 50 45 31 50 37 50 18 50 22 24 50 38 3 50 27 19 27 18 44 50 50 37 50 50 50 20 50 19 50 23 5 50 50 50 50 28 50 50 50 50 50 50 50 28 28 27 50 17 50 29 50 50 39 50 50 50 50 50 28 50 27 50 50 48 12 50 25 50 50 50 50 35 50 50 15 49 50 43 50 50 50 8 2 13 50 50 50 50 50 38 50 50 14 50 50 50 4 50 50 50 50 30 50 50 42 50 23 17 48 50 50 50 50 0 44 4 50 23 50 32 50 50 32 50 44 50 50 6 22 46 50
50 50 41 44 0 50 50 10 50 50 25 50 47 50 45 35 3 50 23 1 50 42 50 37 40 50 50 50 50 50 14 33 9 50 50 48 40 50 50 50 48 50 50 14 50 50 50 1 38 50 4 33 50 9 11 17 50 47 41 49 4 40 50 46 50 0 48 4 41 27 50 50 50 16 50 13 14 14 50 32 40 50 16 50 50 50 50 50 50 2 17 50 27 30 50 50 28 1 50 50 50 0 50 50 34 40 50 50 24 8 20 50 3 26 5 50 19 8 7 50 29 33 50 50 50 50 9 31 50 21 50 7 50 50 0 10 50 7 15 0 22 4 50 50 45 50 50 50 17 38 50 50 4 50 50 50 50 50 50 50 7 19 46 15 6 50 50 12 50 50 50 50 43 46 4 50 16 33 47 50 50 4 50 50 50 50 2 14 47 50
22 50 39 50 16 47 10 3 9 50 50 7 46 12 50 50 36 50 35 22 50 17 50 36 47 50 50 47 50 38 50 27 50 50 20 50 50 34 44 41 32 6 50 50 19 50 31 50 13 50 50 49 19 38 50 50 50 7 50 11 4 25 50 0 25 50 36 50 50 13 50 50 25 9 50 50 36 50 50 50 50 50 30 50 50 50 19 50 34 50 50 50 50 30 45 12 50 5 21 50 50 50 50 27 36 50 15 50 24 50 18 21 27 50 2 3 25 50 50 50 11 50 35 14 10 50 48 43 9 40 10 50 50 50 35 50 50 50 29 2 50 50 15 8 50 50 18 44 50 42 17 21 50 10 47 50 50 7 50 50 50 3 50 50 50 50 27 50 46 50 23 19 0 50 8 50 19 50 50 50 50 25 29 50 50 38 1 26 50
13 50 1 50 21 0 50 4 50 8 50 50 47 50 19 50 17 36 50 49 50 21 50 5 50 50 50 11 50 37 50 50 50 50 14 50 9 50 50 50 5 50 50 42 50 50 3 34 30 50 50 1 50 28 50 50 0 50 24 50 50 8 50 45 35 50 50 20 16 50 50 13 50 15 9 18 50 31 23 47 34 40 50 12 36 29 50 50 22 50 38 22 50 9 13 44 5 50 50 26 27 50 50 50 12 45 47 50 50 45 47 50 50 50 47 50 18 50 41 6 32 1 50 50 50 28 20 50 50 50 50 50 16 3 3 8 42 50 50 50 50 50 50 28 50 50 18 50 25 23 50 50 50 38 43 50 46 2 50 32 50 50 50 18 49 50 10 50 50 50 50 50 50 7 30 21 50 50 49 50 7 50 9 22 50 50 39 50
50 50 50 50 18 50 13 50 10 4 19 7 50 50 50 50 42 50 32 2 48 50 41 6 21 50 9 6 49 48 50 50 5 48 18 50 50 24 1 49 9 50 13 50 43 17 50 50 50 50 23 50 50 13 50 50 49 50 50 50 50 50 45 27 47 50 50 4 50 50 50 50 49 11 16 8 38 26 13 50 2 27 50 50 50 50 50 50 6 34 50 14 50 44 35 3 50 7 50 50 50 40 50 23 16 50 50 50 50 0 39 19 50 33 46 50 41 50 50 25 28 49 37 50 20 50 2 50 12 50 36 50 42 22 39 50 50 50 50 50 50 9 50 50 50 50 50 37 50 50 50 50 21 50 50 50 1 9 39 50 6 50 48 50 21 50 50 30 50 50 19 28 50 50 3 12 6 37 50 50 50 18 50 40 35 50 50
50 50 22 4 6 43 50 39 50 40 28 50 50 50 37 32 50 36 22 34 50 3 37 37 50 50 50 26 50 26 1 2 45 32 27 50 18 18 30 12 50 50 20 32 50 50 50 21 50 50 50 38 29 50 50 50 50 14 50 8 50 2 50 50 14 5 35 50 27 50 50 23 42 50 50 50 38 50 24 50 50 9 2 50 48 50 50 50 50 50 50 15 50 44 50 50 50 22 50 50 10 50 50 50 50 4 50 50 50 50 47 50 50 16 9 28 50 26 33 50 50 50 34 46 43 50 50 50 43 5 50 50 50 25 38 50 50 50 19 50 50 50 50 43 50 50 50 50 22 7 50 0 36 50 50 50 36 38 32 4 50 49 29 8 25 50 2 50 50 36 50 50 50 50 50 3 50 41 17 50 50 50 0 50 15 50
50 50 50 27 50 50 28 50 38 46 45 50 50 45 50 50 50 36 19 50 20 4 50 50 50 33 50 50 50 4 50 34 24 8 50 16 19 26 42 50 50 50 19 2 50 50 50 37 50 50 31 50 50 12 50 12 2 50 50 50 21 47 50 26 45 24 50 37 15 50 4 50 29 50 50 50 50 50 50 50 50 50 32 50 18 33 50 39 50 39 50 50 50 50 2 23 50 50 37 50 45 50 50 50 5 50 50 50 50 50 27 50 26 34 50 50 50 27 20 50 40 18 29 50 50 11 50 24 39 3 50 50 50 50 50 50 50 50 35 43 45 50 22 33 13 50 50 50 50 37 50 17 39 7 39 50 50 50 50 33 39 10 50 50 50 50 50 50 22 29 39 14 30 50 50 50 49 50 50 6 50 50 50 7 50
50 50 39 50 50 50 50 31 50 50 50 5 50 50 50 2 19 50 41 50 50 50 10 49 50 42 15 50 50 27 37 50 50 41 50 50 5 50 50 50 50 50 50 12 2 50 2 2 24 39 3 23 34 50 18 47 1 5 2 50 31 33 5 26 48 20 38 48 50 50 19 1 50 47 50 50 50 50 50 13 46 35 32 21 29 44 50 2 50 50 15 50 31 50 41 30 50 50 50 50 7 39 42 50 50 15 50 5 25 46 50 50 50 45 4 8 43 50 31 50 16 50 50 50 50 50 50 19 50 39 9 50 50 50 16 50 50 50 50 40 49 36 50 50 50 39 6 50 12 50 50 14 50 50 50 50 50 50 2 50 50 20 50 50 50 28 34 50 6 35 50 50 37 2 50 31 50 50 16 23 50 34 30 50
39 11 8 44 50 24 38 50 25 50 50 50 50 50 32 50 50 8 50 50 50 8 50 12 34 50 11 33 11 50 50 50 0 27 35 50 50 50 50 50 41 50 36 50 22 50 5 24 13 50 50 27 50 4 6 50 9 50 50 50 3 50 12 18 50 50 50 42 50 50 50 25 50 50 25 50 16 50 50 50 50 50 50 50 8 28 8 50 50 50 10 8 20 29 50 50 8 50 10 2 40 49 22 30 8 15 50 50 50 50 50 16 43 50 11 50 13 50 38 6 50 50 41 25 37 42 50 50 50 50 50 40 41 5 50 50 14 50 50 50 50 7 50 50 50 45 50 50 18 50 50 50 23 43 47 50 50 50 31 37 50 50 50 50 26 13 29 37 34 50 50 45 50 50 50 17 50 37 24 50 50 50 50
50 50 50 50 6 50 23 20 50 50 46 50 50 50 43 9 50 50 50 50 28 50 26 12 44 50 19 50 50 50 39 50 47 20 34 45 44 50 50 50 21 3 50 50 50 50 22 50 30 2 48 50 50 50 50 30 50 39 50 19 50 33 50 50 35 50 50 40 30 26 45 50 44 2 33 29 21 32 50 14 50 35 50 50 50 50 35 33 46 50 24 17 50 32 50 50 50 30 2 12 8 23 22 14 50 50 50 50 38 27 15 50 50 50 50 9 23 50 34 7 50 34 34 50 44 42 50 50 22 50 35 50 36 50 41 50 50 28 50 50 50 8 50 50 50 50 50 24 11 50 41 50 50 50 50 39 37 14 5 39 50 26 50 50 50 50 50 16 17 46 50 50 6 13 22 16 50 50 42 10 25 50
34 50 50 50 50 50 50 50 10 10 50 50 8 6 30 48 50 28 50 5 8 44 28 17 50 50 31 50 25 43 31 50 40 50 50 32 50 50 50 50 8 50 50 8 50 50 50 15 50 50 50 21 50 50 49 41 50 41 50 50 50 37 50 47 50 50 12 50 50 50 50 50 50 16 50 38 5 50 23 50 50 50 19 7 50 50 8 2 50 50 50 50 33 16 50 50 50 50 44 14 50 45 7 26 47 8 50 50 36 50 37 50 9 50 47 50 28 50 26 50 50 50 45 46 50 25 50 50 50 50 50 29 50 20 50 50 50 48 50 41 16 33 38 2 6 50 12 50 7 47 50 33 50 50 50 50 50 4 50 50 8 50 0 50 22 50 36 42 50 16 43 35 50 50 1 50 36 8 24 50 50
44 38 25 50 50 50 10 8 41 38 28 15 50 50 32 33 50 50 50 50 17 16 50 0 50 50 43 50 15 12 50 45 50 37 2 31 25 50 50 50 50 50 50 10 50 35 50 50 29 50 50 3 50 50 50 26 50 50 18 33 21 7 50 43 50 40 9 50 46 50 35 24 5 50 16 0 15 50 50 50 43 17 50 30 50 0 21 25 45 50 50 50 34 50 27 22 13 9 50 50 39 50 50 6 22 50 50 14 50 42 23 50 23 36 50 49 50 50 50 50 50 50 50 38 47 29 50 50 50 50 43 50 45 23 17 50 50 48 50 50 50 50 50 50 2 42 50 33 12 50 9 50 50 15 18 50 50 10 50 24 50 7 50 50 18 50 43 8 50 50 50 0 50 50 50 47 42 50 1 50
6 50 19 50 28 50 50 50 50 10 28 50 30 45 50 7 11 50 7 50 43 3 15 50 50 19 50 6 50 22 22 50 50 36 7 50 28 10 16 50 14 50 19 12 50 20 5 50 50 42 45 43 50 40 50 12 50 50 39 50 50 50 21 50 46 19 30 50 38 50 29 20 16 43 40 50 50 50 11 50 38 3 50 32 31 0 45 16 50 27 50 50 42 33 50 50 10 50 43 48 10 42 50 50 50 40 31 45 29 50 22 25 50 50 3 50 50 50 18 47 50 41 26 50 2 50 19 1 44 34 23 6 8 26 29 50 49 50 50 49 50 38 50 50 50 20 49 17 50 50 31 9 50 11 50 22 50 50 50 35 5 9 6 50 29 50 28 44 4 50 19 50 50 50 37 50 50 50 50
50 43 50 50 50 50 50 50 0 50 50 50 39 50 50 50 50 50 42 50 2 27 46 50 43 9 50 50 50 50 23 34 29 40 50 50 50 50 48 15 50 43 18 50 50 50 24 31 50 48 8 50 14 50 50 50 21 50 50 27 50 16 50 50 50 2 43 50 50 23 50 50 42 50 50 50 11 49 50 50 50 50 12 3 16 17 21 16 50 50 39 25 25 19 50 36 49 21 33 19 16 50 50 50 22 41 28 45 7 50 13 8 15 25 50 50 50 50 50 24 0 50 50 21 43 30 50 50 50 38 50 50 6 50 50 50 37 50 50 50 14 50 50 50 4 50 50 43 50 50 50 20 38 50 50 50 10 50 50 27 1 50 50 50 50 50 5 32 50 50 40 50 50 31 44 50 50 50
18 50 50 22 0 50 50 37 50 50 16 41 5 50 42 5 50 39 40 12 31 9 35 50 50 17 50 50 27 50 10 50 11 29 11 50 17 2 50 50 50 50 10 50 50 50 50 8 33 50 26 5 12 50 21 50 22 32 28 50 50 9 50 50 45 4 50 11 50 15 3 50 50 25 50 20 50 50 50 16 13 50 31 50 20 48 34 31 10 27 1 50 8 50 50 50 44 28 19 50 50 50 15 43 38 50 25 12 50 10 50 49 11 47 50 11 50 50 50 46 50 23 50 50 50 50 10 50 34 30 21 50 47 50 22 50 26 40 50 50 50 4 50 46 25 50 50 50 50 50 37 38 42 12 21 49 50 10 50 14 27 27 50 50 31 1 50 46 18 50 22 50 1 7 36 50 50
50 31 32 50 50 50 18 47 50 50 21 50 50 5 50 15 7 49 43 20 42 37 50 50 50 48 29 11 16 17 50 3 50 50 50 9 50 38 1 50 25 8 6 50 50 42 50 26 50 30 50 50 50 50 18 44 34 41 25 12 50 50 50 18 24 19 50 50 50 50 23 40 50 50 7 50 20 41 50 50 50 50 19 50 50 50 50 24 29 14 50 38 39 50 50 50 36 50 43 7 32 50 43 50 13 8 6 50 50 18 38 20 42 35 50 47 47 50 38 36 0 50 8 2 50 4 50 38 50 50 1 50 50 50 31 50 45 50 30 50 47 16 31 15 50 50 50 19 32 50 50 50 50 27 50 32 33 50 10 3 50 50 20 50 7 50 50 50 30 50 21 50 50 47 50 50
50 8 50 3 50 10 30 49 2 50 50 50 50 45 42 50 48 50 50 24 50 50 41 50 50 50 50 50 45 34 35 20 45 16 36 9 50 45 20 13 50 11 50 46 50 50 20 19 50 16 31 14 49 27 33 50 20 12 50 50 50 24 50 50 38 50 44 22 50 28 32 27 41 7 43 14 17 18 29 50 50 42 22 6 50 10 50 50 50 21 50 50 15 50 50 48 50 40 48 35 39 28 9 50 50 18 37 50 7 18 0 50 4 50 50 12 50 50 5 43 50 34 12 23 50 50 38 50 50 10 31 50 3 50 50 50 50 45 50 25 50 10 50 38 50 50 20 44 50 50 26 20 17 50 12 7 44 50 50 50 1 50 50 50 10 50 50 5 50 50 50 50 50 14 50
31 50 50 50 50 50 33 50 6 29 50 12 50 50 45 50 50 46 19 50 22 48 24 50 26 50 50 2 48 50 23 50 27 50 29 14 50 50 50 49 50 37 19 8 50 10 50 18 31 50 50 3 50 10 50 25 15 3 50 50 50 46 50 50 21 50 50 5 17 7 50 50 25 50 50 50 25 42 50 18 35 0 50 50 11 28 50 50 1 34 50 50 50 4 50 25 18 50 33 39 50 50 33 33 21 31 50 47 4 36 50 50 41 22 50 50 38 21 16 50 2 10 36 50 50 50 50 50 50 39 50 43 46 50 48 50 50 50 50 3 50 50 50 50 48 50 11 50 50 50 50 35 50 50 30 50 50 50 17 50 31 27 50 50 50 19 44 50 50 41 50 37 50 50
1 16 50 50 50 50 50 0 50 22 50 14 50 2 8 23 33 19 13 11 1 18 3 9 50 50 50 42 50 50 46 0 15 49 50 6 4 50 50 50 50 50 49 41 19 48 24 50 50 30 50 8 23 20 50 50 40 49 27 50 28 50 50 39 50 50 50 50 49 50 50 50 50 50 50 50 50 50 5 50 44 50 49 8 50 50 50 44 50 1 32 27 41 11 28 50 50 50 50 33 50 26 22 50 50 1 33 50 50 50 16 50 1 1 29 50 50 50 50 37 12 50 50 20 7 48 50 50 50 50 50 50 50 50 50 29 32 50 50 50 50 34 34 50 9 50 19 50 50 47 50 44 50 50 45 50 50 50 50 50 17 41 50 50 43 50 23 50 19 50 31 50 50
50 50 23 50 14 50 43 21 50 50 40 50 35 29 50 36 50 50 43 13 2 40 50 50 34 11 50 50 50 50 40 50 50 46 50 15 2 18 39 3 42 50 50 50 50 43 50 50 30 33 24 41 50 50 50 50 6 8 50 50 50 15 32 43 50 50 50 50 50 50 45 50 38 15 18 50 12 50 50 50 50 20 16 50 21 47 18 50 50 30 50 17 22 25 29 50 5 36 50 50 50 50 50 50 35 37 50 50 50 44 0 26 50 23 50 50 50 50 50 50 50 50 0 50 50 50 40 10 50 50 50 50 10 50 50 50 50 50 50 0 50 5 49 50 29 23 50 14 7 50 47 17 33 7 3 33 13 22 38 33 50 31 36 50 50 50 9 28 48 50 50 50
48 32 50 50 50 15 32 50 42 50 22 50 50 50 50 28 50 50 50 44 50 2 50 29 3 50 50 50 38 50 30 49 50 50 7 13 50 50 50 36 28 39 50 28 50 50 50 50 45 50 50 26 50 41 50 23 19 0 50 50 50 50 50 50 7 12 50 50 6 50 33 44 50 50 11 50 50 50 50 29 47 28 50 50 50 5 27 50 50 50 50 20 18 50 19 50 1 50 34 24 43 50 50 50 50 50 50 50 50 50 50 50 50 50 30 43 50 50 50 34 50 50 50 50 50 10 21 50 50 50 28 23 50 50 50 22 14 29 50 0 50 50 50 50 48 50 50 4 50 36 50 50 35 12 40 50 25 50 50 50 38 50 50 50 50 50 50 31 50 9 50
26 50 50 5 50 34 50 1 50 47 50 50 50 37 50 50 50 15 4 50 50 50 50 2 50 13 50 50 41 22 8 50 50 20 50 25 50 50 50 50 12 50 50 34 50 50 50 50 1 18 50 47 33 49 50 50 50 50 26 50 50 49 30 50 26 50 15 50 50 40 50 36 45 48 16 31 50 13 49 50 9 50 50 42 50 43 15 7 23 15 50 50 30 12 50 11 50 50 50 50 50 50 29 16 39 50 50 43 50 23 50 50 50 50 50 50 50 48 50 21 50 50 50 0 3 49 50 44 50 50 50 50 39 50 50 17 11 8 46 50 50 50 50 5 50 50 14 37 50 50 42 50 50 50 50 12 9 50 50 50 29 50 50 30 50 50 19 50 50 50
47 50 50 19 50 19 12 22 50 36 50 50 8 50 50 43 48 50 10 36 23 7 50 49 50 50 8 1 32 34 16 43 50 46 50 50 50 23 50 49 50 41 37 50 50 50 7 50 50 50 1 50 50 43 50 14 29 50 13 50 50 40 50 0 4 50 50 50 28 50 13 38 11 23 48 20 50 50 50 50 50 36 6 45 50 50 49 37 50 0 34 2 44 50 50 40 50 9 50 34 50 50 50 50 50 50 0 50 50 17 37 50 7 50 50 50 50 4 50 50 50 31 50 5 41 15 50 7 1 50 42 0 49 50 35 50 50 50 50 39 1 50 50 14 39 28 3 43 33 50 23 1 50 19 27 50 25 50 50 50 37 8 50 50 21 50 50 24 50
0 33 26 24 50 50 7 50 50 37 50 50 50 50 16 10 50 17 50 0 29 50 50 50 1 21 45 4 21 50 0 50 36 7 7 6 38 29 6 50 50 47 50 21 16 50 50 4 18 20 50 50 4 39 44 27 9 46 50 19 30 50 42 50 13 20 0 50 50 11 19 0 10 35 47 50 12 47 49 14 50 33 1 50 23 4 50 50 50 14 19 17 36 50 13 50 31 9 43 50 50 5 8 50 50 21 50 7 50 50 50 0 21 50 50 50 50 50 50 50 21 50 14 17 24 50 19 22 50 26 34 50 11 50 33 50 8 50 50 50 48 32 38 50 50 14 50 50 31 4 50 18 50 40 50 39 3 50 50 46 34 50 50 50 50 50 0 50
15 50 47 38 50 9 50 50 50 12 50 50 1 12 37 50 50 1 50 50 50 48 50 27 27 50 50 50 48 50 24 35 50 4 2 33 50 50 50 24 50 50 30 49 29 50 34 50 18 50 50 50 50 50 40 11 50 50 45 50 50 50 50 50 6 8 50 50 48 50 25 50 50 49 26 9 44 50 50 50 50 22 50 50 50 40 50 50 50 50 50 50 43 50 42 50 21 0 0 50 50 50 10 49 50 23 50 50 50 50 50 50 46 50 50 50 50 50 50 40 50 41 50 15 45 31 32 50 50 50 17 50 50 50 50 50 16 20 5 9 50 50 50 36 31 28 50 50 11 23 50 50 7 33 50 50 3 39 50 19 26 7 37 50 50 35 50
32 50 50 32 39 50 50 22 50 50 50 50 50 45 50 50 1 16 50 50 50 50 9 50 50 50 29 38 19 30 50 50 48 50 50 47 28 37 24 50 50 5 7 50 9 42 50 50 50 50 50 4 6 28 50 50 50 50 50 50 50 50 32 43 50 50 50 33 2 39 5 6 50 50 50 0 50 5 41 15 41 17 30 43 50 35 49 50 50 50 47 12 50 50 20 50 27 18 25 50 50 8 40 50 50 28 50 50 50 13 50 50 9 50 16 31 28 33 2 50 50 50 50 0 20 50 50 50 50 30 0 14 50 15 50 50 50 28 5 10 33 50 50 50 50 3 50 50 50 43 30 50 45 9 50 46 48 13 50 23 50 50 30 50 26 50
37 50 50 15 50 50 50 50 50 46 50 4 50 50 6 49 50 45 46 0 46 34 50 19 50 32 50 7 10 50 50 50 50 50 33 16 50 50 50 50 50 48 0 47 50 19 36 50 50 26 3 50 9 24 1 17 38 48 50 50 14 25 50 33 1 31 50 50 50 50 18 14 50 50 50 50 50 24 0 12 20 0 50 50 4 0 50 11 36 50 50 50 50 39 50 27 50 50 21 40 40 0 14 50 50 6 50 50 22 50 13 50 0 16 50 5 50 50 50 11 0 21 13 50 7 15 50 50 50 50 40 43 26 50 50 50 50 50 50 25 50 3 17 50 50 50 4 50 46 50 18 13 50 44 2 50 50 29 31 50 28 6 2 43 50
49 50 50 7 50 10 36 50 50 28 31 15 50 50 27 38 50 6 50 50 2 50 50 7 5 50 50 28 7 50 50 18 9 13 50 50 50 21 50 50 19 50 50 50 36 50 5 50 4 30 50 39 50 50 14 20 50 5 10 50 49 47 50 50 7 31 50 50 34 50 50 42 41 10 50 35 10 22 50 50 50 3 50 50 50 6 34 50 37 8 50 18 6 35 13 50 28 39 23 36 50 34 50 10 50 22 24 50 50 50 49 50 50 33 50 27 1 27 50 23 22 50 50 24 39 50 50 50 50 16 50 50 5 50 48 5 41 45 30 50 50 17 50 25 50 50 28 50 50 50 50 50 50 0 50 50 50 50 40 50 50 50 22 50
3 6 18 50 50 4 50 50 21 50 23 50 50 12 50 50 3 46 50 5 31 21 17 3 36 10 50 15 25 50 12 30 38 12 39 50 50 26 44 3 50 6 6 50 50 20 8 25 1 50 4 21 50 50 50 11 36 18 50 5 28 50 7 6 50 50 50 5 34 50 50 50 14 26 33 16 0 50 17 50 24 50 50 50 50 50 50 50 28 41 50 6 50 50 19 50 50 50 35 28 45 50 18 4 50 50 50 50 50 50 6 4 50 43 27 50 47 50 42 18 50 50 18 40 20 50 50 2 50 4 50 50 50 20 32 50 50 48 25 50 50 50 14 47 50 12 50 50 20 47 50 50 24 50 42 50 50 43 50 50 50 50 50
16 32 50 50 10 36 50 9 41 7 20 38 50 27 30 50 50 50 39 47 27 50 50 21 34 50 50 16 33 39 18 50 50 37 12 50 24 4 6 50 29 12 9 50 3 50 24 0 38 14 21 22 50 50 50 14 50 50 50 50 50 12 50 50 50 21 50 44 21 50 24 27 25 41 26 50 50 50 50 50 39 49 40 8 50 50 50 50 36 5 42 0 13 50 50 45 50 35 50 50 33 50 21 21 17 16 23 2 50 9 38 41 50 50 37 50 41 27 50 6 50 50 50 50 22 2 38 39 27 48 18 50 7 19 29 47 50 15 50 50 26 9 50 50 50 50 9 15 48 50 43 26 50 31 50 50 0 50 50 50 27 50
35 34 50 50 32 13 50 35 4 50 20 50 50 42 12 50 26 42 18 50 50 50 42 50 50 6 17 46 50 23 12 12 18 50 23 19 14 50 50 26 45 50 50 26 50 38 50 11 50 24 35 33 10 23 50 50 50 38 43 25 37 50 50 50 27 50 2 50 44 29 50 50 50 50 27 50 50 31 23 50 6 50 50 36 48 50 50 44 33 45 35 50 9 50 50 50 47 8 0 41 50 26 50 40 20 36 50 50 50 45 7 21 1 12 50 50 50 50 14 27 10 50 31 50 50 50 50 14 50 50 50 25 50 17 34 16 50 50 30 50 13 27 20 50 50 47 50 38 42 50 50 46 50 50 50 12 50 50 50 50 50
50 50 30 50 50 50 50 50 29 43 50 50 50 40 50 4 50 7 19 50 37 11 50 50 21 50 50 31 50 50 12 16 50 1 50 50 50 50 50 38 50 5 50 50 50 50 7 50 33 50 50 22 50 50 50 37 50 14 50 50 50 40 50 50 50 50 50 12 50 50 50 19 50 50 8 34 50 7 50 50 50 39 8 29 11 50 40 50 44 50 50 50 50 50 17 50 43 50 50 35 50 24 22 47 50 20 50 50 50 50 5 28 3 50 29 37 8 50 12 42 50 50 50 50 40 50 50 50 36 45 19 50 35 50 50 40 6 4 37 50 50 23 29 48 10 7 16 0 23 50 50 50 50 26 23 50 46 11 47 50
50 50 14 48 19 50 50 50 10 50 9 50 50 50 50 47 50 16 2 46 8 50 20 50 33 50 50 50 33 27 50 35 37 21 26 50 50 50 26 50 13 50 18 50 50 50 50 50 50 50 50 50 50 31 2 31 50 41 50 50 50 50 39 27 11 8 19 47 32 50 24 50 50 50 50 26 15 47 50 50 50 50 50 23 50 50 50 50 50 50 29 50 2 50 1 50 29 50 50 50 50 50 44 50 43 50 26 40 50 50 50 50 50 50 26 50 50 50 27 50 50 50 3 50 50 31 1 48 38 49 26 50 50 50 50 8 49 35 22 50 47 50 21 50 50 50 5 50 25 7 22 50 4 3 50 23 30 50 50
49 50 50 50 32 50 50 50 50 50 50 38 50 50 50 50 50 12 50 50 10 10 14 49 50 50 11 50 50 33 50 34 50 50 50 50 50 10 3 50 4 50 33 34 50 3 50 50 50 50 50 50 50 50 50 50 47 50 41 9 5 50 50 1 50 18 50 50 44 50 11 50 50 50 48 48 50 10 4 0 25 50 50 50 50 1 50 50 50 46 50 50 32 45 50 5 50 50 23 37 3 23 27 21 50 39 7 50 49 50 50 50 48 50 50 50 3 46 50 46 45 50 50 19 34 50 36 50 50 50 1 34 43 20 30 9 50 50 15 10 34 50 6 50 8 50 17 50 31 8 4 17 2 6 50 0 50 50
14 50 21 50 50 50 50 37 50 23 50 50 6 50 14 50 50 23 12 38 50 43 50 50 50 50 50 50 50 50 50 7 1 43 25 28 8 50 30 20 41 13 17 46 50 29 34 30 50 50 33 50 42 20 50 50 47 50 34 50 39 50 1 50 18 50 23 50 10 25 12 9 1 7 50 48 50 50 32 33 50 50 50 50 17 50 50 31 50 50 50 10 50 50 19 50 39 42 37 40 23 49 50 50 50 50 41 50 0 50 12 50 11 50 50 23 50 11 47 22 8 50 50 50 25 50 50 42 50 45 50 50 12 11 50 50 50 50 49 15 16 50 38 50 50 50 50 14 24 35 50 19 2 50 50 50 50
50 26 50 50 22 34 21 6 27 50 50 50 50 3 50 50 50 50 50 24 50 50 25 50 50 50 25 44 50 50 50 16 49 50 50 10 2 37 32 50 50 50 50 13 19 50 7 50 50 28 6 50 50 50 12 9 39 34 21 50 50 41 4 44 29 42 50 50 50 50 25 19 3 15 50 44 44 50 50 50 50 7 50 1 50 50 40 50 50 5 50 23 50 50 50 50 50 35 50 50 50 16 7 4 50 50 50 50 18 25 50 31 17 50 50 42 50 5 29 50 44 50 3 34 3 50 50 50 50 12 50 50 38 50 45 48 50 50 50 50 3 50 50 17 50 50 50 50 50 50 50 50 43 50 50 50
50 50 12 17 39 50 35 34 50 23 50 50 32 50 40 50 50 50 50 50 50 50 50 49 50 38 50 50 30 50 50 50 8 50 50 41 2 50 50 50 16 50 6 50 5 33 45 50 50 18 50 50 24 20 22 50 50 50 50 50 50 50 24 10 29 50 39 48 50 50 10 50 50 44 11 3 50 22 50 15 16 2 50 46 49 50 14 27 50 50 50 25 50 26 50 21 28 50 50 50 45 50 1 50 48 50 50 50 50 50 47 50 50 43 50 50 9 44 50 37 37 25 50 30 50 50 25 27 50 0 36 50 50 50 50 50 44 50 29 50 50 50 36 14 50 50 50 7 50 50 36 39 27 50 50
50 50 41 50 27 50 50 50 50 50 42 28 47 50 3 31 27 41 50 29 50 15 7 49 7 50 50 25 50 50 50 28 50 8 38 50 50 19 50 45 21 38 50 12 40 50 50 50 50 41 25 42 24 36 9 46 50 20 50 50 50 9 50 22 50 50 50 50 20 50 21 17 23 24 10 38 33 50 50 50 38 50 6 50 35 50 31 50 50 50 21 30 50 50 30 50 50 37 50 50 50 13 28 40 43 50 50 37 5 16 35 50 13 50 50 50 0 50 50 50 30 50 20 50 50 50 9 50 50 30 36 45 38 50 50 50 22 9 50 15 36 50 50 40 50 50 44 50 50 45 50 38 38 50
50 13 18 36 50 50 28 50 14 17 30 50 50 22 4 50 13 50 7 50 50 50 16 50 4 50 9 20 50 19 50 50 43 49 42 9 4 6 50 25 43 50 50 50 50 50 50 50 50 10 50 50 13 50 46 5 50 35 50 50 35 33 44 50 50 23 19 21 50 28 39 45 50 50 48 13 14 38 44 31 50 35 14 50 43 42 50 7 15 19 50 50 50 50 38 50 28 44 50 50 50 11 50 50 35 50 16 2 50 50 50 50 50 29 22 50 50 50 35 44 48 9 50 50 50 50 41 8 50 50 50 26 22 40 50 3 41 50 31 42 0 47 28 42 50 39 50 50 50 42 50 34 50
50 41 50 49 50 36 29 27 50 50 50 20 50 19 16 50 33 50 50 23 20 31 46 38 5 50 50 50 47 50 50 39 30 50 41 50 50 9 17 50 36 34 50 50 40 50 33 50 50 35 50 26 50 50 3 50 46 4 12 0 0 42 50 47 50 50 35 32 50 50 50 31 42 50 50 41 1 22 29 13 44 11 50 50 22 47 50 27 50 50 50 50 28 50 50 37 50 50 20 16 47 50 50 10 50 9 15 50 50 50 14 50 50 50 6 50 50 50 44 50 50 50 50 50 50 50 7 50 50 50 41 50 50 41 50 50 50 39 50 50 17 2 50 50 50 50 21 48 37 50 8 50
50 50 47 48 1 27 13 48 50 37 12 50 50 50 15 50 50 50 10 40 49 50 50 14 7 50 9 50 50 50 28 45 50 13 50 50 28 43 6 50 50 50 50 9 46 18 10 50 12 28 39 4 50 42 50 30 21 16 50 8 50 50 11 50 35 50 50 25 50 50 48 6 13 35 50 15 30 33 1 50 45 50 50 50 13 50 36 50 50 50 50 50 50 50 50 8 19 17 3 50 31 50 35 50 50 50 0 50 50 13 22 8 18 50 50 45 50 50 50 22 24 36 50 50 50 32 50 50 50 50 13 20 50 50 21 50 2 50 50 50 38 50 13 50 50 32 36 50 26 50 50
49 48 50 25 50 10 50 50 20 50 50 33 14 12 14 50 3 39 50 23 8 47 39 48 50 50 49 50 50 50 15 50 50 1 2 16 2 50 10 50 28 16 50 50 41 24 19 50 50 50 50 41 1 50 50 50 50 28 50 50 50 50 50 30 50 30 50 50 10 50 27 3 50 42 39 50 20 12 50 50 50 22 50 20 50 50 29 50 9 50 50 4 10 50 50 20 50 50 37 9 22 50 11 27 50 50 50 25 28 12 5 50 4 12 50 13 5 28 50 50 50 50 10 15 26 21 30 50 50 48 21 7 50 50 50 50 43 10 50 50 50 41 50 46 50 0 47 50 12 50
17 38 49 50 24 8 50 39 50 50 50 50 19 7 6 50 50 50 50 50 50 41 50 50 50 10 15 50 50 15 29 20 34 50 8 50 50 50 50 42 50 35 50 50 22 50 50 4 24 50 47 38 50 43 50 46 50 33 43 33 50 50 50 50 50 50 50 23 50 19 31 50 10 44 50 41 50 50 50 50 11 50 14 46 42 13 50 50 33 1 50 40 50 50 50 16 35 22 50 50 50 26 46 50 30 3 42 32 50 50 40 50 42 50 50 3 6 50 19 50 50 50 7 3 50 46 50 50 38 50 0 50 5 50 9 13 50 33 45 38 50 50 46 29 7 50 47 50 50
50 50 8 50 44 50 50 50 50 21 50 50 24 27 50 50 30 47 40 50 50 50 33 50 50 5 50 50 50 0 12 36 50 50 13 50 24 35 50 50 36 28 18 21 50 4 50 23 50 50 4 50 17 14 50 39 50 50 50 50 36 29 50 50 50 50 30 50 20 49 50 36 50 50 50 50 25 50 50 50 50 50 23 5 50 3 39 50 50 50 29 50 50 25 50 23 50 5 10 50 32 29 14 50 22 16 13 22 15 20 26 30 50 17 50 31 42 50 30 27 50 38 50 9 39 50 17 50 50 50 26 39 50 11 50 46 27 43 24 19 50 50 50 50 50 2 50 50
39 19 18 50 50 19 50 10 50 50 50 50 5 36 50 21 25 50 50 50 43 50 50 50 26 50 46 42 23 50 41 42 50 42 50 50 50 50 50 5 50 50 50 50 50 43 50 5 50 41 50 50 50 21 5 50 50 11 50 23 50 50 49 50 36 50 19 37 50 24 50 50 21 50 50 9 22 50 50 23 50 35 12 31 50 18 50 28 50 41 50 50 23 46 50 50 24 50 50 50 50 33 50 50 50 50 38 1 8 27 10 44 50 17 50 6 42 37 14 50 50 50 50 50 50 30 5 50 0 4 24 13 50 50 40 24 50 50 2 16 50 15 50 20 3 44 50
18 50 50 40 34 50 0 50 50 50 44 50 8 50 48 37 50 50 50 42 47 2 50 16 26 37 25 11 50 50 50 5 1 50 50 50 50 48 50 20 2 3 43 23 50 50 4 50 50 17 18 45 45 2 37 50 45 9 19 2 50 50 41 50 50 4 50 17 50 50 22 50 50 50 50 2 36 50 41 50 50 38 50 50 29 50 50 26 50 50 32 50 45 50 50 45 50 6 30 50 50 15 50 48 21 32 9 50 50 50 50 2 44 46 3 50 36 17 36 50 50 50 7 24 13 13 50 50 50 48 31 50 14 50 50 50 2 50 18 35 4 50 50 50 9 50
50 35 36 50 50 50 37 50 25 45 25 37 35 50 7 12 1 3 28 48 45 50 50 50 46 50 50 50 50 50 50 22 42 46 29 13 18 50 6 50 50 31 26 50 15 3 9 50 50 50 50 29 43 29 50 18 23 9 14 47 33 50 50 50 9 50 20 50 50 50 16 30 3 34 50 40 8 17 50 47 11 4 16 38 50 36 50 50 50 20 39 43 50 50 50 50 50 50 24 50 50 10 28 50 30 50 35 50 33 50 1 30 50 9 50 37 41 9 50 50 50 50 25 10 13 14 50 50 21 33 37 50 50 50 50 50 7 5 50 50 50 50 50 50 50
50 50 50 2 50 32 48 12 13 25 50 50 43 50 8 50 7 28 0 50 50 50 34 50 25 20 50 50 50 40 50 36 50 45 50 15 50 39 27 9 50 50 26 16 50 28 50 26 20 25 50 47 26 50 50 50 16 44 50 50 3 50 13 35 50 50 50 50 44 50 4 30 50 50 20 21 33 47 50 31 44 37 20 50 50 50 11 3 50 50 50 50 17 50 50 49 1 50 50 50 39 30 50 45 50 50 50 50 29 50 50 50 50 50 50 26 50 43 50 50 50 50 20 50 50 13 46 50 50 6 50 50 20 50 50 50 45 48 50 50 50 41 50 50
19 50 50 50 50 23 13 50 16 24 26 23 50 50 34 16 50 21 50 50 50 50 13 50 50 50 14 50 50 22 50 2 44 50 50 50 50 37 7 4 30 50 50 50 30 28 31 50 7 41 50 50 34 20 50 34 50 50 50 50 19 29 33 50 31 11 21 37 50 50 49 50 36 50 50 50 14 11 50 50 2 50 14 49 31 22 50 36 16 50 27 50 31 25 10 43 26 36 50 50 46 28 39 50 12 11 28 9 15 50 50 45 22 27 44 50 50 34 16 50 3 40 6 50 1 5 50 50 50 50 50 17 50 17 50 50 38 48 50 36 1 40 50
50 45 8 50 50 31 30 43 24 50 50 12 50 50 13 50 34 42 22 3 50 50 50 45 50 33 27 50 50 50 37 6 50 35 50 50 23 50 39 50 38 4 50 50 50 50 4 4 6 16 50 50 13 23 0 13 50 48 2 50 22 20 3 50 17 40 10 39 50 4 48 50 3 50 50 50 50 50 50 50 21 50 50 50 42 50 5 50 50 50 38 50 29 50 47 3 50 28 35 50 26 50 50 50 50 50 4 50 50 10 19 50 29 50 45 48 9 50 22 24 50 2 50 50 50 50 50 50 37 50 50 9 50 50 31 50 8 50 50 13 47 50
29 50 29 36 50 50 50 50 50 7 50 43 33 50 50 50 50 50 31 10 27 50 6 18 50 50 50 12 37 29 31 50 50 50 50 50 49 22 50 50 32 50 50 30 2 50 50 50 19 50 50 44 50 50 50 17 50 50 30 50 16 50 50 50 50 47 50 24 23 17 50 26 13 50 50 50 50 46 48 45 11 50 19 50 29 50 50 25 50 17 50 13 30 4 1 14 50 50 22 50 31 50 50 50 50 50 25 50 47 50 41 5 17 9 33 50 50 41 50 50 30 4 39 47 42 50 50 50 50 12 8 25 19 9 50 41 25 50 23 50 50
12 36 17 50 39 50 9 36 50 50 50 50 50 50 22 11 39 50 16 50 50 50 50 50 39 29 50 50 1 50 50 21 50 50 17 49 50 50 39 30 15 29 10 50 50 30 12 31 50 14 48 13 50 1 29 9 50 1 27 5 28 10 50 43 33 50 37 5 50 50 5 50 19 31 2 50 50 50 36 50 26 3 50 22 50 31 23 50 7 50 50 50 35 50 24 6 31 17 50 50 17 50 11 50 50 7 50 29 50 50 37 37 50 29 32 50 50 42 45 45 50 22 50 50 3 0 7 18 44 50 50 17 33 36 48 26 40 38 46 50
36 28 14 50 29 50 19 46 50 50 50 50 50 44 50 50 50 18 48 50 50 18 50 41 50 24 15 22 50 50 8 50 13 34 33 50 50 50 48 0 6 50 29 50 50 3 34 14 50 50 22 43 45 42 50 50 17 17 50 50 31 17 14 50 20 50 1 50 50 50 30 50 15 43 50 50 44 50 21 50 2 50 50 31 14 44 44 50 50 50 15 8 50 34 50 50 50 44 8 15 50 50 34 50 50 50 50 40 11 7 3 50 15 38 50 25 50 50 20 50 21 45 27 50 50 28 16 50 50 39 50 6 50 50 14 3 17 33 50
17 16 10 50 4 50 5 47 36 42 50 50 20 50 50 38 24 16 10 50 50 50 50 36 50 19 5 50 16 23 50 50 50 50 15 50 50 21 34 16 50 50 50 43 4 50 50 40 50 50 16 50 50 50 14 50 50 46 26 36 50 36 50 50 35 9 14 50 50 50 50 39 25 41 17 36 30 50 30 35 23 50 42 21 44 19 50 50 50 13 50 10 28 50 50 15 15 2 50 19 35 6 50 50 50 45 50 32 50 36 18 18 50 37 50 44 50 15 9 50 50 49 50 50 50 31 50 20 19 50 1 20 49 50 19 41 4 50
50 9 50 50 50 44 50 50 47 0 50 50 50 50 50 50 50 26 50 50 30 50 5 35 50 50 36 50 50 50 50 50 45 50 41 34 37 3 50 21 40 50 6 15 21 43 50 6 24 50 50 50 50 40 50 28 49 16 50 50 12 50 37 6 4 50 50 50 50 50 50 50 14 50 22 50 50 50 50 26 2 14 37 50 50 36 50 50 11 18 50 50 50 20 34 50 50 50 50 24 6 50 29 50 50 50 50 50 50 49 34 50 50 5 45 50 50 34 31 50 17 50 50 50 50 29 25 50 43 5 47 24 46 20 37 42 50
18 14 50 50 21 50 35 50 50 50 44 50 50 40 50 50 50 18 50 14 50 33 18 37 50 31 50 12 13 29 50 18 29 36 10 50 50 1 50 50 22 28 6 14 2 9 50 21 12 50 0 50 50 44 50 50 25 50 23 50 50 47 11 50 50 50 1 50 18 50 41 44 50 50 44 15 43 50 50 50 50 19 19 34 0 29 26 23 18 14 50 50 50 8 50 32 50 4 10 50 50 50 27 50 50 21 50 50 1 21 0 47 50 50 50 11 28 50 46 50 50 29 50 42 38 24 50 11 13 25 41 50 45 49 50 50
4 11 33 50 50 20 7 50 49 50 50 27 50 48 10 19 15 50 50 50 50 33 50 50 46 46 30 5 30 25 29 50 23 50 50 24 50 50 32 24 50 50 3 50 50 24 49 48 46 19 7 50 31 50 32 50 50 50 50 50 8 40 47 50 44 34 50 50 50 50 50 20 17 32 50 21 50 42 25 50 24 50 50 44 39 50 37 28 50 50 50 50 50 9 49 50 20 50 50 50 25 24 29 50 20 32 50 49 50 50 20 50 38 50 21 37 40 50 50 50 16 50 50 50 50 34 50 50 21 50 1 50 50 50 50
30 21 7 9 50 50 27 6 50 6 50 50 50 50 29 50 20 29 50 50 29 50 50 50 4 50 4 50 50 50 50 43 50 50 50 4 50 50 50 50 11 50 1 50 50 37 50 25 50 4 11 24 12 50 33 50 50 44 50 50 50 50 40 50 29 50 2 50 50 43 50 50 25 50 37 50 50 50 47 2 50 50 5 4 50 19 42 1 41 0 50 50 50 50 50 42 50 16 50 34 11 3 50 50 32 50 50 7 50 50 29 50 50 16 50 29 23 50 22 50 15 50 50 50 50 4 50 31 6 36 50 50 50 50
28 3 50 50 50 50 50 4 14 50 50 9 50 50 50 50 50 50 28 50 5 30 50 24 21 12 50 35 50 50 40 24 50 50 50 50 9 5 50 8 50 6 22 2 50 50 50 38 50 11 50 20 50 10 50 37 50 50 21 50 50 38 0 27 6 42 50 44 47 50 1 50 4 50 43 50 50 28 50 31 50 45 38 26 50 50 20 50 15 34 50 50 50 30 50 37 50 19 50 17 50 50 50 41 24 37 50 50 26 50 43 9 50 50 48 35 50 50 46 50 30 6 50 35 23 37 20 39 50 50 33 17 50
17 50 50 50 50 50 50 14 9 50 44 50 45 50 9 39 17 50 50 0 41 30 50 3 39 17 50 50 50 47 50 50 50 50 50 7 50 8 50 50 24 50 50 12 4 47 50 50 29 50 50 50 50 3 23 50 26 50 50 1 50 50 31 1 3 47 47 25 50 50 50 50 38 20 50 50 31 50 50 50 46 50 4 50 50 50 2 50 4 50 16 34 50 50 50 50 50 50 50 21 50 50 49 8 50 50 47 50 50 50 21 5 13 40 50 42 50 34 20 50 21 50 39 50 50 32 48 9 50 47 15 50
50 50 23 10 50 19 50 50 2 50 50 48 36 50 43 50 4 9 50 7 46 50 28 50 50 50 27 50 50 44 50 42 50 50 32 50 50 31 50 44 50 1 50 50 6 50 40 50 50 14 46 5 50 14 13 50 50 12 15 50 50 50 50 19 50 25 26 39 50 35 50 50 50 22 50 50 50 50 18 50 50 50 15 50 32 12 45 12 4 50 36 17 50 40 18 8 50 50 50 50 50 28 17 20 50 0 19 50 22 50 50 50 50 36 50 50 16 10 12 50 50 17 26 50 50 50 50 50 50 28 50
0 50 40 18 44 50 50 42 50 50 50 50 5 0 2 50 20 50 50 40 10 50 50 17 18 23 18 3 50 21 50 24 18 50 1 50 22 7 32 50 6 50 50 50 42 50 25 50 50 19 50 50 50 50 50 20 50 30 50 26 50 50 35 23 50 50 4 50 28 50 50 34 25 50 22 4 50 42 32 50 47 43 50 50 50 40 50 50 50 50 50 8 50 14 45 15 45 44 25 44 31 1 50 49 21 48 50 42 50 1 13 50 50 50 11 50 50 45 46 3 50 50 50 50 39 3 36 50 1 50
50 50 18 50 50 50 10 50 50 50 50 50 50 50 26 34 50 47 6 50 50 0 35 5 38 33 50 2 21 50 40 50 50 50 8 50 4 39 50 50 17 35 50 32 37 50 14 44 2 0 50 50 50 50 50 21 50 29 50 50 8 40 4 12 13 50 50 50 50 50 50 50 22 37 0 50 31 50 50 44 50 38 50 50 15 35 38 3 50 18 50 50 17 23 50 39 19 50 30 50 17 26 50 32 50 50 43 47 50 50 50 38 50 50 50 50 23 50 50 50 21 50 50 2 0 50 50 50 50
50 46 50 50 50 50 39 50 50 50 21 20 49 34 50 50 36 50 8 50 50 50 36 50 50 50 47 50 50 34 38 11 1 50 26 14 7 35 18 34 39 50 26 50 15 50 50 50 14 7 27 50 50 37 50 50 50 26 50 20 21 49 26 43 44 50 16 20 22 50 50 4 35 50 50 41 50 50 50 26 32 34 50 50 47 41 34 19 47 0 50 7 50 34 50 50 5 28 50 49 50 24 47 50 42 50 50 3 50 44 50 50 6 27 25 12 50 31 1 5 50 50 20 50 22 50 48 50
38 50 50 50 50 24 50 50 50 50 47 28 21 50 24 2 50 48 18 18 50 9 49 24 43 23 50 50 50 50 50 37 22 25 50 50 31 30 50 50 6 23 50 50 50 50 17 50 50 15 50 2 50 42 24 50 50 50 22 50 43 5 50 15 39 17 33 50 21 35 48 5 50 50 38 50 50 50 28 35 14 43 9 50 50 50 50 50 43 4 19 50 50 50 3 46 31 50 5 50 50 24 50 50 50 50 44 11 50 50 50 50 21 26 50 36 50 30 3 29 31 50 50 34 12 50 50
26 38 50 16 50 45 37 20 33 34 0 2 50 50 44 8 50 36 50 50 49 50 50 34 49 50 50 40 45 49 37 6 50 14 50 50 50 50 50 29 50 50 17 20 50 50 50 50 15 36 22 50 50 50 34 39 19 50 11 36 0 50 38 50 50 50 50 49 50 4 50 50 50 41 31 43 50 42 50 24 50 3 32 50 10 50 50 10 50 38 12 50 49 41 50 42 26 50 43 1 6 50 40 6 50 50 0 6 27 23 50 50 50 50 50 50 10 7 50 50 50 29 43 50 13 50
10 28 27 50 10 50 3 50 30 0 50 47 50 1 50 50 50 50 19 50 50 50 42 44 27 50 42 13 26 50 36 36 50 11 8 16 50 50 50 31 50 49 46 50 50 50 5 50 23 16 50 25 14 50 50 26 50 47 50 24 50 50 50 50 12 50 50 39 35 50 47 18 50 50 50 36 50 43 34 50 50 50 50 50 46 50 6 43 46 45 50 6 50 20 15 50 43 50 50 50 16 38 38 18 47 50 26 29 2 50 13 50 50 47 9 50 50 50 50 46 50 50 50 50 50
50 50 17 50 2 50 46 50 36 50 50 50 44 4 29 29 37 50 30 50 3 13 50 50 50 50 50 50 24 34 44 50 50 4 50 14 50 25 50 50 10 27 19 4 8 9 50 15 50 5 28 50 50 47 50 50 25 50 32 50 50 47 50 50 50 50 20 8 50 50 50 50 20 50 35 50 50 43 7 50 49 34 49 38 48 50 50 50 50 13 44 50 50 50 50 29 2 50 33 7 50 50 50 50 35 50 2 50 3 45 50 50 43 36 40 50 50 2 50 41 22 50 23 50
50 37 50 50 29 39 50 50 50 46 50 48 50 50 50 15 50 50 50 0 50 50 50 47 5 33 3 50 50 50 50 50 50 50 50 18 50 4 50 50 37 21 32 16 25 50 16 26 50 50 50 11 50 15 28 48 18 29 48 4 50 24 50 35 28 11 9 17 44 50 50 50 50 50 50 46 20 50 50 50 50 46 50 50 45 11 50 2 50 15 37 50 50 16 40 50 50 50 50 32 50 50 48 50 50 50 50 42 50 50 16 50 36 31 49 50 50 27 37 34 7 46 50
50 50 22 50 43 50 50 50 50 50 50 50 5 50 50 50 50 50 50 46 50 5 50 50 50 25 44 50 22 50 43 40 8 20 48 14 50 2 50 13 0 17 7 47 18 50 50 30 18 22 24 40 41 39 37 50 2 4 50 50 50 50 29 50 11 34 50 5 20 33 50 50 50 10 12 11 50 47 20 9 36 50 50 16 50 0 48 50 50 26 50 26 44 50 29 50 46 50 50 50 50 50 32 23 50 5 25 50 50 50 50 50 3 39 50 9 10 50 25 6 50 50
50 13 44 11 50 36 22 50 50 20 50 50 50 37 9 7 50 50 19 45 50 48 50 1 17 15 47 50 50 50 50 50 48 34 16 50 50 5 50 50 20 50 7 28 30 50 50 31 50 50 30 50 45 12 50 50 50 50 50 50 50 50 38 33 50 50 50 50 43 50 50 50 4 30 50 26 50 46 50 23 40 50 50 32 50 50 25 33 50 50 50 50 50 1 50 50 50 50 50 50 39 50 3 50 50 50 45 1 42 50 20 28 3 31 49 50 50 32 45 50 50
33 50 50 8 0 32 50 50 19 50 50 50 1 38 50 50 50 10 44 50 50 50 50 50 38 50 50 50 50 50 37 50 32 12 30 40 18 25 50 31 50 4 50 2 37 37 34 50 2 7 38 50 49 50 50 50 50 50 27 50 50 9 50 50 50 48 36 47 21 41 50 48 50 50 50 37 50 50 50 8 50 50 50 50 21 50 50 50 50 13 6 50 50 49 42 50 50 43 50 50 17 50 50 50 11 50 50 50 24 50 37 50 32 10 50 50 9 50 45 50
50 38 40 1 15 15 22 27 50 33 50 50 6 47 50 32 4 17 50 50 17 50 12 50 47 50 46 50 11 50 50 50 50 50 50 50 31 43 47 50 50 50 13 50 19 42 48 13 19 13 50 50 43 50 7 50 50 50 50 37 50 50 50 50 23 14 50 49 50 45 16 50 28 38 15 50 23 50 20 38 41 50 33 50 50 50 50 26 17 38 50 50 20 33 50 1 46 49 19 50 41 39 46 50 50 18 2 50 50 50 15 50 50 50 0 13 50 50 50
50 31 50 50 50 15 50 50 50 50 34 3 50 11 48 50 50 17 13 4 20 50 50 50 50 50 24 15 16 50 13 29 50 50 50 50 9 18 12 43 50 50 50 42 50 50 50 50 45 35 50 22 8 50 29 1 39 50 50 21 50 36 26 50 50 50 10 50 50 18 1 50 50 50 50 33 19 50 50 50 12 32 50 50 50 4 50 50 50 0 50 50 50 3 50 50 50 50 40 3 50 38 28 50 13 50 44 12 10 50 50 49 50 50 50 3 50 50
50 50 13 22 50 29 34 48 50 42 50 11 15 50 50 9 50 28 50 6 50 50 50 50 40 45 50 38 19 28 48 13 49 1 38 33 5 50 50 16 50 45 21 46 13 8 5 49 4 50 10 50 2 24 9 10 36 50 50 50 0 36 50 50 50 41 48 50 22 28 4 28 50 42 37 11 50 50 4 16 27 4 43 50 50 15 50 3 30 50 50 22 38 50 50 50 50 50 50 50 12 36 15 50 50 7 31 32 44 50 50 50 10 50 50 50 50
2 24 37 40 50 50 33 50 43 50 9 21 15 35 12 42 7 50 14 50 50 45 50 50 50 35 35 50 32 50 50 37 50 27 50 50 43 2 50 33 44 50 50 14 35 15 50 50 41 50 50 8 50 50 7 50 18 48 50 32 50 33 47 37 50 46 11 50 50 50 50 20 50 40 50 26 50 49 50 50 50 50 23 50 50 50 50 11 14 50 50 50 38 50 50 23 50 50 50 32 50 50 50 30 47 50 28 50 11 41 10 50 46 41 50 50
50 50 14 48 39 50 17 39 50 50 50 50 50 11 32 21 21 50 50 42 39 5 50 7 50 37 15 5 50 50 50 50 17 50 32 50 50 40 8 17 10 50 21 42 50 14 50 50 11 50 17 18 50 6 29 5 50 17 14 6 23 50 12 50 23 23 6 50 0 50 50 0 50 13 16 50 30 44 50 33 50 19 50 23 50 50 50 29 39 50 50 50 29 3 0 37 20 47 30 50 50 50 50 29 41 50 50 50 50 31 50 42 39 22 50
50 41 50 50 50 50 50 50 15 50 50 21 6 50 3 23 9 23 50 17 34 50 50 12 15 6 42 37 50 50 4 50 16 50 30 50 46 50 50 35 50 50 25 4 50 50 50 50 23 20 12 50 2 31 1 6 18 22 50 35 48 50 50 50 14 50 23 50 50 47 32 50 50 10 29 32 50 38 40 23 50 27 6 40 50 50 0 44 41 35 11 33 50 29 50 50 50 13 44 50 32 50 24 0 50 6 50 0 50 34 50 39 50 50
50 44 50 50 27 50 50 26 35 50 50 25 20 50 50 50 50 43 50 50 42 48 27 46 29 34 50 11 50 50 26 19 13 28 8 50 23 28 50 2 50 28 50 50 40 8 50 50 29 35 27 45 50 50 50 50 50 50 50 5 50 14 50 15 4 39 41 2 50 50 50 0 50 50 50 31 19 29 46 50 35 50 9 50 50 50 35 42 50 50 50 50 50 50 42 0 35 42 29 30 50 19 50 49 50 50 10 3 16 50 11 0 50
50 33 12 42 50 10 39 23 32 50 50 25 8 1 15 11 50 12 50 50 22 10 42 50 50 50 50 50 50 50 35 28 39 30 50 50 50 39 4 50 22 50 50 50 50 13 50 50 50 50 1 20 50 28 50 34 31 50 18 42 31 50 17 24 9 50 24 50 50 36 42 27 50 42 50 41 50 50 8 50 50 35 50 50 50 50 50 49 50 50 0 50 50 21 37 14 50 40 50 41 36 37 17 50 47 50 50 34 45 50 6 50
50 12 50 7 34 50 50 24 50 30 50 50 5 50 50 50 28 43 0 33 48 50 50 41 6 50 50 36 50 8 50 3 50 12 50 22 50 48 31 13 50 46 32 50 40 50 16 10 50 50 50 50 50 24 50 50 50 50 50 50 50 9 27 3 34 50 50 50 50 46 44 50 2 21 50 34 50 35 50 50 2 50 19 39 50 10 50 50 23 42 18 44 50 50 46 48 50 50 22 50 50 50 50 50 50 15 50 50 25 35 50
50 50 49 50 8 7 46 50 50 50 50 50 50 50 50 16 12 17 2 50 50 50 50 50 27 46 50 50 12 50 50 50 50 50 50 48 30 50 6 50 32 50 50 50 50 50 0 50 24 50 31 50 43 50 25 50 21 23 50 49 50 33 50 50 50 34 3 50 50 33 50 50 9 42 50 18 28 50 50 4 50 11 12 50 50 50 50 24 50 5 50 50 50 41 6 50 5 50 37 5 28 13 50 50 50 50 26 50 23 50
19 50 25 50 50 14 30 46 50 40 50 12 50 50 50 1 50 7 11 50 50 35 12 50 50 50 50 50 50 6 50 50 26 50 48 50 45 10 50 49 50 5 6 50 50 22 21 18 50 26 40 50 24 2 36 12 8 50 50 31 12 31 1 50 3 50 50 50 50 4 41 50 50 50 50 50 50 50 33 50 4 47 50 50 50 35 50 46 50 50 12 50 50 31 39 6 31 50 50 50 50 50 50 50 50 45 4 29 50
31 47 50 14 38 50 36 50 1 50 3 33 5 4 50 26 50 50 6 50 50 50 3 50 50 32 50 50 50 50 50 50 50 50 40 42 29 50 1 38 24 29 50 50 3 8 50 50 50 47 49 50 50 50 50 11 0 3 50 50 33 50 19 48 50 50 50 50 50 50 8 50 25 49 50 18 50 50 50 11 50 50 48 50 15 50 50 50 50 36 50 9 24 34 39 50 7 18 50 46 50 50 50 50 50 37 31 50
8 50 50 50 50 10 50 50 25 25 22 1 35 7 34 50 3 6 50 50 27 39 50 35 50 50 40 50 50 50 39 8 16 17 7 4 50 50 37 50 50 50 50 24 2 12 50 50 49 21 49 29 50 21 50 50 50 50 50 25 50 50 30 29 50 35 29 38 50 50 50 50 50 22 32 1 11 50 50 46 50 30 50 50 50 3 42 45 50 44 47 41 39 41 50 50 50 30 25 50 50 50 40 44 50 49 50
50 50 12 50 8 50 15 1 50 50 2 17 23 37 7 5 50 50 31 27 5 0 49 18 41 50 50 50 50 31 48 50 50 50 50 31 28 4 50 50 50 50 50 50 50 50 50 50 45 28 46 13 21 50 50 9 50 38 30 18 43 35 50 47 50 5 50 50 47 33 50 50 50 30 42 50 50 46 50 23 27 50 50 50 25 50 15 50 16 50 50 32 50 50 50 27 50 24 50 7 50 50 6 20 50 50
33 45 40 44 3 42 18 50 39 50 38 30 32 26 18 50 50 39 50 50 30 50 50 13 50 50 42 16 20 4 10 33 50 50 50 50 45 11 50 50 50 11 50 13 50 50 17 50 50 1 50 49 42 50 50 50 40 50 50 16 6 49 50 50 50 5 13 42 50 50 11 39 50 50 30 40 50 50 9 20 50 50 9 50 50 29 29 10 42 50 50 50 33 4 34 27 50 2 6 33 48 50 27 14 50
50 30 32 33 6 39 50 48 50 50 12 50 50 34 24 7 50 50 50 50 20 18 50 10 11 50 14 50 50 50 14 50 11 50 50 16 50 50 50 30 39 7 2 26 50 50 16 50 50 11 50 28 28 43 2 25 32 50 4 50 1 50 50 2 50 50 8 50 19 50 32 50 50 50 50 50 50 50 50 50 50 50 50 50 50 50 50 44 50 44 50 50 31 13 50 50 18 50 50 50 50 18 50 50
30 50 50 27 41 13 16 50 50 50 32 50 50 25 50 32 50 50 15 27 50 50 50 47 26 50 50 28 50 21 50 50 38 8 2 23 18 50 50 14 0 26 50 26 13 50 50 17 27 50 50 48 6 50 33 4 14 50 50 50 11 42 50 43 35 10 50 50 5 50 50 33 14 50 50 50 50 50 50 44 50 48 50 50 7 37 50 38 9 49 50 50 47 50 50 50 50 40 50 44 19 12 50
24 34 29 26 2 49 5 23 46 18 22 50 50 50 3 50 33 46 29 50 50 50 13 50 1 49 37 29 15 50 45 43 50 34 17 50 6 15 50 33 23 50 50 36 50 50 50 50 41 50 15 47 50 50 17 50 50 30 41 35 50 41 50 29 50 16 50 50 50 0 50 7 32 50 29 50 50 48 27 13 50 43 50 50 50 50 50 50 50 50 9 50 20 31 50 50 49 46 39 50 50 50
26 49 50 26 50 50 50 50 50 24 32 5 50 50 48 12 44 25 50 50 50 41 50 50 50 4 50 50 50 11 50 50 50 50 16 50 50 50 50 50 24 29 3 50 21 1 50 26 50 41 50 50 7 50 49 50 50 50 26 50 13 50 50 50 5 5 50 50 50 50 22 23 14 2 50 42 50 50 50 35 7 11 37 50 10 50 50 15 26 11 50 27 7 50 50 50 50 28 32 36 50
50 18 50 28 50 44 41 46 50 50 50 50 9 40 28 28 40 17 50 50 50 27 50 8 47 1 42 14 50 50 9 23 50 50 50 9 50 41 50 27 50 28 50 50 26 50 6 47 50 48 50 50 10 41 50 50 50 50 50 27 45 33 46 19 50 36 50 50 50 29 50 50 28 31 37 50 50 50 50 41 26 50 3 25 32 4 50 50 2 50 18 50 50 0 48 15 50 1 50 50
50 50 4 18 50 50 50 12 50 45 50 50 9 16 50 50 16 32 50 16 25 50 4 19 28 50 0 41 50 50 15 33 32 27 50 27 12 50 50 28 50 7 50 3 50 50 50 40 19 41 43 43 22 50 26 6 36 28 50 50 16 12 36 50 50 50 50 50 6 50 50 50 50 50 50 50 50 10 50 50 50 34 46 50 50 30 38 5 50 50 50 23 50 50 37 24 39 50 50
50 21 40 41 49 50 50 19 50 7 20 50 21 50 50 39 35 46 50 21 50 8 50 50 50 50 40 50 37 22 17 50 50 50 50 14 50 3 50 19 50 36 18 7 50 12 50 50 37 50 24 50 46 40 50 50 28 3 17 50 26 29 50 22 0 50 50 50 21 50 50 10 50 50 50 50 50 36 50 39 2 50 21 32 50 4 39 32 10 50 34 45 50 21 27 44 35 50
38 50 50 50 50 50 50 50 36 37 5 50 12 20 14 50 50 50 31 1 50 13 50 1 50 9 1 50 23 6 19 50 50 50 19 50 50 21 50 44 50 33 18 14 50 46 47 17 47 19 19 47 19 50 18 50 43 2 50 50 50 11 50 40 50 29 36 37 50 21 11 0 2 31 50 34 32 50 48 50 40 50 40 13 50 24 50 36 47 44 50 44 22 49 50 50 50
50 8 2 14 50 37 8 50 50 50 50 50 50 11 50 36 50 10 50 50 33 50 45 50 50 39 50 26 0 50 37 50 50 11 50 41 39 19 50 24 7 28 44 36 50 50 50 50 50 50 2 50 50 22 42 12 2 50 50 2 50 50 36 50 50 50 35 50 50 50 50 7 17 34 50 50 50 30 50 50 50 2 5 50 18 50 50 26 34 50 50 11 26 50 50 50
50 11 50 15 20 50 41 50 50 50 43 21 50 4 30 29 50 46 14 33 23 23 50 21 50 26 50 50 40 50 29 50 48 50 46 9 50 50 50 45 50 16 50 50 50 50 46 50 50 0 50 7 0 32 22 46 35 50 50 50 15 50 3 47 44 31 17 50 8 5 50 50 50 50 13 50 50 43 6 50 50 50 50 35 19 12 12 24 50 50 50 50 5 19 50
2 50 26 50 19 50 40 26 49 50 50 0 13 50 50 49 31 50 50 3 50 50 50 50 50 50 50 43 50 5 50 50 50 16 50 50 50 50 11 50 42 50 50 50 50 50 20 2 50 50 37 39 45 50 50 50 27 50 50 50 50 50 50 50 37 50 3 50 47 50 43 7 50 44 50 50 30 50 35 32 50 49 24 50 50 50 20 50 50 29 10 11 50 50
37 8 50 50 46 37 48 45 50 50 9 50 50 50 18 15 50 28 50 50 0 50 50 50 24 50 46 44 50 50 50 50 50 24 50 50 50 31 50 50 50 17 50 50 5 21 50 50 50 21 5 48 50 50 50 50 50 2 44 50 17 50 37 11 10 48 50 50 50 50 2 21 50 15 10 50 50 20 50 39 34 50 50 50 50 49 50 40 50 50 50 50 50
6 50 14 50 1 18 50 27 48 18 50 50 0 50 50 41 50 50 8 44 40 50 50 24 50 3 50 14 50 18 50 50 38 50 12 15 24 50 50 41 50 50 34 50 50 50 50 17 50 50 23 50 0 50 50 50 11 50 48 50 34 50 50 50 25 50 50 50 50 50 34 50 50 50 50 50 34 50 50 16 50 50 36 50 12 34 50 39 30 50 14 50
30 32 50 50 50 27 50 50 30 20 50 9 28 42 50 25 50 17 50 50 23 3 50 50 50 23 50 50 32 50 50 41 8 40 50 50 50 4 50 50 6 26 35 50 50 50 11 50 50 29 50 50 50 46 47 36 45 50 23 50 19 24 42 26 50 50 50 50 23 26 50 50 7 18 50 7 34 26 24 34 13 50 9 50 50 50 50 48 50 50 50
22 41 50 50 38 0 50 46 50 50 33 50 50 50 50 50 25 50 50 50 40 44 50 50 50 7 50 50 14 40 50 50 50 50 23 50 23 50 38 27 37 50 50 50 1 50 50 50 50 50 50 28 17 23 50 50 50 50 21 36 1 25 34 50 17 6 50 50 50 50 17 26 50 50 50 40 50 24 50 50 26 50 50 50 50 50 50 50 50 50
50 22 6 3 50 50 17 40 50 32 32 2 28 50 22 43 50 50 1 50 41 44 19 50 50 50 44 50 0 50 50 6 50 50 50 31 50 19 50 50 50 50 50 50 6 50 50 50 50 21 25 50 50 50 50 50 50 50 50 50 22 50 22 33 33 50 50 50 27 45 12 50 50 23 6 46 50 32 50 44 50 41 37 50 50 27 50 50 50
50 42 50 50 50 50 50 26 50 50 50 16 18 50 50 50 50 9 50 50 15 50 23 19 24 50 50 50 50 27 36 50 50 45 50 50 40 50 50 15 50 50 50 50 50 50 50 23 50 50 32 33 17 25 50 32 13 10 7 50 50 38 50 49 50 50 42 50 50 4 4 50 2 50 8 50 25 50 31 23 50 26 44 7 27 50 50 50
24 50 18 50 36 50 50 15 50 41 50 50 40 50 50 35 33 50 43 50 7 50 50 50 50 50 25 50 50 30 50 15 50 50 50 50 38 18 50 50 19 50 44 2 30 22 50 50 50 45 17 16 50 7 8 50 0 40 50 4 36 0 6 10 21 0 50 21 50 50 50 50 46 50 50 8 50 50 50 11 50 39 50 40 41 50 50
12 50 4 50 42 50 50 50 50 31 0 50 0 50 50 50 50 12 50 39 49 20 50 45 3 43 50 50 50 50 20 50 5 50 15 17 29 19 50 14 50 50 20 50 50 50 28 11 10 5 15 25 37 50 29 8 47 21 50 50 3 50 50 50 50 50 50 50 50 50 50 29 13 50 7 34 12 50 50 32 50 8 15 46 23 50
50 2 50 50 25 50 50 50 50 50 50 14 50 50 50 50 50 50 50 50 13 50 50 48 3 50 50 50 12 9 50 33 50 39 50 50 16 50 50 50 50 27 34 50 50 12 50 33 50 15 50 43 50 50 50 38 50 42 50 50 6 50 50 50 50 36 30 11 50 38 50 50 50 50 46 50 50 36 50 50 50 50 50 28 50
6 50 50 50 16 50 50 50 7 37 42 50 0 39 50 50 20 50 50 29 50 5 50 50 50 16 50 50 50 50 50 50 50 35 50 13 50 50 50 25 44 50 50 27 50 50 50 41 50 6 50 40 34 46 50 14 33 50 50 50 50 21 50 26 50 6 25 50 50 50 13 50 50 36 50 50 43 50 14 50 16 50 50 50
50 50 46 50 49 25 50 37 50 39 50 33 38 50 50 50 8 50 50 50 50 50 31 42 50 39 50 50 50 3 14 50 50 50 7 50 50 50 50 50 32 50 45 11 50 7 50 11 50 50 13 50 50 50 50 34 24 49 19 50 18 50 31 50 50 25 50 50 9 22 50 50 39 50 14 50 50 50 50 29 50 50 50
50 50 50 50 49 50 15 50 50 20 13 50 17 22 14 25 50 50 6 23 31 47 33 34 37 50 50 34 50 30 25 14 27 50 39 38 50 50 50 50 50 8 5 50 50 10 50 27 50 45 50 50 50 50 50 50 50 50 48 16 50 37 50 50 50 50 50 25 9 14 50 50 8 50 50 31 41 16 50 50 50 50
3 23 50 5 50 50 50 45 7 50 49 21 50 4 50 50 50 50 50 50 49 50 50 50 50 50 50 36 23 50 29 30 50 25 24 18 14 50 50 50 50 50 50 2 9 50 50 50 50 50 50 37 50 50 6 50 31 50 38 12 11 50 50 49 26 50 50 50 50 26 42 46 49 50 50 11 37 1 50 50 50
50 11 50 50 50 34 50 14 50 50 50 50 43 50 50 50 50 50 42 6 50 0 50 50 50 50 3 17 50 50 50 50 50 50 50 8 37 50 41 50 11 50 50 44 29 50 42 50 50 50 27 38 50 50 50 50 50 50 27 44 50 24 50 50 50 49 50 45 50 12 17 50 14 50 50 50 27 50 50 50
39 32 10 15 33 9 50 6 13 7 34 50 47 50 50 50 8 50 49 26 46 50 28 13 6 50 50 50 50 10 14 20 50 50 3 39 7 50 7 50 37 38 43 50 16 0 22 50 24 8 50 50 7 50 50 50 50 50 50 48 17 50 50 50 2 15 37 50 50 50 17 50 50 40 50 50 50 50 50
50 22 49 0 50 50 8 7 50 13 39 50 3 50 23 50 29 50 50 50 50 50 50 37 50 50 50 24 50 25 50 50 50 50 50 50 43 40 42 50 15 50 35 50 50 50 46 50 50 14 50 13 33 50 50 43 50 50 43 50 50 50 50 17 50 50 50 50 50 50 38 50 41 44 16 7 50 50
50 50 24 24 50 50 50 50 14 24 50 50 50 50 0 50 50 48 50 16 50 50 50 48 50 40 50 50 22 50 50 50 50 50 50 50 2 35 50 50 7 10 50 50 50 5 45 50 50 50 50 45 50 23 9 23 50 6 44 50 50 23 1 35 38 13 50 50 50 50 15 45 50 20 49 50 50
32 50 50 50 50 43 50 34 37 48 23 50 44 50 50 48 50 50 50 50 10 15 21 40 21 50 50 50 50 50 50 50 50 10 50 50 40 21 24 50 39 50 50 50 50 19 31 50 50 35 35 50 36 50 21 50 50 1 50 50 9 50 50 40 50 50 18 16 50 5 50 50 45 40 50 50
50 50 29 50 9 50 50 25 17 50 34 50 50 20 50 50 50 50 46 47 50 50 50 40 50 50 29 49 17 50 50 50 50 50 50 45 50 10 48 50 50 50 3 50 50 50 50 39 30 50 7 47 41 50 50 46 4 50 42 50 50 50 26 50 6 50 50 43 50 50 17 50 24 21 50
50 2 50 50 24 50 13 50 50 50 50 20 41 50 50 50 50 6 38 22 40 50 50 50 50 50 50 24 50 31 50 50 8 8 3 24 50 50 0 26 25 18 34 16 46 50 43 50 23 50 50 37 50 50 38 50 48 50 50 50 50 50 50 50 12 2 17 20 50 50 50 8 50 50
50 12 50 33 50 50 50 34 50 50 50 22 50 50 24 50 50 28 50 50 50 50 5 26 50 50 34 50 50 50 22 17 49 7 50 50 50 35 50 1 50 41 46 50 50 50 50 50 47 50 50 22 50 46 43 50 50 41 50 28 6 50 50 50 40 50 24 50 44 50 50 50 50
3 50 50 11 50 26 50 29 50 50 50 50 15 34 50 22 50 18 50 23 50 50 46 41 50 19 50 50 50 50 14 4 40 50 50 50 0 50 22 50 50 50 15 37 9 50 28 50 50 50 50 50 39 35 50 50 50 16 50 41 9 49 50 50 50 50 50 50 50 27 39 50
50 50 25 19 50 25 50 36 50 15 50 50 9 50 50 50 50 26 23 50 32 50 50 50 50 49 50 11 50 50 2 24 50 9 50 50 50 50 50 10 43 50 40 32 50 5 50 47 40 41 50 50 50 37 38 35 50 50 31 50 50 6 50 50 50 50 43 45 50 35 50
48 10 50 50 50 50 32 26 50 50 48 44 17 50 21 50 30 12 50 15 50 50 8 50 50 24 38 50 50 29 26 50 50 50 8 50 26 50 34 50 18 50 50 50 50 50 16 50 50 50 50 24 33 20 50 50 22 50 50 11 50 29 50 50 50 38 50 50 50 50
7 50 50 50 50 50 50 50 13 50 50 48 44 50 50 50 50 3 1 50 43 50 25 20 1 43 27 27 8 50 50 50 50 4 50 42 20 50 10 50 50 2 2 22 50 2 50 50 50 50 15 50 29 39 50 29 19 39 4 30 28 50 50 50 49 10 11 41 50
38 50 50 12 50 50 35 32 38 40 11 50 25 50 50 50 27 50 32 50 50 50 50 18 7 50 50 25 42 50 25 18 50 50 32 50 17 36 18 25 50 31 50 6 25 1 47 50 50 14 49 50 50 50 10 21 50 50 11 27 50 50 50 50 50 50 50 50
50 50 50 50 50 50 50 46 50 50 50 50 50 50 50 50 50 50 50 32 50 50 50 20 50 50 50 7 50 50 50 50 7 34 50 50 50 14 50 50 6 50 50 50 50 50 50 36 9 50 25 45 23 50 50 37 50 46 3 50 50 50 50 45 20 12 50
42 50 50 50 50 3 50 50 10 50 50 50 42 50 45 50 27 50 13 47 50 21 19 50 24 47 50 50 50 50 32 30 50 50 50 22 24 50 50 50 50 34 15 50 4 0 50 50 50 50 50 3 21 50 44 1 50 50 50 27 50 18 50 37 50 50
50 50 50 23 50 11 50 50 50 50 50 35 50 21 50 17 50 29 50 50 22 33 36 50 1 49 12 20 50 42 50 16 50 50 50 50 48 50 50 50 50 13 50 50 28 50 50 50 9 50 16 45 14 50 16 50 50 32 50 50 50 50 20 50 50
16 50 5 50 0 33 31 33 50 50 15 32 6 50 50 0 50 44 50 50 50 50 50 34 14 24 50 50 0 31 50 31 50 50 50 50 50 50 50 50 50 23 50 33 32 50 40 32 10 50 50 50 31 39 50 33 50 50 49 50 50 50 18 50
50 37 5 1 0 50 50 50 9 50 50 50 50 50 1 50 50 13 22 50 1 32 50 20 50 50 50 2 23 50 50 50 45 31 1 13 50 19 50 50 30 50 50 50 4 50 50 16 7 50 50 26 8 50 33 50 50 26 50 50 50 50 50
50 50 50 50 3 50 30 45 50 50 50 50 12 50 10 50 50 50 50 19 50 47 50 50 50 50 19 25 50 19 31 17 50 13 50 50 50 50 13 36 50 50 35 50 50 50 50 22 50 47 50 50 50 4 24 50 49 46 50 50 50 50
50 50 50 40 50 40 50 50 50 50 50 37 50 50 50 50 50 50 0 50 42 50 48 50 50 50 45 50 50 50 50 47 7 32 38 40 46 33 50 6 25 16 50 34 34 50 50 34 50 49 50 32 50 50 50 48 50 35 50 50 50
50 9 30 19 50 50 37 45 24 2 46 38 11 50 50 50 46 50 44 9 50 42 50 8 50 50 13 50 50 50 50 50 50 26 50 50 50 50 7 50 50 9 50 50 50 50 50 50 46 50 50 50 50 34 47 50 26 50 50 50
9 50 50 50 50 16 10 19 25 35 7 50 50 29 50 50 36 50 13 1 50 8 50 50 49 50 50 50 7 20 50 14 50 44 50 50 50 42 5 30 50 27 50 40 50 3 50 48 17 50 17 50 50 50 18 45 2 50 50
50 36 12 50 50 21 26 50 50 8 14 8 21 5 50 21 50 6 50 50 41 50 50 34 46 42 50 1 40 50 50 50 50 50 34 38 28 50 50 50 33 50 50 40 50 32 50 50 28 50 5 38 50 39 50 45 50 50
50 32 35 35 22 42 18 50 50 45 50 50 44 50 50 39 50 50 50 50 2 27 14 50 50 50 24 50 50 50 50 4 13 9 34 14 35 19 20 50 50 50 40 50 50 50 3 50 3 50 50 28 50 50 11 50 50
50 50 39 50 50 22 42 43 50 50 50 50 35 50 17 50 50 50 31 40 11 50 50 50 42 50 50 45 10 1 36 50 50 50 50 50 50 25 50 50 6 50 50 18 50 23 50 50 50 50 42 50 50 50 50 50
50 50 45 50 17 50 50 15 50 50 32 19 50 33 46 50 0 50 39 4 0 50 48 50 50 50 27 50 50 50 31 50 50 50 50 50 50 41 50 50 50 50 50 18 25 50 45 27 50 50 50 34 50 50 50
50 50 8 50 50 50 12 6 50 50 41 36 50 50 15 50 50 50 46 50 8 44 50 47 50 21 50 50 50 50 50 5 39 50 32 45 35 45 14 42 50 50 50 21 50 38 49 45 15 17 26 38 50 50
42 50 13 50 6 50 50 50 7 50 27 50 37 0 28 50 50 4 50 50 50 50 10 37 50 50 1 50 16 9 33 50 11 50 31 36 50 50 50 50 33 43 50 49 50 13 49 50 35 50 26 18 50
6 21 2 21 5 50 35 50 30 50 34 42 50 50 5 42 50 50 12 50 14 45 24 50 18 50 50 50 50 43 31 31 46 50 50 50 3 50 50 50 50 45 50 50 18 50 50 50 50 50 49 50
50 40 50 4 33 27 1 13 50 50 50 22 28 50 2 50 50 12 5 50 50 22 50 50 48 29 50 25 0 50 50 33 37 50 50 50 50 16 50 40 46 50 18 50 28 38 46 50 43 11 50
50 50 50 40 50 50 50 50 50 50 50 35 50 50 16 11 17 50 24 50 30 17 20 48 50 45 50 41 50 50 26 50 50 50 50 19 50 36 50 50 50 50 8 50 5 46 50 50 50 50
50 50 35 50 50 34 50 50 48 50 50 50 15 39 7 50 50 50 50 36 14 50 50 50 50 6 50 29 49 50 4 38 50 35 50 50 50 2 50 50 35 24 50 3 2 50 50 50 50
50 50 50 50 26 50 50 50 50 50 50 44 11 50 36 12 50 50 50 32 50 38 20 31 50 50 8 50 17 50 50 50 50 38 3 5 50 50 50 50 9 50 50 50 50 50 50 50
34 50 0 13 50 50 0 50 8 11 50 49 30 8 50 39 22 50 27 50 50 50 50 19 50 9 50 38 50 50 50 38 50 50 11 32 10 50 50 50 50 50 28 26 50 37 50
3 50 1 50 20 35 50 50 41 50 50 50 18 39 50 50 50 50 45 50 5 50 50 50 11 50 24 41 50 50 50 28 27 31 50 19 13 34 42 14 50 50 50 50 50 50
50 23 1 50 33 49 37 50 50 50 23 22 50 5 50 50 25 50 50 32 8 45 42 50 50 50 50 50 50 50 50 50 44 50 30 50 50 30 39 18 50 50 50 16 50
50 29 50 8 50 4 50 50 23 16 50 50 33 50 50 15 13 50 50 50 50 19 50 50 50 30 50 36 50 50 43 17 50 31 17 50 50 50 50 50 42 50 50 50
36 47 50 27 50 28 33 25 50 50 50 37 50 50 50 45 50 50 50 14 50 28 50 3 19 9 5 2 50 50 1 50 50 42 50 0 50 50 50 50 50 50 50
50 50 50 50 11 2 32 19 50 50 36 46 20 50 50 50 15 50 1 11 44 50 33 50 27 50 50 47 50 50 50 50 22 50 29 3 50 32 50 50 50 50
9 50 16 31 50 50 5 6 50 11 32 50 17 26 37 50 29 25 40 50 50 50 50 24 32 50 50 21 50 50 50 16 50 50 50 50 50 1 29 10 50
50 50 23 25 50 50 50 50 50 46 50 50 50 8 50 50 15 38 25 4 12 46 50 50 20 50 25 50 32 20 50 13 50 50 28 50 48 40 50 50
50 26 50 18 25 6 24 50 11 21 44 50 0 36 50 31 50 43 50 50 34 50 50 50 50 50 16 50 11 15 50 5 18 50 50 19 50 50 50
50 50 50 8 45 50 35 3 10 50 50 50 50 22 50 27 2 50 50 36 50 8 38 50 11 13 50 50 50 44 11 7 50 1 1 43 8 50
19 50 50 50 50 31 50 17 16 36 39 11 50 50 50 50 35 5 50 50 50 11 50 50 50 0 29 43 10 42 50 50 27 50 50 26 50
20 13 39 14 50 50 24 45 50 25 50 50 50 50 50 37 9 28 50 22 4 26 50 50 50 22 50 50 50 1 48 50 50 50 42 50
45 50 50 50 50 50 26 13 6 29 46 50 18 28 11 25 8 31 50 26 50 45 41 50 50 32 50 50 50 50 11 20 24 50 50
33 50 32 27 48 14 50 46 50 13 50 32 50 50 41 50 50 50 50 50 50 50 30 50 50 50 50 28 0 30 50 49 25 50
50 50 12 49 44 3 50 50 50 44 50 50 34 49 50 2 9 50 38 2 50 44 50 50 30 50 21 50 50 34 50 41 50
50 50 50 50 36 50 44 11 18 50 50 1 50 14 50 50 50 50 37 50 11 50 24 50 43 1 3 50 16 50 50 50
50 41 12 28 32 6 50 50 50 50 50 49 32 50 32 50 50 50 50 50 50 27 17 50 50 50 50 16 50 45 50
50 50 2 25 50 50 50 50 50 50 15 50 50 1 50 50 28 50 48 15 10 29 46 49 50 50 50 1 31 50
13 23 50 50 5 0 50 24 50 36 45 37 50 40 0 50 50 50 50 23 50 50 9 50 5 23 50 50 50
22 35 50 24 50 50 50 50 50 50 31 48 50 50 41 25 34 50 50 50 50 50 50 50 31 50 45 50
28 6 50 50 50 50 50 50 50 50 24 38 9 50 50 47 9 29 50 11 50 8 50 50 7 50 50
50 30 14 50 50 50 15 50 32 50 45 50 50 27 16 50 50 17 50 50 50 50 50 1 50 50
50 33 50 50 50 6 50 50 50 50 50 50 0 50 39 32 1 35 50 50 50 50 50 5 50
50 50 27 50 32 10 0 50 50 50 50 43 10 50 50 48 5 50 4 50 50 50 50 50
50 50 50 50 50 50 15 50 50 13 50 50 14 50 4 50 26 50 50 6 50 50 50
30 50 50 50 6 50 43 8 50 21 47 3 50 50 3 50 12 50 17 50 50 50
50 50 50 50 20 50 50 50 50 50 3 50 50 50 50 50 50 33 50 50 50
18 50 50 37 50 6 50 31 50 50 50 50 50 43 17 18 50 40 3 50
50 50 50 50 50 50 50 19 50 50 17 50 50 50 50 50 50 50 50
41 44 11 50 50 34 50 50 37 44 50 50 50 50 11 9 39 50
50 50 50 3 18 50 21 50 50 7 50 36 18 50 50 50 50
50 50 24 50 50 44 9 50 50 50 50 28 14 21 26 50
50 50 49 50 50 21 5 44 50 50 50 50 50 41 50
12 43 50 50 10 41 15 33 50 14 22 50 27 50
50 50 50 50 1 18 19 4 0 44 39 50 50
50 20 41 35 50 50 50 7 50 24 2 50
50 46 50 50 32 3 50 15 50 12 50
50 50 50 32 41 12 50 50 50 50
40 10 4 13 5 45 6 50 50
17 4 50 50 4 20 3 50
50 50 50 50 48 47 50
35 11 21 50 12 50
50 22 50 0 50
4 1 42 50
41 13 50
50 50
50
