200 50
11 35 50 6 33 25 18 17 33 50 19 22 33 35 7 39 14 33 32 26 31 7 2 5 20 7 13 50 45 15 27 41 1 50 12 24 2 1 10 21 50 3 22 29 38 11 20 9 10 14 14 24 50 50 9 46 44 50 14 30 50 3 47 15 37 27 37 26 5 46 28 31 47 17 44 31 1 20 0 17 20 28 1 38 34 22 23 31 46 50 20 26 50 3 26 3 50 39 34 11 26 1 42 1 43 49 26 16 42 35 30 18 36 18 32 26 16 22 43 15 50 12 11 26 23 33 19 13 23 39 10 25 22 13 0 45 21 42 35 48 13 39 25 5 43 18 12 31 13 2 25 25 26 22 46 50 19 25 43 11 50 44 50 36 50 35 50 40 4 8 50 49 30 45 7 12 0 45 6 47 31 9 38 46 13 46 19 35 8 41 43 27 48 50 50 40 11 36 48 50
50 50 50 11 45 50 25 50 38 47 39 50 50 17 50 50 43 50 39 50 22 50 50 50 50 50 50 50 50 20 50 38 50 50 46 27 29 17 45 31 40 50 8 50 25 50 50 50 40 50 14 32 50 50 7 50 31 25 15 25 50 50 50 50 50 22 50 43 50 22 5 14 50 50 50 50 50 26 50 50 46 50 48 50 50 14 50 27 50 50 24 39 49 39 28 50 50 11 50 50 39 50 11 40 15 36 50 11 32 21 50 4 29 50 50 7 50 50 50 5 13 16 37 33 50 50 50 4 1 0 50 7 27 22 50 29 42 36 50 50 10 50 44 50 18 38 19 35 50 4 25 27 50 26 41 50 50 50 50 34 11 50 50 21 50 50 50 50 13 50 30 15 50 50 39 50 12 40 23 24 50 50 50 47 50 50 36 6 30 2 19 50 50 41 37 22 50 50 50
5 45 50 50 34 50 50 50 50 50 33 28 50 35 0 13 50 36 35 50 50 26 50 50 50 30 50 50 50 22 27 50 41 29 40 19 50 50 50 36 41 50 13 11 2 16 43 41 40 34 50 19 6 12 33 50 50 7 40 50 23 50 28 50 50 50 50 28 48 24 50 15 50 15 33 39 50 14 34 28 17 50 41 36 50 50 31 41 50 18 43 33 50 42 34 13 34 16 15 41 41 50 50 50 5 37 50 20 8 3 2 50 50 9 44 50 40 49 50 50 10 50 28 46 21 41 37 50 50 12 50 50 50 50 50 50 50 50 25 11 50 40 3 35 50 50 27 40 47 9 27 36 22 50 36 50 17 50 50 19 42 33 12 32 45 50 50 47 18 50 47 50 50 50 38 25 50 50 50 50 50 50 50 50 1 50 50 49 28 31 47 0 50 50 50 50 28 50
40 46 50 50 50 50 50 37 28 16 50 31 3 22 10 38 50 50 50 50 23 50 50 50 44 50 30 50 41 46 39 44 50 50 20 50 50 50 50 35 50 50 50 50 22 50 50 24 50 50 29 18 50 26 42 9 34 47 50 34 16 50 50 12 50 0 17 36 50 50 50 50 12 19 15 50 50 50 50 1 50 50 50 25 8 14 50 50 32 41 13 50 44 50 50 50 50 50 41 50 30 50 50 50 50 48 27 11 50 40 50 3 15 50 50 13 50 14 50 50 50 31 50 50 50 48 4 50 50 50 13 43 50 50 50 38 7 50 49 6 50 16 13 29 50 46 50 47 50 38 10 50 50 50 41 32 45 4 50 35 50 14 50 33 50 22 50 40 50 32 29 50 21 29 50 37 50 50 50 50 50 50 50 50 50 50 50 50 50 30 45 50 38 23 50 21 50
34 17 50 41 4 50 46 50 50 9 2 50 8 50 42 50 11 50 50 6 50 10 50 38 45 30 43 28 3 50 50 39 16 50 2 50 0 36 50 50 50 6 9 50 50 50 9 15 38 50 50 32 50 50 25 42 50 50 50 50 50 50 18 50 50 50 18 7 9 50 6 50 50 50 50 28 16 9 50 50 50 50 50 50 50 41 21 42 1 34 27 50 50 5 50 50 50 50 5 50 42 50 47 50 50 19 50 0 50 50 31 24 50 50 50 26 50 50 50 34 33 50 18 50 26 50 50 23 50 50 50 42 50 50 12 34 50 50 13 50 50 50 37 50 50 50 50 50 16 29 50 1 50 48 50 50 12 49 50 34 18 50 6 50 14 50 18 50 9 50 50 50 50 27 50 18 22 10 20 50 50 50 50 18 50 42 44 50 50 50 18 50 50 41 50 50
50 50 48 50 50 50 22 8 50 0 43 50 50 50 50 50 7 49 50 50 16 50 14 50 33 12 50 6 50 0 50 50 23 50 15 25 7 50 19 11 36 50 50 50 32 26 18 50 7 49 50 14 21 50 30 50 10 50 7 42 41 5 35 15 7 50 50 16 34 50 50 1 50 50 50 50 50 11 6 50 50 50 3 50 29 40 50 50 13 21 50 27 50 8 16 4 4 50 50 16 34 50 50 50 16 11 50 30 50 50 37 50 50 37 31 50 27 37 50 16 28 32 50 50 43 35 46 28 50 27 44 50 0 50 22 47 50 30 50 50 50 33 43 20 25 42 27 50 42 50 50 50 9 49 22 50 9 29 50 50 50 45 50 50 50 50 33 50 50 50 50 24 50 15 50 14 25 50 50 50 50 34 50 50 50 50 17 27 13 50 33 50 50 50 50
21 50 42 50 5 50 24 14 50 24 48 50 50 43 50 24 46 50 6 36 4 49 50 50 50 50 8 50 50 33 16 29 50 0 50 35 12 50 50 5 38 32 32 18 26 50 50 50 41 50 50 50 44 50 50 13 50 8 50 50 50 50 5 50 3 45 50 6 13 50 20 50 50 50 50 40 50 15 50 37 18 50 50 50 28 11 24 6 50 50 22 50 50 50 50 50 50 11 39 50 50 50 45 25 8 38 19 20 42 34 50 47 2 50 50 50 17 3 3 49 50 31 50 50 50 3 17 13 50 50 10 50 50 50 2 50 50 2 7 21 6 50 50 24 50 50 31 50 38 32 37 50 50 1 50 50 23 50 48 5 50 27 24 18 44 1 35 25 50 29 50 12 49 45 9 50 50 31 50 50 50 11 3 50 50 50 13 50 50 25 20 50 50 50
50 21 50 50 11 50 50 4 12 2 50 20 50 1 21 11 50 50 27 28 50 50 50 12 45 34 50 50 50 50 50 50 50 35 50 43 40 48 22 50 50 50 10 32 44 8 42 50 28 16 50 30 2 45 50 50 2 50 21 50 36 43 7 50 49 50 50 2 6 12 50 50 42 50 13 50 50 35 50 50 19 2 50 3 9 39 50 19 35 50 50 3 30 50 50 48 50 50 50 50 50 50 4 19 17 20 50 50 9 50 35 36 12 50 50 50 50 49 50 4 50 41 50 30 28 34 50 25 50 4 50 18 50 28 0 38 37 12 23 9 26 25 50 47 50 32 50 50 50 14 1 50 50 50 50 15 19 50 33 50 43 46 12 21 50 7 50 3 24 45 19 18 50 21 17 9 20 50 50 50 18 49 50 47 9 31 5 0 27 50 33 19 50
50 50 38 25 50 32 50 50 22 50 45 13 5 15 44 50 7 20 17 50 2 50 31 4 28 8 9 32 44 50 50 50 9 18 50 37 4 50 50 50 50 7 48 21 1 50 50 24 42 22 50 50 50 40 50 50 8 43 50 50 50 50 50 50 50 45 50 0 9 50 30 50 10 11 3 50 50 50 30 50 50 50 50 50 36 50 35 24 17 50 29 50 10 38 50 50 10 47 50 46 50 50 46 50 50 50 49 27 40 18 50 50 50 50 50 50 50 4 32 50 50 27 50 29 24 23 3 50 4 50 50 50 14 25 7 50 42 22 50 31 10 50 50 50 50 50 50 13 50 50 50 25 33 50 39 50 22 50 50 12 50 23 50 50 43 26 50 50 44 50 11 6 50 13 50 13 50 9 14 50 24 4 50 50 50 28 50 50 25 50 50 50
50 43 50 16 50 50 19 50 36 38 32 23 50 50 50 50 9 50 31 34 47 15 39 30 44 24 50 50 47 28 24 50 50 32 50 50 50 50 39 50 50 30 50 26 11 50 50 25 50 50 27 50 26 50 24 50 24 9 50 14 50 50 5 50 50 22 7 50 50 50 24 33 37 40 50 50 50 50 50 49 33 50 50 2 20 50 0 50 50 6 48 1 15 18 50 50 50 19 19 50 1 50 46 50 50 49 50 11 50 50 23 50 48 12 39 50 50 40 50 50 28 50 50 44 2 9 50 50 10 28 12 50 50 13 50 42 14 50 29 46 11 11 27 5 19 45 50 50 24 50 44 1 50 26 50 8 50 19 48 50 50 33 50 50 50 50 23 17 50 50 41 43 28 35 42 50 50 50 50 4 28 14 50 33 43 50 5 19 33 50 50
30 50 50 7 50 34 50 50 50 14 49 6 1 16 50 50 50 5 50 50 4 47 6 15 13 36 0 50 50 44 18 12 50 50 41 31 50 42 50 36 50 50 17 27 13 50 3 12 50 33 28 3 10 21 50 33 50 50 50 23 50 48 50 17 21 30 19 50 4 36 50 23 50 50 38 50 45 50 6 35 32 10 50 50 15 50 4 50 50 22 50 50 50 50 50 50 50 34 50 39 50 32 50 50 50 50 50 31 5 31 40 25 34 35 31 50 4 50 6 50 50 50 50 12 9 50 38 41 50 26 50 50 5 50 50 50 17 31 44 24 11 3 36 25 37 43 50 50 31 22 20 50 50 22 40 50 14 50 45 50 33 2 50 50 50 46 3 50 50 29 18 50 3 50 50 32 1 50 50 50 7 50 38 21 29 50 50 50 0 50
22 50 50 50 42 50 50 50 50 50 50 50 46 14 36 41 22 50 1 47 17 50 22 5 47 50 50 30 23 50 50 50 1 50 50 10 2 50 21 50 28 50 8 8 35 3 24 50 50 18 44 8 50 29 50 50 34 50 36 24 50 50 50 24 50 50 5 50 50 50 50 50 50 22 50 50 50 5 4 1 13 50 50 26 31 24 27 50 50 50 24 29 23 50 50 42 48 50 8 26 25 50 9 50 29 26 0 50 50 50 50 2 50 50 5 50 50 23 45 32 31 50 35 50 40 45 32 50 20 24 50 47 22 7 50 50 50 50 39 15 46 34 4 19 44 50 26 50 19 50 50 37 50 50 19 50 26 36 50 49 50 31 45 50 50 50 31 50 46 50 22 50 50 21 50 50 50 6 11 22 50 24 50 7 33 50 50 19 50
35 50 50 46 24 40 50 23 50 48 8 38 7 1 50 50 50 15 11 33 50 50 50 50 50 50 49 17 47 50 29 50 41 50 28 12 50 34 50 20 17 30 34 50 50 50 50 50 5 50 50 32 1 31 27 50 0 34 36 50 50 9 44 50 50 15 50 50 50 9 1 50 48 14 50 27 50 37 0 24 50 36 33 40 44 50 42 50 50 50 26 50 50 15 50 50 50 28 50 50 3 49 8 33 50 23 50 4 50 50 50 16 50 50 18 43 50 50 19 50 50 50 50 50 34 42 19 46 5 26 50 50 47 26 50 50 22 8 50 13 29 29 32 50 50 50 10 35 50 50 50 9 50 50 24 50 6 50 5 44 50 31 8 50 50 50 24 50 45 19 4 50 50 50 41 50 29 50 50 17 50 50 50 50 50 50 21 50
50 2 50 50 34 48 50 50 49 46 16 22 50 50 48 50 50 36 12 50 32 15 23 50 50 20 50 50 3 9 24 50 7 45 9 50 3 50 50 16 15 50 50 50 2 19 7 50 50 24 15 50 16 50 50 17 26 19 50 32 31 50 50 39 50 16 3 50 49 50 26 40 50 23 16 50 50 50 45 48 28 9 50 33 0 50 38 17 50 3 50 50 50 50 50 10 50 29 50 3 50 15 18 32 50 22 9 33 37 42 26 5 50 9 6 50 4 50 50 47 50 49 50 4 26 50 44 49 10 23 33 15 15 30 50 38 50 11 50 41 25 50 50 48 3 50 38 50 50 15 50 41 50 50 43 38 17 47 50 26 50 50 50 48 50 1 50 18 50 50 50 50 27 48 23 6 50 21 21 50 34 50 50 50 29 50 50
50 42 50 0 50 38 9 50 50 33 15 50 50 50 50 50 50 50 36 50 50 18 1 35 50 42 50 30 42 50 6 50 18 50 47 26 32 50 37 17 43 50 50 8 41 24 50 28 32 50 27 48 50 11 41 50 22 35 50 50 23 50 4 50 31 50 50 50 46 50 50 50 50 8 22 50 50 16 12 48 50 50 5 18 6 11 50 43 50 3 25 50 3 47 43 33 50 50 50 2 50 19 50 44 3 40 6 12 50 49 6 50 50 50 35 50 21 50 31 23 50 50 50 29 5 23 37 46 16 27 50 50 3 50 32 50 8 22 8 35 50 50 39 50 50 50 43 8 8 50 50 14 50 50 50 10 50 10 31 45 49 50 50 5 22 36 20 50 50 5 50 50 50 50 12 35 35 50 50 50 50 8 50 23 50 50
50 43 35 50 25 34 50 50 42 24 49 13 30 40 46 50 50 50 50 50 13 50 50 50 50 50 2 22 50 50 0 50 9 23 12 50 7 27 50 10 13 48 13 12 47 4 50 35 4 50 47 25 2 8 50 13 5 4 26 46 50 50 4 43 4 50 40 42 21 9 28 8 15 50 4 50 38 50 14 50 32 18 50 37 50 50 35 24 50 50 50 7 50 50 50 50 50 5 13 21 50 50 46 50 50 11 41 10 26 29 50 30 49 49 0 13 50 14 50 23 22 50 5 50 4 50 50 13 5 4 50 50 33 50 50 50 50 4 17 1 50 50 46 6 12 36 4 50 19 50 12 12 11 50 50 50 50 50 50 20 16 50 49 50 20 2 50 7 39 0 13 50 20 4 39 24 5 6 46 16 10 50 26 38 50
50 50 12 50 50 38 50 48 43 50 50 50 37 50 33 7 7 6 12 50 48 50 27 27 50 42 50 50 49 20 35 8 50 26 50 28 34 35 45 50 50 50 50 50 50 9 21 33 2 50 38 34 31 10 50 50 50 29 3 34 7 31 50 50 11 17 11 50 50 50 3 50 50 50 50 43 20 17 4 26 50 5 50 50 49 33 21 38 35 32 46 50 40 50 32 50 50 25 32 32 5 50 50 15 50 50 42 16 0 33 16 15 23 50 32 50 49 50 41 50 50 50 50 12 44 50 32 29 45 50 36 31 50 46 24 0 50 50 23 13 14 50 15 40 17 50 30 31 50 50 50 50 50 16 50 34 32 25 21 38 34 42 43 2 18 45 5 50 5 50 50 22 50 33 47 1 27 50 25 35 50 50 21 50
14 44 8 50 36 46 6 24 2 41 23 36 50 46 50 8 50 49 24 2 9 50 50 50 8 50 50 50 14 4 50 50 50 50 3 50 21 50 50 15 50 50 50 50 50 47 50 18 50 3 50 27 50 50 50 50 28 50 50 50 6 25 50 15 50 10 50 6 22 14 50 31 50 50 39 6 2 14 47 21 50 24 7 50 41 16 17 29 39 5 50 50 15 50 42 50 45 50 45 44 50 33 50 50 2 26 23 50 50 37 50 36 50 50 34 50 50 50 50 50 13 50 38 2 50 6 50 50 50 50 22 21 50 50 21 50 16 50 30 50 14 50 20 50 36 50 50 47 26 50 50 20 12 34 40 50 50 50 49 50 32 46 9 42 50 35 9 19 3 1 50 50 50 50 50 33 20 50 19 50 6 17 50
36 0 12 17 41 36 39 50 13 4 50 50 11 50 50 50 50 35 16 50 50 50 30 50 6 10 50 24 50 30 50 5 49 48 50 50 38 50 8 50 42 48 50 49 48 0 48 50 50 3 29 13 40 50 21 50 11 50 50 33 50 24 5 14 28 11 50 50 33 44 20 10 50 50 50 50 50 2 42 45 33 35 50 10 39 19 27 50 10 21 50 25 50 50 8 50 50 21 10 4 50 50 50 13 50 50 50 49 50 50 21 50 18 50 3 50 50 38 34 50 35 50 50 45 50 27 18 50 50 50 33 22 41 50 26 41 14 50 50 50 39 50 46 24 50 2 3 50 8 5 32 50 50 50 50 35 18 1 41 5 15 10 50 50 10 40 50 50 40 18 33 27 38 50 17 8 31 50 50 13 48 50
50 11 3 43 50 50 50 30 21 45 50 50 50 50 42 50 50 50 50 3 50 50 50 50 50 41 50 50 50 34 0 4 7 50 11 50 0 23 10 50 31 50 50 23 45 9 50 31 50 27 50 50 3 48 39 23 12 50 10 45 1 50 43 50 50 50 41 19 31 3 37 30 50 50 49 20 19 25 4 5 50 48 50 50 46 11 50 41 50 50 50 35 1 50 11 24 50 50 29 12 50 50 50 16 46 50 50 3 50 50 50 50 50 50 47 23 7 4 50 30 50 50 8 40 50 50 15 50 19 32 46 50 50 50 50 38 50 50 37 50 14 9 50 2 50 50 50 18 50 50 29 50 50 34 50 45 50 50 12 50 38 22 26 50 24 14 33 50 50 15 50 50 18 50 38 50 50 3 6 50 50
43 50 41 50 50 50 50 50 50 50 39 50 50 50 26 9 38 18 16 48 26 50 26 50 9 14 26 3 50 50 31 0 40 39 48 50 50 50 13 50 50 50 38 29 37 17 15 50 9 5 50 50 16 50 14 46 38 50 25 50 47 50 4 50 49 50 27 50 24 11 50 50 22 0 9 2 50 39 50 33 50 41 42 0 47 50 50 44 33 41 50 50 50 50 50 1 0 5 0 50 50 24 14 50 50 50 50 21 50 28 50 50 10 6 50 50 19 50 50 21 50 50 24 9 26 45 21 29 13 50 25 50 45 25 50 19 50 0 50 50 35 13 50 50 50 49 7 17 40 31 9 24 50 34 50 50 14 21 50 50 50 50 30 39 50 43 1 42 20 12 26 50 50 50 50 50 5 36 16 50
23 50 40 20 39 50 50 50 50 47 7 50 36 50 50 50 1 50 50 16 30 20 50 8 50 50 45 11 36 8 25 50 50 50 50 50 50 50 50 30 32 50 50 25 50 50 50 3 50 2 50 46 22 49 29 2 28 50 50 50 50 50 50 20 33 1 21 24 50 32 50 50 50 50 50 50 23 50 26 50 23 50 50 50 50 45 13 50 50 50 0 19 50 34 41 44 50 4 5 48 15 13 50 17 34 50 50 2 42 8 32 50 50 50 50 18 10 50 50 33 50 13 1 50 11 50 50 50 50 49 28 31 49 8 20 37 50 42 50 13 32 44 27 50 25 50 28 50 6 17 50 50 5 50 2 11 50 30 50 50 32 32 50 50 30 50 13 50 4 12 35 50 20 50 38 50 50 14 50
50 18 50 50 39 19 37 37 15 25 50 50 50 38 23 50 50 37 48 50 50 36 50 29 50 50 2 36 28 50 3 50 50 50 33 3 15 50 32 50 50 14 43 50 35 46 50 20 50 28 46 19 39 41 47 20 50 50 50 6 50 50 16 50 50 28 9 15 50 33 50 50 50 50 50 37 2 16 42 50 10 36 50 50 50 50 40 10 50 50 22 50 30 25 27 43 50 26 34 50 50 28 31 9 36 50 23 5 50 13 44 38 50 30 50 11 50 12 50 50 28 48 50 50 1 50 50 32 50 50 7 2 35 43 8 50 0 35 30 50 7 36 36 5 50 37 50 50 20 50 9 12 37 50 50 50 50 50 23 50 50 50 38 27 4 17 20 50 50 50 50 50 4 50 50 45 50 50
12 26 50 21 50 0 50 50 22 50 50 12 22 20 5 50 32 24 12 28 29 50 16 10 12 50 18 37 50 0 27 50 50 44 50 29 6 36 50 50 50 50 37 50 47 50 27 16 49 50 3 50 50 2 45 6 50 22 49 25 50 50 50 21 50 46 50 4 42 50 50 39 47 50 38 50 47 50 50 50 17 50 50 15 19 9 50 50 50 50 12 50 16 50 50 50 14 50 36 50 12 50 31 23 50 50 2 25 35 50 50 50 31 24 29 50 50 50 50 50 31 2 50 50 50 33 50 10 41 7 50 50 50 50 50 36 7 34 6 13 50 1 50 50 50 2 50 50 49 50 50 36 50 50 49 50 50 48 10 50 50 50 5 50 50 50 50 50 50 30 31 50 40 12 50 50 50
36 21 42 50 10 44 10 12 19 50 50 20 27 50 50 50 50 50 15 50 50 19 50 9 50 41 50 50 1 50 50 50 4 50 50 50 5 16 14 36 26 50 35 50 50 5 50 50 17 50 3 36 19 50 50 5 50 5 50 50 50 50 50 0 4 50 50 23 22 50 1 2 50 50 24 13 42 25 50 47 50 39 49 42 23 50 50 12 50 11 50 50 50 31 50 50 16 50 50 38 50 3 1 50 30 28 50 50 18 1 50 11 12 50 50 50 40 19 5 45 50 45 50 34 19 50 50 49 8 9 19 36 50 42 32 24 26 50 50 50 50 50 50 37 50 50 50 18 50 42 6 28 50 5 42 50 50 50 26 50 50 50 50 39 50 47 30 50 50 50 14 50 50 15 50 50
12 50 50 27 50 44 50 50 50 50 30 50 50 9 50 50 50 39 50 15 39 29 50 50 50 41 50 47 50 2 17 33 50 50 46 50 50 50 50 50 50 1 24 50 50 13 20 39 50 50 50 36 25 23 50 50 50 43 41 10 34 23 1 50 50 21 21 50 50 20 50 50 47 50 9 44 46 50 50 50 36 30 49 41 11 50 8 37 16 25 50 50 50 50 50 50 50 11 15 11 13 32 50 12 26 50 3 4 5 50 50 10 10 50 25 11 50 50 42 30 8 50 40 50 46 50 50 50 50 3 40 50 50 50 50 31 45 20 36 16 50 11 18 50 50 50 46 29 23 50 42 38 19 2 50 9 50 36 25 50 40 37 50 50 50 0 48 12 2 50 50 50 5 14 50
36 50 50 50 20 40 50 50 25 44 21 50 50 5 50 20 50 50 50 26 50 47 4 28 50 50 50 18 50 6 50 50 50 32 50 50 33 50 39 47 24 32 50 50 27 50 50 50 50 50 50 17 50 13 50 50 2 50 6 20 32 36 13 50 47 50 37 43 50 13 34 50 32 46 23 39 41 50 50 50 50 30 7 45 50 15 35 32 50 44 50 41 44 29 21 48 50 50 42 43 50 14 50 50 50 50 28 11 25 50 35 50 20 6 13 3 45 50 50 20 31 35 22 27 8 34 50 50 50 46 19 50 50 50 50 50 43 43 50 41 50 50 50 50 50 50 50 2 50 0 30 50 50 16 50 47 50 50 27 50 33 7 50 50 50 50 50 47 50 50 48 47 40 50
50 4 34 50 11 50 9 44 50 4 14 18 2 11 1 50 50 50 14 37 18 2 11 25 27 9 50 50 50 44 44 47 50 50 48 50 17 50 15 41 50 7 50 50 37 30 50 50 22 8 50 50 50 50 50 50 50 32 44 50 13 50 50 50 50 50 22 35 42 34 0 15 18 31 50 50 11 44 4 2 44 50 50 50 43 16 10 20 28 50 8 19 50 50 50 50 50 40 50 26 45 8 45 50 50 1 4 50 44 50 23 50 9 24 33 30 50 47 50 50 50 50 3 50 43 3 44 50 50 46 50 50 50 50 40 49 21 17 50 10 50 43 8 50 5 40 36 50 43 25 47 50 15 41 38 50 50 50 16 10 41 41 1 29 13 50 20 6 2 50 50 12 50
50 22 12 45 50 50 38 42 50 50 50 50 38 25 50 50 21 10 37 36 43 14 50 20 50 50 42 50 9 18 50 50 18 50 34 27 50 50 30 18 29 50 50 50 50 47 1 33 26 50 4 3 50 50 31 50 8 50 33 16 50 50 24 50 33 50 50 50 22 50 9 2 50 8 50 50 50 50 37 50 50 50 50 50 32 50 31 38 50 38 50 32 32 23 49 50 28 50 35 50 32 7 4 50 10 50 47 23 50 50 0 50 39 44 13 50 50 50 50 9 49 50 50 20 25 40 28 30 31 26 50 15 50 2 50 50 38 50 50 50 50 50 6 50 46 50 50 50 16 46 50 50 50 50 18 11 37 46 46 18 10 50 50 41 50 50 50 50 50 50 14 50
50 45 50 50 10 50 50 19 50 3 40 2 17 38 50 42 50 8 18 50 25 50 50 20 50 10 41 50 9 38 50 12 17 50 50 50 50 44 15 50 39 7 50 50 50 24 50 50 6 49 50 50 48 50 50 12 50 50 50 50 50 50 50 19 19 50 50 2 36 26 50 50 12 50 50 50 31 17 28 1 44 50 47 50 33 50 2 46 23 50 50 50 45 28 34 50 27 50 50 50 50 20 50 50 50 50 13 50 50 35 50 50 50 50 50 21 50 50 32 50 10 23 50 50 43 32 50 50 50 10 5 50 45 50 50 49 50 50 40 3 50 50 43 50 1 38 25 50 50 50 14 45 50 50 50 32 36 27 36 50 29 36 50 28 19 11 50 50 50 5 50
39 16 50 31 50 49 50 5 1 50 18 27 50 50 18 50 20 50 8 50 50 50 50 50 11 3 17 50 15 30 50 50 50 2 17 50 48 48 50 12 36 29 50 6 50 50 50 50 15 25 50 44 50 36 50 29 38 50 26 3 50 50 21 50 50 35 13 50 8 50 36 50 30 50 8 38 50 22 48 50 15 50 11 0 50 50 50 50 41 43 1 50 30 50 50 30 19 50 9 19 8 50 19 50 50 50 50 50 50 48 45 50 50 41 40 27 50 50 11 50 7 32 25 8 30 41 50 50 33 50 24 50 50 8 50 50 32 50 10 50 3 50 50 50 8 50 50 6 48 36 10 19 50 19 50 14 3 21 31 27 50 4 8 50 45 36 50 42 50 50
50 28 14 50 19 50 50 50 50 12 34 8 50 50 50 50 27 36 50 50 50 48 36 23 48 50 21 11 50 50 50 2 50 0 50 50 33 50 25 50 50 3 0 50 48 50 48 13 50 50 44 45 48 13 50 50 50 44 50 23 41 16 50 50 50 50 44 3 50 6 50 9 18 35 30 48 3 50 50 50 4 50 50 50 27 50 8 23 50 50 40 29 40 1 50 50 50 50 50 50 27 44 2 50 22 50 50 50 50 1 49 50 27 6 50 20 17 50 39 2 50 13 24 50 50 37 21 50 50 50 44 50 6 50 36 50 50 50 25 50 50 50 26 26 14 50 50 5 50 50 5 42 38 32 50 24 50 50 26 50 13 50 50 50 50 50 43 36 50
39 34 13 21 50 34 50 50 50 50 13 2 2 5 50 5 50 29 35 27 17 50 50 9 13 49 50 50 42 50 50 50 1 50 0 28 46 50 6 23 2 40 50 17 50 27 6 50 19 48 50 50 50 16 15 39 39 18 50 50 50 10 31 50 26 50 44 39 21 34 16 50 50 50 50 29 42 50 50 50 25 32 13 42 12 13 50 50 38 42 50 50 39 20 6 50 50 50 50 50 38 13 50 4 47 13 50 50 0 50 47 13 42 50 50 50 50 25 50 10 31 50 7 50 50 32 50 35 50 50 50 50 42 30 50 50 50 50 23 50 50 36 42 50 50 26 50 8 50 49 7 50 50 18 50 14 24 50 50 50 50 50 50 50 50 50 50 50
50 50 1 50 50 37 5 20 50 50 50 2 50 50 50 49 50 1 50 50 19 50 50 19 19 21 50 50 50 50 50 43 50 50 41 32 50 17 50 50 37 11 50 2 47 0 3 13 50 19 50 1 46 50 2 50 50 1 21 24 50 43 6 50 44 37 50 50 50 50 50 50 50 50 6 34 4 30 34 50 19 50 49 50 9 8 46 50 37 50 17 50 50 44 33 50 40 50 37 6 50 35 50 45 50 50 50 14 9 50 5 50 50 49 50 23 50 50 31 50 50 16 29 48 29 15 0 0 10 25 50 37 50 50 10 27 50 42 28 50 50 50 50 30 2 6 50 50 29 50 50 50 50 50 43 37 50 8 49 50 50 48 26 12 50 50 50
50 19 12 50 19 49 50 50 9 50 50 50 39 50 50 50 50 50 50 16 47 33 50 50 50 50 28 50 38 50 10 50 50 11 50 33 35 6 50 24 50 50 24 23 40 20 50 50 50 40 50 10 41 50 29 50 50 50 34 50 38 3 50 39 10 50 50 24 50 21 50 32 50 46 20 50 37 5 50 26 14 14 50 18 14 50 50 50 50 50 50 14 50 29 35 1 41 19 0 50 50 50 50 14 23 20 50 50 26 50 44 50 50 31 50 50 43 6 50 45 50 50 50 50 50 28 50 37 2 50 41 50 4 32 13 34 14 7 17 23 6 3 50 24 45 7 50 48 29 27 50 50 19 50 50 14 50 30 33 33 19 50 50 50 50 50
50 40 50 4 35 30 7 50 50 31 50 50 44 2 10 50 10 26 50 50 50 50 50 50 23 50 50 50 38 5 28 50 23 50 50 50 50 50 50 50 10 37 26 45 50 50 50 20 3 1 50 50 50 50 17 50 7 50 9 27 12 14 50 35 41 50 12 50 40 15 50 50 14 50 50 8 14 41 37 50 30 50 7 50 50 50 32 38 36 50 50 50 24 50 22 12 30 13 28 35 6 50 7 50 29 19 42 10 33 50 50 43 50 50 11 50 19 37 50 50 50 30 50 35 50 50 50 10 18 50 34 21 50 50 50 50 50 23 17 50 50 50 46 50 3 46 35 40 30 16 50 50 35 50 50 28 50 34 18 15 50 42 50 32 50
50 43 49 50 50 37 30 30 38 50 50 37 50 50 27 50 24 50 1 37 35 42 50 30 23 25 50 24 43 50 50 28 5 50 15 20 50 50 50 50 50 50 16 10 50 1 14 50 32 43 38 50 31 50 35 20 50 2 50 45 50 12 4 50 50 24 15 18 50 26 50 17 50 9 40 50 33 50 50 23 50 36 50 50 11 23 50 50 2 20 26 50 50 24 50 1 50 50 50 50 46 37 50 50 50 17 24 50 43 7 33 34 50 46 50 24 50 25 1 50 32 13 18 46 50 50 39 10 34 50 45 50 50 50 30 15 43 4 2 50 50 43 25 50 19 27 50 39 50 50 2 50 43 0 37 39 41 17 50 50 23 6 50 50
50 46 50 50 50 50 50 28 50 50 37 27 4 50 47 46 21 50 24 50 9 32 13 45 50 50 27 50 50 50 50 50 14 50 50 50 50 26 8 50 50 28 14 41 50 50 16 9 1 50 50 7 50 50 50 35 43 50 1 50 12 14 50 5 50 20 50 39 27 50 20 50 50 22 42 39 21 31 42 50 33 1 0 50 50 1 50 50 50 50 50 50 20 50 50 27 9 50 18 37 25 50 6 11 50 50 16 50 25 50 50 34 50 2 50 25 50 50 50 50 44 50 50 50 14 50 29 17 50 5 50 45 30 10 50 50 50 5 15 50 50 50 40 50 7 50 22 35 10 10 49 40 50 29 50 50 20 50 30 44 29 12 50
40 7 50 50 50 25 50 20 50 50 3 44 27 17 1 28 15 1 50 50 50 50 39 35 50 50 50 3 50 24 26 50 13 44 47 47 33 50 50 50 21 50 6 16 27 39 28 31 20 17 4 50 50 46 49 50 22 3 50 22 42 50 22 5 27 23 50 47 50 50 50 50 7 32 50 8 50 10 50 1 50 26 50 50 32 2 27 46 50 50 50 38 18 0 50 50 9 41 20 31 9 50 50 45 50 50 50 30 50 50 8 37 50 50 47 5 50 37 16 50 50 50 50 50 50 50 49 48 6 50 50 50 29 2 44 12 13 50 50 50 27 50 50 50 35 32 8 38 11 44 2 9 50 50 50 44 6 3 50 50 43 50
15 50 9 45 33 50 50 50 39 50 50 50 28 14 50 50 48 50 50 34 50 46 3 42 46 20 30 50 50 32 13 49 50 50 12 50 26 13 41 3 50 14 50 50 50 4 50 36 50 17 50 50 8 50 28 50 50 50 9 24 50 50 50 43 50 50 23 50 41 50 50 32 50 50 50 50 3 50 50 50 11 50 50 0 19 24 50 0 35 14 41 50 18 46 23 7 49 50 28 24 50 50 50 50 28 50 18 50 18 22 50 3 29 17 50 50 50 50 50 45 50 50 5 0 50 29 50 41 6 17 44 33 50 50 50 31 50 35 28 40 50 22 47 28 50 25 50 33 50 50 50 35 38 50 39 50 29 11 50 42 50
36 49 50 3 50 40 50 50 50 50 7 2 14 50 27 50 50 50 50 3 29 50 20 50 46 46 50 50 36 32 23 50 19 50 50 4 50 15 5 23 50 29 9 20 18 50 34 50 7 20 50 50 50 50 50 15 50 28 50 7 23 12 6 50 21 0 50 50 49 21 50 48 50 23 50 50 50 17 15 50 50 15 21 43 28 50 10 50 44 50 50 50 50 6 41 8 50 30 50 50 44 50 29 9 7 13 50 50 50 41 50 48 40 40 12 18 25 50 47 50 37 10 38 44 4 16 33 31 50 1 50 36 26 38 7 7 0 49 50 50 50 50 45 50 38 22 50 10 50 50 50 50 50 50 50 50 6 11 50 50
39 50 32 50 50 41 44 19 50 50 13 50 50 50 7 1 50 33 50 50 37 3 50 50 42 50 50 24 46 34 20 40 31 50 50 50 50 39 50 50 13 41 50 50 38 13 17 50 45 38 50 6 50 50 50 50 3 20 33 9 21 39 43 50 24 33 32 14 6 50 41 50 50 5 6 10 24 50 50 49 50 50 29 19 6 13 50 50 28 22 3 50 50 50 50 31 20 42 50 50 50 50 23 50 18 50 50 50 50 8 4 50 50 16 50 29 15 50 41 38 50 50 50 50 50 50 50 50 50 50 3 32 50 46 50 50 50 13 29 3 18 17 2 50 50 50 50 50 50 50 50 50 50 33 33 50 50 50 50
15 28 50 50 50 50 50 50 50 15 50 33 4 50 41 50 50 50 50 7 42 50 43 29 29 50 2 35 50 10 50 50 50 40 44 50 50 13 2 26 22 32 50 50 50 38 14 50 2 50 41 44 18 50 50 11 3 50 5 50 7 50 50 50 4 50 42 50 35 2 50 45 50 50 50 2 50 50 50 48 26 34 29 50 50 46 50 50 50 3 6 50 50 12 40 47 41 0 27 7 50 50 38 35 24 14 14 2 50 50 50 50 19 47 34 17 24 45 31 45 11 50 19 50 25 40 50 41 50 48 50 50 10 50 42 7 50 50 50 50 19 50 42 50 35 18 21 50 11 50 50 50 50 43 42 50 50 50
19 26 50 50 50 16 50 26 34 20 6 47 22 1 50 50 50 13 50 50 15 50 37 50 31 7 50 22 9 45 32 14 49 50 2 18 23 50 50 11 36 38 50 50 38 50 24 15 50 50 8 48 50 50 50 26 50 18 7 50 50 46 50 7 3 40 35 50 50 50 50 45 43 50 50 50 50 50 20 37 8 36 50 26 50 50 50 50 50 50 50 50 50 50 5 50 26 50 1 50 3 50 30 46 6 5 27 50 24 50 46 37 50 50 50 50 50 50 50 37 50 50 50 20 50 50 1 25 50 50 44 20 17 15 50 50 15 35 50 28 0 9 50 15 26 50 50 40 34 21 50 25 50 50 10 2 50
50 30 39 10 7 19 50 50 30 50 31 50 22 40 13 38 50 17 21 49 48 50 50 50 50 50 50 28 50 18 50 50 50 36 50 50 23 9 47 50 50 50 50 10 12 4 34 50 50 31 31 50 6 50 50 50 50 34 50 23 29 50 50 50 50 19 39 40 35 34 50 31 50 29 32 50 50 41 43 25 32 50 50 50 50 44 50 50 32 34 50 14 16 8 15 50 11 50 50 50 50 5 50 50 50 50 50 40 39 50 50 50 40 50 50 19 19 44 50 14 37 16 50 47 50 50 50 0 43 26 8 26 50 45 47 50 27 1 44 50 50 19 42 32 18 31 50 28 50 50 50 46 50 44 22 50
5 50 50 50 50 50 27 50 50 24 21 50 50 6 41 45 50 14 28 25 16 50 50 29 50 23 39 31 50 37 28 33 50 50 15 46 35 33 5 24 30 26 50 50 50 50 50 50 38 16 50 50 19 50 50 7 43 10 50 50 50 17 32 50 7 30 50 50 22 19 38 10 44 46 50 50 50 50 50 50 21 39 50 1 50 31 50 50 50 50 36 50 11 50 50 50 50 39 50 50 50 34 50 50 50 22 50 50 15 50 39 50 41 50 50 50 50 50 50 40 47 47 50 50 50 11 14 50 50 21 3 36 37 50 50 50 50 36 50 50 11 50 42 19 0 12 26 50 36 36 50 50 50 50 50
50 4 25 50 21 50 50 11 50 50 50 42 37 49 50 50 2 25 50 50 26 50 32 50 35 50 50 48 27 50 21 14 50 19 48 50 33 50 20 50 5 43 44 6 37 34 50 50 50 50 50 50 50 47 1 50 26 36 23 50 41 50 5 18 48 50 50 50 50 50 31 50 43 50 17 50 28 50 29 50 43 50 50 40 43 50 18 40 14 50 25 50 50 50 14 22 22 45 31 13 37 50 8 29 15 50 50 50 9 50 49 50 50 50 50 50 50 38 50 50 15 50 50 50 50 20 50 50 50 50 50 50 28 50 30 50 50 50 50 50 50 30 12 50 14 2 36 50 50 3 50 43 20 50
9 50 47 50 50 50 50 18 50 46 50 50 50 50 5 34 29 50 4 20 29 50 0 50 36 43 50 50 28 18 50 20 20 50 43 15 50 43 50 33 50 43 50 6 50 50 50 24 50 50 21 34 50 39 50 19 50 50 50 50 48 50 50 50 30 50 41 13 50 50 11 21 31 23 50 50 3 49 50 50 50 50 22 50 38 21 17 9 50 50 50 27 50 20 50 50 4 50 46 26 50 36 50 17 50 40 50 50 36 8 39 50 50 6 50 42 44 50 7 50 24 50 50 50 50 12 50 50 50 1 29 16 50 23 50 50 28 17 48 25 50 0 29 50 24 5 5 15 20 7 16 50 50
50 50 50 37 1 50 46 50 50 41 4 29 3 39 47 50 41 12 42 50 17 18 43 50 50 50 16 49 35 50 42 17 3 24 50 50 50 50 50 20 21 50 44 9 40 11 50 28 50 9 19 38 37 6 50 50 0 50 50 50 50 0 50 13 2 39 50 42 37 23 7 50 50 19 15 50 50 50 31 50 50 39 50 17 50 4 25 46 50 1 50 50 50 50 47 50 50 1 50 50 50 50 47 34 27 50 50 50 50 50 22 19 50 36 17 39 50 50 50 0 50 50 37 35 50 27 50 11 48 14 50 49 50 50 41 8 50 50 50 50 50 23 43 0 33 50 21 50 4 50 29 50
50 31 50 41 15 19 50 22 50 50 10 50 30 50 50 7 20 35 50 50 32 41 5 50 37 50 50 21 44 33 50 4 50 50 48 43 32 50 24 28 10 50 26 9 50 4 12 4 49 50 50 10 2 50 50 17 40 50 26 12 50 50 50 46 50 50 2 4 1 50 50 50 32 50 33 50 50 2 50 50 9 50 6 38 22 2 50 50 50 50 24 45 50 13 50 50 50 0 50 50 50 38 50 2 20 16 50 10 50 40 50 41 49 18 50 8 24 2 47 50 50 14 10 50 50 50 50 21 22 50 7 33 44 41 50 50 50 29 50 34 50 39 50 50 50 24 4 50 12 50 50
16 43 27 48 50 2 45 50 1 28 7 50 50 50 24 50 50 21 50 10 50 50 50 35 50 48 17 16 50 22 49 11 50 50 50 0 8 50 14 36 50 1 14 45 50 50 16 47 46 50 50 50 50 27 13 50 50 14 50 43 50 50 24 50 50 50 28 29 50 30 43 12 18 1 26 50 5 23 34 50 37 14 50 50 29 14 28 30 50 31 2 28 20 50 24 18 0 50 43 50 42 50 8 50 39 29 9 50 29 45 23 14 36 17 50 50 18 20 38 37 50 50 50 50 50 50 50 46 50 50 50 50 50 50 37 50 15 33 50 34 50 50 44 50 50 50 50 50 50 50
50 13 50 50 50 39 4 28 22 24 2 49 13 50 50 50 50 50 43 50 50 50 50 50 50 45 50 50 50 50 20 30 28 50 50 50 50 50 33 50 36 40 29 2 50 50 34 3 50 1 50 22 11 36 47 40 50 50 22 12 50 47 12 17 50 39 50 50 50 50 47 38 44 50 50 50 50 50 6 36 27 50 50 33 10 50 3 50 40 21 50 50 50 0 50 50 50 50 50 16 5 48 22 18 0 50 50 3 47 50 26 50 50 50 50 50 40 50 50 14 1 40 50 22 50 50 3 50 50 50 50 16 11 50 29 31 50 44 50 50 50 50 9 50 42 50 3 50 50
50 12 50 50 50 47 50 50 50 3 4 50 29 34 50 50 23 50 50 50 19 50 50 50 50 50 50 37 8 37 50 50 1 50 21 1 50 50 50 11 50 50 24 46 50 50 50 50 24 37 50 50 50 44 39 44 47 50 47 50 50 27 33 50 50 8 50 50 50 32 50 50 50 50 28 3 40 10 50 7 24 50 8 41 38 50 45 50 50 8 47 50 50 35 26 5 20 50 50 50 50 20 50 50 50 50 30 3 22 50 24 50 48 36 26 9 24 16 50 50 48 50 50 50 13 49 50 21 50 50 50 4 50 35 50 50 6 20 42 20 50 27 50 18 35 32 45 50
27 23 50 25 50 50 44 40 21 18 31 35 50 27 50 24 17 48 7 8 50 26 50 50 50 26 0 16 47 50 43 47 50 50 50 42 50 50 50 50 50 50 19 33 50 50 32 27 42 8 47 47 5 10 16 1 50 31 50 50 50 50 50 27 50 0 11 50 41 50 50 50 11 47 44 50 50 50 50 50 24 17 50 50 50 50 11 17 50 28 50 43 4 29 50 0 22 50 17 4 34 50 47 26 50 44 15 50 14 50 17 15 47 50 47 26 50 50 17 36 50 50 18 50 50 50 47 50 39 47 50 50 24 50 50 50 18 42 50 49 5 5 50 50 50 21 50
50 50 50 24 50 50 42 50 34 50 45 50 39 43 49 5 50 47 50 50 6 50 50 22 2 50 22 50 50 27 45 9 33 21 25 50 50 40 50 50 50 36 36 50 50 50 50 1 50 39 12 14 4 10 13 32 50 50 13 50 50 23 14 50 50 50 4 50 50 50 34 30 50 50 22 22 46 41 50 42 18 35 4 50 50 47 37 50 50 50 50 33 13 3 50 38 50 46 23 50 14 50 50 44 50 20 50 27 50 4 25 47 50 18 2 35 21 35 41 50 50 50 50 0 31 36 16 50 43 38 22 50 50 17 50 37 50 50 50 1 32 1 50 7 30 50
50 44 50 0 10 24 24 50 6 3 49 50 50 49 28 30 50 23 47 7 50 9 50 26 22 30 50 29 50 50 50 50 50 50 50 17 10 50 50 23 22 29 30 34 50 50 14 50 50 50 50 6 50 50 50 24 50 46 35 28 19 36 50 50 12 19 49 50 24 50 10 36 23 50 50 50 36 24 41 11 35 50 50 1 8 33 50 34 37 36 50 50 24 50 50 25 19 44 5 10 3 50 41 46 40 14 50 30 0 40 50 50 50 50 44 50 41 50 50 39 50 32 45 50 28 50 43 50 40 46 17 24 2 1 46 50 50 40 46 23 40 28 15 35 50
50 31 19 50 50 47 5 15 40 32 50 29 50 10 50 50 49 10 32 50 50 13 46 47 18 50 32 47 4 50 34 50 50 31 50 45 31 50 15 30 15 20 34 50 50 50 50 10 30 22 50 31 24 50 11 17 29 50 49 50 50 50 22 23 16 40 27 50 47 50 50 27 50 46 50 39 12 50 4 50 38 16 42 19 36 50 50 50 50 50 31 50 50 50 14 50 50 50 50 50 8 50 25 50 50 50 36 50 47 50 31 50 11 26 50 43 17 31 50 50 47 50 50 12 48 50 41 50 31 29 50 22 9 50 4 26 45 50 27 49 50 50 1 50
50 15 50 34 23 50 50 20 50 27 50 50 44 32 2 50 39 10 49 50 50 10 50 50 50 31 50 50 21 50 50 28 37 50 50 50 22 25 34 41 29 7 29 6 40 50 50 43 0 30 2 15 29 50 50 50 50 7 50 44 22 50 50 36 50 50 47 18 50 50 40 9 6 47 50 50 50 20 40 27 50 38 15 50 50 50 50 9 50 29 49 50 5 48 11 11 50 50 50 50 48 50 6 16 29 50 34 50 12 23 50 36 50 34 40 3 43 50 40 50 50 24 37 50 50 49 16 50 50 23 15 50 50 23 6 50 26 39 50 24 50 21 50
50 40 50 50 50 12 50 50 50 46 42 50 49 33 49 50 50 50 50 50 35 50 50 31 21 50 44 50 40 31 50 50 50 6 32 50 44 50 50 33 50 31 50 5 39 21 7 49 20 42 6 50 33 15 6 50 39 50 33 3 17 50 34 50 50 31 50 49 50 50 16 50 50 48 50 50 50 50 40 45 27 50 42 50 26 50 8 50 50 45 16 18 50 38 50 31 0 50 50 11 50 50 50 50 17 50 50 50 42 37 50 43 24 13 36 27 50 50 14 50 30 50 50 50 50 1 20 50 21 31 29 13 28 50 50 50 50 39 50 48 39 50
39 50 50 47 50 45 50 50 50 34 24 2 50 50 29 7 23 50 50 50 50 50 22 50 50 50 48 10 46 48 50 45 50 41 50 35 7 23 50 0 0 50 9 50 50 34 36 50 12 50 50 21 50 50 18 50 34 50 11 9 34 50 50 50 29 50 39 19 19 50 50 16 50 50 47 50 49 50 50 50 50 50 50 31 50 50 19 50 21 50 43 50 3 12 50 50 5 50 50 28 11 50 41 34 20 50 2 17 50 50 39 50 25 32 10 50 50 50 50 50 50 50 50 11 21 31 50 50 17 50 50 50 42 50 50 26 50 36 34 8 50
50 50 50 42 16 50 50 50 1 23 50 30 49 46 5 35 50 26 30 2 50 30 50 22 49 26 50 50 37 48 50 50 30 50 49 46 50 39 44 50 50 49 44 16 31 50 21 50 50 49 50 50 50 50 7 9 49 50 44 8 50 50 33 50 15 50 50 10 50 18 50 50 1 13 50 37 50 20 50 50 50 36 12 50 50 5 50 44 50 42 1 50 50 50 50 50 42 50 50 25 42 44 10 19 10 38 16 45 50 2 11 50 50 39 50 16 0 50 24 39 50 48 50 50 3 4 50 14 50 17 32 17 49 11 50 37 43 49 31 50
19 50 20 50 50 50 50 48 50 50 4 50 50 50 31 9 24 29 50 50 39 16 50 50 50 50 11 50 37 50 50 22 50 34 50 50 50 27 50 46 43 50 50 6 50 50 37 50 48 50 24 19 50 37 50 24 50 50 50 50 50 46 10 50 35 49 50 38 39 50 1 39 50 5 44 50 50 50 50 26 50 50 37 33 50 50 50 50 50 50 37 8 20 50 50 50 50 26 5 50 0 50 17 20 50 9 50 50 41 43 23 20 4 50 50 50 14 2 45 17 20 50 50 24 50 50 21 15 40 1 44 50 50 39 50 50 29 50 50
50 37 50 50 16 50 39 50 22 50 19 20 3 50 34 11 12 9 50 7 50 0 50 50 50 50 50 50 12 46 16 50 50 50 39 9 50 50 30 50 4 3 25 31 9 4 50 50 6 50 50 50 4 13 47 50 50 50 50 50 38 11 48 42 50 50 11 50 8 22 16 50 50 50 50 50 3 48 39 50 50 43 15 10 27 3 50 40 14 30 50 29 50 11 50 50 17 33 50 1 37 40 50 39 18 0 50 50 30 2 50 37 50 41 42 50 50 35 50 50 50 35 3 7 3 10 33 50 50 27 12 50 37 36 47 44 50 50
7 50 6 50 50 50 48 43 50 5 29 50 50 50 14 37 9 50 39 50 44 44 50 38 50 45 36 18 22 30 50 16 0 50 50 50 42 26 12 19 28 0 50 50 50 25 50 50 50 50 50 26 50 42 21 50 6 1 50 26 0 50 50 50 12 50 50 50 42 6 14 50 20 36 50 25 50 50 50 50 50 50 50 50 20 41 12 50 50 50 31 50 50 3 50 50 48 50 20 8 50 50 27 50 50 50 50 50 30 25 13 50 50 50 39 50 50 50 50 50 50 46 50 50 27 40 45 50 50 15 5 50 18 45 20 34 50
49 50 50 50 50 11 50 50 41 1 41 23 50 50 50 45 13 50 50 10 50 7 50 50 17 50 7 6 47 7 19 5 50 49 47 50 50 50 30 50 50 3 50 50 50 50 50 50 50 17 50 11 50 10 50 50 50 50 17 50 18 38 7 50 5 50 6 50 5 50 50 50 50 50 50 24 50 50 33 50 43 50 50 50 50 50 6 50 50 50 50 50 50 50 50 35 36 14 39 50 50 50 50 21 9 25 35 43 21 3 41 50 1 50 50 50 50 50 50 29 50 50 1 17 50 50 50 50 50 34 50 26 22 50 50 50
6 50 46 46 50 45 50 50 50 50 20 19 50 50 50 50 24 50 8 38 28 35 50 50 13 50 31 50 50 24 14 50 9 18 50 31 8 30 14 50 50 50 50 50 29 32 37 50 50 50 50 21 50 48 37 50 50 50 50 33 50 25 29 20 50 1 13 50 50 25 17 32 38 34 32 13 50 50 50 50 50 50 50 50 50 50 50 50 12 36 50 1 50 50 32 37 15 46 20 18 32 50 30 9 50 33 50 50 50 22 50 8 47 50 50 45 30 25 50 50 50 50 8 4 24 50 50 50 20 50 17 50 9 37 50
50 50 50 22 50 50 50 50 0 50 50 13 47 18 50 50 50 50 50 50 50 50 50 45 16 0 50 50 8 50 27 26 50 50 35 50 50 7 50 19 1 39 3 50 50 6 50 23 23 50 7 8 50 50 50 35 41 9 9 12 50 50 50 50 50 50 50 50 41 21 50 50 50 50 50 50 50 50 50 9 50 50 40 50 50 8 50 50 50 50 50 50 50 50 50 50 5 50 50 50 48 50 50 11 38 50 36 50 25 50 50 50 0 14 50 50 50 8 50 14 50 10 45 50 44 38 50 50 12 50 50 50 50 50
50 50 50 34 17 50 50 45 36 50 14 50 38 18 50 50 50 50 7 15 50 19 50 50 50 50 50 50 50 47 20 50 13 50 50 50 50 50 50 50 50 9 50 50 25 50 2 50 50 50 50 46 50 50 43 10 50 50 50 48 50 50 33 50 50 50 50 50 50 50 24 50 50 5 50 49 50 50 50 50 50 50 50 47 23 50 50 40 4 50 50 50 50 50 6 50 50 50 50 36 32 50 50 29 50 11 50 50 50 50 49 50 50 37 50 50 14 50 21 50 50 50 22 19 50 50 28 50 50 50 18 50 50
50 21 50 50 15 21 50 50 37 1 46 50 27 50 4 31 50 50 21 50 22 39 50 50 50 50 50 50 18 50 27 25 50 50 14 50 29 50 24 50 6 50 41 50 50 50 11 50 50 50 50 50 50 50 50 50 50 44 50 50 50 26 31 24 28 50 43 50 41 50 50 50 5 50 10 35 50 50 50 50 50 49 50 17 44 29 50 30 50 50 43 27 37 13 6 45 50 20 9 12 19 40 50 50 50 50 50 16 28 26 31 45 38 50 7 50 49 40 50 4 50 42 50 0 50 20 50 40 50 50 50 50
50 50 50 50 47 50 5 32 10 50 11 50 50 5 25 50 49 50 50 50 50 4 13 40 28 27 50 50 31 21 50 50 50 35 50 38 22 47 50 50 50 43 50 30 50 27 50 50 45 50 50 24 19 47 29 50 45 50 50 43 50 50 50 18 36 50 50 50 50 6 50 25 50 50 50 43 50 50 3 50 16 25 38 50 44 50 9 37 11 50 50 50 0 32 38 25 31 50 50 50 50 50 33 50 50 50 50 50 30 50 50 50 50 50 24 50 0 38 20 30 50 50 27 23 5 50 50 50 31 50 50
50 50 50 5 50 21 46 50 50 50 50 4 28 50 47 50 50 7 18 50 50 50 27 50 50 50 38 8 6 13 31 50 40 35 50 50 50 50 50 49 50 50 36 31 16 50 50 2 50 50 2 21 28 1 23 50 50 39 50 50 50 43 5 50 9 50 50 50 50 50 50 50 50 37 50 50 50 50 28 46 50 46 50 50 50 50 50 50 7 50 3 50 50 50 50 50 50 50 50 50 50 50 50 50 22 50 15 16 21 50 7 50 30 50 50 50 50 50 7 50 12 50 29 44 45 50 50 50 50 50
50 50 50 39 34 49 50 50 50 50 50 50 9 50 50 50 37 50 50 50 50 50 18 50 50 50 50 47 36 50 50 31 50 41 9 50 50 46 50 5 9 50 50 8 0 3 50 50 50 7 50 46 49 50 50 50 43 50 26 21 29 50 25 7 50 50 50 50 29 20 34 50 31 15 50 34 10 50 50 4 17 50 44 50 14 50 50 50 33 12 43 14 50 32 50 6 20 50 50 50 50 50 50 50 48 50 28 38 50 12 14 50 50 49 22 1 42 50 50 50 50 50 37 50 50 50 50 50 50
50 50 32 35 20 49 46 50 12 50 50 7 11 32 50 50 50 50 2 50 50 50 10 35 34 50 1 50 27 25 50 43 3 50 50 23 50 50 50 50 19 50 50 50 26 50 25 50 50 21 50 20 50 50 50 48 50 50 30 50 45 25 50 50 50 23 50 50 8 50 7 50 50 50 50 50 50 0 16 50 50 14 15 50 50 50 9 50 48 50 17 50 10 8 28 50 50 50 28 50 6 23 50 18 42 28 50 50 26 50 2 24 38 50 50 50 50 49 50 50 25 50 42 50 50 50 13 50
1 50 34 50 42 50 50 18 50 50 50 50 50 50 38 50 50 50 50 50 50 50 50 50 43 44 7 34 50 40 50 50 50 50 50 50 50 50 42 34 50 50 50 2 8 6 50 26 50 50 50 50 50 50 50 50 50 37 17 50 32 50 50 50 6 8 0 50 24 9 50 50 50 27 46 50 50 50 50 21 50 12 50 50 15 34 33 50 50 9 50 50 50 50 50 50 50 15 50 50 29 27 49 28 26 50 25 35 50 50 50 43 12 50 46 46 50 50 50 50 20 50 50 50 50 50 50
50 50 12 0 50 50 50 25 50 41 25 50 50 43 50 44 50 38 28 50 50 42 50 27 5 50 6 25 50 12 50 4 18 1 50 17 20 5 50 47 50 49 50 8 50 2 46 50 50 38 18 50 11 50 50 31 50 45 21 36 50 16 21 15 13 50 50 50 32 20 30 50 50 50 28 50 13 50 48 50 50 17 50 3 50 50 50 50 50 50 50 35 50 50 8 14 50 44 40 41 50 37 50 19 50 50 50 50 38 50 50 50 50 40 50 50 22 50 50 33 50 29 21 50 48 50
50 50 50 50 50 50 22 39 9 50 45 50 19 50 20 50 43 50 27 50 50 50 10 50 27 50 50 50 50 17 47 16 50 50 29 10 30 50 24 50 50 50 22 50 48 33 38 29 50 23 35 33 0 44 18 14 50 38 12 31 13 40 50 50 50 34 40 4 50 50 50 50 50 3 50 10 50 50 50 50 50 50 50 8 31 27 50 7 50 50 50 50 50 50 50 17 42 0 27 39 50 50 28 50 50 15 39 50 50 50 50 16 1 50 50 36 50 50 6 50 50 26 38 50 50
45 50 7 50 50 28 50 50 50 50 47 50 50 50 17 31 50 1 50 50 50 26 34 50 38 47 50 39 37 50 0 50 50 50 30 50 37 50 50 13 27 2 50 50 50 50 50 50 5 50 50 30 31 50 50 50 50 47 50 47 5 3 50 23 32 29 6 11 50 50 50 50 4 50 50 36 50 50 50 49 37 14 50 28 34 50 30 50 50 48 49 46 50 11 31 50 46 50 41 50 50 50 24 5 11 50 1 50 50 50 50 19 50 44 50 16 50 50 25 50 50 40 50 50
5 25 32 50 50 14 50 50 50 36 20 45 50 9 36 28 50 30 50 50 42 50 50 50 50 50 27 39 50 50 50 50 50 40 50 50 50 43 48 50 50 42 20 50 15 50 31 50 50 50 50 50 29 21 50 33 50 50 0 50 50 3 23 50 50 50 30 50 46 50 4 22 50 50 16 50 50 50 23 50 50 50 8 50 50 4 10 24 50 50 50 50 50 11 50 50 50 50 50 2 50 33 50 50 50 6 50 41 20 1 50 50 50 33 21 20 50 50 50 21 34 47 50
50 50 50 50 50 7 1 27 50 50 50 50 50 12 50 50 50 50 50 41 31 11 50 50 50 43 50 50 50 50 46 50 50 50 50 50 37 50 19 50 50 50 11 6 36 50 50 50 50 50 34 48 50 50 39 30 50 50 50 50 40 37 17 38 50 50 21 50 50 50 50 50 50 5 33 26 15 50 3 33 32 15 49 50 50 50 10 50 50 50 49 50 50 50 50 50 50 35 18 45 50 50 50 47 41 50 11 9 26 8 39 50 50 50 50 50 50 50 50 50 29 50
50 50 27 50 50 46 50 14 21 50 50 50 50 23 50 3 39 50 37 50 15 50 38 50 36 0 50 25 50 50 2 50 50 50 50 22 50 50 34 50 50 41 7 50 15 50 19 15 37 50 50 16 50 25 43 50 16 50 50 50 18 50 20 50 50 50 50 0 38 46 0 9 50 28 30 50 41 50 50 44 50 48 50 17 8 50 46 43 50 50 50 50 50 5 50 11 50 39 49 0 30 43 50 7 49 50 50 5 35 50 50 20 14 48 50 24 1 50 50 50 50
50 50 18 46 48 50 50 29 7 6 50 2 50 50 50 50 9 5 50 50 50 50 50 43 50 50 50 50 50 20 3 50 50 50 31 50 50 50 50 50 50 50 50 50 40 33 39 50 33 36 50 20 8 50 50 50 50 50 21 17 4 37 50 34 3 23 50 50 22 6 43 50 50 50 1 44 18 47 50 18 16 50 49 30 50 50 5 23 50 24 4 50 41 50 50 50 50 50 12 30 50 50 50 50 50 50 50 50 50 50 43 26 50 50 27 29 50 50 50 50
50 50 50 38 22 50 39 50 20 41 40 50 24 28 50 38 34 3 50 50 26 34 50 0 3 11 40 50 50 43 50 50 32 50 50 50 50 50 50 34 50 16 50 20 25 50 50 50 50 50 50 28 24 50 49 50 36 43 40 13 2 22 50 25 50 50 31 21 9 50 50 27 19 50 50 37 42 50 50 50 17 50 50 28 44 7 50 36 5 50 50 50 28 24 0 50 50 50 50 50 3 50 9 1 16 50 12 29 50 50 50 41 23 50 50 50 50 50 50
50 50 14 4 50 50 19 39 40 28 50 50 13 8 50 50 50 21 50 50 50 50 50 50 10 50 50 50 38 49 50 2 30 50 50 50 50 50 48 45 50 33 50 50 23 50 40 50 50 50 28 44 31 50 44 34 42 50 20 49 15 50 18 50 45 50 45 50 2 50 50 8 3 50 4 0 30 35 35 50 13 50 9 50 15 50 50 50 50 37 50 50 50 50 50 50 50 50 50 50 4 50 50 16 50 36 50 27 44 50 50 50 34 50 10 50 47 50
50 50 50 14 38 50 25 50 45 50 1 50 50 50 49 50 14 50 26 50 44 50 50 28 35 50 29 50 50 50 50 50 48 50 50 12 39 50 50 50 50 16 34 34 50 45 50 23 7 50 29 10 50 21 50 50 22 50 50 50 44 50 36 50 50 24 50 50 24 25 50 50 1 50 50 50 23 50 1 50 50 50 3 50 14 13 4 50 39 50 8 50 50 50 11 37 35 50 50 50 50 50 50 50 50 5 50 20 50 50 50 0 50 50 40 50 50
38 14 43 50 47 50 50 50 24 16 2 34 6 50 50 50 50 50 32 50 50 50 50 9 50 50 50 50 13 50 50 50 50 50 29 50 50 35 50 1 10 46 50 50 50 50 50 50 18 45 50 9 50 9 26 50 4 50 50 50 50 50 50 50 50 50 50 15 50 50 38 50 50 50 50 50 50 50 17 49 50 37 50 50 38 50 15 42 40 50 50 50 50 50 50 50 49 50 30 50 37 29 50 50 50 36 12 50 41 29 50 50 19 50 6 50
50 50 23 20 16 11 41 29 50 50 39 50 50 29 28 50 50 40 8 1 8 50 24 50 50 50 20 50 50 50 46 41 50 50 19 50 27 1 33 50 50 38 28 9 13 10 23 50 50 50 28 4 11 0 14 50 16 37 50 50 12 23 50 3 50 1 50 50 30 9 6 21 50 50 50 50 50 50 34 50 50 50 50 10 50 22 50 50 23 50 50 50 26 50 19 36 50 21 38 50 42 50 9 11 50 50 50 31 15 50 16 50 50 50 50
35 31 50 50 39 50 50 50 50 2 50 50 15 10 47 3 50 28 14 50 18 50 48 44 50 50 50 22 32 50 50 42 9 9 44 9 17 50 50 35 50 50 50 11 50 26 8 16 14 50 50 50 50 35 43 50 50 50 50 50 18 5 34 13 50 50 50 50 23 22 50 50 50 21 50 50 21 18 50 0 50 31 50 50 50 50 28 50 40 50 19 50 50 50 50 45 50 24 25 40 44 45 50 50 29 7 50 50 50 48 12 50 41 50
2 36 50 50 50 50 48 50 50 50 50 50 15 50 25 50 7 50 50 50 50 50 35 49 23 15 50 50 10 50 50 50 50 17 35 17 32 50 50 50 36 50 50 50 50 50 39 31 50 30 50 50 44 42 50 50 50 50 24 50 50 50 50 12 6 50 50 31 33 9 7 24 50 50 15 10 49 50 50 50 50 50 36 50 50 50 50 50 35 4 50 50 50 40 50 50 50 50 50 50 50 50 29 50 33 27 50 0 15 28 50 46 50
50 50 50 50 38 21 34 50 50 26 16 50 46 50 36 50 50 50 0 25 50 44 5 50 28 4 48 42 50 50 11 50 9 50 6 18 50 50 35 50 50 49 50 50 41 45 50 50 50 12 50 2 32 50 22 14 50 3 16 50 50 50 50 50 50 50 41 50 50 11 50 50 11 50 50 17 18 50 50 50 13 50 14 50 50 50 50 46 50 41 50 23 50 15 50 50 50 50 50 50 50 50 50 50 50 33 50 50 50 50 50 50
43 50 50 9 50 7 50 31 16 50 50 50 50 50 50 50 50 50 50 2 50 45 26 32 23 50 50 50 50 16 44 10 50 6 50 13 50 50 9 50 34 15 12 50 4 50 35 50 50 50 21 50 3 26 50 50 1 50 50 41 50 50 50 31 50 50 19 50 2 43 50 14 50 30 33 50 44 50 8 50 28 50 11 14 50 50 8 17 45 50 44 50 50 38 50 17 50 50 40 0 50 38 38 50 46 50 50 50 17 50 50
50 50 50 20 40 50 34 1 50 50 18 30 50 34 50 18 50 9 28 50 34 50 50 50 50 50 45 26 38 12 50 50 19 50 30 50 50 50 50 50 50 19 28 21 22 45 46 11 39 31 50 33 50 50 50 8 50 7 4 50 32 50 50 49 1 50 50 50 50 50 50 34 50 32 50 28 40 49 28 50 50 23 50 32 43 7 50 50 2 50 50 14 50 50 50 34 27 10 17 2 50 0 42 50 20 11 6 5 50 50
44 50 50 50 36 50 29 34 50 42 26 50 50 24 50 31 50 21 50 9 18 10 32 50 50 46 50 50 16 9 50 50 26 44 50 41 25 50 1 50 50 39 50 50 50 50 45 20 50 33 50 24 47 50 50 50 47 50 50 50 50 50 20 50 50 27 50 50 8 19 50 50 50 50 22 50 50 43 50 10 50 24 50 50 50 50 50 50 22 50 5 22 17 16 50 50 49 50 50 2 50 15 14 50 50 27 45 28 50
50 50 50 15 34 50 50 50 50 50 12 50 39 50 50 50 50 50 22 43 9 50 19 50 50 50 39 50 50 50 50 50 4 40 48 28 50 39 50 11 50 29 5 50 0 50 21 50 50 6 50 10 47 50 50 50 50 43 21 50 20 50 30 50 8 50 3 50 26 50 50 12 45 27 6 39 50 21 26 50 38 26 25 13 50 20 50 50 37 50 12 50 50 50 27 34 50 50 8 27 21 28 50 50 50 50 14 50
50 50 50 50 50 12 50 50 50 50 50 6 42 50 50 50 50 50 5 3 50 6 41 50 26 36 50 11 50 50 25 50 50 50 50 0 50 41 50 23 18 15 17 50 50 50 10 37 50 47 50 26 50 50 50 22 18 50 13 50 50 24 50 7 50 50 17 50 12 50 50 31 50 45 50 50 14 40 42 50 50 50 50 50 48 10 50 37 50 50 50 12 50 50 50 36 50 50 50 48 7 31 50 50 50 50 50
50 50 50 38 50 47 50 38 43 50 50 37 1 44 50 50 50 50 50 50 50 8 50 33 50 50 50 50 50 5 49 50 19 7 50 39 50 50 38 3 50 41 50 50 50 50 50 50 50 50 50 15 28 50 48 50 50 46 26 50 42 39 50 50 50 50 12 14 19 26 50 50 50 50 46 50 4 30 50 14 50 20 50 50 50 50 50 44 50 50 35 50 50 50 50 50 43 50 50 50 50 26 23 14 50 50
4 50 37 50 50 50 50 26 50 50 47 50 50 18 46 50 48 50 50 50 50 22 50 50 50 50 50 6 50 50 8 50 50 25 50 50 50 50 50 50 39 50 50 50 50 41 50 50 34 49 17 50 50 9 50 39 25 50 30 50 50 50 8 32 34 41 48 3 50 50 50 15 27 50 15 50 27 50 50 50 50 50 50 50 50 50 14 11 29 14 14 50 22 50 50 36 50 50 50 35 7 50 50 46 50
50 49 50 50 50 50 13 50 50 38 50 50 50 50 6 13 50 50 32 30 50 50 9 25 50 16 50 48 21 50 50 50 50 50 50 0 28 48 50 18 50 27 41 23 35 50 50 12 50 50 48 50 50 50 30 10 50 50 50 33 20 50 50 13 50 29 17 7 3 50 34 50 25 50 50 50 50 50 50 50 50 2 37 50 32 50 50 27 50 50 43 50 6 50 50 50 12 50 50 34 50 24 11 50
12 25 24 50 50 50 50 50 50 49 42 11 50 50 50 38 50 50 48 50 13 50 40 50 50 20 50 28 50 50 50 35 21 50 50 4 50 50 50 8 50 11 50 32 50 50 50 45 16 50 50 15 37 50 50 50 50 10 12 50 12 11 50 7 49 50 25 50 50 4 50 46 50 50 1 50 33 50 7 4 3 50 42 36 50 19 50 27 4 43 50 47 50 9 0 50 27 50 50 50 50 50 50
25 50 50 29 16 50 50 50 50 50 8 50 28 18 50 14 24 50 50 50 50 50 50 12 27 50 50 50 50 50 38 11 50 50 50 48 28 50 50 9 50 50 14 50 50 50 26 50 50 50 50 50 50 7 40 50 50 17 50 16 14 50 50 2 45 50 7 50 50 12 50 50 50 47 12 50 50 5 50 50 38 50 6 50 50 50 35 50 9 50 44 50 12 50 50 50 32 50 49 15 26 50
50 50 1 50 50 22 29 40 6 50 50 50 50 50 3 50 50 28 20 17 50 50 50 50 50 50 50 13 50 50 50 50 50 21 50 50 50 45 50 2 22 50 29 36 50 50 50 50 50 50 50 36 25 50 50 39 50 47 34 50 50 50 50 50 50 50 38 29 50 33 50 48 8 37 50 50 11 50 50 0 13 50 50 50 50 50 50 50 50 49 5 50 41 16 50 34 50 43 23 50 50
21 20 16 50 50 50 50 16 50 50 50 50 23 16 50 49 50 50 34 50 50 50 50 27 50 50 50 46 50 37 44 20 50 50 50 50 4 50 50 33 50 43 50 50 50 45 7 37 47 12 46 50 50 50 23 25 15 50 50 50 50 21 25 6 50 13 50 4 50 50 50 29 8 26 37 50 50 45 50 50 3 31 50 50 7 50 40 37 43 50 50 50 43 50 50 32 50 50 50 50
50 25 50 50 50 50 50 7 50 2 50 50 6 50 50 15 12 46 15 49 50 21 50 50 49 4 50 50 2 50 50 50 4 50 0 50 50 13 39 50 50 38 28 50 50 29 23 13 50 18 50 50 50 50 50 18 50 50 50 50 50 50 14 50 50 33 50 50 50 13 4 3 50 8 50 40 47 6 50 27 50 0 46 1 11 10 50 50 50 50 50 41 50 50 50 43 50 50 50
12 49 12 50 23 19 19 25 5 43 50 21 27 50 50 50 50 31 50 50 50 25 50 50 50 38 50 50 50 50 50 33 50 50 50 3 50 50 48 16 50 5 48 8 50 27 41 50 50 50 43 50 50 50 17 50 5 41 25 50 50 50 11 50 50 50 21 50 48 32 36 50 23 50 22 50 7 50 18 50 0 50 2 50 50 1 6 50 50 1 8 50 44 50 17 36 50 50
50 42 50 11 50 50 50 9 48 14 50 25 50 50 50 50 48 50 50 50 50 50 7 50 39 50 19 32 17 38 50 50 14 40 1 28 43 50 39 47 50 32 50 47 50 50 32 19 50 50 50 50 50 22 33 50 50 50 3 50 50 50 11 50 50 39 3 45 50 50 37 34 46 50 50 50 50 50 50 2 43 50 23 39 50 50 50 35 50 18 30 50 50 50 50 24 50
24 50 37 16 50 50 50 47 50 50 15 50 44 50 36 32 50 50 50 16 50 17 50 19 22 26 50 44 50 21 50 6 50 50 50 50 50 50 48 50 50 50 30 50 11 50 13 50 50 33 45 50 50 50 25 50 42 14 16 50 0 50 3 4 50 1 32 50 50 50 41 50 6 15 50 50 50 50 50 1 50 1 50 21 5 50 50 25 20 31 50 29 50 6 50 50
42 0 50 50 29 50 43 26 15 50 50 48 50 50 47 50 2 24 28 50 50 45 50 50 50 18 50 50 13 23 50 50 50 7 50 33 50 50 50 0 50 50 50 50 50 21 23 48 39 50 50 50 50 50 50 50 50 40 50 50 50 7 35 50 50 21 50 2 50 50 50 50 50 50 50 50 50 7 44 49 9 50 50 50 44 20 50 35 19 50 47 50 29 50 50
21 0 48 50 50 50 50 50 50 50 50 48 50 17 33 50 50 50 50 45 50 50 10 46 50 50 30 12 15 50 14 50 50 7 11 50 50 50 50 47 25 50 41 50 50 16 2 50 50 50 50 50 50 40 3 7 50 50 19 50 0 50 50 28 50 50 50 13 50 50 50 50 50 48 15 50 50 50 41 50 0 31 50 50 50 50 50 50 35 50 50 21 50 50
14 30 14 50 18 50 50 7 50 9 31 50 50 50 10 50 8 50 37 50 50 50 50 50 43 50 50 21 50 50 50 50 48 48 20 50 50 14 50 50 15 6 50 50 45 50 50 50 39 50 32 26 22 50 23 50 35 50 10 50 50 34 50 7 50 50 50 50 50 29 50 50 27 50 50 50 50 50 45 50 50 50 44 50 46 50 5 50 35 50 50 50 50
50 21 44 33 50 8 50 48 25 44 49 27 50 3 50 50 14 50 21 32 38 42 50 50 48 50 25 50 10 42 50 7 50 50 50 50 50 34 50 50 50 34 42 50 50 46 50 8 50 50 50 50 50 17 31 50 50 39 50 16 1 50 50 43 50 50 50 50 50 50 16 50 50 46 16 11 50 50 42 5 13 50 50 50 50 50 50 21 50 18 50 50
13 35 50 50 50 22 50 50 22 37 26 50 50 17 50 50 50 31 14 50 50 50 50 25 50 14 50 43 50 50 0 50 50 50 15 50 50 15 50 42 50 8 50 36 50 50 50 50 50 29 50 28 32 50 50 50 50 50 44 31 50 31 27 50 6 50 50 50 50 50 50 50 50 50 7 15 50 50 48 50 4 50 50 50 39 50 41 50 11 15 50
32 50 50 50 4 50 50 34 50 40 48 50 50 50 50 50 49 3 50 50 5 50 50 36 50 50 39 50 44 48 26 27 50 4 31 47 27 50 26 37 50 50 42 40 21 33 50 17 43 50 50 38 50 50 30 50 50 50 34 50 50 50 22 50 21 19 50 38 50 23 50 50 48 50 50 50 38 50 50 50 50 50 50 50 50 17 50 50 24 50
50 50 50 50 30 29 32 31 50 50 50 50 50 50 50 50 16 0 50 50 16 50 50 50 5 18 40 13 5 9 50 45 31 25 0 19 50 27 50 50 11 19 22 50 4 50 18 50 50 50 50 50 1 50 50 50 50 50 36 50 42 50 16 50 50 5 50 50 50 16 50 50 23 50 30 38 50 50 50 50 50 50 50 45 50 50 14 50 50
19 50 27 0 37 50 0 50 50 26 50 50 50 50 50 50 50 18 49 40 50 50 50 15 50 50 50 50 33 50 50 38 29 15 50 10 50 50 39 11 50 35 50 50 19 30 26 50 50 17 21 3 45 50 50 50 36 50 41 18 50 50 50 47 50 50 44 50 43 50 8 0 50 43 50 28 50 7 50 50 50 50 50 50 50 31 48 50
50 50 21 8 50 50 50 39 50 50 12 30 48 26 50 50 14 35 7 50 50 44 50 50 50 50 50 16 50 45 31 4 9 37 50 50 1 2 50 50 3 50 30 50 50 2 50 50 50 50 50 50 50 17 50 5 50 50 50 13 50 50 43 37 50 23 34 37 50 50 33 37 50 50 35 50 44 50 50 27 50 0 37 50 49 50 50
50 16 50 12 50 8 8 50 50 41 50 50 50 4 40 50 43 50 50 50 12 50 50 50 50 36 50 50 50 50 50 50 32 44 32 13 0 50 50 30 50 46 50 42 50 50 50 50 50 32 50 28 5 50 50 7 2 4 39 50 1 50 50 50 12 6 38 50 50 50 33 50 8 50 9 50 5 16 48 10 50 50 50 50 50 50
47 10 50 50 17 50 50 0 2 48 50 50 50 31 30 50 50 50 21 50 50 13 50 50 36 50 50 25 20 43 50 40 50 50 15 50 33 50 7 45 18 50 50 25 50 50 45 36 50 50 29 41 50 25 50 50 50 46 12 50 25 50 34 38 50 50 47 30 50 28 50 50 50 50 44 1 16 50 5 50 35 50 29 19 50
36 50 22 50 24 46 50 21 28 33 17 50 50 8 50 50 50 50 50 50 50 20 50 50 22 50 50 46 11 50 40 50 50 2 50 50 18 50 32 39 50 50 48 50 50 50 50 50 50 5 50 50 50 50 50 50 50 50 50 50 50 50 41 17 50 21 50 23 35 50 50 50 14 7 50 48 50 12 50 50 12 50 48 50
30 50 50 50 4 50 50 50 33 50 50 15 50 50 50 50 50 50 50 50 50 50 50 50 50 50 17 50 21 50 50 50 50 50 50 50 46 38 1 50 36 50 6 20 18 50 50 50 38 50 50 50 50 50 19 50 44 50 50 7 44 50 13 50 50 50 50 50 50 50 7 50 50 50 27 50 49 10 35 7 50 50 50
50 50 50 50 50 49 50 34 50 5 50 32 50 50 42 50 14 50 50 50 50 1 40 28 1 50 50 17 27 50 50 50 37 50 47 48 50 50 50 38 50 50 44 50 50 50 42 39 50 50 50 40 29 6 50 37 50 45 30 50 50 50 50 50 50 50 0 50 50 49 16 50 50 50 23 50 50 50 27 15 50 50
50 50 42 35 50 38 50 50 50 50 50 50 50 38 37 38 50 50 48 50 50 50 50 19 50 50 50 50 50 50 50 50 50 47 50 50 50 50 50 27 50 46 7 50 46 50 50 50 50 50 50 20 50 50 28 50 49 0 50 50 50 50 50 0 50 34 28 13 50 50 50 30 50 50 27 50 50 50 18 19 50
50 11 50 26 50 50 43 50 29 50 50 50 8 50 50 24 50 50 47 50 14 4 50 50 50 50 33 50 50 50 50 50 22 14 50 50 50 17 24 50 32 50 8 50 50 50 50 44 16 50 15 50 50 11 42 45 50 50 50 2 50 35 24 7 13 44 50 16 9 50 41 1 50 50 50 50 38 50 8 50
50 30 12 50 47 50 31 50 50 50 47 20 47 50 18 50 50 37 13 50 18 48 24 50 50 50 22 42 50 50 50 50 25 50 27 50 50 50 3 50 50 0 50 50 50 50 50 50 50 50 10 50 30 50 29 50 35 50 28 50 16 33 50 37 50 50 15 50 50 50 50 50 50 2 28 50 50 11 50
50 50 42 50 50 50 7 3 0 50 50 50 6 50 50 50 50 40 50 50 50 18 50 50 50 50 48 14 18 50 15 50 6 50 5 31 6 50 28 2 50 37 17 50 29 50 50 50 27 50 50 34 50 50 39 40 50 50 50 50 50 33 30 50 30 12 50 50 50 50 50 50 34 50 17 43 8 50
50 4 7 50 50 50 50 50 50 37 50 50 50 22 44 20 50 50 50 50 27 50 50 9 3 40 50 50 25 39 31 50 50 50 50 50 50 50 15 50 50 26 50 5 50 50 33 50 50 50 50 14 50 50 50 14 50 1 37 27 35 50 50 50 29 50 50 50 30 50 42 44 50 8 42 9 50
50 33 12 50 29 50 50 22 4 50 1 50 11 50 50 50 50 50 50 7 29 43 50 11 50 50 10 47 14 21 50 50 50 48 50 50 33 46 50 50 50 21 50 15 50 50 30 50 50 22 50 50 50 43 50 0 50 12 36 50 50 5 1 50 6 35 50 50 31 50 50 31 42 10 48 50
16 21 50 50 50 45 4 50 50 50 50 4 50 50 50 50 50 50 26 50 50 25 28 50 50 10 50 26 50 50 50 50 50 46 49 0 45 50 50 50 50 50 50 43 50 50 50 50 50 11 31 50 50 50 4 50 50 34 50 26 50 50 50 50 50 50 50 23 50 50 35 50 7 50 50
36 50 50 17 50 2 50 50 10 10 50 50 50 50 50 50 50 50 5 15 50 19 34 46 18 39 1 49 50 1 50 50 1 4 50 18 50 34 2 50 50 25 26 50 50 50 34 50 23 50 19 24 50 11 50 50 50 37 50 0 50 17 50 50 30 45 50 32 50 46 32 50 50 50
13 17 50 50 50 50 10 24 50 50 50 50 50 31 38 12 22 50 50 22 50 50 50 50 31 50 35 11 50 38 50 36 50 27 9 50 50 50 9 14 38 4 4 42 50 50 50 50 11 50 17 46 50 50 45 4 50 50 21 50 50 38 50 50 50 24 50 22 37 42 50 50 50
11 42 50 50 50 8 50 50 50 20 40 3 12 50 50 50 50 50 50 50 31 50 50 50 50 25 46 50 50 50 12 30 50 33 50 50 22 6 50 50 26 50 17 50 10 8 1 13 50 50 50 50 50 50 46 50 50 50 50 23 50 50 17 40 29 50 18 42 50 33 34 50
50 34 50 41 0 39 50 17 50 29 50 50 50 28 50 50 50 50 47 50 26 46 2 50 50 50 50 50 50 19 0 21 50 2 50 43 43 18 50 50 50 45 13 41 42 29 8 50 50 50 50 50 50 27 19 10 50 3 1 24 41 50 43 41 8 8 50 2 50 27 50
50 50 50 50 50 50 50 50 50 50 32 35 35 50 50 50 50 50 50 50 50 50 7 23 4 50 50 33 49 50 50 22 15 50 50 50 34 50 41 25 23 26 50 50 50 29 23 50 50 50 50 50 50 50 50 16 45 47 12 15 50 50 50 38 50 50 50 35 25 50
50 50 50 50 32 50 39 50 22 50 50 50 50 0 50 50 33 9 50 10 38 44 50 50 50 41 48 50 27 50 7 50 50 46 50 50 47 35 50 16 50 50 8 41 50 50 32 9 32 31 28 50 40 50 37 50 50 16 50 5 11 50 50 24 50 31 15 50 50
50 50 50 50 50 50 50 15 50 50 14 50 5 50 12 50 8 50 50 50 25 50 17 50 50 18 50 35 50 50 50 50 50 50 21 3 50 10 9 50 50 50 19 50 50 33 19 50 43 39 50 50 4 6 12 50 50 50 50 21 50 50 50 50 49 50 50 50
50 50 11 50 6 50 50 6 20 50 6 50 50 5 50 35 22 28 50 50 50 30 50 43 15 50 0 26 50 50 50 50 47 50 50 50 50 50 50 50 50 50 4 38 4 50 50 36 42 50 50 50 50 50 10 50 50 50 9 37 50 50 50 50 50 50 50
15 50 50 26 50 38 7 50 5 50 50 41 13 50 11 50 27 46 50 50 50 49 45 45 50 2 50 42 36 50 50 50 50 50 39 9 50 50 50 50 50 19 7 50 50 50 38 50 50 31 50 30 4 50 35 50 35 50 4 50 50 50 50 30 50 50
41 50 35 18 50 32 50 41 50 45 50 14 50 50 50 33 35 7 47 50 5 7 50 34 50 37 50 29 41 48 39 46 3 50 50 21 30 50 25 50 50 50 50 50 50 50 50 50 26 25 25 50 50 50 50 50 50 16 25 40 50 50 50 50 50
50 50 48 50 50 50 50 39 50 6 50 50 34 50 50 32 50 12 50 50 43 50 50 1 33 50 50 50 19 14 27 50 50 50 50 50 50 50 50 50 50 50 50 45 44 50 50 50 50 43 25 50 50 50 2 29 50 26 50 8 3 50 50 50
9 0 21 50 8 50 22 26 50 50 50 40 50 12 50 50 7 50 50 12 50 50 3 50 41 50 50 50 50 50 45 42 22 44 2 50 18 6 50 50 9 48 50 50 50 50 50 33 45 50 28 49 50 50 50 50 50 50 39 50 50 50 50
50 50 50 50 49 50 4 17 50 50 50 50 40 50 27 30 50 50 13 28 50 22 12 39 21 50 50 50 29 46 24 40 50 38 11 50 16 2 12 33 50 50 50 39 37 50 50 41 50 43 42 32 39 19 50 3 18 9 50 50 50 50
46 50 6 50 50 15 50 50 50 50 4 16 50 50 50 50 50 50 50 48 35 50 50 50 13 50 14 50 50 50 50 12 4 34 50 50 31 50 35 22 50 50 50 50 50 50 50 10 50 42 49 50 50 42 50 50 40 50 50 3 50
50 50 41 7 20 32 50 50 48 23 0 13 50 44 42 50 50 50 50 50 22 50 50 50 42 50 50 1 50 50 50 50 50 50 50 50 22 0 50 50 20 5 7 50 50 50 50 10 21 45 3 22 50 50 3 16 50 50 50 50
50 50 50 47 50 50 15 50 48 3 50 50 46 50 50 14 50 13 50 2 1 50 50 50 50 39 50 50 0 17 50 50 13 50 8 50 37 50 10 50 50 50 50 50 50 50 50 50 50 50 32 50 50 50 50 1 33 50 50
50 50 50 18 50 50 12 5 31 46 9 9 50 50 2 50 50 32 50 14 36 50 30 50 33 12 10 41 50 50 45 49 48 24 33 50 50 50 45 39 50 50 50 39 11 35 50 50 49 50 50 50 49 50 50 50 50 50
21 1 27 50 50 39 21 50 50 4 50 38 50 50 30 50 23 50 11 50 43 8 34 50 41 48 38 40 50 50 50 7 50 37 50 50 2 6 38 50 16 3 2 18 38 50 50 50 50 50 4 21 13 41 42 50 50
27 50 50 31 50 0 50 50 50 50 17 50 50 23 50 36 6 50 50 16 50 50 50 34 32 19 50 0 1 50 9 33 43 33 50 50 43 50 6 50 50 50 42 50 50 50 48 50 2 50 50 50 18 23 48 50
50 41 50 50 25 39 50 50 50 13 27 50 34 50 50 40 50 12 50 50 50 50 42 33 17 11 2 19 50 22 34 50 50 29 50 21 50 50 50 50 2 50 50 50 50 10 50 23 50 50 37 50 50 50 50
50 50 50 50 50 50 46 50 50 50 36 50 50 43 50 47 50 28 50 50 50 49 50 44 50 29 19 50 32 2 50 50 50 50 50 50 48 50 3 42 50 50 50 16 15 38 9 41 50 23 50 50 50 50
33 2 50 50 50 50 50 41 50 50 50 37 9 12 0 44 8 40 50 43 50 50 20 50 50 50 25 50 50 50 50 26 25 13 50 50 50 10 50 50 11 50 50 16 23 42 32 35 36 29 28 50 50
50 45 50 33 10 10 34 18 50 17 26 25 42 16 15 8 50 19 50 50 12 50 50 1 31 50 50 2 50 50 12 16 25 33 4 39 50 50 50 50 5 30 41 0 22 50 50 50 13 34 44 50
50 50 23 50 28 50 29 9 50 50 50 50 50 16 50 50 22 37 19 50 50 32 50 50 46 50 2 50 50 50 7 34 50 15 50 33 33 29 17 50 35 50 50 18 50 30 50 50 50 4 50
25 50 50 50 43 50 25 50 44 33 50 50 0 50 28 50 50 31 32 32 50 50 50 50 50 50 37 5 50 30 7 14 50 50 50 50 30 50 26 50 25 11 50 50 50 0 30 35 50 50
16 26 50 7 50 50 50 50 50 50 14 50 50 39 18 50 50 50 50 31 50 8 50 45 50 0 10 18 3 35 50 50 10 36 42 5 50 50 0 27 50 14 20 50 50 44 50 2 50
50 50 50 50 50 50 50 19 44 28 1 50 2 50 50 50 10 50 50 50 50 50 50 13 50 42 50 50 50 50 50 50 50 50 43 50 4 50 50 12 14 50 46 50 50 50 37 50
50 50 4 50 50 50 22 50 14 50 48 6 50 0 50 50 50 50 6 50 47 50 50 50 50 50 30 50 4 50 50 44 50 50 50 24 49 50 50 0 50 43 50 50 50 50 50
46 50 50 50 50 50 6 50 33 50 50 19 50 50 50 49 50 18 50 50 11 33 40 50 35 50 50 50 37 50 40 1 36 50 50 50 0 38 18 50 35 50 50 50 50 50
50 50 50 50 40 50 50 50 50 50 50 50 47 50 0 50 2 49 48 47 50 50 49 16 18 50 25 21 50 50 6 50 50 50 44 50 27 50 50 50 36 34 39 50 50
19 41 25 34 48 17 50 50 3 1 50 24 50 50 26 10 50 50 50 32 32 42 50 17 35 38 50 50 50 8 50 6 31 3 50 50 50 50 15 22 50 7 45 50
50 6 24 50 50 50 50 50 50 23 50 50 50 28 50 50 39 50 41 50 11 20 41 35 50 50 50 50 50 46 50 5 50 50 50 50 15 20 50 8 50 50 50
50 11 50 50 27 50 11 20 50 50 50 4 50 50 45 21 50 50 24 50 27 50 50 22 39 5 50 50 50 3 17 50 13 4 49 48 50 50 50 50 10 50
50 21 50 50 50 50 15 50 50 24 7 41 31 50 20 33 24 50 50 4 50 39 50 50 50 50 50 50 47 50 43 50 50 50 50 0 8 13 50 50 50
50 29 50 28 50 16 10 50 50 19 50 5 50 40 50 50 20 50 44 36 50 39 50 6 50 23 32 5 37 42 11 8 50 50 0 50 50 50 50 50
50 37 50 18 50 50 15 29 6 50 24 8 50 50 50 50 50 50 50 50 10 50 26 50 40 50 50 17 50 34 50 29 50 50 50 14 31 20 50
50 50 50 50 50 13 50 50 37 49 4 50 17 35 50 50 1 31 50 50 25 50 50 50 31 14 5 50 50 50 50 50 50 50 50 39 50 50
50 35 5 50 50 48 50 28 50 50 50 50 50 50 50 4 50 50 50 20 36 49 50 23 18 8 50 50 50 50 0 50 47 39 50 50 50
32 50 50 50 50 50 49 1 10 50 50 5 50 50 11 36 50 50 27 50 50 50 50 50 50 50 50 24 50 50 15 47 42 34 50 50
50 27 17 50 45 33 50 50 50 50 44 50 50 50 50 37 50 50 50 50 23 7 50 48 8 31 27 30 50 50 50 50 50 50 50
38 50 50 50 50 19 50 4 50 45 10 50 32 50 30 50 42 16 17 50 50 50 50 50 50 50 50 50 50 50 50 50 45 50
29 50 50 49 49 50 50 50 50 30 50 50 50 50 50 50 50 50 50 50 50 50 35 50 22 50 50 46 1 50 40 29 50
0 50 28 50 50 9 6 50 50 50 50 50 50 41 50 48 50 50 47 50 50 50 50 50 50 50 50 50 37 50 50 50
48 14 50 50 23 50 50 42 50 37 50 50 50 31 41 50 50 15 47 23 19 30 50 50 50 6 18 7 50 50 50
0 50 50 43 50 50 42 28 50 50 50 6 13 15 0 50 27 50 28 50 50 30 8 22 17 50 50 50 50 50
11 6 7 50 50 50 14 50 50 50 50 50 50 50 1 31 33 50 50 50 29 7 50 50 19 33 36 7 50
32 20 50 22 6 50 39 27 50 50 50 50 10 50 18 12 50 50 50 50 3 26 44 50 21 50 45 50
9 50 50 50 42 27 24 50 50 21 16 50 33 50 50 50 50 41 50 50 24 50 50 50 4 50 50
0 50 26 5 48 50 50 19 50 50 50 31 50 50 50 50 50 50 50 50 13 0 24 50 50 50
10 50 30 35 4 50 50 50 44 25 50 12 25 50 50 50 50 31 40 50 50 50 50 50 50
22 45 45 15 47 50 44 50 50 50 50 50 50 36 46 50 30 50 11 1 50 50 49 50
50 50 50 50 50 50 50 0 27 50 50 50 50 50 50 18 14 49 50 50 50 0 50
3 50 13 50 50 50 35 50 50 50 50 50 10 37 8 50 18 50 43 46 36 50
34 16 50 50 50 50 2 50 50 50 50 50 50 32 50 50 24 50 50 50 50
43 19 7 50 45 47 50 50 50 50 7 50 46 1 50 50 15 50 50 50
50 50 34 11 50 4 50 50 50 18 50 50 50 0 8 50 50 50 50
50 50 50 50 50 19 50 21 50 12 50 0 50 8 40 26 18 50
16 50 23 38 50 42 50 42 50 50 50 50 44 41 48 50 50
23 50 50 50 4 19 50 36 45 50 40 45 50 50 10 50
50 7 50 0 11 50 50 50 50 34 50 50 36 50 50
50 47 27 50 49 50 50 50 50 26 38 27 50 50
50 25 6 50 50 19 20 50 25 50 2 50 50
50 12 50 50 50 50 1 50 50 1 0 50
50 8 50 50 50 28 6 50 50 50 50
38 6 7 25 50 10 41 50 50 50
41 50 50 50 50 50 50 0 50
50 35 50 50 50 50 3 50
50 11 19 40 0 10 50
30 16 50 25 50 50
50 50 50 46 50
50 50 50 50
16 50 50
13 50
50
