200 50
50 47 7 39 0 16 50 26 19 50 50 42 39 45 4 5 50 32 6 12 12 15 4 10 26 26 21 10 50 26 50 22 43 11 48 43 35 37 50 50 16 41 22 3 28 50 50 50 36 8 44 23 50 50 18 31 20 39 39 0 27 7 38 36 18 15 18 1 25 31 36 19 2 14 15 50 42 23 50 14 18 50 21 47 12 37 43 4 8 25 42 50 23 26 31 25 45 1 2 32 11 8 20 43 47 50 34 44 35 2 24 42 47 24 17 2 26 50 9 21 30 14 50 2 2 28 1 23 39 50 33 44 19 26 13 50 2 38 41 50 2 17 50 22 50 4 11 0 3 10 8 19 0 34 47 8 23 44 48 23 1 43 13 13 37 13 7 5 50 3 43 25 47 50 32 13 2 9 40 50 28 13 39 35 0 50 23 34 39 22 9 14 50 30 9 17 43 5 17 50
50 38 50 9 38 50 22 50 50 2 31 27 6 29 50 13 50 47 50 8 50 50 50 12 33 50 43 31 17 50 50 50 50 32 50 24 50 33 50 49 6 50 50 50 50 50 44 50 6 50 44 50 8 49 31 50 50 6 1 50 50 50 9 50 50 27 50 50 11 50 50 34 0 50 50 36 47 50 50 19 50 37 13 27 50 28 38 50 19 16 46 50 45 27 15 10 50 33 8 8 10 20 50 50 46 49 1 50 29 18 42 50 8 50 50 50 20 50 4 50 45 7 50 41 38 3 47 8 26 50 50 2 45 50 42 48 32 11 50 2 32 46 23 50 37 25 50 50 50 50 32 46 20 50 35 50 49 50 23 22 50 46 25 50 50 50 20 14 17 21 50 11 47 5 50 50 50 12 50 10 14 50 50 50 50 40 50 26 50 50 23 50 36 5 7 50 15 46 50
34 50 17 50 30 50 50 47 50 50 50 25 3 0 50 50 50 5 4 50 31 2 50 50 50 50 50 11 44 29 19 50 50 49 50 50 50 45 50 48 50 9 50 16 12 50 50 50 50 50 7 10 50 50 12 22 18 50 50 50 50 36 50 49 50 44 0 50 50 50 26 50 26 11 36 15 50 50 50 33 50 26 50 50 47 8 40 50 50 50 50 36 17 8 50 50 50 50 12 50 50 50 32 33 43 50 50 31 10 50 50 50 50 32 50 38 50 7 50 6 50 50 23 50 50 50 28 33 50 50 36 50 50 25 18 44 14 50 50 50 50 26 39 44 41 50 34 50 50 50 50 10 33 50 42 45 1 37 50 47 50 36 50 18 50 13 50 29 38 50 21 50 20 50 2 50 0 30 31 50 50 50 25 50 23 50 46 26 50 33 28 50 46 50 22 35 24 50
47 50 6 50 50 50 47 50 50 50 50 21 50 20 38 11 49 50 50 26 50 50 50 50 18 44 40 11 4 50 50 50 19 50 15 50 12 50 50 50 50 50 50 25 43 16 50 44 40 50 50 50 50 50 13 50 50 50 14 50 50 31 50 39 50 25 8 50 50 50 50 16 0 50 37 50 50 30 50 23 3 50 42 31 2 50 1 41 9 47 24 50 50 12 12 39 50 14 50 35 24 7 50 50 22 50 50 41 50 46 50 50 45 50 41 50 50 50 50 50 50 41 50 50 50 10 50 48 47 50 50 31 50 18 50 50 36 43 37 50 50 1 29 0 50 50 50 44 50 50 50 41 31 2 50 50 50 50 4 14 19 50 50 50 50 24 50 50 15 13 17 50 11 17 11 50 28 50 27 50 50 4 11 50 50 2 50 4 50 27 7 50 26 26 50 50 50
0 43 50 50 50 7 50 16 3 7 31 40 46 34 50 50 50 42 50 41 50 37 50 50 15 50 45 50 35 0 50 9 20 25 19 29 38 50 50 50 44 50 50 50 20 50 10 9 23 50 50 4 34 13 0 50 50 50 42 50 50 24 50 50 1 50 27 50 39 50 50 50 50 44 50 50 32 4 50 50 50 6 38 50 50 28 6 50 50 18 50 50 21 50 50 42 17 50 36 30 50 50 34 49 50 2 22 50 50 0 50 30 36 50 23 13 50 3 11 24 36 50 50 50 14 6 50 7 43 5 50 26 33 47 50 50 9 50 50 32 50 50 32 50 50 35 50 31 29 50 25 17 50 3 50 27 50 8 31 44 3 50 50 30 50 42 19 40 50 28 50 50 50 50 50 3 41 50 50 36 27 50 50 2 50 50 43 50 50 6 19 50 50 50 43 50
50 42 33 50 50 32 50 5 29 50 30 50 14 50 15 11 50 9 32 50 49 50 50 35 50 7 50 50 50 50 50 6 50 46 25 50 36 50 50 50 50 50 42 1 50 50 21 44 50 40 28 50 50 50 16 50 9 6 14 8 24 0 20 35 50 50 50 5 14 50 32 50 31 50 50 50 50 50 50 50 50 50 50 50 44 14 50 46 32 50 37 14 50 35 48 50 47 49 50 50 24 50 41 50 14 49 50 33 24 26 36 23 50 29 50 7 50 10 50 50 50 40 43 50 50 22 50 37 10 10 50 13 5 50 50 26 36 39 24 12 19 29 50 30 50 50 0 50 50 32 50 50 42 9 10 2 30 50 3 50 14 8 50 50 30 9 9 50 27 45 34 48 50 8 33 50 50 50 50 15 2 42 12 18 49 0 50 0 50 48 50 0 50 50 50
50 19 50 50 49 50 50 10 9 19 34 41 50 50 50 7 50 50 50 48 46 50 2 43 44 24 43 36 50 39 13 50 50 33 45 0 50 6 49 50 50 50 37 22 37 50 28 36 18 35 48 33 50 50 50 50 20 31 17 10 8 42 4 34 12 50 50 43 9 5 50 16 50 50 50 50 50 37 50 26 10 13 50 50 50 50 3 50 50 25 43 50 13 39 50 0 33 50 27 18 39 23 45 47 15 50 1 50 50 50 50 41 50 1 4 50 42 50 50 50 50 40 50 50 0 50 31 12 28 50 9 50 50 50 31 44 50 12 50 40 40 50 43 50 33 50 0 50 50 4 25 50 50 50 14 50 43 34 23 50 17 50 13 50 41 50 41 28 14 13 50 7 0 50 50 41 13 50 32 11 50 32 1 50 37 37 50 50 50 50 21 41 50 50
43 41 33 7 50 48 50 4 5 33 44 50 50 50 50 10 11 50 49 27 8 39 50 50 50 50 25 7 50 50 19 50 50 25 45 6 50 12 50 44 36 5 17 50 50 45 50 31 21 50 50 16 50 22 4 50 37 14 31 50 19 4 50 50 50 13 50 50 39 50 50 50 50 50 31 5 10 50 41 50 24 50 50 26 50 27 50 50 31 28 13 50 37 50 31 50 33 50 50 50 46 11 42 50 50 38 31 15 12 50 50 50 22 20 50 50 50 30 50 50 48 0 24 4 50 50 42 50 20 50 50 6 50 32 50 50 35 30 2 28 1 34 50 50 46 45 50 3 18 50 50 5 50 22 2 22 50 50 50 12 50 50 50 16 50 50 5 50 24 41 50 50 47 28 50 7 50 50 26 50 45 19 50 12 50 9 50 50 23 50 50 50 50
38 45 50 50 31 50 9 42 50 33 50 50 50 50 26 50 44 50 13 6 50 50 50 50 30 46 50 50 50 27 18 3 46 32 50 50 50 50 49 50 50 11 25 50 50 16 50 50 50 5 50 7 20 50 23 20 18 43 50 50 34 38 26 50 50 1 49 50 50 32 50 12 12 49 7 50 50 50 47 7 50 39 50 50 20 50 36 50 26 50 38 48 42 50 15 41 50 50 50 24 16 43 13 50 12 40 50 50 28 50 50 50 50 38 32 38 17 50 50 50 50 2 50 0 5 50 4 18 50 50 12 50 50 50 50 50 50 29 43 50 50 50 31 50 50 50 45 14 50 50 46 48 45 50 37 3 50 50 50 17 50 32 43 50 45 4 50 50 50 50 50 21 42 50 50 50 45 23 49 24 38 50 50 50 50 50 17 50 50 8 46 50
50 17 50 27 38 19 50 29 19 15 50 50 28 49 40 50 50 50 37 50 50 50 50 28 50 33 50 24 12 50 11 50 50 50 50 50 18 4 38 41 50 50 7 20 50 50 11 50 8 50 50 6 50 9 29 42 11 8 48 50 50 1 13 1 14 50 50 24 50 50 47 50 15 26 50 50 50 50 50 29 2 50 50 50 50 50 50 45 19 50 50 50 50 25 50 1 50 50 50 0 50 50 50 39 50 24 25 50 50 50 41 31 50 46 50 42 43 23 50 50 50 50 46 3 50 6 37 50 50 25 31 22 13 32 50 44 50 11 45 11 50 50 50 5 50 50 50 13 7 50 19 50 37 50 50 48 43 34 29 8 23 50 2 50 50 50 50 2 50 2 16 50 24 50 50 17 50 36 35 21 19 40 50 50 50 50 16 28 29 50 50
39 50 9 50 50 50 50 50 47 50 50 27 50 39 50 50 50 50 40 20 39 26 50 6 50 20 14 36 50 25 23 48 24 41 50 50 50 50 50 50 50 50 47 50 50 50 50 50 50 47 16 28 24 50 50 16 16 50 19 50 50 50 50 50 50 50 45 24 40 50 50 50 50 50 50 50 50 15 50 50 50 9 44 42 43 50 50 50 50 50 34 31 14 50 32 50 50 50 50 37 50 17 50 50 15 50 47 31 27 50 44 40 11 50 50 22 50 4 50 40 35 50 49 16 29 2 50 50 50 50 47 50 47 24 0 50 50 50 50 50 18 50 50 50 11 10 48 44 38 44 46 50 36 50 42 50 50 39 50 3 50 50 50 4 50 35 50 33 50 12 5 50 30 1 50 37 50 43 36 11 50 50 40 50 50 44 50 24 31 50
50 50 37 50 20 50 50 39 36 5 34 44 50 50 50 50 12 9 50 50 15 20 50 50 25 48 37 42 50 50 50 18 50 50 50 50 50 50 31 50 50 50 48 50 50 3 46 50 36 50 8 50 50 29 50 50 50 50 40 37 31 50 50 39 21 50 50 50 50 6 50 50 50 14 50 50 42 38 50 50 35 50 50 50 3 47 13 41 50 50 29 19 50 50 50 50 45 50 50 8 50 48 50 50 29 50 50 50 26 17 20 50 22 27 31 37 48 3 50 50 39 31 50 50 37 50 50 10 23 50 17 34 50 48 50 37 50 25 50 33 36 50 50 50 43 50 50 34 50 50 11 50 50 50 50 7 10 12 50 34 35 50 50 20 50 50 30 50 47 27 31 50 50 50 28 7 16 50 50 50 20 50 31 50 4 50 50 50 50
12 50 50 50 50 39 50 26 50 50 1 44 50 40 50 28 50 11 50 50 50 50 50 50 42 50 50 22 50 6 50 42 46 50 41 50 50 50 38 4 9 50 50 42 50 18 41 48 5 13 50 50 50 50 10 0 50 50 28 50 23 49 50 50 50 50 50 50 29 50 26 50 27 50 50 4 47 50 16 34 30 50 35 50 20 50 10 46 50 7 44 50 50 50 50 50 50 17 2 50 50 19 50 37 50 50 50 50 50 34 13 50 36 50 50 50 50 10 50 39 50 50 29 32 8 50 3 50 50 25 50 50 50 43 50 35 44 50 50 22 50 20 50 50 33 22 50 50 47 22 50 50 15 50 25 50 47 50 28 34 50 0 50 31 50 50 8 50 50 50 50 50 14 10 50 50 50 50 45 18 50 15 50 45 50 0 50 50
50 4 43 50 19 39 46 26 50 50 50 27 38 50 16 50 35 50 50 50 38 50 42 43 50 20 21 26 25 3 50 46 24 16 29 8 45 50 50 2 47 50 43 50 45 50 50 50 36 29 50 37 33 50 22 12 50 2 50 50 8 41 50 12 50 50 50 50 6 50 41 14 3 21 50 26 40 31 29 50 50 34 38 31 50 50 38 50 40 30 38 37 50 26 50 10 50 34 50 50 1 50 50 50 50 50 50 15 50 42 50 50 3 50 50 10 50 1 50 42 17 50 12 25 50 50 18 50 23 50 50 38 1 26 50 22 0 50 50 16 50 14 50 34 41 11 43 17 27 46 29 50 28 50 44 50 13 31 50 50 50 7 50 16 50 17 50 50 0 50 49 50 17 50 8 50 50 27 50 50 50 16 1 50 32 50 50
21 11 20 2 13 44 50 50 1 50 26 50 50 50 50 50 40 22 50 50 50 50 32 50 50 50 50 8 23 45 30 18 50 50 14 50 50 30 50 50 48 1 50 50 33 2 5 34 19 10 50 27 50 50 32 22 50 50 41 50 50 50 50 50 50 23 50 9 22 12 50 50 42 50 8 28 36 17 50 4 50 37 31 50 50 50 43 50 50 50 46 50 13 50 26 22 45 48 50 12 50 38 48 50 50 50 50 8 12 50 50 50 17 39 50 50 49 50 16 50 26 50 50 50 31 50 14 11 50 38 50 50 50 50 24 50 22 24 13 50 32 32 50 50 50 50 50 50 1 50 50 48 50 50 50 42 50 50 12 43 50 50 50 50 0 50 12 13 0 50 22 50 3 10 47 17 45 43 50 50 22 50 22 3 17 50
50 50 50 50 50 50 44 50 50 50 50 34 0 50 50 35 50 50 50 50 40 2 29 50 50 50 2 20 28 50 50 50 13 19 50 50 50 12 7 40 22 50 50 28 35 25 43 36 50 35 29 1 21 50 50 50 39 42 0 50 27 50 50 50 50 50 50 19 50 38 50 21 50 50 50 50 15 39 50 26 50 50 50 50 50 50 21 11 35 48 50 3 50 41 50 50 45 50 10 50 50 0 50 12 37 50 50 24 35 33 50 50 50 50 50 50 50 50 43 50 28 2 50 30 40 50 50 50 2 1 50 50 44 50 50 50 5 8 50 46 50 50 35 50 50 42 50 50 50 47 23 50 2 50 50 50 28 50 50 24 36 49 50 20 50 0 14 41 50 4 41 41 17 32 50 50 7 16 21 50 22 50 29 50 50
15 22 19 50 33 1 12 50 50 36 50 26 50 33 2 41 50 50 50 14 50 50 33 7 50 50 50 40 31 50 50 39 1 50 16 5 50 50 50 50 15 47 50 50 7 50 48 3 42 45 10 50 50 28 46 50 17 50 50 21 50 50 33 5 50 3 50 50 50 50 25 43 4 42 42 50 41 37 37 8 33 22 24 50 50 50 50 8 50 50 13 50 50 3 50 9 34 50 6 50 2 50 50 50 50 50 3 50 50 50 50 50 50 15 21 49 48 14 38 3 50 23 5 50 24 50 8 50 50 50 14 50 50 50 2 33 50 5 50 50 50 50 50 50 50 50 50 50 4 50 50 50 50 50 29 50 7 50 50 32 36 50 50 50 50 20 19 50 50 34 35 50 50 43 50 50 50 50 22 18 50 50 50 50
21 50 41 50 25 25 50 44 50 50 50 14 50 18 50 50 50 19 20 50 35 16 50 50 10 50 35 2 50 50 11 50 0 0 20 50 50 50 28 16 50 50 50 50 50 4 50 50 50 50 50 46 50 36 38 45 50 50 30 1 31 50 50 38 21 4 24 17 8 50 26 50 50 50 50 29 50 18 6 41 50 38 12 50 38 19 50 50 50 24 34 42 2 50 50 50 50 48 45 50 50 1 50 50 50 5 50 0 50 50 50 1 32 17 44 35 50 50 50 50 50 48 50 50 19 2 21 50 9 2 33 50 50 50 50 50 39 50 50 34 50 44 3 50 50 50 50 50 50 13 50 50 11 8 43 50 50 40 37 50 50 50 50 49 13 27 35 22 50 46 50 7 50 50 40 50 47 6 50 50 50 50 50
16 50 50 50 45 38 50 50 2 23 50 50 50 49 50 50 32 14 50 50 50 50 50 21 34 32 21 24 50 50 50 50 3 7 5 29 50 31 40 4 50 42 5 7 41 50 50 13 50 50 32 7 23 50 50 35 50 24 50 32 16 41 1 18 50 50 50 50 50 50 50 37 2 36 33 8 50 30 50 50 50 50 50 50 50 50 50 38 50 35 28 20 39 1 5 50 9 3 50 14 50 15 2 18 50 12 2 7 50 50 50 50 33 28 50 50 46 50 19 16 50 31 42 50 4 50 50 24 10 50 16 50 50 24 50 50 50 50 21 50 26 50 50 27 50 50 11 23 49 5 50 21 50 19 16 50 50 50 50 16 10 14 5 50 10 46 50 6 33 14 0 12 50 50 50 47 41 50 44 50 50 50
50 50 25 50 20 1 34 50 50 42 50 7 38 50 50 6 7 50 31 33 42 49 50 50 50 25 9 1 19 50 50 30 39 14 50 50 47 33 50 50 48 50 21 4 3 45 50 50 50 50 50 29 6 6 50 6 36 1 50 50 38 7 50 50 50 13 50 50 31 48 6 37 50 50 1 1 32 39 34 50 13 50 50 50 50 50 50 50 29 35 45 11 50 38 50 49 50 50 15 50 50 49 50 44 50 35 16 23 50 40 50 6 50 49 50 31 50 21 31 50 50 42 50 32 50 41 35 50 50 13 50 6 12 50 50 10 26 47 50 50 50 50 5 47 50 35 50 43 50 24 50 50 13 17 2 27 50 50 50 8 18 32 50 35 50 50 26 50 50 28 50 6 50 50 50 15 50 0 50 22 50
33 44 2 50 50 50 50 11 9 50 50 2 45 49 50 50 21 49 50 50 50 50 16 1 16 42 50 33 50 50 4 50 50 29 0 11 50 50 50 48 18 17 50 16 50 22 50 50 39 50 50 7 16 27 50 50 24 1 50 50 50 50 50 50 14 20 5 42 36 50 50 8 50 50 23 32 50 25 50 50 45 50 50 11 15 50 49 2 50 2 50 50 13 50 18 50 36 30 16 24 50 25 50 25 50 50 4 24 35 5 50 24 50 26 50 16 50 50 5 50 3 50 15 50 50 43 50 50 50 34 10 49 50 48 50 17 50 50 36 27 50 19 50 50 50 4 50 50 6 50 50 50 46 28 50 22 50 12 15 50 50 50 5 50 50 50 50 42 31 50 37 17 50 50 47 50 20 50 50 50
50 21 50 28 50 50 25 50 16 31 33 50 50 32 24 50 1 27 38 16 14 50 36 49 29 3 50 9 39 50 50 38 50 47 50 50 50 48 50 4 50 50 50 50 50 28 11 1 50 50 34 12 28 50 37 50 17 50 33 22 10 50 47 50 50 50 28 50 29 50 50 50 50 50 45 43 50 15 50 10 50 29 50 50 10 40 45 35 42 50 50 50 50 50 50 31 50 14 50 6 50 50 7 46 7 50 50 50 50 50 5 44 50 14 50 50 16 25 23 50 50 50 30 19 11 50 34 47 6 20 50 26 50 50 50 50 32 50 14 43 2 50 50 50 38 50 30 29 50 50 50 15 13 50 50 27 32 14 50 50 28 9 5 36 50 18 50 50 6 9 5 16 41 50 0 50 44 22 50
6 50 32 50 24 16 50 50 50 50 43 36 25 50 31 11 23 50 22 11 7 50 50 50 50 50 50 50 42 50 4 50 20 48 50 2 50 38 50 19 12 50 50 22 17 50 21 50 50 50 37 22 50 44 50 43 50 50 33 50 50 30 50 38 14 12 8 50 50 3 50 23 30 46 3 50 50 50 50 50 33 29 50 50 50 50 21 50 50 11 43 50 50 16 50 15 22 32 50 50 50 15 50 48 50 34 50 50 50 8 19 50 25 13 50 50 0 26 44 0 22 50 50 28 50 3 50 50 50 50 0 9 45 50 50 50 50 50 35 50 5 50 18 39 50 50 50 49 50 17 11 30 50 16 50 47 50 22 50 21 50 8 38 10 8 21 50 50 50 4 50 50 18 41 38 15 50 50
50 50 50 50 50 44 35 47 26 50 50 43 50 50 50 36 16 33 40 50 32 4 46 50 12 50 43 50 19 20 50 8 50 50 50 19 50 50 22 1 50 6 45 50 32 18 50 50 7 13 50 50 50 50 45 50 50 5 19 36 50 50 50 50 50 21 50 27 28 45 50 50 50 50 3 40 28 50 50 50 18 30 50 50 11 29 44 41 42 50 15 50 26 50 21 50 26 1 50 23 50 13 50 50 50 34 50 14 50 50 50 18 6 50 12 4 50 23 50 50 50 32 50 50 50 50 48 21 25 47 40 36 50 46 1 50 1 37 43 35 46 50 50 50 50 50 17 50 50 50 50 41 50 50 50 42 50 1 50 46 50 50 50 33 0 50 50 24 50 50 50 40 6 33 49 4 50
50 46 50 0 6 50 50 50 50 33 31 20 50 50 19 50 50 50 50 50 50 50 29 50 50 50 50 50 50 1 50 29 50 50 50 43 50 43 50 30 36 4 50 50 50 50 23 9 26 49 24 10 6 7 50 50 34 50 50 50 50 18 50 44 50 15 50 50 50 28 50 50 50 50 50 50 50 50 50 50 50 50 50 50 42 27 9 45 50 25 50 50 25 50 50 50 50 42 50 50 50 50 50 50 7 24 50 41 50 50 50 10 11 50 10 50 28 50 50 50 50 50 50 50 31 45 22 23 50 35 50 50 47 14 13 50 50 15 50 50 50 50 24 50 50 12 11 5 50 18 50 8 50 6 50 50 9 50 44 9 50 10 50 50 50 50 28 50 50 3 38 35 48 50 16 50
50 22 50 50 45 19 42 3 50 50 50 50 50 50 50 50 50 50 10 39 50 21 50 50 14 25 50 34 40 50 50 50 35 45 50 41 50 5 50 30 50 33 24 5 50 50 50 50 50 50 50 50 6 11 11 16 50 2 38 50 50 37 23 26 5 50 9 49 4 9 50 17 50 20 41 50 50 49 50 50 50 50 50 50 50 50 12 50 50 50 37 17 6 50 48 46 41 9 50 35 50 5 50 28 50 50 50 8 50 50 43 50 23 33 50 50 31 26 10 50 50 50 11 50 7 36 3 50 50 50 18 25 50 50 3 28 5 50 50 50 34 50 45 21 33 50 50 50 40 16 10 33 13 0 15 28 5 50 50 33 33 6 50 50 29 50 50 30 50 33 13 50 5 50 50
50 50 50 21 50 50 41 1 7 5 42 50 50 20 50 50 19 25 50 50 50 50 35 29 50 50 13 50 50 13 4 39 41 50 2 50 49 36 50 42 50 50 50 17 37 50 50 31 50 35 32 50 50 18 50 43 18 50 50 16 21 50 41 0 50 50 3 39 50 44 50 50 50 50 50 50 40 50 4 50 50 25 15 7 48 33 41 50 50 39 50 41 10 27 36 50 14 32 50 20 22 50 50 50 50 48 46 50 50 17 50 28 46 50 48 50 50 29 50 26 8 50 47 50 36 50 23 20 6 50 20 50 50 50 44 1 50 9 50 0 6 45 12 1 36 50 50 50 37 4 50 11 21 50 50 38 50 50 50 50 19 50 50 50 14 50 47 50 50 19 50 28 21 50
50 29 50 43 1 35 36 50 50 35 7 50 50 50 21 11 45 1 50 44 50 20 50 50 50 50 50 31 14 6 50 50 38 27 6 50 3 50 40 50 50 16 24 38 50 49 8 35 50 1 34 50 22 34 8 50 50 21 6 43 50 34 41 40 50 1 29 45 6 15 50 46 50 50 50 50 50 37 45 50 39 50 50 50 50 4 50 50 50 26 0 50 50 50 50 12 50 50 33 50 50 33 29 10 50 50 50 12 50 28 2 50 26 27 41 10 7 32 3 3 50 50 8 50 50 50 50 50 50 50 50 43 27 9 50 50 50 50 46 50 50 50 48 50 50 23 43 50 50 50 17 50 50 50 25 3 50 50 50 18 21 30 50 27 50 23 50 1 12 37 42 19 50
50 50 48 48 38 29 48 15 29 29 2 15 32 44 50 50 50 3 50 50 50 33 50 50 50 48 50 50 50 50 50 50 50 50 46 50 50 50 24 8 50 27 50 39 50 50 45 18 50 50 45 50 50 50 50 42 50 34 10 50 50 50 50 50 50 36 50 50 50 29 50 50 50 50 45 16 27 50 50 50 50 50 30 19 35 50 27 50 50 36 50 50 41 29 50 20 50 7 50 50 9 50 50 50 50 50 6 50 17 14 2 50 50 50 50 50 37 50 50 46 50 42 50 50 13 43 50 43 50 50 32 21 50 43 50 20 21 24 50 50 50 48 46 50 32 50 50 34 1 26 50 50 50 50 40 50 22 50 15 50 50 9 45 50 5 50 50 4 19 50 50 50
14 50 49 50 41 32 9 50 27 50 50 50 50 40 45 2 50 26 24 11 17 6 50 26 15 16 50 34 44 0 32 8 42 14 28 50 4 10 5 50 50 36 32 50 31 9 50 50 16 50 50 50 50 50 35 50 31 50 27 3 37 28 50 50 50 50 50 50 50 50 50 50 35 50 50 27 50 18 6 50 50 35 32 50 50 50 50 50 50 50 50 50 26 31 50 50 50 1 9 50 50 6 36 50 33 50 50 6 50 9 50 21 50 50 50 50 48 1 50 50 34 50 50 39 35 22 47 12 0 50 17 49 50 50 22 16 1 25 50 43 48 50 50 50 33 43 28 14 50 7 50 23 20 50 35 6 45 1 50 50 50 50 6 36 50 50 23 50 50 50 50
8 50 50 50 50 50 50 50 50 50 50 50 50 50 50 50 50 16 25 50 50 25 50 50 50 0 50 50 47 26 50 24 50 50 22 50 50 50 43 4 50 7 3 50 50 50 47 50 50 50 50 50 31 1 50 38 50 50 50 50 24 50 44 50 50 50 19 50 0 50 50 8 36 1 50 27 33 26 50 50 30 9 50 40 23 50 50 9 30 48 50 16 40 35 50 50 50 30 50 23 4 42 3 50 49 50 0 50 13 42 37 50 50 26 43 18 50 41 50 50 10 50 50 50 31 50 50 32 50 50 50 28 50 6 50 50 34 12 50 50 50 46 50 50 8 30 50 26 50 50 31 50 50 50 50 0 50 43 50 50 39 50 50 42 50 50 50 50 2 50
28 34 39 13 50 50 50 50 50 23 12 37 50 29 50 29 50 50 50 50 13 20 44 36 50 50 50 50 50 8 30 5 50 15 19 50 20 49 17 50 50 50 50 50 36 50 50 29 3 50 50 41 21 50 7 8 4 50 50 50 22 16 50 49 50 50 50 46 6 0 32 30 50 40 1 50 38 50 38 50 50 50 27 40 9 50 43 50 24 50 50 34 50 44 12 50 44 50 50 50 44 50 50 50 50 12 29 2 31 50 50 46 50 50 33 26 50 28 50 50 50 50 20 50 50 37 50 50 14 50 50 50 45 50 50 7 15 49 50 50 50 50 50 50 50 10 50 16 12 8 50 50 7 31 50 0 50 50 50 50 50 50 50 25 19 50 50 29 50
36 8 43 50 1 50 50 50 50 38 18 50 50 40 46 50 14 2 0 50 17 50 23 11 31 42 5 50 50 50 50 50 50 13 50 50 21 50 50 50 6 34 23 47 50 48 50 14 50 50 6 34 50 50 50 50 50 50 50 50 2 8 50 50 50 50 6 50 50 50 3 14 22 24 11 12 50 16 50 50 50 46 50 50 20 50 50 50 50 21 38 50 50 24 2 50 50 50 50 50 0 25 44 35 5 14 50 12 50 43 39 50 27 12 38 25 4 50 50 31 17 38 30 50 25 50 50 50 7 50 6 1 50 50 14 50 11 50 50 50 50 50 50 14 50 32 50 11 37 50 50 50 50 38 50 6 50 50 45 11 50 50 30 50 50 25 50 50
50 50 45 50 50 50 50 50 48 20 20 50 50 32 50 50 1 50 50 37 50 50 50 18 27 50 50 13 14 50 50 9 50 39 50 15 47 21 50 35 50 24 25 16 50 22 14 46 0 33 10 50 50 50 50 2 27 11 6 50 18 7 19 50 50 14 5 50 50 50 44 50 47 50 50 46 46 50 30 50 30 50 50 50 50 50 4 38 35 38 27 50 28 50 50 17 50 27 7 50 50 42 50 36 50 50 31 39 50 27 50 12 50 50 42 40 50 50 50 50 42 50 23 50 50 50 50 13 13 50 50 47 50 50 44 50 30 29 45 22 50 27 23 8 49 9 50 50 33 11 0 21 27 47 7 6 50 50 50 13 7 50 50 30 50 9 50
49 50 50 50 1 0 50 37 31 50 50 17 50 13 18 50 50 50 1 21 40 50 50 12 36 31 11 27 30 50 50 14 50 35 50 50 50 26 50 50 50 50 28 50 1 23 50 50 50 50 6 10 41 22 4 35 50 13 50 43 50 11 12 36 3 42 9 48 50 50 50 7 41 16 18 50 48 45 14 50 50 48 50 50 48 20 17 50 7 50 50 50 15 50 50 50 9 50 50 50 36 30 12 15 30 50 50 19 50 33 27 1 50 47 32 50 50 50 47 50 50 24 50 50 45 50 50 29 34 50 50 7 38 50 50 50 37 7 50 50 33 50 11 12 50 50 50 27 50 50 43 5 50 6 44 50 50 50 50 7 50 50 50 32 41 50
37 50 20 50 8 34 17 50 50 50 34 12 50 50 48 16 50 50 33 0 10 27 46 50 48 50 33 50 48 9 50 35 41 50 50 23 15 9 9 13 50 44 38 42 50 35 36 50 50 35 50 0 35 40 50 46 50 50 25 28 50 50 0 50 4 47 1 15 39 50 50 43 50 35 2 50 37 50 41 50 50 50 50 25 44 6 50 43 23 50 3 50 18 50 47 48 25 50 50 50 50 30 50 50 50 50 10 32 47 4 38 50 0 50 50 44 35 50 41 50 50 50 50 50 50 14 3 46 50 33 20 32 22 50 6 50 41 50 33 13 20 50 26 50 50 50 50 50 50 22 1 48 0 29 45 50 50 3 8 50 50 50 2 50 50
18 50 50 50 44 3 36 35 50 50 14 50 50 27 28 37 16 1 50 50 50 37 50 50 50 50 50 48 0 47 25 49 50 50 50 3 22 50 27 50 24 3 36 15 50 37 8 34 50 50 50 20 50 50 50 50 50 50 10 23 45 50 21 50 39 38 50 20 26 50 49 50 50 50 50 45 19 50 35 2 50 46 27 27 12 11 21 50 50 47 50 50 50 39 13 11 50 50 6 50 50 50 50 50 50 50 13 50 33 5 50 39 45 26 12 50 25 50 23 50 4 50 50 9 33 50 50 5 50 50 50 50 50 50 50 50 31 12 50 1 17 50 50 32 50 36 25 16 50 50 23 50 44 36 39 20 50 49 43 50 28 50 41 50
45 10 50 16 0 47 50 7 15 37 32 35 25 16 50 50 37 50 50 36 50 50 28 50 50 50 16 6 50 50 50 50 50 37 50 50 50 50 50 50 46 50 13 50 4 5 23 50 34 2 3 50 50 50 9 50 36 39 50 50 50 50 30 50 38 7 50 50 21 50 50 50 50 37 50 50 41 50 50 50 8 5 50 28 50 50 35 14 2 50 50 26 50 25 13 50 13 15 50 50 25 50 50 50 50 35 50 8 29 50 19 50 50 5 33 11 50 50 49 50 50 50 50 50 12 22 50 50 50 50 31 27 18 50 21 50 17 50 50 19 44 50 16 18 50 50 50 48 16 8 34 50 7 50 38 8 50 50 9 50 50 50 50
50 50 14 50 50 50 50 50 50 50 11 50 50 37 13 50 50 50 50 48 50 17 50 50 44 7 12 50 4 50 50 50 50 29 50 50 24 50 38 36 50 50 50 50 8 30 50 50 50 37 50 3 50 50 38 50 4 50 42 50 39 50 50 16 50 50 50 50 50 50 50 50 23 50 50 42 32 33 50 50 28 34 9 42 50 50 31 50 44 50 50 47 22 50 50 50 13 50 7 18 50 48 50 50 50 50 50 33 50 50 45 50 50 29 50 38 20 50 0 50 50 50 50 7 50 50 41 50 43 2 50 50 7 50 50 21 48 50 10 50 50 35 28 18 50 6 33 22 17 50 50 50 50 50 25 50 50 30 43 7 50 50
27 50 38 50 31 37 50 50 11 41 6 39 24 50 50 50 50 34 43 50 44 17 22 8 50 50 50 50 26 50 8 50 43 50 7 20 50 50 25 39 13 19 50 22 16 50 16 49 16 50 18 28 50 50 3 50 37 21 37 3 18 50 50 47 50 50 10 50 40 31 38 16 0 22 29 50 50 32 50 19 21 50 50 31 46 46 50 14 50 40 50 50 0 50 15 48 3 50 50 50 50 21 50 50 45 50 7 50 43 15 16 14 50 50 50 50 34 50 44 0 20 50 4 25 30 7 50 12 50 49 50 9 50 35 40 19 50 50 50 39 16 50 50 50 33 3 40 47 20 50 50 50 50 44 50 50 50 50 30 50 50
32 50 50 50 42 50 50 50 9 18 50 50 50 50 26 6 23 24 50 50 29 50 17 30 50 0 50 50 50 50 50 50 49 50 50 42 50 31 35 50 50 43 50 13 50 50 50 50 40 50 42 24 50 50 18 50 35 50 50 39 50 50 50 36 3 50 17 11 15 50 50 24 42 50 19 48 14 38 50 50 50 50 26 15 50 50 15 50 50 4 43 50 50 50 50 50 50 50 25 5 15 30 50 50 15 50 50 50 34 50 50 50 50 41 10 38 50 50 33 50 50 9 50 15 28 50 26 50 50 44 50 50 50 46 49 37 50 10 50 16 33 44 49 50 50 18 1 17 17 37 50 47 50 44 50 50 2 11 24 50
44 4 50 50 29 16 50 32 50 36 16 50 46 50 11 50 16 50 50 50 16 2 23 43 7 18 50 34 50 9 3 50 50 3 50 27 0 50 50 31 50 50 50 50 50 50 32 50 50 5 44 50 50 31 16 40 8 0 35 50 50 50 41 50 50 21 50 15 50 47 50 50 10 9 44 50 6 50 50 25 47 12 19 12 29 50 50 30 50 42 12 16 50 50 1 5 50 50 44 16 50 50 17 16 6 50 18 37 50 8 50 50 50 16 50 48 50 2 32 36 24 21 25 50 11 50 5 50 50 50 27 13 20 3 50 22 20 50 50 30 50 34 50 14 50 50 9 50 49 50 50 37 50 47 21 50 50 1 50
50 21 15 50 34 24 1 35 50 16 15 50 47 50 21 50 50 50 50 19 50 50 50 22 4 50 50 23 8 50 50 50 5 50 50 42 50 4 16 50 34 50 50 50 21 50 7 50 50 50 50 11 15 50 39 11 50 50 11 50 50 22 37 3 50 50 13 50 10 31 43 50 50 49 50 50 50 50 37 50 2 21 49 35 50 23 13 50 50 4 50 50 50 50 4 50 50 26 18 50 35 27 50 50 50 38 50 50 34 43 50 34 50 36 50 37 46 50 19 25 50 50 50 50 44 29 30 41 50 50 41 50 20 50 18 34 50 40 50 50 50 32 37 50 50 50 29 49 50 50 9 50 50 50 50 50 48 50
50 50 50 50 30 46 50 50 50 29 43 50 50 50 25 50 9 36 34 50 22 36 36 50 5 50 50 50 23 50 50 50 50 50 50 50 50 50 50 50 50 15 39 43 11 50 45 50 42 27 50 12 46 50 42 50 50 50 50 50 44 17 50 50 50 48 26 23 16 50 50 50 50 18 33 41 18 17 50 38 16 50 50 33 35 50 0 50 50 50 47 49 34 14 50 19 4 21 50 11 50 50 43 50 50 2 50 50 22 50 50 50 50 50 24 50 50 11 50 38 50 50 29 46 50 50 50 23 32 18 29 50 28 50 50 18 6 50 17 50 47 33 50 50 50 13 23 50 50 6 50 50 50 50 50 44 50
2 38 15 9 50 50 1 50 50 38 50 50 22 50 50 50 47 50 50 27 50 50 50 39 50 50 42 50 17 42 50 50 50 14 50 2 37 50 50 10 50 50 10 11 1 50 50 2 50 50 47 50 50 2 8 27 4 50 30 50 50 50 50 33 50 50 50 50 43 21 12 50 23 50 50 50 50 50 50 26 50 14 50 46 46 50 50 24 50 50 3 33 5 50 50 50 50 50 18 50 13 18 48 41 50 50 50 50 42 50 50 38 48 29 50 27 50 21 44 50 50 50 50 16 12 42 50 50 3 50 50 12 9 6 50 50 49 50 36 50 33 19 50 50 45 38 50 50 40 13 50 50 50 48 50 50
44 40 50 8 50 50 38 34 27 50 35 18 50 50 50 4 50 50 49 6 44 50 50 24 50 50 11 47 50 50 20 50 50 50 50 13 50 50 50 38 50 44 50 14 4 50 5 50 9 50 50 50 14 50 50 50 11 41 44 50 48 50 50 40 50 50 3 22 23 45 28 40 50 50 50 23 26 50 50 21 50 50 50 50 50 50 50 48 50 50 50 50 50 21 28 50 0 43 50 50 50 50 50 41 50 46 4 50 50 50 1 36 50 22 50 50 33 10 50 50 50 45 36 50 50 14 37 31 50 4 50 50 50 43 50 50 50 31 50 17 50 50 13 50 50 50 45 50 50 50 50 50 32 50 50
50 50 50 50 23 7 50 15 50 7 50 7 50 50 41 35 50 50 50 50 38 50 7 41 50 8 50 21 50 50 27 50 50 11 16 47 8 38 50 50 50 50 50 50 50 5 50 50 35 20 50 50 43 7 4 50 50 50 50 13 0 39 35 50 50 8 50 50 50 50 4 50 50 50 50 26 29 50 8 8 50 42 50 50 50 50 50 50 50 50 18 50 48 45 45 8 50 50 50 50 50 31 50 50 37 2 50 50 1 50 50 14 3 50 6 50 50 29 40 50 35 50 50 22 11 36 50 28 50 50 30 9 3 50 50 50 50 50 16 50 50 35 50 3 49 50 50 50 50 10 50 25 46 50
50 50 50 50 50 47 32 50 50 50 50 15 50 43 50 27 46 11 11 50 31 50 42 50 50 7 50 18 34 50 30 50 50 8 0 0 20 50 50 50 9 50 50 16 50 50 50 50 50 50 43 22 43 50 43 50 46 50 15 39 33 17 50 50 50 50 36 50 50 3 50 11 50 50 27 16 29 32 50 40 24 50 23 50 50 48 50 22 43 50 22 50 43 50 22 38 50 47 50 50 50 50 50 9 4 50 50 50 45 50 50 32 50 13 35 32 20 50 6 50 10 50 50 43 50 49 24 50 50 2 5 28 19 50 44 50 50 50 50 50 50 50 13 50 50 50 50 44 50 50 50 36 50
17 50 11 50 50 50 22 50 50 50 40 50 13 50 50 23 4 50 50 50 50 45 24 5 8 27 49 41 42 50 8 50 50 50 50 48 50 50 50 11 50 50 50 50 34 50 2 50 39 50 50 50 50 1 38 50 7 50 47 50 50 0 50 50 50 6 50 50 25 50 50 50 16 28 50 50 50 10 50 50 50 50 47 50 50 50 50 50 50 50 15 36 46 17 30 50 50 50 50 7 33 0 36 19 12 50 50 11 21 46 16 15 40 50 50 50 26 37 50 50 50 14 11 50 17 28 50 50 50 50 50 8 50 31 3 50 50 28 50 40 16 50 50 50 20 18 24 19 50 14 32 50
50 50 4 50 29 50 23 12 43 47 41 37 50 50 20 50 41 50 19 24 50 50 36 39 45 28 3 50 50 50 47 36 50 50 50 30 50 50 22 28 50 38 46 50 50 50 50 50 34 26 50 50 50 40 39 50 50 42 50 1 50 43 50 28 50 50 50 50 33 10 49 6 10 50 0 50 7 19 28 50 50 9 27 7 12 30 50 13 9 2 48 10 50 7 50 50 50 49 14 17 50 50 50 50 40 50 12 50 50 6 50 50 50 30 50 50 50 1 50 6 36 50 46 30 37 50 50 50 12 50 50 21 50 50 48 50 50 32 50 20 50 50 50 50 42 38 50 50 50 49 50
50 50 50 50 40 37 24 25 14 50 50 4 50 50 50 1 50 50 50 10 50 13 50 50 42 37 50 50 50 41 17 50 36 11 50 50 50 47 4 50 49 50 26 23 50 13 45 50 50 28 50 39 50 6 50 43 50 30 50 50 48 25 20 19 4 50 50 50 50 32 50 19 50 46 11 50 50 14 38 12 21 50 20 50 50 50 9 50 1 50 50 8 25 50 17 34 50 15 50 50 50 13 50 50 16 50 48 50 50 50 50 30 13 50 50 10 50 10 50 50 25 1 50 33 7 39 50 50 50 42 50 50 50 50 45 50 22 50 24 50 50 42 50 50 25 44 16 20 50 50
50 10 50 50 50 50 30 50 50 13 50 19 50 50 35 0 14 50 34 50 50 50 29 50 50 48 50 50 50 24 50 50 50 39 37 50 7 23 49 10 50 50 8 50 50 50 50 50 50 22 50 20 50 50 50 33 17 12 50 24 22 20 48 50 50 47 40 50 5 50 23 50 13 50 50 50 32 18 29 50 31 50 50 18 50 23 50 50 44 41 50 9 50 39 25 16 31 50 50 50 7 50 50 50 45 37 50 39 50 50 24 2 50 50 50 27 14 20 50 21 23 50 38 39 50 50 50 24 50 50 48 50 43 46 37 15 50 50 26 21 50 50 50 37 50 50 50 11 50
50 28 50 50 14 50 50 7 50 44 8 50 50 50 50 50 50 1 3 50 0 6 23 50 27 12 7 28 39 47 28 50 21 50 50 50 12 50 50 24 50 50 33 2 50 50 11 37 50 43 12 50 50 50 48 32 16 50 23 45 50 50 6 50 50 34 25 50 32 29 50 50 50 15 50 50 33 50 17 28 50 50 10 50 50 5 49 36 23 26 50 50 29 37 50 50 50 4 50 50 50 50 49 12 12 50 50 15 38 47 41 32 50 15 50 50 50 48 50 23 35 50 50 50 44 50 47 50 41 50 31 22 50 50 50 30 23 37 16 29 50 35 8 28 11 42 10 50
50 39 50 1 39 13 50 50 50 10 11 34 50 4 33 44 50 35 3 37 50 15 50 42 50 8 50 13 27 17 3 40 19 38 50 50 50 50 50 27 30 44 50 50 18 25 50 50 13 26 50 50 50 42 50 50 6 7 13 45 50 50 36 50 50 46 45 50 50 50 40 50 50 48 50 26 28 48 50 50 50 23 25 50 32 50 31 34 39 50 50 50 24 50 50 40 13 20 21 50 50 50 50 11 44 8 14 22 48 50 50 25 0 50 43 50 50 50 50 50 50 50 50 50 31 46 50 50 50 50 23 42 50 2 50 50 50 3 50 50 50 50 31 50 9 17 50
50 50 50 12 0 50 50 32 50 50 50 50 50 50 48 50 3 44 50 50 15 2 20 13 50 50 50 50 24 50 50 50 3 18 50 50 50 50 26 15 50 41 50 50 6 50 50 27 2 5 50 50 42 50 24 50 40 49 50 48 50 50 47 10 20 2 50 50 50 9 11 29 43 17 50 7 50 50 50 50 50 50 50 50 50 50 50 50 50 50 4 50 50 50 19 15 35 19 50 50 0 50 50 50 34 50 22 17 50 50 50 50 50 27 50 21 50 50 50 45 50 50 50 50 41 13 27 50 50 22 39 50 24 27 50 22 50 22 50 23 50 25 50 50 50 50
50 50 28 30 50 50 47 50 49 50 14 50 50 47 49 45 50 43 49 50 9 50 46 50 50 13 50 50 50 50 17 21 11 50 50 18 50 19 2 49 37 50 33 37 50 24 20 50 50 27 50 50 6 20 50 50 15 50 50 50 44 50 50 33 15 35 50 1 5 50 49 50 50 50 19 7 18 50 39 50 50 42 50 50 50 32 47 50 27 35 50 50 21 41 48 50 4 33 49 50 7 50 50 50 38 50 41 33 50 50 50 50 10 50 50 47 50 17 50 7 50 50 50 50 50 50 50 11 29 50 3 49 20 33 0 17 12 22 20 39 29 8 50 50 50
50 50 50 26 50 32 50 5 30 50 20 50 50 16 24 50 30 50 50 16 50 50 50 50 2 33 31 28 14 50 50 50 18 50 31 50 50 42 45 50 5 3 50 50 35 50 50 50 34 9 0 50 50 50 6 50 50 12 50 50 35 50 50 43 50 50 16 50 2 22 42 19 50 20 26 50 9 50 35 35 50 28 17 50 50 2 28 48 50 50 27 0 44 50 50 30 24 50 23 3 50 50 50 50 36 50 50 50 19 20 21 50 19 17 41 50 3 50 50 2 29 50 15 49 50 50 50 40 50 50 8 39 10 14 50 5 50 25 50 50 46 18 50 50
15 21 23 50 50 45 8 50 10 50 50 50 50 22 50 37 34 50 50 50 50 22 50 50 50 2 50 50 50 50 32 50 50 50 50 50 20 23 50 50 21 44 30 50 50 35 5 9 50 50 17 12 50 19 50 21 3 50 50 15 50 50 50 50 12 50 45 9 50 13 50 50 50 50 33 40 50 19 50 50 50 50 46 50 50 7 15 30 50 50 42 50 41 50 50 0 37 39 49 45 29 43 29 50 25 23 50 50 20 29 27 34 50 41 50 28 19 50 47 50 11 35 41 50 50 28 50 14 50 50 50 50 50 30 50 13 8 50 50 41 50 38 50
50 50 50 50 50 50 2 50 14 50 45 42 46 24 50 50 50 50 42 4 46 3 50 50 38 50 42 1 21 48 31 12 50 32 50 9 50 23 49 50 47 50 50 50 50 21 25 34 25 50 50 13 8 50 50 41 50 10 24 44 11 49 29 50 28 19 50 3 6 50 15 9 50 50 50 50 50 24 50 28 50 50 50 7 37 50 50 50 50 50 9 50 50 50 2 50 26 8 50 50 30 50 50 50 50 50 28 50 20 12 44 50 50 50 50 50 9 50 40 24 50 32 50 13 50 50 50 0 36 50 50 50 50 50 20 12 47 50 6 6 25 50
12 17 50 8 35 0 50 47 8 24 23 10 50 34 22 50 50 50 50 9 19 50 50 25 27 50 50 50 40 45 50 50 10 50 46 41 28 50 38 7 39 50 8 37 50 38 13 32 35 2 34 45 43 17 50 50 15 50 9 42 36 47 4 50 50 50 50 50 27 21 32 6 48 6 50 50 7 50 10 50 35 16 26 50 50 50 50 44 3 50 50 50 11 50 34 19 45 6 2 50 20 50 29 50 50 50 1 50 50 50 50 27 50 50 50 31 50 50 50 50 50 50 50 33 50 33 50 16 50 30 32 50 36 49 50 50 50 24 50 50 50
50 4 50 50 50 13 50 50 39 50 3 16 50 27 50 6 37 1 50 20 39 50 50 31 50 21 50 50 50 21 50 50 34 50 10 29 50 5 50 3 23 50 50 50 50 50 50 50 45 50 50 0 9 40 18 15 50 50 50 50 50 50 50 34 50 48 50 50 50 50 11 1 8 12 31 8 50 50 3 50 28 50 12 50 50 50 18 9 50 50 48 50 50 4 49 24 50 50 25 50 1 50 49 50 50 50 50 50 50 50 50 50 1 50 50 50 32 40 50 50 50 32 50 3 46 33 23 50 19 50 30 46 50 50 50 27 14 50 0 50
50 50 50 50 40 50 5 50 2 4 50 50 0 50 50 50 50 13 12 3 50 38 17 50 41 50 41 50 39 50 46 50 50 50 27 50 9 43 50 24 5 10 50 31 50 50 50 26 50 4 33 19 50 50 13 43 11 50 5 50 50 50 50 35 50 26 50 28 50 50 50 50 50 50 49 41 50 25 50 49 41 50 50 40 41 50 50 34 21 15 44 5 50 50 13 50 50 45 44 18 50 50 50 0 13 42 24 50 50 50 30 50 48 50 19 50 50 50 7 43 32 50 50 50 50 26 34 0 50 1 50 14 50 50 50 25 42 50 50
4 24 3 50 50 50 50 50 23 50 50 50 50 26 31 50 50 36 24 2 41 7 50 31 50 50 50 50 46 50 50 50 50 50 50 50 28 50 50 50 16 15 38 37 50 5 50 50 12 50 44 50 50 21 50 28 45 50 27 50 37 50 50 50 50 21 43 27 29 50 50 3 50 50 7 50 2 44 27 50 24 1 50 43 39 50 40 1 0 50 50 44 7 47 50 36 50 50 37 20 3 50 20 50 50 50 50 7 50 50 4 50 50 50 50 50 10 50 6 50 48 50 50 49 31 50 50 50 50 50 36 50 50 50 50 50 37 50
28 10 17 50 50 50 50 9 50 50 50 50 23 50 50 50 50 50 50 50 16 17 50 50 50 50 14 50 50 50 2 50 2 23 45 50 15 49 37 21 43 18 38 50 22 23 50 45 50 32 20 21 50 50 21 10 29 50 18 26 10 2 7 0 40 10 21 50 50 50 50 50 50 50 8 50 11 23 50 50 47 34 45 50 28 50 10 50 50 50 32 50 50 3 44 20 8 50 50 50 25 50 9 50 50 20 45 50 50 35 50 43 50 21 2 34 33 50 50 50 50 50 50 50 50 10 34 50 50 50 31 50 17 50 50 19 50
50 50 39 50 50 50 41 22 39 47 36 47 50 23 12 22 42 50 50 46 50 50 23 50 50 50 50 8 8 13 28 50 50 50 50 50 50 1 50 50 50 46 50 50 50 50 25 50 33 50 36 28 3 19 50 36 2 50 22 50 50 50 49 8 18 14 4 50 6 50 38 50 50 22 13 3 50 50 50 50 11 44 11 8 34 50 8 50 23 16 50 50 50 50 50 36 50 40 11 50 43 45 50 50 50 38 50 50 0 39 12 50 50 21 33 26 50 50 50 50 14 30 17 20 3 41 41 50 50 50 14 19 50 32 50 50
50 50 34 27 21 23 10 50 13 50 6 50 50 50 50 43 50 50 49 50 50 50 50 18 4 39 23 50 50 50 38 1 16 20 10 50 50 50 39 50 50 50 37 19 6 38 46 50 6 50 12 12 50 50 44 13 13 33 50 50 30 50 50 50 50 50 50 19 50 1 50 50 5 50 50 16 50 32 46 25 50 50 10 5 50 6 5 4 50 8 50 50 50 13 18 50 50 50 50 50 50 37 50 17 50 50 50 50 9 50 14 50 47 40 48 22 50 50 50 50 24 26 50 13 50 9 15 22 50 50 30 34 16 16 50
50 37 15 9 50 50 48 21 50 50 5 14 24 50 50 50 50 24 50 48 26 4 50 22 50 50 50 50 50 22 40 50 50 16 4 37 50 50 4 50 33 50 50 20 13 50 50 11 50 30 50 32 50 2 21 17 13 50 20 13 23 35 50 50 12 50 21 32 50 50 50 50 50 10 50 50 50 45 50 50 12 50 50 50 46 50 50 50 16 50 30 50 50 50 34 50 25 4 50 50 29 50 16 37 50 4 7 28 50 40 6 19 50 50 50 50 50 50 50 50 50 20 50 22 40 50 18 50 47 27 38 34 40 50
49 14 50 50 7 10 20 19 50 26 50 10 17 2 43 18 50 8 50 43 36 50 50 50 50 41 50 45 50 48 46 50 50 50 30 50 50 44 50 11 50 50 15 3 50 19 50 40 15 50 50 20 50 9 50 50 21 29 50 50 50 29 22 50 5 50 50 9 50 50 0 12 31 50 50 50 50 50 4 36 32 50 50 27 28 6 50 50 50 50 50 50 50 50 17 50 50 50 23 22 50 28 50 4 50 25 10 13 32 50 50 50 50 50 50 50 34 28 26 50 50 50 37 50 50 15 7 50 50 50 31 50 50
24 50 2 45 31 50 25 6 50 43 33 50 50 50 50 50 50 50 50 13 3 32 4 46 50 16 50 43 28 50 50 50 50 50 7 50 50 14 50 50 50 47 50 26 39 40 50 50 50 1 50 50 50 50 50 2 36 50 28 10 50 50 50 50 50 34 40 50 23 50 50 50 50 50 50 8 50 39 50 50 50 40 50 50 50 50 44 50 50 50 15 50 50 50 5 50 50 50 50 50 29 50 50 1 50 50 50 50 11 50 18 31 50 4 17 31 50 50 50 38 28 12 50 39 11 30 50 50 50 50 2 50
50 50 33 50 27 50 50 50 50 50 27 50 50 50 45 40 50 33 50 50 50 14 50 50 24 26 50 50 50 20 1 50 50 20 26 50 50 1 48 24 10 50 50 2 50 46 13 15 50 50 1 50 50 50 50 50 50 46 37 28 50 38 25 48 50 50 4 50 50 22 37 2 19 50 50 50 50 50 42 50 50 50 50 36 50 50 17 50 50 50 50 24 11 41 38 43 42 22 7 50 50 20 8 9 26 23 50 50 6 44 17 31 50 50 17 1 50 50 50 48 48 50 50 10 32 50 30 4 42 50 50
50 31 50 12 50 50 37 33 28 39 32 50 44 40 50 50 39 25 50 40 50 39 50 50 50 50 38 6 50 39 50 18 19 50 50 50 50 13 50 50 48 46 39 0 3 50 21 50 24 50 50 50 50 50 50 50 22 50 50 50 50 50 50 50 24 50 50 43 50 39 50 50 1 50 50 2 50 50 30 50 5 38 38 0 40 24 50 38 24 36 50 14 50 50 14 15 50 35 50 20 9 50 20 33 33 29 45 38 50 1 4 44 50 27 50 50 50 50 50 15 50 14 50 50 50 39 50 50 50 50
50 50 50 15 50 50 23 50 50 50 50 50 49 50 50 9 50 19 50 5 39 11 50 50 50 50 50 17 50 50 31 34 31 50 50 50 50 44 50 50 50 20 6 15 15 36 48 50 50 50 40 1 50 50 48 50 50 4 37 14 50 9 27 47 41 50 23 43 50 11 33 50 30 50 50 8 50 18 5 50 50 10 7 25 9 50 41 24 50 23 50 11 23 50 16 50 13 47 50 17 1 41 28 50 32 50 46 50 48 0 50 1 50 50 50 37 50 45 28 50 48 50 50 50 15 7 35 50 50
20 12 4 21 1 21 36 8 50 50 50 21 50 6 43 3 44 40 50 22 43 27 16 29 4 39 4 50 50 50 42 14 50 50 30 50 48 45 20 42 50 3 5 39 21 50 38 21 24 50 50 50 19 48 50 50 27 9 50 50 16 50 50 21 16 4 24 21 32 50 18 50 17 50 50 50 26 50 10 50 50 50 50 50 50 50 50 6 50 50 50 50 49 25 16 41 21 3 50 50 28 5 27 50 3 50 6 50 2 37 20 50 21 50 6 20 50 21 50 3 9 50 47 30 50 50 50 50
50 22 50 28 27 50 50 50 50 38 15 50 0 50 0 50 50 42 46 50 50 50 50 25 17 50 50 41 50 50 50 50 14 49 12 50 14 50 50 15 50 18 12 50 50 50 47 30 50 34 3 7 50 50 18 19 50 12 27 50 50 50 21 13 0 2 50 13 50 44 50 33 37 50 50 38 14 50 11 36 50 50 40 11 20 50 50 22 50 13 50 50 24 25 17 38 13 43 50 50 50 12 6 46 36 13 50 50 46 50 50 46 24 23 4 50 47 50 50 21 50 32 50 50 6 35 50
50 15 50 32 50 50 19 50 50 50 7 50 50 50 50 26 50 0 33 33 50 50 50 23 9 50 50 50 50 50 23 50 50 5 50 46 50 23 1 10 28 16 50 25 50 49 50 50 50 50 43 46 50 45 50 50 50 50 17 50 36 50 11 50 40 50 47 50 50 50 50 41 45 50 50 42 8 19 0 50 50 50 44 50 50 2 2 50 50 39 24 50 50 43 33 50 42 4 7 5 50 42 14 50 50 50 50 3 50 50 50 20 25 37 43 50 12 2 50 5 50 50 30 18 50 50
50 46 50 23 50 17 11 40 50 29 50 50 2 7 21 50 50 50 50 50 50 16 47 50 50 50 50 48 50 50 50 14 44 6 50 50 50 25 50 50 50 50 18 50 50 5 48 50 44 50 11 30 50 50 41 50 50 50 50 31 5 50 36 50 30 50 50 50 42 50 50 50 50 50 7 37 50 10 50 33 29 18 50 50 27 35 34 16 50 1 12 50 50 22 50 9 50 50 50 46 50 50 9 29 50 12 12 50 50 24 18 10 50 42 50 43 8 41 9 42 50 38 50 50 50
50 50 43 26 50 29 33 12 50 40 9 50 50 50 17 7 30 24 45 15 50 50 50 37 46 11 50 37 50 50 50 21 50 41 11 50 50 24 14 39 50 50 20 36 50 50 50 50 50 45 50 11 37 34 28 44 19 50 26 50 50 50 50 5 13 50 46 44 50 19 19 31 50 50 8 37 28 50 50 50 50 50 50 37 22 50 27 50 50 25 50 27 1 50 50 50 50 40 4 50 3 41 50 50 50 40 49 50 50 8 50 3 50 50 50 50 10 50 38 50 45 28 7 50
17 0 50 2 43 50 50 20 50 24 50 0 17 1 50 50 50 50 42 41 18 42 17 32 16 9 41 27 50 41 10 50 50 50 50 50 24 41 36 50 39 50 3 35 15 41 50 50 23 1 21 50 50 50 50 24 4 18 10 50 8 4 50 1 50 50 11 16 16 37 42 29 50 29 50 50 22 22 34 25 50 26 50 30 31 50 50 50 16 50 18 50 17 5 50 21 50 5 50 50 50 50 50 50 50 33 50 50 49 18 50 25 7 25 50 50 32 50 28 50 50 50 50
50 50 50 50 50 50 42 11 1 4 50 39 50 21 50 4 46 50 29 50 45 45 50 50 34 50 50 1 50 50 50 50 45 50 50 50 43 40 50 50 50 41 22 50 50 50 3 34 50 50 50 50 5 50 28 50 50 46 2 50 50 50 50 29 42 4 50 42 50 50 7 49 50 50 50 30 11 50 3 50 50 50 10 50 34 2 50 43 50 30 50 50 50 50 49 50 46 32 50 50 50 15 31 50 34 43 32 28 50 50 7 50 35 14 50 50 50 23 18 15 34 50
22 50 39 34 5 36 28 33 4 9 49 42 2 7 50 50 36 50 3 50 50 33 50 6 50 50 28 50 50 50 50 1 50 50 17 50 50 50 50 50 50 50 50 50 37 50 30 50 27 20 50 31 50 50 18 50 50 34 50 50 38 50 33 50 35 4 19 13 50 50 44 50 50 50 50 50 8 26 47 15 50 15 21 50 25 50 41 49 50 50 50 35 50 50 50 43 17 1 42 36 50 40 29 50 18 9 32 50 6 27 50 50 50 48 50 26 4 13 45 28 50
50 40 50 49 40 50 50 42 49 50 32 19 50 50 48 50 50 50 50 9 50 9 24 50 50 50 3 50 36 50 6 14 3 33 50 50 19 20 50 19 50 50 16 1 14 50 38 50 50 4 50 0 24 48 37 50 15 50 14 5 20 1 50 46 1 14 29 31 50 35 50 12 46 30 50 50 34 25 50 14 45 50 7 10 50 4 50 50 48 21 29 50 50 50 22 29 50 12 50 50 7 50 43 34 11 50 50 39 5 19 50 50 5 50 50 50 50 50 50 50
50 50 50 50 50 50 50 25 50 50 6 29 26 50 42 34 3 50 48 2 2 40 50 2 46 19 35 50 50 20 38 50 21 50 50 50 16 50 50 34 24 50 50 38 36 45 50 50 50 50 0 50 50 18 23 4 7 50 18 50 50 50 17 49 50 50 8 37 50 50 14 50 50 50 19 50 13 32 50 50 27 28 50 8 50 50 5 50 30 50 50 50 44 13 36 50 45 50 50 41 26 50 50 23 47 50 50 8 50 50 50 9 50 7 17 43 50 11 50
50 5 50 50 17 45 50 50 50 7 22 50 17 50 46 50 50 50 50 50 39 50 50 36 8 4 45 50 0 3 50 50 20 50 7 50 50 50 50 50 50 50 50 50 50 50 50 50 50 50 50 37 44 9 50 46 42 50 50 50 46 3 50 50 50 50 50 46 50 35 38 15 28 50 26 50 6 24 50 41 9 50 50 22 50 5 16 50 50 50 50 50 4 14 50 49 32 50 26 34 50 4 50 50 1 50 50 50 50 50 0 50 50 50 50 48 36 50
50 50 50 50 50 38 50 32 9 33 50 49 45 37 49 50 50 50 40 50 17 50 39 42 40 50 43 50 22 50 5 36 50 32 21 50 50 10 50 19 29 50 42 50 21 50 50 3 1 13 29 50 27 33 6 2 50 40 50 50 50 38 8 47 14 50 50 50 50 50 20 50 46 40 50 50 50 8 6 25 50 2 50 50 36 41 50 30 20 47 32 32 50 47 11 40 31 50 50 50 50 41 50 50 50 16 50 32 50 35 50 23 41 50 50 50 50
36 50 18 50 50 48 50 50 24 50 50 50 50 19 50 8 50 50 50 4 50 16 50 39 5 19 50 34 50 50 50 9 50 13 50 47 32 18 50 42 18 49 10 36 50 50 25 50 17 44 50 50 38 45 50 50 15 50 48 50 50 17 22 36 50 1 19 50 50 19 21 46 50 5 0 47 7 50 50 50 36 50 50 46 50 33 12 50 50 19 50 50 50 37 50 50 50 50 50 50 50 50 50 46 39 50 50 27 29 50 47 8 32 50 19 50
50 50 50 18 50 50 50 50 18 50 50 50 50 15 50 38 31 22 50 50 48 41 50 16 43 4 14 23 39 50 50 50 40 49 50 50 50 12 45 50 0 40 50 17 38 11 10 18 50 44 50 35 50 50 1 50 38 2 24 49 50 50 3 50 22 46 50 44 18 50 38 50 50 34 23 32 19 50 39 27 50 25 50 42 49 50 50 50 21 50 50 15 35 50 50 50 50 17 50 50 47 50 32 9 50 50 5 37 50 1 50 28 50 50 50
27 50 8 50 50 50 43 50 10 50 45 50 47 50 35 50 17 15 37 44 50 50 26 36 28 50 50 23 15 13 32 0 50 49 50 4 5 50 50 48 45 50 24 2 50 50 15 8 34 25 30 42 50 18 50 35 50 40 46 50 50 27 19 50 50 50 3 50 50 48 29 28 39 50 50 8 15 50 50 17 50 27 50 50 50 50 41 50 0 27 9 29 22 50 28 43 50 38 50 50 50 50 1 50 33 8 6 41 50 41 14 50 42 50
50 48 21 15 50 50 4 35 50 50 50 50 9 30 29 22 50 50 7 28 50 26 50 50 50 9 50 33 50 50 22 9 11 50 50 29 9 28 50 50 10 50 50 50 50 10 7 50 25 50 50 50 6 34 50 50 22 0 37 22 46 32 36 50 50 10 34 50 50 40 50 50 43 50 50 39 50 24 50 0 13 50 50 3 34 44 50 44 50 26 14 50 44 50 9 8 16 23 50 50 50 40 46 19 6 50 34 50 45 50 50 50 50
50 50 50 50 50 22 29 50 44 50 30 35 50 49 37 50 50 44 49 50 50 50 3 50 50 50 50 12 46 50 35 50 50 50 34 5 33 50 30 1 35 50 31 50 50 19 50 50 21 14 50 44 50 50 50 50 7 19 50 42 22 50 50 9 50 50 50 49 50 8 50 50 50 50 47 50 10 50 50 42 50 50 50 50 27 50 50 50 50 13 18 50 26 50 50 50 5 42 35 37 50 50 6 50 50 27 39 50 40 50 50 50
6 5 50 50 50 50 50 13 50 10 50 50 50 43 50 32 50 50 3 7 50 50 50 13 50 0 35 50 24 50 16 50 18 50 50 50 50 50 50 28 50 3 50 50 50 50 50 13 50 2 50 50 37 50 50 6 50 19 50 50 38 50 20 50 3 31 2 0 25 50 46 48 33 4 50 45 50 48 50 16 29 39 50 50 46 50 46 22 50 18 25 50 50 50 18 50 42 12 40 11 50 19 25 39 50 50 15 0 50 50 50
45 38 50 24 50 50 50 50 50 11 27 25 25 28 37 50 5 18 50 50 50 30 50 29 50 50 50 50 50 50 50 50 7 50 50 11 50 33 50 3 22 50 50 10 50 33 31 50 50 16 47 50 35 50 34 21 50 50 50 12 50 50 31 36 50 22 50 43 39 50 50 50 20 46 26 50 50 50 18 40 31 50 5 50 50 50 50 50 13 50 50 50 50 50 50 25 28 50 50 50 22 50 50 9 34 50 8 22 50 50
50 47 50 17 50 43 48 33 50 50 31 15 36 50 50 50 21 3 49 14 12 50 45 18 1 50 27 50 3 43 22 50 50 37 50 50 50 50 35 29 32 50 50 31 50 18 50 50 20 50 34 50 50 50 13 50 50 50 25 0 14 50 50 50 13 30 14 1 8 50 50 50 50 37 50 49 50 17 5 50 50 50 27 45 23 35 50 50 50 50 50 43 50 50 18 29 50 7 16 50 50 50 50 20 50 18 44 42 50
1 50 50 50 50 50 24 27 50 19 18 50 50 50 20 42 50 50 7 50 7 50 50 36 45 47 18 45 40 50 5 50 50 50 42 50 4 50 50 50 39 50 0 41 14 49 38 50 48 46 50 26 50 14 50 15 50 50 40 50 50 24 50 50 24 50 25 47 39 50 50 15 50 50 11 0 50 35 50 50 50 50 50 50 8 16 50 50 50 50 21 35 50 50 46 50 50 27 9 30 37 12 46 30 50 50 50 50
50 50 50 50 50 50 50 50 30 31 50 50 50 50 40 50 27 18 50 50 23 50 28 50 50 8 0 50 50 33 50 50 27 32 50 13 42 5 26 50 50 26 50 48 50 50 33 50 31 48 13 44 50 50 50 21 50 50 50 50 26 50 37 9 18 38 50 50 3 28 50 50 50 50 50 50 34 50 50 50 33 23 50 50 50 45 43 41 9 40 2 50 30 6 50 35 12 4 15 25 50 23 50 14 36 50 50
46 50 0 50 6 48 50 50 11 50 10 50 10 41 17 50 50 50 45 50 50 11 25 50 40 50 44 7 50 38 50 50 50 39 50 45 50 50 50 50 23 30 50 19 50 50 4 50 47 50 50 19 46 29 50 50 12 50 50 50 34 50 50 27 50 0 50 39 50 50 35 50 4 50 50 14 7 11 0 50 50 50 12 30 8 50 50 21 40 49 34 50 50 50 50 50 50 20 50 31 50 50 16 37 36 50
24 32 50 50 50 50 50 5 12 50 35 28 47 50 2 50 50 32 6 39 17 50 45 50 50 50 38 50 50 50 50 11 50 50 46 50 22 24 50 20 17 29 12 50 50 47 21 29 50 14 50 50 50 49 2 50 50 50 50 50 25 44 48 50 50 50 13 3 25 49 28 50 50 42 50 50 12 0 50 22 17 34 50 50 4 50 50 50 26 50 39 50 50 40 50 50 50 10 50 50 17 50 50 46 50
35 20 50 31 50 50 5 50 11 50 50 29 50 19 22 18 20 50 50 30 50 50 40 50 39 50 18 49 17 1 50 34 19 0 50 50 50 46 50 50 29 12 50 5 50 50 50 7 50 50 50 48 50 11 50 50 36 6 50 50 1 44 50 45 47 33 16 50 32 50 14 10 50 19 27 15 42 50 27 50 50 44 50 46 50 50 9 44 50 50 33 50 50 18 33 50 50 50 21 50 4 12 50 50
50 26 50 50 28 43 50 50 31 50 50 18 50 2 26 45 45 15 7 50 17 50 50 50 50 50 30 50 17 50 24 50 50 33 50 50 50 18 10 50 50 50 46 48 50 31 50 35 50 50 17 50 26 50 50 21 21 50 5 50 50 50 45 25 50 50 45 50 50 50 19 50 50 26 50 50 50 28 50 50 50 50 23 26 50 50 35 33 19 21 50 9 36 50 33 50 50 50 27 14 11 8 50
6 50 50 50 7 50 50 38 50 50 50 35 5 50 8 50 50 50 23 24 50 1 50 50 50 30 50 11 50 50 50 15 50 44 50 50 50 9 35 40 5 50 50 19 50 50 50 1 50 50 50 50 50 50 46 50 50 50 47 50 32 50 50 34 8 33 44 50 1 50 50 50 50 16 50 50 50 1 50 50 50 50 46 8 50 50 50 48 23 40 10 50 50 50 24 41 50 34 4 10 50 50
50 50 24 50 7 50 38 23 20 14 50 50 50 50 1 50 46 50 50 50 6 49 36 48 50 50 50 31 50 50 50 50 11 50 5 20 50 50 41 7 50 50 50 50 50 50 50 50 50 18 30 26 34 50 23 50 50 28 19 50 44 50 50 50 50 46 15 26 50 2 17 50 50 30 50 48 50 40 12 32 38 50 50 50 50 27 30 50 23 16 39 50 50 50 50 50 50 27 8 50 50
50 50 50 50 21 50 6 0 34 9 48 50 50 25 22 9 50 50 50 50 50 26 50 36 50 32 50 50 29 50 23 50 50 28 37 28 33 50 16 12 50 8 9 50 50 15 50 20 50 50 39 8 50 50 13 33 8 50 32 4 50 5 50 10 2 50 50 50 50 44 14 50 50 50 50 6 6 3 1 24 49 50 50 50 30 39 27 50 50 50 50 50 22 50 50 49 50 19 50 50
37 50 50 50 50 50 16 35 31 11 50 24 50 50 4 50 50 50 50 50 50 21 26 19 25 44 50 50 50 50 48 30 50 50 11 50 50 50 50 50 25 50 50 25 50 50 50 50 36 50 50 50 50 28 3 5 33 50 50 50 12 50 7 39 1 50 50 39 50 11 26 50 50 50 50 19 0 24 50 50 35 14 50 50 50 18 50 13 29 35 50 50 14 41 50 0 35 20 50
50 7 50 50 38 25 45 50 50 12 14 43 50 0 41 1 50 15 6 31 50 50 50 18 50 50 49 11 29 23 38 50 50 50 50 34 50 18 17 50 47 50 50 50 37 50 20 50 50 50 50 50 50 37 38 33 50 5 20 44 0 50 40 0 31 50 50 22 50 50 50 50 50 40 38 1 50 50 17 50 32 50 42 13 25 50 50 50 32 44 50 50 50 50 4 50 50 50
23 35 20 36 31 15 50 50 50 50 50 25 50 50 50 50 50 50 25 50 35 50 10 11 13 50 50 46 50 22 32 28 0 50 11 3 31 4 50 50 50 50 22 50 31 31 50 50 34 0 11 50 50 50 50 50 50 9 50 10 50 50 50 50 11 50 50 50 50 30 25 50 50 8 50 10 50 50 37 50 1 50 9 50 20 50 50 50 50 50 7 0 33 50 9 33 50
50 50 50 50 50 50 8 45 50 50 50 40 50 50 50 36 30 50 34 10 50 50 50 29 14 17 50 44 50 50 2 50 50 50 50 0 27 50 43 50 50 50 50 50 50 25 7 50 18 48 26 50 50 4 30 50 0 5 49 4 13 36 50 50 0 7 50 50 50 50 50 50 27 50 50 50 26 50 50 50 0 47 5 50 50 50 7 19 50 50 50 40 50 50 50 50
37 50 50 27 34 50 50 44 41 13 50 16 39 50 50 50 46 11 14 14 44 31 50 28 50 18 50 50 50 50 32 50 8 50 50 50 50 43 28 50 30 50 13 22 27 37 27 6 50 20 50 19 21 50 27 50 50 44 36 17 37 11 50 47 43 24 46 41 48 7 45 42 50 27 31 20 22 22 12 43 4 50 50 50 49 50 50 50 50 50 50 50 50 14 50
50 21 29 50 50 50 50 50 50 50 50 50 4 10 50 50 50 29 50 50 41 50 6 50 50 50 4 19 10 50 49 20 50 39 50 4 12 25 50 6 50 24 50 50 50 50 50 50 50 20 50 34 50 50 50 28 50 50 50 50 22 27 23 50 50 11 2 50 40 17 37 50 50 34 50 50 50 5 38 50 42 34 50 18 50 0 26 40 18 50 30 50 50 50
50 50 50 10 6 10 50 18 50 37 21 16 50 50 50 4 50 45 50 39 23 44 2 15 29 50 50 49 31 50 14 50 50 37 45 36 50 20 31 50 50 50 28 44 27 50 7 50 50 34 50 50 50 50 50 22 50 50 8 18 50 50 50 50 50 50 50 50 31 50 50 40 21 50 50 50 35 50 14 50 50 4 50 50 50 50 33 50 12 50 9 50 50
50 39 50 50 50 50 11 50 50 50 50 50 10 50 46 50 50 50 40 16 13 50 34 50 50 50 17 36 25 12 9 41 16 50 27 50 50 50 8 20 12 23 50 50 46 40 39 27 27 50 23 46 26 50 14 13 26 50 34 17 28 50 41 23 7 15 36 50 50 50 48 49 50 44 50 50 40 43 22 40 50 35 50 13 19 48 29 0 50 39 50 50
50 50 50 50 34 50 8 50 38 50 9 50 50 50 18 50 49 50 35 50 50 50 34 50 50 8 50 50 47 50 39 50 49 50 20 50 15 50 50 30 50 45 50 43 50 50 50 25 50 50 50 2 8 19 6 1 50 50 50 50 50 32 49 50 17 4 50 50 15 50 50 50 44 50 50 13 50 37 18 15 50 50 50 17 26 50 0 50 50 50 50
50 40 11 26 10 50 6 48 50 32 41 12 29 29 50 50 45 50 30 50 47 14 45 50 18 25 43 50 24 50 23 23 50 50 41 2 50 50 3 50 1 30 50 45 17 6 50 19 3 50 2 50 50 8 50 50 4 50 36 21 50 1 50 13 50 50 16 18 40 50 50 50 50 50 19 50 41 15 41 11 14 33 36 18 50 42 28 5 50 50
24 16 50 18 50 50 35 46 28 50 50 50 48 50 31 32 13 50 50 50 50 50 50 27 10 50 44 36 48 50 50 3 50 50 50 20 48 50 50 17 50 14 2 25 50 15 50 24 50 50 50 50 50 50 15 7 37 50 12 50 50 36 48 50 33 49 50 31 20 50 50 50 20 42 6 50 50 50 50 42 50 23 50 50 50 50 50 8 50
50 35 50 50 1 21 50 50 44 28 5 50 35 50 50 20 36 24 50 50 50 50 39 50 47 50 50 9 50 50 50 17 21 43 50 4 50 50 50 50 2 29 42 41 48 50 50 25 50 50 45 50 50 36 50 50 50 50 41 50 50 12 30 49 50 50 50 42 50 39 50 50 50 50 31 50 50 19 1 50 7 50 47 50 27 50 5 50
9 50 50 29 50 32 50 4 50 50 35 50 34 47 50 40 50 35 27 50 50 50 9 50 6 26 50 50 12 20 50 50 50 50 50 50 26 49 42 50 50 1 40 50 37 50 33 50 50 50 50 46 25 50 35 50 8 32 50 50 50 50 45 31 18 50 50 49 50 45 50 50 50 47 47 50 50 50 50 50 16 50 19 50 27 26 50
45 45 50 27 50 37 47 50 50 50 22 50 50 50 50 50 4 50 34 50 2 50 50 50 50 50 32 6 5 26 50 19 50 41 2 50 50 39 10 12 7 50 50 43 50 14 50 40 28 8 48 24 40 27 50 15 50 50 50 45 2 50 45 50 30 50 50 50 38 18 50 50 20 50 50 50 50 50 44 50 30 13 15 16 50 50
43 3 17 50 15 8 50 50 50 50 30 14 50 20 50 19 40 50 50 38 50 50 17 50 37 50 50 31 50 50 50 2 50 19 1 50 50 50 50 50 50 50 50 40 6 46 42 16 50 50 50 50 44 50 50 29 50 50 50 50 7 50 26 49 50 50 50 26 50 50 50 50 50 47 50 34 25 40 50 50 32 49 50 50 50
44 12 50 50 22 44 50 26 50 3 27 26 19 44 15 35 50 50 10 39 50 50 39 7 28 50 35 50 12 50 50 50 36 50 41 50 41 50 50 50 39 15 50 50 50 50 40 50 50 41 24 50 50 50 34 50 50 28 7 25 50 31 50 50 50 16 23 14 50 5 20 50 50 18 50 35 50 50 50 50 50 50 50 50
50 13 30 20 26 11 50 50 34 50 50 32 50 50 50 50 38 50 19 50 21 36 50 33 50 42 50 50 50 29 50 35 36 14 41 8 50 50 0 46 40 50 41 50 49 50 18 50 50 30 50 4 39 50 50 19 50 50 47 50 50 50 50 10 50 18 50 50 26 49 11 33 16 50 47 50 50 22 5 39 1 50 50
50 9 50 50 50 50 50 50 16 29 20 50 50 50 30 26 50 50 20 34 50 50 50 50 2 50 26 50 31 2 28 50 50 50 30 46 50 24 37 50 14 50 31 50 50 42 50 50 50 17 40 50 50 50 32 50 50 49 50 50 50 28 50 5 50 50 50 39 50 50 50 50 9 50 50 50 50 28 50 50 46 50
50 50 50 15 50 26 9 47 20 46 9 13 50 50 22 18 50 50 12 3 44 41 7 39 43 50 50 5 50 50 31 50 50 50 50 3 50 50 50 50 50 50 50 2 9 13 34 43 42 25 50 50 6 21 0 6 50 50 50 50 50 50 41 50 50 8 45 37 50 50 17 36 10 0 50 13 38 50 50 46 50
50 50 21 50 50 50 3 50 50 47 50 50 50 2 50 30 50 1 8 11 36 50 48 50 11 50 17 0 50 1 37 39 50 50 50 50 8 21 10 50 50 32 3 50 50 45 21 26 12 3 6 50 50 20 50 9 50 17 42 19 50 50 50 50 50 15 35 4 50 23 50 50 46 50 50 14 50 34 50 50
50 33 50 50 11 50 50 39 50 50 9 15 9 27 50 50 50 42 19 50 50 17 11 50 48 44 50 19 50 50 45 50 50 22 18 29 50 41 47 50 50 50 50 50 50 14 5 50 50 50 50 50 40 50 8 31 50 3 50 50 49 50 50 46 6 50 20 50 0 30 50 50 50 50 50 50 19 50 50
50 30 50 15 50 50 9 13 32 50 50 50 50 50 5 50 48 39 8 3 50 50 50 50 50 4 43 50 50 33 50 50 42 50 50 23 50 50 50 16 50 37 50 50 50 50 32 50 50 1 50 31 24 50 0 50 27 50 50 9 24 50 50 48 50 50 31 6 50 9 36 38 22 50 1 50 2 50
50 50 20 41 5 50 45 47 17 29 50 8 12 45 41 13 44 39 50 16 50 15 27 29 42 50 32 49 50 50 50 36 50 50 30 50 34 50 50 24 13 50 50 50 50 50 41 50 50 35 12 50 15 50 50 50 50 50 50 50 12 50 5 41 6 50 50 50 50 50 50 12 4 21 5 6 50
50 50 35 50 31 8 47 50 11 2 1 2 36 50 50 50 28 15 17 4 24 50 50 50 43 50 11 16 50 9 50 50 2 17 31 19 50 50 50 5 41 50 50 49 19 50 50 33 0 50 6 33 50 39 50 22 2 25 50 50 50 50 46 30 50 44 50 50 50 37 50 10 10 50 50 50
50 14 50 50 50 15 50 50 6 50 50 50 3 50 2 48 11 50 50 25 50 50 10 2 11 50 50 2 29 50 50 40 6 34 50 41 10 2 43 50 35 29 50 50 9 50 47 26 9 50 50 50 33 29 50 50 50 29 16 50 16 50 47 50 50 7 50 50 39 45 1 22 50 50 50
50 50 50 50 50 21 50 5 50 26 50 28 50 13 50 50 6 36 4 50 41 50 3 50 30 50 8 36 43 50 50 50 35 37 50 18 50 50 31 22 9 50 23 31 50 50 50 15 50 0 19 50 7 50 50 50 50 50 50 50 50 50 50 22 50 50 50 13 50 40 50 50 22 50
1 50 30 50 30 36 44 5 21 3 50 0 50 37 50 50 49 36 50 50 3 20 50 50 50 50 50 35 50 32 50 27 1 14 34 32 25 50 49 50 50 46 50 22 50 12 50 23 9 50 5 41 50 50 24 50 14 50 50 50 50 14 7 23 50 50 15 27 50 8 17 50 50
50 22 20 50 15 50 23 40 26 50 50 50 40 50 39 41 49 43 29 50 50 50 9 1 43 8 50 38 50 32 50 13 50 50 50 35 31 5 50 48 12 10 50 44 50 16 40 50 14 50 3 39 41 30 50 50 6 29 44 30 21 50 30 50 38 3 25 50 50 21 2 50
24 50 43 50 50 50 50 50 38 50 41 50 50 47 34 38 50 50 22 50 50 50 0 50 50 50 50 50 50 50 12 50 50 23 0 50 50 50 50 50 50 50 50 12 33 39 38 50 50 50 42 50 50 50 50 50 50 50 50 48 50 50 16 42 2 50 11 50 25 50 50
50 50 50 50 50 50 2 31 50 32 50 16 32 50 50 50 19 50 46 50 50 18 50 8 12 10 50 50 50 50 50 42 3 49 29 50 50 29 50 50 50 50 36 50 50 50 9 50 50 2 50 2 50 24 50 50 49 1 24 50 49 0 50 50 23 37 50 23 50 50
50 44 50 50 47 50 40 46 50 50 23 50 50 50 10 30 22 11 50 50 49 8 50 42 50 10 50 39 50 50 47 26 3 24 37 6 50 50 50 2 39 9 50 35 50 4 50 10 14 36 3 41 50 32 48 50 50 50 50 2 50 5 0 45 33 35 50 50 50
29 49 50 50 50 3 40 15 50 50 50 50 6 50 16 50 29 50 50 50 50 50 4 50 50 50 50 50 50 21 50 50 50 50 10 50 23 50 50 50 11 37 27 20 50 50 19 50 18 50 50 28 50 50 50 17 50 50 13 44 20 50 50 50 50 8 2 50
50 3 29 33 35 5 44 49 27 49 50 18 9 41 12 50 50 50 50 9 34 38 50 50 50 50 50 50 50 25 50 50 50 50 16 50 30 25 50 40 6 13 23 50 32 50 9 50 50 15 29 18 26 8 21 50 47 34 50 50 39 31 1 50 50 4 50
50 27 50 50 36 23 50 50 50 29 19 50 15 50 50 18 17 6 50 50 50 50 50 10 40 47 1 50 50 50 24 6 50 49 50 50 20 50 0 50 50 50 50 31 50 50 50 47 38 50 7 5 48 35 50 50 21 50 1 50 9 50 15 37 50 50
50 50 24 3 50 0 50 50 50 50 50 42 50 50 10 50 50 50 50 50 50 49 50 50 31 50 50 50 30 6 50 23 31 50 32 50 21 26 50 50 50 50 41 50 38 50 44 50 42 50 50 16 50 26 40 33 50 6 50 13 47 48 3 50 50
36 28 50 50 50 40 50 6 48 50 50 38 37 19 50 50 50 25 28 21 26 50 17 50 44 35 50 50 50 50 50 4 50 50 10 50 2 25 50 50 50 50 13 50 21 39 42 50 50 50 50 50 50 15 30 14 29 46 45 18 32 50 50 50
17 29 46 50 50 30 50 50 50 50 37 50 50 39 50 50 7 50 35 41 50 50 50 49 50 10 50 50 47 50 34 50 50 50 50 50 50 50 36 50 32 50 18 35 50 42 50 50 50 50 50 7 50 50 50 22 25 2 43 28 13 1 50
4 50 50 34 48 50 43 50 50 26 50 50 32 15 40 50 49 50 50 50 50 22 12 50 50 27 50 30 13 50 50 50 50 50 50 33 50 39 50 50 50 50 41 50 50 50 50 38 17 50 50 50 34 28 30 50 50 0 50 50 1 50
17 50 47 46 50 14 44 43 50 50 50 50 50 50 50 23 50 43 50 50 26 45 50 50 50 28 50 10 50 50 50 14 50 50 4 18 37 13 50 10 42 50 1 50 50 39 50 45 50 50 50 18 5 50 50 50 50 27 50 3 50
50 27 50 50 50 50 0 50 39 15 50 31 50 38 50 20 5 50 24 47 5 49 4 50 5 50 25 21 27 29 50 50 31 44 50 5 50 50 26 24 50 50 34 50 50 50 23 50 50 50 50 50 50 23 37 50 50 50 50 50
50 50 50 5 50 50 50 50 50 50 50 50 29 6 3 30 50 35 45 50 11 50 50 50 21 47 50 23 50 50 19 28 23 50 44 50 43 15 50 16 50 50 50 47 12 46 50 50 25 50 7 22 50 28 50 36 25 50 50
26 20 50 50 50 50 50 50 50 50 50 50 50 17 29 50 5 14 50 15 50 16 50 50 50 47 26 26 28 25 50 50 27 50 50 17 50 50 47 24 9 50 50 50 50 21 50 37 50 26 50 50 36 25 50 50 39 50
50 50 20 14 50 45 40 50 21 23 50 50 38 48 50 19 18 50 21 50 50 44 33 0 30 50 50 46 38 50 50 50 50 50 50 50 45 50 50 50 50 50 47 50 50 18 50 50 31 4 6 50 50 50 50 50 50
46 34 50 50 50 37 39 2 50 14 50 50 50 16 50 50 50 50 50 50 50 5 22 50 50 50 50 24 50 50 50 50 50 50 9 50 18 50 4 31 36 50 50 50 50 50 44 50 50 50 14 50 50 50 50 50
38 50 50 50 50 11 40 50 17 3 50 50 50 50 50 1 50 50 5 9 50 9 40 20 50 34 50 50 28 26 50 50 50 22 50 15 50 31 11 50 50 50 50 50 49 10 50 12 4 45 50 50 2 42 50
50 50 50 50 24 50 50 2 17 50 34 50 50 50 50 50 32 14 50 50 5 50 50 27 23 50 36 38 50 49 47 50 38 1 14 14 50 46 12 50 4 50 50 5 50 0 50 37 46 50 30 50 17 50
4 50 7 50 50 27 50 50 15 50 35 50 30 16 19 50 50 21 26 50 50 50 50 36 22 24 7 50 50 50 7 41 34 37 7 50 50 27 39 33 50 24 50 50 50 32 50 45 50 48 50 50 50
50 50 50 50 5 50 50 14 50 50 50 30 50 42 12 4 50 1 50 23 16 50 50 42 8 23 50 40 42 34 50 50 50 26 50 50 50 50 50 50 50 50 37 50 50 6 13 50 50 26 50 50
50 50 50 11 50 50 50 8 50 11 50 50 21 50 26 50 50 50 27 50 50 50 30 14 14 50 42 0 14 50 50 19 50 50 18 50 26 50 36 1 50 0 23 50 50 49 50 2 41 50 50
0 50 50 44 5 31 50 50 25 20 50 50 50 25 11 50 7 50 21 43 24 25 50 50 42 17 50 27 50 50 7 50 50 47 0 50 50 50 37 50 36 19 50 11 50 3 9 33 50 50
50 35 50 35 50 31 50 3 43 50 50 47 50 15 18 50 50 50 22 0 50 6 50 10 50 50 22 8 50 50 19 28 19 50 13 4 1 50 50 45 21 50 50 3 50 50 50 50 50
29 50 22 50 29 50 50 50 50 20 50 50 41 50 50 50 1 50 50 50 3 29 50 43 47 50 50 50 50 45 50 48 45 50 17 28 50 50 50 50 50 50 50 41 50 33 50 50
32 50 50 50 47 18 50 48 47 50 27 50 50 49 50 50 22 50 50 0 50 50 50 23 23 50 15 25 50 50 10 19 50 50 5 6 50 50 50 50 50 50 5 50 47 34 50
50 50 50 50 50 1 50 20 20 50 34 50 28 38 50 2 50 29 50 36 50 50 50 39 50 49 44 50 34 40 47 35 50 50 33 31 50 50 7 50 35 24 5 50 50 50
9 18 50 50 50 50 15 37 28 50 19 48 29 12 50 50 46 50 25 50 50 50 50 16 50 50 23 50 50 50 50 50 34 50 49 50 50 10 50 50 50 17 50 50 50
50 9 50 24 17 50 50 50 38 50 44 50 50 46 50 50 50 50 28 50 50 16 11 50 50 50 38 50 50 38 30 50 32 39 50 50 50 50 18 3 50 50 50 50
50 14 50 50 7 19 37 50 50 33 28 50 34 1 1 50 4 50 42 20 50 50 50 17 50 50 50 29 50 50 22 50 50 1 50 31 50 50 50 50 46 50 50
50 50 50 26 50 17 50 11 28 49 50 39 50 50 50 42 50 50 50 50 50 50 49 50 50 30 50 50 50 50 45 50 50 50 16 50 39 30 50 49 50 50
47 50 28 50 11 50 15 50 49 50 50 32 36 4 21 12 13 50 50 50 50 31 50 50 42 44 50 50 50 50 29 50 50 19 37 50 50 3 50 50 50
27 50 50 39 38 50 49 30 9 50 7 43 50 50 31 50 50 43 50 50 50 50 23 50 50 16 50 40 50 31 50 18 45 50 45 50 35 50 50 50
50 50 50 3 50 50 4 50 50 50 50 50 2 50 36 18 50 6 36 50 50 29 50 50 50 50 50 33 1 10 50 50 50 50 50 50 50 50 50
50 24 50 39 32 8 50 17 50 50 50 17 50 36 50 50 50 47 50 34 34 50 38 21 50 24 50 8 50 24 46 50 50 17 50 32 50 50
50 40 50 50 50 50 50 45 50 40 12 50 17 50 18 42 50 37 50 50 50 50 19 43 29 48 50 29 50 34 45 50 50 50 50 20 50
10 50 41 5 35 31 50 50 20 12 7 50 47 50 50 42 50 50 50 50 38 50 50 20 36 21 40 50 33 50 16 50 50 48 50 50
44 50 50 50 4 34 50 50 21 11 50 5 50 50 50 50 11 50 25 50 50 50 50 50 50 50 22 12 50 50 46 30 50 50 50
50 50 3 33 25 50 50 41 50 6 7 14 22 50 50 41 50 50 50 50 40 50 35 50 50 41 40 50 27 31 20 15 50 50
50 50 14 50 50 35 41 50 39 50 19 50 36 50 50 50 50 50 39 33 50 50 49 48 50 49 43 27 11 50 50 27 50
1 13 48 31 50 8 50 49 50 39 50 26 41 50 27 50 50 50 25 29 30 42 27 33 50 17 50 2 15 3 50 50
45 2 30 50 50 12 50 50 8 50 13 15 50 50 7 50 50 38 50 50 50 50 3 37 1 10 20 50 34 50 50
15 50 7 50 12 3 27 50 28 50 47 24 25 39 35 50 11 25 6 50 30 28 48 50 10 50 12 50 50 50
25 34 50 47 50 50 50 23 50 40 42 50 24 50 49 50 50 18 10 50 33 50 50 44 30 23 39 50 50
50 35 1 23 50 50 50 50 5 15 25 1 32 46 8 50 22 18 10 50 48 50 50 32 0 6 50 50
43 34 18 25 10 50 48 33 3 50 50 50 31 50 31 50 50 50 50 37 29 50 38 50 50 30 50
3 50 50 22 50 50 49 34 12 50 11 43 50 4 50 29 38 50 19 50 50 50 20 50 50 50
50 21 50 50 50 11 50 50 50 26 50 14 50 50 17 50 7 50 50 18 50 32 5 50 50
50 33 50 48 29 50 50 7 21 50 8 50 50 33 50 34 0 24 50 41 26 50 50 50
50 50 50 36 28 50 13 35 50 13 24 50 50 50 50 46 50 50 50 50 50 47 50
40 28 50 50 50 50 50 47 50 4 48 50 50 50 40 50 50 33 21 50 50 50
37 38 25 50 50 32 50 36 49 50 20 10 50 50 29 50 50 4 5 19 50
50 50 10 50 50 37 50 50 5 50 24 32 50 32 50 27 50 50 38 50
18 13 50 34 50 50 50 50 50 46 50 50 50 50 28 8 50 17 50
50 50 50 50 50 22 50 50 31 50 50 50 50 50 9 50 4 50
50 50 50 16 26 30 24 50 47 50 50 32 50 50 38 2 50
10 12 49 6 15 50 50 12 35 50 37 36 50 45 50 50
50 30 50 11 30 50 0 50 49 2 50 50 50 45 50
32 50 49 49 8 16 18 30 4 50 50 50 50 50
50 50 22 39 50 50 34 50 50 50 40 50 50
48 41 21 50 50 50 50 19 46 38 12 50
37 50 50 9 47 50 33 50 50 50 50
50 50 22 4 12 50 47 50 2 50
50 50 50 27 20 31 50 5 50
43 49 50 50 50 43 50 50
50 50 14 26 50 50 50
47 50 42 50 23 50
50 50 9 11 50
14 50 50 50
15 50 50
50 50
50
