200 50
50 47 50 50 10 50 50 50 27 50 12 5 7 50 50 20 50 50 50 50 50 50 31 50 50 50 50 50 50 8 50 50 50 50 50 6 50 50 50 4 50 50 41 50 50 30 50 41 13 50 7 50 50 50 50 50 10 28 50 50 31 20 22 50 50 31 32 50 17 50 50 50 50 50 50 13 50 50 11 50 50 50 28 32 50 50 43 23 50 50 50 50 50 50 50 50 50 50 50 50 16 50 50 50 50 50 50 50 50 50 50 50 50 50 38 50 50 50 50 27 50 50 50 50 50 37 50 50 50 36 50 14 50 50 50 50 50 50 32 50 50 40 50 50 50 50 50 50 50 50 50 50 32 50 50 30 20 50 27 38 50 20 12 30 41 50 44 50 50 50 50 50 50 50 50 50 50 50 30 50 50 50 50 30 50 50 50 50 50 50 23 50 50 50 0 50 50 50 50 
50 18 17 50 50 50 50 1 50 9 50 50 10 43 50 10 50 20 50 50 13 50 50 35 50 32 50 50 50 6 50 50 50 50 50 50 50 10 50 30 50 46 50 36 50 50 48 50 14 6 50 50 50 50 50 50 41 50 50 50 50 50 50 50 50 50 50 50 50 42 50 50 50 50 50 50 50 9 50 30 15 50 50 50 7 22 50 3 13 50 50 50 50 50 50 50 11 50 50 40 50 50 15 36 50 0 50 50 50 50 50 50 50 50 29 50 50 50 50 50 24 50 10 33 50 50 12 50 50 50 25 50 50 50 50 50 48 50 12 50 50 1 50 50 50 50 50 50 50 50 12 50 28 21 50 50 50 50 50 50 50 26 30 50 10 50 50 4 50 50 50 50 50 50 50 50 50 50 50 20 50 50 7 50 50 50 50 50 50 4 50 50 50 50 11 8 50 50 
50 50 26 50 50 50 50 50 12 50 50 50 50 50 50 50 50 50 50 26 28 50 50 48 50 50 50 33 50 49 32 50 24 50 31 50 50 50 50 50 24 50 50 50 50 10 50 50 50 50 50 48 50 50 50 50 50 4 35 50 50 50 20 5 50 43 30 50 50 50 50 50 50 50 50 26 50 6 29 50 8 23 50 50 38 50 50 50 50 50 0 50 50 50 50 50 50 24 16 50 50 50 50 50 50 50 50 37 50 23 44 50 50 24 50 50 50 50 32 50 50 50 50 50 42 50 50 50 8 50 50 50 26 50 32 15 50 50 50 50 50 50 50 50 50 50 39 50 50 50 50 50 50 50 50 50 50 43 50 50 21 32 50 18 50 50 50 23 40 50 50 50 50 50 50 50 50 50 36 33 50 50 50 50 50 50 50 50 47 50 34 50 50 50 48 50 50 
50 34 9 34 50 50 50 50 46 50 6 50 50 50 50 50 50 22 13 50 28 46 50 50 30 50 27 50 50 50 50 50 50 50 35 50 50 50 50 50 50 50 50 50 50 50 50 50 50 18 50 50 50 50 7 46 50 50 50 50 50 13 37 50 50 50 9 50 50 50 50 45 29 50 31 50 50 50 50 50 6 50 50 50 50 50 50 14 32 50 50 17 46 50 50 50 40 50 50 50 50 50 50 50 50 50 45 17 50 50 13 29 50 7 50 50 50 50 50 50 50 50 50 4 50 50 50 0 50 50 23 50 50 44 50 6 50 50 50 50 50 50 50 50 50 50 50 50 50 50 50 50 50 50 50 50 50 50 50 50 43 50 50 22 50 50 50 50 23 36 50 12 50 50 50 50 50 50 50 50 19 50 27 50 50 50 50 50 50 50 31 50 50 27 50 16 
50 50 1 50 50 2 50 50 50 50 50 50 4 50 50 50 50 50 49 50 50 50 50 50 25 28 50 50 12 50 24 4 50 50 50 50 50 50 41 50 39 3 30 50 50 50 23 11 50 50 50 50 50 50 50 50 3 42 50 50 50 28 50 0 50 34 50 50 50 50 50 19 6 50 50 4 34 50 30 50 50 50 50 50 35 8 10 30 15 50 50 50 50 38 34 50 50 50 50 50 32 50 19 50 16 50 50 50 48 31 50 50 50 50 50 50 50 50 20 50 12 50 8 50 6 42 47 40 37 50 50 29 50 50 29 50 50 50 50 50 5 50 50 29 50 50 50 50 50 36 50 50 3 50 50 1 50 50 50 50 46 16 50 50 12 50 50 50 11 50 2 50 50 50 17 50 23 50 50 50 22 15 50 50 50 31 50 50 9 50 50 50 50 16 50 
50 50 50 50 50 0 37 50 50 25 50 50 50 50 50 50 10 50 22 50 50 50 50 50 27 10 44 50 43 50 0 50 50 50 50 50 50 50 50 50 50 50 33 50 50 50 50 50 50 50 50 37 38 50 50 50 50 40 50 50 47 50 14 50 50 50 50 50 50 50 24 50 50 50 26 35 50 32 34 50 50 50 50 48 50 50 50 50 50 50 50 34 50 50 50 50 50 50 12 19 50 50 50 50 13 4 50 50 33 50 50 50 50 50 50 50 13 50 21 11 50 47 50 50 50 50 36 50 50 50 50 50 2 50 50 50 50 18 50 50 30 50 50 50 50 50 30 50 50 50 46 50 50 50 50 50 50 50 50 50 34 50 1 50 10 50 50 50 1 50 20 50 50 9 50 50 50 50 50 46 50 50 50 22 50 0 2 50 4 50 50 6 50 50 
50 50 50 50 50 50 50 50 50 31 17 50 50 50 50 45 50 50 32 50 50 50 50 15 50 50 26 50 15 50 8 50 50 50 50 50 50 50 1 50 50 50 50 50 50 50 27 39 50 5 0 50 6 50 3 50 22 50 32 50 50 50 50 50 50 13 12 50 50 50 28 30 50 50 49 11 50 50 9 50 50 50 50 50 50 50 50 50 29 50 49 50 50 9 50 21 50 50 50 50 50 50 50 50 50 50 50 50 24 50 40 35 50 1 50 50 50 50 50 50 50 50 50 50 50 50 25 5 50 50 46 50 50 43 50 15 50 50 4 50 50 50 50 11 34 39 50 50 42 50 50 50 50 44 41 50 42 50 28 50 50 50 50 50 50 50 50 50 50 33 50 50 50 28 50 0 50 4 50 50 50 24 50 50 50 46 50 50 50 50 50 50 50 
50 50 50 46 50 50 50 9 50 50 50 50 50 50 35 50 50 50 50 50 50 50 50 50 34 50 50 50 50 44 50 45 50 50 50 40 47 50 44 50 50 50 50 50 50 50 50 50 49 50 50 50 50 47 50 50 50 1 50 50 50 50 50 50 35 50 50 50 50 38 50 50 50 50 50 50 50 0 50 50 50 5 38 50 49 50 41 50 50 50 50 50 37 50 41 50 21 50 38 50 50 50 50 50 50 43 50 50 47 50 50 50 12 4 50 50 50 47 19 50 50 50 50 36 50 50 50 50 50 50 50 50 50 25 50 50 50 41 50 29 50 2 50 5 50 36 50 50 12 50 50 50 50 50 50 50 50 50 50 50 3 50 50 31 50 50 25 50 50 50 50 50 50 50 50 50 50 50 50 50 50 50 50 50 50 50 50 50 50 50 36 50 
50 50 50 50 27 50 50 13 31 50 50 49 50 50 50 50 50 50 23 20 28 50 18 50 50 50 50 50 29 50 15 2 50 50 50 50 50 50 50 50 13 32 50 39 50 50 50 3 44 50 50 8 50 14 13 50 50 1 50 50 50 50 50 50 50 50 50 50 50 39 12 29 50 50 50 50 50 50 50 1 30 39 50 41 50 49 34 50 50 50 50 50 50 50 50 50 50 50 50 50 50 50 50 1 50 50 37 50 50 42 50 50 50 50 50 50 14 50 43 50 50 50 50 50 50 50 50 50 44 37 35 50 50 50 50 50 50 50 50 50 50 50 50 50 50 50 50 50 50 50 15 50 50 50 50 50 50 50 50 50 50 50 50 50 50 50 50 50 50 50 50 6 50 26 50 50 50 50 50 50 8 4 50 50 23 50 50 50 50 50 22 
50 50 17 50 26 50 21 50 50 41 15 50 50 50 36 50 50 50 50 50 50 50 5 50 40 50 50 50 50 29 50 27 50 50 17 40 50 50 50 50 50 50 50 50 50 50 50 50 25 50 50 30 50 44 19 50 50 46 50 50 50 50 31 50 37 50 50 37 22 50 50 50 3 50 50 50 50 50 50 50 50 37 50 18 50 50 50 50 50 23 50 41 3 50 4 50 2 50 50 50 50 50 50 50 50 27 50 50 34 29 50 50 39 50 50 50 50 50 28 24 27 47 50 50 50 50 50 50 50 26 4 50 50 21 15 49 50 50 47 26 42 50 50 50 50 50 50 50 50 50 50 24 50 50 3 50 50 32 50 50 50 50 50 50 50 44 50 17 50 50 36 50 50 50 50 4 50 23 18 32 50 50 50 50 50 50 50 50 22 50 
50 47 50 50 50 50 50 10 50 50 50 50 50 34 50 50 3 2 23 1 50 50 50 50 50 50 19 32 50 50 50 33 50 50 50 50 40 23 50 27 48 50 50 50 0 50 49 50 50 50 4 50 50 50 50 50 50 47 50 50 50 50 50 50 50 0 50 50 50 27 50 50 50 50 8 13 50 50 50 32 50 50 50 50 50 50 50 50 1 50 17 50 50 30 50 50 50 50 50 50 50 0 50 50 50 40 8 50 50 50 50 50 3 50 50 50 50 50 50 10 50 33 50 50 50 50 9 50 50 50 50 50 17 50 50 50 50 50 50 0 22 50 50 50 50 50 50 46 17 50 28 50 50 50 50 50 50 50 50 50 50 50 46 15 50 27 50 12 13 50 50 11 50 50 50 50 50 50 50 50 41 50 50 50 50 27 50 14 47 
50 50 50 50 50 50 50 3 9 50 50 50 50 50 50 50 36 50 50 50 50 17 50 50 50 50 50 50 50 38 50 50 50 2 50 34 50 50 50 50 50 50 50 50 50 50 31 50 13 50 50 50 50 38 50 50 50 50 7 50 50 25 50 50 50 50 36 50 0 50 50 50 25 50 32 50 50 50 27 38 1 50 50 50 38 50 19 50 34 50 50 50 50 50 45 50 4 50 50 50 25 50 50 27 36 4 50 50 50 49 50 50 50 50 50 50 25 50 50 50 50 0 50 50 50 6 48 50 50 50 10 50 50 39 35 50 50 5 50 50 50 50 50 50 50 2 50 50 50 42 50 21 50 50 50 43 50 50 1 50 50 3 50 50 50 50 27 50 46 50 23 50 50 24 8 50 50 50 50 11 50 50 50 18 50 50 50 50 
50 50 50 3 21 50 50 50 50 50 23 9 47 50 50 50 50 50 50 50 50 50 50 50 50 50 50 11 50 50 50 50 50 50 14 50 50 50 50 13 50 50 50 50 50 50 3 50 50 50 50 1 50 50 3 50 0 50 50 50 50 50 50 50 50 50 50 50 16 50 50 50 12 15 50 18 50 50 50 47 50 40 50 50 36 50 50 11 22 25 38 50 50 50 50 50 50 50 50 50 50 50 50 50 12 45 50 14 50 50 50 50 50 27 50 50 50 50 50 50 50 50 43 24 50 50 50 50 50 50 50 50 50 3 50 50 42 50 50 50 37 50 50 28 50 50 50 44 50 23 50 50 50 50 50 50 46 50 50 50 50 50 50 50 50 24 10 24 50 50 50 50 50 7 30 50 50 50 49 50 50 15 9 22 0 50 50 
50 50 50 50 50 50 50 25 10 50 19 7 50 50 50 50 50 50 50 50 50 50 41 6 50 50 50 6 49 50 50 50 50 48 50 33 50 50 50 49 9 19 13 50 50 17 43 50 21 50 23 50 50 50 50 50 50 50 50 50 50 50 50 50 47 50 50 50 50 50 30 50 50 11 50 50 50 26 50 37 50 50 50 50 50 50 50 50 50 34 19 14 50 44 50 50 50 7 50 50 50 50 50 50 50 50 50 50 50 0 39 19 26 50 50 50 50 50 50 25 50 50 50 50 20 50 50 50 50 32 50 50 42 22 50 39 50 50 50 50 50 50 50 50 50 12 50 37 16 32 6 50 50 50 50 50 50 9 50 45 6 50 50 50 50 50 50 30 13 50 50 50 50 50 50 50 50 50 42 50 45 50 24 50 50 50 
14 50 22 50 50 50 18 39 50 50 50 50 50 50 50 32 50 50 22 50 27 50 50 37 50 50 50 50 50 50 1 50 50 50 27 50 50 50 30 50 0 50 50 50 12 50 50 50 50 23 19 50 29 50 50 50 50 50 50 50 50 50 50 0 14 50 50 49 50 18 50 50 42 29 50 7 50 19 24 41 50 50 50 50 50 50 50 50 50 32 28 15 50 44 50 50 50 22 50 50 50 50 50 50 50 50 34 50 50 47 47 50 50 50 50 50 12 50 50 50 50 50 50 50 50 50 50 50 43 50 50 50 46 50 38 50 50 50 50 50 50 50 10 50 50 50 50 5 50 50 5 0 36 50 50 50 50 50 50 4 50 50 50 50 50 9 50 37 50 36 50 27 50 50 33 3 50 50 50 50 50 5 50 50 50 
50 36 50 27 50 50 50 0 38 46 45 50 50 50 50 50 50 50 50 50 50 50 50 50 0 50 50 50 50 50 0 34 24 50 50 16 19 26 42 50 50 50 19 50 50 50 50 50 50 50 50 50 50 50 50 12 2 50 50 50 21 50 50 26 50 50 45 50 50 50 50 21 50 4 50 18 50 50 50 50 50 50 50 50 50 33 50 39 10 50 50 50 50 50 50 50 50 50 50 50 45 50 46 50 50 50 50 50 32 50 50 50 50 50 50 50 50 50 20 5 50 18 29 50 50 50 50 50 39 3 50 50 50 50 50 50 32 50 35 50 50 50 50 33 50 50 32 28 0 37 50 50 39 7 39 42 50 50 50 50 50 50 22 50 27 50 50 16 50 50 50 14 50 3 50 50 50 50 50 6 50 50 43 50 
50 24 50 50 50 50 50 50 26 26 50 5 12 23 35 50 50 50 50 50 50 50 50 50 35 42 50 50 50 27 37 50 50 50 46 40 50 13 50 50 7 50 50 50 50 16 50 50 50 50 3 50 50 50 18 47 50 50 2 50 50 33 5 26 50 50 50 50 19 50 19 50 11 50 50 34 50 26 50 50 50 50 32 50 50 44 50 50 36 50 50 43 50 50 50 30 50 10 50 50 7 50 50 50 50 15 50 50 25 50 50 50 50 45 50 50 50 50 50 3 50 19 50 50 50 50 50 50 50 39 50 50 50 50 16 50 50 50 23 40 50 50 50 50 50 50 50 50 50 31 40 50 5 50 50 50 50 50 2 35 50 20 50 32 50 50 50 50 6 50 50 50 50 50 50 50 50 50 50 50 50 50 30 
50 50 50 50 50 50 38 50 25 50 15 50 50 50 50 50 50 8 50 50 50 50 50 12 50 50 50 33 11 50 50 50 50 50 35 50 15 50 50 50 41 14 50 40 50 50 50 50 13 50 50 27 50 50 50 37 50 50 50 50 50 50 12 50 50 50 50 42 50 50 50 25 50 50 50 50 50 35 50 35 50 50 31 22 50 50 50 50 23 50 50 50 20 50 50 50 50 50 10 50 50 50 50 50 8 50 50 44 50 26 50 50 50 11 50 39 50 50 50 6 47 50 50 25 50 50 50 50 50 50 50 40 41 5 50 26 50 50 50 50 50 50 50 50 50 50 20 33 18 9 50 50 23 50 47 50 50 50 50 50 50 50 9 50 50 13 50 50 34 0 50 50 50 50 50 50 50 50 50 50 50 50 
50 23 50 50 6 50 23 50 10 50 50 50 50 50 43 50 50 38 50 3 50 50 50 50 50 50 50 50 0 50 50 18 50 20 50 45 50 50 38 39 50 50 50 9 50 40 50 50 50 2 50 28 20 50 50 50 50 50 50 19 50 33 50 50 50 50 50 50 50 50 50 50 50 50 50 50 21 50 50 50 47 35 13 50 50 50 35 33 50 42 50 50 50 32 50 50 50 30 2 50 50 23 50 50 50 50 50 50 38 50 50 50 39 50 50 50 23 50 50 50 50 34 50 50 44 50 50 50 50 50 50 50 36 50 50 50 50 50 50 50 29 50 2 7 50 50 29 24 11 50 41 50 50 0 50 50 50 50 50 39 1 50 50 50 1 50 50 16 17 46 50 47 50 50 50 50 50 50 50 50 25 
50 50 31 50 10 50 50 50 50 50 50 50 50 50 50 48 3 50 50 50 50 44 50 17 50 50 50 50 50 50 50 43 40 50 39 50 50 50 50 50 8 10 50 8 34 50 50 50 45 3 6 50 50 50 50 50 23 50 50 50 11 50 50 50 50 50 50 50 21 23 50 50 50 50 3 50 50 50 50 50 46 31 50 50 50 50 50 50 50 50 11 50 50 50 32 50 50 50 44 50 50 50 50 50 50 8 50 9 50 46 50 48 50 50 47 50 50 50 26 50 50 50 45 50 50 50 50 50 50 37 50 50 50 50 50 32 48 48 45 50 50 50 38 50 6 50 50 9 50 47 30 50 50 50 31 29 50 50 50 50 50 48 50 50 50 50 50 50 46 50 50 35 50 3 50 50 50 50 50 22 
44 50 25 50 50 50 10 50 50 50 50 50 50 12 50 50 50 17 50 50 50 50 50 50 50 2 43 50 50 12 50 45 34 50 50 50 50 50 50 50 50 32 50 50 38 50 50 50 50 50 50 50 50 22 50 26 50 50 18 33 21 50 50 43 50 50 50 50 50 50 50 50 5 50 50 0 50 50 50 24 43 50 50 30 17 0 50 50 50 50 50 50 50 50 27 50 50 50 50 50 50 50 50 50 50 50 50 14 50 50 23 50 23 50 50 49 30 50 47 50 42 50 50 50 50 29 50 17 50 50 43 50 50 50 17 22 50 48 50 50 50 47 39 50 2 42 50 50 12 50 50 50 50 50 50 27 25 50 50 50 50 50 50 50 18 27 50 50 50 50 14 0 50 50 50 50 50 50 50 
6 50 19 50 50 44 50 0 20 10 28 50 50 50 50 50 11 50 7 50 50 50 50 50 50 19 3 6 26 50 22 50 16 50 50 50 50 50 50 50 50 50 19 12 50 50 50 27 50 50 50 43 50 40 50 50 50 50 50 3 41 50 50 50 46 50 50 50 50 50 50 50 16 43 50 50 50 50 50 50 38 50 50 50 31 50 45 16 46 27 50 37 50 33 50 50 50 50 43 50 50 42 50 50 50 50 50 50 50 26 22 50 50 50 50 50 5 16 50 47 27 41 50 50 50 50 50 50 44 50 23 50 50 50 50 50 50 50 45 49 42 38 50 23 50 20 49 50 43 50 50 50 50 11 50 50 0 50 14 50 50 50 50 50 29 50 50 44 4 50 50 50 50 50 50 50 32 50 
50 50 6 50 50 43 42 50 50 50 50 50 39 39 28 50 50 50 50 50 50 50 50 50 50 9 3 50 50 15 50 50 50 50 50 50 50 50 50 15 10 50 18 50 50 50 24 50 34 50 50 50 50 50 50 0 50 39 30 50 50 50 28 50 50 2 50 21 50 50 50 18 42 50 50 50 50 49 41 50 50 50 50 50 50 50 21 16 50 50 50 25 50 19 50 36 50 21 33 50 16 50 50 50 50 41 50 45 50 50 50 50 15 50 50 50 0 50 50 50 50 50 50 50 43 50 50 50 50 50 50 50 50 50 50 50 50 50 50 50 50 41 50 33 50 50 50 50 11 50 50 20 50 50 50 12 10 50 50 50 50 50 50 50 50 50 50 50 50 50 40 50 50 50 50 50 50 
50 50 50 50 50 50 50 50 3 50 50 50 50 50 50 50 50 50 40 50 31 50 35 18 50 50 50 50 50 50 50 50 50 50 50 47 17 50 40 50 50 50 50 50 50 50 50 8 50 50 50 5 50 50 50 35 50 50 28 50 3 50 50 50 45 50 50 50 50 50 50 50 50 25 50 50 50 50 50 50 13 50 50 50 20 48 50 31 10 50 50 41 8 50 18 39 50 28 50 50 50 50 50 50 38 50 25 12 50 50 50 49 11 50 50 50 22 1 50 50 42 50 50 50 50 50 50 50 50 50 50 50 50 50 22 50 50 50 50 50 50 4 32 50 50 8 50 50 50 13 50 38 50 50 21 49 50 50 50 50 50 50 50 11 31 50 23 50 18 50 50 50 1 50 50 50 
40 31 50 50 50 50 50 47 50 2 50 16 43 50 50 15 50 49 50 50 42 50 50 50 50 50 50 50 50 50 17 3 50 50 50 9 50 38 1 4 50 8 50 4 50 50 50 50 50 50 22 40 1 50 18 50 50 50 50 50 50 50 50 50 50 50 50 50 50 50 50 40 50 50 7 50 50 41 50 36 50 50 50 50 50 50 50 50 50 50 50 50 39 17 50 50 50 50 43 50 50 50 50 50 50 8 6 50 50 50 50 50 50 50 50 47 50 36 50 36 50 50 50 50 50 4 50 50 26 47 50 50 50 50 31 50 50 50 30 50 50 16 50 50 50 50 50 50 32 50 50 50 50 27 50 50 50 50 10 3 50 50 50 50 50 50 50 30 30 50 21 50 50 47 50 
50 8 50 3 50 50 50 49 2 50 50 50 50 50 50 35 50 50 50 50 50 50 41 50 50 50 50 50 45 50 50 20 50 50 50 50 50 45 50 13 39 11 50 50 50 24 20 19 19 16 50 50 50 50 50 50 20 12 50 50 0 50 50 15 38 50 44 22 16 50 50 27 50 7 50 14 17 18 50 18 18 42 50 50 6 10 50 50 49 21 50 50 50 50 40 50 50 40 50 50 39 50 50 50 50 50 50 9 7 18 50 50 50 50 50 50 50 50 50 50 50 34 12 23 50 50 50 50 50 50 50 50 50 50 50 50 28 45 50 25 29 10 34 50 50 50 20 44 50 50 50 50 50 50 50 50 50 50 50 50 50 50 50 50 50 50 23 50 19 50 50 50 13 14 
31 12 50 43 14 50 50 50 6 50 50 50 27 50 50 50 50 50 19 50 50 50 50 24 50 12 50 50 48 35 50 50 50 50 50 14 50 34 50 50 50 37 50 50 50 10 50 50 50 50 50 50 50 50 50 25 50 3 50 50 50 50 7 50 50 36 36 5 50 7 20 50 50 8 28 50 25 42 37 18 35 50 50 50 50 50 50 39 50 34 35 50 50 4 50 50 18 50 33 50 50 50 33 50 50 50 50 50 50 50 22 12 50 50 31 33 38 50 50 50 2 50 36 50 4 50 50 44 50 39 27 50 50 50 50 50 50 50 50 50 50 50 50 50 50 29 11 50 50 50 50 35 50 50 50 50 50 50 17 50 50 27 33 50 50 50 50 50 50 50 49 37 38 
50 16 47 50 50 50 50 50 1 22 8 14 50 2 50 50 50 50 50 11 1 50 3 50 44 50 50 42 50 50 50 50 50 50 50 50 4 50 50 50 50 50 50 50 50 48 50 50 50 50 50 8 50 20 40 50 50 49 27 50 50 50 34 50 50 50 50 50 50 50 32 50 50 50 50 50 40 50 50 50 44 50 50 50 50 50 50 50 50 50 50 27 50 11 50 50 50 50 50 50 50 50 50 40 50 50 33 50 3 50 50 50 50 1 50 50 50 50 26 50 12 50 25 50 7 48 50 50 50 1 16 12 50 50 50 50 50 50 50 50 50 50 50 50 9 50 19 50 50 50 50 50 50 50 50 50 50 50 50 50 50 50 50 50 50 50 50 16 19 50 50 39 
50 50 50 50 50 50 50 21 50 45 40 35 50 50 48 50 50 50 43 50 50 40 32 50 34 50 50 50 50 50 50 19 50 46 50 50 50 18 50 50 50 50 50 42 50 50 50 6 30 33 24 50 31 50 50 50 50 50 50 9 41 15 50 43 50 50 50 50 50 50 45 50 50 50 50 50 50 50 50 50 6 20 50 50 50 50 50 6 50 50 50 17 50 25 50 24 50 50 50 50 50 50 50 50 35 50 37 50 50 50 0 50 35 50 50 50 50 50 50 7 50 19 50 50 50 50 50 50 50 50 7 50 50 50 29 50 29 50 50 50 50 5 50 50 29 50 35 14 50 12 47 50 50 50 50 50 50 22 50 33 50 50 50 50 50 28 50 50 50 50 8 
48 50 50 0 50 50 50 50 42 29 22 50 50 50 50 28 50 50 20 44 50 50 50 50 50 50 50 50 50 50 50 50 50 23 50 50 50 50 50 50 28 50 50 28 32 50 50 50 45 31 50 50 50 41 10 50 50 50 50 50 20 50 50 27 7 50 50 50 6 50 50 44 50 50 11 50 50 50 50 50 50 50 50 50 50 5 27 50 50 50 50 20 50 50 50 9 50 15 50 50 50 50 50 50 50 50 34 50 50 50 16 48 50 26 50 50 50 50 38 50 50 50 50 50 39 10 50 0 50 50 50 50 50 4 50 50 14 50 50 50 50 50 50 50 48 50 50 50 50 50 50 50 50 50 50 23 25 50 12 50 38 50 50 50 45 5 50 50 41 50 
50 50 50 50 3 50 50 50 50 47 50 50 50 50 50 50 50 15 4 50 50 50 39 2 50 13 50 50 41 50 8 38 50 50 5 50 50 36 13 50 12 50 50 50 50 50 50 50 50 50 50 47 33 50 50 50 50 50 26 50 50 49 30 23 26 50 15 37 50 50 50 50 50 50 50 50 50 50 49 28 9 50 50 42 50 50 15 7 23 15 50 50 30 50 50 11 33 50 48 50 50 50 50 16 50 50 38 50 50 50 50 50 1 50 50 50 0 50 50 50 44 50 50 50 50 50 50 44 50 50 50 50 50 45 23 50 11 50 50 50 50 50 50 50 48 50 50 50 50 50 50 50 25 50 45 50 50 25 50 28 50 50 50 50 50 50 19 50 50 
47 50 25 19 50 50 12 22 50 50 50 50 50 50 50 50 50 48 50 50 23 50 50 50 50 50 50 1 32 50 16 43 50 50 50 50 50 23 50 50 50 41 37 50 50 50 50 50 50 50 50 50 50 43 50 50 50 50 50 36 50 50 12 0 50 50 50 42 28 9 50 50 50 50 50 50 42 50 9 48 50 36 6 45 50 50 50 50 50 0 50 50 44 50 47 40 50 9 50 50 50 39 50 50 50 50 50 50 16 50 37 48 50 50 50 43 50 50 11 50 50 31 50 5 41 15 50 7 50 50 50 50 50 50 35 50 50 49 50 50 50 50 50 50 50 50 3 50 33 50 50 50 50 50 27 5 25 50 50 25 50 50 50 50 21 39 50 50 
0 33 50 50 50 50 7 50 50 50 32 50 42 50 50 50 50 50 50 50 50 30 38 50 50 50 50 4 50 50 50 50 50 50 7 50 50 50 50 50 16 50 50 21 16 50 50 50 50 20 50 50 50 39 50 50 9 46 50 50 50 50 42 50 50 50 0 50 50 50 19 0 50 50 50 50 50 50 49 14 50 50 50 50 23 50 50 50 50 50 19 17 50 50 50 30 31 9 50 47 50 50 50 50 38 21 50 7 50 34 50 50 50 50 50 50 50 50 50 50 21 24 14 50 24 50 50 50 50 50 34 17 50 50 50 47 50 50 50 50 48 50 38 50 50 14 50 50 50 4 50 50 50 50 50 39 50 50 50 50 50 50 26 50 50 50 50 
15 50 47 50 50 9 50 50 50 12 9 50 50 12 50 50 50 1 50 50 50 50 50 27 50 50 50 50 50 27 24 50 0 4 50 50 50 50 50 50 50 50 50 49 50 50 50 50 50 50 50 50 50 50 50 50 50 50 50 50 50 16 50 50 6 8 50 50 50 50 25 50 50 49 26 50 50 24 50 50 50 50 50 50 50 50 19 50 50 50 50 43 43 50 42 50 50 50 50 50 50 50 50 50 50 50 50 50 50 50 50 50 50 50 50 6 6 7 36 40 50 50 37 50 50 31 50 50 50 50 50 15 50 21 50 25 16 50 50 50 50 45 50 50 50 50 50 50 11 50 50 50 50 50 50 50 3 50 50 50 26 50 50 50 50 35 
50 4 50 50 39 50 50 50 50 50 15 50 50 45 50 50 50 16 50 50 50 50 50 50 50 38 29 38 19 30 50 50 48 10 25 47 28 37 24 50 50 50 50 50 50 50 50 50 3 50 50 4 6 50 50 50 24 50 50 50 50 50 50 50 22 3 50 50 2 50 50 50 50 50 50 50 50 50 41 50 50 50 50 43 50 50 50 50 50 50 50 12 22 50 50 50 27 18 50 4 50 8 50 50 48 50 50 50 50 13 50 50 50 50 50 50 50 33 2 50 50 50 41 50 50 16 14 50 50 50 50 14 50 15 50 32 50 50 50 50 50 50 50 50 50 3 26 50 4 43 30 50 50 50 50 50 50 13 50 50 50 50 30 50 26 
50 50 50 50 50 50 50 50 50 50 25 4 50 50 50 50 50 50 46 50 50 50 50 50 50 50 50 7 50 39 34 50 50 0 33 50 50 50 50 50 47 48 0 50 50 50 50 50 50 50 50 50 50 24 50 50 38 48 50 50 14 25 50 50 1 31 50 50 50 50 50 14 50 50 50 50 9 50 50 50 20 50 50 44 50 50 50 50 50 50 50 50 50 50 50 50 50 50 50 50 50 0 14 50 50 50 50 50 50 45 13 50 50 50 14 50 50 50 50 50 50 21 50 50 50 50 50 50 25 18 50 43 50 38 41 50 27 44 50 50 50 3 50 50 50 44 50 50 50 50 50 50 50 44 50 50 50 29 50 50 50 50 50 50 
49 50 50 50 8 10 36 1 50 50 50 15 50 50 50 38 50 50 38 36 50 50 50 50 50 50 50 28 7 0 50 50 50 13 30 50 18 21 50 19 50 50 50 20 50 50 50 50 4 50 50 39 50 50 50 20 50 50 50 50 50 47 50 25 50 50 30 50 50 50 50 50 50 50 50 50 10 50 14 50 8 50 50 41 50 50 50 50 37 50 50 50 50 50 13 50 50 50 50 36 9 34 50 50 50 50 50 50 50 30 49 50 50 50 50 27 50 27 50 50 50 50 21 50 50 50 50 50 37 50 50 16 50 50 50 50 50 50 30 50 50 50 50 50 25 50 50 50 50 50 50 50 50 50 50 50 50 50 40 50 50 50 50 
50 50 50 50 31 4 50 50 50 20 50 17 50 50 50 47 50 46 20 5 31 21 17 50 50 10 50 50 25 50 50 30 38 50 50 50 23 26 44 50 50 50 6 50 50 20 50 50 50 50 50 50 45 50 50 11 50 50 50 5 50 50 7 50 50 50 50 50 34 50 50 50 50 50 50 50 50 11 50 50 50 50 50 40 50 50 30 50 50 50 50 50 50 50 19 50 50 50 50 50 50 50 18 4 39 50 50 50 50 30 50 50 50 43 50 50 47 50 50 50 50 50 18 50 50 50 43 2 50 50 50 47 50 50 50 50 40 48 50 50 50 50 50 47 50 50 14 50 50 50 19 36 50 50 50 50 50 43 40 38 41 50 
50 50 50 47 50 50 11 50 50 7 50 50 50 50 30 50 50 40 50 47 50 23 50 50 34 50 50 50 50 50 50 17 43 50 12 50 50 50 50 33 50 50 50 50 50 50 50 0 50 50 21 50 50 50 50 50 50 50 50 50 13 12 2 50 50 50 30 50 50 30 50 27 25 50 50 50 50 50 50 50 39 49 50 50 45 50 50 50 50 50 50 50 13 50 50 45 50 50 13 50 50 50 50 50 17 50 23 50 50 9 38 50 50 50 50 50 41 50 50 50 50 50 25 50 50 50 38 39 27 50 18 50 7 19 50 47 50 50 50 9 50 50 50 50 50 50 9 50 48 50 43 50 50 50 50 50 0 19 50 50 27 
35 34 50 50 32 50 50 50 4 50 20 50 40 50 12 50 50 50 50 7 50 50 50 50 50 50 17 50 50 23 50 50 50 50 50 19 50 41 8 50 50 50 50 26 50 50 50 50 50 50 50 50 10 50 50 50 50 50 50 50 50 13 50 50 50 50 2 50 50 50 25 35 50 50 50 50 50 31 50 50 50 50 50 50 50 50 50 50 33 45 50 50 50 50 50 2 50 8 50 50 50 50 50 40 50 50 41 50 50 50 50 50 1 50 29 50 50 36 50 50 10 25 31 50 50 50 50 50 50 50 50 25 38 50 50 50 50 50 50 50 50 50 20 50 50 50 50 38 50 4 50 50 50 50 50 50 41 50 50 50 
50 50 50 47 50 50 50 50 50 50 50 50 50 50 50 50 50 7 50 34 50 50 1 50 50 21 50 50 50 50 50 16 41 50 21 21 50 50 32 50 50 50 50 20 44 5 7 50 50 50 50 50 50 50 8 50 50 50 50 50 50 50 50 50 50 50 50 12 50 50 1 50 21 50 8 34 50 7 50 28 50 39 8 50 11 50 50 31 50 50 50 50 50 42 17 50 50 50 48 50 50 24 22 50 50 50 50 50 50 6 50 50 50 50 50 50 50 50 50 50 50 50 50 50 50 50 50 21 36 50 19 50 35 50 50 50 6 50 50 50 50 50 50 50 50 7 50 0 50 17 38 50 50 26 50 0 46 11 50 
44 42 50 50 50 50 50 3 10 45 50 50 50 50 50 50 50 16 50 50 8 50 50 50 33 44 50 50 33 50 50 35 50 50 26 50 50 50 50 50 50 50 50 50 50 50 11 7 50 50 50 50 50 50 50 50 50 50 50 50 50 50 50 27 50 50 50 47 32 50 50 50 48 50 50 50 15 50 50 32 50 45 50 23 50 50 50 50 50 23 29 50 50 44 50 45 50 50 10 48 50 50 50 4 50 50 50 50 25 50 50 50 50 50 26 50 50 21 50 50 50 50 50 50 50 50 50 50 50 50 50 13 3 50 50 50 49 50 50 50 50 50 50 50 50 50 50 50 50 50 50 50 50 50 50 50 50 50 
49 50 50 50 50 50 50 50 0 50 50 38 50 50 15 23 50 50 6 50 50 50 14 49 45 50 50 50 50 50 50 50 7 50 5 50 50 10 50 45 50 50 50 34 50 50 50 50 50 50 50 50 50 50 0 50 50 50 41 50 50 50 50 50 50 50 20 50 44 50 50 50 50 50 48 50 50 50 50 50 50 50 24 50 50 50 29 50 50 46 50 6 32 50 50 50 50 50 50 50 50 50 27 50 50 50 50 3 49 50 50 50 50 50 33 50 50 50 50 50 50 50 50 50 50 50 36 50 26 50 50 34 43 20 30 9 31 50 15 50 50 50 50 50 50 50 17 50 31 8 50 50 50 6 50 50 45 
50 50 21 46 50 24 50 50 44 23 50 50 50 50 14 50 37 50 12 38 50 50 50 37 34 50 32 50 50 50 50 50 1 50 25 50 8 50 50 50 50 50 50 46 50 50 50 30 50 50 50 9 42 50 14 50 47 50 50 50 50 50 50 50 50 50 50 50 50 50 12 50 50 7 50 50 50 50 32 50 50 50 50 8 50 50 39 31 50 50 50 50 50 50 50 50 50 50 50 50 23 50 50 50 50 50 50 50 0 50 50 50 11 50 50 50 50 11 50 50 8 50 12 50 25 50 30 42 50 50 20 24 50 50 27 50 50 50 50 15 16 21 50 50 34 50 50 50 50 50 50 50 50 50 50 50 
50 50 5 50 22 34 50 6 50 50 50 50 50 50 50 50 50 50 50 50 50 50 25 15 50 50 50 44 50 50 50 50 50 50 19 50 50 50 32 50 50 5 50 50 19 48 7 50 50 28 6 50 50 50 50 50 39 34 21 20 50 41 50 50 50 42 50 50 50 50 50 50 50 15 50 44 44 50 33 50 50 7 50 50 50 50 50 50 50 5 50 23 50 50 50 50 50 50 50 50 22 50 50 50 50 50 50 28 50 25 50 50 50 50 15 50 1 50 50 50 50 50 50 50 3 50 50 38 50 50 50 50 50 50 45 50 50 50 50 50 50 50 50 50 50 50 50 50 50 50 50 50 50 50 50 
50 3 12 17 50 50 50 50 50 50 50 50 50 50 50 20 50 50 50 50 35 46 50 50 50 50 50 50 30 13 50 50 8 50 2 41 50 50 20 50 50 12 50 50 5 50 50 50 50 50 50 50 50 20 22 50 50 50 50 50 50 50 50 50 50 50 39 50 50 50 50 37 50 50 50 3 50 22 50 50 16 2 50 50 49 50 14 50 50 50 50 50 50 50 2 50 28 50 50 10 50 50 50 50 48 6 41 50 50 50 47 50 36 43 50 50 50 50 50 50 50 50 50 50 33 50 50 50 50 0 50 50 50 50 50 50 50 38 50 50 50 50 50 50 50 50 50 50 50 50 36 39 27 50 
50 27 50 50 50 50 50 50 50 50 50 50 50 50 50 50 27 41 50 50 50 50 7 50 7 19 50 50 13 50 50 50 13 50 38 50 0 50 50 50 50 50 50 50 50 50 50 50 50 50 25 50 50 36 50 46 50 50 50 50 50 9 0 50 50 50 50 0 20 48 50 50 50 50 10 50 33 32 50 29 38 50 50 37 50 49 50 11 50 50 50 50 50 50 30 50 50 50 16 50 50 50 50 50 50 50 50 50 50 50 35 50 50 50 50 50 0 50 50 25 30 50 50 50 50 15 50 50 50 50 50 50 50 50 50 6 50 50 50 50 50 50 50 50 11 50 50 43 50 50 50 50 50 
50 13 50 36 50 50 28 50 50 50 50 50 50 50 50 50 50 50 7 9 26 50 16 30 50 50 50 50 41 50 50 50 50 50 50 50 50 50 50 50 43 50 50 50 50 50 50 50 50 50 13 50 50 50 50 50 50 50 50 50 35 50 50 50 16 23 50 50 50 28 39 50 50 50 50 50 50 38 44 50 50 35 50 30 43 42 50 50 50 50 4 15 30 50 50 40 28 50 50 50 50 50 50 50 50 50 50 2 50 50 50 50 48 29 22 50 50 50 50 50 50 9 50 50 50 18 50 50 12 50 50 50 50 50 50 50 50 50 31 50 50 47 50 42 50 50 50 50 50 50 6 50 
50 50 50 50 50 36 29 50 39 50 11 50 50 19 16 50 50 50 50 50 50 50 46 50 5 50 50 24 50 50 50 39 30 50 41 50 28 50 17 50 50 50 50 50 50 50 33 39 50 35 50 50 50 50 50 50 50 4 12 50 0 50 35 50 50 50 35 32 50 50 50 50 42 50 50 41 50 22 50 50 44 50 50 20 50 47 2 50 50 50 50 50 28 50 26 37 50 50 20 16 50 50 35 10 50 9 15 38 50 13 50 16 50 50 50 50 50 50 44 42 50 50 50 50 35 50 50 50 50 50 41 50 50 50 50 50 50 50 50 50 50 2 50 50 50 13 50 48 50 50 50 
50 50 50 50 50 50 50 50 37 50 12 50 35 50 50 18 50 19 50 50 50 50 50 50 7 50 9 50 50 50 50 50 50 13 50 50 28 50 50 50 50 50 50 50 46 50 50 50 50 50 50 50 50 42 50 50 21 50 50 50 50 50 11 22 50 50 50 50 50 50 50 6 50 50 50 50 30 50 1 0 50 14 50 50 13 50 50 50 50 50 50 35 2 14 50 50 19 17 50 50 31 50 50 50 50 50 50 50 50 50 50 50 50 34 50 45 50 50 50 50 50 36 50 50 50 32 50 50 50 39 13 50 50 50 50 27 50 50 50 35 50 50 13 50 2 50 50 50 50 50 
50 50 50 50 50 50 50 50 50 50 50 50 50 12 14 50 50 50 50 23 50 50 50 50 23 50 50 9 50 50 50 50 50 50 50 16 50 6 50 50 50 50 50 50 41 50 50 50 50 50 30 41 1 50 50 50 2 50 50 50 21 50 30 50 33 30 50 50 50 28 27 3 50 42 50 50 50 50 50 50 50 50 11 50 50 50 29 50 50 50 50 50 50 50 50 50 50 50 37 50 22 50 50 27 50 35 50 50 50 50 50 50 50 50 31 50 50 50 50 50 50 50 50 50 26 50 50 50 50 50 50 7 3 50 50 50 50 10 50 43 50 41 50 50 50 50 47 32 50 
50 38 50 50 50 50 50 39 50 0 50 50 50 50 6 50 36 12 50 50 50 50 50 50 50 50 50 50 50 15 50 50 50 13 50 50 50 50 50 42 50 35 50 50 50 50 50 50 24 50 50 38 50 50 24 50 50 50 50 50 0 50 50 50 50 46 50 50 50 50 50 50 10 50 50 41 50 50 50 50 50 50 50 50 50 50 50 50 33 50 50 50 39 50 10 50 35 50 50 50 50 50 50 50 50 50 50 50 50 35 50 50 50 50 50 3 50 50 50 50 10 50 50 50 50 50 50 4 50 50 50 50 50 50 9 50 50 50 45 50 31 34 50 50 50 50 50 50 
50 1 50 50 50 50 50 50 50 21 15 50 50 50 50 50 50 50 40 35 50 50 50 50 50 50 50 16 50 50 50 36 4 50 13 50 24 35 50 50 50 50 50 21 40 50 0 23 50 50 50 50 50 50 50 50 27 50 50 50 36 50 36 30 50 50 30 50 50 49 50 50 1 50 50 50 50 50 50 50 50 50 50 50 50 50 50 50 50 50 50 50 50 25 50 23 50 50 10 50 50 29 50 10 50 50 13 50 50 50 50 50 50 50 50 50 42 50 50 27 50 50 50 50 50 50 50 50 50 50 50 50 50 50 50 46 50 50 50 50 50 49 50 50 50 50 50 
50 50 50 50 50 50 6 50 30 50 50 50 50 50 15 50 50 26 50 50 50 39 50 50 50 50 50 42 50 50 50 50 44 42 50 45 50 50 0 5 6 50 50 50 50 50 23 50 50 50 31 50 50 21 50 47 50 11 50 50 50 50 50 50 50 50 19 50 50 50 50 50 50 50 45 9 50 50 0 23 50 35 50 50 50 50 50 50 50 50 50 50 50 46 44 46 24 50 50 50 46 33 50 18 8 50 50 50 8 50 50 50 50 50 50 50 42 50 14 35 50 50 50 50 50 50 50 50 0 4 50 50 50 50 40 24 50 50 50 16 50 50 50 20 3 44 
50 50 50 50 50 50 50 30 11 50 50 50 8 50 50 37 50 50 50 50 50 50 50 16 50 37 50 50 50 50 50 50 1 50 50 50 50 50 50 50 50 3 50 50 50 50 50 50 50 50 50 50 45 50 50 50 50 50 50 50 50 50 50 50 50 4 50 50 50 50 22 41 50 50 50 50 50 26 50 50 50 50 50 12 29 50 50 50 50 50 32 50 50 5 50 45 50 50 50 50 50 15 50 50 50 50 50 50 50 50 50 50 50 46 50 50 50 17 50 50 50 50 50 50 13 50 50 46 50 50 50 50 14 50 50 50 50 50 50 50 4 50 50 50 9 
50 35 50 50 50 50 37 50 50 50 50 50 50 50 50 50 1 3 50 50 50 18 50 50 50 42 49 40 50 50 50 22 42 46 50 13 50 10 50 50 50 31 50 50 50 3 9 49 50 22 50 50 43 29 50 18 50 50 14 47 50 50 50 17 9 47 50 50 50 50 16 30 50 50 50 50 50 17 50 47 50 50 50 38 50 50 50 50 50 20 50 50 50 50 50 50 50 50 50 10 50 10 28 20 50 50 50 50 33 50 50 50 3 50 50 50 41 50 50 50 50 50 25 50 50 14 36 50 21 33 37 50 50 41 50 50 50 50 50 50 50 50 47 50 
46 50 50 50 50 50 50 50 13 50 46 50 43 19 50 50 50 28 50 50 50 50 34 50 50 20 50 50 33 40 50 50 50 45 8 50 50 39 50 9 44 25 50 16 50 50 7 26 50 25 50 47 26 50 50 27 16 44 35 50 3 50 13 50 50 50 50 50 44 50 50 30 50 50 50 21 50 50 50 31 44 50 50 3 35 5 11 50 50 50 50 50 50 27 50 50 1 50 50 49 50 50 5 45 50 33 50 50 50 50 50 50 50 50 50 26 50 43 50 50 13 50 20 50 50 13 46 30 50 6 50 12 20 50 50 50 50 50 8 50 50 41 50 
50 50 42 50 50 50 50 50 16 50 50 50 50 50 50 16 50 50 46 50 50 50 50 50 50 50 14 50 15 50 50 50 50 3 50 45 50 50 50 50 50 50 19 44 50 28 31 50 7 50 26 50 34 20 50 50 7 50 50 50 50 50 33 50 31 11 50 50 50 50 49 0 50 50 50 29 50 50 50 50 2 27 50 49 50 50 50 50 50 50 50 50 50 25 50 50 50 36 50 29 46 50 50 50 12 50 50 50 50 46 50 45 50 27 50 50 50 50 50 50 3 40 50 50 1 50 43 50 50 50 50 50 50 17 6 50 50 50 50 36 50 50 
50 45 8 50 50 50 50 43 24 50 50 12 50 12 13 1 50 50 22 3 50 50 50 50 50 33 50 50 50 13 37 6 50 35 50 50 50 50 50 38 38 50 50 50 50 50 50 50 50 50 50 50 50 50 50 50 50 50 50 50 22 50 3 50 50 40 10 50 50 50 50 50 50 50 50 45 50 50 50 50 50 50 50 50 42 50 50 50 50 9 50 45 29 50 50 3 50 50 50 50 50 50 50 50 50 50 50 50 24 50 19 0 50 50 50 48 50 50 50 24 50 2 50 50 13 50 50 50 50 50 7 50 50 30 50 50 50 50 50 50 50 
50 50 50 50 50 50 50 50 50 50 50 50 33 50 50 50 50 50 50 50 50 49 50 18 50 50 50 50 37 50 50 32 50 50 50 50 50 50 50 50 50 50 10 30 50 1 50 50 50 50 50 44 26 50 14 17 32 50 50 50 16 50 50 50 14 50 50 24 50 50 50 50 50 50 50 8 50 50 50 45 11 30 50 50 29 50 50 50 50 50 50 50 50 50 50 50 47 50 50 50 50 50 50 50 50 50 50 50 47 50 50 50 50 50 50 50 50 41 50 13 30 50 50 50 50 50 50 50 50 50 50 50 50 50 50 50 50 50 23 50 
50 50 50 50 50 50 50 50 50 50 50 50 50 50 50 50 50 27 50 50 50 50 50 50 50 50 50 50 50 50 50 50 50 0 50 49 34 50 50 50 50 50 50 50 50 50 50 50 50 50 50 50 50 50 50 50 50 50 50 50 50 50 50 50 50 50 50 50 50 31 5 50 50 50 50 50 50 50 50 50 50 50 50 50 50 50 50 38 50 50 50 50 50 50 50 50 50 50 40 50 50 50 50 50 50 50 50 50 50 50 50 50 50 50 50 50 50 42 50 50 50 22 21 50 50 50 50 50 50 50 50 50 50 50 50 50 50 50 46 
50 50 50 50 50 50 50 50 50 50 50 50 50 44 50 50 50 50 50 50 42 50 50 41 50 50 50 50 50 50 8 50 50 50 50 50 50 50 50 0 50 50 50 50 50 50 50 50 50 50 50 43 50 42 50 50 50 50 50 50 50 50 50 50 50 50 50 50 50 50 50 50 50 43 50 50 44 50 50 50 50 49 50 50 50 50 50 50 50 50 50 50 50 50 50 36 50 50 50 50 50 50 50 50 31 50 33 40 50 50 50 50 15 50 50 50 50 50 50 50 50 50 50 50 50 50 50 21 50 39 50 50 50 50 50 50 50 50 
17 16 50 50 4 50 50 50 50 42 50 50 50 50 50 50 50 50 50 50 50 50 50 36 50 50 50 50 50 50 50 50 50 50 50 50 50 50 50 16 50 50 50 50 50 50 34 50 50 50 50 50 50 50 50 50 43 50 50 50 50 36 42 50 50 9 50 50 50 50 50 50 50 50 50 50 50 50 50 50 23 50 42 50 50 50 50 50 50 50 50 50 50 22 50 15 50 50 50 19 50 50 50 50 50 50 50 32 50 50 50 50 50 50 41 50 50 50 50 50 28 50 50 50 50 50 50 50 50 18 50 50 50 50 50 50 50 
50 50 50 50 7 50 50 50 50 50 50 50 50 50 50 50 50 50 50 50 50 50 5 50 50 50 50 50 46 50 50 50 50 50 50 50 37 50 50 50 50 13 50 50 50 50 50 50 50 50 50 50 50 40 50 50 50 50 50 50 50 50 50 50 50 50 2 50 50 50 50 50 50 50 50 50 50 50 50 50 50 50 50 50 50 50 50 50 50 50 50 50 50 50 50 50 50 50 50 50 50 50 50 50 50 50 50 50 50 50 50 50 4 50 50 50 50 34 50 50 50 50 50 50 50 50 50 50 50 50 47 24 46 50 37 50 
50 14 50 50 50 50 50 50 50 50 50 50 50 40 50 50 50 50 50 50 50 33 50 50 20 50 50 50 50 50 50 50 50 50 50 50 50 50 50 50 22 50 50 50 50 50 50 50 50 50 50 50 50 50 50 50 50 50 50 50 50 50 50 50 50 50 50 50 50 50 50 50 50 45 50 50 50 50 50 50 50 19 50 50 50 50 50 50 50 50 50 50 50 8 50 50 50 50 50 50 50 50 50 50 50 50 50 8 50 50 0 50 50 50 50 50 50 50 50 9 9 29 50 50 50 24 50 50 50 50 50 30 50 49 50 
50 50 33 50 50 20 50 50 50 50 50 50 11 50 10 50 50 50 18 50 8 50 50 50 50 50 50 50 50 50 50 50 50 50 50 50 50 50 50 50 50 50 50 50 50 50 50 50 50 50 7 50 31 50 32 50 50 50 50 50 50 50 50 50 50 50 50 50 50 50 50 50 50 50 50 50 50 50 50 50 50 50 50 50 50 50 50 50 50 50 50 50 50 50 49 50 50 50 50 50 50 50 29 50 50 50 50 50 50 50 50 35 50 50 50 50 50 50 50 50 50 50 50 50 50 50 50 50 21 50 50 50 31 50 
50 50 50 50 50 50 50 50 50 50 50 50 50 50 50 50 50 50 50 50 50 50 50 50 50 50 50 16 50 50 41 50 50 50 50 50 50 50 50 50 50 50 1 42 31 50 50 25 50 50 50 50 50 50 33 50 50 50 50 50 50 50 50 50 50 50 50 50 50 50 50 50 50 50 50 50 50 50 50 50 50 50 50 4 28 50 50 50 50 50 50 50 50 50 50 50 50 16 50 50 50 3 50 50 50 50 50 50 50 50 50 50 50 50 50 50 23 50 50 50 50 50 36 50 29 50 50 50 50 50 50 50 50 
50 50 50 50 50 50 41 4 50 50 50 50 34 50 50 50 50 50 50 9 50 30 50 50 50 50 50 50 50 50 50 50 50 50 50 50 50 5 50 50 5 6 22 50 50 50 50 50 50 50 50 50 50 50 29 50 50 50 50 50 50 50 50 50 50 50 50 50 50 50 50 50 50 50 50 7 50 50 42 50 50 50 50 50 2 50 50 50 15 34 50 50 50 50 50 50 50 50 50 17 50 50 50 50 50 50 50 50 50 50 43 50 50 0 48 50 50 50 50 50 50 50 50 35 50 50 50 50 50 50 50 17 
50 50 50 50 50 50 50 50 50 50 50 50 50 50 50 50 50 50 8 50 50 50 50 50 50 50 50 50 50 47 50 50 50 50 50 50 50 50 50 12 24 50 50 50 50 50 50 50 50 50 50 50 29 50 50 50 50 50 50 50 50 50 31 1 50 47 47 50 50 16 50 50 38 50 50 42 50 50 50 50 50 50 50 50 50 50 50 50 50 50 50 34 50 50 50 50 50 50 50 50 50 50 50 50 50 50 50 50 50 50 50 50 50 50 50 50 26 50 50 50 50 50 50 50 50 32 50 50 50 50 50 
50 50 50 50 50 50 50 50 2 50 50 50 50 50 50 50 4 50 50 50 50 50 50 50 50 50 50 50 50 50 50 50 16 50 50 50 50 50 50 50 50 50 50 50 50 50 50 50 50 50 50 50 50 50 50 50 50 50 50 50 50 50 50 50 50 50 50 50 50 50 50 50 41 50 50 50 50 50 50 50 50 6 50 50 50 50 45 50 4 50 50 50 50 40 18 50 50 50 28 40 50 50 50 50 50 50 50 50 50 50 50 50 50 50 20 50 50 50 50 50 50 50 50 50 50 50 50 50 50 50 
50 23 50 50 50 50 50 50 50 50 50 50 50 50 50 39 20 50 50 50 50 50 50 50 50 50 50 50 50 50 50 50 50 25 50 9 50 7 50 50 50 50 50 50 50 50 50 50 39 50 50 50 50 50 45 50 50 50 50 50 50 7 50 23 50 50 50 36 50 50 50 50 25 50 50 50 50 50 50 50 47 50 50 50 50 50 50 50 50 37 50 50 48 50 50 50 50 50 50 50 50 50 50 50 50 50 50 50 50 50 50 50 50 50 50 13 50 50 46 50 50 50 50 50 50 50 36 50 50 
50 50 50 50 50 50 50 50 50 50 10 50 50 50 50 50 50 50 50 50 50 50 50 50 50 50 50 50 50 18 50 50 50 50 50 50 50 50 50 15 50 35 50 50 50 50 50 50 50 50 50 50 50 50 50 50 50 29 21 50 8 50 4 50 50 50 50 50 50 50 50 50 22 50 0 50 50 50 50 50 50 38 13 50 50 50 50 50 50 50 50 50 50 50 50 50 19 50 50 50 17 26 50 50 50 50 50 50 50 19 50 50 50 50 8 50 50 50 50 50 50 50 50 50 50 50 31 50 
50 46 50 50 50 50 50 50 50 50 21 50 50 50 50 50 50 50 50 50 50 50 50 50 50 50 50 50 31 34 50 50 1 50 50 50 50 50 50 50 39 50 50 50 15 50 50 50 50 50 50 50 50 50 23 50 50 50 50 50 50 50 50 50 50 50 50 50 22 50 50 4 50 50 50 50 50 50 50 50 50 50 50 50 50 41 50 50 50 50 50 50 50 50 2 28 50 50 50 50 50 50 50 50 50 25 50 3 50 44 50 50 50 27 25 50 50 50 50 50 50 50 50 50 50 50 50 
50 50 50 50 50 50 50 50 49 50 50 50 50 50 24 2 50 50 50 18 50 9 50 50 50 50 50 50 50 50 50 50 50 50 50 50 50 50 50 50 50 23 50 12 50 50 50 50 50 50 50 50 41 50 50 50 50 50 50 50 50 50 50 50 39 50 50 50 50 35 50 50 50 50 50 50 50 50 28 50 50 50 50 50 50 38 50 50 50 50 19 50 50 50 50 50 50 50 50 50 31 24 50 50 50 50 50 50 50 50 50 50 50 50 50 50 50 50 3 50 50 50 50 34 12 50 
50 50 50 50 50 50 50 50 33 50 50 50 50 50 50 8 22 36 50 50 50 50 50 50 49 50 50 40 45 49 37 50 50 50 50 40 50 50 50 50 50 50 17 20 50 50 50 50 50 50 22 50 50 50 50 50 50 50 50 50 50 50 50 50 50 50 50 50 50 50 50 50 50 50 31 50 50 50 50 50 50 50 50 50 50 50 50 10 50 50 50 50 50 50 38 50 50 50 43 50 6 50 50 50 50 50 50 6 27 50 50 50 50 50 50 50 50 50 50 50 50 29 50 50 13 
50 50 50 50 50 50 50 50 50 50 14 50 50 1 50 50 50 50 50 50 50 50 50 50 27 50 50 50 50 50 50 36 50 50 50 50 46 50 50 50 50 50 50 50 50 9 50 50 50 50 50 25 50 50 50 50 50 50 50 50 50 50 19 50 50 50 50 50 50 50 50 50 50 50 39 50 50 50 50 50 50 50 50 50 50 50 50 50 50 50 50 50 50 50 50 50 50 50 50 9 16 50 50 50 50 50 50 50 50 50 50 50 50 47 50 50 15 50 50 50 50 45 50 50 
42 50 50 50 50 50 50 50 50 50 50 50 50 4 50 50 50 50 50 50 50 13 50 50 50 50 50 50 50 50 44 50 19 50 50 50 50 50 50 1 50 50 50 50 50 50 50 50 50 50 50 50 50 50 50 50 50 50 50 50 50 50 50 50 50 50 20 50 50 50 50 50 50 50 50 50 50 50 50 11 50 50 50 50 50 50 50 50 50 50 44 50 50 50 50 50 50 50 50 50 50 50 50 50 50 50 50 50 50 50 50 50 50 50 50 50 50 50 50 50 50 50 50 
50 50 50 50 50 50 50 50 50 50 50 50 50 50 50 50 50 50 50 50 50 50 50 50 50 50 50 50 50 50 50 50 50 50 50 18 50 4 50 50 50 50 50 50 50 50 16 50 50 50 34 50 50 50 50 50 50 50 50 50 50 24 50 50 50 50 50 50 50 50 50 50 50 44 50 50 50 50 50 50 50 50 50 50 50 50 50 50 50 50 50 50 17 50 50 50 50 50 50 50 50 50 50 50 50 50 50 50 50 50 50 50 50 50 49 50 50 50 50 50 50 50 
50 50 50 50 50 50 50 50 50 50 50 50 50 50 50 50 50 50 50 50 23 50 50 50 50 50 50 50 50 50 43 50 50 50 48 50 50 50 50 50 50 50 50 50 50 50 50 50 50 50 24 50 50 50 50 50 50 4 50 50 50 50 50 50 50 50 14 50 50 50 50 49 50 50 50 11 50 50 50 50 50 50 50 50 50 50 48 18 50 26 50 50 44 50 29 50 50 50 50 50 50 50 50 50 50 50 50 50 50 6 50 50 50 50 50 50 50 50 50 50 50 
50 50 50 11 50 50 50 50 50 50 48 50 50 50 50 50 50 50 50 50 50 50 6 1 50 50 50 50 50 37 17 23 50 50 16 50 50 50 50 50 50 50 50 50 50 50 50 50 50 50 50 50 50 50 50 50 50 50 26 50 50 50 50 50 50 50 50 50 43 50 5 50 50 50 50 50 50 50 50 50 50 50 50 50 50 50 50 50 50 50 50 50 22 50 50 50 50 50 50 50 50 50 50 48 50 24 50 1 50 50 50 50 50 50 50 29 50 50 50 50 
50 50 50 50 50 50 50 50 50 50 50 50 50 38 50 50 50 50 44 50 50 2 50 50 50 50 50 23 50 50 50 50 50 50 50 40 50 50 50 50 26 50 50 50 37 50 50 50 50 7 50 50 50 50 50 50 50 50 50 50 50 50 50 50 13 50 50 50 50 50 50 48 50 50 50 50 50 50 50 50 50 50 50 50 50 50 50 50 50 50 50 50 50 50 42 50 50 43 50 50 17 17 50 46 50 23 34 50 50 50 37 50 50 50 50 50 50 50 50 
50 50 50 50 50 15 50 50 50 50 23 50 50 50 50 32 50 50 50 50 50 50 50 50 50 50 50 50 50 50 50 50 50 50 50 50 31 50 50 19 50 50 50 50 50 50 50 50 50 50 50 50 43 50 50 50 50 50 50 50 50 50 50 50 23 50 36 50 50 50 16 50 50 50 50 50 50 50 50 50 50 50 33 12 50 50 50 50 17 50 50 50 50 50 50 50 50 50 50 50 41 50 50 50 50 50 50 50 50 50 50 50 50 50 0 13 50 31 
31 50 28 50 50 50 50 50 50 50 50 50 50 50 50 50 50 50 13 50 50 50 50 50 50 50 50 15 50 50 50 50 50 50 50 50 50 50 50 50 50 50 50 50 50 50 50 50 50 50 50 22 50 50 50 50 50 50 29 50 50 50 50 50 50 50 50 50 50 50 50 50 50 50 50 50 19 50 50 50 12 50 50 27 24 50 50 18 50 50 50 50 50 50 16 50 50 50 50 50 50 50 50 50 50 50 50 50 50 50 43 49 42 42 50 50 50 
50 50 50 50 50 50 50 50 50 50 50 50 50 12 50 50 50 28 50 50 50 22 50 50 50 50 50 38 50 50 50 50 50 50 50 50 50 50 39 16 50 50 50 50 13 50 50 50 50 50 10 50 50 50 50 10 50 50 50 50 50 50 50 50 50 50 50 50 50 28 50 50 50 50 50 50 50 50 50 16 50 50 50 50 21 50 50 50 50 50 50 22 50 50 50 50 50 50 50 29 50 50 50 50 50 50 50 32 50 37 50 50 50 50 50 50 
50 50 50 50 50 50 50 50 50 50 50 50 15 50 50 50 50 50 50 38 50 50 50 50 50 50 35 50 50 50 50 50 40 50 50 13 50 50 50 50 50 36 33 14 50 50 50 50 41 36 48 50 50 50 50 50 50 50 50 50 50 50 50 50 50 50 50 49 50 50 50 20 50 50 50 50 6 49 50 50 11 50 50 20 50 50 50 50 14 50 50 50 50 26 50 50 50 50 50 50 50 50 50 50 50 50 50 12 50 50 10 50 50 50 50 
50 50 50 50 39 50 50 39 7 50 33 50 50 11 50 50 50 50 50 50 39 50 50 7 47 50 50 50 50 50 50 50 50 50 50 50 50 50 8 50 10 50 50 50 50 50 36 50 11 50 50 50 50 6 50 5 50 50 50 50 50 50 12 50 50 50 50 50 50 50 50 0 50 13 50 50 50 50 50 50 50 19 50 50 50 50 50 50 50 50 50 50 50 50 50 50 50 50 30 50 50 50 50 50 50 50 50 50 50 50 50 50 50 50 
50 50 50 50 50 50 50 50 50 50 50 50 50 50 50 50 50 50 50 50 50 50 50 50 50 6 50 50 50 50 50 50 50 50 50 49 50 50 50 35 3 28 25 4 50 50 50 50 50 50 50 50 50 50 50 6 50 22 50 50 48 50 50 50 50 50 50 50 50 50 32 50 50 50 50 50 50 38 40 23 50 50 50 50 50 50 50 50 50 50 50 50 50 50 50 37 50 50 50 50 50 50 50 50 50 50 50 50 50 50 50 50 50 
50 50 50 50 50 10 50 50 35 50 50 50 50 50 50 50 50 50 50 50 42 50 50 50 50 50 50 50 50 50 26 50 50 50 8 50 50 50 50 50 0 50 50 50 50 50 33 50 50 50 50 50 50 50 50 50 50 50 50 50 6 50 50 50 50 50 50 50 50 50 50 50 50 50 50 50 19 50 50 50 50 50 50 50 50 50 35 50 50 50 50 50 50 50 50 50 35 50 50 50 50 50 50 50 50 50 50 50 16 50 50 50 
50 50 50 50 50 50 50 23 50 50 30 50 50 50 50 50 50 50 50 50 50 50 50 50 50 50 50 50 50 50 50 28 50 50 50 42 50 50 50 50 50 50 38 50 50 50 50 0 50 50 50 50 50 50 50 34 50 18 50 50 50 50 50 50 50 50 50 50 50 50 50 50 5 50 50 50 50 50 50 50 50 50 50 50 50 50 50 49 50 50 50 49 50 50 50 50 26 50 50 50 36 50 50 50 50 50 50 50 50 50 50 
50 50 50 50 50 50 50 50 50 50 50 36 50 50 13 50 28 43 50 50 50 50 50 50 50 50 50 50 50 50 50 50 50 50 50 50 50 48 50 50 50 50 50 50 50 50 50 50 50 50 50 50 50 24 50 50 50 50 50 50 7 50 50 50 50 50 50 50 50 46 50 50 50 50 50 50 18 50 50 50 50 0 50 50 50 50 23 50 50 50 50 50 13 50 50 48 50 50 50 45 50 50 50 50 50 50 50 41 50 50 
50 50 50 50 8 50 50 50 50 50 50 50 50 50 50 50 12 50 50 50 50 50 50 50 27 50 50 50 50 50 50 50 50 50 50 50 50 50 50 50 50 50 50 50 50 50 50 50 50 50 50 50 50 50 50 50 21 50 50 50 50 50 50 50 50 50 50 50 50 50 50 12 50 50 50 50 50 50 50 50 50 50 50 50 50 50 50 50 50 5 50 50 50 50 50 50 50 50 50 50 50 50 50 50 50 50 50 50 50 
50 50 25 50 50 50 50 50 50 50 50 50 50 50 50 50 50 50 11 50 21 50 12 50 50 50 50 50 50 50 50 50 50 50 50 50 50 50 50 50 50 50 50 50 50 50 50 50 50 26 40 50 50 50 50 50 50 50 50 50 50 50 50 50 50 19 35 18 50 50 50 50 50 50 50 50 50 1 50 50 50 50 50 50 50 50 50 50 50 50 50 50 50 31 39 50 31 50 50 50 50 50 50 50 50 50 50 50 
50 50 50 50 38 50 50 50 50 50 50 33 50 4 50 50 50 50 50 50 37 50 50 50 50 50 50 34 14 50 50 50 50 50 50 50 50 50 50 50 24 50 50 50 50 8 25 50 41 50 50 50 50 50 50 50 50 50 50 50 50 50 50 50 50 50 50 50 50 50 50 50 50 50 38 50 50 50 50 50 50 4 50 50 50 50 50 48 50 50 50 50 50 50 50 50 50 50 50 50 50 50 45 36 50 50 31 
50 50 50 50 50 50 50 50 50 50 50 1 50 50 50 50 50 50 50 50 50 39 50 50 50 50 40 50 50 32 39 8 50 50 50 50 50 50 50 50 50 50 50 50 50 50 50 50 50 50 49 50 50 50 50 23 50 50 50 50 50 50 50 50 50 50 50 50 50 50 50 50 50 22 50 50 50 50 50 50 50 50 50 50 11 50 50 50 50 50 47 50 50 41 50 50 50 50 50 50 50 50 50 50 50 50 
31 50 50 50 50 50 50 50 50 50 50 50 50 50 50 50 50 50 50 50 5 50 50 50 50 50 50 50 50 50 50 50 50 40 50 50 50 50 50 50 50 2 50 50 50 50 50 1 50 50 46 50 50 50 50 50 50 50 50 18 43 50 50 50 50 50 50 50 50 50 50 50 50 50 50 50 20 50 50 23 50 50 50 50 50 50 50 12 50 50 50 32 50 50 50 50 50 24 50 50 50 50 50 50 50 
33 50 50 50 3 50 18 50 50 50 50 50 50 26 50 50 50 50 50 50 50 50 50 13 50 50 50 16 50 50 50 33 50 50 50 21 50 50 50 50 50 50 50 50 50 50 50 50 50 50 50 50 50 50 50 50 40 50 50 50 50 50 50 50 50 50 13 50 28 50 50 50 50 50 30 50 50 50 50 50 50 50 50 50 43 29 50 50 42 50 50 50 50 50 50 50 50 50 50 50 50 50 50 50 
50 50 50 50 50 50 50 50 50 14 50 50 50 50 50 50 50 50 50 50 20 50 50 50 11 50 50 50 50 50 50 50 11 50 38 50 50 27 50 50 50 50 50 50 50 50 50 50 50 50 50 50 50 50 50 50 50 50 50 50 50 50 50 50 50 50 50 13 50 50 32 50 50 50 50 50 50 50 50 50 50 25 50 15 50 50 50 44 22 50 50 50 50 50 50 50 50 50 50 31 50 50 50 
50 50 50 27 50 50 50 50 50 50 50 50 50 50 23 50 50 43 50 27 50 50 50 50 26 50 50 50 50 50 50 32 50 50 50 23 50 50 50 50 50 50 50 50 50 50 50 50 50 50 16 50 50 50 50 50 14 50 50 50 11 50 50 50 35 50 16 50 50 50 50 50 14 50 50 50 50 50 50 50 50 50 50 50 50 50 19 38 50 50 50 50 50 50 50 50 50 50 50 50 50 50 
50 50 50 26 50 50 50 50 50 50 22 50 50 50 50 50 50 50 50 50 50 50 50 50 50 50 50 50 50 50 50 50 50 50 50 50 50 50 50 50 50 50 50 50 50 50 50 50 50 50 50 50 50 50 50 50 50 50 50 35 34 50 50 50 50 16 50 50 1 50 50 50 32 50 50 50 50 50 50 50 50 50 50 50 50 50 50 50 50 50 50 50 20 31 50 50 50 50 50 50 50 
50 50 3 50 50 50 50 50 44 50 50 5 41 50 48 50 50 50 50 22 50 50 50 50 50 4 50 50 47 50 50 50 50 50 50 50 44 50 50 50 50 50 50 50 50 50 50 50 50 50 50 50 50 50 50 50 50 50 50 50 50 50 50 50 50 5 27 13 50 50 22 23 14 50 50 50 50 50 46 50 50 50 50 50 50 50 50 50 50 50 50 50 50 50 2 50 50 50 50 50 
50 50 50 28 50 50 41 50 50 50 50 0 9 50 50 50 50 17 50 50 40 50 50 50 50 50 50 50 50 50 50 50 50 50 50 50 50 50 50 50 50 50 50 50 50 50 50 50 50 48 50 50 50 41 50 50 50 50 50 27 50 50 50 19 50 50 50 50 50 50 50 50 50 50 50 50 50 50 50 41 26 50 50 50 50 50 50 50 50 50 50 50 50 50 50 50 50 50 50 
50 50 50 50 50 50 50 12 50 50 50 50 9 16 50 50 50 32 50 50 50 50 50 50 28 50 50 50 50 50 15 33 50 50 50 50 12 50 50 28 50 50 50 3 50 50 50 50 50 50 50 43 50 50 50 50 50 28 50 50 50 50 50 50 50 50 50 50 6 50 50 50 50 50 50 50 50 50 50 50 50 50 50 50 50 50 50 50 50 50 50 50 50 50 50 50 39 50 
50 50 50 50 50 50 50 50 50 50 50 50 50 50 50 50 35 50 50 50 50 50 50 50 50 50 50 50 50 50 50 50 15 50 50 14 50 50 50 50 50 50 50 50 21 50 50 50 50 50 50 50 50 50 50 50 50 3 50 50 50 50 50 50 50 50 50 50 50 50 50 50 50 50 50 50 50 50 50 50 50 50 50 50 50 50 50 50 50 50 50 50 50 50 50 50 35 
38 14 50 50 50 50 50 50 50 50 50 50 50 50 50 50 50 50 50 50 5 50 50 50 50 50 50 50 50 6 50 50 50 50 50 50 50 50 50 50 50 33 50 50 24 46 50 50 50 50 50 50 50 50 50 50 43 50 50 50 50 50 50 50 50 29 50 50 50 50 50 50 50 31 47 50 50 50 48 5 40 14 40 50 50 50 50 50 50 50 50 44 50 49 5 50 
50 50 50 50 50 50 8 50 50 50 50 50 50 50 50 50 50 50 50 50 50 50 45 50 50 50 28 50 50 50 50 50 50 50 50 50 50 19 0 50 50 50 50 50 50 50 50 50 50 15 50 50 50 50 50 50 50 50 37 50 50 32 50 50 50 50 50 50 50 50 50 50 50 50 50 50 50 50 50 50 50 50 50 50 50 50 48 50 50 50 50 50 50 50 50 
12 50 50 50 50 50 50 50 50 50 43 50 50 4 50 50 50 50 50 50 50 50 50 50 50 26 50 50 50 50 50 50 50 50 50 50 50 50 50 50 50 16 50 50 2 50 50 37 50 0 50 50 50 50 50 46 50 50 50 50 15 50 3 50 50 31 17 48 50 50 50 50 50 50 50 50 50 50 50 50 50 50 50 35 50 50 50 50 50 50 50 50 50 50 
50 50 50 40 50 50 50 50 50 50 50 50 50 50 50 50 50 50 50 3 50 50 50 50 50 50 50 50 50 50 50 50 50 50 38 50 50 50 50 50 50 50 50 50 50 50 50 2 50 50 50 50 50 50 50 29 50 50 50 50 50 50 50 50 50 50 50 50 50 50 50 50 50 50 50 50 50 50 50 50 50 49 50 25 50 50 50 50 50 50 50 50 50 
50 50 50 50 50 50 50 50 50 50 50 30 50 50 18 50 50 50 50 50 50 50 50 50 24 50 50 50 50 50 50 26 50 50 50 50 25 50 50 50 50 17 50 50 5 21 50 50 50 50 5 50 50 50 50 50 50 50 44 50 50 50 50 50 50 48 20 50 50 50 50 50 50 15 50 50 50 50 50 50 50 50 50 50 50 50 50 50 50 50 50 50 
50 2 50 50 50 50 50 50 48 50 50 50 50 50 4 41 50 50 50 50 50 50 50 50 50 50 50 50 50 50 50 50 50 2 50 50 50 50 50 41 50 50 50 50 50 50 50 50 50 50 50 50 0 50 50 50 11 50 50 50 50 50 50 50 50 50 50 50 50 50 50 50 50 50 50 50 50 50 50 50 50 50 50 50 50 50 50 39 50 50 50 
50 32 50 50 50 50 50 50 50 50 50 9 50 50 50 25 50 50 50 50 50 50 50 50 50 23 50 34 50 50 50 50 50 50 50 50 50 50 50 50 6 50 35 50 50 50 50 50 50 29 50 50 50 46 50 50 50 7 50 50 50 50 50 50 50 50 32 50 50 50 50 50 50 50 50 50 50 50 50 50 50 50 50 50 50 50 50 50 50 50 
50 50 50 50 50 50 50 50 4 50 50 50 50 50 50 50 50 23 50 50 50 50 50 50 15 50 50 48 50 50 50 50 50 50 50 50 50 50 38 50 50 24 50 50 50 50 50 50 50 50 50 50 50 50 50 50 50 50 50 50 50 50 50 50 50 6 50 50 50 21 50 50 50 50 50 50 50 50 50 50 50 50 50 50 50 50 50 50 50 
50 50 50 50 50 26 50 50 50 50 50 50 50 38 50 43 50 10 50 50 50 50 50 50 50 50 50 39 50 50 50 50 50 50 50 50 50 50 39 50 50 50 50 50 50 50 50 50 22 50 50 50 50 50 50 50 50 50 50 50 50 50 50 50 50 50 50 50 50 50 50 50 50 50 50 46 50 32 50 50 50 41 50 15 27 50 50 36 
50 50 50 50 50 50 50 50 33 50 50 50 50 50 50 50 50 9 50 50 50 50 23 50 24 50 50 15 50 50 50 50 50 50 50 50 40 50 50 50 40 50 50 50 50 50 50 50 50 50 50 50 50 25 50 50 13 50 50 50 23 50 50 50 50 50 50 50 50 50 4 50 50 50 50 50 50 50 50 23 50 50 50 50 50 50 50 
50 50 18 12 50 50 50 50 50 50 50 50 50 50 50 35 50 50 50 50 50 50 50 50 50 50 50 50 50 30 50 50 50 50 50 50 50 50 5 50 50 50 50 50 50 50 50 50 50 45 50 50 50 50 50 50 50 50 50 50 50 50 50 50 50 50 50 50 50 50 50 50 50 42 50 50 50 38 50 50 15 39 5 40 50 50 
50 50 4 50 50 50 50 50 50 50 0 50 50 50 50 50 50 50 50 50 50 50 50 50 50 43 50 50 50 50 50 50 50 50 50 17 50 19 50 50 50 29 50 50 50 50 50 11 10 5 15 50 37 50 50 50 47 21 50 50 50 50 50 50 50 50 50 50 50 50 50 50 50 50 50 50 50 50 32 32 50 50 50 50 50 
50 2 50 50 50 50 50 50 50 50 50 50 50 50 50 50 50 50 50 2 13 50 50 50 50 50 50 50 12 50 50 50 50 39 50 50 50 50 50 50 50 50 34 50 50 50 50 50 14 50 50 50 50 50 50 50 29 42 50 50 50 50 50 25 50 36 50 50 50 50 50 50 50 50 46 50 50 50 1 50 50 50 50 50 
50 50 50 28 50 50 50 50 50 37 50 50 50 50 50 50 50 25 50 50 50 5 50 50 50 50 50 50 50 50 50 50 50 50 50 50 50 22 50 50 50 50 50 50 50 50 27 50 50 50 50 50 50 50 50 50 50 50 50 50 50 50 50 50 50 50 50 50 50 50 50 50 50 50 50 50 50 50 50 50 50 50 50 
50 5 50 50 50 50 50 50 50 50 50 50 50 50 50 50 50 8 50 50 50 50 50 50 50 50 50 50 50 50 50 50 50 50 50 10 48 50 50 50 32 50 50 50 50 7 50 11 50 50 50 50 50 50 50 34 50 50 19 50 50 50 50 50 50 25 50 50 50 22 50 15 39 50 50 50 50 50 50 50 50 50 
50 50 50 50 50 50 50 50 50 20 50 50 50 50 50 25 50 50 6 50 50 50 33 34 50 50 50 50 50 30 50 50 50 50 50 38 50 50 50 50 41 50 50 50 50 50 50 50 50 50 50 50 12 50 50 50 50 50 50 16 5 50 50 50 50 50 50 50 50 14 50 50 50 50 50 31 50 50 50 50 50 
50 50 50 5 50 50 50 50 50 50 49 50 50 50 50 50 50 50 13 50 50 50 50 50 50 50 50 50 50 50 50 50 50 25 50 50 50 50 50 50 50 50 50 50 50 50 50 50 50 50 29 50 50 50 6 50 31 50 50 50 50 50 50 49 50 5 50 50 50 50 50 50 50 50 50 11 50 1 50 50 
50 50 50 50 50 50 50 14 50 50 50 50 43 38 11 50 50 50 50 50 50 50 50 50 50 50 50 50 50 50 50 50 50 50 50 50 50 50 50 50 50 50 50 50 29 50 50 50 50 50 50 50 50 50 50 2 50 0 50 50 50 50 50 50 50 50 50 50 50 50 50 50 14 50 20 50 50 50 50 
50 32 50 50 50 50 50 50 50 50 50 50 50 50 50 50 50 50 49 50 50 50 50 50 50 50 50 50 50 50 14 50 50 50 50 50 50 50 50 50 50 38 50 50 50 50 50 50 50 50 50 50 50 50 50 50 50 43 50 50 50 50 50 50 50 50 37 50 50 50 50 50 11 40 50 50 50 50 
43 50 50 50 50 50 50 50 50 50 50 50 3 50 50 50 50 50 50 50 50 50 50 37 50 50 50 50 50 50 50 17 50 50 50 50 50 50 50 50 50 50 50 50 50 50 50 50 50 50 50 13 50 50 50 50 50 50 50 50 50 50 50 17 50 50 37 50 50 50 50 50 50 50 16 50 50 
31 50 50 24 50 50 50 50 50 50 50 50 50 50 50 50 50 50 50 16 50 50 50 50 50 50 50 50 50 50 50 50 50 50 50 50 50 50 50 50 50 50 50 50 50 50 50 50 50 50 50 45 50 50 50 50 50 50 44 50 50 23 50 50 50 13 50 1 50 50 50 50 50 50 50 50 
32 50 50 50 50 43 50 50 50 48 23 50 50 50 50 50 50 50 50 50 50 50 21 50 21 50 50 50 50 50 50 50 50 50 50 19 50 50 50 4 50 50 50 46 50 50 50 50 50 35 50 50 50 50 50 50 50 50 43 50 50 50 50 50 50 50 50 50 50 50 50 50 50 50 50 
50 30 29 50 50 50 50 50 17 50 34 50 50 50 48 50 2 50 50 50 50 48 50 50 50 50 50 49 17 50 50 50 50 50 50 45 50 50 50 50 50 50 3 50 50 50 50 50 50 50 50 50 50 50 50 50 4 50 50 50 50 39 50 50 50 50 50 50 50 50 50 50 24 50 
50 50 50 50 50 50 50 50 50 50 50 50 50 50 50 50 50 50 50 50 50 50 50 50 50 50 50 50 30 31 50 50 50 50 3 50 50 50 50 50 50 18 50 50 50 50 50 50 50 50 50 50 50 50 38 50 48 50 50 50 50 50 50 50 50 50 50 50 50 50 50 50 50 
50 50 50 50 50 50 50 34 50 50 50 50 50 50 50 14 50 50 50 50 50 50 50 50 50 50 34 50 17 50 22 50 50 7 50 50 50 50 50 50 50 50 50 50 50 50 50 50 50 50 50 50 50 46 43 50 50 41 50 50 50 50 50 50 50 50 50 50 50 50 50 50 
50 50 50 50 50 50 50 50 50 50 50 50 50 50 50 50 50 50 50 50 50 50 50 50 50 50 50 50 50 50 14 4 50 50 24 50 50 30 50 50 50 50 15 50 50 50 50 50 50 50 50 35 39 50 50 50 36 50 50 50 50 50 50 50 50 50 50 50 44 50 50 
50 50 50 50 49 50 50 36 24 50 50 50 50 50 50 50 50 50 50 50 50 50 50 50 39 50 50 11 43 50 50 50 50 50 50 50 50 50 50 10 50 50 50 50 18 50 50 50 50 50 50 50 50 50 50 35 50 50 50 30 50 50 50 50 50 50 50 50 50 50 
50 50 50 50 50 50 50 50 50 50 50 50 50 50 50 50 50 50 50 15 50 50 8 50 50 24 38 50 50 50 50 50 8 50 50 50 50 50 34 50 50 50 50 50 50 37 16 50 50 50 50 50 50 50 43 50 50 50 50 50 50 29 50 50 50 50 50 50 50 
50 50 50 50 50 50 50 50 13 50 50 48 50 50 50 49 50 50 1 50 50 50 50 50 50 43 50 27 50 50 50 50 50 50 50 50 50 50 50 24 40 50 50 50 50 2 50 50 50 50 50 50 50 50 50 50 50 50 50 50 50 45 50 50 50 50 50 50 
38 50 21 50 50 50 35 50 50 50 50 50 50 50 50 50 50 50 50 50 50 50 50 50 50 50 50 50 50 50 25 18 50 50 32 50 50 36 50 50 50 50 50 50 50 50 50 50 50 50 50 50 50 50 50 50 50 50 50 50 50 50 50 50 50 11 50 
50 50 50 50 50 50 50 50 50 41 50 50 50 50 50 50 50 50 50 50 50 9 50 50 50 50 50 50 50 50 50 50 7 34 50 7 50 50 50 50 50 50 50 50 50 50 50 50 50 12 50 50 50 50 50 50 50 50 50 50 50 50 50 50 50 50 
50 30 50 50 11 50 50 50 50 50 50 50 50 50 50 50 50 50 50 50 50 50 50 50 50 50 50 50 50 50 32 50 50 50 50 50 50 50 50 50 50 50 50 50 50 50 50 50 50 50 50 3 50 50 50 50 3 50 50 27 50 50 50 50 50 
50 46 50 50 50 11 50 50 50 50 32 50 50 50 50 17 50 50 50 50 50 33 50 50 50 50 12 50 50 50 50 50 50 50 50 50 50 50 50 50 50 50 50 24 28 50 50 50 50 50 50 50 50 50 50 50 45 50 50 50 50 8 50 50 
50 50 50 50 0 50 31 50 50 50 50 50 6 50 50 50 50 50 50 50 50 50 50 34 50 24 50 50 50 50 50 50 50 50 50 50 50 50 50 50 27 50 50 50 50 50 50 50 50 50 50 50 50 50 50 50 50 5 50 50 50 50 50 
50 50 50 50 50 50 50 50 50 50 50 50 50 50 50 50 50 50 50 50 50 50 50 50 50 50 50 50 50 50 50 46 50 50 50 50 11 50 50 50 30 50 50 50 50 50 50 50 50 30 50 50 50 50 50 50 50 26 50 50 50 50 
50 50 50 50 50 50 50 50 50 50 50 46 50 50 50 50 50 50 50 50 50 50 50 50 50 50 50 50 50 50 50 50 50 50 0 50 50 50 50 50 50 50 50 45 50 50 50 50 50 50 50 50 50 50 50 50 50 50 50 50 50 
50 50 50 40 50 50 50 50 50 50 50 50 50 50 50 17 50 50 50 50 50 50 48 50 50 50 50 50 50 50 50 50 50 50 50 50 46 33 33 50 50 50 50 50 50 50 50 50 50 50 18 32 50 50 1 50 50 50 50 43 
50 50 50 50 33 50 50 50 50 50 50 50 50 50 50 50 50 50 50 50 50 50 50 50 50 50 50 50 40 50 50 50 14 50 50 50 50 50 7 50 50 9 50 50 50 50 50 50 50 50 50 43 50 34 50 48 50 50 50 
50 50 50 50 17 50 50 50 50 50 50 41 50 50 50 15 50 25 50 50 50 50 50 9 49 8 50 50 50 50 50 50 50 50 50 20 50 50 50 50 35 50 50 50 50 50 50 50 50 50 50 50 50 50 50 45 50 50 
50 50 12 50 50 50 50 50 50 50 50 50 50 5 50 50 50 6 50 50 41 50 50 34 50 50 50 1 50 50 50 50 50 50 50 50 50 50 50 50 50 50 50 50 50 50 50 50 50 50 50 50 50 50 8 50 50 
50 50 50 50 50 50 50 50 41 45 50 50 50 50 50 50 50 50 39 50 50 50 14 50 50 50 24 50 50 50 50 50 50 50 50 50 50 50 20 50 50 50 50 0 50 50 50 50 50 50 50 50 50 50 50 50 
38 50 39 50 50 50 50 50 50 50 50 50 50 50 50 50 50 50 50 50 50 50 50 50 50 50 50 45 10 50 50 35 50 11 50 50 50 50 50 50 50 34 50 18 50 23 50 50 50 50 42 50 50 4 50 
50 50 50 21 50 50 50 50 50 50 50 19 50 50 50 35 50 50 50 50 50 50 50 50 50 3 50 50 50 50 50 50 50 50 50 50 50 41 50 50 50 50 50 18 25 1 45 50 50 50 50 50 50 50 
50 50 8 50 50 50 50 50 50 50 50 36 50 50 50 50 50 50 50 50 50 50 50 50 50 50 50 50 50 50 50 50 39 50 32 45 50 50 14 50 50 47 50 50 50 38 50 50 50 50 50 50 50 
50 50 50 50 50 45 50 25 50 50 50 50 50 50 50 50 50 50 50 50 50 50 10 50 50 50 50 50 50 50 33 50 50 50 50 50 50 50 50 14 50 50 50 49 50 50 50 50 50 50 50 50 
50 50 50 21 50 50 50 50 30 50 50 42 50 50 50 50 50 50 50 50 50 50 24 50 50 50 50 11 50 50 50 50 50 50 50 50 3 50 50 50 50 50 50 50 50 50 50 50 50 50 50 
50 40 50 4 50 50 50 50 50 50 50 50 50 50 50 50 50 12 50 50 50 50 50 50 48 29 50 50 50 50 50 50 50 50 50 50 50 50 50 50 50 50 50 50 50 50 50 50 50 50 
50 50 50 50 50 50 50 50 50 50 50 50 45 50 16 50 50 50 50 50 50 50 20 50 50 50 50 50 50 50 50 15 50 50 50 19 9 36 50 50 50 43 50 50 50 50 50 50 50 
50 50 35 50 50 50 50 50 50 50 14 50 50 50 7 50 50 50 50 36 50 50 50 50 50 6 50 29 50 50 50 38 50 50 50 50 50 50 50 50 50 50 50 3 50 39 48 50 
50 11 50 50 50 50 50 50 50 50 50 50 50 50 50 50 50 50 50 50 50 50 50 50 50 50 50 50 50 18 50 50 50 50 50 50 50 50 50 50 50 50 50 50 50 46 50 
50 50 50 13 50 50 50 50 8 50 50 50 30 50 50 50 50 50 50 50 50 40 50 50 50 9 50 50 50 50 50 50 50 50 50 50 50 50 50 50 50 12 28 50 50 37 
50 50 1 50 50 50 50 50 50 50 50 50 18 50 50 21 50 50 50 50 50 50 50 50 11 50 50 50 50 50 50 50 27 31 50 50 50 50 50 50 50 50 50 50 50 
45 50 1 50 50 50 37 29 50 50 50 50 42 50 50 50 50 50 38 50 50 50 50 50 50 50 50 50 50 50 50 3 50 50 30 50 50 50 50 50 21 50 50 50 
50 50 50 50 50 50 50 50 50 16 50 50 50 50 50 15 50 50 50 3 50 19 50 50 50 50 50 50 50 50 50 50 50 31 50 50 50 50 50 50 50 50 50 
36 50 50 50 50 50 50 50 50 50 50 50 50 50 50 50 50 50 50 50 50 50 50 3 50 50 50 50 50 50 50 50 50 50 24 50 50 50 38 50 50 50 
50 50 50 50 11 50 50 19 50 50 50 46 50 50 50 50 50 50 50 50 50 50 50 50 27 50 50 50 50 50 50 50 50 50 50 50 50 50 50 50 50 
50 50 50 50 43 50 50 50 50 50 50 50 50 50 50 50 29 50 50 50 50 50 50 50 50 50 50 21 50 50 50 50 50 50 50 50 50 50 50 50 
50 50 23 50 50 50 50 50 50 50 50 50 50 8 37 50 50 50 50 50 50 50 43 50 50 50 50 32 50 50 50 50 50 50 50 50 50 40 50 
50 50 50 50 50 50 24 50 50 50 50 50 50 50 50 31 50 50 16 28 50 49 50 50 50 50 16 50 50 50 50 50 50 50 50 50 50 50 
48 50 50 50 50 50 35 50 50 50 50 50 50 50 50 50 50 50 50 50 50 50 50 50 50 50 50 50 50 50 50 7 50 50 50 43 8 
50 50 50 50 50 50 50 50 16 36 50 50 50 50 50 50 35 50 50 50 50 50 50 50 50 50 50 50 50 50 50 50 50 50 50 26 
50 50 50 50 50 50 50 50 50 50 50 50 50 50 50 50 9 50 50 50 4 50 10 50 50 50 50 50 50 50 48 50 50 50 50 
50 50 50 50 50 50 50 50 50 50 50 50 50 50 11 50 50 31 50 26 50 45 50 50 50 50 50 50 50 50 50 50 50 50 
50 50 50 27 48 50 50 50 50 50 50 32 50 50 41 50 50 50 50 50 50 50 30 50 50 50 50 28 0 50 50 50 50 
50 50 50 50 44 3 50 50 50 50 50 50 50 50 50 2 50 50 50 50 50 50 50 50 50 50 50 50 50 34 50 50 
50 50 50 50 50 50 50 50 50 50 27 50 50 50 50 4 21 50 50 36 50 50 50 11 50 50 50 50 50 50 50 
50 41 50 28 50 50 50 50 50 50 38 50 32 50 50 34 50 50 50 50 50 50 17 50 50 50 50 50 50 50 
29 50 50 50 50 50 50 50 50 50 50 50 50 50 50 50 50 50 48 50 50 50 50 50 50 50 50 50 50 
50 50 50 50 5 50 30 50 50 36 50 50 50 50 50 50 50 50 50 50 50 50 50 50 50 50 50 50 
50 50 5 24 50 50 50 50 50 50 50 48 50 50 50 50 50 50 50 50 50 50 50 50 31 50 45 
50 50 50 50 50 50 11 50 50 50 50 38 50 50 50 50 50 50 50 50 50 50 50 50 50 50 
45 50 50 50 29 50 15 50 50 50 50 50 50 50 50 50 50 17 13 50 50 50 50 1 50 
50 50 50 29 50 50 50 50 50 50 50 49 50 50 39 50 50 50 50 50 50 50 3 5 
50 22 50 50 32 50 50 50 50 50 23 50 50 50 50 50 5 50 50 50 50 50 50 
50 50 50 50 50 50 15 50 50 50 50 50 50 50 50 50 50 50 50 50 50 50 
50 50 33 50 50 50 43 50 50 50 50 50 50 50 3 50 12 50 50 50 50 
50 50 50 50 50 50 50 50 50 50 3 50 50 50 50 50 50 50 50 50 
50 50 47 50 50 50 50 50 50 50 50 50 50 50 50 50 50 40 50 
50 50 50 26 50 50 50 50 50 50 50 50 50 50 50 50 50 50 
50 50 11 50 50 50 50 50 50 50 50 50 50 50 11 50 50 
50 14 50 50 50 50 50 50 50 7 50 50 50 50 50 50 
50 50 50 50 50 50 50 50 50 50 50 50 50 50 50 
50 50 49 50 50 21 50 50 50 50 50 50 50 50 
50 50 50 50 50 50 50 50 50 50 50 50 50 
50 50 50 50 1 50 19 50 50 44 50 50 
50 50 41 35 50 50 50 7 50 50 2 
50 50 1 50 50 3 50 50 50 12 
50 41 50 50 41 50 50 50 50 
50 50 4 50 50 50 50 50 
50 50 50 50 4 20 50 
50 50 50 50 50 50 
50 11 50 50 50 
50 50 50 50 
50 1 50 
41 13 
50 

