200 50
50 50 50 39 50 50 50 26 50 50 50 50 50 50 50 50 50 50 50 50 12 15 50 10 50 26 50 10 50 26 50 50 50 50 48 50 50 37 50 50 50 50 50 50 50 50 50 50 50 50 50 50 50 50 50 50 50 39 50 0 50 50 50 50 50 50 18 50 50 50 50 50 50 50 50 50 50 50 50 50 18 50 21 50 50 50 50 50 8 50 42 50 50 26 50 50 45 50 50 50 50 50 50 50 47 50 50 44 50 50 50 50 47 50 50 2 26 50 50 50 50 14 50 50 50 28 50 50 50 50 50 50 19 50 50 50 50 38 50 50 50 50 50 22 50 50 50 50 50 10 50 50 50 50 47 50 50 50 48 50 50 50 50 13 50 50 50 50 50 50 43 50 50 50 50 13 50 50 50 50 50 50 50 50 0 50 23 50 50 22 50 50 50 50 9 50 43 50 50 
25 38 7 50 50 50 50 50 19 50 50 50 6 29 50 50 50 50 50 50 50 50 22 50 33 50 50 31 17 50 50 50 50 32 41 50 50 50 50 50 6 50 50 50 50 50 50 50 50 20 50 50 50 50 31 50 50 50 50 50 50 19 9 50 50 50 50 50 50 10 50 50 0 50 50 50 50 50 33 50 50 50 50 27 50 50 38 50 19 50 50 50 50 50 50 50 50 50 50 50 50 50 50 50 46 50 1 50 29 18 50 50 50 50 14 13 50 50 4 50 50 50 50 50 50 50 50 8 50 50 50 2 50 50 50 48 50 50 50 2 50 50 23 50 50 25 50 50 50 50 32 50 50 50 50 50 50 50 50 50 50 46 50 50 50 34 50 50 17 50 50 50 50 50 50 50 50 50 50 50 50 50 50 50 50 50 50 50 50 50 50 50 50 50 50 1 15 50 
50 50 50 50 50 50 35 50 50 18 50 50 50 50 50 4 50 50 4 50 31 50 50 50 50 50 50 11 50 50 50 50 46 50 50 41 50 50 50 50 30 50 50 16 50 2 17 50 43 50 7 10 50 7 50 50 18 39 50 17 50 50 50 50 50 44 50 50 50 50 26 50 26 50 50 15 50 50 50 33 50 50 50 50 50 8 50 24 50 50 50 50 50 50 48 50 16 50 50 50 50 50 50 33 43 50 50 50 50 50 50 50 32 50 35 50 50 50 50 50 50 50 23 50 50 50 50 33 50 50 36 50 44 50 50 44 50 50 50 50 50 50 50 44 50 50 50 50 50 50 50 10 50 50 50 50 50 50 50 47 50 50 50 50 50 50 50 29 50 30 50 50 50 14 2 50 50 50 50 45 24 50 50 50 23 50 46 50 50 50 50 50 50 50 50 50 50 
47 50 50 50 50 50 50 50 50 50 50 50 2 20 50 11 50 45 50 50 50 30 50 42 50 50 50 11 50 50 50 50 50 50 50 50 12 50 50 50 50 50 50 25 50 16 50 50 50 50 50 50 50 50 13 50 50 50 50 50 50 50 50 39 50 25 50 50 50 50 50 50 50 50 50 50 50 50 50 50 50 50 50 50 50 42 1 41 50 47 24 50 50 50 50 50 50 14 50 35 50 50 50 50 50 50 50 50 50 50 9 50 50 50 50 50 50 34 50 20 50 50 43 2 50 50 50 48 50 50 50 50 50 50 50 50 50 50 37 50 15 1 29 50 16 50 50 50 23 50 50 41 31 50 50 50 50 50 50 14 50 50 34 50 50 24 50 50 15 50 50 50 11 50 50 50 50 50 50 50 50 50 50 50 50 50 50 50 50 50 50 50 50 26 27 9 
50 50 49 50 50 50 50 50 50 50 31 50 50 50 50 19 50 50 50 41 50 50 50 50 50 50 50 7 35 50 50 9 50 25 50 50 50 29 50 11 50 50 50 50 50 50 10 50 50 50 50 50 50 13 50 50 50 50 50 29 50 50 50 50 50 50 27 50 39 50 50 50 50 50 50 50 50 50 50 50 50 50 50 50 4 50 6 11 50 50 50 50 50 50 50 42 50 13 50 50 20 50 50 50 50 50 22 50 50 50 50 50 36 25 23 50 25 3 50 50 50 13 10 50 50 6 50 50 50 50 50 50 50 47 50 50 9 50 47 50 50 21 32 19 50 35 50 31 50 50 50 17 50 50 50 50 50 50 31 44 50 50 50 50 44 42 50 40 50 28 50 50 50 1 50 50 50 50 50 36 27 50 10 50 50 50 50 50 50 50 50 50 50 50 50 
12 42 50 50 43 50 50 5 50 15 50 50 14 50 50 50 50 9 50 23 49 50 13 50 50 50 11 35 50 50 13 50 50 50 50 50 50 50 16 50 25 11 50 50 50 50 50 50 50 50 50 50 50 50 50 50 9 50 50 50 24 0 50 35 50 50 50 5 50 50 50 50 31 19 28 35 32 50 50 50 50 35 47 50 50 50 36 50 50 50 37 50 50 35 50 50 50 50 50 50 50 50 50 50 50 50 50 33 50 26 50 23 50 50 50 7 50 50 50 50 50 50 50 50 50 50 50 50 10 50 2 50 50 50 48 50 50 39 50 50 19 50 50 30 50 18 0 50 50 50 48 50 50 9 50 50 30 19 50 50 50 50 50 50 30 50 50 50 50 50 50 50 50 50 33 50 50 16 50 50 50 42 50 50 49 0 8 50 6 50 50 50 50 50 
50 50 20 50 50 50 50 50 50 19 34 50 33 50 50 7 50 50 50 50 50 50 50 50 44 50 43 50 49 50 50 50 50 50 50 0 50 50 50 50 50 50 50 50 50 50 28 50 18 50 50 50 14 27 50 50 50 50 50 10 50 50 50 34 50 24 50 50 50 5 50 16 50 7 50 50 50 50 50 26 50 50 50 3 50 9 50 50 50 50 50 50 50 50 50 50 50 50 50 50 50 23 50 50 50 50 50 50 50 23 50 41 50 50 50 50 50 50 50 50 50 40 28 50 50 50 31 50 50 50 50 50 50 50 50 50 50 50 50 50 50 50 50 50 50 50 50 50 21 50 25 50 50 50 14 50 50 50 23 50 50 50 50 50 50 38 50 50 50 50 50 50 0 5 50 50 50 50 32 50 50 32 1 50 50 50 50 50 50 31 21 41 50 
50 50 50 50 50 48 50 50 50 50 44 50 50 50 50 50 50 50 50 50 50 50 43 50 50 50 25 50 50 50 19 50 50 50 45 6 8 50 50 44 50 50 50 50 50 50 10 50 21 50 50 16 50 50 50 50 50 50 31 50 50 50 50 50 50 50 50 17 50 50 50 4 33 50 50 50 50 32 50 17 50 50 50 50 50 27 50 50 50 50 50 50 50 50 31 47 33 50 50 50 50 11 50 15 50 50 31 50 12 50 50 21 50 50 50 50 43 30 50 50 48 0 50 50 50 50 42 50 20 30 50 6 50 50 50 50 50 50 50 28 1 34 50 50 50 50 50 3 50 50 50 50 50 50 50 50 50 50 50 50 50 50 50 16 44 50 50 50 50 50 50 3 47 50 50 7 50 50 26 50 50 19 50 50 50 9 50 50 50 16 50 20 
50 50 50 50 50 5 50 42 50 50 50 50 50 50 50 50 44 50 50 50 50 1 27 50 50 50 50 50 50 50 18 50 46 50 50 50 50 50 49 50 50 50 50 50 50 50 23 50 50 50 50 7 50 50 50 50 18 50 50 50 50 50 50 50 50 1 50 50 50 50 50 50 50 49 50 50 3 50 47 7 50 39 50 30 50 50 50 50 50 50 50 48 50 50 15 50 50 50 50 50 16 50 50 50 50 40 37 50 50 50 50 50 50 50 50 38 50 4 44 25 50 50 5 50 50 50 50 50 23 50 12 50 50 50 50 44 21 50 50 50 50 46 50 50 50 50 45 50 17 0 50 50 50 42 50 50 50 50 50 50 50 50 50 50 50 50 34 50 50 19 50 50 42 50 50 16 50 50 50 50 38 50 50 50 50 50 50 50 50 8 50 
50 17 50 50 50 19 50 50 50 50 50 50 50 49 40 50 28 50 50 50 50 5 5 50 50 50 50 50 50 50 50 50 50 50 50 50 50 4 50 50 50 50 50 50 50 50 11 50 50 50 50 50 12 50 50 42 50 50 48 50 50 1 50 1 14 50 11 50 50 50 50 50 50 50 50 50 50 50 50 50 50 50 50 50 50 50 50 50 50 50 21 50 50 50 12 1 41 50 50 0 50 50 50 50 7 50 50 50 50 50 41 31 50 50 50 50 50 50 50 50 50 50 46 3 50 6 50 50 50 25 50 50 13 50 2 50 50 50 45 11 50 50 20 50 50 17 50 50 50 50 50 50 37 3 50 50 50 34 29 8 50 50 2 50 50 50 8 50 50 50 50 50 24 50 50 50 50 50 50 50 50 50 23 50 42 50 50 50 50 50 
50 50 9 50 50 50 50 50 47 50 50 27 50 50 50 50 50 22 50 20 50 50 50 6 50 50 50 50 50 25 50 50 24 41 50 50 50 50 50 50 50 35 47 16 50 50 50 50 50 50 50 50 50 50 50 50 50 50 50 50 50 50 50 50 50 50 45 24 40 50 50 42 50 50 2 50 50 15 50 50 23 50 50 50 43 50 50 50 36 50 50 50 50 50 32 50 50 32 50 50 50 50 50 50 15 50 50 50 50 50 50 50 11 50 50 50 50 50 50 50 35 50 50 50 29 2 50 25 50 50 47 37 50 24 0 30 50 23 35 43 50 50 50 50 11 50 48 50 50 44 50 50 50 50 50 50 31 50 50 50 50 50 50 50 50 35 50 33 50 50 5 5 50 50 50 37 50 43 50 11 50 36 50 50 50 50 50 50 31 
50 50 50 50 50 50 50 50 50 5 34 50 50 50 50 50 50 9 50 50 50 50 50 50 25 50 37 50 50 50 44 50 50 50 26 50 50 50 50 50 50 50 50 44 50 50 46 50 50 50 50 50 50 50 50 50 50 50 50 50 31 8 50 50 50 33 50 50 45 6 50 50 40 50 50 50 50 38 50 50 50 50 50 50 3 50 50 50 50 32 50 50 50 50 50 50 50 50 50 50 50 50 50 50 29 50 50 50 50 50 20 50 50 50 50 50 50 3 50 50 50 31 50 8 50 50 50 50 50 50 17 50 50 50 50 50 50 50 50 33 50 50 50 50 43 50 50 34 50 50 50 50 33 50 50 50 50 50 50 34 50 50 50 20 50 50 50 38 50 27 50 50 50 50 50 50 50 50 50 50 50 50 50 50 50 50 44 50 
50 43 50 50 50 50 50 26 50 50 50 50 50 50 50 50 50 50 4 50 50 50 50 50 50 1 50 50 50 50 50 50 46 50 50 50 50 50 50 50 50 50 50 50 50 18 50 50 50 50 46 48 46 50 50 50 50 50 28 50 50 50 50 50 50 50 50 9 50 50 26 50 27 50 5 50 47 22 50 50 30 50 35 50 50 50 50 50 50 7 50 50 50 50 50 34 36 50 2 50 50 50 50 50 50 50 50 50 50 50 13 50 36 50 50 50 50 10 50 50 50 50 50 50 50 50 50 40 50 50 50 50 46 43 35 35 50 35 14 22 50 50 50 50 33 50 50 50 47 50 50 50 50 50 25 50 47 50 50 50 50 50 4 31 50 28 8 50 50 34 22 50 50 10 50 50 50 50 50 50 50 50 50 50 50 50 50 
50 50 43 50 19 50 46 26 50 50 50 27 38 50 16 50 50 50 50 50 50 50 42 50 50 20 21 50 50 3 50 46 24 50 50 50 50 50 8 2 50 50 50 50 50 50 50 17 50 29 42 37 33 50 50 50 50 50 50 33 8 50 28 50 50 29 50 50 50 50 50 50 3 50 48 26 40 31 50 50 50 34 50 50 0 50 50 21 50 50 50 37 34 50 50 50 50 34 50 50 50 33 50 50 50 50 50 15 17 42 50 50 3 50 50 10 50 50 50 42 50 50 50 50 50 50 50 50 50 26 50 50 50 50 50 22 0 50 50 50 50 14 50 50 50 11 50 50 50 46 50 50 50 44 50 49 13 50 50 50 50 7 38 50 50 50 16 50 50 50 50 50 50 50 50 50 50 50 50 29 50 50 1 50 50 47 
50 50 20 50 50 44 50 50 50 50 50 50 50 50 50 50 50 50 50 50 18 50 32 50 50 50 50 50 23 50 50 18 50 50 50 50 50 50 50 50 50 50 50 50 33 2 50 34 50 50 50 50 50 50 50 22 37 14 50 50 50 23 50 50 50 50 50 50 22 50 31 50 50 50 8 50 36 17 20 4 50 37 50 39 50 50 43 21 50 50 50 1 50 50 26 50 50 50 42 50 50 50 48 50 11 50 50 50 50 50 50 50 50 50 50 50 50 46 50 40 26 50 50 40 50 50 50 50 50 50 50 50 40 50 50 50 22 24 50 50 32 50 50 50 50 50 50 50 1 50 50 48 50 16 50 50 50 50 50 50 50 50 50 50 50 50 50 50 0 50 50 5 50 10 50 50 45 50 50 50 22 50 50 50 50 
50 50 50 50 50 50 44 50 7 50 50 50 0 50 50 50 46 50 50 50 50 2 50 1 50 50 50 20 50 50 50 50 50 50 50 50 27 12 50 50 22 50 50 50 50 50 50 50 50 35 50 1 50 50 50 50 50 50 50 50 50 50 50 50 50 50 20 50 50 50 50 21 50 50 50 50 50 50 50 50 50 50 50 50 50 50 50 50 50 50 50 50 27 41 50 28 50 50 10 50 50 50 50 50 50 46 50 24 35 50 50 50 50 50 50 50 50 50 43 50 28 50 10 50 40 50 33 50 50 1 11 50 50 8 50 50 50 8 50 50 50 50 35 50 50 50 50 50 50 50 23 50 50 50 50 1 50 25 50 50 36 50 7 20 21 0 50 50 31 50 50 50 50 50 50 50 50 50 50 50 50 50 50 36 
50 22 50 50 50 50 50 50 50 36 50 50 50 50 50 50 50 50 50 14 50 50 33 7 50 50 50 50 50 17 50 50 50 50 16 5 50 50 22 23 50 47 50 50 7 50 48 3 50 45 50 50 50 28 50 50 50 50 50 21 50 50 33 50 50 50 50 50 47 50 50 50 4 50 50 50 50 37 37 8 50 50 50 50 50 50 50 50 50 50 50 50 50 50 30 50 50 50 50 50 2 49 50 50 50 50 50 50 50 50 50 50 50 50 21 49 48 50 38 50 50 50 50 50 50 50 50 50 50 50 14 50 18 50 50 50 50 50 50 50 50 50 50 38 4 50 50 50 50 50 50 50 50 50 29 50 50 50 50 32 50 50 50 50 50 50 50 50 50 50 35 48 50 50 50 43 50 50 50 50 47 50 50 
50 50 50 50 50 50 50 44 50 32 7 50 50 18 50 50 50 50 20 50 35 16 50 50 50 12 35 50 50 50 50 50 50 50 50 50 50 50 50 16 50 50 50 50 50 4 50 50 50 50 50 46 50 50 38 45 50 50 50 1 50 50 50 50 50 4 50 50 50 4 26 50 50 50 45 29 50 18 50 50 5 50 50 50 38 50 50 50 14 50 34 50 2 50 50 50 33 50 50 50 50 50 50 50 10 5 50 50 50 6 50 50 32 50 50 50 50 50 50 50 50 50 0 50 50 50 50 50 50 2 33 50 50 50 50 50 50 50 50 50 50 44 50 50 50 50 50 12 50 50 50 19 50 8 50 50 50 50 50 2 50 50 50 50 50 27 50 22 50 50 41 50 50 50 50 50 47 50 50 50 50 50 
50 50 14 50 45 50 50 50 50 50 50 50 50 50 50 50 50 14 14 50 50 20 50 21 34 50 21 50 50 50 50 50 50 7 50 50 50 50 40 4 50 50 5 50 41 50 50 13 50 50 50 50 50 50 50 35 49 50 16 50 50 41 50 50 50 7 50 50 50 50 50 37 50 50 50 50 50 30 50 50 50 50 50 50 50 50 9 50 50 50 50 20 50 50 5 50 50 3 50 50 50 15 50 18 50 50 50 50 50 50 50 50 50 50 50 50 50 6 50 16 50 31 42 20 50 50 50 50 10 50 50 50 20 24 50 2 50 50 50 50 50 50 42 50 50 28 50 23 50 50 50 50 50 50 50 47 50 15 29 50 10 50 5 50 10 50 50 50 50 50 50 50 37 49 50 50 50 50 50 50 50 
50 50 50 50 50 50 34 50 50 50 50 7 50 50 50 6 7 50 50 50 50 50 50 50 50 50 9 50 50 50 50 50 50 50 50 40 50 33 50 50 50 3 50 50 3 50 50 50 50 50 50 29 50 50 50 6 36 50 28 50 50 50 50 50 50 50 50 50 50 50 6 50 50 50 50 50 50 50 50 50 50 50 50 50 50 50 50 50 50 50 45 50 50 38 50 50 50 23 15 2 50 50 50 50 50 50 16 50 50 50 50 6 50 50 50 31 9 50 50 50 50 42 50 50 50 41 50 50 50 50 50 6 50 50 50 50 50 47 50 50 50 50 50 50 50 50 50 50 50 50 50 50 50 50 50 50 50 19 50 50 50 32 50 50 50 50 50 50 50 50 23 6 23 50 50 50 31 50 50 50 
50 50 50 1 50 50 50 11 50 50 50 2 50 50 50 50 50 50 20 0 50 50 50 1 50 50 50 50 50 50 50 50 50 29 50 11 50 50 50 50 50 17 50 50 50 22 50 50 50 50 50 50 50 50 50 50 24 50 50 50 34 50 50 50 14 20 50 50 50 50 50 50 7 24 50 50 50 50 50 50 50 50 50 11 50 50 49 50 50 50 50 48 50 50 18 50 50 50 50 50 36 25 11 25 50 50 50 50 50 50 50 50 50 50 50 50 50 50 50 50 3 50 50 50 50 50 43 50 50 34 50 50 50 50 50 50 50 50 50 50 50 50 50 50 11 50 50 50 50 14 42 50 50 28 50 50 50 50 15 50 50 50 50 50 50 16 50 50 50 50 37 50 50 50 50 50 50 50 50 
50 50 50 50 50 50 25 50 50 50 50 44 50 50 24 50 1 27 38 50 14 50 36 50 50 50 50 50 39 50 50 38 50 47 50 50 50 50 8 50 42 50 50 50 50 50 11 50 50 50 50 50 28 50 50 50 17 41 50 50 50 50 47 50 50 50 28 39 50 50 5 29 50 50 50 50 42 15 50 50 50 29 50 50 10 50 45 50 50 50 50 50 50 50 50 31 50 50 50 6 50 50 7 46 50 35 50 50 50 7 50 44 50 50 50 50 50 50 50 50 50 50 30 19 50 50 34 50 6 50 50 26 50 50 50 50 50 50 50 50 50 50 50 38 50 50 50 50 37 50 50 15 13 50 50 50 50 14 50 50 50 50 5 50 50 18 50 44 50 50 50 50 41 50 50 50 44 22 
50 50 32 50 50 16 50 50 50 50 50 36 50 16 31 50 50 50 22 11 7 50 44 50 50 50 50 50 50 50 50 50 50 50 50 2 50 50 50 19 50 50 50 50 50 50 21 50 50 50 37 50 12 50 50 43 50 50 50 50 50 30 41 38 50 50 8 50 50 50 26 50 30 50 3 50 50 34 50 50 50 50 35 50 50 50 50 50 50 50 50 48 50 50 50 15 50 32 50 50 33 50 50 48 46 34 50 50 50 50 50 50 25 50 50 22 0 50 50 50 22 50 50 50 50 50 50 50 50 50 0 50 50 50 50 50 50 32 35 50 50 50 18 39 50 2 50 49 50 50 50 50 50 16 50 50 50 50 50 50 3 50 50 50 50 21 50 50 50 50 34 50 50 50 38 50 50 
50 50 50 50 50 44 35 50 50 50 9 43 50 7 50 50 50 50 40 50 50 4 50 50 50 50 50 50 50 50 50 50 50 50 50 50 50 50 50 50 9 6 50 50 50 50 50 50 7 50 50 50 50 50 50 50 50 50 50 36 50 50 50 50 50 21 50 27 50 50 50 21 50 50 50 50 28 50 50 49 18 50 50 50 11 50 50 41 50 50 50 50 26 50 21 17 50 50 50 50 50 13 50 50 50 34 50 50 50 37 50 50 50 28 12 50 50 23 50 50 20 50 50 25 50 14 48 21 50 50 50 50 50 50 50 50 1 37 43 50 46 20 50 50 50 35 17 50 50 50 15 50 50 50 50 50 5 1 50 50 50 50 50 50 50 50 50 50 50 29 50 50 6 33 50 50 
50 50 50 50 50 30 50 4 50 50 31 20 50 50 50 50 50 50 50 49 12 36 50 46 32 50 50 50 50 1 32 50 50 50 50 50 50 50 50 50 50 4 50 50 50 50 50 50 50 50 24 50 50 50 50 43 50 50 50 50 50 50 50 50 50 50 50 50 13 28 50 50 50 50 50 50 50 50 50 50 50 50 39 50 50 50 50 45 50 50 12 50 50 50 50 28 43 50 50 50 50 50 50 50 50 50 50 50 50 50 0 50 50 2 50 24 50 50 50 50 50 50 50 50 31 45 50 23 50 50 50 50 47 50 13 50 50 50 50 50 31 50 24 50 50 50 11 5 50 50 50 8 50 50 50 50 50 27 50 50 50 50 26 50 50 50 50 50 50 3 38 50 50 50 50 
50 50 27 50 45 50 50 50 15 40 50 15 50 50 50 50 50 19 50 39 50 21 50 50 50 25 50 50 50 50 50 50 35 50 50 50 50 50 32 30 50 50 50 5 50 50 50 50 21 50 50 50 50 50 50 50 50 2 50 50 50 50 23 50 50 50 50 50 50 9 50 50 50 20 50 50 50 49 50 50 50 50 50 27 50 50 50 50 50 50 50 50 50 50 50 50 50 9 50 50 50 50 50 28 50 50 50 50 50 50 43 50 23 50 15 42 31 50 50 37 50 50 50 50 7 50 50 50 50 50 18 50 1 40 50 50 5 50 21 50 34 4 45 50 33 50 16 50 40 50 10 50 50 0 50 28 50 8 50 50 50 50 50 8 50 50 50 30 50 33 13 50 50 50 
50 50 50 21 23 50 50 50 7 50 50 47 50 50 50 50 19 50 50 50 12 50 35 50 50 11 13 50 50 50 4 50 50 50 50 50 50 50 45 50 50 47 50 17 50 50 50 50 50 50 32 50 28 18 27 50 18 10 8 50 21 50 50 0 29 50 50 50 50 50 50 22 50 50 50 50 50 50 50 50 50 50 15 50 48 50 41 50 20 39 26 50 50 50 36 50 50 32 50 20 50 50 50 50 50 50 50 50 37 50 50 50 50 50 50 50 50 50 50 26 50 50 50 50 50 50 50 20 6 50 50 50 44 50 50 50 50 9 50 50 6 50 50 1 36 50 50 50 37 50 50 50 21 50 50 50 50 2 50 33 50 10 50 50 14 12 50 50 50 50 50 50 21 
50 50 46 50 50 50 50 50 50 50 50 50 50 19 50 11 50 50 50 50 40 20 50 50 49 50 50 50 50 50 34 50 50 50 50 50 50 50 50 50 14 50 50 50 40 49 50 50 50 1 34 50 22 50 50 2 24 50 6 50 50 50 50 50 50 50 50 45 50 50 50 46 37 50 50 18 50 50 45 50 50 2 50 50 50 50 50 50 50 50 50 50 50 50 32 50 50 50 50 50 35 33 50 50 24 50 50 50 50 50 2 50 50 50 50 50 50 50 3 50 15 50 50 50 38 49 50 50 50 50 33 50 50 50 50 50 50 50 50 50 50 29 50 50 50 23 43 31 45 45 50 50 50 50 50 50 50 30 50 50 50 50 50 50 50 23 38 50 50 37 50 19 
50 50 50 50 38 29 48 50 50 29 50 50 50 50 0 5 50 50 50 6 50 33 50 50 50 50 50 50 50 50 50 13 44 50 46 50 50 50 24 50 50 50 50 39 50 50 50 50 32 50 45 50 24 50 44 50 28 50 10 19 34 44 50 50 50 50 50 50 23 29 50 50 50 23 50 50 27 50 50 5 23 50 30 50 50 50 50 50 20 50 50 50 50 50 50 50 50 50 50 50 9 50 50 34 50 50 50 50 17 50 2 50 50 50 50 16 50 50 50 46 50 50 50 50 50 50 50 50 50 16 50 50 50 50 50 20 50 50 0 4 50 50 50 50 50 50 50 34 50 50 50 50 50 50 40 7 50 13 15 50 50 50 45 50 50 50 50 50 50 50 30 
14 50 50 50 50 50 50 50 50 50 18 50 50 50 50 50 50 50 24 50 17 50 50 50 50 50 50 50 50 50 50 50 50 50 50 43 50 50 50 50 50 50 50 50 50 50 50 50 16 50 50 31 33 50 50 50 50 49 50 50 50 28 50 50 41 50 50 50 50 50 50 50 35 50 50 50 50 50 50 27 50 35 50 50 50 15 50 50 50 50 50 50 50 50 39 50 10 1 50 50 50 50 50 50 33 50 50 50 50 50 37 50 22 23 50 50 50 1 50 50 50 50 50 50 35 50 50 12 50 50 17 50 50 16 50 50 1 50 50 50 50 50 6 50 33 50 50 50 50 50 8 23 20 50 50 50 50 50 50 50 50 50 6 50 50 50 50 50 50 50 
8 50 50 50 50 50 50 50 9 50 50 50 50 50 50 23 17 50 50 4 27 25 50 50 0 50 50 50 50 50 50 50 50 50 50 50 50 13 43 50 50 7 3 24 50 50 50 50 50 50 50 50 31 1 50 38 41 50 50 50 24 50 44 49 50 50 50 50 50 50 50 50 50 1 50 27 33 50 50 50 50 9 50 50 50 50 50 9 50 48 50 16 40 50 50 50 50 50 46 50 4 50 50 50 50 50 50 50 50 50 50 50 50 26 43 50 50 50 13 50 10 50 50 50 50 50 13 50 50 39 50 28 50 6 50 50 50 50 50 50 19 50 50 50 8 50 50 50 50 50 31 50 50 50 46 0 50 50 50 50 50 32 50 50 50 7 50 45 2 
28 50 39 50 50 41 50 50 50 50 50 50 50 50 50 29 50 50 50 50 13 50 44 36 16 50 50 50 50 50 50 50 50 50 50 50 50 50 50 50 2 50 50 50 50 50 24 50 50 50 50 50 50 50 7 8 4 50 50 50 50 16 50 49 23 50 50 46 50 0 50 50 50 50 50 50 50 3 50 50 50 50 50 40 50 50 50 50 50 50 50 50 50 50 50 50 50 50 50 50 44 50 50 50 50 50 29 2 31 50 50 46 50 50 33 26 50 50 50 0 50 50 50 50 50 50 50 50 50 5 50 50 45 50 50 50 50 49 50 50 50 50 50 50 50 10 27 50 50 50 50 50 50 50 8 0 50 28 50 50 27 50 50 50 19 14 27 29 
36 50 50 46 50 50 50 50 50 38 50 50 50 50 46 50 14 2 0 50 17 29 50 50 50 50 50 50 50 50 50 50 13 50 50 50 50 50 50 50 50 34 23 50 50 50 50 50 12 50 6 50 50 50 28 12 50 50 50 24 2 50 24 50 50 50 50 50 50 50 3 50 50 50 11 50 50 16 25 50 50 50 50 0 50 50 50 50 50 50 50 50 50 50 50 50 50 40 50 50 0 25 50 50 50 50 50 50 50 43 50 50 27 12 50 25 50 26 50 31 17 50 50 50 50 50 50 50 50 50 50 1 50 50 50 50 50 8 50 50 43 50 50 50 50 50 39 11 50 50 50 50 50 38 50 6 50 50 50 50 50 50 30 50 50 50 50 
50 50 50 50 50 2 50 50 50 50 20 50 50 50 50 50 50 50 50 50 29 50 50 50 50 1 50 13 14 50 50 50 35 50 50 50 47 50 50 50 23 24 50 50 50 50 14 46 50 50 50 50 50 50 50 50 27 50 50 49 18 7 19 50 50 14 50 50 50 50 50 50 47 50 50 46 46 6 50 50 50 50 50 50 50 50 50 50 50 38 50 50 50 23 50 50 50 50 50 50 50 50 50 50 50 50 50 50 27 50 50 50 50 50 42 50 50 50 50 50 50 31 50 50 50 50 50 50 50 50 50 50 50 50 50 50 50 29 50 50 50 50 50 50 50 50 48 50 33 50 50 21 27 47 7 50 50 50 34 50 50 34 50 30 12 50 
50 50 50 50 50 0 50 50 50 50 50 17 50 13 18 50 50 50 1 21 40 50 50 12 50 50 11 27 50 50 50 50 50 50 50 4 50 50 50 50 50 50 28 50 50 50 50 50 10 50 6 10 50 50 4 50 50 13 50 50 50 50 12 36 50 50 50 48 50 50 10 7 50 16 18 36 50 50 50 50 13 50 50 50 50 20 50 50 7 50 29 50 50 50 0 26 50 50 50 50 50 50 12 50 50 50 50 50 50 50 27 1 50 50 50 50 50 50 47 50 50 24 10 50 50 49 50 50 50 50 50 7 50 50 50 50 50 50 50 50 33 50 11 12 50 50 50 50 50 50 43 50 50 6 50 50 50 50 50 50 50 50 50 32 50 
50 50 50 50 50 50 50 50 43 50 34 50 50 50 50 50 50 50 33 50 50 50 50 19 48 50 50 50 50 50 50 50 50 50 50 50 50 50 50 50 50 44 50 42 50 35 50 50 50 50 50 50 35 50 50 50 50 50 50 50 50 50 50 50 4 47 50 50 50 50 50 50 50 50 50 22 50 50 50 50 50 50 50 50 50 6 4 50 50 15 3 50 18 50 50 50 50 50 50 50 50 50 1 50 27 50 10 32 50 4 50 50 0 50 25 50 50 50 50 50 50 50 50 50 50 50 50 46 50 50 50 50 50 50 50 50 50 50 33 50 50 50 50 50 50 50 50 50 50 50 50 50 50 50 50 50 50 50 8 50 50 50 50 50 
50 50 50 50 50 50 50 50 50 50 50 50 50 50 50 37 50 50 50 50 50 37 9 50 50 50 50 48 50 50 50 50 50 11 50 50 50 50 50 50 50 50 36 50 50 37 50 50 50 50 50 20 50 50 50 50 31 50 50 50 45 50 21 50 50 38 50 50 50 50 50 50 26 50 50 50 19 10 35 50 50 46 50 50 50 50 50 14 50 50 50 50 50 39 50 11 50 50 50 50 47 50 50 50 0 50 50 50 50 50 50 50 50 26 50 50 50 50 50 50 50 50 12 9 50 50 50 50 14 39 50 50 33 50 50 50 50 50 50 50 50 50 50 32 50 36 50 16 21 4 50 31 50 36 39 50 50 49 50 50 50 50 41 
45 10 50 16 0 50 50 50 15 37 32 35 50 16 50 50 50 50 41 50 50 44 50 10 50 50 50 50 50 50 50 50 50 50 24 50 50 50 50 50 50 50 50 48 50 50 23 50 34 50 50 50 31 50 50 2 50 50 50 50 50 50 30 50 38 50 50 50 50 41 50 50 50 37 50 50 50 50 7 50 50 5 50 50 50 50 35 50 2 3 50 50 4 50 13 50 50 50 50 50 25 50 50 49 4 50 50 50 50 43 50 50 50 50 50 11 8 50 50 37 30 4 50 24 50 50 50 50 50 50 50 27 18 50 21 27 50 43 50 50 50 50 50 18 50 50 50 50 50 8 34 50 7 46 50 50 50 50 50 50 50 50 
50 50 50 50 50 50 47 25 12 9 50 50 50 50 13 50 50 9 50 50 50 50 50 50 44 50 12 19 50 50 50 50 50 50 50 50 50 50 38 50 50 49 50 50 50 30 50 50 50 50 14 3 50 50 50 50 4 50 42 50 50 0 50 50 50 47 12 4 50 20 50 45 50 50 50 42 50 50 50 50 28 34 9 50 50 50 50 50 44 50 50 47 50 50 50 50 13 50 50 18 50 50 50 50 20 50 50 33 50 50 50 27 50 29 50 50 50 50 50 19 50 50 50 7 50 50 41 50 50 2 20 50 7 50 50 21 50 50 50 50 50 50 50 50 50 50 50 50 17 50 18 31 50 28 50 50 50 50 50 50 50 
27 50 50 50 50 37 25 50 50 50 50 50 24 50 10 50 50 34 43 50 50 17 50 50 20 50 50 50 50 50 50 35 50 50 50 50 50 50 50 50 50 50 50 50 50 6 16 49 50 50 50 28 50 44 50 50 50 21 37 3 50 50 50 47 6 50 50 50 40 50 50 50 0 50 50 50 50 32 25 50 21 32 50 50 50 50 12 50 50 50 47 50 50 13 15 48 50 50 26 50 44 21 50 50 50 50 7 50 50 50 16 50 50 50 20 6 50 50 50 0 50 50 50 50 50 50 50 12 42 50 24 9 32 50 40 19 50 50 50 50 16 50 50 50 50 50 50 50 50 50 50 50 50 50 50 50 50 50 50 35 
50 50 50 50 50 50 50 50 50 18 50 50 50 50 50 50 23 50 40 44 50 50 17 30 50 50 50 50 50 50 50 50 50 50 50 50 50 50 50 50 50 43 50 50 50 50 50 50 40 50 50 24 50 50 50 50 50 50 50 50 50 50 50 50 50 48 17 50 50 50 20 24 50 50 50 50 50 50 50 50 50 50 26 50 50 29 15 50 50 4 43 50 47 50 50 50 50 50 50 50 50 50 37 41 50 50 50 50 50 23 50 50 28 50 50 50 22 50 50 16 50 50 50 50 50 50 50 50 16 50 50 50 50 50 49 37 29 50 29 16 33 50 50 50 50 50 50 50 50 50 50 50 50 50 50 50 50 50 50 
44 50 50 50 50 50 50 32 50 50 50 50 50 50 50 50 50 50 21 50 16 50 50 43 50 18 50 50 35 50 3 50 50 3 50 50 0 50 50 50 50 50 50 50 50 50 50 50 50 50 50 50 50 50 50 50 50 50 50 50 50 15 50 50 50 50 50 50 50 50 50 50 50 50 44 50 6 50 50 25 50 50 50 50 50 50 50 50 50 50 50 50 50 50 50 50 9 50 44 50 50 50 50 50 50 50 50 37 50 50 50 50 50 50 50 50 50 50 32 50 24 21 50 50 11 50 50 41 50 50 50 50 50 50 50 50 20 50 22 50 50 34 50 14 50 50 9 50 49 50 50 37 50 47 21 50 50 50 
50 21 50 25 50 24 50 50 50 16 50 50 47 13 21 50 50 45 50 50 50 50 50 50 50 11 4 23 50 50 50 50 50 50 50 50 50 50 16 50 34 50 50 50 21 50 50 50 50 50 50 11 50 50 50 11 44 50 50 50 50 50 50 50 50 50 13 50 50 31 50 50 50 50 50 25 50 50 50 50 2 50 50 35 50 50 50 50 3 50 50 50 50 50 50 50 50 26 50 50 50 50 26 44 45 38 50 50 50 50 50 50 50 36 36 50 50 50 50 25 50 50 50 50 50 29 50 41 50 50 41 23 50 50 18 34 9 50 50 50 47 50 50 1 50 50 50 50 50 50 50 50 50 50 50 50 48 
50 50 50 50 50 46 50 50 50 50 43 50 50 50 50 50 50 50 50 50 50 50 36 14 50 50 50 50 50 50 26 50 25 50 50 31 50 50 16 50 50 50 50 43 50 36 50 15 50 50 50 12 50 50 50 31 50 50 50 50 50 50 50 50 42 48 26 50 50 27 50 50 37 18 50 41 50 50 50 50 16 50 50 50 35 50 0 50 50 12 50 50 34 50 50 50 50 50 50 11 50 50 50 24 25 50 50 50 22 50 50 50 50 50 50 44 50 50 50 50 50 50 50 50 50 14 50 50 32 50 29 50 50 50 50 50 50 50 17 30 50 50 50 50 50 50 50 50 50 50 50 50 5 50 50 44 
2 50 50 9 50 50 1 50 50 50 50 50 22 50 50 50 50 14 50 50 50 50 50 50 50 50 50 50 50 50 50 50 50 50 50 50 50 28 50 50 11 50 10 50 1 50 28 2 50 50 47 24 50 50 50 27 50 24 50 50 50 15 43 50 50 18 50 23 50 50 12 19 23 50 50 50 50 50 50 26 50 50 50 50 46 11 41 50 50 50 50 50 50 50 50 50 50 50 50 50 50 50 48 41 50 50 50 50 42 9 50 50 50 50 11 50 50 21 50 4 50 50 50 16 50 50 50 50 3 50 26 50 50 50 50 50 50 50 50 50 50 50 50 40 50 38 50 16 50 50 50 50 50 48 50 
50 40 50 50 50 50 50 50 27 50 50 50 50 50 50 50 50 50 50 50 44 50 24 50 50 16 11 47 49 50 50 0 50 50 50 50 50 50 50 50 50 44 50 50 50 50 50 50 50 50 17 50 50 50 50 50 50 50 50 50 48 50 50 50 50 15 50 50 23 50 50 50 45 50 50 50 50 37 50 50 50 50 27 50 50 45 50 48 50 50 50 50 50 50 50 50 0 50 50 50 41 50 50 50 50 46 4 9 50 50 50 50 50 22 50 50 33 50 50 50 50 50 50 30 50 50 50 50 50 4 50 50 50 50 50 50 50 31 50 50 50 50 50 50 50 50 45 50 31 50 50 50 50 27 
50 50 50 50 50 7 50 50 24 50 50 7 50 50 50 50 50 50 4 44 38 50 50 50 50 50 5 50 50 14 50 50 50 11 50 50 50 50 50 14 50 50 50 50 50 50 50 50 50 50 50 50 43 7 4 50 50 50 50 50 50 50 50 50 50 50 50 50 4 18 4 50 50 23 50 26 50 50 50 50 50 42 50 50 37 50 50 50 50 50 50 50 48 45 50 8 20 50 50 50 50 50 1 50 50 50 50 50 1 50 50 50 50 17 50 50 0 29 50 50 50 3 50 22 50 50 50 50 50 50 50 50 50 22 10 50 50 50 16 50 46 50 50 3 50 50 42 50 50 50 50 50 50 
50 33 50 50 50 50 50 40 14 50 50 15 50 50 47 50 50 11 11 50 50 50 50 10 50 50 35 50 34 50 50 50 50 50 0 0 20 50 50 50 50 2 50 50 50 50 50 14 20 50 50 22 50 50 50 6 50 24 15 39 50 50 50 34 50 44 50 50 50 3 50 50 50 50 50 50 29 50 50 40 50 50 23 50 50 50 50 50 50 50 50 50 50 50 22 50 50 50 50 50 50 50 50 50 50 50 30 50 50 50 50 32 50 13 50 32 50 50 50 50 50 50 24 50 50 50 50 50 50 50 50 50 50 50 44 50 37 50 4 50 50 50 13 1 6 50 50 44 50 50 50 50 
50 50 50 50 50 33 50 50 14 50 50 50 50 50 50 23 50 50 50 50 28 50 24 50 50 27 50 50 50 50 8 50 50 20 45 50 39 50 37 50 50 50 50 50 50 50 50 50 39 13 50 50 50 50 38 46 50 50 47 50 50 50 50 50 40 50 50 50 25 50 50 50 16 50 50 50 50 50 21 50 50 50 47 50 15 50 50 50 50 50 50 36 50 50 50 48 46 46 50 50 50 0 50 19 50 50 50 11 21 50 50 50 50 50 50 33 50 50 50 39 50 50 11 50 17 50 50 50 50 38 47 8 50 31 50 50 50 50 50 40 50 31 37 50 50 18 50 50 50 50 50 
7 50 50 50 50 50 50 12 50 50 50 50 50 50 20 50 50 50 50 50 50 50 50 39 45 50 50 50 50 50 47 36 50 50 50 30 50 50 50 28 50 50 46 50 50 50 50 25 50 26 50 50 50 50 39 50 50 42 50 1 50 50 50 28 50 50 50 50 50 50 49 6 50 50 0 49 50 50 28 50 50 9 50 50 50 50 50 13 50 2 48 50 50 50 8 0 22 50 50 50 50 50 8 50 50 50 50 1 50 50 50 50 50 30 50 48 50 1 50 50 50 2 50 50 37 50 50 50 50 50 50 50 50 24 48 49 50 50 50 20 50 28 50 50 50 38 50 50 50 49 
27 50 50 50 50 50 50 25 50 50 50 50 50 50 50 50 50 4 50 50 50 13 50 50 42 50 50 39 0 50 17 50 50 50 50 50 50 50 50 28 50 50 50 50 50 13 50 50 50 50 50 50 50 50 50 50 50 50 50 50 48 50 20 50 50 50 50 18 50 32 50 50 50 50 50 50 50 50 50 12 21 50 50 50 50 50 50 50 1 50 50 50 50 50 17 34 50 50 50 50 50 50 50 50 16 50 48 50 50 50 50 30 50 13 50 50 25 50 50 50 50 1 50 50 7 39 50 50 50 42 42 50 50 50 50 50 22 50 24 17 50 50 22 50 50 44 50 50 50 
50 50 50 50 36 50 50 50 42 50 40 19 50 50 50 0 50 50 50 50 50 47 50 1 50 50 40 50 15 50 50 8 22 50 50 50 7 50 49 50 45 22 50 50 50 50 50 21 50 22 50 20 50 50 47 33 50 12 50 50 50 50 50 50 50 50 50 32 5 50 50 50 13 50 50 50 50 50 50 50 31 50 50 50 13 50 50 50 50 50 50 50 50 50 50 50 50 50 50 50 50 50 50 50 45 50 50 50 34 10 50 2 50 7 50 27 14 50 50 50 50 50 38 39 30 50 50 50 50 50 50 50 50 46 50 15 50 50 50 50 50 50 50 50 50 50 32 50 
8 50 36 50 50 50 50 7 8 50 50 50 24 28 50 50 33 50 50 50 0 6 23 50 27 50 7 28 50 47 50 50 50 50 50 50 50 50 50 50 50 50 33 50 50 50 50 50 27 43 12 50 50 50 50 50 50 50 23 50 50 22 6 50 50 50 50 50 50 29 50 50 50 50 50 44 33 10 17 50 50 27 50 50 30 50 49 50 50 50 50 50 50 50 50 50 50 50 50 50 50 41 49 50 50 21 50 50 50 50 41 50 50 50 50 1 50 50 50 50 50 50 50 50 50 50 50 50 50 8 50 50 50 50 50 50 23 37 50 50 50 35 50 50 50 50 50 
50 39 50 50 50 50 50 50 50 50 50 50 0 4 50 44 50 35 50 50 50 50 50 50 50 50 50 50 50 50 3 50 50 50 50 50 50 50 50 50 50 50 50 50 50 25 22 50 50 50 50 50 50 50 50 50 50 50 13 50 50 50 36 50 50 46 50 50 50 50 40 50 27 50 50 26 50 50 50 12 50 23 50 50 50 50 50 50 50 45 50 50 50 50 50 40 50 20 50 50 50 46 50 11 50 50 50 50 50 38 22 25 50 50 50 13 1 50 50 50 50 50 50 50 50 50 50 50 50 50 23 42 50 50 50 50 24 50 50 50 34 29 50 50 50 17 
50 50 50 12 50 4 50 50 50 50 19 50 50 50 48 50 50 50 50 50 50 50 20 50 50 50 50 50 50 50 2 50 50 18 50 50 50 50 50 50 50 50 44 50 50 1 50 50 2 50 32 50 50 50 50 50 50 50 50 48 27 50 47 10 20 50 50 50 50 50 50 29 50 17 32 7 29 50 50 50 50 33 50 50 50 50 50 50 50 50 4 50 50 50 19 15 35 50 50 50 0 50 50 50 50 35 50 50 50 50 50 50 50 50 41 50 0 50 50 50 50 50 0 10 50 50 50 50 50 50 50 50 50 27 50 22 50 22 50 50 50 50 50 50 50 
50 50 28 50 50 50 50 19 49 50 50 28 50 47 49 50 50 50 50 50 50 50 50 50 50 13 50 50 50 50 50 50 11 50 50 50 50 50 50 49 50 50 50 50 50 50 50 50 50 27 44 50 6 20 50 50 50 50 50 50 50 50 50 50 50 50 50 1 50 50 50 50 50 50 50 50 18 50 50 50 50 50 50 50 50 32 50 50 50 50 50 50 21 50 50 50 50 50 50 50 7 50 50 50 50 50 50 50 20 50 19 24 50 50 50 50 50 50 13 50 50 44 50 50 50 50 50 11 29 50 50 50 50 33 50 17 50 50 50 39 50 8 13 24 
50 50 50 50 50 50 50 5 50 50 50 50 50 50 50 50 50 50 50 50 5 50 50 50 50 33 31 50 14 50 8 50 18 50 50 50 50 42 50 50 50 50 50 18 50 50 50 50 34 50 50 50 17 50 50 50 50 50 50 50 50 50 50 50 50 50 16 50 50 50 50 50 29 50 50 50 50 50 50 50 50 28 50 50 50 2 28 50 28 50 50 0 44 50 50 50 50 50 23 50 27 50 50 15 36 13 15 50 50 50 50 50 50 50 41 50 50 50 50 50 29 50 50 50 2 50 50 50 50 50 8 50 10 50 50 5 50 50 50 50 50 50 50 
15 50 23 22 50 50 50 50 50 50 13 13 50 22 50 50 50 43 50 50 50 50 50 50 50 50 50 50 50 50 32 50 50 50 50 50 20 23 50 23 21 50 50 14 50 50 50 9 50 50 50 12 50 19 50 21 3 41 50 50 44 50 50 50 50 50 50 9 50 50 50 50 44 50 50 50 6 50 50 50 50 50 46 50 50 50 15 50 50 50 50 50 41 50 50 50 50 50 50 50 50 50 50 50 25 50 50 50 50 29 50 50 50 50 43 28 19 50 50 50 50 50 41 33 50 50 50 50 1 50 10 50 50 50 8 13 8 4 50 41 50 50 
50 50 50 50 50 50 50 50 50 50 50 50 50 24 50 18 50 50 50 50 46 50 50 18 50 0 50 50 50 48 50 12 50 50 50 50 50 50 49 50 47 50 50 23 50 21 50 50 50 50 50 13 50 50 50 41 50 10 24 50 50 49 50 23 28 19 50 50 6 50 15 9 50 50 50 50 50 50 50 50 50 50 50 7 37 50 50 50 50 4 50 14 50 50 50 50 26 50 50 50 30 50 50 50 50 50 50 50 20 12 50 50 48 50 50 50 50 50 50 50 50 50 50 50 50 19 50 0 36 50 50 44 50 50 50 50 50 50 6 50 50 
12 17 50 50 50 0 50 50 50 50 50 50 50 50 22 50 50 50 50 9 50 50 50 50 27 50 50 50 50 50 50 50 50 50 50 50 50 50 50 50 50 50 50 50 50 38 13 32 50 2 34 50 50 50 50 50 15 10 9 50 50 50 4 50 50 50 50 50 27 50 50 6 48 6 50 50 50 50 50 50 50 50 50 50 50 50 50 50 50 45 50 50 50 50 34 50 50 50 50 50 50 50 50 7 50 50 50 50 50 1 50 50 50 32 50 50 50 50 50 50 50 50 50 33 50 50 46 50 50 50 50 50 36 50 50 50 50 24 50 50 
50 50 50 50 50 50 50 30 50 32 50 50 14 50 7 6 50 50 50 50 50 50 50 31 50 50 50 50 50 50 33 50 50 50 50 29 50 5 19 50 50 50 50 50 20 50 50 50 50 50 50 50 50 50 50 15 50 50 50 50 50 50 50 50 50 50 50 50 50 50 50 50 50 50 50 50 50 50 3 50 50 50 12 12 50 50 50 50 50 50 50 0 50 50 50 50 50 50 50 50 50 50 50 50 50 50 50 50 50 50 50 20 50 50 50 50 32 50 45 50 50 32 50 50 46 50 23 50 50 50 50 46 50 50 50 27 50 50 0 
50 50 50 50 40 50 50 50 2 50 18 35 50 50 50 50 50 50 50 3 50 38 50 29 50 50 50 49 39 50 50 50 50 50 50 50 50 43 50 50 50 50 50 31 50 50 50 50 50 50 50 50 50 50 50 50 11 50 5 50 50 36 50 50 31 50 50 50 50 50 50 50 50 50 50 50 50 25 50 49 50 50 50 50 50 50 50 34 50 50 50 50 50 37 50 50 50 50 50 50 9 50 50 50 13 42 24 50 50 50 30 18 48 50 50 50 50 21 50 43 32 50 50 50 50 26 34 50 50 1 50 50 50 0 50 50 50 50 
50 50 50 50 50 50 31 50 50 41 50 22 50 50 50 50 0 36 24 50 41 7 50 50 50 50 50 50 46 50 50 22 50 50 0 10 28 50 50 50 50 50 38 50 30 50 50 23 50 50 50 50 1 21 50 28 45 50 50 50 37 50 20 50 50 50 43 50 50 50 50 50 32 50 50 50 50 50 27 50 24 50 50 43 50 50 50 50 50 50 50 50 50 50 50 36 50 50 37 50 50 50 50 50 50 50 50 50 22 50 4 50 13 50 50 50 50 50 50 2 50 50 1 50 31 50 50 50 5 50 50 50 50 4 50 50 37 
50 50 17 50 50 50 50 9 50 50 50 7 50 50 50 50 50 50 50 50 50 17 50 5 50 50 50 29 50 50 2 50 2 23 45 50 50 49 50 21 50 18 50 50 50 50 50 45 50 32 50 50 49 50 50 50 50 50 18 26 50 50 50 50 50 10 50 50 50 50 50 50 9 22 50 50 50 50 16 50 50 50 50 50 50 50 10 50 50 50 50 50 50 50 50 50 8 50 35 50 50 44 50 50 50 50 50 50 50 35 50 50 50 50 50 50 33 50 50 4 50 31 50 50 50 10 50 14 31 50 50 35 50 50 50 50 
50 50 50 50 50 50 50 50 50 50 50 50 50 50 12 50 50 50 50 46 50 50 50 50 50 50 50 50 50 50 50 50 50 50 50 50 50 1 50 50 50 50 50 50 50 47 50 50 50 50 36 28 50 50 50 36 50 50 50 50 50 50 50 50 50 50 50 50 50 50 50 50 50 50 50 3 33 50 50 50 50 50 50 50 50 50 50 50 23 16 50 47 50 50 50 50 50 50 11 50 50 50 50 50 50 50 50 50 50 50 50 50 38 21 33 50 50 42 50 50 50 30 17 50 50 41 50 50 50 37 50 19 50 32 46 
50 50 50 50 50 50 10 50 13 50 6 0 50 50 47 43 50 50 49 50 50 50 50 50 50 50 50 50 3 50 38 50 50 50 50 50 50 50 50 50 50 50 37 19 50 50 50 50 50 50 50 50 50 50 50 50 50 50 50 25 30 50 39 14 50 50 50 50 50 1 50 50 50 50 50 16 50 50 50 50 50 50 10 50 50 50 50 50 50 8 50 50 50 50 50 22 50 50 50 2 50 37 50 17 11 50 50 50 50 50 50 50 50 40 50 50 50 50 43 50 50 50 50 50 12 50 15 22 0 31 50 50 16 16 
1 37 15 50 50 50 50 50 50 50 5 50 50 50 50 50 42 50 50 48 26 50 50 22 14 50 50 50 50 50 50 50 50 16 4 50 5 50 4 31 50 50 36 50 50 50 20 50 50 50 50 50 50 2 50 50 50 50 50 50 50 50 34 50 50 50 50 50 50 50 50 50 4 50 50 50 50 50 20 50 50 50 50 50 50 50 50 50 16 50 50 50 50 50 34 50 25 4 50 50 50 20 50 50 50 50 7 28 1 50 50 50 50 50 50 50 26 50 50 50 50 50 50 50 50 50 18 50 50 50 38 50 40 
50 50 50 50 7 10 20 50 50 50 50 50 50 50 50 50 11 50 50 43 50 50 50 50 50 41 50 50 50 50 50 3 50 50 50 50 50 50 50 11 50 50 50 3 50 50 50 50 50 41 49 50 50 50 50 15 50 29 50 50 50 50 22 26 50 50 50 9 50 50 50 12 31 50 24 50 50 50 4 50 50 50 30 27 50 50 50 50 50 50 50 50 50 50 50 50 50 50 50 22 50 50 50 4 50 25 50 50 50 50 41 50 50 50 50 50 34 28 50 50 50 50 50 50 50 15 7 50 50 50 50 50 
50 50 50 50 50 50 50 6 12 50 50 50 50 50 19 26 50 50 50 50 50 50 4 46 50 50 6 43 50 50 50 50 14 50 50 50 31 14 50 50 50 50 50 26 50 50 50 50 50 50 50 4 50 50 50 2 36 50 50 50 50 50 50 10 50 34 50 32 23 50 16 50 8 49 50 50 50 39 50 50 50 50 50 50 3 50 50 50 50 50 15 50 50 50 5 21 50 50 50 39 50 50 50 1 50 50 50 50 11 50 18 50 21 4 50 50 50 28 50 50 50 12 50 50 50 50 50 50 50 50 50 
50 50 50 50 50 50 50 50 50 50 50 50 50 50 45 40 50 50 50 23 24 50 50 50 24 26 50 50 50 50 50 50 50 50 26 50 50 1 48 50 50 50 50 50 50 50 13 50 50 50 1 50 5 50 50 50 17 46 37 50 50 50 50 50 50 50 4 50 50 22 50 50 50 7 50 50 50 50 50 50 50 33 46 50 50 50 17 50 50 50 50 50 11 50 50 50 50 50 50 50 50 20 50 50 26 50 50 50 50 50 50 50 50 50 50 50 50 50 50 50 50 50 50 10 50 50 50 4 42 50 
50 50 0 50 50 23 50 33 50 50 50 10 50 50 50 50 50 25 50 40 50 39 50 50 50 50 50 50 21 50 38 50 19 7 34 50 50 50 50 50 50 50 50 0 50 50 50 50 50 50 50 50 50 50 50 50 50 50 50 4 50 50 27 50 24 40 50 43 50 50 50 50 1 10 50 50 50 41 30 50 50 50 50 50 50 50 50 38 24 36 50 50 50 50 50 50 50 50 50 50 50 50 50 50 50 50 50 50 27 50 50 50 50 50 50 50 50 50 50 50 50 50 50 50 50 50 50 50 39 
50 50 46 50 24 50 50 50 50 50 50 0 50 11 50 50 50 50 50 50 50 11 50 50 45 50 50 17 50 24 31 50 31 50 50 6 50 50 50 50 50 50 6 50 50 36 48 50 50 50 40 1 12 50 50 50 50 50 50 50 50 9 50 50 50 50 50 43 50 50 50 50 50 46 50 8 50 50 50 50 50 50 7 50 50 19 50 24 50 23 49 11 50 50 50 50 50 47 50 17 1 41 28 50 50 5 50 4 48 50 50 1 11 25 50 50 50 45 50 50 50 50 50 50 15 50 50 50 
50 50 4 50 50 50 50 50 50 50 50 21 50 6 43 3 50 50 50 50 50 27 50 50 50 50 50 41 50 50 50 50 50 50 50 50 48 45 50 50 50 50 5 50 21 50 38 21 50 50 50 50 19 50 50 39 50 9 10 50 16 50 50 50 16 50 50 50 50 50 50 50 17 50 48 50 26 50 10 50 50 50 50 50 50 47 50 6 50 50 50 50 50 50 16 50 50 3 50 50 28 5 27 50 50 50 6 50 50 37 50 50 21 50 50 50 38 50 50 50 50 50 50 30 50 50 11 
50 50 50 28 27 50 45 50 50 38 15 50 50 50 0 41 50 42 50 50 50 3 50 50 50 23 50 50 50 32 50 28 50 50 50 50 50 50 50 15 50 18 50 50 50 50 50 50 50 50 50 7 50 27 50 50 50 12 27 50 21 50 50 50 50 2 50 50 50 44 50 50 50 50 10 50 50 50 11 50 50 50 50 50 50 50 50 22 3 50 50 50 50 25 50 38 50 50 50 50 50 12 50 46 50 50 50 50 50 35 50 46 50 23 50 50 47 50 35 21 50 50 50 50 50 50 
50 15 50 32 50 50 19 22 50 50 50 50 5 50 50 50 50 0 33 50 50 50 50 50 50 27 50 50 50 50 23 50 50 50 50 46 50 50 50 50 50 16 50 25 50 50 50 42 50 50 50 50 50 50 50 50 50 50 50 50 36 43 50 50 50 50 50 19 50 50 50 50 50 50 50 50 8 19 50 50 50 50 50 50 50 50 2 8 50 39 50 50 50 43 33 50 42 50 7 50 50 50 50 50 50 31 50 50 50 30 50 50 50 37 43 50 50 2 50 5 50 50 30 50 50 
50 50 22 50 4 17 50 40 50 50 50 50 50 7 50 50 50 50 36 50 24 50 47 50 50 50 50 50 50 50 50 50 50 50 50 50 50 50 26 50 50 50 50 48 14 5 50 50 50 50 11 50 50 50 41 22 50 50 50 50 5 50 36 50 30 50 50 50 42 50 50 41 50 50 50 50 50 10 50 50 50 50 50 50 27 50 50 16 50 50 12 9 48 50 50 9 50 50 50 46 50 16 50 29 50 50 50 50 50 50 18 50 48 50 50 50 50 50 50 50 50 50 50 31 
50 50 50 50 50 50 50 50 50 50 50 50 50 50 50 50 50 50 50 50 50 50 50 50 50 50 50 50 50 31 50 50 50 50 50 50 50 50 14 50 50 31 20 50 12 50 23 50 7 45 5 50 50 34 50 50 19 50 26 50 50 50 50 50 13 50 46 50 50 50 19 50 50 34 50 50 50 41 50 50 22 50 44 37 22 50 50 50 50 50 50 27 50 50 50 50 50 50 50 50 50 50 50 50 50 50 49 50 50 50 27 50 50 50 2 50 50 50 38 50 50 50 50 
50 50 50 50 50 0 50 20 50 50 39 0 17 50 22 50 50 50 50 50 18 50 50 32 16 50 50 50 50 50 50 50 18 50 5 21 50 41 50 50 50 50 50 50 50 50 50 50 23 50 50 50 50 50 50 50 50 18 50 36 8 50 12 50 6 50 50 50 50 50 42 50 50 50 27 50 50 50 50 50 50 50 50 50 50 50 50 50 50 50 18 50 50 50 50 21 50 5 50 50 50 50 6 50 50 50 37 50 50 18 38 50 50 25 49 50 50 50 50 50 50 50 
50 50 50 50 50 50 42 50 50 50 50 39 50 50 50 50 50 50 50 50 50 50 50 50 50 50 50 50 50 50 50 50 50 50 21 50 50 50 50 6 50 50 50 44 50 43 50 50 28 18 47 50 50 50 28 50 50 50 50 50 50 50 50 50 50 50 50 42 50 50 50 49 50 50 50 50 50 50 3 50 50 50 50 44 34 50 50 50 50 30 27 50 50 18 50 11 50 50 50 50 50 50 31 50 34 50 50 50 21 50 7 50 35 50 50 50 50 50 50 50 50 
50 50 39 34 50 50 50 33 50 50 50 42 50 7 23 50 50 50 3 40 50 50 17 6 50 50 50 50 50 50 50 50 9 50 17 50 18 50 50 50 50 50 50 50 50 50 50 50 50 50 50 31 50 37 50 50 50 50 50 50 50 1 50 20 35 4 50 50 50 50 50 50 50 50 50 50 8 50 50 15 50 50 50 50 25 50 50 50 50 50 50 50 50 35 50 43 50 1 42 50 50 50 29 50 18 50 32 50 50 50 50 50 50 48 50 26 50 13 50 28 
5 50 50 49 50 50 50 50 50 50 32 19 48 50 50 29 50 50 50 50 50 9 24 50 50 50 3 50 50 50 50 50 3 50 35 50 50 20 41 50 50 1 50 50 50 43 50 50 23 50 50 50 24 48 50 9 50 50 50 50 50 50 50 46 1 50 50 31 50 50 50 50 46 30 21 50 50 25 50 50 45 35 7 50 50 4 50 50 50 50 50 50 50 50 50 50 50 50 50 50 50 21 50 50 50 50 22 39 50 50 36 50 50 50 50 50 27 50 50 
50 50 34 50 42 50 2 25 50 50 50 29 50 50 42 50 50 50 50 50 50 40 50 50 46 50 35 50 50 50 50 6 50 29 50 50 50 50 50 34 50 50 50 50 36 50 38 50 19 40 50 50 50 50 23 50 7 50 50 50 50 45 50 50 50 50 50 50 50 50 50 50 48 50 50 50 50 50 50 50 50 50 50 8 50 50 50 50 50 50 50 50 50 50 36 50 50 50 50 41 50 50 50 23 50 50 11 8 50 50 50 9 50 50 50 50 7 50 
50 5 50 50 50 50 50 50 50 7 22 50 50 50 50 50 50 50 10 50 50 50 50 36 50 4 50 50 50 50 50 50 50 50 50 50 50 50 34 50 50 50 50 50 50 50 19 50 50 21 1 50 44 9 50 46 50 50 50 50 50 3 50 50 50 50 37 50 50 50 38 50 28 50 50 50 6 50 16 50 9 50 50 22 50 5 50 20 50 50 21 50 50 14 50 50 50 50 50 34 19 50 18 50 50 50 50 33 50 50 50 50 10 50 33 50 50 
50 18 50 50 50 50 50 50 50 50 35 50 45 37 50 50 50 50 50 50 50 50 50 42 50 50 50 50 22 50 5 36 50 50 50 50 50 50 50 50 50 35 50 50 50 50 50 50 1 13 29 50 27 50 50 50 50 50 50 50 30 50 50 47 50 50 50 50 50 50 20 50 50 50 50 44 50 50 6 50 50 2 50 50 36 41 50 50 20 47 50 32 50 50 11 50 50 50 50 50 50 50 50 50 50 16 19 32 50 50 50 50 41 50 50 50 
50 50 50 50 50 50 50 50 50 50 50 37 39 50 50 8 50 50 50 50 50 16 50 50 5 50 50 34 49 50 50 50 50 50 18 50 32 50 50 50 50 49 50 50 50 50 50 50 17 50 30 50 50 50 50 50 50 50 50 50 50 50 22 50 50 50 19 50 45 19 50 46 50 50 0 50 50 50 50 50 50 50 50 50 50 33 12 50 1 19 50 50 50 50 50 50 50 50 50 50 50 50 50 46 50 0 50 50 29 50 50 50 50 50 50 
50 50 50 50 50 50 50 50 50 50 50 50 50 50 50 50 50 22 50 50 50 50 50 50 50 50 14 23 50 50 50 50 50 49 50 50 28 12 50 50 50 40 27 17 50 11 50 50 50 50 50 35 50 50 50 50 38 2 50 50 16 50 50 50 50 46 50 50 18 50 50 50 50 34 23 32 50 27 50 50 50 25 50 42 50 50 50 50 50 50 50 50 35 50 8 25 50 17 50 50 50 50 50 50 50 50 50 50 50 1 50 50 50 50 
50 50 50 50 50 50 50 50 50 50 50 50 50 50 50 29 17 15 50 44 50 50 26 50 50 50 50 50 50 50 50 50 50 50 16 50 50 50 49 50 50 50 50 50 50 50 50 50 34 50 50 42 50 50 50 50 50 40 50 50 50 50 19 50 50 50 50 50 50 48 50 28 50 50 50 50 50 50 50 50 26 50 46 50 50 50 50 50 0 50 50 50 50 50 50 43 50 50 25 50 50 50 50 50 33 8 50 50 25 50 14 50 42 
50 48 21 50 18 50 50 35 50 16 50 18 50 50 29 22 43 50 7 50 50 50 50 50 50 50 50 50 50 50 50 50 11 41 50 50 9 50 50 50 50 50 50 50 50 50 50 50 50 50 50 50 50 50 50 50 50 50 37 50 46 50 50 50 50 50 34 50 18 40 50 50 50 50 50 50 50 50 50 50 50 50 50 3 50 50 50 50 5 26 50 45 50 50 9 50 50 50 50 50 50 40 50 50 50 50 50 50 50 50 50 50 
50 50 50 26 50 50 50 50 50 50 30 35 50 49 50 16 50 50 50 50 50 50 50 50 50 50 50 50 46 50 35 50 50 50 50 50 50 50 50 50 50 50 50 50 50 50 50 50 21 50 50 50 50 50 50 50 50 50 50 50 50 50 50 50 50 50 50 50 50 50 50 50 50 50 47 50 50 50 50 50 50 50 50 50 50 50 50 50 50 50 18 50 50 50 50 50 50 50 50 50 50 50 50 50 50 50 50 50 50 50 50 
50 50 50 50 50 50 50 50 50 50 50 50 50 50 50 50 23 50 50 50 50 4 50 50 50 50 50 50 50 50 50 50 50 50 28 50 50 50 50 50 50 50 50 50 50 50 50 50 48 50 50 50 50 50 50 6 50 19 50 50 50 6 50 50 3 50 50 50 50 50 50 48 50 50 50 50 50 50 50 50 50 50 50 50 50 50 50 50 50 50 50 50 50 5 50 21 42 50 50 50 50 50 50 50 50 50 50 50 25 50 
50 50 50 50 50 50 50 50 50 50 50 50 50 50 50 50 50 50 50 50 50 50 7 50 50 50 50 50 50 50 50 50 50 50 50 50 50 50 50 50 50 50 50 50 50 50 50 50 50 50 50 50 35 50 50 21 50 50 50 50 50 50 50 50 50 22 50 50 50 50 50 50 50 50 26 50 50 50 50 50 50 50 50 50 50 50 50 50 50 50 50 48 50 50 50 50 50 50 50 30 22 50 50 50 50 50 50 50 50 
50 50 50 50 45 50 50 50 50 50 31 50 50 50 50 50 50 50 50 14 12 50 50 50 50 50 50 50 50 50 50 50 50 50 50 50 50 50 35 50 50 25 50 50 50 50 50 50 50 50 50 50 50 50 50 50 50 50 50 50 50 50 24 50 50 50 50 50 50 50 50 44 50 50 39 50 50 50 50 50 50 50 50 50 50 50 50 50 50 50 50 50 50 50 50 50 50 50 50 50 50 50 50 50 50 50 50 50 
50 50 50 22 50 50 50 50 27 50 50 50 50 50 50 50 50 50 50 50 50 50 50 36 50 50 50 50 50 50 5 50 50 50 50 50 50 50 50 50 50 50 0 50 50 50 38 50 50 50 50 50 50 50 50 50 50 50 50 50 50 50 50 50 50 27 50 50 50 50 50 50 50 50 50 50 50 50 50 50 50 50 50 50 50 50 50 48 50 50 50 50 50 50 50 50 50 50 50 50 50 50 50 30 50 50 48 
50 50 14 50 50 50 50 50 50 50 50 50 50 50 50 50 50 50 50 50 50 50 50 50 50 50 50 50 50 50 50 50 50 32 50 50 50 50 26 50 50 50 50 50 50 50 50 50 50 50 50 50 50 50 50 50 50 50 50 50 50 50 37 50 50 38 50 50 50 28 50 50 50 50 50 50 50 50 50 50 33 50 50 50 13 45 50 50 50 50 50 50 50 6 50 35 50 50 50 50 50 50 50 50 50 50 
50 50 0 50 50 50 50 50 50 50 50 50 50 50 50 50 50 50 50 50 50 11 50 46 50 50 50 50 47 50 50 50 50 39 50 50 50 50 50 50 50 30 50 50 50 50 50 23 47 50 50 50 50 50 50 50 50 50 50 50 50 50 50 27 50 50 50 50 50 50 50 50 50 50 50 50 50 50 0 50 13 50 50 30 50 50 50 21 50 50 50 50 50 50 50 50 50 20 50 50 50 0 50 37 50 
24 50 50 50 38 50 50 50 50 50 50 50 50 50 2 50 50 50 50 50 17 50 45 50 50 50 50 50 50 50 50 11 50 50 50 50 22 50 50 20 17 50 50 50 50 50 50 50 50 50 50 4 50 49 2 34 50 50 24 50 50 44 50 50 50 0 13 50 50 50 50 50 50 50 50 50 50 50 50 50 50 50 50 50 50 17 50 50 50 50 39 50 50 50 50 50 50 10 50 50 50 50 50 50 
50 50 34 50 50 25 50 50 50 50 50 50 50 50 50 50 50 50 10 50 50 50 50 50 39 50 18 50 50 50 50 50 50 0 50 50 50 50 50 50 50 50 50 50 50 50 50 7 2 50 50 50 50 50 50 50 50 50 50 50 50 50 50 50 50 33 50 10 50 50 14 10 50 50 50 50 50 50 50 50 50 44 50 50 50 50 9 50 50 50 50 50 50 50 33 9 50 50 50 50 50 50 50 
50 50 50 13 50 50 50 50 50 50 42 50 50 50 50 50 50 50 50 50 50 50 50 50 50 50 30 50 50 50 50 50 50 50 50 50 26 18 50 50 50 50 50 50 50 50 50 50 50 50 50 50 50 50 50 50 50 50 50 42 50 50 50 50 50 43 50 50 50 50 50 50 50 50 50 50 50 50 50 50 50 50 50 50 50 50 50 50 50 50 50 50 50 50 50 34 50 50 27 50 50 50 
50 41 50 50 50 50 50 50 50 50 50 35 50 50 50 50 50 50 50 50 50 50 50 50 50 50 50 50 50 50 50 50 50 50 19 50 50 50 50 50 50 50 49 50 50 50 50 50 14 50 50 50 50 50 50 50 50 50 50 50 50 50 50 50 50 50 50 50 50 50 50 50 50 50 50 50 50 50 50 20 50 50 50 50 50 50 50 50 23 50 50 50 50 50 50 41 50 50 50 50 50 
50 50 50 50 50 14 38 50 50 50 46 50 50 50 50 50 46 50 50 50 50 50 50 50 50 50 50 50 50 50 50 50 50 50 50 50 50 50 50 50 50 50 50 50 50 50 50 50 50 50 50 50 50 50 50 49 50 50 19 50 50 50 50 50 50 50 50 50 39 50 50 39 50 50 3 50 50 50 50 50 50 50 50 50 50 50 50 50 50 50 50 50 9 50 50 50 50 50 50 50 
50 50 50 50 50 50 50 0 50 50 50 50 50 50 50 9 50 50 50 50 50 50 50 50 50 50 50 50 50 50 50 4 50 50 50 28 50 50 50 12 50 50 50 50 50 50 50 50 50 50 50 50 50 50 50 50 50 50 50 50 46 50 50 50 50 50 50 50 50 50 50 50 50 50 50 50 50 3 50 50 50 50 50 50 50 39 50 50 50 50 35 50 50 50 50 50 50 19 50 
50 50 50 50 50 50 50 50 31 50 50 50 50 50 50 50 50 50 50 50 50 50 50 50 50 44 50 50 50 50 50 50 50 50 50 50 50 50 50 50 50 1 50 50 50 50 50 50 50 50 50 50 50 50 50 5 50 50 50 50 50 50 50 39 50 50 50 39 50 50 50 27 50 50 50 50 50 50 50 21 35 50 50 50 50 50 50 50 50 50 50 50 50 50 50 50 50 50 
31 50 50 50 50 50 45 50 50 50 50 43 50 50 50 50 50 50 50 50 50 50 50 50 50 50 50 11 50 50 50 50 50 50 50 50 50 18 50 50 47 50 50 50 50 50 50 50 50 50 50 50 50 37 50 50 50 50 50 50 0 50 50 50 50 50 50 50 50 50 50 50 50 50 50 50 50 50 17 50 50 50 50 50 50 50 50 50 50 50 50 50 50 50 50 6 50 
50 50 50 50 50 50 50 50 50 50 50 25 50 50 50 50 8 50 50 50 50 50 50 50 50 50 50 50 50 22 50 50 50 50 50 50 50 50 50 50 50 50 50 50 50 50 50 50 50 50 50 50 50 50 50 50 50 50 50 10 21 50 46 50 50 50 50 50 50 50 50 50 50 50 50 50 50 50 50 50 1 50 50 50 50 36 50 50 50 50 50 50 33 50 50 50 
50 50 50 50 50 50 50 50 50 50 50 50 50 14 50 50 50 50 50 50 50 50 50 50 50 50 50 50 50 50 50 50 50 50 50 50 50 50 50 28 50 50 50 50 50 50 50 50 50 50 50 50 50 50 50 50 0 50 50 50 50 50 50 50 50 50 22 50 50 50 50 50 50 50 50 50 50 50 50 50 50 50 50 50 50 50 50 50 46 50 50 50 50 50 50 
50 50 50 50 50 50 50 50 50 50 50 50 50 50 50 50 50 50 50 50 44 50 50 50 50 50 50 50 50 50 50 50 50 50 50 50 32 50 50 50 50 50 50 50 50 50 50 6 50 50 50 50 21 50 50 50 50 50 50 17 50 11 49 50 50 50 50 50 50 7 50 50 50 50 50 50 50 50 50 50 50 50 50 50 50 50 50 50 50 50 50 50 50 50 
50 50 50 50 50 50 7 50 50 50 50 50 50 50 50 50 50 50 50 50 50 50 6 50 50 50 50 50 50 50 50 50 50 50 50 50 50 50 50 50 50 50 50 50 50 50 50 50 50 50 50 50 50 50 50 50 50 50 50 50 50 50 50 43 50 50 50 50 50 17 50 50 50 50 27 50 50 5 38 50 50 50 50 50 50 0 26 50 50 50 50 50 50 
50 50 50 10 50 50 50 18 50 50 50 50 50 50 30 50 50 45 50 50 50 50 50 50 50 50 50 50 50 50 50 50 50 50 50 50 50 50 50 50 50 50 50 50 50 43 50 50 50 50 50 14 50 43 50 50 50 50 50 50 50 4 50 50 36 50 50 50 31 50 50 50 50 50 50 50 50 50 50 50 50 50 31 50 50 50 50 2 50 50 50 50 
50 39 27 50 50 50 50 50 50 50 50 50 50 50 46 50 50 50 50 50 50 50 50 50 50 50 50 50 50 50 50 50 50 50 50 50 21 50 50 50 50 50 50 50 46 50 50 27 50 50 50 50 50 21 50 50 50 50 50 50 50 50 41 50 50 50 50 37 50 50 48 50 50 50 50 50 50 50 50 50 50 50 50 50 50 50 50 50 50 50 50 
50 50 50 50 50 50 50 50 50 50 50 50 50 50 50 50 50 50 50 50 29 50 50 50 50 50 4 50 50 50 50 50 50 50 50 50 50 18 50 50 50 50 50 50 50 50 50 50 50 50 50 50 50 50 6 1 50 50 50 48 50 50 50 50 50 50 50 50 50 50 50 50 50 50 50 50 50 50 50 50 50 50 50 50 26 50 0 50 43 50 
50 50 50 50 50 50 50 50 50 50 50 50 50 50 50 50 45 9 50 50 50 50 45 50 50 25 50 50 50 50 50 50 50 50 50 50 12 39 50 50 50 50 50 50 50 50 50 50 50 50 50 50 50 50 50 36 50 50 50 50 50 1 50 50 50 50 50 50 50 50 50 50 50 50 50 15 50 50 50 50 50 33 50 50 50 50 50 50 50 
50 50 50 18 50 50 50 50 28 50 50 50 50 50 50 50 50 50 50 50 50 50 50 50 50 50 44 36 50 50 50 50 50 50 50 50 50 50 50 50 50 50 50 50 50 50 50 50 50 33 50 50 50 50 50 50 50 50 50 50 50 50 50 50 50 50 50 50 50 50 50 50 50 50 6 50 50 50 50 50 38 50 50 50 50 50 50 50 
50 50 50 49 50 50 50 50 44 28 50 50 50 50 50 50 50 50 50 50 50 50 50 50 50 50 50 50 50 50 50 50 50 43 50 50 50 50 50 32 50 50 50 50 50 50 50 25 50 50 45 50 50 50 50 50 50 17 50 50 50 12 50 50 50 50 50 50 50 50 50 50 50 50 50 50 50 50 50 50 7 36 50 50 50 50 50 
50 50 50 29 50 50 50 50 50 50 50 50 50 50 50 50 50 35 50 50 50 50 50 20 50 50 50 50 50 50 50 50 50 50 50 50 50 50 50 50 50 50 50 50 50 50 50 50 50 50 50 46 50 50 50 50 50 50 50 50 50 50 50 50 50 50 6 50 19 50 50 50 50 50 50 50 50 41 50 50 50 50 50 50 50 50 
50 50 50 50 50 50 50 50 50 50 22 50 50 50 50 50 50 50 50 50 50 6 50 50 50 50 50 50 50 50 50 50 50 50 50 50 50 50 50 50 50 50 50 50 50 14 50 50 28 50 50 50 50 27 50 50 50 50 50 50 50 50 50 50 50 50 50 50 50 50 50 50 20 50 50 50 50 50 50 50 50 50 50 50 50 
50 3 50 50 50 8 50 50 50 50 30 50 50 20 50 50 50 50 50 50 33 50 17 50 50 11 50 31 50 50 50 50 50 19 50 50 50 50 50 50 50 50 50 50 50 50 50 50 50 50 29 50 44 50 50 50 50 50 50 50 50 50 50 50 50 50 50 50 13 50 50 50 50 50 50 34 50 50 50 50 50 50 50 50 
50 50 10 50 22 50 50 50 50 50 50 50 50 50 50 50 50 50 50 50 50 50 39 7 28 50 50 50 50 50 50 50 50 50 50 50 50 50 50 50 50 50 50 50 50 50 50 0 50 50 50 50 50 50 50 50 50 28 50 50 50 50 20 50 50 50 50 50 50 50 20 49 50 50 50 50 50 50 50 50 50 50 50 
50 50 50 50 26 50 50 50 50 50 50 50 50 50 50 50 38 50 19 50 21 50 50 50 50 50 50 50 50 50 50 50 50 50 50 50 50 50 50 46 50 50 41 50 49 50 50 50 50 30 50 50 50 50 50 50 50 50 50 50 50 50 50 50 50 50 50 50 50 50 50 33 16 50 50 50 50 50 50 50 50 50 
50 50 50 50 50 50 50 50 50 50 50 50 50 50 50 50 34 50 50 34 50 50 22 50 50 50 50 50 50 50 50 50 50 50 50 46 50 24 50 41 50 50 31 50 50 50 50 50 50 50 50 50 50 10 32 50 50 49 50 50 50 50 50 5 50 50 50 50 50 50 50 50 50 50 50 50 50 28 50 50 50 
50 50 50 50 50 50 50 47 20 46 50 13 21 50 50 18 50 50 50 50 44 41 7 50 50 50 50 50 50 30 50 50 50 50 50 50 50 50 50 50 50 19 50 50 50 50 50 50 50 50 50 10 50 50 50 50 50 50 50 50 50 50 41 50 50 50 50 37 50 50 50 36 50 50 50 50 50 50 50 46 
50 50 50 50 50 50 50 50 8 50 50 50 50 50 50 50 50 50 50 11 50 50 48 7 50 50 50 50 50 50 50 50 50 50 50 50 50 50 10 50 17 50 50 50 50 50 50 26 50 50 50 50 50 50 50 50 50 50 50 50 50 50 50 50 50 15 35 4 50 50 50 50 46 50 50 50 50 50 50 
50 33 50 47 50 50 34 50 50 50 9 50 50 50 50 50 50 50 50 50 50 50 50 50 50 50 50 50 50 50 50 50 50 50 18 50 50 50 50 50 50 50 50 50 50 50 5 8 50 50 50 15 50 50 50 50 50 50 50 50 50 50 50 50 50 50 50 50 50 50 50 50 50 50 50 50 50 50 
50 50 50 50 50 50 50 13 50 4 50 50 50 50 5 50 50 39 50 50 50 50 50 50 50 50 43 50 50 33 50 28 50 50 50 50 50 50 50 50 50 50 50 50 50 50 50 22 50 50 50 50 24 50 50 50 27 50 50 50 50 50 50 50 50 50 31 50 50 50 50 50 22 46 50 50 50 
50 50 50 50 50 50 50 50 50 29 50 50 12 50 50 50 50 50 50 50 50 15 50 50 50 50 50 50 50 50 50 50 50 50 50 50 50 50 50 50 50 50 17 50 50 50 50 50 50 35 50 50 50 50 50 50 50 50 50 50 50 50 50 50 50 50 50 50 50 50 50 50 4 50 5 50 
50 50 50 50 50 50 50 50 50 50 50 50 36 50 50 50 50 50 50 50 50 50 50 50 50 50 11 50 50 50 50 50 50 50 50 50 36 50 50 50 50 50 50 50 50 50 50 33 50 47 6 50 50 50 50 50 50 50 50 50 50 50 50 50 50 50 50 50 50 50 50 50 10 50 50 
50 50 3 50 23 50 50 50 50 50 50 50 50 50 50 48 50 0 50 50 50 50 50 50 50 50 50 50 50 50 50 50 50 50 50 50 50 50 43 50 50 50 50 50 50 50 50 50 9 50 50 50 50 50 50 50 50 29 50 50 50 0 50 15 50 7 50 50 50 50 50 50 25 50 
50 50 50 50 50 21 50 50 50 26 50 28 50 50 50 50 50 50 50 50 50 50 50 50 50 30 50 50 50 50 50 50 50 50 50 50 50 50 50 22 50 50 50 50 50 50 50 50 50 50 50 50 50 50 50 50 50 50 50 50 50 50 50 50 8 50 50 50 50 50 50 50 50 
1 50 30 50 50 50 50 50 50 50 50 0 50 50 50 50 50 50 50 50 50 50 50 50 50 50 50 35 46 50 50 50 50 50 50 50 50 50 50 50 50 50 50 50 50 50 50 50 50 50 50 50 50 50 50 27 50 50 50 50 50 50 50 50 50 50 50 27 50 50 50 50 
50 50 50 50 50 50 50 50 26 50 50 50 50 50 50 50 50 43 50 15 50 50 50 50 50 50 50 50 50 50 50 50 50 50 50 35 50 50 50 50 50 50 50 44 50 50 50 50 50 50 50 50 50 50 50 50 50 50 50 50 21 50 30 50 50 50 50 50 50 50 50 
50 50 50 50 50 50 50 50 50 50 50 50 50 47 50 50 50 50 50 50 50 50 50 50 50 50 50 50 50 50 50 50 14 50 50 50 50 50 50 50 50 50 50 50 50 50 50 50 50 50 50 50 50 50 50 50 50 50 50 50 50 50 50 50 50 50 50 50 50 50 
50 50 50 50 50 50 50 50 50 50 50 50 50 50 50 50 50 50 50 50 50 50 50 50 50 50 50 50 50 50 50 50 50 50 50 50 50 50 50 50 50 50 50 10 50 50 50 50 50 50 50 50 50 50 50 50 50 50 50 50 50 50 50 50 50 37 50 50 50 
50 50 50 50 50 50 50 50 50 50 50 50 28 50 50 50 50 11 50 50 50 50 50 50 50 50 50 39 50 50 50 50 50 50 50 50 50 50 50 50 50 50 50 50 50 50 50 50 50 36 50 50 50 50 48 50 50 50 50 50 50 50 50 50 50 50 50 50 
50 50 50 50 50 50 50 50 50 50 50 50 50 0 50 50 50 50 50 50 50 50 50 50 50 50 50 50 50 21 50 50 50 50 50 50 50 50 50 50 50 50 50 50 50 50 50 50 50 50 50 50 50 50 50 50 50 50 50 50 50 50 50 50 50 50 50 
50 50 50 33 35 50 50 50 27 50 50 50 50 50 50 50 50 50 50 50 50 50 50 50 50 6 50 50 50 25 50 50 50 50 50 50 50 50 50 50 50 50 50 50 32 50 50 50 20 15 50 50 50 8 50 50 47 50 50 50 39 50 50 50 50 50 
50 50 50 50 36 50 50 50 50 29 50 50 50 50 14 50 50 50 50 50 50 50 50 50 50 50 50 50 42 50 24 50 50 50 50 50 50 50 50 50 50 50 50 50 50 50 50 50 50 50 50 50 50 50 50 50 21 50 50 42 50 50 50 50 50 
50 50 50 3 50 50 50 50 28 50 50 50 50 50 50 50 50 50 50 50 15 50 50 50 50 50 50 50 50 50 50 50 50 17 50 50 50 50 50 50 15 50 50 15 50 50 50 0 50 50 50 50 50 50 50 50 50 50 50 50 50 48 50 50 
50 28 50 50 50 50 50 50 50 50 50 38 37 50 50 50 9 50 50 50 50 50 50 50 50 50 50 50 50 50 50 50 50 50 10 50 50 50 50 50 50 50 50 42 21 50 50 50 34 50 50 50 50 50 30 50 50 50 50 50 50 50 50 
50 50 50 50 50 50 50 50 50 50 50 50 50 50 50 25 50 0 50 50 50 50 50 50 50 50 50 50 50 50 50 50 50 50 31 50 50 50 50 50 50 50 50 35 50 42 50 50 50 50 50 50 50 50 50 50 50 50 50 50 50 50 
50 50 50 50 50 50 50 50 50 50 50 50 50 15 50 50 49 50 50 50 50 50 50 50 50 50 50 50 13 50 50 50 32 50 50 50 50 50 50 10 50 50 50 50 50 50 50 50 50 20 50 50 34 50 50 50 50 50 50 50 50 
50 50 50 50 50 50 50 50 50 50 50 50 50 49 26 50 50 50 50 50 50 50 50 50 50 50 50 50 50 50 50 50 50 50 50 50 50 13 1 10 50 50 50 50 50 50 21 50 50 50 50 50 50 50 50 50 50 50 50 50 
50 50 50 50 50 50 50 50 39 15 50 50 50 50 50 50 50 50 24 50 5 50 50 50 50 50 50 50 50 50 50 50 50 50 50 50 50 50 50 50 50 50 50 36 50 50 23 50 38 50 50 50 50 50 50 50 50 50 50 
50 50 50 50 50 50 50 50 50 50 50 3 50 50 50 50 50 50 50 50 50 50 50 48 50 50 50 23 50 50 50 50 50 50 44 50 43 50 50 16 7 50 50 50 50 50 50 50 50 50 50 50 50 28 50 36 25 50 
50 50 50 50 50 50 50 50 50 50 50 50 50 50 50 50 5 50 50 50 50 16 50 50 50 50 50 50 50 50 50 3 50 50 50 50 50 50 50 50 50 13 50 50 50 50 50 50 50 50 50 50 36 50 50 50 39 
50 50 50 50 50 50 50 50 50 50 50 50 50 50 50 50 50 50 21 50 50 50 50 50 50 50 50 50 50 50 50 50 50 50 50 50 45 50 50 50 50 50 47 50 50 50 50 50 50 50 50 1 50 50 50 50 
50 34 50 50 50 50 50 2 15 50 50 14 50 50 50 50 50 50 50 50 50 50 50 50 50 50 50 50 50 50 42 50 50 50 50 50 50 50 50 50 50 9 50 50 49 50 50 50 50 50 50 50 50 16 50 
50 50 50 50 50 50 50 50 50 50 50 50 50 50 50 50 50 50 50 50 50 50 50 50 19 50 50 50 50 26 50 50 14 50 50 50 4 50 11 50 50 50 50 50 50 50 50 50 50 50 50 50 50 50 
50 50 50 50 50 50 50 50 50 50 50 50 50 50 50 50 32 50 50 50 50 50 50 50 50 50 50 38 50 49 50 50 50 50 50 50 50 50 50 50 50 50 50 50 50 50 50 50 50 50 50 50 50 
50 4 50 50 50 50 50 50 50 50 50 50 50 50 50 50 50 50 50 50 50 26 50 50 22 50 50 50 33 50 7 50 50 50 50 50 50 50 50 50 50 50 4 50 50 50 21 50 50 50 50 50 
50 50 50 50 5 50 50 14 50 50 50 50 50 50 50 50 50 50 50 50 50 50 50 42 50 50 50 40 50 50 50 50 50 50 50 50 23 50 50 50 50 50 50 50 50 50 50 4 50 50 9 
50 50 22 50 50 50 50 50 50 11 50 50 50 50 50 50 18 50 50 50 50 50 50 50 50 42 50 50 50 50 50 50 50 50 50 50 50 50 50 1 50 50 23 50 50 50 50 50 50 50 
50 50 50 50 50 50 50 50 50 20 50 50 50 50 50 50 50 50 50 50 50 50 50 50 50 50 50 50 50 13 50 50 50 50 50 50 50 50 50 50 50 50 50 50 50 50 50 50 50 
50 50 50 50 50 50 50 50 50 50 50 50 50 50 50 50 50 50 50 50 50 50 50 50 6 50 50 50 50 50 50 50 50 50 50 4 50 50 50 50 50 50 50 50 50 50 50 50 
29 50 22 50 50 50 23 50 50 20 17 50 41 50 50 50 50 50 42 50 50 50 50 50 50 50 50 40 50 45 50 50 50 50 50 50 50 50 50 50 50 50 50 50 40 50 50 
50 50 50 50 47 50 50 50 50 50 50 50 50 50 50 50 50 50 50 50 50 50 50 50 50 50 15 25 50 50 50 19 50 50 50 50 50 50 50 50 50 50 5 50 47 50 
50 50 50 50 50 50 50 20 50 50 50 50 50 50 19 50 50 50 50 50 50 50 50 50 50 50 50 50 50 50 47 50 50 50 50 50 50 50 50 4 35 50 50 50 50 
50 50 50 50 50 50 50 50 50 50 50 50 29 50 50 50 50 50 50 21 50 50 50 16 50 4 50 50 50 50 50 50 50 50 50 50 11 50 50 50 50 50 50 50 
50 50 50 50 50 50 50 50 50 50 50 20 50 46 50 50 50 50 50 50 50 50 50 50 50 25 50 50 50 50 50 48 50 39 50 50 50 29 50 3 50 50 50 
50 50 50 50 50 50 50 50 50 50 28 50 50 50 1 50 50 20 50 50 50 50 50 50 50 50 50 50 50 50 50 50 50 50 50 50 50 50 50 50 50 50 
50 50 50 26 50 50 0 50 50 50 50 50 50 50 50 50 50 50 50 50 50 50 50 50 50 50 50 50 50 50 50 50 35 50 50 50 50 50 50 50 50 
50 50 50 50 50 50 50 50 50 50 50 50 36 50 50 50 50 50 44 1 50 50 50 50 50 50 50 50 50 50 50 50 29 50 50 50 50 50 50 50 
50 50 50 39 50 50 50 50 50 15 50 50 50 50 50 50 50 50 50 50 50 50 50 32 50 50 50 50 50 31 50 50 50 50 50 50 50 50 50 
50 50 50 50 50 50 4 50 50 50 50 50 50 50 50 18 50 50 50 50 50 50 50 41 50 50 50 50 50 10 50 50 50 50 50 50 50 50 
50 50 50 50 50 8 50 50 18 50 50 17 50 50 3 50 50 50 50 50 50 50 38 50 50 50 50 50 50 24 50 50 49 17 50 50 50 
50 50 50 50 50 50 50 45 50 50 50 49 17 50 50 50 50 50 50 50 50 50 50 50 50 50 50 29 50 50 50 50 50 50 50 50 
10 50 50 50 50 50 50 4 20 50 50 50 50 50 50 50 50 50 50 50 50 50 50 50 50 50 50 50 50 50 50 50 46 50 50 
50 50 50 50 50 50 50 50 21 50 50 50 50 50 50 22 11 50 50 50 50 50 50 50 50 50 50 50 48 50 50 50 50 50 
50 50 50 50 50 50 50 50 50 6 50 50 50 26 50 50 50 50 50 50 50 50 50 50 39 50 50 50 50 50 50 50 50 
50 50 50 50 50 50 50 50 39 37 50 50 50 50 50 50 50 6 50 50 50 50 49 50 47 50 50 50 50 49 50 27 
50 50 50 50 50 50 50 50 50 50 50 50 50 50 50 50 50 50 50 50 50 42 50 50 50 17 50 50 50 50 50 
50 2 50 50 50 12 50 50 50 50 50 50 50 50 50 50 50 50 50 50 50 50 50 50 50 50 50 50 34 50 
50 44 50 50 50 50 50 50 50 50 47 50 50 50 50 50 50 50 50 50 50 50 50 50 50 50 12 50 50 
25 50 50 50 50 50 50 50 50 50 50 50 50 50 49 50 50 50 50 50 50 50 50 50 50 50 50 50 
50 50 1 50 50 29 50 10 50 50 50 1 50 50 50 50 50 18 50 50 48 50 50 50 50 50 50 
50 50 50 50 50 50 50 50 50 50 50 50 50 50 50 50 50 50 6 50 50 50 50 50 50 50 
3 50 50 50 7 50 50 50 50 50 50 50 50 50 50 50 50 50 50 50 50 50 50 50 50 
50 21 50 50 50 50 50 50 50 50 50 50 50 50 50 50 50 50 50 50 50 50 50 30 
50 50 50 50 50 50 50 50 50 28 50 50 50 50 50 50 0 50 50 50 50 50 50 
50 50 50 50 50 50 50 50 50 50 24 50 50 50 50 50 50 50 50 50 50 50 
50 50 50 50 50 50 50 50 28 50 50 50 50 50 50 50 50 50 50 50 50 
50 50 50 30 50 50 50 50 50 50 50 50 50 15 50 50 50 50 50 50 
50 50 50 50 50 50 50 50 50 50 50 50 50 50 50 50 50 50 50 
18 50 50 50 35 50 50 50 50 50 50 50 50 50 50 50 50 50 
50 50 50 50 50 50 50 50 50 50 50 50 50 50 50 50 50 
50 50 50 50 50 50 50 50 50 50 17 50 50 50 50 50 
50 50 50 50 50 50 50 50 50 50 50 50 50 45 50 
50 50 50 50 50 50 50 46 50 50 50 50 50 50 
50 50 50 50 50 50 50 50 50 39 50 50 50 
50 50 50 50 50 50 50 50 50 50 50 50 
48 41 50 50 50 50 50 50 46 50 50 
50 50 2 50 50 49 50 50 6 50 
12 50 50 50 12 50 50 50 50 
50 50 50 50 50 50 50 5 
50 50 50 50 50 50 50 
50 50 14 50 50 50 
50 50 42 50 23 
50 7 50 50 
50 50 37 
50 50 
50 

