200 50
50 50 50 50 39 19 50 50 50 50 33 50 41 50 50 37 50 45 50 3 50 50 50 50 50 50 50 50 50 50 29 13 50 45 50 50 29 5 50 50 50 50 50 50 7 50 36 50 50 50 24 50 50 2 30 50 50 50 26 50 50 50 50 50 50 50 50 50 25 50 37 50 50 50 50 50 9 50 50 19 8 46 50 50 50 50 50 50 50 50 15 50 50 28 50 50 50 50 21 1 50 13 50 35 47 50 50 50 50 49 11 50 50 26 50 50 50 50 50 31 50 41 0 50 50 34 50 50 50 50 50 50 50 50 13 19 50 50 50 35 31 50 50 38 50 17 50 50 50 50 50 50 23 6 43 50 50 50 46 43 50 44 50 50 50 50 2 50 44 50 1 50 43 50 50 50 50 25 50 50 50 50 50 50 42 35 29 50 50 12 3 50 27 15 50 42 50 50 50 
50 50 30 50 13 50 50 5 37 44 50 50 50 50 50 50 27 50 2 50 50 50 50 50 50 50 50 50 50 28 50 41 50 50 50 49 7 14 2 48 50 23 50 50 50 50 50 47 48 45 50 50 50 11 5 37 50 50 50 25 50 50 39 50 50 50 50 50 50 50 22 50 50 50 50 14 50 50 50 50 50 50 50 50 50 13 50 50 0 18 50 0 50 50 50 50 50 50 50 32 50 19 50 50 42 50 50 50 50 50 18 50 50 50 50 50 12 50 50 3 50 19 50 50 13 50 9 50 50 50 50 50 50 50 50 50 50 50 4 12 50 50 50 50 50 50 0 50 50 1 2 50 50 18 50 21 37 50 50 50 21 50 50 50 15 43 50 10 50 50 50 50 50 50 50 35 42 46 22 50 16 50 50 8 22 13 50 46 50 50 25 50 50 31 35 50 5 50 
50 50 48 50 50 16 50 50 50 50 50 18 50 50 36 50 50 50 50 50 50 50 50 50 50 45 50 50 50 50 50 50 50 50 50 7 50 50 38 33 50 50 50 50 40 50 50 4 50 28 6 50 50 50 50 50 35 42 9 50 50 50 50 18 50 50 2 50 34 15 50 50 33 2 50 35 50 50 31 13 48 50 50 27 50 47 35 50 50 50 6 50 50 50 46 50 50 50 50 50 50 50 50 50 24 50 50 50 50 22 50 4 50 24 50 30 50 46 50 50 50 17 50 15 50 50 7 14 50 50 50 50 50 50 50 50 13 14 50 50 49 50 50 50 50 28 32 8 24 50 6 50 50 11 50 50 50 2 50 0 10 50 50 50 50 50 50 50 50 50 50 50 16 50 50 50 50 17 40 35 50 50 50 22 50 50 50 50 50 34 50 50 50 8 50 50 50 
50 50 50 50 31 50 50 50 47 7 26 50 42 41 50 47 3 50 39 50 42 19 50 50 50 50 3 50 50 50 50 18 9 50 50 50 50 49 25 50 50 50 50 50 50 4 11 50 31 26 49 50 16 28 12 50 50 50 50 50 50 50 50 50 50 7 50 24 36 36 27 50 36 50 50 50 50 25 50 27 50 50 50 31 50 50 50 50 50 50 50 50 50 50 50 50 45 50 50 50 50 47 37 50 47 50 39 50 50 50 50 43 50 49 50 50 50 1 50 48 1 50 38 14 50 50 0 50 50 50 50 50 50 9 29 50 50 50 1 16 50 50 46 37 21 50 20 24 50 50 50 50 50 50 35 50 50 50 48 50 50 50 46 50 50 50 50 50 50 50 25 50 12 50 26 50 42 32 50 50 49 50 50 50 37 50 50 41 10 50 50 2 41 35 45 13 
50 50 27 50 50 39 50 50 50 50 50 32 35 50 50 50 50 50 50 50 50 50 16 36 50 27 4 8 50 5 50 50 29 50 50 50 44 50 50 41 50 50 50 50 50 6 50 50 50 50 50 50 48 50 50 50 18 50 50 50 6 50 25 13 7 50 12 50 50 50 41 8 50 3 50 50 4 17 50 2 50 50 50 46 50 50 50 50 43 7 50 50 20 50 50 12 50 25 50 50 50 50 50 50 41 50 50 50 24 50 50 50 50 13 50 50 50 50 50 45 50 50 50 28 15 50 50 50 50 20 50 50 50 44 50 50 50 50 50 50 50 50 16 37 50 2 50 50 50 20 50 50 50 43 50 50 50 50 50 35 3 50 50 50 50 50 50 50 50 50 11 2 50 50 50 41 18 19 50 50 50 50 50 50 34 21 42 50 50 50 50 16 50 50 4 
50 29 19 50 50 18 50 50 50 40 8 50 50 50 50 11 49 50 50 50 50 50 50 22 50 50 50 50 24 50 50 50 46 50 50 2 50 50 19 50 33 0 17 50 50 15 15 50 1 50 38 31 50 32 37 50 2 23 50 50 50 44 50 18 50 50 15 50 50 50 50 24 8 38 50 50 1 38 50 50 50 50 50 50 50 50 50 49 50 25 48 50 50 50 50 50 12 45 50 22 50 19 50 50 50 50 7 50 15 48 17 23 25 50 50 50 17 50 0 2 50 3 50 43 50 18 50 50 50 50 50 50 50 50 5 50 50 15 50 50 50 37 24 50 50 50 50 44 50 38 32 19 50 50 2 43 50 50 28 50 50 37 50 50 50 50 50 50 50 50 29 50 50 50 50 14 50 39 50 12 24 50 50 34 50 50 50 50 17 50 50 50 47 0 
40 50 50 50 44 50 33 39 23 50 50 17 50 50 50 50 18 50 16 50 50 50 50 15 50 50 50 50 0 50 50 50 10 1 50 50 50 50 31 50 50 50 10 50 50 50 50 50 50 50 50 50 48 50 50 50 50 50 50 50 50 50 50 50 41 50 50 50 33 11 50 50 50 50 7 29 50 50 50 7 50 50 42 11 4 50 50 50 50 3 2 1 27 44 50 10 50 50 50 50 50 50 50 50 50 32 50 26 14 5 16 18 50 38 50 50 50 50 50 50 50 50 50 7 50 50 6 50 32 50 28 50 50 50 41 13 41 50 50 44 50 26 50 50 50 3 8 34 50 50 50 50 8 50 50 48 50 17 50 50 50 50 6 8 50 50 50 50 50 17 50 50 50 50 50 50 50 50 50 30 10 15 50 50 50 50 50 50 50 39 6 38 50 
0 26 16 50 42 50 50 50 44 50 50 50 17 50 50 50 50 50 50 2 50 50 50 43 50 50 31 23 41 50 50 50 50 36 50 50 50 50 50 50 10 50 18 50 1 37 50 50 50 11 34 44 30 0 18 47 50 50 16 50 37 50 50 18 50 50 50 38 1 50 37 50 50 50 50 50 50 50 39 50 19 18 1 50 50 50 50 50 50 46 50 50 50 50 50 50 50 37 18 50 50 50 50 50 50 50 44 21 50 50 22 50 13 28 29 50 42 50 47 50 50 16 46 36 50 50 15 50 50 50 50 21 32 10 50 50 50 50 50 50 50 1 50 19 13 50 0 50 37 33 12 43 50 31 50 50 50 15 30 50 6 50 31 50 1 50 50 50 50 16 50 50 50 39 50 50 50 41 50 50 1 50 50 50 50 16 50 21 50 50 50 50 
44 43 50 50 50 50 50 34 26 50 26 36 50 50 50 50 50 50 44 50 24 50 50 50 1 50 50 50 50 27 50 50 50 50 50 50 13 50 50 50 50 50 11 50 50 23 50 50 33 9 50 50 5 29 50 50 50 0 7 50 1 22 50 45 38 50 50 50 50 50 50 50 45 50 50 20 50 50 50 50 50 44 23 50 50 35 23 6 50 50 10 25 24 50 50 50 50 50 50 50 50 15 50 35 50 50 50 50 26 50 50 4 41 50 27 50 36 50 0 50 50 50 34 50 9 50 50 50 50 50 50 50 50 50 40 50 50 39 50 50 50 50 50 45 50 7 50 43 50 50 50 14 50 50 7 50 50 50 50 50 1 50 50 50 50 50 16 17 50 50 50 50 50 4 50 0 3 50 50 9 14 50 50 50 50 15 50 49 38 50 36 
13 50 50 25 22 50 50 50 50 46 39 50 31 11 4 50 24 50 50 22 50 50 50 50 47 50 0 50 17 50 50 50 50 50 50 50 50 50 48 42 46 47 50 50 50 50 50 24 50 50 50 50 50 50 50 50 50 50 50 6 0 50 50 50 50 42 45 50 15 50 50 32 27 2 34 50 50 50 48 34 50 35 50 50 15 47 50 50 39 50 50 50 50 50 50 50 50 50 11 50 26 50 50 50 50 25 50 50 50 50 50 50 50 50 46 50 50 12 32 19 50 40 50 50 50 20 29 50 50 50 43 50 50 50 50 2 28 34 50 30 50 50 50 0 31 50 50 18 50 50 37 50 50 50 50 40 50 12 10 10 50 45 50 31 50 35 50 1 30 50 50 50 50 50 50 50 50 50 47 50 4 50 50 14 50 50 50 50 18 2 
29 50 50 48 50 50 50 23 11 50 50 50 50 50 50 26 50 50 50 50 50 50 1 50 20 50 50 50 50 10 50 50 16 50 50 50 50 50 45 50 50 50 50 50 7 50 50 50 50 50 50 50 31 50 50 50 28 16 50 10 50 50 50 50 50 50 50 2 50 50 50 7 29 50 50 48 50 50 50 50 17 50 50 50 50 50 50 45 50 27 50 45 50 50 50 8 35 47 50 50 50 50 13 50 50 50 50 50 40 50 50 50 4 50 50 50 50 1 50 50 35 9 50 50 50 50 50 50 19 50 50 27 50 50 50 50 41 50 50 50 50 50 50 50 50 50 50 50 19 50 50 50 50 50 38 21 8 50 50 50 34 10 50 50 43 28 50 43 50 50 50 50 50 26 39 46 50 50 4 50 26 50 36 38 50 50 50 50 50 
50 50 5 50 50 50 50 50 50 50 22 50 5 50 49 44 27 50 37 50 45 26 50 50 50 50 50 50 50 50 50 31 18 50 50 44 50 48 50 42 50 50 50 50 1 31 50 50 17 50 36 50 9 49 50 50 5 40 50 50 50 10 50 50 7 50 50 50 50 50 48 50 10 31 46 50 50 50 50 17 50 17 50 50 32 25 35 50 43 47 50 50 50 50 50 50 41 50 50 50 50 50 50 8 50 50 1 48 50 50 32 50 49 50 50 27 50 40 3 40 44 50 12 42 50 39 33 11 50 50 50 50 50 50 50 50 50 17 50 4 50 50 18 38 23 0 50 50 50 50 50 50 46 33 50 50 50 50 50 40 50 45 44 50 16 50 24 15 50 50 50 50 50 50 50 43 50 50 50 37 50 50 50 50 16 50 19 50 
50 50 50 50 50 50 50 50 50 50 50 50 50 38 50 50 46 50 23 50 21 50 50 50 50 50 50 23 50 30 5 14 50 50 50 50 20 50 50 41 50 50 50 17 3 29 32 50 50 50 1 0 50 14 50 50 0 50 50 4 50 50 50 34 50 50 40 50 50 50 50 26 35 50 50 50 19 50 5 50 50 50 50 29 50 50 50 42 50 50 50 50 50 50 50 19 40 50 6 39 50 50 50 50 50 28 50 39 50 32 50 50 50 50 50 50 50 50 50 50 50 50 50 50 33 22 41 50 50 50 37 1 50 22 50 13 17 27 50 5 26 50 50 50 50 50 50 50 50 50 50 50 50 47 50 50 50 50 50 11 45 50 50 50 50 50 50 50 44 7 50 17 50 37 50 50 50 33 33 1 7 50 39 24 50 50 50 
35 50 50 50 50 50 50 24 50 50 50 50 50 50 35 50 25 50 50 49 50 50 50 28 40 50 50 50 39 39 7 50 41 50 50 50 50 50 14 50 50 50 50 7 50 50 50 50 50 47 50 22 50 37 36 50 50 50 50 39 50 50 50 50 50 50 23 25 50 50 50 50 21 50 50 49 27 27 7 42 42 5 50 40 50 50 50 50 50 50 50 50 30 50 10 50 12 50 29 50 50 46 50 38 4 50 50 10 50 50 13 50 27 50 6 50 50 50 17 33 50 50 50 50 50 50 50 50 50 50 50 50 50 33 45 50 50 50 15 50 50 50 50 15 50 50 50 22 50 18 14 29 50 29 43 50 50 50 50 25 50 24 50 50 50 1 50 9 21 50 50 50 7 50 50 6 50 13 25 50 37 50 50 50 9 50 
50 50 50 50 45 36 32 50 50 50 50 36 50 37 17 50 2 50 47 31 50 50 50 50 50 50 50 50 32 50 49 50 50 23 50 14 34 50 16 50 50 50 50 5 50 50 50 50 16 50 50 35 50 50 6 50 50 5 50 50 50 29 50 50 50 50 50 50 20 50 34 42 50 8 50 5 28 50 50 50 50 50 50 50 50 50 50 28 50 36 25 50 50 50 50 50 50 50 50 22 50 50 50 39 50 50 50 22 50 50 12 50 50 50 50 47 14 50 0 50 19 46 28 50 50 50 40 6 8 50 50 50 21 50 50 50 50 50 12 50 50 39 50 50 8 50 17 20 50 50 46 50 50 34 19 6 37 50 50 50 30 2 31 50 50 50 50 8 8 50 13 50 50 50 50 0 50 50 50 40 50 50 50 25 50 
50 50 50 50 50 14 50 50 28 38 50 0 0 50 50 43 27 50 50 50 30 50 11 50 50 50 50 8 50 50 50 50 50 39 3 30 50 29 39 50 50 50 50 50 50 50 50 49 50 50 50 50 50 50 50 50 14 47 28 50 50 50 23 30 20 50 50 50 50 4 50 50 50 50 16 50 41 50 50 19 50 50 50 50 50 18 50 44 10 50 6 0 50 50 50 50 36 13 34 50 47 50 9 50 18 50 17 50 50 50 50 50 50 50 50 50 50 50 50 50 50 50 50 36 50 50 50 33 7 36 50 50 50 50 50 28 50 50 50 8 32 50 38 50 17 50 50 50 50 50 50 50 50 50 50 50 25 50 44 8 50 19 50 23 50 8 50 47 50 50 50 50 34 50 16 50 50 50 39 50 50 50 50 50 
50 50 50 40 50 50 8 37 50 50 50 50 17 50 44 7 50 3 50 35 50 50 43 50 50 50 50 50 50 50 29 45 50 50 40 50 50 50 36 50 4 23 22 42 50 50 50 50 50 50 50 38 24 50 16 50 50 44 50 35 45 8 41 50 34 5 50 50 50 50 11 50 50 9 50 14 21 50 50 38 50 50 50 50 50 50 50 7 50 50 50 10 30 16 50 21 50 50 50 50 50 48 0 34 50 8 20 8 15 50 50 50 50 50 50 50 50 50 50 50 34 50 39 1 39 50 50 50 50 50 50 50 50 8 50 50 50 50 39 47 50 49 1 50 1 50 20 50 50 50 50 11 50 46 50 50 50 35 50 50 45 50 50 50 50 8 50 50 11 16 50 45 50 50 24 50 48 16 50 45 50 44 37 
50 50 50 50 48 27 50 50 26 50 50 50 50 50 50 50 50 50 46 50 50 50 50 50 50 34 50 50 50 50 29 50 50 29 50 50 50 35 50 21 50 48 50 33 50 50 18 50 50 44 50 44 50 50 50 50 50 50 50 14 7 50 50 50 39 50 27 37 50 50 50 14 50 50 50 27 50 40 16 50 50 15 50 15 6 50 50 24 50 50 27 50 22 0 50 19 50 50 50 50 50 39 4 50 50 38 50 50 50 50 30 1 10 50 23 48 50 50 50 50 50 19 22 25 34 50 50 50 50 31 50 4 50 50 50 9 17 50 50 50 29 45 3 7 30 40 19 50 50 50 50 50 50 8 34 4 50 50 50 31 50 2 31 2 50 50 26 24 2 43 50 50 50 50 10 50 50 21 19 50 50 50 
50 50 50 50 50 8 50 19 50 6 50 26 32 50 50 31 49 4 24 5 50 50 50 9 50 50 21 23 50 50 50 12 50 40 50 50 50 50 50 50 50 50 50 50 50 50 30 24 50 50 50 50 50 6 39 50 50 50 0 21 50 19 50 50 1 50 50 50 50 6 20 4 50 48 50 50 50 6 38 50 45 36 50 50 2 50 50 50 50 50 50 50 50 50 50 50 28 21 50 23 50 50 44 11 50 34 50 50 50 50 50 50 50 50 22 24 50 50 6 50 24 50 50 12 50 50 4 50 50 40 50 50 50 50 50 50 50 50 50 50 2 39 14 50 50 50 50 50 19 50 50 20 50 43 50 31 50 50 50 50 50 50 34 7 50 50 20 50 50 25 50 3 50 50 50 50 50 44 5 25 50 
50 1 50 26 40 50 50 50 50 9 30 6 50 50 50 38 50 50 50 50 50 50 50 50 13 1 50 50 50 50 50 50 50 50 3 50 12 2 50 42 50 24 50 50 50 50 50 50 50 50 31 50 46 26 50 9 50 50 50 50 50 50 50 50 50 50 50 50 50 50 41 50 25 50 50 50 41 50 50 50 6 50 50 50 50 50 50 50 50 31 16 29 50 50 50 50 35 50 25 50 50 21 50 50 50 50 14 50 50 50 50 50 22 50 50 50 35 50 29 50 33 50 27 50 50 2 20 37 23 41 50 50 50 50 50 50 10 50 50 38 19 50 50 49 50 50 50 50 37 44 41 50 50 50 50 50 50 50 50 50 22 35 29 50 50 49 25 35 50 50 50 50 50 50 50 50 50 16 50 50 
6 50 50 50 50 6 50 50 50 50 24 50 50 50 50 50 50 50 50 50 50 50 50 23 50 13 34 50 50 50 50 11 50 50 50 50 30 39 50 7 50 22 50 10 38 50 36 14 50 50 50 50 12 50 50 50 50 50 27 11 33 50 50 50 37 50 50 32 17 45 29 44 50 50 47 50 50 27 50 50 18 27 50 50 46 50 46 50 50 50 50 46 22 23 50 50 42 50 11 50 50 18 50 45 18 50 50 50 50 50 50 50 43 19 50 28 50 17 50 50 50 50 23 50 50 4 50 50 50 50 50 50 50 50 37 12 32 12 50 50 50 50 50 50 50 50 50 50 35 50 50 50 50 50 50 50 50 50 2 50 50 50 26 50 50 50 50 50 50 50 50 50 46 40 22 50 50 50 6 
17 50 16 13 50 2 50 50 47 31 50 50 48 50 50 50 10 28 50 50 50 50 50 26 50 50 11 50 44 50 50 50 50 13 50 5 45 25 50 50 20 1 50 50 50 50 9 22 50 50 50 50 44 50 50 50 50 50 50 0 50 50 50 50 50 50 50 50 50 50 0 50 50 50 50 50 33 50 33 17 50 50 50 50 50 50 50 50 50 24 47 50 5 50 50 35 50 50 50 45 50 50 10 50 13 43 50 50 50 50 50 50 50 50 50 50 50 50 50 15 50 50 50 50 50 2 21 50 19 50 11 50 50 50 44 30 50 50 50 50 50 32 50 50 50 50 50 2 27 50 50 0 4 50 49 36 50 50 50 50 50 50 6 50 50 50 46 50 50 50 50 10 50 7 50 50 50 50 
50 50 50 9 50 32 50 50 50 50 50 50 50 50 46 50 50 50 50 50 50 28 50 50 11 50 50 50 50 50 50 50 50 50 50 35 50 22 50 50 50 45 50 47 50 50 50 25 50 50 50 50 50 50 0 28 50 50 50 50 50 30 50 50 34 6 3 20 17 50 50 50 50 50 50 30 50 50 50 50 50 24 50 41 50 50 21 50 40 36 50 11 23 50 50 50 50 50 49 50 32 50 50 50 50 50 14 50 50 50 50 50 37 14 4 50 50 50 50 13 37 39 50 50 47 50 35 31 50 45 50 50 50 50 50 50 50 50 9 17 50 3 21 50 27 50 50 50 16 50 50 50 50 2 50 50 50 49 50 50 50 37 8 26 50 17 42 50 8 50 45 7 50 50 50 50 50 
31 50 29 30 50 50 10 50 50 50 17 50 50 40 34 50 15 50 50 28 50 50 50 50 50 50 33 38 8 50 50 43 50 46 50 28 50 50 1 31 50 42 50 50 45 23 17 17 50 50 50 50 50 50 50 50 33 50 5 32 50 40 50 50 50 50 48 50 14 50 50 50 50 50 50 50 50 22 50 50 30 50 42 33 50 21 50 50 50 50 22 4 50 50 50 50 17 50 2 50 19 50 23 34 50 50 17 50 50 50 50 50 49 19 15 50 50 50 50 50 50 7 19 50 50 50 50 50 50 40 42 50 50 1 50 50 50 9 50 35 43 50 50 50 50 50 21 25 50 17 50 50 45 50 50 10 50 19 50 50 50 50 20 21 50 50 50 22 50 13 16 50 50 50 43 50 
4 50 50 50 50 50 50 50 50 50 50 50 50 50 4 2 50 50 50 50 50 6 50 15 50 50 2 50 50 50 50 50 14 50 9 50 39 50 42 15 34 50 50 50 50 50 50 50 50 50 50 50 50 50 50 19 50 6 27 50 50 50 50 19 50 50 32 50 14 22 50 50 50 42 37 50 50 50 50 50 18 43 50 7 50 50 50 30 16 50 50 50 50 50 50 50 50 50 39 50 50 50 50 50 50 33 23 50 50 38 50 50 50 50 19 50 50 0 7 50 50 30 50 50 21 50 33 23 50 50 50 50 50 46 50 50 50 50 50 8 50 50 50 50 50 17 50 40 50 9 28 50 50 50 50 50 50 27 50 34 50 50 50 42 50 50 50 50 50 50 50 0 50 50 50 
50 50 50 50 50 20 50 32 5 50 50 50 50 26 3 50 50 20 4 50 50 50 50 7 50 5 50 32 50 50 50 50 26 50 50 50 26 50 50 50 50 49 42 45 50 50 50 50 50 50 50 50 50 50 0 2 50 0 50 50 50 50 50 26 50 50 37 50 50 50 50 34 50 50 19 50 50 50 48 50 50 50 50 50 50 42 50 50 50 50 7 50 44 27 39 6 50 50 23 50 50 50 50 50 44 50 50 50 0 50 50 50 50 50 50 47 41 50 50 50 50 48 25 50 35 43 43 50 50 50 50 50 50 50 40 19 50 50 15 50 49 18 50 19 50 50 40 50 50 50 50 50 50 50 24 3 50 50 50 50 50 50 50 50 50 50 50 36 50 50 50 31 50 50 
50 50 22 50 50 50 50 50 41 50 50 50 50 15 48 43 50 50 50 50 50 50 50 50 50 50 34 37 50 50 1 50 50 50 50 50 14 50 50 50 50 17 50 37 50 50 50 50 50 50 50 50 50 45 50 50 33 50 50 50 50 50 46 50 50 50 50 50 50 50 50 42 34 50 43 50 22 22 50 50 50 6 50 50 13 23 50 50 45 50 0 50 50 50 50 50 16 15 31 50 50 50 50 2 50 50 24 30 50 17 25 50 50 50 50 50 1 50 50 50 50 50 50 3 50 50 50 50 44 50 50 50 50 50 50 50 50 39 30 50 50 12 37 50 50 50 26 50 50 50 50 49 12 50 11 50 50 50 50 50 50 50 36 30 50 50 50 50 50 50 50 9 50 
50 50 50 12 50 50 50 29 50 50 50 11 8 50 50 31 50 50 7 34 50 50 50 50 50 50 50 50 50 0 50 50 31 19 50 48 50 50 50 39 33 20 50 50 50 50 42 50 50 50 50 50 50 50 50 50 10 50 14 4 50 50 50 41 50 50 6 50 50 50 50 50 50 50 50 50 50 50 50 1 50 50 50 50 50 3 50 50 32 50 50 50 26 49 50 24 44 50 50 7 50 50 50 50 50 48 50 50 9 21 7 13 50 26 42 7 35 50 33 50 22 50 50 50 50 11 50 50 50 50 50 50 43 50 50 50 50 50 50 35 29 50 46 26 50 46 50 50 50 22 50 50 50 10 50 50 14 50 50 50 50 50 50 49 31 50 43 50 50 50 50 45 
10 50 39 50 50 50 50 50 50 50 26 50 24 50 19 50 50 50 50 16 27 34 50 50 50 50 50 15 13 50 45 8 50 38 28 49 36 50 50 16 50 50 50 32 45 50 50 40 0 50 50 50 6 50 50 12 50 50 21 50 50 50 50 50 50 28 37 5 31 50 50 50 50 41 41 50 13 50 50 14 50 37 50 47 36 50 29 50 50 0 50 41 50 50 50 22 50 50 50 26 50 50 50 21 50 50 48 22 31 41 37 50 50 50 13 30 9 50 50 50 50 35 32 50 28 50 40 50 50 50 50 50 43 50 50 50 50 50 50 50 44 50 50 32 50 50 35 50 36 4 50 50 50 50 50 50 50 2 26 37 50 43 26 9 50 13 50 50 50 50 50 
50 50 50 50 50 50 50 50 50 50 50 50 50 50 39 50 50 50 50 50 22 31 50 2 50 50 22 50 50 50 50 50 27 27 24 50 6 50 50 50 50 50 50 50 50 50 50 50 50 50 50 32 50 4 36 50 49 40 15 50 12 50 6 50 50 50 50 50 50 10 50 3 31 45 19 41 50 0 50 50 50 36 50 32 50 43 50 50 50 6 50 41 50 50 50 50 50 15 50 50 50 50 50 5 50 50 50 14 50 50 50 50 25 50 50 50 50 50 50 50 50 20 50 14 50 7 50 50 50 43 15 50 18 12 20 24 6 6 50 50 50 33 50 31 50 42 50 50 50 18 50 50 50 29 50 1 50 19 50 50 50 50 50 50 50 6 50 50 50 33 
47 50 5 50 50 50 50 50 50 9 10 48 50 50 50 50 50 50 50 34 5 3 50 50 24 50 50 50 50 50 50 8 50 50 50 15 27 50 24 50 50 50 50 50 50 50 50 50 49 50 39 50 50 36 50 17 50 50 50 50 50 30 16 50 50 50 22 50 36 50 46 50 50 50 50 50 50 45 50 4 50 5 50 50 50 50 50 50 50 50 34 50 43 50 50 50 20 50 50 50 50 50 50 38 50 50 50 40 50 50 50 31 50 50 26 34 29 50 50 50 50 50 50 50 36 50 50 50 50 50 50 50 37 41 50 50 50 50 50 50 50 28 50 50 11 50 37 50 50 50 21 19 10 32 50 50 50 50 50 50 50 50 50 50 50 50 50 50 50 
50 50 50 50 50 50 49 4 50 50 22 44 50 50 50 50 50 50 45 50 50 50 50 50 50 50 50 50 50 50 50 50 13 50 35 47 50 50 50 50 50 50 50 50 50 50 10 50 50 50 50 50 4 50 50 4 50 50 50 50 50 14 33 50 50 50 50 35 36 50 50 7 50 50 28 50 33 50 50 49 50 35 50 30 50 50 50 50 50 19 38 50 50 50 50 50 50 50 19 50 50 15 50 19 27 50 28 50 10 50 50 50 50 18 10 26 50 21 50 18 42 50 1 7 3 11 50 25 50 8 50 41 50 50 29 29 33 7 50 4 50 50 15 50 50 49 50 50 50 50 50 50 50 50 8 50 50 50 14 20 50 50 26 25 50 50 50 50 
7 0 30 39 5 40 50 50 50 50 50 50 16 50 45 50 12 50 48 50 33 50 50 47 43 50 50 50 50 50 21 50 18 50 50 50 50 50 50 10 50 50 9 27 50 50 50 39 25 50 50 50 50 50 50 50 50 50 6 50 50 50 46 50 37 36 50 50 50 50 50 20 49 50 50 50 36 26 34 50 50 50 50 50 41 50 13 50 50 50 50 50 6 50 50 50 50 11 13 39 50 50 50 50 50 17 50 45 50 46 18 50 50 5 50 50 50 50 50 50 46 50 44 50 50 50 35 50 50 50 41 50 38 50 50 50 50 50 50 15 50 37 50 50 39 50 50 5 33 31 50 50 45 50 14 15 50 7 42 17 50 42 50 50 50 50 27 
50 50 50 50 50 40 42 30 50 12 50 50 26 16 50 50 50 50 50 50 50 6 50 20 50 50 50 50 50 50 45 36 45 46 41 50 50 23 50 50 22 50 50 50 50 31 50 50 50 24 2 50 50 4 17 50 50 18 50 50 4 50 2 50 9 50 50 14 50 50 5 23 43 50 50 50 50 17 50 50 50 50 50 50 45 50 50 50 50 0 50 50 50 50 47 50 15 50 50 50 48 36 50 7 50 8 32 50 50 19 30 50 50 50 50 38 50 50 50 50 50 42 50 50 3 11 18 50 50 24 50 50 44 50 50 50 12 17 50 50 50 50 50 50 50 6 36 50 50 50 50 50 22 50 50 50 50 50 50 50 50 50 50 24 50 50 
50 50 50 47 17 24 48 50 50 50 50 50 30 50 50 50 50 50 50 4 3 50 50 50 50 50 50 50 50 50 50 20 50 13 50 50 29 50 50 50 35 50 13 50 50 50 50 50 50 8 50 50 50 50 23 50 50 50 50 50 50 25 50 50 50 50 50 50 50 50 22 50 27 50 50 50 50 50 21 50 37 50 50 50 50 50 9 50 50 50 50 50 32 50 30 50 50 19 50 50 50 4 50 42 25 50 50 50 10 50 50 45 47 50 50 50 50 6 32 50 50 50 50 47 50 50 50 1 50 50 50 9 20 40 35 50 50 50 50 50 28 50 50 50 50 50 46 50 11 50 49 50 50 50 50 3 50 50 50 50 40 50 50 50 50 
50 15 50 50 50 50 50 50 50 50 50 50 50 50 3 50 50 50 50 50 50 8 16 50 17 5 50 50 50 45 50 39 50 47 50 49 29 50 50 50 50 50 50 50 50 7 50 50 50 50 25 50 50 50 50 22 50 50 50 50 50 20 29 50 50 50 50 50 50 50 50 50 50 29 50 50 50 50 33 10 32 50 50 18 25 50 50 50 50 37 17 50 14 50 50 45 50 1 24 50 3 50 50 50 9 50 50 50 50 50 50 50 37 50 50 50 34 50 45 50 15 50 50 50 34 50 5 6 50 50 50 50 50 25 50 50 50 50 29 50 24 50 29 16 50 50 13 50 50 48 50 21 50 6 15 21 50 50 50 50 50 38 50 50 
50 41 50 50 50 50 50 6 37 50 28 50 50 29 50 50 50 34 50 50 6 50 50 50 50 31 2 37 0 50 50 50 50 14 50 50 50 28 50 50 50 47 17 50 49 50 50 45 50 17 45 50 17 50 50 50 30 50 11 50 50 50 50 22 50 7 50 50 17 50 7 1 50 50 50 16 50 50 13 50 50 18 50 50 50 50 50 45 50 50 41 17 4 50 2 41 50 47 50 50 8 50 50 14 3 36 50 50 50 50 16 50 41 50 24 50 50 50 23 50 50 50 50 50 32 48 34 50 50 45 14 50 50 50 50 50 20 50 50 50 50 50 50 50 31 0 46 36 50 50 50 50 5 50 50 50 9 50 50 6 50 50 21 
50 50 11 50 50 50 35 9 12 50 50 50 49 50 50 50 50 50 50 17 50 10 50 50 50 29 44 50 50 50 50 50 50 50 50 50 50 50 50 50 21 50 50 50 32 50 11 48 22 50 48 50 11 50 50 50 16 20 50 50 50 50 50 19 50 50 50 0 50 50 50 12 8 50 18 45 38 14 50 30 50 50 19 50 2 50 50 50 50 50 50 50 31 46 50 50 50 50 50 11 27 50 26 50 50 44 50 9 50 50 50 50 50 43 50 48 50 50 9 27 50 1 18 20 50 50 5 50 50 50 50 49 50 50 50 50 50 50 50 50 50 16 50 50 50 50 19 9 50 15 8 6 8 50 16 50 50 50 3 50 33 50 
50 50 35 50 50 50 50 50 50 50 50 50 50 50 50 45 50 50 50 50 10 18 50 50 10 50 36 50 50 50 50 50 43 50 50 50 50 43 40 50 50 50 50 50 50 50 30 50 50 50 50 29 50 50 50 20 50 4 15 50 21 39 50 50 30 50 17 37 50 50 50 50 37 32 50 50 50 50 50 50 9 1 50 50 28 50 7 47 31 50 9 50 50 50 50 48 9 50 50 50 50 50 50 35 50 50 50 3 50 18 50 26 50 50 45 50 50 50 50 50 50 47 50 29 50 50 50 50 23 11 50 50 11 50 50 27 35 50 50 50 50 50 50 50 50 16 50 7 50 27 50 50 50 50 34 50 14 50 50 50 50 
43 50 39 50 29 50 50 50 50 50 10 49 50 50 50 32 50 43 50 50 50 50 4 50 50 50 50 50 50 50 48 50 50 50 50 50 4 50 27 12 25 50 50 47 49 50 50 46 20 50 50 40 16 50 50 44 50 50 50 50 10 50 50 30 50 50 50 50 50 50 50 50 48 2 43 37 50 50 50 3 50 50 50 50 50 22 14 50 50 50 50 50 50 7 24 27 50 50 9 50 50 50 50 50 50 24 3 42 29 50 50 7 50 4 50 40 38 20 50 50 50 50 50 50 50 50 43 9 50 50 50 50 50 50 28 50 11 50 50 36 50 50 47 50 50 19 50 50 50 50 50 9 43 50 50 50 27 50 50 50 
30 50 2 50 50 50 6 50 50 17 50 50 50 50 50 50 50 34 37 50 22 50 27 50 8 50 50 50 50 50 50 50 50 15 31 50 50 29 21 50 50 11 50 50 50 50 50 50 50 50 50 50 50 50 43 50 50 50 20 50 50 50 10 5 50 50 0 50 50 50 50 39 50 50 50 23 30 50 50 50 21 50 50 50 50 27 50 50 48 50 29 50 50 50 50 43 50 50 25 50 43 50 50 50 34 50 50 50 50 50 50 30 28 18 11 50 26 45 50 50 50 40 50 50 50 7 50 50 50 50 50 0 50 50 50 50 50 50 37 50 42 50 50 50 3 50 50 50 50 28 31 41 50 50 47 50 50 50 50 
24 16 50 42 25 50 50 50 41 7 50 50 50 50 26 49 19 18 50 50 50 50 7 50 50 50 50 50 50 50 50 50 35 50 15 50 50 50 50 22 50 4 17 50 1 50 50 50 50 50 50 13 50 50 50 35 50 50 50 50 50 50 33 50 50 37 50 50 46 29 50 29 50 50 48 50 35 50 50 50 50 50 9 14 50 50 50 27 50 50 42 47 50 50 50 23 50 50 50 50 50 50 29 50 16 50 0 4 37 36 21 50 5 4 50 50 7 50 48 39 50 50 50 26 50 44 50 38 50 50 50 14 5 50 50 50 50 50 50 49 21 50 50 30 50 50 4 50 50 1 18 50 50 18 50 24 50 50 
50 50 50 50 50 17 50 50 11 50 50 50 50 31 50 50 50 50 50 50 50 44 50 50 38 50 50 50 50 50 50 50 50 50 50 19 50 50 50 36 50 23 50 26 44 8 50 21 50 50 50 33 50 50 50 50 18 50 50 50 50 50 50 12 50 50 33 15 28 48 50 50 50 41 50 50 28 50 50 50 50 0 50 50 50 50 18 50 50 17 39 50 50 19 48 50 50 50 50 50 22 21 47 22 50 45 50 50 23 50 50 50 50 50 50 39 50 50 50 15 50 50 16 50 0 50 50 7 49 30 50 29 50 20 50 50 15 12 50 50 50 50 10 50 21 50 45 50 3 50 7 1 31 4 50 50 50 
50 50 50 1 3 1 50 50 9 50 28 3 50 20 50 50 50 19 50 50 50 50 50 50 50 50 32 39 50 50 50 13 30 32 39 50 50 50 50 50 50 50 50 24 50 9 50 37 50 44 50 50 50 50 16 50 30 50 50 50 50 46 50 50 50 29 44 50 50 50 50 15 50 50 46 50 50 50 50 50 50 50 50 50 50 50 50 50 50 25 21 50 28 13 41 50 50 50 50 50 50 11 50 13 50 50 21 40 50 50 50 39 50 50 50 50 50 50 50 50 50 50 50 15 50 50 5 50 50 50 50 48 5 50 50 50 50 50 50 30 50 50 50 50 50 50 50 44 50 50 50 50 50 50 50 18 
50 50 50 50 50 50 0 50 50 46 50 50 0 50 11 50 7 50 50 37 8 50 50 5 25 50 50 50 50 50 50 22 25 23 50 50 50 50 44 12 2 50 50 50 50 28 50 40 50 50 15 50 50 50 50 50 35 32 25 50 50 50 50 40 50 1 23 50 18 30 50 50 50 31 50 50 50 1 50 50 50 11 50 48 50 6 50 44 50 41 50 50 47 50 50 35 50 8 50 50 42 50 50 50 50 50 50 50 50 50 50 42 50 50 37 50 22 50 50 50 50 50 50 50 50 29 2 50 50 50 50 50 50 50 50 50 50 8 48 50 13 50 21 50 50 50 50 50 50 50 50 50 50 50 4 
50 50 50 50 50 50 50 50 26 19 50 2 50 50 16 50 50 50 47 50 50 50 50 40 0 50 50 29 50 47 50 50 17 50 50 50 50 50 17 50 50 50 50 50 50 50 50 50 50 50 45 50 50 50 50 50 49 50 50 50 50 50 50 44 50 26 50 50 50 50 4 41 50 50 13 35 50 11 10 50 50 39 8 50 50 10 42 50 50 43 21 50 2 50 50 50 50 50 50 50 50 50 50 50 48 50 23 17 25 18 50 25 50 50 50 25 2 50 50 50 16 50 50 12 36 9 50 17 50 31 50 50 50 5 50 38 5 50 50 50 50 2 45 50 50 50 50 50 50 50 12 50 50 50 
8 50 50 34 0 50 50 50 50 50 50 50 35 31 38 50 50 50 11 50 8 50 50 50 50 50 50 50 17 50 50 50 50 5 50 50 50 41 50 50 50 50 50 49 50 50 50 50 50 7 50 4 50 2 50 50 50 50 50 50 50 50 30 50 40 8 9 50 4 50 50 50 50 41 44 50 50 50 50 29 21 50 8 50 50 9 50 50 50 50 40 50 50 50 50 1 47 50 41 50 50 50 50 50 45 50 50 50 19 50 50 50 50 50 50 50 50 20 50 50 50 50 50 0 9 40 6 50 31 0 50 50 50 50 50 50 50 50 44 6 50 50 50 50 50 47 50 3 50 50 41 24 50 
50 38 50 50 50 12 50 50 50 50 48 44 40 50 50 15 50 50 50 37 50 50 50 23 20 50 50 50 50 22 10 50 50 50 50 50 1 50 50 2 42 50 50 50 9 50 50 27 50 48 50 50 50 50 34 5 46 50 50 49 50 8 40 46 50 50 50 12 22 24 50 50 32 50 50 47 50 50 50 50 38 50 44 50 50 50 50 50 49 27 50 50 40 50 39 6 1 50 50 50 22 50 50 50 50 50 50 44 14 47 50 50 50 50 6 50 50 50 50 50 28 50 5 50 50 50 50 22 50 35 50 44 50 50 50 2 28 50 20 50 50 50 50 50 13 50 9 50 6 50 8 29 
50 20 50 50 50 50 50 27 50 50 50 14 50 50 29 40 50 50 50 50 50 50 50 50 50 28 50 11 50 50 50 50 37 50 25 50 7 50 50 32 50 50 50 50 12 50 50 2 50 2 50 50 31 47 11 50 50 44 33 50 50 50 50 34 50 50 28 50 50 25 50 50 50 7 50 50 48 26 50 50 50 50 48 50 50 50 13 36 50 50 50 22 50 50 50 50 38 50 50 50 50 29 10 50 50 40 2 50 50 33 8 50 50 40 50 50 50 50 45 48 50 50 50 50 50 1 50 50 50 5 49 50 50 50 24 50 44 16 8 40 50 50 50 50 5 50 20 50 50 50 50 
50 2 1 50 50 50 50 50 50 50 49 10 50 47 4 50 50 29 50 30 50 9 50 50 50 50 50 50 50 1 44 11 50 50 17 24 50 50 43 1 50 50 50 50 50 50 3 50 10 50 26 50 50 34 50 6 1 50 50 50 50 33 50 50 50 50 50 50 50 50 9 50 50 50 14 50 18 50 50 35 50 50 2 6 38 50 50 50 18 50 50 29 50 50 35 50 27 50 4 50 6 50 50 50 50 50 10 50 50 28 50 50 50 4 50 50 50 50 50 0 50 50 14 50 50 50 49 50 50 6 12 7 50 0 31 50 29 30 50 50 50 2 50 27 50 50 50 50 50 33 
34 50 26 42 50 50 43 50 50 1 50 15 50 50 14 50 50 50 50 50 50 50 50 50 50 34 47 50 50 50 50 42 19 50 50 50 50 50 21 19 50 50 30 19 50 50 50 50 50 50 50 50 50 50 50 50 50 46 50 22 50 50 25 50 29 3 29 50 50 50 10 50 50 4 50 50 50 50 12 32 50 50 50 50 50 50 50 50 50 50 26 50 50 1 50 50 50 50 50 50 50 50 9 50 15 50 50 50 50 29 50 50 50 50 50 50 27 50 50 38 31 21 50 50 50 50 50 50 50 50 35 50 50 50 17 32 50 50 26 15 50 39 38 15 50 50 22 50 31 
50 50 50 50 50 50 50 50 38 50 50 23 50 50 50 50 50 50 50 50 50 50 50 41 28 50 50 50 50 50 50 50 4 24 50 12 50 50 50 50 30 50 37 6 50 50 50 50 50 50 7 50 11 22 22 50 50 50 50 50 50 50 50 49 10 50 50 50 29 50 50 18 50 50 50 50 38 50 50 25 50 37 50 26 50 50 50 18 9 46 50 50 16 6 50 14 24 48 13 50 50 50 50 43 6 50 50 50 10 21 50 50 50 50 50 4 50 48 50 31 50 50 50 14 50 9 36 50 23 50 50 12 50 50 0 50 50 20 2 9 49 14 50 50 50 27 38 1 
12 50 50 2 50 50 9 50 50 21 23 50 50 28 50 50 29 0 50 37 50 29 37 50 3 44 50 50 13 50 38 50 50 50 36 50 50 16 9 46 50 35 42 20 5 50 48 50 36 25 50 20 32 50 50 33 50 8 50 28 32 27 50 30 50 50 50 50 50 19 20 50 50 50 50 17 5 50 25 48 48 1 25 50 50 50 50 50 22 32 49 50 50 37 19 23 50 50 50 48 50 1 50 50 44 50 14 1 17 50 45 50 50 41 50 50 50 50 50 50 50 50 50 50 50 50 18 49 50 50 50 50 50 26 37 50 50 50 28 50 50 43 50 50 50 31 17 
50 6 20 22 50 47 50 50 50 50 50 50 43 50 50 50 31 31 50 50 50 50 50 50 17 0 6 50 50 50 50 39 22 34 50 50 50 50 14 50 37 50 50 50 50 50 10 44 50 50 50 50 50 8 27 50 50 50 50 15 50 17 50 11 50 29 50 50 50 18 50 22 50 50 39 50 50 50 17 50 50 50 50 50 50 50 50 49 50 5 1 50 50 50 50 50 50 4 50 35 39 50 50 50 50 0 39 31 50 48 19 50 50 50 50 50 50 40 29 50 5 46 50 50 38 50 50 20 50 22 11 50 34 50 50 50 50 20 50 50 50 50 22 50 50 47 
47 46 42 50 50 50 24 35 50 50 50 50 50 50 50 50 6 50 50 11 50 49 50 1 50 22 7 12 50 50 14 50 50 50 50 19 31 50 50 50 26 50 50 47 50 1 50 50 26 50 50 2 50 45 50 50 50 5 38 30 32 50 50 50 50 50 4 50 50 50 50 50 7 50 26 50 50 50 50 45 29 50 50 21 50 50 50 50 50 0 36 18 50 50 23 50 50 50 50 50 50 50 50 50 50 19 50 50 50 22 50 50 37 50 50 50 43 50 21 50 50 50 50 49 50 45 50 50 50 21 50 19 50 30 39 11 50 50 50 50 50 18 7 50 44 
50 45 8 14 50 50 50 50 50 50 50 50 23 50 33 39 50 50 50 50 33 20 44 30 50 50 50 50 50 50 50 50 50 50 9 50 50 50 50 50 50 50 50 50 26 50 50 50 50 38 50 50 50 37 4 21 47 50 50 50 50 50 37 50 11 50 16 50 50 50 36 17 14 21 50 50 50 50 50 46 50 50 50 50 50 50 50 50 50 2 50 19 50 50 50 50 50 50 50 50 50 50 50 50 5 11 50 50 50 4 50 50 50 50 15 31 50 50 50 31 24 10 50 50 50 39 50 44 19 50 50 43 2 50 50 50 50 50 50 50 50 37 50 0 
50 50 5 17 19 50 50 19 1 50 50 18 46 50 50 50 0 50 16 50 50 42 50 5 26 50 39 50 50 13 11 50 50 50 50 48 50 50 50 50 50 30 50 50 50 50 38 50 50 50 13 50 50 50 50 24 50 50 19 50 50 50 50 50 50 50 6 50 50 50 50 50 50 50 50 40 44 50 50 40 50 14 35 9 50 50 50 50 50 11 23 7 50 48 50 10 26 41 50 50 17 50 50 50 50 50 50 50 50 50 50 6 50 27 50 50 31 50 50 19 50 50 50 50 50 49 50 8 50 50 50 50 50 34 50 50 50 24 7 50 50 13 50 
50 50 50 14 15 50 50 50 50 50 37 50 50 50 50 50 50 23 50 32 50 2 18 50 50 32 50 50 35 50 50 50 50 39 50 50 50 50 50 50 50 30 33 50 50 50 50 50 0 50 50 50 11 27 50 30 17 50 50 50 7 50 50 43 45 50 50 6 50 50 50 1 50 38 50 50 50 5 15 50 50 50 50 6 50 50 12 50 28 44 50 50 40 50 35 50 50 13 46 43 50 50 44 50 50 12 19 15 50 50 50 50 36 11 42 50 50 50 50 50 50 22 42 50 50 50 8 50 50 36 50 50 50 50 50 50 50 50 1 50 47 35 
50 50 40 50 50 23 50 50 46 50 50 35 18 50 50 50 50 50 50 35 50 26 4 50 50 40 50 50 50 50 50 50 16 28 50 50 50 50 50 16 48 48 50 14 50 8 50 4 50 48 50 50 50 19 20 47 39 23 14 34 30 50 50 50 50 50 50 50 50 50 50 50 50 50 50 50 50 50 50 30 35 49 50 50 50 50 47 42 1 25 50 50 50 50 50 50 50 15 50 50 50 50 50 27 7 34 50 50 28 50 50 50 50 26 50 28 48 50 46 50 50 45 23 50 4 50 45 22 50 50 22 50 4 50 50 50 49 50 50 50 50 
50 8 50 19 50 50 50 50 0 50 39 38 18 14 50 50 3 50 46 50 50 50 38 50 50 50 50 25 12 41 50 13 50 50 50 50 50 50 19 50 50 0 50 50 50 41 50 50 38 36 0 50 50 50 50 25 50 50 50 50 50 5 50 50 49 26 50 50 50 22 50 31 50 28 40 50 12 18 10 8 50 48 50 40 31 0 50 43 25 14 3 50 50 50 19 50 50 25 30 50 50 29 50 50 50 50 50 50 50 50 50 50 50 5 50 28 50 50 50 50 50 50 50 50 49 2 50 50 50 50 50 50 50 36 50 50 36 50 50 50 
50 43 12 50 50 6 50 50 50 26 50 44 50 50 50 50 15 50 0 50 50 26 50 50 50 14 50 24 50 44 50 16 50 38 49 46 50 50 6 3 10 50 50 8 30 50 50 22 50 50 50 23 50 50 50 50 50 50 50 50 50 1 50 50 8 50 8 46 50 50 22 25 14 19 50 50 50 50 50 31 28 50 6 50 10 50 50 50 50 50 21 13 50 50 50 50 32 4 50 13 50 50 50 21 50 50 50 50 43 13 50 50 27 50 50 29 50 50 50 50 0 17 50 50 17 50 50 36 50 21 50 34 50 50 33 50 50 6 50 
45 5 50 50 2 50 50 50 27 50 35 50 50 50 50 50 50 17 50 32 50 50 50 50 50 50 50 36 12 50 50 50 50 50 50 41 50 50 50 50 50 11 43 50 50 46 50 50 50 50 50 10 50 22 15 50 50 32 50 50 36 7 50 16 50 50 48 46 50 50 50 50 50 50 50 17 44 15 50 47 7 1 50 38 50 50 50 50 50 50 45 50 50 50 50 50 50 50 50 50 50 50 50 50 29 11 50 50 50 50 29 50 46 50 50 50 50 23 33 50 50 50 16 38 50 50 22 5 50 50 50 50 37 50 46 50 50 16 
50 50 50 50 50 50 11 50 50 50 50 50 50 50 50 50 16 50 50 50 3 50 50 50 25 50 47 50 50 50 50 25 31 50 50 50 50 50 50 50 20 34 21 50 7 50 50 33 50 50 50 46 48 40 44 50 50 50 50 50 50 50 50 50 18 50 50 50 50 50 40 16 16 50 50 50 26 50 50 8 50 50 50 50 4 8 50 50 45 8 50 50 25 50 50 50 50 45 50 16 50 37 16 50 50 50 50 18 50 50 50 48 50 50 50 47 50 50 50 38 39 50 50 50 50 8 50 50 50 49 48 49 50 50 50 50 50 
39 50 50 7 50 50 42 50 15 50 43 10 0 31 50 50 50 50 37 49 18 50 50 50 33 50 50 50 28 34 50 50 50 50 50 21 32 50 50 50 1 50 50 33 50 50 50 20 3 50 50 50 50 12 24 49 50 50 25 50 23 50 50 50 50 50 50 22 50 50 50 43 43 50 50 50 50 50 50 50 50 6 8 50 38 50 50 50 50 50 50 50 50 50 50 50 50 50 5 50 50 46 50 50 48 50 50 2 50 46 50 50 50 50 21 50 50 50 50 50 15 50 50 50 50 13 50 50 27 50 50 50 50 50 29 3 
50 8 50 50 50 24 48 39 50 50 36 50 4 50 50 11 48 50 16 50 50 50 34 26 33 50 50 50 50 38 50 50 44 50 50 50 50 50 50 50 50 50 50 50 50 50 50 35 50 50 50 50 44 50 50 42 50 50 50 50 37 50 12 32 50 50 50 30 50 50 50 24 50 50 50 50 50 13 50 50 22 50 50 50 50 50 26 50 50 50 16 50 50 50 50 50 5 13 17 49 9 11 12 50 34 50 50 50 50 50 20 50 50 3 25 50 10 50 50 16 50 50 50 20 8 50 22 23 50 50 50 50 46 50 46 
50 50 50 50 50 15 50 50 50 50 14 50 16 50 50 4 50 13 32 50 50 50 50 30 50 34 50 16 50 50 0 50 6 36 50 50 50 50 50 50 50 50 24 50 0 18 50 50 50 26 36 50 5 50 50 27 50 30 50 25 50 39 43 50 12 9 2 50 14 46 50 17 50 17 48 40 50 50 50 50 32 50 50 50 50 50 50 50 50 50 50 50 50 50 50 50 50 50 50 50 10 50 50 50 50 50 50 44 47 50 50 30 50 50 50 50 50 50 50 44 20 50 50 50 50 50 23 50 32 50 50 16 48 50 
50 0 50 50 50 43 28 50 50 50 50 50 50 50 50 50 50 39 34 50 38 50 50 50 11 50 50 50 50 50 50 50 50 50 50 50 35 44 32 50 50 50 50 50 50 50 28 50 50 22 50 1 50 50 48 7 1 50 9 50 46 27 50 50 50 37 2 50 50 50 37 50 50 12 50 50 50 50 50 50 23 50 29 50 50 50 45 50 50 50 37 50 13 50 25 50 50 24 50 33 43 50 42 50 6 50 50 1 16 50 5 50 50 29 50 38 50 50 50 50 50 50 8 50 42 50 45 50 1 34 50 50 50 
2 50 50 50 48 50 50 44 50 50 50 50 21 42 50 50 50 50 50 50 50 50 39 50 50 50 50 50 50 50 50 50 50 29 50 50 50 50 13 30 50 47 50 50 50 33 50 50 50 50 50 15 50 50 50 50 50 50 50 16 47 28 50 50 50 50 50 50 18 50 50 50 50 50 50 50 50 50 21 50 50 50 50 50 20 50 50 50 50 50 50 50 12 9 39 2 50 50 50 50 50 50 50 50 50 4 35 50 16 50 50 50 50 50 50 6 50 50 50 46 50 13 50 50 50 28 50 50 50 50 9 1 
14 31 45 24 50 27 50 50 12 29 50 49 50 50 50 50 29 1 6 50 50 50 17 50 50 50 50 50 50 50 34 50 50 50 33 50 50 50 50 36 50 36 28 50 50 50 15 16 50 50 50 45 50 50 50 50 36 40 50 50 50 50 50 50 50 50 50 50 10 50 50 34 3 50 50 2 50 50 50 50 39 50 50 50 50 47 5 50 50 50 34 50 50 50 50 50 50 50 50 50 14 50 50 50 50 4 22 33 50 50 50 45 29 50 50 50 21 50 36 21 27 16 50 50 50 50 50 50 19 50 10 
50 50 50 50 34 50 42 50 50 50 50 50 50 50 50 24 50 50 50 50 50 50 50 50 24 50 50 50 42 50 50 50 1 50 50 50 50 50 50 50 50 16 22 50 50 50 50 50 50 22 50 5 24 50 25 9 50 50 45 50 50 50 10 50 39 50 50 50 50 9 50 50 3 50 50 50 50 50 50 50 50 33 50 50 50 50 50 18 22 50 50 50 50 50 50 50 50 50 50 50 50 25 0 16 50 50 50 44 50 50 7 50 50 50 42 50 50 50 50 50 50 50 2 50 50 50 50 50 15 44 
50 50 40 50 14 50 42 34 50 50 16 50 27 50 50 50 29 50 50 32 50 24 50 50 50 50 50 50 50 50 50 10 50 27 50 45 50 50 50 50 50 13 27 13 50 50 50 50 50 50 50 50 50 43 50 50 50 50 50 50 50 50 50 50 50 50 37 50 50 50 50 50 50 50 50 50 50 50 50 50 50 13 50 50 50 41 50 4 50 5 50 50 50 50 50 50 50 50 50 25 12 43 50 50 50 50 50 50 33 44 50 50 43 14 50 49 42 50 26 50 50 25 50 18 50 50 42 50 17 
50 50 12 40 50 50 23 50 41 50 45 50 50 50 50 38 50 50 50 50 50 28 50 50 25 50 50 50 50 2 50 50 48 50 50 25 18 27 45 50 50 19 50 50 50 6 50 7 50 12 41 31 48 50 11 3 50 37 50 50 48 5 27 50 50 50 50 50 50 50 50 50 50 50 42 9 50 50 50 50 50 48 50 44 50 50 50 50 50 50 50 50 50 50 50 50 23 50 50 8 50 50 19 50 50 50 50 50 32 50 50 50 42 44 50 38 50 50 50 48 50 50 50 50 50 42 50 5 
50 50 50 50 50 50 29 50 47 50 50 6 50 50 22 50 29 50 50 50 50 49 50 50 50 50 12 50 50 50 50 50 23 50 34 50 50 24 50 50 14 41 39 50 50 50 40 50 50 28 30 42 50 50 50 50 50 50 20 50 50 50 50 24 50 50 37 29 50 50 15 8 22 13 39 44 11 49 50 50 50 50 37 50 41 50 50 50 50 50 50 50 50 17 50 50 50 22 1 50 44 50 50 50 50 12 50 50 50 50 2 43 5 50 50 50 22 49 50 50 50 50 50 50 50 50 50 
24 50 50 50 50 29 50 50 19 44 50 50 11 24 50 50 50 30 50 50 18 50 50 50 50 29 39 50 50 6 50 50 50 50 50 50 50 50 50 50 50 50 50 50 50 41 50 42 18 50 50 50 42 29 50 50 40 46 50 50 46 50 50 18 10 50 40 28 50 50 50 50 15 50 30 50 50 50 50 50 50 50 50 50 50 50 50 50 50 50 15 50 49 50 50 50 50 50 50 41 50 50 50 50 12 50 50 36 50 50 50 50 46 50 50 50 32 8 50 50 50 50 50 12 45 50 
0 50 50 50 50 21 50 12 50 50 20 50 50 50 50 50 50 50 50 7 50 50 50 15 9 50 50 8 50 50 22 50 50 20 49 50 50 28 48 50 26 42 50 34 50 33 50 49 50 50 5 50 19 50 37 50 11 50 50 22 50 50 50 50 20 50 44 50 32 50 50 50 50 50 17 50 50 50 49 50 50 50 50 10 50 50 50 50 0 50 17 50 26 50 44 50 50 22 50 50 50 50 50 50 50 50 50 50 50 50 50 50 50 50 50 50 50 50 50 50 50 50 50 50 50 
50 50 50 50 50 50 50 50 50 50 50 50 50 50 50 50 50 50 50 50 50 50 50 50 50 50 50 50 50 50 50 50 50 50 50 50 50 50 50 50 50 50 50 50 50 50 50 50 50 50 50 50 50 50 50 50 50 50 50 50 50 50 50 50 50 50 50 50 50 50 50 50 50 50 50 50 50 50 50 50 50 50 50 50 50 50 50 50 50 50 50 50 50 50 50 50 50 50 50 50 50 50 50 50 50 50 50 50 50 50 50 50 50 50 50 50 50 50 50 50 50 50 50 50 
50 50 50 50 50 50 50 50 50 50 50 50 50 50 50 50 50 50 50 50 50 50 50 50 50 50 50 50 50 50 50 50 50 50 50 50 50 50 50 50 50 50 50 50 50 50 50 50 45 50 50 50 50 50 50 50 50 50 50 50 50 50 50 50 50 50 50 50 50 50 50 50 50 8 50 50 50 50 50 50 50 50 50 50 50 50 50 50 50 50 50 50 50 50 50 50 50 50 50 50 50 50 50 50 50 50 50 50 32 50 50 50 50 50 50 50 50 50 50 50 50 50 50 
50 50 50 50 50 50 50 50 50 50 50 50 50 50 50 50 50 50 50 50 50 50 50 50 50 50 50 50 50 50 50 50 50 50 50 50 50 50 50 50 50 50 50 50 50 50 50 50 50 50 50 50 50 50 50 50 50 50 50 50 50 50 50 50 50 50 50 50 50 50 50 50 50 50 50 50 50 50 50 50 50 50 50 50 50 50 50 50 50 50 50 50 50 50 50 50 50 50 50 50 50 50 50 50 50 50 50 50 50 50 50 50 50 50 50 50 50 50 50 50 50 50 
50 50 50 50 50 50 50 50 50 50 50 50 50 50 50 50 4 50 50 50 50 50 50 50 50 50 50 50 50 50 50 50 50 50 50 50 50 50 50 50 50 50 50 50 50 50 50 50 50 50 50 50 50 50 50 50 50 50 50 50 50 50 50 50 50 50 50 50 50 50 50 50 50 50 50 50 50 50 50 50 50 50 50 50 50 50 50 50 50 50 50 50 50 50 50 50 50 50 50 50 50 50 50 50 50 50 50 50 50 50 50 17 50 50 50 50 50 50 50 1 50 
50 50 50 50 50 50 50 50 50 50 50 50 50 50 50 50 50 33 50 50 50 50 50 50 50 50 50 50 50 50 50 50 50 50 50 50 50 50 50 50 50 50 50 50 50 50 50 50 50 50 50 50 50 50 50 50 50 50 50 50 50 50 50 50 50 50 50 50 50 50 50 50 50 50 50 50 50 50 50 50 50 50 50 50 50 50 50 50 50 50 50 50 50 50 50 50 50 50 50 50 50 50 50 50 50 50 50 50 50 50 50 50 50 50 50 50 50 50 50 50 
50 50 50 50 50 50 50 50 50 50 50 50 50 50 50 50 50 50 50 50 50 50 50 50 50 50 50 50 50 50 50 50 50 50 50 50 50 50 50 50 50 50 50 50 50 50 50 50 50 50 50 50 50 50 50 50 50 50 50 50 50 50 50 50 50 50 50 50 50 50 50 50 50 50 50 50 50 50 50 50 50 50 50 50 50 50 50 50 50 50 50 50 50 50 50 50 50 50 50 50 50 50 50 50 50 50 50 50 50 50 50 50 50 50 50 50 50 50 50 
50 50 50 50 50 50 50 50 50 50 50 50 50 50 50 50 50 50 50 50 50 50 50 50 50 50 50 50 50 50 50 50 50 50 50 50 50 50 50 50 13 50 50 50 50 50 50 50 50 50 50 50 50 50 50 50 50 50 50 50 50 50 50 50 50 50 50 50 50 50 50 50 50 50 50 50 50 50 50 50 50 50 50 50 50 50 50 50 50 50 50 50 50 50 50 50 50 50 50 50 50 50 50 50 50 50 50 50 50 50 47 50 50 50 50 50 50 50 
50 50 50 50 50 50 50 50 50 50 50 50 50 50 50 50 50 50 50 50 50 50 50 50 50 50 50 45 50 50 50 50 50 50 50 50 50 50 50 50 50 50 50 50 50 50 50 50 50 50 50 50 50 50 50 50 50 50 32 50 50 50 50 50 50 50 50 50 50 50 50 50 50 50 50 50 50 50 50 50 17 50 50 50 50 50 50 50 50 50 50 50 50 50 50 50 50 50 50 50 50 50 50 50 50 50 50 50 50 50 50 50 50 50 50 50 50 
50 50 50 50 50 50 50 50 50 50 50 50 50 50 50 50 50 50 50 50 50 50 50 50 50 50 50 16 50 50 50 50 50 50 50 50 50 50 50 50 50 50 50 50 50 50 50 50 50 50 50 50 50 50 50 50 50 50 50 50 50 50 50 50 50 50 50 50 22 50 50 50 50 50 50 50 50 50 50 50 50 50 50 50 50 50 50 50 50 50 50 50 50 50 50 50 50 50 50 50 50 50 50 50 50 50 50 50 50 50 50 50 50 50 50 50 
50 50 50 50 50 50 50 50 50 50 50 50 50 50 50 50 50 50 50 50 50 50 50 50 50 50 50 50 50 50 50 14 50 50 50 50 50 50 50 50 50 50 50 50 50 50 50 50 50 50 50 50 50 50 50 50 50 50 50 50 50 50 50 50 50 50 50 50 50 50 50 50 50 50 50 50 50 50 50 50 50 50 50 50 50 50 50 50 50 50 50 50 50 50 8 50 50 50 50 50 50 50 50 50 50 50 50 50 50 50 50 50 50 50 50 
50 50 50 50 50 50 50 50 50 50 50 50 50 50 50 50 50 50 50 50 50 50 50 50 50 50 50 50 50 50 50 50 50 50 50 50 50 50 50 50 50 50 50 50 50 50 50 50 50 50 50 50 50 50 50 50 50 50 50 50 50 50 50 50 50 50 50 50 50 50 50 50 50 50 50 50 50 50 50 50 50 50 50 50 50 50 50 50 50 50 50 50 50 50 50 50 50 50 50 50 50 50 50 50 50 50 50 50 50 2 50 50 50 50 
50 50 50 32 50 50 50 50 50 50 50 50 50 50 50 50 50 50 50 50 50 50 50 50 50 50 50 50 50 50 50 50 50 50 50 50 50 50 50 50 50 50 50 50 50 50 50 50 50 50 50 50 50 50 50 50 50 50 50 50 50 50 50 50 50 50 50 50 50 50 50 50 50 50 50 50 50 50 50 50 50 50 50 50 50 50 50 50 50 50 50 50 50 50 50 50 50 50 50 50 50 50 50 50 50 50 50 50 50 50 50 50 50 
50 50 50 50 14 50 50 50 50 50 50 50 50 50 50 50 50 50 50 50 50 50 50 50 50 50 50 50 50 50 50 50 50 50 50 50 50 50 50 50 50 50 50 50 50 50 50 50 50 50 50 50 50 50 50 50 50 50 50 50 50 50 50 50 50 50 50 50 50 50 50 50 50 50 50 50 50 50 50 50 50 50 50 50 50 50 50 50 50 50 50 50 50 50 50 50 50 50 50 50 50 50 50 50 50 50 50 50 50 50 50 50 
50 50 50 50 50 50 50 50 50 50 50 50 50 50 50 50 50 50 50 50 50 50 50 50 50 50 50 50 50 50 50 50 50 50 50 50 50 50 50 50 50 21 50 50 50 50 50 50 50 50 50 50 50 50 50 50 50 50 50 50 50 50 50 50 50 50 50 50 50 50 50 50 50 50 50 50 50 50 50 50 50 50 50 50 50 50 50 50 50 50 50 50 50 50 50 50 50 50 50 50 50 50 50 50 50 50 50 50 50 50 50 
50 50 50 50 50 50 50 50 50 50 50 50 50 50 50 50 50 50 50 50 50 50 50 50 50 50 50 50 50 50 50 50 50 50 50 50 50 50 50 50 50 50 50 50 50 50 50 50 50 50 50 50 50 50 50 50 50 50 50 50 50 50 50 50 50 50 50 50 50 50 50 50 50 50 50 50 50 50 50 50 50 50 50 50 50 50 50 50 50 50 50 50 50 50 50 50 50 50 50 50 50 50 50 50 50 50 50 50 50 50 
50 50 50 50 50 50 50 50 50 50 50 50 50 50 50 50 50 50 50 50 50 50 50 50 50 50 50 50 50 50 50 50 50 50 50 50 50 50 50 50 50 50 50 50 50 50 50 50 50 50 50 50 50 50 50 50 50 50 50 50 50 50 50 50 50 50 50 50 50 50 50 50 50 50 50 50 50 50 50 50 50 50 50 50 50 50 50 50 50 50 50 50 50 50 50 50 50 50 50 50 50 50 50 50 50 50 50 50 50 
50 50 50 50 50 50 50 50 50 50 50 50 47 50 50 50 50 50 50 50 50 50 50 50 50 50 50 50 50 50 50 50 50 50 50 50 50 50 50 50 50 50 50 50 50 50 50 50 50 50 50 50 50 50 50 50 50 50 50 50 50 50 50 50 50 50 50 50 50 50 50 50 50 50 50 50 50 50 50 50 50 50 50 50 50 50 50 50 50 50 50 50 50 50 50 50 50 50 50 50 50 50 50 50 50 50 50 50 
50 50 50 50 50 50 50 50 50 50 50 50 50 50 50 50 50 50 50 50 50 50 50 50 50 50 50 50 50 50 50 50 50 50 50 50 50 50 50 50 50 50 50 50 50 50 50 50 50 50 50 50 50 50 50 50 50 50 50 50 50 50 50 50 50 50 50 50 50 50 50 50 50 17 50 50 50 50 50 50 50 50 50 50 50 50 50 50 50 50 50 50 50 50 50 50 50 50 50 50 50 50 50 50 50 50 50 
50 50 50 50 50 50 50 50 50 50 50 50 50 50 50 50 50 50 50 50 50 50 50 50 50 50 50 50 50 50 50 50 50 50 50 50 50 50 50 50 50 50 50 50 50 50 50 50 50 50 50 50 50 50 50 50 50 50 50 50 18 50 50 50 50 50 50 50 50 50 50 50 50 50 50 50 50 50 50 50 50 50 50 50 50 50 50 50 50 50 50 50 50 50 50 50 50 50 50 50 50 50 50 50 50 50 
50 50 50 50 50 50 50 50 50 50 50 50 50 50 50 50 50 50 50 50 50 50 50 50 50 50 50 50 50 50 50 50 50 50 50 50 50 50 50 50 50 50 50 50 50 50 50 50 50 50 50 50 50 23 50 50 50 24 50 50 50 50 50 50 50 50 50 50 50 50 50 50 50 50 50 50 50 50 50 50 50 50 50 50 50 50 50 50 50 50 50 50 50 50 50 50 50 50 50 50 50 50 50 50 50 
50 50 50 50 50 50 50 50 50 50 50 50 50 50 50 50 50 50 50 50 50 50 50 50 50 50 50 50 50 50 50 50 50 50 50 50 50 50 50 50 50 50 50 50 50 50 50 50 50 50 50 50 50 50 50 50 50 50 50 50 50 50 50 50 50 50 50 50 50 50 50 50 50 50 50 50 50 50 50 50 50 50 50 50 50 50 50 50 50 50 50 50 50 50 50 50 50 50 50 50 50 50 50 50 
50 50 50 50 50 50 50 50 50 50 50 50 50 50 50 50 50 50 50 50 50 50 50 50 50 50 50 50 50 50 50 50 50 50 50 50 50 50 50 50 50 50 50 50 50 50 50 50 50 50 50 50 50 50 50 50 50 50 50 50 50 50 50 50 50 50 50 50 50 50 50 50 50 50 50 50 50 50 50 50 50 50 50 50 50 50 50 50 50 50 50 50 50 50 50 50 50 50 50 50 50 50 50 
50 50 50 50 50 50 50 50 50 50 50 50 50 50 50 50 50 50 50 50 50 50 50 50 50 50 50 50 50 50 50 50 50 50 50 50 50 50 50 50 50 50 50 50 50 50 50 50 50 50 50 50 50 50 50 50 50 50 50 50 50 50 50 50 50 50 50 50 50 50 50 50 50 50 50 50 50 50 50 50 50 50 50 50 50 50 50 50 50 50 50 50 50 50 50 50 50 50 50 50 50 50 
50 50 50 50 50 50 50 50 50 50 50 50 50 50 50 50 50 50 50 50 50 50 50 50 50 50 50 50 50 50 50 50 50 50 50 50 50 50 50 50 50 50 50 50 50 50 50 50 50 50 50 50 50 50 50 50 50 50 50 50 50 50 50 50 50 50 50 50 50 50 50 50 50 50 50 50 50 50 50 50 50 50 50 50 50 50 50 50 50 50 50 50 27 50 50 50 50 50 50 50 50 
50 50 50 50 50 50 50 50 50 50 50 50 50 50 50 50 50 50 50 50 50 50 50 50 50 50 50 50 50 50 50 50 50 50 50 50 50 50 50 50 50 50 50 50 50 50 50 50 50 50 50 50 50 50 50 50 50 50 50 50 50 50 50 50 50 50 50 50 50 50 50 50 50 50 50 50 50 50 50 50 50 50 50 50 50 50 50 50 50 50 50 50 50 50 50 50 50 50 50 50 
50 50 50 50 50 50 50 50 50 50 50 50 50 50 50 50 50 50 50 50 50 50 50 50 50 50 50 50 50 50 50 50 50 50 50 50 50 50 50 50 50 50 50 50 50 50 41 50 50 50 50 50 50 50 50 8 50 50 50 50 50 50 50 50 50 50 50 50 50 50 50 50 50 50 50 30 50 50 50 50 50 50 50 50 50 50 50 50 50 50 50 50 50 50 50 50 50 50 50 
30 50 50 50 50 50 50 50 50 50 50 50 50 50 50 50 50 50 50 50 50 50 50 50 50 50 50 50 50 50 50 50 50 50 50 50 50 50 50 50 50 50 50 50 50 50 50 50 50 50 50 24 50 50 50 50 50 50 50 50 50 50 50 50 50 50 50 50 50 50 50 50 50 50 50 50 50 50 50 50 50 50 50 50 50 50 50 50 50 50 50 50 50 50 50 50 50 50 
50 50 50 50 22 50 50 50 50 50 50 50 50 50 50 50 50 50 50 50 50 50 50 50 50 50 50 50 50 50 50 50 50 50 50 50 49 50 50 50 50 50 50 50 50 50 50 50 50 50 50 50 50 50 50 50 50 50 50 50 50 50 50 50 50 50 50 50 50 50 50 50 50 50 50 50 50 50 50 50 50 50 50 50 50 50 50 50 50 50 50 50 50 50 50 50 50 
50 50 50 50 50 50 50 50 50 50 50 50 50 50 50 50 50 50 50 50 50 50 50 50 50 50 50 50 50 50 50 50 50 50 50 50 50 50 50 50 50 50 50 50 50 50 50 50 50 50 50 50 50 50 50 50 50 50 50 50 50 50 50 50 50 50 50 50 50 50 50 50 50 50 50 50 50 50 50 50 50 50 50 50 50 50 50 50 50 50 50 50 50 50 50 50 
50 50 50 50 50 50 50 50 50 50 50 50 50 50 50 50 50 50 50 50 50 50 50 50 50 50 50 50 50 50 50 50 50 50 50 50 41 50 50 50 50 50 50 50 50 50 50 50 50 50 50 50 50 50 50 50 50 50 50 50 50 50 50 50 50 50 50 50 50 50 50 50 50 50 50 50 50 50 50 50 50 50 50 50 50 50 50 50 50 50 50 50 50 50 50 
50 50 50 50 50 50 50 50 50 50 50 50 50 50 50 50 50 50 50 50 50 50 50 50 50 50 50 50 50 50 50 50 50 50 50 50 50 50 50 50 50 50 50 50 50 50 50 50 50 50 50 50 50 50 50 50 50 50 50 50 50 50 50 50 50 50 50 50 50 50 50 50 50 50 50 50 50 50 50 50 50 50 50 50 50 50 28 50 50 50 50 50 50 50 
50 50 50 50 50 50 50 50 50 50 50 50 50 50 50 50 50 50 50 50 50 50 50 50 50 50 50 50 50 50 50 50 50 50 50 50 50 50 50 50 50 50 50 50 50 50 50 50 50 10 50 50 50 50 50 50 50 50 50 50 50 50 50 50 50 50 50 50 50 50 50 50 50 50 50 50 50 50 50 50 50 50 50 50 50 50 50 50 50 50 50 50 50 
50 50 50 50 50 50 50 50 50 50 50 50 50 50 50 50 50 50 50 50 50 50 50 50 50 50 50 50 50 50 50 50 50 50 50 50 50 50 50 50 50 50 50 50 50 50 50 50 50 50 50 50 50 50 50 50 50 50 50 50 50 50 50 50 50 50 50 50 50 50 50 50 50 50 50 50 50 50 50 50 50 50 50 50 50 50 50 50 50 50 50 50 
50 50 50 50 50 50 50 50 50 50 50 50 50 50 50 50 50 50 50 50 50 50 50 50 50 50 50 50 50 50 50 50 50 50 50 50 50 50 50 50 50 50 50 50 50 50 50 50 50 50 50 50 50 50 50 50 50 50 50 50 50 50 50 50 50 50 50 50 50 50 50 50 50 50 50 14 50 50 50 50 50 50 50 50 50 50 50 50 50 50 50 
50 50 50 50 50 50 50 50 50 50 50 50 50 50 50 50 50 50 50 50 50 50 50 50 50 50 50 50 50 50 50 50 50 50 50 50 50 50 50 50 50 50 22 50 50 50 50 50 50 50 50 50 50 50 50 50 50 50 50 50 50 50 50 50 50 50 50 50 50 50 50 50 50 50 50 50 50 50 50 50 50 50 50 50 50 50 50 50 50 50 
50 50 50 50 50 50 50 50 50 50 50 50 50 50 50 50 50 50 50 50 50 50 50 50 50 50 50 50 50 50 50 50 50 50 50 50 50 50 50 50 50 50 50 50 50 50 50 50 50 50 50 50 50 50 50 50 50 50 50 50 50 50 50 50 50 50 50 50 50 50 50 50 50 50 50 50 50 50 50 50 50 50 50 50 50 50 50 50 50 
50 50 50 50 50 50 50 50 50 50 50 50 50 50 50 50 50 50 50 50 50 50 50 50 50 50 50 50 50 50 50 50 50 50 50 50 50 50 50 50 50 50 50 50 50 50 50 50 50 50 50 50 50 50 50 50 50 50 50 50 50 50 50 50 50 50 50 50 50 50 50 50 25 50 50 50 50 50 50 50 50 50 50 50 50 5 50 50 
50 50 50 50 50 50 50 50 50 50 50 50 50 50 50 50 50 50 50 50 50 50 50 50 50 50 50 50 50 50 50 50 50 50 50 50 50 50 50 50 50 50 50 50 50 50 50 50 50 50 50 50 50 50 50 50 50 50 50 50 50 50 50 50 50 50 50 50 50 50 50 50 50 50 50 50 50 50 50 50 50 50 50 50 50 50 50 
50 50 50 50 50 50 50 50 50 50 50 50 50 50 50 50 50 50 50 50 50 50 50 50 50 50 50 50 50 50 50 50 50 50 50 50 50 50 50 50 50 50 50 50 50 50 46 50 50 50 50 50 50 50 50 50 50 50 50 50 50 50 50 50 50 50 50 50 50 50 50 50 50 50 50 50 50 50 50 50 50 50 50 50 50 50 
50 50 50 50 50 50 50 50 50 50 50 50 50 50 50 50 50 7 50 50 50 50 50 50 50 50 50 50 50 50 50 50 50 50 50 50 50 50 50 50 50 50 50 50 50 50 50 50 50 50 50 50 50 50 50 50 50 50 50 50 50 50 50 50 50 50 50 50 50 50 50 50 50 50 50 50 50 50 50 50 50 50 50 50 50 
50 50 50 50 50 20 50 50 50 50 50 50 50 50 50 50 50 50 50 50 50 50 50 50 50 50 50 50 50 50 50 50 50 50 50 50 50 50 50 50 50 50 50 50 50 50 50 50 50 50 50 50 50 50 50 50 50 50 50 50 50 50 50 50 50 50 50 50 50 50 50 50 50 50 50 50 50 50 50 50 50 50 50 50 
50 50 50 50 50 50 50 50 50 50 50 31 50 50 50 50 50 50 50 50 50 50 50 50 50 50 50 50 50 50 50 50 50 50 50 50 50 50 50 50 50 50 50 50 50 50 50 50 50 50 50 50 50 50 50 50 50 50 50 50 50 50 50 50 50 50 50 50 50 50 50 50 50 50 50 50 50 50 50 50 50 50 50 
50 50 50 50 50 50 50 50 50 50 50 50 50 50 50 50 50 50 50 50 50 50 50 50 50 50 50 50 50 50 50 50 50 50 50 50 50 50 50 50 50 50 50 50 50 50 50 50 50 50 50 50 50 50 50 50 50 50 50 50 17 50 50 50 50 50 50 50 50 50 50 50 50 50 50 50 50 50 50 50 50 50 
50 50 50 50 50 50 50 50 50 50 50 50 50 50 50 50 50 50 50 50 50 50 50 50 50 50 50 50 50 50 50 50 50 50 50 50 50 50 50 50 50 50 50 50 50 50 50 50 50 50 50 50 50 50 50 50 50 50 50 50 50 50 50 50 50 50 50 50 50 50 50 50 50 50 50 50 50 50 50 50 50 
50 50 50 50 50 50 50 50 50 50 50 50 50 50 50 50 50 50 50 50 50 50 50 50 50 50 50 50 50 50 50 50 50 50 50 50 50 50 50 50 50 50 50 50 50 50 50 50 50 50 50 50 50 50 50 50 50 50 50 50 50 50 50 50 50 50 50 50 50 50 50 50 50 50 50 50 50 50 50 50 
50 50 50 50 50 50 50 50 50 50 50 50 50 50 50 50 50 50 50 50 50 50 50 50 50 50 50 50 50 50 50 50 50 50 50 50 50 50 50 50 50 50 50 50 50 50 50 50 50 50 50 50 50 50 50 50 50 50 50 50 50 50 50 7 50 50 50 50 50 50 50 50 50 50 50 50 50 50 50 
50 50 50 50 50 50 50 50 50 50 50 50 50 50 50 50 50 50 50 50 50 50 50 50 50 50 50 50 50 50 50 50 50 50 50 50 50 50 50 50 50 50 50 50 50 50 50 50 50 50 50 50 50 50 50 50 50 50 50 50 50 50 50 28 50 50 50 50 50 50 50 50 50 50 50 50 50 50 
50 50 50 50 50 50 50 50 50 50 50 50 50 50 50 50 50 50 50 50 50 50 50 50 50 50 50 50 50 50 50 50 50 50 50 50 50 50 50 50 50 50 50 50 50 50 50 50 50 50 50 50 50 50 50 50 50 50 50 50 50 50 50 50 50 50 50 50 50 50 50 50 50 50 50 50 50 
50 50 50 50 50 50 5 27 50 50 50 50 50 50 13 50 50 50 50 50 50 50 50 50 50 50 50 50 50 50 50 50 50 50 50 50 50 50 50 50 50 50 50 50 50 50 50 50 50 50 50 50 50 50 50 50 50 50 50 50 50 50 50 50 50 50 50 50 50 50 50 50 50 50 50 50 
50 50 50 50 50 50 50 50 50 50 50 50 50 50 50 50 50 50 50 50 50 50 50 50 50 50 50 50 50 50 50 50 50 50 50 50 50 50 50 50 50 50 50 50 50 50 50 50 50 50 50 50 50 50 50 50 50 50 50 50 50 50 50 50 50 50 50 50 50 50 50 50 50 50 50 
50 50 50 50 50 50 50 50 50 50 50 50 50 50 50 50 50 50 50 50 50 50 50 50 50 50 50 50 50 50 50 50 50 50 50 50 50 50 50 50 50 50 50 50 50 50 50 50 50 50 50 50 50 50 50 50 50 50 50 50 6 50 50 50 50 50 50 50 50 50 50 50 50 50 
50 50 50 50 50 50 50 50 50 50 50 50 37 50 50 50 50 50 50 50 50 50 50 50 50 50 50 50 50 50 50 50 50 50 50 50 50 50 50 50 50 50 50 50 50 50 50 50 50 50 50 50 50 50 50 50 50 50 50 50 50 50 50 50 50 50 50 50 50 50 50 50 50 
50 50 50 50 50 50 50 50 50 50 50 50 50 50 50 50 50 50 50 50 50 50 50 50 50 50 50 50 50 50 50 50 50 50 50 50 50 50 50 50 50 50 50 50 50 50 50 50 50 50 50 50 50 50 50 50 50 50 50 50 50 50 50 50 50 50 50 50 50 50 50 50 
50 50 50 50 50 50 50 50 50 50 50 50 50 50 50 50 50 50 50 50 50 50 50 50 50 50 50 50 50 50 50 50 50 50 50 50 50 50 50 50 50 50 50 50 50 50 50 50 50 50 50 50 50 50 50 50 50 50 50 50 50 50 50 50 50 50 50 50 50 50 50 
50 50 50 50 50 50 50 50 50 50 50 50 50 50 50 50 50 50 50 50 50 50 50 50 50 50 50 50 50 50 50 50 50 50 50 50 50 50 50 50 50 50 50 50 50 50 50 50 50 50 50 50 50 50 50 50 50 50 50 50 50 50 50 50 50 50 50 50 50 50 
50 50 50 50 50 50 50 50 50 50 50 50 50 50 50 50 50 50 50 50 50 50 50 50 50 50 50 50 50 50 50 50 50 50 50 50 50 50 50 50 50 50 50 50 50 50 50 50 50 50 50 50 50 50 50 50 50 50 50 50 50 50 50 50 50 50 50 50 50 
50 50 50 50 50 50 50 50 50 50 50 50 50 50 50 50 50 50 50 50 50 50 50 50 50 50 50 50 50 50 50 50 50 50 50 50 50 50 50 50 50 50 50 50 50 50 50 50 50 50 50 50 50 50 50 50 50 50 50 50 50 50 50 50 50 50 50 50 
50 50 50 50 50 50 50 50 50 50 50 50 50 50 50 50 50 50 50 50 50 50 50 50 50 50 50 50 50 50 50 50 50 50 50 50 50 50 50 50 50 50 50 50 50 50 50 50 50 50 50 50 50 50 50 50 50 50 50 50 50 50 50 50 50 50 50 
50 50 50 50 50 50 50 50 50 50 50 50 0 50 50 50 50 50 50 50 50 50 50 50 50 50 50 50 50 50 50 50 50 50 50 50 50 50 50 50 50 50 50 50 50 50 50 50 50 50 50 50 50 50 50 50 50 50 50 50 50 50 50 50 50 50 
50 50 50 50 50 50 50 50 50 50 50 50 50 50 50 50 50 50 50 50 50 50 50 50 50 50 50 50 50 50 50 50 50 50 50 50 50 50 50 50 50 50 50 50 50 50 50 50 50 50 50 50 50 50 50 50 50 50 50 50 50 50 50 50 50 
50 50 50 50 50 50 50 46 50 50 50 50 50 50 50 50 50 50 50 50 50 50 50 50 50 50 50 50 50 50 50 50 50 50 50 50 50 50 50 50 50 50 50 50 50 50 50 50 50 50 50 50 50 50 50 50 50 50 50 50 50 50 50 50 
50 50 50 50 50 50 50 50 50 50 50 50 50 50 50 50 50 50 50 50 50 50 50 50 50 50 50 50 50 50 50 50 50 50 50 50 42 50 50 50 50 50 50 50 50 50 50 50 50 50 50 50 50 50 50 50 50 50 50 50 50 50 50 
50 50 50 50 50 50 50 50 50 50 50 50 50 50 50 50 50 50 50 50 50 50 50 50 50 50 50 50 50 50 50 50 50 50 50 50 50 50 50 50 50 50 50 50 50 35 50 50 50 50 50 50 50 50 50 50 50 50 50 50 50 50 
50 50 50 50 50 39 50 50 50 50 50 50 50 50 50 50 50 50 50 50 50 50 50 50 50 50 50 50 50 50 50 50 50 50 50 50 50 50 50 50 50 50 50 50 50 50 50 50 50 50 50 50 50 50 50 50 50 50 50 50 50 
50 50 50 50 50 50 50 50 50 50 50 50 50 50 50 50 50 50 50 50 50 50 50 50 50 50 50 50 50 50 50 50 50 50 50 50 50 50 50 50 50 50 50 50 50 50 50 50 50 50 50 50 50 50 50 50 50 50 50 50 
50 50 50 50 50 50 50 50 50 50 50 50 50 50 50 50 50 50 50 50 50 50 50 50 50 50 50 50 50 50 50 50 50 50 50 4 50 50 50 50 50 50 50 50 50 50 50 50 50 50 50 50 50 50 50 50 50 50 50 
50 50 50 50 50 50 50 50 50 50 50 50 50 50 50 50 50 50 50 50 50 50 50 50 50 50 50 44 50 50 50 50 50 50 50 50 50 50 50 50 50 50 50 50 50 50 50 50 50 50 50 50 50 50 50 50 50 50 
50 50 50 50 50 50 50 50 50 50 50 50 50 50 50 50 50 50 50 50 50 50 50 50 50 50 50 12 50 50 50 50 50 50 50 50 50 50 50 50 50 50 50 50 50 50 50 50 50 50 50 50 50 50 50 50 50 
50 50 50 50 50 48 50 50 50 50 50 50 50 50 50 50 50 50 50 50 50 50 50 50 50 50 50 50 50 50 50 50 50 50 50 50 50 50 50 50 50 50 50 50 50 50 50 50 50 50 50 50 50 50 50 50 
50 50 43 50 50 50 50 50 50 50 50 50 28 50 50 50 50 50 50 50 9 50 50 50 50 50 50 50 50 50 50 50 50 50 50 50 50 50 50 50 50 50 50 50 50 50 50 50 50 50 50 50 50 50 50 
50 50 50 50 50 50 50 50 50 50 50 50 50 50 50 50 50 50 50 50 50 50 50 50 50 50 50 50 50 50 50 50 50 50 50 50 50 50 50 50 50 50 50 50 50 50 49 50 50 50 50 50 50 50 
50 50 50 50 50 50 50 50 50 50 50 50 50 50 50 50 50 50 50 50 50 50 50 50 50 50 50 50 50 50 50 50 50 50 50 50 50 50 50 50 50 50 50 50 50 50 50 50 50 50 50 50 50 
50 50 50 50 50 50 50 50 50 50 50 50 50 50 50 50 50 50 39 50 50 50 50 50 50 50 50 50 50 50 50 50 50 50 50 50 50 50 50 50 50 50 50 50 50 50 50 50 50 50 50 50 
50 50 50 50 50 50 50 50 50 50 50 50 50 50 50 50 50 50 50 50 50 50 50 50 50 50 50 50 50 50 50 50 50 50 50 50 50 50 50 50 50 50 50 50 50 50 50 50 50 50 50 
50 50 50 50 50 50 50 50 50 50 50 50 50 50 50 50 50 50 50 50 50 50 50 50 50 50 50 50 50 50 50 50 50 50 50 50 50 50 50 50 50 50 50 50 50 50 50 50 50 50 
50 50 50 50 50 50 50 50 50 50 50 50 50 50 50 50 50 50 50 50 50 50 50 50 50 50 50 50 50 50 50 50 50 50 50 50 50 50 50 50 50 50 50 50 50 50 50 50 50 
50 50 50 50 50 50 50 50 50 50 50 50 50 50 50 50 50 50 50 50 50 50 50 50 50 50 17 50 50 50 50 50 50 50 50 50 50 50 50 50 50 50 50 50 50 50 50 50 
50 50 50 50 50 50 50 50 50 50 50 50 50 50 50 50 50 50 50 50 50 50 50 50 50 50 50 50 50 50 50 50 50 50 50 50 50 50 50 50 50 50 50 50 50 50 50 
50 50 50 50 50 50 50 50 50 50 50 50 50 50 50 50 50 50 50 50 50 50 50 50 50 50 50 50 50 50 50 50 50 50 50 50 50 50 50 50 50 50 50 50 50 50 
50 50 50 50 50 50 50 50 50 50 50 50 50 50 50 50 50 50 50 50 50 50 50 50 50 50 50 50 50 50 50 50 50 50 50 50 50 50 50 50 50 50 50 50 50 
50 50 50 50 50 50 50 50 50 50 50 50 50 50 50 50 50 50 50 50 50 50 50 50 50 50 50 50 50 50 50 50 50 50 50 50 50 50 50 50 50 50 50 50 
50 50 50 50 50 50 50 50 50 50 50 50 50 50 50 50 50 50 50 50 50 50 50 50 50 50 50 50 50 50 50 50 50 50 50 50 50 50 50 50 50 50 50 
50 50 50 50 50 50 50 50 50 50 50 50 50 50 50 50 50 50 50 50 50 50 50 50 50 50 50 50 50 50 50 50 50 50 50 50 50 50 50 50 50 50 
50 50 50 50 50 50 50 24 50 50 50 50 50 50 50 50 50 50 50 50 50 50 29 50 50 50 50 50 11 50 50 50 50 50 50 50 50 50 50 50 50 
50 50 50 50 50 50 50 50 50 50 50 50 50 50 50 24 50 50 50 50 50 50 50 50 50 50 50 50 50 50 50 50 50 50 50 50 50 50 50 50 
50 50 50 50 50 50 50 50 50 50 50 50 50 50 50 50 50 50 50 50 50 50 50 50 50 50 50 50 50 50 50 50 50 50 50 50 50 50 50 
50 50 50 50 50 50 50 50 50 50 50 50 50 50 50 50 50 50 50 50 50 50 50 50 50 50 50 50 50 50 50 50 50 50 50 50 50 50 
50 50 50 50 50 50 50 50 9 50 50 50 50 50 50 50 50 50 50 50 50 50 50 50 50 50 50 50 50 50 50 50 50 50 50 50 50 
50 50 50 50 50 50 50 50 50 50 50 50 50 50 50 50 50 50 50 50 50 50 50 50 50 50 50 50 50 50 50 50 50 50 50 50 
50 50 50 50 50 50 50 50 50 50 50 50 50 50 50 50 50 50 50 50 50 50 50 50 50 50 50 50 50 50 50 50 50 50 50 
50 50 50 50 50 50 50 50 50 50 50 50 50 50 50 50 50 50 50 50 50 50 50 50 50 50 50 50 50 50 50 50 50 50 
50 50 50 50 50 50 50 50 50 50 50 50 50 50 50 50 50 50 50 50 50 50 50 50 50 50 50 50 50 50 50 50 50 
47 50 50 50 50 50 50 47 50 50 50 50 50 50 50 50 50 50 50 50 50 50 50 50 50 50 50 50 50 50 50 50 
50 50 50 50 50 50 50 50 50 50 50 50 50 50 50 50 50 50 50 50 50 50 50 50 50 50 50 50 50 50 50 
50 50 50 50 50 50 50 50 50 50 50 50 50 50 50 50 50 50 50 50 50 50 50 50 50 50 50 50 50 50 
50 50 50 50 50 50 50 50 50 50 50 50 50 50 50 50 50 50 50 50 50 50 50 50 50 50 50 30 50 
50 50 50 50 50 50 50 50 50 50 50 50 50 50 50 50 50 50 50 50 50 50 50 50 50 50 50 50 
50 50 50 50 50 50 50 50 50 50 50 50 50 50 50 50 50 50 50 50 50 50 50 50 50 50 50 
50 50 50 50 50 50 50 50 50 50 50 50 50 50 50 50 50 50 50 50 50 50 50 50 50 50 
50 50 50 50 50 50 50 50 50 50 50 50 50 50 50 50 50 50 50 50 50 50 50 50 50 
50 50 50 50 50 50 50 50 50 50 50 50 50 50 50 50 50 50 50 50 50 50 50 50 
50 50 50 50 50 50 50 50 50 50 50 50 50 50 50 50 50 50 50 50 50 50 50 
50 50 50 50 50 50 50 50 50 50 50 50 50 50 50 50 50 50 50 50 50 50 
50 50 50 50 50 50 50 50 50 50 50 50 50 50 50 50 50 50 50 50 50 
50 50 50 50 50 50 50 50 50 50 50 50 50 50 50 50 50 50 50 50 
50 50 50 50 50 50 50 50 50 50 50 50 50 50 50 50 50 50 50 
50 50 50 50 50 50 50 50 50 50 50 50 50 50 50 50 50 50 
50 50 50 50 50 50 50 50 50 50 50 50 50 50 50 50 50 
50 50 50 50 50 50 50 50 50 50 50 50 50 50 50 50 
50 50 50 50 50 50 50 50 50 50 50 50 50 50 50 
50 50 50 50 50 50 50 50 50 50 50 50 50 50 
50 50 50 50 50 50 50 50 50 50 50 50 50 
50 50 50 50 50 50 50 50 50 50 50 50 
50 50 50 50 50 50 50 50 50 50 50 
50 50 50 50 50 43 50 50 50 50 
50 50 50 50 50 50 50 50 50 
50 50 50 50 50 50 50 50 
50 50 50 50 50 50 50 
50 50 50 50 50 50 
50 50 50 50 50 
50 50 50 50 
50 50 50 
50 50 
50 

