100 125
101 56 79 4 125 44 108 33 125 105 125 98 2 34 124 90 125 84 33 54 6 117 50 20 23 125 18 50 125 112 37 67 83 23 79 48 87 125 108 124 102 56 90 59 116 125 21 125 125 125 115 64 37 125 82 87 43 28 125 55 125 71 75 99 71 71 96 123 111 14 58 30 91 57 77 60 99 47 67 1 55 125 125 125 125 77 32 110 125 11 44 59 30 125 61 66 29 125 103 125
111 101 100 61 110 81 95 105 103 113 125 96 3 94 118 88 80 71 46 125 125 125 111 84 4 30 25 51 125 104 80 125 68 36 26 5 125 125 115 16 125 53 92 63 18 53 19 89 2 112 110 93 5 108 71 88 81 124 22 15 125 84 32 32 54 125 61 125 49 96 103 107 97 80 65 125 70 39 75 125 1 27 78 125 125 46 65 125 96 22 30 58 125 47 125 52 94 87 125
8 6 125 104 30 61 2 43 47 125 2 75 67 79 75 3 13 33 125 104 1 125 75 109 42 121 103 118 32 125 35 9 93 125 111 84 29 89 124 5 123 42 64 116 67 125 11 12 125 125 125 26 22 125 111 125 125 115 11 26 51 36 86 36 55 105 11 63 72 114 125 14 39 125 125 72 77 0 77 49 84 125 16 95 66 72 33 91 69 72 20 42 14 71 45 91 66 125
48 60 118 118 26 88 29 95 75 76 1 125 29 37 17 65 72 8 59 125 125 2 98 122 93 7 125 106 100 0 82 40 105 64 0 5 42 101 33 32 20 125 56 125 109 125 109 125 96 125 59 118 3 14 37 97 95 94 80 125 30 52 125 15 107 63 34 125 108 76 39 91 27 20 125 125 8 0 103 104 3 56 16 107 90 53 125 125 50 29 33 125 110 85 101 88 125
84 9 115 1 38 108 25 125 61 96 120 17 82 123 33 24 120 31 92 47 85 125 104 24 82 65 122 25 74 4 11 125 125 106 45 58 116 125 114 88 125 11 125 55 93 26 43 71 87 115 33 61 39 44 59 118 19 51 79 125 99 3 6 17 51 57 125 84 4 45 24 14 15 66 55 79 60 125 100 53 125 74 101 125 112 50 37 124 125 19 125 7 125 71 26 125
120 44 125 125 14 62 72 15 54 125 105 93 37 80 125 17 65 15 93 17 33 125 70 56 125 25 51 125 106 83 79 51 125 63 125 81 101 58 125 1 102 40 51 123 58 116 58 125 1 125 63 110 68 29 0 22 35 94 120 125 1 20 15 72 22 38 125 13 34 57 18 117 125 20 125 71 125 13 55 5 121 62 125 71 49 96 59 18 106 125 111 122 14 22 125
125 115 25 95 13 22 40 18 125 54 31 78 22 8 1 73 98 125 125 52 105 37 123 68 22 125 125 125 73 62 52 79 113 32 125 112 30 62 14 94 83 125 121 31 63 102 125 31 116 125 9 125 125 107 107 7 125 57 125 57 28 86 124 73 125 24 0 125 115 125 11 125 59 119 78 18 125 125 89 125 54 79 47 109 125 49 76 99 98 125 93 109 125 125
35 123 107 125 54 6 71 2 125 98 89 125 67 22 76 87 73 125 107 87 43 18 36 65 81 110 106 7 35 71 12 119 106 17 110 125 125 82 30 11 57 80 125 40 64 3 9 112 118 77 113 72 14 113 34 70 125 125 96 124 52 66 40 125 84 0 56 105 38 119 125 23 121 9 54 97 42 80 125 124 14 119 125 96 64 43 125 25 71 26 125 110 125
42 122 24 55 52 98 75 6 125 102 56 22 56 125 65 78 16 76 24 49 41 125 87 122 34 125 46 109 58 65 51 125 49 19 8 63 92 49 56 39 76 35 19 79 118 125 79 55 45 85 125 15 125 84 26 104 78 125 23 120 106 64 19 19 68 125 59 26 125 14 72 86 12 10 38 0 115 108 79 124 76 37 125 46 125 125 18 11 125 58 125 125
57 30 29 94 50 125 118 0 37 48 101 113 1 125 98 98 125 91 95 82 116 33 125 71 81 90 42 64 62 125 3 103 80 80 45 122 91 96 89 101 79 66 125 5 90 7 125 125 4 109 65 111 97 54 113 112 14 62 102 4 80 5 108 125 91 22 85 30 28 47 103 119 33 2 101 65 79 78 77 109 109 125 19 125 125 84 125 125 7 97 125
23 62 39 35 54 23 76 7 23 10 101 125 96 66 4 54 97 35 42 125 72 125 25 37 45 100 103 81 53 25 125 109 21 54 125 91 32 16 31 61 10 38 27 3 101 87 90 95 125 19 47 70 85 41 3 44 125 37 50 56 101 125 125 28 77 125 30 125 39 79 2 125 26 108 59 110 124 59 52 53 84 49 24 114 125 125 125 2 124 125
80 121 29 87 78 74 125 39 125 23 21 123 125 36 125 49 125 46 56 105 85 24 19 37 114 17 116 125 85 10 43 57 83 31 125 7 107 82 88 102 42 59 80 87 75 77 79 46 49 89 125 57 10 125 10 3 104 35 12 56 125 41 125 34 114 118 8 125 59 125 125 85 125 0 12 45 14 86 97 75 31 113 125 80 24 125 125 71 125
5 5 113 42 84 45 57 35 2 110 34 90 55 96 82 125 45 12 125 90 105 121 0 125 81 101 28 67 125 29 109 32 22 125 18 113 85 51 94 67 23 73 69 13 120 125 123 58 26 83 5 70 113 30 39 125 65 106 14 125 125 125 74 125 122 105 42 120 122 50 120 87 89 84 103 23 116 125 43 25 8 99 59 120 59 25 62 125
125 94 125 125 125 22 43 87 35 103 125 97 102 125 31 115 89 109 125 57 87 80 104 46 125 102 69 84 77 7 72 120 105 24 65 8 94 18 125 47 113 125 50 125 107 107 68 125 31 125 125 38 28 121 125 86 19 125 125 67 125 106 75 102 8 84 20 11 60 87 125 52 28 45 85 36 54 30 51 80 23 88 78 24 125 59 125
44 94 125 77 14 15 32 125 3 125 108 69 121 119 13 109 102 92 125 87 125 47 125 71 67 118 91 60 62 6 46 47 41 125 33 116 125 50 97 125 118 29 66 52 113 22 47 5 94 125 35 123 55 43 100 125 116 2 125 72 121 23 108 47 51 77 99 34 107 42 122 97 125 56 83 68 107 99 82 38 118 66 1 64 4 125
82 3 96 97 13 108 125 37 125 9 44 88 53 81 34 11 125 14 25 29 121 2 62 43 125 67 125 59 3 50 4 37 125 125 83 119 28 87 114 73 58 104 56 19 50 51 81 104 21 105 98 45 51 38 84 109 72 11 5 6 93 0 75 91 1 102 57 47 20 37 83 124 59 113 125 71 1 68 89 76 73 28 88 50 125
125 46 32 24 69 1 105 40 77 60 125 18 125 18 41 38 117 116 54 8 76 39 105 79 58 32 75 125 100 74 103 8 108 23 104 70 74 64 22 52 125 38 108 29 80 47 81 46 10 125 125 87 35 30 109 9 58 125 3 98 41 45 9 46 120 125 50 104 90 14 113 47 14 42 33 97 6 11 125 11 72 58 45 125
4 91 38 95 8 80 114 17 125 59 22 33 33 47 2 59 13 125 19 22 87 2 40 41 7 55 7 125 28 37 110 125 50 98 94 124 88 125 64 14 85 53 125 125 96 125 50 73 49 122 70 18 104 11 125 77 125 82 106 58 125 117 125 109 125 125 96 50 53 125 79 125 125 102 86 9 125 108 107 29 115 91 125
105 125 66 27 89 78 71 125 125 125 81 40 105 36 114 78 43 94 36 51 125 125 101 27 68 93 94 57 69 81 13 3 35 87 33 72 113 58 106 7 88 27 39 47 0 122 110 125 12 79 44 42 9 102 48 125 67 70 57 40 125 125 43 120 110 59 34 65 102 98 124 8 88 121 17 94 77 35 14 5 79 125
96 8 76 19 105 12 82 20 125 34 51 77 91 125 46 45 93 84 42 68 42 125 110 107 71 71 73 125 44 112 31 44 97 65 5 123 46 52 72 13 58 125 83 5 121 52 125 51 13 83 125 59 11 122 125 61 116 30 125 112 125 32 102 125 125 76 14 81 99 47 42 125 125 45 46 65 51 40 92 71 125
46 104 57 125 88 55 24 0 80 39 113 24 13 124 125 41 36 125 121 125 56 111 113 22 41 105 80 88 16 60 70 97 101 86 108 49 122 44 125 82 97 106 26 71 123 78 66 25 81 125 22 125 40 72 125 67 125 17 89 10 4 116 29 83 62 91 80 14 87 105 43 16 91 106 103 125 12 64 86 125
25 82 125 68 81 20 125 42 84 101 125 80 124 120 51 87 92 71 55 74 121 78 36 74 13 83 9 125 125 125 18 125 102 122 88 125 122 123 65 31 11 86 3 125 89 57 11 83 35 72 125 52 28 68 102 82 92 105 101 43 107 100 105 16 125 118 50 125 125 125 5 40 125 104 17 99 10 36 125
70 112 54 125 125 22 62 125 66 84 94 63 35 42 30 56 63 104 37 25 47 125 54 125 16 103 125 91 24 63 92 107 45 49 35 125 19 90 125 75 110 125 80 123 72 120 17 30 61 125 21 72 48 30 15 101 83 12 125 87 39 12 125 30 125 64 123 32 26 50 30 71 76 58 97 99 125 125
89 119 87 58 42 94 1 66 39 91 45 110 0 71 109 72 9 21 77 125 123 75 12 56 29 22 78 125 45 53 37 125 86 67 91 125 40 103 83 51 79 125 69 8 103 125 50 58 23 125 125 125 125 111 27 125 9 75 125 68 86 83 49 55 97 49 36 83 97 125 125 125 125 46 68 4 125
69 71 124 65 125 64 45 77 47 60 55 121 1 46 125 125 14 106 76 109 125 64 108 125 6 125 96 125 125 53 100 37 110 125 57 47 12 52 112 21 100 125 82 69 125 16 69 125 54 125 112 111 69 26 1 31 52 77 102 23 71 125 35 76 36 80 100 52 75 119 21 29 6 99 121 125
20 125 70 105 116 125 52 125 115 38 67 30 96 36 125 28 4 93 51 39 43 0 66 30 97 96 42 83 6 106 125 121 74 101 94 37 113 62 122 125 108 66 79 61 125 66 82 29 78 62 64 35 92 19 125 100 1 105 125 114 121 125 109 100 48 36 85 115 114 63 125 125 23 45 125
69 20 125 51 37 125 114 40 35 92 106 103 80 33 51 125 118 125 125 43 97 79 72 105 7 98 32 72 75 1 70 77 82 125 77 51 125 19 41 94 62 125 108 42 121 13 26 96 125 74 125 11 111 87 11 121 63 14 17 44 15 34 90 75 104 117 125 100 125 10 124 39 65 125
114 125 124 110 87 101 36 125 66 15 102 104 83 95 18 102 103 125 104 125 21 125 18 125 88 9 25 58 2 102 125 112 101 125 60 17 98 125 122 73 125 114 125 74 105 69 18 43 37 97 103 100 106 56 90 27 51 122 125 125 64 56 58 66 14 65 49 125 123 64 62 13 125
125 125 68 125 39 28 75 7 118 42 116 13 3 72 95 25 83 116 56 125 125 90 43 82 40 124 26 95 70 12 40 123 31 62 45 25 125 125 121 125 84 34 125 38 125 84 111 58 114 125 122 44 65 125 3 125 24 113 62 51 125 1 26 91 54 48 58 125 43 8 66 125
64 125 102 69 112 34 125 42 125 120 14 34 122 94 0 125 125 78 125 32 125 49 3 106 120 13 48 76 125 74 28 49 6 125 86 125 51 29 125 5 117 88 86 86 50 40 24 50 121 125 14 47 25 21 125 13 125 18 87 93 23 75 69 9 61 25 18 103 120 62 125
107 125 103 105 57 76 53 101 65 101 125 125 93 8 122 46 102 4 83 107 25 125 113 125 43 123 106 75 55 125 125 67 79 125 50 125 68 88 6 89 107 116 33 32 21 89 79 7 67 125 38 52 36 102 62 125 125 100 46 16 87 23 103 73 27 125 88 78 27 125
4 35 41 56 125 117 125 64 48 103 125 75 79 85 125 19 114 46 109 30 86 106 51 88 5 17 125 43 125 97 125 100 58 112 125 125 53 52 24 125 43 125 72 99 34 72 125 125 44 49 7 125 87 11 125 75 98 59 111 125 26 21 97 80 84 125 62 105 125
83 61 115 61 116 84 115 11 125 125 112 60 119 33 34 125 104 39 11 116 74 71 125 109 87 125 28 85 40 80 125 125 125 94 63 20 2 125 125 3 125 85 51 43 100 35 49 74 32 125 68 19 125 65 78 2 125 51 77 21 111 125 120 125 90 0 114 125
53 125 9 125 117 74 100 104 117 116 94 125 5 110 17 34 78 64 106 12 124 42 56 26 99 88 67 116 43 125 63 20 26 38 7 125 125 125 73 125 46 39 125 46 125 64 99 125 125 25 77 125 92 77 125 114 121 6 8 118 28 60 35 26 27 74 125
54 71 112 92 125 118 66 87 37 30 4 46 117 19 74 69 6 59 85 125 22 125 106 3 106 103 26 87 125 15 125 109 33 51 105 69 125 104 51 10 110 67 125 22 2 68 113 0 54 125 72 3 2 121 118 56 125 108 125 125 77 125 125 125 125 125
125 2 15 42 29 47 125 102 52 125 27 39 125 105 125 24 125 120 77 125 64 38 32 23 105 125 52 125 45 4 48 32 50 125 91 41 16 22 35 17 125 44 125 32 49 60 15 92 60 102 88 2 60 86 101 101 125 51 26 124 102 113 34 121 125
125 8 52 78 4 117 84 2 113 43 68 116 89 78 95 125 115 112 124 125 125 63 82 120 95 125 125 36 125 125 25 67 96 120 9 57 46 125 105 68 10 104 57 118 80 72 75 23 65 4 121 123 35 4 6 53 93 28 125 125 116 125 70 125
70 98 17 121 124 42 118 5 6 104 40 113 70 73 13 108 85 38 40 44 121 64 89 69 23 91 69 59 125 24 125 10 22 56 69 84 67 66 68 79 5 125 19 113 60 125 86 107 32 97 123 125 105 125 125 98 26 78 125 51 123 7 125
21 1 24 125 29 107 53 99 125 125 103 125 125 34 44 92 107 125 121 125 28 99 125 22 66 45 125 125 13 53 57 94 38 71 50 121 85 99 105 70 124 79 22 43 53 85 41 17 6 109 125 125 125 96 63 57 125 39 7 42 125 125
125 61 122 25 125 125 86 125 18 35 52 66 59 120 23 14 124 62 111 37 120 11 25 125 66 70 32 125 37 124 20 76 118 106 1 12 92 115 13 13 107 80 12 123 71 119 41 4 50 13 7 111 71 125 43 96 36 48 123 92 125
125 78 125 84 88 120 113 106 27 98 66 125 9 74 86 43 68 121 1 103 125 96 20 79 125 60 27 89 65 125 108 8 4 125 125 123 32 97 29 11 125 5 12 91 47 125 1 114 125 125 74 28 89 108 75 5 26 86 47 125
73 125 20 108 42 75 115 80 117 122 109 86 42 125 33 125 73 125 125 40 5 115 44 41 47 120 37 29 52 86 74 65 16 59 40 15 74 57 125 3 55 64 24 125 60 39 31 92 125 87 80 81 17 121 97 56 125 6 125
72 125 116 46 70 111 62 119 1 96 97 6 125 108 54 85 125 102 0 4 9 15 125 2 125 60 24 120 53 124 1 48 125 9 125 125 64 1 93 75 40 60 25 11 16 125 88 125 125 29 64 65 99 12 125 125 68 125
52 84 23 66 47 19 8 57 68 25 10 7 13 125 80 72 57 53 66 3 3 125 9 20 108 62 87 93 51 125 122 48 44 82 125 67 124 82 6 91 60 81 125 23 35 125 33 52 105 94 125 49 122 83 115 28 125
61 5 49 117 36 77 72 15 119 12 69 96 122 120 37 2 125 64 110 94 6 125 97 63 78 37 17 118 100 125 125 12 113 125 67 79 118 58 22 2 64 65 28 53 98 1 27 125 98 25 108 80 28 32 32 125
12 14 125 84 125 66 125 29 75 125 67 72 25 43 102 10 70 119 44 79 69 57 83 57 97 125 70 61 4 12 120 66 125 82 29 50 118 122 67 116 39 15 2 31 82 125 125 125 77 117 61 105 72 30 125
93 22 4 125 98 30 64 44 125 125 106 125 2 51 125 65 125 69 121 125 28 107 82 2 2 125 50 5 19 125 90 42 89 56 70 125 125 108 125 93 94 74 57 96 93 125 27 15 84 49 85 21 15 125
125 97 23 121 111 125 125 44 82 43 125 57 37 32 125 87 16 59 79 58 62 94 11 6 125 81 73 12 122 89 118 4 20 59 47 125 101 13 59 125 65 91 34 21 54 125 75 6 28 11 71 95 125
84 125 125 30 81 40 81 3 125 10 62 9 3 125 125 46 59 89 39 104 92 87 122 59 125 123 125 36 125 123 43 95 77 112 125 103 38 105 8 64 88 66 1 37 37 40 109 0 125 38 77 125
11 40 51 125 105 122 57 125 125 99 35 65 24 125 95 113 104 9 114 12 125 125 28 25 27 125 71 2 13 125 109 44 80 55 125 92 125 7 94 93 125 100 4 12 85 18 11 13 125 102 125
115 100 15 56 125 80 16 121 117 125 122 52 79 107 64 76 62 24 61 125 36 31 93 55 103 125 125 93 19 125 54 90 33 82 49 90 23 45 106 108 125 112 24 47 81 106 113 83 86 125
63 125 27 75 50 56 96 0 102 81 9 71 10 22 31 25 41 9 125 118 91 113 67 30 22 91 77 125 76 7 56 117 18 63 12 60 125 62 29 123 63 18 125 125 125 34 125 125 125
125 32 125 93 96 36 50 92 21 125 125 125 111 123 14 12 18 38 38 101 25 42 125 125 125 108 122 21 14 98 79 125 24 21 125 50 79 76 75 105 55 125 98 9 29 21 16 125
125 1 39 2 83 64 18 103 90 106 33 125 125 76 115 45 61 24 91 42 72 46 36 95 44 73 125 51 18 32 32 47 114 79 96 74 25 53 103 87 125 49 27 125 8 28 125
39 67 97 105 20 108 95 90 116 100 125 99 103 16 113 31 30 25 53 58 2 62 109 125 27 125 83 15 125 40 87 27 6 33 54 125 69 106 86 5 31 98 2 125 98 125
125 125 125 9 17 20 77 50 10 125 101 106 120 40 75 85 7 120 125 125 29 32 125 63 97 17 82 70 98 40 61 25 113 119 92 53 125 62 73 4 41 24 16 27 125
29 10 7 125 112 125 95 55 118 71 61 101 69 15 1 125 125 44 67 75 88 121 94 52 14 36 52 12 94 93 35 9 6 125 118 51 7 125 93 102 125 87 119 125
36 26 52 115 4 83 26 40 107 6 110 125 125 51 32 68 34 17 105 125 29 125 125 7 87 75 91 42 95 62 71 94 99 86 125 118 47 81 12 17 108 13 125
56 75 125 23 28 73 125 122 125 47 10 105 125 125 125 59 41 24 113 43 108 107 125 19 125 125 125 125 85 87 85 35 27 124 125 31 56 55 68 69 3 125
92 6 58 125 125 125 78 53 125 113 60 42 125 81 125 76 117 24 125 30 125 39 80 41 125 0 66 106 38 76 90 2 14 114 125 105 125 12 27 40 125
92 72 11 125 125 106 123 36 50 7 102 125 121 107 125 68 83 110 9 67 69 48 22 125 5 120 23 5 6 40 1 77 76 77 30 25 45 56 1 125
81 94 113 125 77 0 48 63 79 27 125 118 31 125 52 46 58 43 59 32 10 26 10 36 72 125 107 121 12 18 32 125 79 73 84 125 68 62 125
56 49 122 125 109 125 67 101 59 125 46 24 63 111 125 103 108 28 88 26 110 93 116 27 121 7 32 124 116 108 125 32 125 125 58 102 92 125
125 125 26 5 13 16 125 100 40 64 99 117 2 19 55 3 36 24 125 78 51 66 125 125 125 22 102 38 115 65 101 112 39 117 8 5 125
125 68 81 54 125 96 15 66 55 125 125 111 20 45 17 115 125 125 102 25 125 35 40 81 60 19 31 99 5 125 99 122 68 30 77 125
123 1 61 94 125 125 125 54 16 89 95 60 35 17 19 81 63 86 46 80 52 16 39 12 25 15 125 35 123 90 115 86 125 43 125
125 40 74 125 117 49 122 1 70 84 116 119 9 125 113 69 114 117 125 77 125 43 100 19 27 26 54 99 88 4 58 34 125 125
125 0 8 69 3 118 109 120 16 95 61 7 125 57 122 71 29 97 125 20 18 65 57 15 77 125 105 13 14 23 26 25 125
56 96 19 104 13 97 104 13 21 80 122 67 125 115 124 93 125 79 96 20 37 125 102 67 49 65 74 50 80 67 125 125
125 123 125 22 90 106 125 5 23 125 125 114 8 125 26 19 51 125 68 18 110 99 92 125 111 93 79 19 125 86 125
65 53 25 74 9 57 35 49 21 110 41 123 125 105 30 125 16 125 6 111 51 65 109 108 17 94 1 125 92 125
93 86 42 68 72 98 67 4 19 81 29 23 92 124 72 78 125 125 51 44 85 125 39 52 118 0 81 119 125
95 125 125 21 73 26 64 125 76 125 42 34 125 66 10 46 72 62 125 88 104 125 125 18 83 125 125 125
59 61 68 57 125 97 53 63 42 98 11 0 75 125 125 117 125 65 27 125 119 56 59 105 125 11 125
125 62 117 42 64 111 106 75 125 28 29 3 71 24 125 125 11 125 125 125 125 26 125 125 65 125
8 11 93 125 125 55 39 10 125 125 103 71 125 125 2 125 125 125 125 17 6 104 125 28 125
125 0 125 125 125 125 23 32 24 97 41 86 11 125 5 114 125 122 30 125 125 109 113 125
125 0 107 58 11 41 125 115 125 125 125 125 52 28 125 57 125 86 125 61 26 125 125
125 6 82 53 26 22 21 125 125 38 108 101 32 125 90 125 23 125 125 25 125 125
125 7 16 110 80 35 14 125 125 79 52 30 125 31 125 93 125 30 44 10 125
41 112 55 95 92 125 125 95 125 98 125 58 114 124 125 125 78 125 68 125
125 125 125 55 45 122 75 125 125 125 34 125 125 61 125 74 60 125 125
125 125 125 125 113 125 125 113 125 125 93 90 51 125 125 74 70 125
7 121 125 125 106 125 43 104 52 125 125 102 26 125 125 23 125
42 125 104 125 40 125 125 125 22 31 16 125 9 97 125 125
125 28 125 15 96 79 125 100 94 34 0 68 78 125 125
125 125 125 46 106 118 125 15 103 125 125 77 100 125
119 125 125 125 100 54 125 125 65 125 68 84 125
63 125 35 125 12 75 125 125 125 125 125 125
125 125 58 125 20 96 77 125 72 125 125
125 21 125 125 125 11 125 101 125 125
125 125 125 116 125 125 125 23 125
39 12 125 125 125 125 125 125
125 125 125 8 78 118 125
125 125 125 119 115 125
42 125 125 125 125
125 71 112 125
19 125 125
68 125
125
