50 25
25 6 25 25 25 17 5 25 19 6 14 25 18 22 9 25 25 4 1 25 12 25 16 25 25 25 18 0 25 3 22 25 1 6 11 0 7 25 25 25 19 25 18 25 3 8 1 14 18 25
25 25 7 25 25 15 25 19 0 2 17 25 19 25 25 25 25 25 8 18 2 22 15 25 10 14 25 23 9 25 11 25 20 2 22 3 25 12 25 6 21 4 1 16 25 5 13 2 25
23 25 7 9 2 25 9 24 4 25 19 15 25 25 25 3 25 23 25 18 24 15 11 12 25 3 0 24 25 18 21 25 25 25 1 21 25 0 8 24 19 14 8 11 23 2 25 25
18 25 25 25 25 18 10 4 7 10 16 25 11 14 25 25 21 25 25 5 25 25 20 25 25 11 24 10 14 1 20 25 10 11 25 25 17 15 3 6 25 23 25 19 24 12 25
23 16 19 25 25 25 3 4 23 9 25 13 13 25 25 25 0 24 25 25 25 4 25 7 24 25 23 10 25 25 4 16 0 11 25 13 4 17 18 22 6 16 6 4 25 25
7 8 20 25 25 25 25 13 25 25 2 7 10 25 12 25 25 9 6 24 12 15 25 1 24 10 14 0 12 25 19 1 25 4 25 25 25 1 25 8 25 0 17 25 25
15 12 5 20 19 20 25 8 18 8 23 20 25 25 25 25 8 6 19 25 5 11 19 7 7 8 7 18 8 14 1 25 7 3 9 10 21 25 25 25 19 6 25 25
18 25 25 1 25 25 25 25 25 25 25 25 25 25 25 25 25 25 25 25 25 25 25 25 25 25 25 25 25 2 25 25 25 25 25 25 25 25 25 25 25 25 25
25 25 25 25 25 25 25 25 25 25 25 25 25 20 25 25 25 25 25 25 25 25 25 25 25 25 25 25 25 25 25 25 25 25 25 25 25 25 25 25 25 25
25 25 25 25 25 25 25 25 25 25 25 25 25 25 25 25 25 25 25 25 25 25 25 25 25 25 21 25 25 25 25 25 25 25 25 25 25 25 25 25 25
25 25 25 25 25 25 25 25 25 25 25 25 25 24 25 25 25 25 25 25 25 25 25 25 25 25 25 25 25 25 25 25 25 25 25 25 25 25 25 25
25 25 25 25 25 25 9 25 25 25 25 25 25 25 25 25 25 5 25 25 25 25 25 25 25 25 25 25 25 25 25 25 25 25 25 25 25 25 25
25 25 25 25 7 25 25 25 25 25 15 25 25 25 25 25 25 25 25 25 25 25 25 25 25 25 25 25 25 25 25 25 25 25 25 25 25 25
25 25 25 25 25 25 24 25 25 25 25 25 25 25 25 25 25 25 25 25 25 23 25 25 25 25 25 25 25 25 25 25 25 25 25 25 25
25 25 25 25 25 25 25 25 25 25 25 25 25 13 25 25 25 25 25 25 25 25 25 25 25 25 25 25 25 25 25 25 25 25 25 25
25 25 25 25 25 25 25 25 25 25 25 25 25 25 25 25 25 25 25 25 25 25 25 25 25 25 25 25 25 3 25 25 25 25 25
25 25 25 25 25 25 25 25 25 25 25 25 25 25 21 25 25 25 25 25 25 25 25 3 25 25 25 25 25 25 25 25 25 25
25 25 25 25 25 25 25 25 25 25 25 25 25 25 25 25 25 25 25 25 25 25 25 25 25 25 25 25 25 25 25 25 25
25 25 25 25 25 25 25 25 25 25 25 25 25 25 25 25 25 25 25 25 25 25 25 25 25 25 25 25 25 25 19 25
25 25 25 25 25 25 25 25 25 25 25 25 9 25 25 25 25 25 25 25 25 25 25 25 25 25 25 25 25 25 25
25 25 25 25 25 25 25 25 17 25 25 25 25 25 25 25 25 25 25 25 25 25 25 25 25 25 25 25 25 25
25 25 25 1 25 25 25 25 25 25 25 25 25 25 25 25 25 25 25 25 25 25 25 25 25 25 9 25 25
25 25 23 25 25 25 25 25 25 25 25 25 25 25 25 25 25 25 25 25 25 25 25 25 25 25 25 25
25 25 25 25 25 25 25 25 6 25 25 25 25 25 25 25 25 25 25 25 25 25 25 13 25 25 25
25 25 25 25 25 25 25 25 25 25 25 25 25 25 25 25 25 25 25 25 25 25 25 25 2 25
25 25 25 25 25 25 25 25 25 25 25 25 25 25 25 25 25 25 25 25 25 25 25 25 25
25 25 25 25 25 25 25 25 25 25 25 25 25 25 25 25 25 8 25 25 25 25 25 25
25 25 25 25 25 25 25 25 25 25 25 25 25 25 25 25 25 9 25 25 25 25 25
25 25 25 25 25 25 25 25 25 25 25 25 25 25 25 25 25 2 25 25 25 25
2 25 15 25 25 25 25 25 25 25 25 22 25 25 25 25 8 25 25 25 25
25 25 25 25 25 25 25 25 25 25 25 25 25 25 25 25 25 25 25 25
25 25 25 25 25 25 25 25 25 25 25 25 25 25 25 25 25 8 25
25 25 25 25 25 25 25 25 25 25 25 25 25 25 25 25 25 25
25 11 25 25 25 25 25 25 25 25 25 25 25 25 25 25 25
25 25 25 25 25 25 25 25 25 25 22 25 25 25 25 25
25 25 25 25 25 25 25 25 25 25 25 25 25 25 25
25 25 25 25 25 25 25 25 25 25 25 25 25 25
25 12 25 25 23 25 25 25 25 25 25 25 25
25 25 25 25 25 25 25 25 25 25 25 25
25 25 25 12 25 25 25 25 25 25 25
25 25 25 25 25 25 25 25 25 25
25 25 25 25 25 25 25 25 25
25 25 25 25 25 25 25 25
25 25 25 25 25 25 25
25 25 25 25 9 25
25 25 25 25 25
25 25 25 25
25 25 25
25 25
25
