100 100
100 29 64 28 100 100 100 27 87 85 26 100 24 13 89 100 10 24 9 100 100 54 100 100 100 18 7 89 100 67 47 100 26 100 100 100 28 20 100 71 100 78 58 100 100 71 11 3 83 10 26 100 100 100 100 9 17 9 100 100 69 58 36 100 100 94 100 0 100 100 100 100 48 86 43 2 27 61 63 100 99 88 100 2 39 89 86 100 76 22 98 85 100 8 100 55 31 0 100 100
69 34 55 100 5 23 100 100 100 50 62 24 80 9 100 98 49 100 83 19 91 58 100 9 100 84 86 18 100 71 100 100 56 47 100 50 100 100 100 100 4 28 48 96 100 100 50 55 37 17 100 91 16 8 38 100 38 49 12 100 81 100 100 100 0 100 14 100 100 32 12 100 7 100 7 29 74 100 100 20 100 74 19 77 46 14 53 38 16 57 100 63 98 94 100 36 74 100 100
100 29 100 100 100 35 96 56 24 100 39 96 100 100 100 100 100 100 79 100 100 73 47 100 18 16 100 3 100 31 100 80 28 100 100 100 100 100 18 13 100 100 100 31 100 12 32 29 1 14 100 14 100 100 3 91 23 59 69 40 100 70 100 25 100 100 33 95 39 100 100 25 94 29 13 100 100 37 14 2 100 89 100 42 84 100 100 100 43 2 6 100 95 100 19 100 66 100
100 100 47 92 69 53 100 48 35 39 100 61 83 100 50 100 9 21 65 81 100 100 56 60 46 100 100 100 64 50 100 100 100 94 100 34 100 100 100 24 100 100 100 75 100 74 21 88 100 50 24 100 15 78 62 100 79 100 47 23 98 100 100 100 100 100 100 16 89 100 100 100 93 21 41 100 100 55 34 100 83 57 40 100 100 100 89 100 100 100 87 94 42 68 50 42 100
100 56 2 100 11 100 100 100 100 100 98 100 100 75 100 24 100 90 61 42 100 100 80 100 100 100 100 100 100 100 100 100 100 100 70 83 47 100 31 64 100 11 27 62 100 86 7 100 100 100 74 100 100 59 79 57 60 17 89 83 62 100 100 100 100 100 45 100 48 46 100 100 100 42 100 100 85 85 76 100 73 1 100 67 58 98 100 100 57 54 100 28 100 100 84 100
53 61 79 100 15 38 100 100 11 100 100 100 13 38 100 31 28 44 100 100 100 21 51 89 25 100 95 100 25 100 22 100 100 73 30 100 100 56 81 100 39 97 100 100 50 100 21 100 89 17 64 100 100 59 95 54 100 100 100 100 2 47 100 23 100 65 18 24 100 100 38 44 100 100 100 2 39 100 55 22 73 97 99 22 42 23 36 53 82 100 100 94 100 100 100
71 100 100 73 100 100 15 100 100 100 57 100 18 14 18 100 100 100 84 44 48 75 40 100 100 68 96 56 100 100 30 52 84 100 24 52 47 100 100 100 98 59 50 10 100 27 44 100 74 100 23 83 100 100 100 100 100 72 100 41 100 31 62 12 93 82 100 100 96 100 100 59 98 100 45 49 52 39 100 4 9 54 100 100 100 100 100 94 6 48 27 100 96 100
65 0 100 94 62 41 43 91 100 100 67 75 49 9 57 85 86 89 89 100 44 100 100 100 100 100 13 100 77 49 44 100 15 29 55 100 56 100 33 68 100 100 38 9 41 45 80 100 53 0 98 83 100 40 24 100 11 100 100 100 100 100 100 97 49 100 94 29 77 100 100 17 96 100 20 100 94 96 31 100 43 43 100 5 100 43 24 100 3 100 46 4 100
27 100 100 78 33 100 100 26 6 100 100 95 100 62 100 100 100 100 43 25 52 43 100 18 26 100 25 40 100 30 100 100 73 100 100 82 43 100 100 65 60 100 85 100 89 16 100 100 38 100 100 26 100 2 100 100 11 100 38 42 4 100 63 71 100 100 100 56 100 78 87 100 100 100 100 42 100 98 3 29 42 93 100 100 16 100 100 100 73 100 55 100
100 17 16 100 76 55 100 70 100 100 76 100 100 100 100 56 98 100 100 1 26 100 57 100 8 100 95 100 75 45 65 100 82 100 28 77 100 100 15 60 5 81 74 61 100 97 100 100 100 26 100 61 100 80 16 100 77 0 100 93 100 100 100 100 14 34 62 100 100 97 100 90 7 90 100 92 17 54 51 7 33 19 100 100 100 100 19 100 100 99 100
39 100 100 11 100 100 100 100 43 67 100 100 11 99 100 14 100 100 100 36 100 100 70 100 7 100 82 9 63 84 87 18 100 100 100 100 30 100 100 77 13 100 100 80 1 74 9 100 100 52 100 14 100 100 100 100 33 100 100 8 94 100 80 28 56 100 60 72 100 100 68 29 100 100 99 82 93 100 86 100 100 100 15 100 59 96 9 100 5 100
100 55 21 100 98 55 94 100 7 100 100 100 100 100 100 41 68 83 34 19 100 100 43 100 100 100 87 99 99 7 97 100 43 16 30 100 100 6 100 100 100 59 66 83 100 59 29 100 100 31 81 100 85 86 24 92 100 100 21 100 21 15 100 100 31 100 100 100 100 25 85 100 100 75 36 12 100 100 59 100 100 91 100 100 43 47 2 13 100
86 88 100 100 100 60 2 85 5 100 100 19 81 54 78 76 16 7 34 100 29 100 93 100 100 79 59 100 100 18 28 29 97 59 36 100 100 13 74 100 100 100 100 100 77 43 100 100 100 100 100 20 100 40 25 89 100 12 54 100 100 86 57 69 6 100 100 100 29 100 100 33 69 100 100 19 95 32 100 14 12 100 20 100 100 100 100 100
68 29 100 100 100 91 52 100 18 33 100 92 100 75 100 100 42 19 100 5 100 100 10 100 100 82 69 21 100 31 45 3 91 100 75 100 100 100 100 100 50 100 67 100 99 38 100 0 2 100 100 18 76 2 100 41 16 91 100 100 100 94 100 92 7 100 88 67 93 34 32 70 3 100 100 61 100 26 34 100 100 100 100 100 100 3 100
74 7 100 97 53 100 82 100 100 97 100 100 100 36 96 73 63 60 100 100 79 100 44 100 100 50 77 23 94 51 7 59 68 100 4 100 81 100 100 100 100 100 17 100 100 29 17 100 100 100 81 10 41 100 60 0 62 100 100 100 39 34 100 39 10 69 90 31 100 7 100 100 85 68 100 100 100 16 80 100 54 66 30 100 100 100
46 100 11 20 55 100 64 97 20 19 90 8 100 100 46 76 100 100 100 50 92 18 7 100 70 57 100 78 100 100 100 100 45 27 100 2 100 100 100 100 6 44 3 100 100 11 43 64 77 100 72 81 100 100 58 87 2 100 100 65 100 100 100 6 100 100 100 64 30 64 100 56 21 11 90 100 100 55 100 67 100 66 98 79 100
26 100 100 100 100 100 48 100 52 15 78 1 100 99 19 60 100 46 52 61 66 70 5 87 31 76 13 45 100 100 83 78 100 29 15 86 100 100 29 100 100 40 100 100 58 45 100 45 25 100 35 93 20 100 14 10 76 0 43 100 3 76 43 29 27 23 0 95 100 29 100 76 68 99 100 30 35 62 11 100 100 100 100 100
0 63 100 59 99 41 100 100 61 4 100 100 58 34 100 100 100 68 100 100 68 34 100 100 50 46 15 48 10 22 90 56 39 71 100 44 53 29 100 44 77 58 100 100 99 100 100 93 32 98 73 100 100 100 100 75 100 14 100 10 100 100 55 18 100 100 23 85 23 92 98 60 69 100 46 100 72 100 100 100 100 100 100
42 38 34 100 100 38 72 100 100 1 4 34 50 32 100 100 86 7 100 13 100 3 4 100 93 31 100 9 100 100 79 51 24 64 100 38 100 91 100 100 100 100 100 100 53 100 2 2 43 100 0 73 53 27 94 24 100 100 100 100 100 47 100 27 94 58 100 9 36 87 100 34 64 50 100 100 100 81 39 86 100 100
31 100 99 6 73 100 39 18 62 85 100 100 100 68 11 100 64 100 66 52 100 100 50 32 45 53 100 82 100 100 100 44 98 40 9 67 100 100 63 100 14 62 44 76 0 100 46 2 60 100 82 59 100 46 53 45 100 85 73 33 37 57 100 100 58 79 12 68 100 9 100 100 100 24 64 100 100 100 79 44 100
98 100 33 10 79 70 29 100 100 40 100 100 100 3 67 26 69 40 83 39 100 100 100 35 100 46 1 100 99 20 100 100 56 100 64 100 61 98 50 100 20 100 100 100 100 69 100 100 100 72 74 12 64 74 21 10 100 32 36 18 100 85 100 100 100 83 100 100 100 58 100 48 96 99 27 20 100 69 100 100
62 30 100 100 100 50 34 83 54 70 100 78 100 79 100 87 100 100 59 93 100 100 94 28 81 73 39 100 100 18 100 100 100 46 46 100 62 2 88 100 100 51 100 69 100 100 10 79 100 100 28 24 100 83 24 100 100 100 18 89 15 71 5 86 71 50 100 59 100 42 47 100 100 80 100 70 100 17 100
100 100 40 66 100 100 11 68 19 77 18 100 22 8 100 100 78 100 100 77 63 100 100 84 67 57 77 33 98 100 79 63 100 100 14 84 40 45 100 100 96 100 48 100 97 100 3 86 79 64 27 100 67 100 17 97 100 100 90 7 14 100 100 61 100 100 66 100 55 38 40 83 100 100 36 100 100 100
100 100 100 20 100 86 78 96 100 96 100 50 100 93 100 100 100 80 65 100 10 100 100 100 100 100 100 65 100 100 15 91 100 24 100 4 49 100 89 100 80 62 100 16 64 100 90 100 100 83 100 57 88 100 66 14 61 100 54 100 100 100 89 2 7 20 16 19 100 57 85 100 4 66 53 100 100
100 100 23 100 100 7 66 25 50 72 100 62 34 22 100 41 90 57 100 4 100 100 100 100 34 96 100 68 100 52 100 82 63 100 87 100 100 100 52 100 92 100 100 23 20 10 100 100 16 100 48 79 55 53 68 56 100 100 100 29 100 98 86 100 19 100 74 100 21 88 77 100 100 39 100 100
100 83 57 79 100 100 35 96 62 100 100 39 100 100 100 100 100 78 100 44 100 100 17 57 100 44 95 80 100 100 100 45 100 100 100 100 35 100 88 100 67 100 100 98 99 73 100 44 33 100 100 65 82 100 100 9 100 89 80 79 92 100 100 4 0 79 100 100 7 25 100 42 100 100 100
87 78 100 89 100 97 39 100 31 67 63 100 96 24 100 100 100 82 100 100 40 100 44 22 100 68 100 42 100 95 41 100 100 100 100 45 100 63 100 100 100 85 100 53 84 18 100 100 100 52 83 100 100 12 100 20 100 100 100 45 13 33 16 25 100 25 13 22 100 100 36 44 14 100
25 43 100 28 12 100 100 15 39 67 45 59 36 100 100 22 42 92 47 90 100 7 95 59 100 91 100 100 4 100 100 100 25 25 100 100 88 76 14 13 64 73 9 10 47 58 8 100 63 100 5 53 74 100 100 67 52 10 36 100 100 100 37 100 91 51 100 11 100 27 8 37 100
22 61 25 55 0 34 46 100 100 100 68 57 61 100 72 56 100 100 100 100 80 11 19 86 2 100 12 100 100 74 100 100 100 100 33 48 48 81 100 3 100 40 99 95 100 100 76 44 13 100 100 100 39 100 100 100 78 23 19 72 92 100 100 1 100 100 43 100 25 55 80 100
100 18 22 28 100 5 100 42 100 83 100 100 62 100 100 100 100 100 100 18 100 2 99 67 41 100 100 64 100 100 53 100 85 100 47 100 100 100 100 11 58 68 66 78 100 100 100 100 6 100 100 100 100 100 44 100 41 100 29 31 100 75 9 83 100 100 100 100 18 100 100
100 83 100 100 100 23 33 32 100 15 100 73 100 100 27 98 36 25 100 100 93 94 100 9 100 100 100 100 100 59 100 42 37 64 4 85 100 87 100 62 100 100 100 16 58 100 100 97 100 100 10 36 100 100 24 100 9 100 100 100 73 30 6 100 100 30 91 11 100 100
48 100 100 81 100 100 100 100 100 97 100 100 100 100 100 86 25 32 17 100 100 100 100 100 100 100 100 100 1 100 100 100 100 16 91 100 100 82 100 100 100 60 53 100 36 100 100 100 100 100 49 93 100 100 100 36 79 59 100 100 100 100 56 99 100 44 100 5 100
100 100 22 100 100 100 100 97 33 100 100 100 100 89 100 100 41 97 100 100 46 100 91 100 100 78 71 10 100 100 100 100 100 100 100 93 89 64 100 86 100 100 100 41 100 100 49 100 21 100 100 11 81 89 100 46 81 100 29 70 0 19 69 9 100 100 34 100
100 100 46 21 100 100 89 100 100 21 53 100 100 20 9 100 100 100 100 100 100 100 100 27 100 100 12 100 45 97 100 80 17 100 100 46 39 98 100 100 100 100 98 66 100 100 100 64 80 100 100 68 95 100 100 100 100 100 100 100 23 100 100 100 100 100 100
90 29 54 98 100 9 100 100 44 100 100 100 11 20 100 99 100 46 100 64 100 100 26 100 100 7 35 53 12 100 100 100 27 40 100 100 79 100 100 100 100 100 100 100 61 100 100 100 100 94 100 100 100 89 100 90 100 100 55 100 61 100 100 70 100 100
29 68 100 100 100 87 100 95 96 100 100 73 100 100 100 100 62 100 100 91 100 82 11 100 100 100 100 72 70 100 100 100 98 25 65 57 100 82 100 100 100 100 54 70 100 100 100 4 92 100 100 100 100 100 100 28 100 55 100 100 100 100 20 78 100
100 100 100 37 100 100 100 100 20 100 100 100 100 100 100 44 85 65 100 100 90 100 100 100 72 60 63 100 100 73 80 80 100 100 61 29 100 58 67 100 100 45 0 45 66 46 100 100 100 100 100 18 70 36 100 85 100 100 100 12 100 100 100 100
52 87 97 44 100 100 46 100 100 77 78 32 67 100 100 1 100 60 100 17 60 100 100 100 100 100 28 100 100 100 100 63 34 11 14 100 100 100 100 100 100 100 94 100 38 47 100 13 83 100 72 100 100 74 59 100 16 100 43 100 40 100 100
100 100 100 100 100 61 100 100 61 100 100 100 100 100 100 100 100 53 84 47 15 100 19 20 100 100 100 100 100 69 86 38 100 88 100 100 69 100 15 100 100 100 100 100 100 100 61 100 100 100 82 100 100 80 100 100 89 100 61 100 100 100
91 100 38 9 94 63 42 100 45 100 42 65 100 41 75 88 100 100 98 100 100 73 93 100 100 100 47 23 53 100 100 100 32 1 100 100 100 76 36 28 100 100 11 52 91 100 100 100 22 100 13 6 100 100 80 100 25 100 84 100 100
75 100 82 100 100 100 100 100 100 32 95 100 100 81 18 74 13 100 100 100 100 100 100 100 100 62 91 33 90 38 61 100 73 93 100 55 45 100 92 33 100 98 84 100 100 87 100 100 37 53 62 100 100 24 81 100 100 100 36 100
34 64 16 59 96 12 100 100 33 30 100 55 100 27 100 100 100 100 79 54 100 100 39 100 100 100 100 91 73 100 65 59 100 100 100 100 100 100 100 96 44 100 100 10 66 100 74 100 81 100 100 100 20 79 100 100 100 5 100
70 100 100 36 100 100 62 100 100 94 100 100 87 100 100 100 100 100 72 100 22 11 41 100 100 100 100 100 21 42 100 100 100 100 100 100 100 100 74 100 0 100 55 44 100 100 100 94 28 100 96 100 100 31 100 59 32 100
49 69 65 99 13 16 65 60 100 100 1 90 16 100 100 100 18 18 21 100 100 100 100 100 100 100 87 44 100 100 100 100 71 100 100 100 73 32 100 100 100 100 100 93 70 100 45 34 100 29 38 100 100 98 100 70 100
63 56 100 100 100 100 100 100 47 69 100 100 18 45 87 26 100 49 100 100 8 100 100 37 100 57 6 28 100 35 100 100 88 100 89 87 27 100 100 32 100 100 100 100 100 100 100 23 19 1 96 100 100 100 100 100
100 12 100 100 11 100 94 100 100 100 100 100 67 100 100 100 100 100 91 100 88 100 100 97 78 100 100 100 100 100 100 100 10 10 35 79 100 100 100 100 100 100 100 100 100 100 100 100 100 14 100 100 24 99 100
100 82 100 100 47 47 53 100 60 100 75 100 45 100 72 100 100 75 100 100 79 21 100 100 20 100 66 46 100 54 64 100 65 100 100 100 21 100 85 100 100 50 100 100 14 100 100 100 100 100 95 43 100 100
100 100 89 53 100 100 100 57 100 100 27 66 100 100 0 21 36 100 100 100 90 100 100 100 1 100 100 100 100 100 100 100 100 24 100 51 100 1 29 100 100 100 59 100 100 98 28 100 1 100 100 100 100
100 100 100 100 100 75 100 100 100 100 74 84 100 100 72 100 75 100 1 100 100 4 70 100 100 79 32 85 5 100 11 100 100 100 86 36 100 100 100 100 100 100 5 100 100 91 54 65 38 100 31 100
33 1 51 100 59 100 100 90 100 15 100 61 62 100 99 100 2 100 100 100 41 100 25 91 100 46 100 84 100 100 96 100 40 58 100 100 100 85 100 100 10 89 100 100 0 100 100 100 66 100 100
7 37 100 38 100 100 10 80 100 43 10 93 100 100 100 100 9 61 28 16 34 17 100 100 100 9 12 100 15 100 100 100 82 100 89 50 34 100 100 95 71 100 33 59 100 73 33 26 100 100
100 69 93 90 88 30 100 96 100 68 42 94 12 46 100 100 5 79 100 100 100 9 36 23 58 10 100 8 100 96 100 100 31 48 66 100 100 38 100 77 21 100 25 100 100 80 14 100 100
100 100 100 86 21 100 29 100 100 100 100 100 100 100 100 70 13 92 100 100 100 66 100 77 100 56 100 47 100 14 100 100 87 3 68 100 100 100 100 55 3 100 100 66 87 65 100 100
74 100 76 98 100 100 73 25 100 100 100 19 100 100 63 100 100 100 72 89 100 100 100 100 100 100 100 7 100 7 90 48 100 57 100 100 48 79 100 65 82 100 100 100 17 27 100
45 100 14 100 87 100 100 100 100 100 100 33 100 42 100 11 42 100 100 13 100 58 96 100 77 5 100 100 100 100 100 100 100 42 100 53 5 100 100 30 58 100 100 26 100 100
100 100 26 100 100 50 100 56 88 11 100 100 7 100 16 100 9 100 100 100 97 100 48 100 100 100 8 100 98 85 100 22 33 100 100 100 100 17 100 44 100 100 100 100 100
100 28 26 72 2 100 4 100 26 100 100 100 0 99 100 100 100 100 19 12 92 45 100 52 100 67 100 23 100 100 100 100 100 100 100 16 43 100 50 100 100 40 100 100
100 100 24 77 100 54 62 100 100 100 100 100 66 100 100 100 100 100 68 100 26 9 100 51 100 61 61 100 100 100 79 12 100 89 73 32 57 100 100 20 54 11 100
26 54 100 100 100 63 100 22 25 54 100 76 49 100 100 22 100 40 100 96 73 19 100 100 100 25 100 100 100 10 100 100 2 10 100 16 44 17 100 100 1 100
47 100 92 100 92 16 100 100 100 100 30 100 53 100 0 29 61 100 100 62 100 80 85 83 100 64 100 100 100 74 100 100 100 100 100 24 83 69 58 12 100
71 13 11 25 74 98 100 60 100 25 100 100 48 100 73 23 100 100 70 100 100 100 84 100 100 19 68 100 9 100 100 89 17 100 100 100 100 100 10 100
34 100 100 24 100 39 100 49 96 92 100 44 100 59 100 100 100 100 4 90 100 100 100 72 65 100 67 100 58 100 13 100 83 100 100 64 100 100 100
56 10 4 100 100 46 100 98 100 100 100 100 100 100 88 95 100 100 100 64 100 1 100 91 97 100 98 100 21 59 56 100 100 100 100 100 41 100
34 55 46 100 96 100 62 100 96 56 100 0 100 83 100 72 100 100 16 53 6 7 61 100 100 98 10 28 94 22 100 100 40 100 76 100 100
51 36 22 42 71 73 55 100 100 98 100 91 17 81 57 100 89 65 100 100 92 65 100 6 73 100 100 27 100 45 2 23 83 52 100 100
100 14 100 96 100 68 89 50 19 55 72 100 93 48 100 100 44 100 100 100 54 82 4 10 65 100 58 7 100 47 100 37 100 100 100
100 100 100 100 100 69 62 100 100 89 74 95 22 100 100 51 100 100 100 100 100 67 100 100 61 100 100 57 13 100 100 51 19 100
100 66 100 100 100 100 100 100 100 100 55 99 3 8 100 100 65 8 36 100 34 100 91 38 100 22 4 75 26 100 4 83 100
78 100 3 100 100 100 88 100 72 100 34 42 85 100 100 81 26 100 79 100 100 100 100 100 100 61 100 94 100 100 78 100
100 100 100 44 100 33 100 45 27 100 100 69 95 100 30 100 66 100 100 100 41 90 100 71 100 96 35 100 100 100 100
33 95 57 71 32 100 100 57 100 100 100 100 69 100 100 100 100 30 35 89 100 100 50 100 100 100 100 40 100 100
4 100 100 100 100 100 100 100 100 45 79 40 97 100 13 100 100 77 100 100 100 100 7 100 74 100 100 59 100
55 100 56 100 100 12 100 100 100 100 48 100 100 6 24 100 39 57 100 95 100 100 19 51 80 100 100 100
100 100 100 100 48 98 100 77 100 100 87 98 100 89 100 99 100 100 67 100 59 2 100 100 100 37 100
34 1 82 100 100 100 100 100 100 100 100 22 100 89 2 100 100 78 100 100 100 13 100 100 100 100
100 54 100 47 100 92 48 82 28 100 12 100 42 100 100 100 100 73 93 94 59 100 100 92 100
100 100 45 52 35 100 100 100 64 16 100 74 68 38 100 61 29 61 66 100 60 100 100 100
100 100 100 100 95 100 100 100 100 100 68 100 100 35 100 100 100 100 100 100 41 46 100
90 100 100 88 100 11 100 66 70 100 100 100 100 59 100 77 80 54 100 99 100 100
100 100 100 47 100 32 100 48 100 100 7 100 20 100 54 100 100 60 74 100 100
100 25 100 100 100 100 58 100 90 22 50 100 92 92 100 100 59 100 100 100
15 96 100 3 100 3 100 100 100 22 37 100 60 100 100 100 74 100 100
100 100 63 100 100 100 94 100 14 100 100 100 5 100 100 85 100 100
100 100 100 100 69 11 2 84 100 100 100 100 100 100 100 100 100
100 100 79 100 100 82 32 100 100 100 100 36 76 58 100 100
100 100 100 100 100 100 100 100 0 80 100 74 14 51 100
36 100 19 96 100 100 93 100 100 53 100 100 100 100
100 100 79 100 20 100 100 26 100 100 100 100 100
100 82 100 47 100 19 46 100 19 24 100 100
100 51 100 88 69 100 100 2 100 30 100
44 100 12 100 48 100 13 100 100 100
100 100 23 100 8 100 100 100 100
100 100 67 100 64 92 100 100
58 100 100 65 100 100 100
100 100 2 35 100 100
96 100 100 100 100
100 20 100 100
100 50 100
100 100
100
