
10;11;2.639;6.784;6.467;0.317;4.142;1;1;0;39;0;0;0
10;11;2.594;6.726;6.387;0.339;4.129;1;1;0;39;0;0;1
10;11;2.586;7.725;7.382;0.343;5.136;1;1;0;39;0;0;2
10;11;2.619;4.62;4.478;0.142;2;1;1;0;16;0;0;3
10;11;2.706;3.483;3.431;0.052;0.776;1;1;0;7;0;0;4
10;12;2.799;9.242;8.727;0.515;6.437;1;1;0;50;0;0;5
10;11;2.615;26.232;24.571;1.661;23.607;1;1;0;208;0;0;6
10;11;3.106;6.49;6.259;0.231;3.381;1;1;0;29;0;0;7
10;11;2.638;11.545;10.877;0.668;8.904;1;1;0;77;0;0;8
10;11;2.675;4.656;4.507;0.149;1.979;1;1;0;17;0;0;9
10;11.1;2.6977;8.7503;8.3086;0.4417;6.0491;1;0;10;6.0491;10;0;521;0;0