200 100
100 100 56 100 64 45 93 62 13 63 88 63 89 100 23 67 41 8 79 25 100 1 100 100 100 68 17 100 100 100 92 100 45 38 34 100 100 22 100 99 52 78 23 63 84 56 41 100 100 40 44 100 96 100 21 43 71 83 80 4 16 100 41 31 49 90 88 20 32 39 100 100 88 7 39 78 30 48 100 100 30 91 100 18 100 100 87 100 96 100 100 100 98 6 30 100 100 63 89 59 100 55 88 34 51 100 100 36 78 42 100 100 100 100 30 100 100 18 100 100 84 12 66 92 4 100 100 100 79 100 5 100 100 5 62 100 100 79 100 100 100 100 100 59 100 100 100 25 92 100 100 55 47 100 32 100 93 33 3 6 22 83 84 52 100 100 48 100 59 100 49 48 100 86 100 100 78 100 83 38 100 58 48 68 83 100 40 100 47 46 38 100 92 100 74 38 100 83 62 
5 15 100 92 34 100 26 11 60 100 100 21 100 20 100 18 24 75 100 11 29 81 100 47 100 82 62 84 47 47 41 100 100 100 25 50 100 92 4 100 100 100 100 42 78 5 58 2 100 100 20 100 100 53 11 100 55 100 87 100 1 100 100 100 61 20 38 100 100 100 99 100 100 71 100 92 42 62 20 100 66 26 74 100 71 22 14 27 59 23 20 100 57 22 89 82 100 13 100 100 33 92 94 100 100 100 75 100 35 86 100 100 37 100 75 56 100 60 85 100 100 100 84 46 5 69 44 100 46 100 40 55 74 84 28 54 81 100 100 100 72 63 6 69 100 69 51 18 65 20 54 100 5 25 100 100 100 48 81 36 100 59 27 40 100 10 100 67 63 25 73 100 100 15 44 91 59 64 100 10 59 52 80 17 100 54 78 21 80 100 86 100 100 100 61 69 100 100 
40 100 56 100 55 78 100 100 67 100 100 97 46 1 33 49 44 4 49 100 68 58 100 100 64 100 77 95 100 38 59 100 71 100 65 89 41 66 100 89 100 100 100 100 100 55 48 39 100 50 43 100 100 100 57 43 19 96 80 86 70 100 100 89 98 71 30 24 100 9 69 100 100 100 100 100 100 50 83 15 45 100 88 82 51 100 0 88 100 100 100 100 17 15 41 100 100 74 42 100 100 6 94 47 100 95 47 100 100 100 38 12 100 100 93 31 53 100 52 20 60 29 20 7 100 100 100 22 100 90 12 61 48 72 54 100 100 100 50 61 100 68 64 32 38 77 91 76 21 100 100 59 56 100 49 98 60 100 20 37 100 100 100 92 49 100 100 16 48 62 100 85 98 100 20 100 1 100 100 50 100 100 100 100 70 45 52 21 63 100 100 100 43 100 100 100 3 
98 27 2 89 100 9 88 14 17 100 100 14 52 100 100 25 100 5 58 23 100 100 100 100 100 100 39 84 100 100 100 100 5 100 100 95 88 100 49 34 55 100 100 100 100 100 53 100 100 100 0 11 100 100 21 20 36 36 100 96 95 83 97 48 66 89 85 19 37 100 32 33 57 100 47 19 64 54 72 100 100 48 59 91 100 18 46 100 56 100 52 62 80 81 100 71 100 100 72 15 100 5 100 64 38 100 96 59 69 2 100 99 100 62 80 82 90 100 44 75 100 75 37 100 99 100 66 100 100 32 21 100 100 100 82 15 100 58 37 100 100 23 71 52 100 30 100 29 2 29 100 80 81 75 23 67 100 100 100 65 100 20 10 27 94 100 16 100 24 100 94 5 4 30 21 47 81 100 64 78 57 100 48 8 100 87 100 100 11 63 100 100 100 90 100 88 
100 26 100 88 100 30 100 7 100 70 100 78 46 100 100 100 44 6 100 57 68 48 100 42 42 100 1 92 100 73 39 100 97 11 100 16 100 11 100 100 87 0 32 100 43 21 21 98 48 99 96 23 100 49 8 59 22 74 100 87 100 9 100 72 48 100 100 17 100 58 100 60 100 43 7 100 72 98 100 100 100 85 100 66 97 26 68 34 100 35 93 60 100 26 74 54 100 60 74 100 76 49 88 76 100 15 39 100 28 100 100 100 100 41 35 36 100 67 36 100 56 45 10 96 85 100 100 100 100 33 39 99 56 55 91 67 100 11 23 65 44 61 60 42 96 100 15 48 100 100 100 40 29 68 45 100 100 100 100 100 98 100 100 54 51 100 100 47 100 4 84 46 96 100 38 100 80 51 82 65 21 57 100 100 68 100 71 20 70 100 31 86 94 12 50 
100 100 14 42 32 100 100 29 100 10 23 32 44 100 100 100 81 47 100 100 94 100 100 100 54 27 98 83 79 48 100 100 39 11 100 100 59 100 54 100 75 9 30 80 100 100 100 40 66 5 100 70 72 21 10 26 17 13 57 100 100 17 44 84 67 100 100 100 100 100 2 100 58 66 100 25 100 100 98 100 100 64 100 88 93 95 93 100 100 62 100 67 100 40 32 100 100 61 100 11 92 100 70 67 79 52 100 3 100 9 100 22 100 52 5 100 15 100 100 100 58 4 100 100 52 100 87 44 5 100 100 100 100 41 39 76 32 12 100 31 2 50 100 67 22 93 90 42 100 54 54 74 9 100 100 100 14 27 100 33 100 81 16 62 100 100 33 100 16 100 100 100 47 100 100 73 66 100 100 51 100 1 48 98 100 57 100 100 64 79 100 28 5 100 
24 100 100 100 8 43 84 100 100 100 54 74 37 85 100 22 100 100 10 19 100 100 100 86 44 100 48 100 100 98 42 69 100 100 27 9 16 95 47 9 84 43 83 26 100 100 33 100 100 100 100 66 62 100 81 100 40 100 42 100 100 26 100 18 100 100 100 100 100 23 35 48 100 23 100 17 6 58 100 80 100 100 45 100 100 100 86 23 30 34 87 87 26 35 99 48 96 33 17 100 16 27 23 60 34 100 41 55 90 100 100 100 11 16 100 36 100 13 35 8 100 100 40 26 89 52 100 2 60 64 9 83 36 23 31 95 15 1 65 100 65 100 61 32 21 100 68 63 100 95 100 100 37 61 100 100 100 22 100 74 43 31 100 100 11 72 100 100 53 100 21 100 35 100 81 91 100 100 72 100 54 100 32 100 100 91 100 58 100 77 99 100 71 
78 100 14 100 51 89 9 100 100 100 100 100 100 59 72 51 7 72 100 43 67 36 72 100 100 61 32 100 6 30 32 100 100 50 34 91 100 2 41 100 40 56 36 71 100 100 41 82 57 100 22 75 40 100 17 80 93 100 100 100 100 100 100 100 67 1 11 100 13 100 98 72 32 4 100 73 27 100 100 24 6 27 62 94 40 100 44 100 71 40 61 42 49 100 19 50 71 100 100 100 100 6 100 94 33 100 100 100 62 100 98 100 100 100 29 100 77 31 78 100 24 56 100 100 69 36 100 100 71 100 100 100 6 3 23 43 6 100 100 100 97 35 10 70 100 91 10 77 100 0 100 64 100 62 33 25 100 40 82 100 100 87 89 66 100 5 64 100 100 24 48 52 62 100 100 43 100 100 100 12 100 7 71 100 100 7 100 31 100 2 100 100 
89 6 98 100 100 35 18 27 20 6 100 9 41 6 19 47 1 32 70 100 25 100 100 100 100 99 56 69 100 2 100 100 62 100 35 8 100 100 13 67 100 62 92 66 90 100 100 64 14 4 36 100 100 81 67 100 26 26 100 42 70 100 59 2 100 59 24 27 100 45 49 100 100 14 80 100 100 100 100 31 43 100 100 65 100 100 100 100 100 34 79 0 49 50 23 25 100 100 100 100 31 100 7 100 100 19 81 16 100 31 24 51 82 72 53 100 100 22 77 86 88 0 64 91 100 100 94 16 13 100 53 100 60 46 100 56 43 100 100 57 70 79 100 79 100 90 100 100 100 100 70 45 100 100 0 100 30 100 100 11 100 100 22 18 91 56 67 20 42 34 100 98 36 13 57 30 2 100 96 100 68 100 1 100 100 29 100 1 100 72 96 
100 70 40 80 83 42 72 100 85 25 100 13 40 80 100 100 62 63 31 87 83 95 100 92 100 100 49 30 82 100 100 5 13 34 100 100 74 64 69 15 53 70 30 100 15 100 100 100 37 100 19 66 20 18 100 61 100 36 29 6 83 74 100 89 100 4 40 100 16 1 21 100 100 43 85 2 66 100 50 100 71 100 48 71 100 65 100 100 100 100 100 31 50 45 100 30 79 100 100 34 82 100 100 100 25 100 75 97 100 100 35 100 54 58 100 46 100 100 75 87 50 100 61 100 100 67 100 100 80 22 100 49 100 79 43 100 100 10 100 100 61 35 1 100 100 70 49 21 100 20 70 25 100 56 100 13 99 100 100 80 48 100 54 0 13 100 53 8 70 86 98 42 19 100 100 68 100 100 86 100 100 34 100 80 100 55 41 100 33 6 
26 70 100 17 50 71 100 100 100 100 100 26 8 24 17 68 100 90 100 61 58 13 59 100 31 39 100 10 62 100 48 64 100 49 97 100 40 90 38 100 29 100 45 23 51 86 67 100 61 100 100 32 7 12 100 9 1 87 56 88 91 82 87 45 52 15 60 37 37 8 100 23 36 54 39 57 100 100 36 100 100 99 41 80 80 100 100 93 100 100 100 100 100 11 29 97 57 100 37 18 55 6 100 41 100 5 63 100 81 45 65 1 100 35 79 100 24 100 100 66 2 20 59 100 100 100 88 72 96 100 90 100 100 26 32 100 22 78 100 100 42 100 26 14 100 25 34 1 100 76 100 33 63 81 61 18 49 75 100 60 100 89 39 97 67 71 100 64 84 100 100 100 8 28 99 80 40 100 46 100 49 100 100 49 99 100 100 5 100 
68 20 10 77 100 76 56 22 10 100 80 71 23 13 100 93 100 100 47 100 74 51 87 94 100 100 13 38 28 11 100 68 100 100 69 100 43 57 26 21 89 100 100 37 64 100 11 9 28 91 100 37 100 35 100 84 45 77 100 22 100 74 22 100 74 48 88 84 100 100 100 44 58 30 92 22 100 64 24 100 42 100 41 61 100 100 38 100 47 25 100 78 54 100 34 100 100 87 95 81 36 74 59 3 100 17 100 36 14 100 100 100 68 100 100 22 100 5 92 99 52 89 100 99 100 48 100 100 52 100 52 100 63 27 23 100 100 19 100 5 90 62 100 19 100 100 14 100 100 100 100 100 72 100 44 97 24 100 40 100 39 76 86 98 36 41 100 100 30 100 100 34 38 12 100 100 89 100 100 71 100 77 73 100 72 100 25 100 
100 100 100 21 100 100 18 100 79 24 50 100 16 32 100 59 100 32 100 16 66 38 54 82 100 100 100 33 65 57 89 5 43 33 100 48 88 100 100 100 100 25 51 61 72 100 100 83 55 25 100 100 88 100 14 100 6 94 82 100 78 41 9 25 100 100 100 100 100 100 94 45 9 93 100 18 65 97 87 10 100 100 100 100 89 95 36 100 100 34 55 100 64 100 100 36 18 100 100 100 100 56 22 100 100 11 74 6 100 72 100 96 100 43 25 49 88 92 100 100 65 100 41 35 38 86 16 100 100 100 56 94 22 99 23 100 100 100 65 21 51 1 100 84 14 100 73 100 56 94 37 37 100 57 100 72 100 100 90 100 71 100 100 8 62 26 100 57 100 100 3 24 54 100 100 100 100 32 100 84 28 100 100 40 97 98 100 
100 100 79 100 67 19 65 11 22 51 24 74 100 10 100 100 100 100 20 100 36 76 4 64 100 100 40 100 100 35 100 16 100 53 69 0 100 100 100 99 100 7 73 88 100 100 28 100 90 54 88 56 100 97 50 28 80 96 100 29 8 85 13 69 3 100 77 37 100 100 69 100 64 99 98 100 60 100 18 100 100 100 15 2 100 100 56 11 57 50 100 100 100 89 53 100 44 100 100 90 100 24 70 100 100 24 100 100 13 11 1 99 100 62 83 100 100 100 75 84 100 52 34 88 97 69 8 31 70 99 100 86 40 95 36 100 90 100 100 82 14 80 100 100 100 34 100 100 66 100 54 100 17 95 40 100 68 82 85 34 33 83 100 100 13 100 36 100 18 100 33 18 100 100 72 100 100 100 17 37 50 100 100 100 8 54 
46 100 100 1 8 100 40 100 11 100 100 29 91 100 57 100 100 100 92 8 44 65 100 14 76 1 100 52 100 100 88 62 100 100 67 100 4 11 69 100 100 96 78 31 59 100 55 100 42 100 43 100 96 40 65 35 86 100 100 100 86 12 27 49 8 100 1 100 100 5 100 94 78 100 78 28 7 93 100 100 54 100 77 100 50 100 34 100 20 100 38 100 28 100 100 67 17 79 56 27 100 8 91 11 100 100 22 5 100 100 72 28 34 53 100 18 100 100 100 92 100 63 84 21 100 100 35 78 100 50 100 61 100 38 100 100 90 100 100 97 100 100 100 100 26 100 61 48 37 100 6 91 35 55 95 100 21 100 19 100 68 91 100 100 100 9 48 13 100 100 63 100 82 100 8 92 100 21 100 100 26 7 33 88 100 
100 100 100 100 100 100 73 68 100 69 88 100 8 96 100 100 100 3 42 46 100 100 76 97 33 39 78 66 96 13 100 100 100 96 100 100 100 88 87 100 100 8 100 100 35 100 100 49 38 100 100 24 100 13 100 30 28 60 100 100 100 100 100 17 100 100 54 100 100 76 44 85 91 100 59 100 15 67 97 100 100 19 100 100 85 80 89 53 3 43 25 100 100 90 100 89 100 100 100 70 49 96 100 0 100 100 64 100 88 94 69 100 100 65 5 18 59 14 59 17 100 48 15 100 76 100 97 100 60 77 100 59 86 27 100 14 84 100 13 2 74 100 11 4 100 94 31 100 100 79 86 100 13 25 19 100 57 100 21 95 100 100 100 100 100 84 63 100 100 100 90 6 100 24 76 5 100 22 34 6 16 60 5 85 
70 92 100 24 5 82 67 83 100 78 8 100 100 42 96 26 49 69 100 100 100 100 100 82 33 100 44 71 56 42 10 100 8 100 100 100 75 61 100 32 96 46 0 100 100 49 55 100 28 59 100 75 96 4 100 100 100 100 100 52 3 72 100 77 25 3 11 80 17 53 0 100 100 100 43 91 100 89 100 100 7 70 100 72 95 92 67 100 5 93 100 100 8 67 78 34 76 35 100 100 100 100 52 16 100 19 7 100 28 80 99 55 61 100 100 100 100 1 100 100 100 100 40 97 100 100 12 91 100 20 100 100 100 46 91 16 100 5 66 1 33 100 13 100 15 23 100 52 78 42 19 100 89 100 51 100 100 32 62 100 77 94 80 100 98 83 44 58 100 49 100 100 36 100 57 54 11 86 56 94 25 76 64 
100 4 25 100 100 100 100 100 100 20 3 100 90 100 32 100 41 76 100 15 84 58 71 100 100 85 88 56 100 100 98 100 100 27 35 82 100 84 100 100 100 84 100 88 33 90 87 100 94 100 55 5 25 100 55 38 99 53 88 94 41 36 100 78 79 100 100 80 77 100 87 100 36 83 100 27 100 100 50 23 21 100 100 100 88 50 69 40 12 100 11 44 90 33 42 54 100 65 32 83 63 100 46 21 99 100 73 89 72 1 100 100 100 75 75 0 12 99 75 75 100 100 100 100 47 26 100 100 100 100 99 100 100 100 100 0 64 93 100 40 100 100 86 100 100 100 29 72 100 68 61 47 58 8 15 33 63 20 100 43 61 65 10 100 57 100 72 54 27 70 39 100 12 100 100 100 100 100 43 77 96 69 
87 69 60 55 74 100 51 66 74 100 60 100 23 96 25 100 100 45 100 100 40 100 6 100 100 70 100 1 13 100 14 100 100 51 100 100 100 12 100 100 16 2 60 46 8 100 12 94 100 8 100 84 65 100 34 100 76 4 39 100 61 80 100 86 41 100 100 100 67 100 100 51 98 90 11 100 100 97 31 100 21 62 74 100 12 100 100 6 43 100 100 31 44 34 88 85 81 100 96 78 66 100 37 89 27 100 100 100 100 86 37 88 100 100 100 100 100 100 32 100 100 100 100 71 100 43 100 100 40 79 79 28 100 100 100 85 100 100 75 58 100 100 100 11 57 100 87 25 38 54 86 81 100 16 100 53 100 100 100 97 91 77 25 100 100 100 42 87 91 100 73 100 85 61 63 16 15 100 100 100 100 
100 100 76 95 100 21 70 100 100 99 11 100 17 100 100 100 100 96 100 100 62 100 26 100 100 95 62 100 9 85 93 24 18 100 100 13 100 45 98 46 58 100 100 100 64 6 68 100 96 47 46 75 100 100 100 8 90 92 8 100 100 100 90 100 89 100 21 14 38 100 42 100 25 52 100 56 0 77 51 100 23 66 52 24 40 100 100 100 100 1 100 62 5 100 74 47 100 55 65 100 15 54 12 56 1 100 41 14 100 48 75 100 100 22 100 32 100 17 100 51 100 83 0 51 100 2 100 100 100 7 91 82 100 57 32 100 7 100 100 100 100 100 93 100 100 33 100 100 30 100 89 71 74 100 65 100 32 61 82 100 100 13 94 100 86 100 38 81 96 49 52 47 55 100 48 100 100 100 11 44 
47 34 100 29 60 62 38 66 90 100 67 20 83 100 72 76 43 100 76 100 3 54 61 90 100 18 100 94 81 83 24 100 78 100 90 100 100 100 63 100 46 62 67 93 100 32 42 89 71 13 52 60 100 71 48 85 100 21 34 62 17 100 100 40 63 49 89 100 67 100 100 100 100 75 100 2 67 19 88 13 23 100 85 7 46 100 74 6 22 89 0 71 100 100 100 3 2 21 67 26 100 100 100 9 100 82 32 87 88 11 0 100 36 100 100 100 81 31 4 82 28 47 100 13 100 100 24 74 62 100 92 100 67 100 100 6 8 36 100 10 100 100 41 100 100 100 100 98 79 84 100 41 17 64 30 58 29 58 100 100 87 53 25 41 14 69 100 74 68 45 12 100 100 94 100 24 100 34 100 
53 100 5 4 91 100 34 49 84 97 100 61 100 43 100 1 100 13 65 100 100 100 100 0 100 44 100 95 64 100 81 7 4 100 100 14 93 100 100 36 100 60 100 100 14 54 100 100 100 91 100 41 28 67 100 50 41 12 32 100 83 63 100 44 100 100 100 27 100 22 100 61 100 100 91 100 100 52 100 63 35 100 100 7 40 100 100 21 1 100 100 78 27 80 47 86 100 100 100 32 100 100 87 100 100 100 100 24 100 100 100 90 100 83 78 62 80 40 100 100 55 68 33 38 31 8 100 100 35 98 100 13 100 80 66 3 100 100 100 75 42 100 67 75 31 46 21 90 76 100 99 100 0 100 100 100 3 73 100 75 59 46 100 14 100 100 55 100 100 21 79 74 2 95 100 26 100 84 
32 76 100 49 26 100 44 100 91 2 48 61 2 14 14 23 74 100 100 40 12 100 100 90 100 100 100 100 100 100 83 100 0 100 100 28 12 100 100 100 73 5 55 100 37 64 17 25 0 41 81 100 100 100 1 42 100 100 9 43 68 88 9 100 100 73 63 100 95 44 30 91 68 89 100 39 38 100 72 100 4 100 51 54 97 100 100 100 41 43 52 88 54 56 31 93 32 0 6 100 100 47 34 86 100 100 16 22 100 88 81 87 52 40 100 99 100 79 74 44 91 1 100 80 93 100 100 100 100 100 100 78 20 100 25 100 51 28 65 95 90 8 45 100 100 41 42 100 5 100 85 2 100 100 100 23 100 38 44 36 47 79 63 99 75 18 45 97 50 34 14 100 15 100 67 55 95 
100 1 100 97 87 10 100 100 61 100 2 100 100 21 100 58 21 100 100 43 8 100 3 60 36 38 100 8 95 100 17 71 46 55 58 100 77 78 100 11 69 100 97 100 33 19 8 48 100 5 12 38 14 30 62 100 74 68 94 99 100 100 53 100 58 100 100 81 100 66 92 87 38 96 100 6 8 43 7 100 25 52 100 43 100 45 86 39 100 69 100 100 51 100 100 2 100 10 100 100 100 96 100 100 5 100 42 100 34 72 17 39 34 100 44 96 95 13 100 100 37 94 100 43 6 93 100 100 50 1 4 100 100 31 100 38 37 100 100 100 100 16 77 100 17 100 10 100 100 5 100 62 100 100 100 100 10 42 100 87 30 34 76 84 100 100 100 19 76 100 95 38 34 100 36 88 
48 49 100 100 100 59 73 93 74 86 100 100 46 100 53 10 36 100 9 0 100 54 90 6 100 9 59 18 2 42 67 38 100 100 96 87 15 18 96 47 24 27 100 42 100 11 82 100 28 100 100 77 14 100 100 92 100 37 82 100 100 100 89 18 87 3 90 45 100 100 13 100 20 17 100 36 43 96 19 100 100 100 75 100 26 42 48 100 47 96 100 6 100 15 43 12 45 43 28 100 94 29 23 95 27 100 67 45 8 31 100 44 47 100 16 52 100 72 43 100 7 46 27 17 100 100 73 75 73 100 9 5 4 55 58 100 100 44 12 100 52 5 18 25 100 100 84 76 98 13 84 64 25 36 3 100 66 14 92 75 60 13 64 100 43 100 60 100 21 100 67 100 73 75 30 
32 26 100 67 40 12 100 56 87 85 98 80 76 100 88 100 15 22 65 49 100 77 100 65 85 100 2 85 22 100 100 41 83 93 4 100 65 34 100 95 100 100 53 100 57 100 71 6 38 74 99 10 27 68 41 84 81 1 100 70 84 69 100 100 100 54 100 16 100 100 100 47 62 40 77 44 100 100 99 4 63 26 100 100 95 76 100 91 29 46 0 100 86 50 19 100 100 37 100 12 100 45 99 84 70 92 9 100 100 52 100 77 100 84 57 8 19 100 66 58 68 100 100 69 51 21 18 81 100 52 97 100 53 63 100 7 100 25 35 100 32 42 100 6 24 100 39 100 83 23 27 62 82 45 100 38 100 2 64 61 100 64 15 92 100 83 100 100 57 64 83 18 50 36 
100 84 100 100 100 46 0 100 89 0 100 29 100 90 81 34 100 80 82 100 61 100 100 100 100 100 49 54 100 2 97 100 100 42 82 100 24 58 55 29 100 52 100 100 99 100 100 100 100 23 100 100 100 100 5 65 100 47 100 100 53 89 98 63 1 70 100 46 100 100 92 100 83 61 95 100 8 100 100 44 43 36 53 56 100 27 97 41 40 100 2 100 55 100 100 100 58 34 33 96 2 100 100 53 100 100 24 0 73 33 34 100 95 100 26 47 100 61 100 100 100 27 100 34 100 100 13 100 100 100 100 100 0 36 100 100 100 65 100 100 71 100 15 100 97 33 70 73 67 100 11 82 100 86 33 100 100 36 18 87 60 100 100 100 29 100 90 100 18 65 100 31 15 
100 36 56 100 100 100 79 7 100 48 9 100 100 49 52 100 76 58 27 100 100 100 66 31 79 39 100 94 100 40 84 100 30 100 100 49 100 100 99 3 100 94 100 65 46 100 38 100 44 0 100 49 100 100 61 66 100 66 100 100 100 55 92 86 100 98 34 100 100 39 0 86 11 64 89 56 100 93 93 85 85 20 41 2 27 100 100 66 100 88 37 100 100 40 100 60 100 100 90 50 30 100 17 40 13 100 76 100 100 81 39 45 74 70 12 100 100 88 5 100 76 7 73 100 42 100 19 78 100 40 100 4 58 100 100 100 22 100 100 76 62 80 69 35 4 100 92 10 47 100 86 39 55 22 46 100 89 100 59 10 21 100 100 89 60 100 17 85 100 47 75 53 
100 13 100 48 100 97 49 74 100 100 7 100 61 5 15 14 100 100 37 0 100 1 100 25 3 87 100 64 51 69 100 100 100 16 100 100 41 68 100 100 21 38 9 3 0 65 59 65 100 60 100 41 100 9 68 86 15 100 35 20 100 28 33 67 69 31 4 20 70 19 100 100 97 66 15 3 100 100 6 29 63 43 100 87 100 100 100 100 5 100 36 29 51 35 100 43 68 100 77 89 59 100 26 61 100 57 100 88 100 100 100 100 27 100 100 100 100 100 19 100 100 90 10 62 7 100 100 92 27 19 77 100 100 7 100 27 100 76 77 100 100 82 100 100 65 24 9 100 78 15 69 100 68 100 100 100 100 100 2 100 92 5 100 62 9 32 9 100 91 88 26 
99 94 100 64 16 39 100 100 100 100 100 100 42 74 94 100 100 100 100 100 17 33 27 100 100 70 49 100 100 50 59 100 100 90 50 15 100 15 5 60 50 89 45 100 33 100 100 88 97 100 20 14 2 91 1 33 100 40 100 4 69 60 39 100 100 100 100 19 36 32 8 100 100 100 54 97 100 43 100 61 20 59 100 51 98 76 76 4 25 100 68 84 50 100 100 76 100 80 39 81 100 51 100 40 100 100 57 100 81 52 58 95 100 70 100 19 100 100 94 88 86 63 43 69 78 1 100 36 39 87 100 96 100 100 100 100 70 11 13 100 57 100 85 5 10 100 100 98 20 100 4 100 100 100 23 45 88 82 66 100 87 96 8 13 34 70 57 100 100 11 
100 100 100 100 100 89 46 100 2 96 76 100 83 75 44 100 88 39 75 77 24 83 75 68 72 65 33 11 100 46 7 76 68 37 100 13 100 74 100 92 30 77 100 100 6 100 20 5 82 84 100 100 100 37 25 100 58 29 100 40 47 100 78 100 100 100 100 95 31 67 80 22 100 100 50 100 100 33 100 100 54 72 87 26 70 39 70 9 26 100 100 100 64 100 64 100 100 3 2 63 100 27 19 42 100 100 100 100 14 2 75 100 54 91 69 15 100 25 100 72 100 100 66 100 100 100 100 57 44 41 100 90 12 100 38 18 100 100 71 100 52 100 100 86 39 5 100 41 59 100 100 100 28 78 93 100 100 98 100 60 65 23 84 10 19 43 99 100 58 
68 100 34 17 33 85 100 17 5 53 60 11 98 84 100 62 92 52 100 89 72 87 100 94 100 98 100 100 100 100 74 100 75 86 100 8 100 100 100 100 56 100 100 100 100 79 7 29 100 100 22 62 99 91 58 100 19 74 100 4 100 100 19 97 100 61 88 75 94 36 23 25 1 58 100 100 100 48 87 100 100 38 81 24 100 100 49 100 7 100 47 100 75 40 15 100 100 37 100 100 39 100 100 37 100 23 55 100 84 43 100 23 62 38 92 79 31 100 100 100 46 54 54 93 73 86 1 19 39 100 32 100 100 67 100 100 58 68 21 12 100 100 6 81 7 100 100 100 100 100 100 100 12 100 66 20 14 33 100 100 100 90 100 100 33 100 58 100 
100 92 99 74 51 100 39 33 100 100 75 65 100 19 100 97 51 43 100 43 23 81 100 45 39 100 100 100 59 34 1 65 35 19 17 21 100 85 35 100 43 100 69 100 100 98 44 100 66 100 100 59 100 62 70 86 100 82 86 91 100 62 20 98 94 4 81 14 10 100 100 67 96 100 5 56 2 81 100 57 100 100 100 31 60 100 100 81 59 28 40 43 74 95 100 100 100 10 90 66 100 37 35 86 86 49 62 24 100 31 50 83 36 100 81 16 80 97 36 100 100 52 97 17 7 61 100 32 92 27 59 100 100 5 100 100 44 52 86 100 71 100 100 61 35 16 45 100 31 69 100 61 98 14 100 100 100 100 100 100 61 70 18 51 86 100 100 
87 87 68 100 100 86 51 100 100 100 91 39 22 100 13 100 46 100 92 100 81 63 65 100 68 3 100 100 64 100 100 97 100 16 29 100 100 32 100 63 33 62 52 3 100 96 32 38 64 100 35 74 100 100 75 100 62 21 60 100 100 47 100 100 75 33 100 100 100 71 3 18 55 100 14 59 65 100 57 1 96 41 34 22 73 100 44 100 100 100 100 27 91 46 92 100 43 100 100 92 2 88 22 76 99 29 11 100 28 23 84 9 85 100 6 19 34 100 67 100 20 100 100 100 56 100 100 100 3 2 70 100 100 23 100 100 92 100 56 99 57 88 100 60 56 23 100 100 73 100 100 22 80 100 100 100 69 93 100 100 100 17 100 100 100 23 
100 100 100 28 64 2 100 100 100 10 82 32 19 100 9 11 92 100 100 100 100 99 95 80 37 79 100 76 100 63 34 73 88 100 41 15 15 28 65 81 100 100 43 31 83 93 48 100 44 82 100 44 63 77 100 88 60 26 77 100 100 100 100 77 69 97 54 100 100 43 100 53 82 67 37 100 59 100 54 100 81 11 100 17 61 100 100 100 6 22 61 13 32 89 24 62 47 100 58 20 53 29 46 4 100 74 100 100 42 70 38 99 61 100 36 100 100 28 81 100 28 87 100 100 60 41 85 100 100 100 100 100 2 100 74 100 100 25 100 100 3 32 100 46 100 100 63 100 27 100 74 100 57 19 38 100 24 100 19 8 14 32 100 100 100 
90 15 100 100 47 100 11 43 18 100 2 45 100 62 73 100 61 63 57 55 94 76 19 7 100 21 97 100 100 100 18 15 30 66 100 100 100 42 74 100 59 62 63 29 89 100 100 98 14 100 30 100 99 56 57 32 53 100 61 100 65 86 59 100 100 100 93 100 100 100 91 32 13 100 100 100 79 35 49 76 100 23 35 98 67 100 89 29 100 14 19 77 2 100 63 86 100 54 41 67 100 56 100 4 82 37 39 18 57 68 100 62 1 100 66 100 100 100 35 82 100 100 15 100 100 100 34 40 100 100 0 100 55 100 100 70 63 100 3 100 100 100 100 93 66 45 78 69 40 100 100 90 34 86 77 100 28 100 15 100 100 100 16 9 
1 100 72 56 3 100 22 97 100 9 100 68 63 2 38 81 100 44 100 62 100 8 10 63 100 21 100 81 3 20 100 15 74 96 86 100 8 100 90 100 100 46 100 67 29 84 39 100 56 39 100 89 100 100 75 0 35 100 99 26 100 100 81 16 100 100 26 100 44 100 65 1 100 100 100 100 100 77 0 100 69 21 48 74 65 100 49 52 93 100 30 81 57 100 70 30 100 100 18 88 100 10 96 100 100 18 4 100 100 4 100 93 100 100 99 100 32 21 17 5 100 67 100 100 14 33 100 100 100 80 62 5 66 68 25 100 79 100 100 100 3 37 7 100 63 2 100 80 21 100 31 27 100 65 0 54 83 97 100 36 35 100 100 
100 42 100 100 18 66 100 34 100 100 100 42 73 43 100 100 59 100 79 12 24 100 65 86 52 91 100 100 86 73 100 47 100 45 7 51 65 72 68 25 100 100 100 75 88 78 3 100 39 2 51 46 100 29 39 26 100 100 31 100 100 100 94 81 40 100 100 100 31 17 29 100 100 100 42 100 69 0 81 100 100 40 100 76 100 94 100 100 100 100 100 68 15 100 100 3 59 72 38 99 100 41 79 7 1 70 78 100 44 100 100 96 28 100 100 100 100 23 87 70 43 93 30 32 12 58 100 100 24 34 50 23 63 100 94 100 32 100 95 16 42 100 82 100 54 71 76 100 61 76 100 14 100 78 92 23 100 11 91 83 85 36 
94 100 64 100 100 61 26 47 95 100 100 31 16 100 100 100 100 63 15 100 11 100 12 100 86 100 23 89 21 100 100 100 100 54 44 100 87 100 100 100 79 100 99 64 20 18 100 2 1 91 100 100 100 89 73 72 30 32 100 71 36 74 100 100 58 82 100 39 100 100 60 41 100 100 75 80 100 100 100 47 3 66 100 71 100 83 53 100 100 100 25 100 100 100 58 100 100 35 70 100 100 100 60 18 23 66 51 40 5 100 71 100 100 56 52 98 100 100 100 72 100 29 100 15 100 73 96 100 100 16 100 100 100 22 89 100 85 51 100 100 70 100 97 100 100 78 100 100 41 100 100 92 12 39 10 58 39 100 25 91 72 
36 13 52 100 24 61 39 0 100 100 19 100 50 53 100 100 49 66 74 41 76 40 34 4 100 59 73 53 100 100 96 100 91 13 100 76 100 100 100 60 98 100 53 75 2 49 100 4 54 100 100 100 78 18 65 83 85 100 100 38 100 45 0 21 44 37 47 35 100 72 34 72 100 100 0 27 100 100 48 61 100 6 100 100 40 100 35 100 29 100 69 90 100 16 100 0 65 100 100 89 94 82 100 100 36 100 100 70 63 100 100 100 51 100 82 56 76 100 100 56 9 100 100 37 75 43 79 57 24 56 23 100 35 100 100 100 100 37 40 44 43 78 5 15 100 100 100 100 77 100 100 18 42 100 48 85 100 60 100 100 
67 26 75 65 78 89 98 100 74 39 14 98 43 14 100 86 100 35 100 100 88 100 100 100 69 100 100 78 60 11 21 67 100 49 100 78 100 74 33 81 34 58 27 42 73 100 73 53 100 100 100 51 100 38 100 100 100 96 48 59 100 100 70 100 100 18 100 99 44 79 100 100 100 51 100 100 100 100 21 36 15 100 57 84 49 21 48 56 100 42 17 0 100 100 36 27 45 57 80 100 73 28 48 98 79 73 41 7 8 78 97 100 42 30 100 100 66 70 100 58 0 72 82 100 100 100 22 14 47 100 20 71 34 85 75 100 66 42 100 60 28 81 13 29 100 100 6 100 83 100 100 82 100 95 100 100 100 47 100 
55 34 54 53 100 42 100 100 5 31 58 100 10 92 81 72 100 24 100 95 7 5 100 22 81 100 92 100 100 100 9 91 100 79 30 100 31 39 36 82 93 9 64 97 100 48 96 100 100 69 100 99 46 33 30 94 100 82 93 58 100 24 100 100 9 100 100 100 7 92 100 43 100 100 100 32 59 7 37 100 47 100 24 70 100 100 100 54 100 100 100 63 50 100 47 100 39 83 91 100 100 72 92 100 20 10 69 88 100 100 42 7 90 100 15 100 65 100 88 89 100 100 51 100 100 100 61 32 78 100 77 100 100 51 40 100 29 92 22 1 55 55 72 25 39 100 100 22 72 100 64 98 12 61 100 100 100 29 
69 79 100 36 46 100 100 100 17 100 100 100 45 39 12 100 3 100 100 100 100 42 100 100 100 51 100 100 100 100 100 100 100 47 100 100 79 16 99 77 45 100 13 86 94 64 100 100 89 97 25 64 100 25 100 67 99 100 77 94 28 90 43 47 100 4 100 100 100 80 100 3 27 100 100 100 100 28 37 100 70 71 80 58 100 100 6 100 89 100 59 97 100 100 20 34 100 2 2 100 40 69 69 31 100 51 100 100 5 79 1 48 8 100 12 31 61 55 93 41 55 100 62 74 58 73 22 76 100 58 31 52 100 100 10 100 100 100 100 55 78 100 100 33 56 79 2 100 100 100 100 6 52 26 63 24 22 
14 100 69 39 84 100 100 59 40 100 47 18 54 100 100 100 70 84 18 100 100 93 72 33 100 65 87 97 89 48 2 29 100 100 100 100 90 10 100 28 100 100 100 100 49 10 14 100 11 100 100 1 48 35 18 100 100 83 33 96 100 24 63 95 100 100 100 36 42 100 31 37 100 82 79 100 98 84 100 85 46 26 100 100 100 100 65 100 70 83 29 100 20 62 34 29 68 12 100 65 62 100 87 100 100 100 100 36 100 62 49 100 100 78 19 100 100 36 76 43 59 91 80 67 100 100 100 94 88 100 96 22 100 34 70 57 18 100 16 100 51 100 60 95 25 100 44 59 53 86 100 16 100 45 100 50 
100 100 19 96 2 36 93 92 37 100 100 100 19 100 100 100 30 28 100 73 66 100 100 100 100 78 99 66 34 13 25 76 41 72 50 19 100 100 100 100 100 100 0 100 56 32 76 92 18 47 74 100 56 68 27 26 6 100 100 40 100 100 78 100 9 88 10 100 70 78 100 34 92 100 39 23 100 100 8 100 79 49 58 92 100 36 100 14 100 53 50 95 85 100 42 55 36 100 72 100 35 64 36 70 80 100 94 100 87 69 22 50 100 100 82 66 65 96 100 73 100 39 59 100 72 50 100 1 100 53 100 100 94 12 86 100 31 40 88 100 92 72 100 59 4 100 100 100 100 75 100 100 100 92 60 
100 53 100 65 100 100 97 4 46 75 100 100 100 62 100 100 100 3 100 19 100 100 3 80 100 58 75 92 100 100 100 29 100 100 100 72 22 100 73 100 34 55 87 100 63 53 27 56 76 100 14 99 100 61 56 100 100 77 100 100 100 91 81 19 27 65 100 100 24 100 37 100 100 94 100 35 2 28 100 41 100 100 6 72 100 100 100 100 63 100 71 71 60 54 27 31 76 53 26 7 100 98 100 8 4 51 69 100 100 39 100 100 12 29 29 100 100 90 100 100 100 10 22 25 48 53 85 37 58 79 100 97 41 5 100 100 100 73 98 51 47 100 73 100 100 49 80 25 38 100 32 9 100 59 
5 77 30 64 100 100 8 100 100 100 22 100 60 75 100 18 100 100 24 100 100 62 98 99 27 77 100 100 31 43 100 100 84 83 86 18 65 100 100 68 59 82 69 100 10 59 17 100 100 100 100 2 100 100 33 100 100 100 26 20 100 100 100 100 97 33 76 100 100 8 100 28 100 4 100 71 100 57 78 100 82 84 18 100 100 18 100 96 69 6 20 100 22 20 33 83 34 100 100 23 100 100 41 56 25 87 14 100 77 100 100 100 100 76 76 100 100 100 100 36 100 44 100 85 47 100 100 34 69 100 100 100 58 100 92 38 100 94 100 100 67 71 15 100 100 26 100 59 15 100 6 100 100 
100 100 100 100 100 30 95 38 62 100 15 78 38 63 100 55 87 36 20 25 4 15 100 39 100 29 92 78 100 73 90 49 100 63 68 43 100 45 100 100 100 39 31 42 48 40 1 54 100 57 27 69 100 8 48 32 84 42 73 53 8 100 76 100 100 43 86 29 34 36 49 58 50 25 100 100 3 100 46 100 100 56 26 100 100 100 31 15 78 28 100 100 73 1 38 100 96 100 100 100 99 53 100 79 100 100 41 100 5 100 53 20 20 55 29 100 23 100 100 100 23 52 100 100 2 100 4 69 1 100 100 4 75 63 100 28 100 100 6 100 100 100 100 35 44 76 100 30 100 96 72 100 
73 9 56 18 59 89 35 13 32 100 61 100 75 67 100 53 100 100 100 100 69 100 78 81 58 16 57 87 100 62 31 100 75 100 100 100 100 20 4 100 62 100 5 100 62 70 3 82 61 9 100 3 100 54 89 32 100 73 100 100 100 100 86 55 73 93 100 77 100 84 100 81 6 100 88 57 37 10 20 63 100 100 12 66 100 88 10 69 69 91 71 57 52 22 47 10 17 29 71 100 100 22 38 53 97 50 100 43 100 100 100 100 56 100 28 40 23 100 100 100 100 54 100 74 99 20 28 65 100 100 36 2 100 100 100 36 46 4 98 15 18 21 63 96 91 56 69 82 23 100 100 
16 100 34 100 11 43 100 100 75 100 65 71 70 100 90 92 16 35 51 100 43 34 99 52 83 94 41 100 100 0 100 45 100 17 63 57 100 100 54 92 81 99 16 74 1 100 42 55 0 13 35 22 100 75 61 85 29 84 100 100 100 100 9 94 71 100 14 100 80 100 99 100 5 68 15 100 33 78 63 100 3 100 100 78 68 29 100 75 100 78 100 100 100 25 100 15 24 100 95 100 15 25 100 100 65 100 70 11 100 65 45 50 86 100 100 82 50 100 23 10 100 49 100 86 100 19 100 60 100 96 57 12 100 35 47 100 70 100 100 100 85 49 100 100 100 100 100 100 89 88 
90 25 100 100 100 61 100 100 1 3 100 39 100 100 33 100 60 100 36 33 100 69 100 96 77 100 100 74 51 100 69 81 100 40 100 86 100 6 100 78 100 100 100 43 100 39 100 100 57 57 58 100 6 100 74 91 19 13 19 42 100 100 55 100 100 18 100 33 41 34 100 100 100 84 75 100 29 100 57 72 86 61 95 100 100 80 41 21 70 100 3 100 100 100 0 62 100 59 1 16 78 20 52 71 6 100 2 100 100 74 100 7 81 24 100 100 69 100 53 100 19 8 100 8 100 100 100 46 31 100 73 16 31 79 76 100 27 18 19 100 38 25 100 93 35 9 81 95 19 
100 42 14 100 100 13 57 96 72 79 100 100 3 53 100 87 100 89 33 93 100 24 100 100 89 56 9 79 78 57 95 100 100 100 100 43 57 36 100 100 100 100 13 70 48 54 100 97 70 100 56 100 56 18 100 50 100 47 39 8 37 100 24 100 98 37 100 100 24 23 100 100 100 100 93 23 96 100 42 36 80 100 100 100 61 100 100 100 100 100 94 78 15 96 100 57 38 36 56 23 50 66 62 78 1 100 100 73 100 75 40 37 100 6 100 64 59 71 88 68 89 88 32 100 9 91 18 27 100 4 100 100 35 4 46 100 100 39 71 97 100 67 100 8 100 7 100 100 
100 100 20 100 96 7 54 52 24 100 11 52 100 33 100 100 100 6 73 100 100 95 100 100 76 6 100 69 33 100 38 100 100 100 93 6 100 74 71 12 100 100 100 100 55 32 36 51 90 18 100 100 100 100 25 82 25 17 10 27 100 14 100 100 14 100 100 100 99 100 24 64 100 100 55 100 100 100 100 35 92 72 100 16 32 14 100 26 100 76 85 100 35 100 76 100 8 3 71 100 52 48 89 61 100 63 100 100 69 23 34 41 1 34 77 100 52 100 58 64 9 100 5 9 48 100 81 100 95 5 100 76 77 97 21 100 70 100 18 86 100 100 100 87 33 100 96 
100 13 100 100 100 100 100 100 68 42 28 100 100 41 45 100 100 74 100 100 17 100 30 41 74 100 79 4 74 45 88 32 100 53 8 42 100 54 39 78 100 100 81 100 65 100 100 75 59 62 83 79 3 94 3 100 48 100 100 3 93 100 64 50 100 100 1 72 5 100 100 69 100 14 100 100 47 100 52 100 100 99 100 100 39 5 100 76 100 100 94 53 12 94 100 7 42 100 100 89 100 18 9 100 100 91 12 59 100 17 100 45 30 100 59 44 36 57 78 52 87 21 100 25 3 100 23 100 12 100 100 100 100 100 10 30 100 41 100 0 100 26 100 77 100 87 
100 100 49 86 59 100 100 20 82 21 54 31 8 100 43 48 88 100 56 100 100 100 18 100 100 100 31 100 100 100 16 90 100 17 8 12 100 54 100 90 100 100 100 94 73 91 89 26 7 100 100 100 41 48 100 24 48 100 100 100 100 87 40 12 100 100 21 100 32 33 100 100 39 79 100 26 78 92 100 100 100 19 100 100 18 100 12 100 100 48 100 100 80 100 100 90 41 33 77 75 100 56 99 22 18 60 33 100 19 100 100 66 14 100 100 30 100 81 100 78 100 93 75 0 100 24 100 31 100 60 16 100 83 2 63 78 3 100 31 100 100 100 100 86 86 
86 100 100 100 19 100 43 8 100 24 100 93 93 2 49 100 100 37 41 75 72 39 72 25 67 96 4 25 79 100 100 58 30 100 100 79 39 21 100 5 5 100 33 100 100 50 100 100 100 84 0 100 100 3 62 28 23 100 38 100 100 89 100 100 100 38 100 100 100 69 82 100 36 100 34 100 99 34 100 100 100 100 100 50 88 100 75 10 100 16 47 100 100 100 100 16 99 70 100 57 53 92 20 35 100 100 23 59 71 29 78 56 100 66 49 43 19 24 100 84 39 100 100 52 100 100 100 100 100 100 76 54 35 49 100 16 100 100 49 100 35 35 30 43 
100 100 100 22 44 100 43 18 95 100 97 96 94 100 57 7 47 85 36 35 45 100 48 100 89 17 100 75 100 21 1 79 45 100 39 24 100 14 100 90 63 36 23 100 68 97 80 100 100 82 13 17 100 47 28 14 41 100 52 62 100 100 45 100 51 65 9 96 12 84 27 8 47 100 28 100 100 34 31 84 100 100 100 24 98 15 100 100 52 80 100 93 92 68 53 48 52 100 36 8 100 100 100 49 42 6 12 100 1 81 69 100 100 55 32 87 87 60 71 60 100 47 67 92 37 18 56 8 100 100 100 100 100 26 47 2 100 77 100 100 100 15 58 
10 100 15 15 25 100 72 100 96 73 100 100 2 71 68 81 100 87 100 95 37 50 95 54 100 100 46 100 100 7 100 35 100 100 54 26 100 100 89 17 84 100 100 10 4 62 95 100 100 99 42 15 14 66 72 100 78 12 100 40 100 60 40 96 3 100 1 100 100 100 0 100 83 15 0 100 41 81 36 100 39 100 100 40 4 100 100 100 75 0 100 100 80 100 86 75 51 18 52 76 100 100 100 89 100 5 100 19 14 33 100 100 100 100 54 11 8 70 5 100 50 100 100 100 100 63 11 43 100 27 9 100 100 100 100 100 29 8 100 100 74 100 
95 100 43 47 99 100 26 100 73 94 100 100 100 68 30 56 37 36 40 30 31 52 86 35 86 76 100 100 100 57 47 9 9 21 68 100 94 2 2 2 100 100 100 33 71 100 40 12 100 64 76 100 5 100 100 36 70 38 100 100 8 35 21 100 100 67 46 93 100 100 20 48 32 100 89 87 22 69 80 100 40 21 91 100 28 18 23 9 26 41 100 91 100 47 100 31 65 60 71 90 80 45 100 100 100 100 80 100 10 100 100 25 58 100 100 100 93 88 96 100 62 100 100 74 100 58 45 22 100 49 100 100 92 100 92 100 81 100 30 88 100 
100 100 44 32 33 100 74 100 100 76 68 40 100 57 100 71 100 68 76 69 81 68 68 13 100 7 100 14 100 100 47 94 73 96 20 42 100 38 1 100 100 5 67 100 25 100 14 81 3 10 26 71 4 47 100 100 100 6 48 100 3 37 47 94 100 87 100 8 100 54 100 100 100 62 60 13 100 44 100 78 100 100 100 16 100 100 50 100 100 88 75 98 100 10 100 93 100 100 42 80 13 37 100 100 59 100 100 98 100 94 23 100 100 100 100 9 77 100 35 35 100 63 77 100 63 87 22 100 100 100 100 100 100 10 24 60 62 26 100 66 
100 91 100 100 85 100 68 100 76 100 38 72 49 100 100 76 9 42 100 23 100 100 26 100 100 100 100 66 100 94 18 57 22 66 75 100 55 100 24 100 35 16 100 58 44 93 91 73 29 100 100 56 100 100 100 67 76 100 87 100 38 48 51 27 100 100 100 50 100 90 100 48 59 100 61 72 58 45 100 61 74 88 38 52 44 100 100 3 100 100 100 100 100 58 1 91 73 2 57 21 43 100 93 89 78 24 100 82 100 100 62 100 72 75 1 34 81 100 100 60 100 82 86 100 34 100 93 11 100 87 8 16 33 11 100 100 72 100 100 
25 51 100 100 100 60 100 97 100 37 100 87 45 38 41 14 49 45 23 81 43 100 100 8 59 56 100 100 67 100 64 100 0 51 57 77 17 100 100 81 50 100 55 100 100 89 100 100 100 70 50 100 100 0 100 44 100 100 100 84 56 100 87 11 100 27 33 45 100 62 11 90 100 86 70 97 67 91 27 100 100 100 69 55 16 100 22 100 100 100 53 100 94 92 57 100 17 13 90 100 73 100 28 35 21 52 100 65 86 100 66 100 65 6 84 74 10 100 100 56 89 100 41 7 18 100 100 60 100 52 30 64 100 100 100 100 49 99 
80 100 75 100 24 100 6 42 83 100 100 100 8 100 100 13 100 100 1 47 100 100 44 52 100 100 100 62 100 14 75 21 9 76 2 100 18 85 81 100 100 100 47 71 4 100 100 43 93 97 100 100 100 100 100 100 100 36 10 100 100 42 100 97 86 92 100 90 19 81 54 35 100 89 74 100 26 21 51 100 75 97 12 32 7 100 52 100 100 100 61 100 100 100 27 100 96 100 13 100 100 100 100 49 33 36 100 78 100 56 40 73 97 54 47 82 50 80 100 100 57 95 93 46 100 36 40 100 100 100 100 100 11 85 100 52 32 
78 12 62 83 100 100 100 100 69 86 100 95 100 100 100 100 60 100 27 1 100 91 100 100 42 100 30 67 100 39 74 100 43 100 44 26 28 4 100 100 56 37 4 50 100 100 63 100 100 100 100 72 100 55 100 52 86 100 16 100 100 100 100 76 68 49 100 100 100 100 75 100 16 100 100 100 36 2 13 75 100 78 100 100 9 100 87 79 25 22 38 16 100 100 33 77 83 0 75 100 80 86 68 53 57 92 100 9 43 6 46 100 90 11 89 79 55 100 100 100 6 0 100 100 100 94 67 100 100 14 52 100 48 100 100 25 
95 31 63 7 100 32 6 100 100 74 79 100 67 31 100 100 100 19 16 100 62 16 100 29 34 100 61 79 100 63 97 100 6 63 12 41 56 71 100 100 78 86 89 58 89 61 87 100 4 50 100 79 68 100 100 33 100 1 73 79 41 70 4 43 78 100 100 100 76 5 42 69 100 100 100 100 29 100 83 1 100 100 62 100 34 58 100 85 71 100 100 100 80 100 94 100 100 67 66 74 30 100 89 57 70 100 64 90 82 11 100 100 14 37 25 100 54 88 22 26 100 100 20 64 15 44 100 100 87 38 100 100 100 100 82 
50 28 53 58 80 100 84 82 5 35 45 1 100 17 100 39 100 90 100 68 92 18 100 62 10 100 24 100 100 100 59 100 81 100 42 13 47 100 100 71 63 100 17 100 54 6 100 43 100 100 98 21 100 21 7 21 100 63 100 45 100 100 45 73 100 49 100 100 17 52 100 27 49 100 83 90 76 15 18 68 79 100 100 44 53 100 65 100 26 43 8 100 100 78 100 20 100 10 91 41 30 48 14 100 100 68 100 20 58 34 100 11 100 100 31 51 96 40 25 94 9 9 50 100 100 59 100 100 100 2 78 100 100 24 
68 100 90 78 0 64 98 100 86 84 78 100 64 46 100 47 13 100 100 49 80 100 99 100 83 96 30 100 100 100 100 100 29 49 100 85 100 12 80 53 46 61 15 100 19 64 100 45 95 58 58 53 100 100 7 100 63 17 100 86 7 64 100 54 80 22 65 47 18 100 71 98 73 100 50 35 100 100 90 100 100 100 61 3 35 100 66 100 66 100 100 8 100 100 26 27 100 59 8 42 62 58 100 100 100 100 66 55 100 21 61 100 16 30 100 100 96 19 100 100 100 49 13 82 100 100 100 50 100 57 100 62 41 
100 100 100 76 28 10 98 88 10 20 100 96 31 100 24 24 79 23 100 100 60 100 86 100 100 100 98 99 100 100 75 61 100 34 31 100 99 67 100 53 20 65 21 100 79 97 100 100 100 15 100 100 99 100 19 100 100 29 100 39 100 100 21 88 33 100 54 69 71 55 100 9 45 100 100 87 100 24 9 43 100 12 100 100 94 100 68 7 39 33 19 85 100 100 100 91 100 68 30 62 100 100 14 0 31 100 77 100 56 100 100 100 100 1 100 90 100 8 100 100 36 54 100 100 68 35 43 76 2 100 90 61 
100 67 76 100 68 100 5 20 27 62 100 16 71 43 60 29 100 19 100 89 1 100 100 100 100 100 100 100 41 61 72 100 100 100 100 100 100 66 74 100 0 100 16 53 100 90 16 100 100 16 13 26 100 100 23 100 100 100 100 98 100 29 100 70 49 37 88 100 14 50 38 30 23 100 100 39 100 100 89 100 41 89 61 40 44 100 35 3 65 100 86 100 12 30 100 100 100 100 6 47 58 100 25 35 14 100 100 45 40 11 87 100 100 100 100 100 73 100 9 75 100 100 13 67 70 79 34 100 14 100 100 
73 100 54 100 100 100 10 100 16 44 9 26 56 80 65 50 1 89 13 18 100 22 28 100 19 26 76 100 100 100 34 25 8 100 100 100 72 100 100 18 100 100 100 84 39 34 58 25 96 100 39 100 41 100 100 100 14 100 100 100 77 53 86 48 24 88 90 13 100 51 100 29 43 100 59 62 61 100 100 14 100 100 100 66 82 100 57 100 100 66 65 87 100 100 44 100 100 78 100 100 100 5 93 19 100 83 62 31 100 19 100 100 89 10 100 0 100 100 14 69 100 72 66 60 67 96 69 39 100 100 
55 100 7 37 65 20 97 100 100 39 100 97 24 100 56 87 79 100 91 28 100 15 100 100 100 100 76 43 100 77 90 48 100 13 100 32 36 80 46 46 59 81 42 100 76 71 100 100 82 100 30 100 100 100 100 63 100 46 93 100 65 100 100 100 100 76 100 0 100 97 100 100 29 100 100 92 31 53 94 2 100 100 66 22 53 100 50 100 100 99 81 100 34 35 100 1 88 91 18 100 100 100 22 18 100 90 46 73 100 100 100 85 38 6 100 100 100 20 76 21 100 0 100 100 100 31 53 100 6 
30 42 100 46 100 100 93 100 68 99 37 100 100 100 100 56 69 100 100 19 100 11 40 100 62 100 100 4 98 100 46 95 100 62 37 89 100 25 30 70 100 4 100 100 15 100 100 82 88 6 100 100 100 59 20 100 68 77 99 20 25 84 51 100 100 41 45 62 100 49 71 73 100 53 100 21 37 100 84 80 100 100 49 28 52 100 31 66 100 100 100 35 100 100 100 100 23 100 40 100 100 100 100 100 100 33 100 100 63 100 100 16 54 100 96 100 36 100 100 100 100 9 100 100 100 100 100 100 
100 100 100 100 100 100 91 100 100 63 100 27 100 100 100 100 100 14 100 100 100 19 100 100 100 80 100 43 47 100 37 100 100 100 82 54 100 57 52 100 100 100 35 100 100 7 100 1 100 100 71 100 66 100 100 100 100 100 45 19 100 31 100 38 88 43 7 100 100 12 100 100 25 81 100 86 100 100 100 71 100 100 1 100 8 100 36 25 23 10 100 29 100 22 59 100 50 56 100 47 3 100 70 100 100 100 100 100 100 65 100 100 100 100 100 100 100 0 71 96 100 36 100 4 100 100 70 
100 89 17 100 100 100 100 52 74 65 100 100 100 57 12 53 100 100 100 100 100 100 100 100 97 100 100 11 43 6 91 76 100 100 50 100 100 14 100 100 17 76 100 61 96 100 1 100 100 100 100 39 100 100 100 53 100 100 100 100 34 40 100 100 78 22 100 42 100 100 100 100 82 100 100 73 100 100 37 100 100 100 4 100 98 100 100 100 10 100 94 58 100 100 100 95 1 100 100 44 100 100 100 100 100 100 27 70 100 100 41 100 100 79 85 100 60 100 100 100 100 100 100 37 100 20 
11 100 100 93 93 27 100 35 100 100 100 100 11 100 100 96 100 33 100 100 100 100 100 100 78 100 71 100 40 100 100 22 100 100 100 6 38 84 100 67 100 100 40 100 61 64 100 100 98 100 100 100 100 20 17 82 100 100 100 83 100 100 56 100 68 100 100 40 74 55 100 100 100 100 100 100 88 100 100 100 100 100 17 83 68 100 100 100 90 100 98 80 100 41 100 100 100 100 100 100 100 97 100 100 100 1 100 29 100 25 100 81 4 26 54 100 100 100 100 100 17 100 81 22 100 
100 100 100 100 17 100 62 100 100 100 100 100 100 89 100 100 54 15 6 87 100 100 100 5 100 100 47 59 56 100 100 100 100 93 85 100 86 100 100 100 74 100 100 15 100 100 100 100 54 19 4 83 99 14 39 42 72 100 10 100 100 100 100 100 100 14 15 100 100 100 78 100 100 100 20 100 67 100 20 100 41 100 100 100 88 100 84 23 100 100 100 100 59 76 77 100 100 100 25 100 100 76 100 100 9 84 91 100 72 100 100 19 100 100 100 100 100 92 77 100 96 83 66 85 
100 100 100 100 100 1 54 16 100 100 88 100 100 100 100 100 100 100 15 100 100 100 100 100 45 100 3 100 100 79 100 100 100 100 100 0 100 100 100 100 100 100 100 100 100 100 100 67 100 69 100 100 100 100 80 100 100 28 100 100 12 37 47 100 100 78 100 63 67 93 100 96 100 100 89 100 63 100 71 100 84 100 100 100 100 100 59 23 100 68 100 100 100 39 100 84 100 100 100 100 65 100 55 100 100 100 100 100 20 100 100 64 100 100 62 100 95 100 33 53 89 100 100 
94 18 43 100 100 100 6 64 100 72 100 100 100 100 100 46 100 100 100 53 100 100 94 100 100 92 2 100 100 100 100 90 100 36 100 100 100 100 43 100 100 100 100 77 32 100 100 92 72 100 100 100 100 100 100 50 100 36 68 100 100 100 100 21 100 100 35 100 54 100 100 94 100 100 97 100 100 100 71 100 3 52 100 100 40 100 100 100 100 100 100 82 100 100 5 100 12 100 100 100 100 100 100 100 100 100 10 100 8 42 100 100 62 35 100 31 98 100 100 100 100 100 
100 25 100 100 100 86 100 100 99 100 100 100 100 100 9 100 100 24 36 100 100 100 66 100 100 100 100 60 43 100 100 100 1 100 100 100 26 100 100 100 100 4 100 49 100 100 96 100 100 53 100 100 69 63 5 100 100 3 93 100 100 95 100 100 23 100 13 53 100 96 51 100 100 76 80 100 100 28 15 100 100 48 100 100 49 100 8 100 100 74 100 100 100 100 74 100 100 100 100 100 38 100 100 12 15 100 5 100 72 100 37 100 100 100 100 100 100 100 100 90 100 
3 100 65 25 20 100 0 97 100 100 7 100 100 100 83 100 100 100 100 65 91 100 49 100 100 100 37 100 100 100 43 60 100 88 79 33 100 100 18 45 100 100 9 24 100 0 100 100 34 72 75 100 100 72 100 100 100 100 100 100 100 100 51 41 100 100 23 59 91 100 100 100 100 100 64 56 40 100 100 100 73 100 100 87 100 79 55 100 100 100 100 71 63 100 100 100 100 100 100 49 100 100 100 49 100 85 95 100 24 61 100 100 100 12 80 100 100 76 100 43 
4 100 100 7 79 100 100 100 14 100 100 16 100 100 100 100 100 13 100 12 100 100 100 23 69 100 100 100 100 100 100 100 70 100 100 100 2 100 100 51 100 100 100 59 100 100 88 100 96 16 100 100 100 100 100 100 100 100 100 43 94 93 1 100 100 100 100 100 100 13 100 22 100 80 100 16 47 100 100 23 43 100 100 100 100 6 10 97 100 87 44 10 100 100 100 100 100 9 100 100 100 48 91 100 62 20 19 79 85 100 100 81 100 45 100 100 5 100 100 
100 100 100 82 100 100 36 25 100 88 100 71 100 100 55 23 100 100 38 1 100 100 88 100 100 81 100 66 100 78 43 100 23 74 53 100 100 65 100 23 100 66 100 100 100 100 100 60 100 100 100 26 100 21 100 100 76 22 100 64 30 100 100 100 100 100 100 100 100 100 100 100 100 85 26 40 58 100 1 52 100 100 100 100 100 100 21 100 100 90 100 100 100 60 36 100 100 100 79 100 100 100 100 100 100 100 53 14 33 37 100 10 34 79 66 100 100 100 
100 100 100 100 71 100 100 100 100 100 4 100 100 100 100 100 14 100 100 43 100 83 100 100 97 100 100 100 100 100 30 100 73 54 24 58 100 36 100 84 100 100 91 100 100 100 100 100 100 100 100 24 100 78 100 100 100 73 54 100 100 100 100 49 9 100 80 100 100 100 100 100 100 100 100 100 100 100 100 100 42 100 100 11 100 100 3 100 84 100 70 100 100 100 21 45 58 100 10 38 100 100 100 100 100 100 100 100 100 6 100 100 41 100 100 100 100 
100 71 43 27 27 100 100 100 100 100 81 16 36 100 52 100 100 62 65 33 100 71 75 100 100 100 100 51 100 100 100 48 27 9 10 100 100 76 56 52 100 100 100 100 100 100 100 84 100 62 50 100 100 100 40 100 67 100 100 100 100 22 79 100 100 55 100 76 100 100 100 100 79 82 100 100 17 100 100 100 44 37 100 26 4 100 43 100 100 100 100 89 100 99 62 100 100 100 100 38 14 100 100 100 100 54 100 100 39 64 96 100 100 57 4 18 
75 100 100 100 96 100 100 100 100 100 100 2 100 100 100 58 100 100 20 100 66 100 2 12 100 100 100 27 46 19 100 100 90 75 100 55 100 100 100 100 100 56 100 100 100 100 2 100 100 1 100 100 100 13 100 100 85 100 100 100 100 59 53 100 100 100 100 100 100 100 100 100 7 84 100 91 97 100 100 38 78 42 100 66 100 77 97 100 100 59 74 100 100 100 100 74 100 24 100 70 66 73 84 100 100 91 100 66 100 52 100 100 100 23 100 
3 100 100 100 100 100 53 100 30 51 100 100 6 100 100 100 100 100 15 100 100 98 52 100 28 100 100 100 79 100 100 12 100 100 41 97 1 60 18 100 48 100 48 100 100 100 23 46 100 100 100 100 100 46 100 87 91 21 93 100 54 100 35 62 100 100 100 100 100 100 72 100 100 9 47 2 100 100 61 100 100 100 100 100 2 100 39 100 100 100 100 100 92 100 100 100 100 11 15 100 67 100 100 100 100 100 100 61 20 71 100 100 100 100 
100 18 100 100 100 100 100 78 100 100 100 100 32 100 100 9 100 100 100 100 100 42 100 67 100 10 100 80 21 81 100 100 100 100 100 100 100 100 100 100 100 100 100 100 100 100 9 100 100 41 100 100 100 100 62 100 81 4 100 51 100 100 100 14 24 100 100 100 87 100 16 100 95 100 100 100 25 100 100 100 100 100 100 100 100 100 100 100 100 100 100 79 54 100 100 100 100 100 100 51 32 25 100 100 44 100 100 100 100 100 51 100 100 
100 100 100 28 94 67 33 100 100 81 100 21 99 93 29 100 100 100 9 10 46 80 100 100 100 78 100 79 16 97 3 100 76 100 17 100 100 52 100 100 57 20 100 100 100 76 90 100 100 100 100 100 79 7 100 62 100 3 100 100 100 100 49 100 100 100 55 100 44 66 30 100 100 64 100 80 100 100 100 100 16 100 100 100 100 100 100 34 41 71 82 14 100 100 100 28 63 100 100 100 100 100 69 45 100 100 88 53 100 100 44 100 
100 100 100 100 65 100 100 100 7 100 100 100 100 100 100 100 79 100 28 6 74 100 100 100 47 100 100 100 100 19 100 74 88 100 100 100 100 100 0 100 100 56 86 100 31 100 100 100 14 34 100 100 87 100 100 100 89 100 100 25 24 38 100 72 100 84 28 14 100 95 100 100 100 21 16 100 100 100 100 40 100 100 100 100 94 47 100 2 100 30 86 100 100 100 34 100 82 100 100 92 25 100 100 100 41 22 100 100 13 54 17 
100 100 20 29 27 98 68 64 99 100 13 100 15 100 100 100 79 100 70 100 77 16 100 100 33 100 100 100 100 15 100 65 84 100 32 100 100 58 31 100 100 100 100 100 100 100 67 59 100 100 100 100 5 100 100 100 100 100 84 100 100 52 100 100 18 100 43 64 0 7 0 100 100 40 96 100 100 53 100 100 100 100 66 100 100 23 60 100 100 27 100 100 100 85 6 100 100 48 6 100 100 100 38 100 94 49 93 100 100 9 
23 100 8 100 100 100 100 100 100 100 100 62 100 100 64 100 100 18 100 100 100 100 100 100 100 100 100 100 58 86 100 100 100 100 100 63 100 40 86 3 100 100 100 100 100 100 100 100 5 100 100 100 74 100 41 100 100 100 100 100 100 100 46 51 55 100 36 7 100 100 100 100 100 100 100 100 64 100 100 100 38 100 100 32 100 24 100 80 100 100 100 36 100 100 36 12 100 100 44 100 100 100 100 100 3 100 100 100 100 
100 72 100 100 100 100 100 47 100 100 100 100 100 93 100 100 68 56 100 100 22 100 100 84 100 100 100 100 13 100 100 100 100 43 100 12 100 48 44 100 20 77 100 100 100 100 100 100 100 100 100 100 60 85 100 100 21 100 3 100 80 28 100 24 100 100 100 31 37 100 100 100 18 100 98 100 20 100 94 100 100 100 100 100 74 43 100 44 42 100 89 52 85 100 36 100 4 70 100 100 100 96 100 100 100 100 100 33 
100 100 100 100 96 76 100 12 100 28 100 10 100 5 14 100 61 60 66 76 85 100 2 100 100 100 100 42 69 10 24 77 100 100 100 99 57 83 100 100 35 100 100 100 3 100 100 100 100 100 100 100 32 100 100 67 100 100 75 3 100 100 69 10 100 53 84 47 100 100 100 100 100 100 100 100 100 100 100 91 100 100 100 100 100 100 100 100 100 100 64 100 100 100 100 100 100 100 27 21 100 100 100 100 100 100 100 
100 100 100 44 100 100 54 92 100 100 100 100 100 52 94 47 100 100 73 83 100 100 100 100 100 100 100 100 100 73 43 56 79 100 42 100 100 5 86 100 48 100 19 100 100 100 80 100 100 100 100 32 100 100 100 100 100 100 100 58 100 25 100 22 100 65 22 100 100 100 100 11 21 100 83 100 100 100 2 100 100 100 92 100 100 68 100 2 100 100 100 100 100 100 54 100 9 10 100 47 52 100 100 72 56 34 
100 22 100 100 100 100 100 100 100 86 0 100 2 100 79 28 100 100 100 86 77 31 43 100 100 100 100 14 100 100 47 49 23 100 100 41 100 100 32 100 100 100 100 100 93 47 100 100 100 100 100 100 55 31 100 100 94 100 89 100 100 100 100 100 100 100 100 100 100 100 49 100 100 100 100 100 100 100 100 100 47 61 100 100 86 100 100 100 100 100 100 93 100 100 23 52 100 100 83 97 100 100 100 100 100 
12 100 65 100 62 100 70 30 100 92 100 5 100 98 100 93 100 100 100 100 100 100 86 100 100 3 100 100 100 9 100 67 100 100 66 100 75 94 100 100 100 100 33 100 100 100 100 26 24 100 100 100 100 2 52 5 100 100 100 100 100 100 21 100 100 28 100 3 22 100 100 100 100 82 100 13 14 26 68 3 100 15 33 100 90 100 45 100 100 100 100 100 100 100 17 100 100 100 56 100 68 100 100 100 
100 100 0 100 16 100 29 100 100 100 77 100 77 100 76 100 100 100 100 100 100 5 81 100 100 61 53 100 100 100 100 58 52 100 31 100 100 75 21 100 100 77 100 100 100 12 100 89 47 100 100 100 74 2 100 74 100 100 100 100 100 100 11 100 100 48 59 100 100 100 100 77 10 100 100 100 100 100 26 79 92 100 100 100 100 100 71 100 57 100 15 27 28 100 100 100 100 100 100 100 0 4 100 
100 6 33 100 100 100 100 69 100 100 37 100 92 100 92 100 76 100 12 51 100 51 100 41 100 79 100 100 100 100 82 41 100 100 100 48 100 100 90 100 100 100 62 30 70 97 94 100 1 100 100 12 36 100 51 35 100 70 55 100 100 100 100 100 100 37 42 59 100 100 100 100 28 47 100 100 66 32 20 52 100 97 100 100 100 100 100 100 71 100 100 100 62 100 54 100 100 26 100 100 100 100 
100 42 100 100 84 100 100 100 28 34 100 100 100 100 12 100 61 100 100 66 100 100 100 100 45 72 100 21 100 100 100 82 100 32 100 100 100 100 100 100 100 71 63 100 70 100 0 100 100 13 100 100 100 5 88 4 100 100 75 100 100 100 84 64 57 100 6 100 52 30 100 100 100 100 100 100 88 71 100 84 67 100 85 78 6 45 100 100 100 9 100 100 36 100 100 90 100 0 100 100 67 
100 100 100 100 100 100 100 100 100 100 100 19 100 36 97 26 100 100 100 100 100 100 70 100 17 100 74 100 100 48 100 26 100 100 74 100 100 100 100 32 54 55 77 17 100 100 75 100 100 58 100 100 100 100 69 100 72 100 100 100 100 73 100 100 100 100 100 100 76 100 100 18 100 100 100 100 100 100 46 57 100 23 100 100 100 91 100 100 100 16 100 100 47 100 30 100 48 100 100 22 
30 44 89 100 100 100 100 44 100 36 19 85 100 100 55 100 100 14 81 66 100 100 100 100 90 43 42 43 6 64 100 100 100 74 100 11 100 100 100 100 40 100 100 80 100 56 100 100 98 100 100 100 100 100 100 100 100 100 97 74 98 100 100 100 100 55 77 56 100 58 100 100 100 100 17 100 13 57 100 100 94 100 100 100 100 100 100 100 100 88 44 100 16 100 100 100 34 100 100 
79 100 73 3 78 100 96 100 100 100 100 100 100 87 100 100 100 86 100 100 87 100 10 100 100 36 85 21 100 100 100 100 100 100 100 100 92 100 100 14 100 100 100 100 100 100 66 100 58 100 100 100 100 100 100 100 89 100 26 100 100 98 100 100 100 100 100 100 46 65 100 43 100 80 100 100 98 100 100 100 100 100 100 34 100 97 6 94 100 100 100 100 100 100 100 62 75 29 
44 2 100 100 48 100 100 100 100 100 54 100 100 100 100 0 25 66 100 100 100 100 52 22 0 17 83 100 100 83 100 100 100 100 100 100 100 100 100 7 7 24 100 71 100 79 100 32 43 31 100 24 100 100 69 100 100 100 13 100 100 24 72 27 100 100 49 100 100 100 100 26 28 53 59 100 30 61 100 48 100 68 100 15 100 100 100 100 100 100 100 100 100 100 100 76 100 
100 43 76 100 100 100 100 45 100 100 100 0 100 100 33 100 100 100 100 100 100 100 100 87 100 100 100 100 68 100 100 100 81 100 100 100 100 100 100 11 100 88 100 100 100 45 100 100 100 100 100 54 100 100 99 100 100 100 100 100 42 100 92 32 100 100 100 100 100 37 100 100 43 100 100 76 55 3 100 100 100 4 100 3 100 81 100 86 100 42 100 100 85 100 100 100 
100 87 22 52 100 100 100 100 100 100 100 100 100 46 100 100 100 100 100 44 100 100 100 77 100 100 100 100 100 100 100 100 81 100 100 73 100 36 15 100 100 100 100 100 100 100 100 83 100 100 100 100 5 100 100 100 100 100 37 100 100 100 100 100 100 100 100 100 100 100 72 100 100 83 85 2 100 4 100 47 100 100 87 79 100 100 100 62 71 100 100 90 100 100 100 
100 100 100 100 100 100 34 100 100 80 100 100 100 100 100 100 95 100 100 46 100 100 15 100 100 77 49 78 100 100 0 100 70 100 100 100 100 100 49 44 100 100 100 100 100 88 100 33 0 100 83 100 100 40 21 77 14 100 67 100 100 100 100 100 29 100 71 3 100 33 100 85 100 100 100 100 100 100 33 100 100 42 100 100 100 100 100 100 39 87 65 100 14 100 
14 100 79 100 30 23 59 83 55 100 6 100 100 100 100 45 47 79 83 53 100 100 100 100 100 18 84 77 100 100 100 78 22 100 100 100 100 90 100 78 100 100 10 94 100 100 100 34 100 100 91 100 100 100 15 79 15 100 100 100 100 100 100 100 100 69 11 81 100 2 70 100 73 100 100 100 100 100 65 100 100 100 94 100 100 100 100 100 100 100 63 100 44 
94 100 100 100 100 100 100 100 49 100 100 25 43 16 100 64 100 100 74 15 100 100 100 48 26 24 100 28 100 76 95 100 100 100 47 100 79 31 100 25 100 100 100 100 100 100 100 100 100 30 100 100 100 100 100 100 100 100 75 1 100 60 28 100 100 100 74 2 41 100 100 99 100 100 100 100 100 100 100 14 100 100 100 36 100 25 92 100 100 100 100 100 
100 100 100 100 25 100 100 100 12 100 100 100 51 100 55 100 1 100 100 100 92 100 100 100 93 100 45 100 100 100 100 100 2 100 100 100 95 37 100 100 100 26 95 100 42 100 100 64 100 15 18 100 100 41 22 100 100 100 19 100 100 15 100 100 93 100 100 100 100 100 50 100 100 5 100 1 10 84 100 100 100 100 100 100 95 100 57 89 100 100 84 
100 100 19 94 71 100 12 100 100 20 100 100 100 80 42 100 100 100 73 8 100 100 49 100 73 100 100 100 46 100 100 100 22 100 62 100 100 100 100 6 68 51 100 52 35 100 100 100 60 100 79 100 100 82 100 100 100 100 100 100 100 32 100 99 100 100 100 38 100 100 88 100 100 100 100 54 98 100 69 57 100 100 59 84 100 54 62 100 47 100 
66 100 100 100 100 30 100 100 100 100 100 100 61 100 100 100 73 65 100 82 100 48 90 100 9 17 45 100 100 32 100 100 100 100 100 56 59 67 100 100 100 100 100 100 75 100 56 100 100 100 100 100 42 100 92 100 100 100 50 84 100 100 100 59 100 98 44 65 100 100 80 64 100 100 100 52 22 43 81 2 3 54 100 100 100 100 100 22 25 
48 100 100 23 100 100 100 100 100 100 100 21 100 73 100 100 86 44 100 100 96 100 62 100 100 8 100 100 100 100 0 48 100 100 34 96 61 44 100 100 100 100 100 100 100 100 100 100 53 100 11 99 100 24 100 64 100 100 100 79 100 100 100 100 100 91 100 10 100 5 95 38 48 100 100 100 100 78 63 49 100 100 100 100 100 100 100 17 
100 100 89 100 1 39 30 36 100 72 100 67 100 100 18 100 100 100 2 100 100 100 100 100 100 100 100 100 100 91 100 100 55 61 1 100 100 100 100 43 100 100 84 7 100 24 100 100 100 100 100 79 19 100 89 100 100 99 100 28 100 100 21 100 91 51 44 4 100 100 69 100 100 100 30 100 9 83 100 70 100 28 100 100 29 34 100 
100 100 100 100 82 100 100 39 35 100 100 100 100 100 100 60 93 87 100 100 43 100 60 100 86 100 100 100 100 100 100 100 48 100 51 100 52 100 100 100 100 51 93 100 63 99 87 100 100 30 100 100 100 100 51 100 5 19 100 100 100 100 100 100 100 11 100 100 100 100 5 58 100 100 100 100 100 27 100 100 100 94 100 100 100 2 
24 100 100 100 100 100 41 100 17 100 100 100 100 24 100 100 100 35 100 65 59 100 100 79 100 100 100 71 100 100 100 100 98 82 100 100 100 100 100 100 83 100 95 100 83 100 100 75 100 100 36 100 100 100 90 80 100 100 100 100 100 100 100 100 100 100 100 100 13 100 81 100 92 100 22 100 100 60 100 100 9 100 100 100 44 
14 72 100 97 100 61 100 100 100 48 100 100 51 100 19 100 100 100 64 56 10 81 8 100 100 59 100 10 100 100 100 100 96 100 53 10 100 63 100 100 100 100 100 9 100 100 100 29 51 56 83 58 100 100 100 82 100 100 100 100 11 100 74 100 82 31 100 100 100 8 26 16 32 3 60 67 100 100 100 100 100 75 100 100 
100 100 100 26 50 100 100 100 100 100 100 100 100 100 100 47 100 100 36 26 76 44 17 41 100 100 6 100 100 100 100 100 100 9 100 100 84 73 100 100 100 100 100 1 39 39 100 100 100 100 100 100 100 100 47 100 100 100 44 100 100 100 80 100 100 100 100 18 37 42 38 100 88 41 6 91 100 100 100 100 100 2 82 
100 11 100 100 100 100 100 8 100 100 100 62 100 100 100 33 100 100 100 92 6 100 100 10 100 100 100 100 100 100 100 100 100 74 20 100 100 100 100 15 100 14 100 100 0 100 100 95 100 55 100 68 86 100 100 100 100 84 100 100 24 100 100 100 66 100 100 18 100 38 100 100 100 100 48 100 36 100 2 65 100 100 
30 100 100 100 56 100 100 100 12 100 100 32 100 100 100 100 100 11 81 100 100 100 66 89 100 100 79 100 100 100 77 48 100 100 100 100 100 100 0 25 100 100 33 91 100 100 100 42 100 100 100 100 50 100 0 100 100 100 100 100 100 15 40 100 100 100 33 54 100 100 100 100 100 100 100 100 100 100 100 100 57 
50 100 100 100 100 100 92 100 100 100 33 100 4 100 85 100 100 58 100 12 33 100 100 37 100 100 100 87 100 32 67 4 100 100 100 89 100 16 34 100 100 100 100 42 100 100 4 100 100 58 100 100 100 62 100 41 100 100 9 100 100 100 60 55 67 5 100 3 14 100 22 100 100 100 100 100 100 42 100 96 
100 21 60 43 100 67 100 78 100 100 1 49 100 100 25 68 100 100 82 73 100 100 100 100 100 100 100 100 100 13 100 100 100 100 100 100 100 100 100 47 100 59 34 100 100 100 100 100 100 100 58 73 100 10 100 100 100 100 100 100 100 96 100 100 70 100 100 100 11 100 100 100 100 100 100 100 100 17 37 
3 100 100 100 76 100 100 100 77 100 100 100 100 100 100 100 100 70 94 100 100 100 100 100 100 45 100 37 100 100 100 100 89 73 100 78 100 100 100 100 54 100 17 71 5 100 100 100 100 100 100 11 92 100 100 100 100 100 100 97 100 25 60 4 100 100 100 28 100 51 44 89 100 100 4 53 100 100 
100 100 100 100 100 100 100 100 100 100 100 100 100 17 16 100 51 100 100 100 96 100 64 100 72 100 76 100 93 100 43 100 25 100 100 86 22 100 15 13 100 100 81 38 100 100 100 100 100 100 4 3 100 21 100 100 100 86 100 44 100 100 100 100 100 100 13 100 100 100 100 48 100 100 100 100 44 
100 68 94 100 100 44 100 100 65 51 100 100 100 100 100 72 15 100 34 100 71 10 23 100 63 15 100 100 100 37 16 100 8 100 58 52 82 73 100 100 100 100 100 100 100 100 100 22 6 100 100 100 100 100 100 100 100 49 100 23 100 84 69 100 100 100 100 100 100 100 100 100 100 100 100 71 
100 15 100 100 100 100 68 4 100 63 88 42 98 100 2 100 100 99 100 100 97 100 100 86 99 3 84 100 97 100 100 100 100 100 45 100 100 95 40 100 100 100 28 0 32 88 100 26 100 32 100 100 100 100 100 100 100 14 100 100 100 50 74 100 100 51 100 100 100 28 100 100 36 62 100 
8 100 100 100 100 100 14 100 67 100 100 100 100 100 100 95 100 100 100 100 100 18 28 23 100 100 100 100 84 100 100 49 100 100 100 100 3 100 3 19 100 85 76 100 100 66 100 100 100 58 64 53 100 100 100 100 40 100 100 68 16 100 8 100 100 100 68 88 100 100 100 100 71 31 
100 100 51 100 100 100 97 100 100 100 93 63 100 17 8 100 100 35 13 100 100 100 62 100 1 100 100 100 33 20 14 100 100 7 100 100 100 29 100 100 100 100 100 100 100 50 88 100 100 100 100 100 100 100 72 100 100 100 100 22 100 100 100 100 16 100 100 100 69 30 100 46 100 
100 100 100 32 27 100 100 100 100 100 100 100 18 100 100 100 100 100 100 100 100 59 100 100 42 38 15 92 5 100 100 100 74 100 100 100 100 100 100 100 74 100 100 100 100 76 38 100 61 100 100 30 100 82 100 0 100 3 100 100 100 100 20 44 100 100 100 25 85 100 100 51 
100 11 24 82 100 73 39 100 100 100 100 100 100 100 22 82 100 100 100 100 100 100 100 100 100 24 100 100 100 95 100 100 51 100 15 97 100 100 42 100 100 100 80 2 55 86 100 100 100 50 100 100 2 100 31 55 73 100 20 58 100 100 100 46 100 20 100 45 100 100 9 
100 57 0 100 47 100 100 100 35 91 100 100 100 100 100 100 100 100 10 100 100 100 65 27 100 100 100 100 20 98 37 100 88 100 100 100 100 100 73 62 100 100 0 100 100 100 69 6 43 100 98 100 100 10 49 71 88 100 13 100 100 100 100 100 100 100 10 100 100 100 
93 100 100 100 100 100 100 31 26 89 100 93 100 100 13 11 100 100 100 100 100 100 100 100 83 100 90 13 100 70 100 5 100 100 79 26 73 100 45 100 1 6 100 100 30 100 100 100 100 55 100 100 100 100 83 100 100 41 100 73 100 100 100 100 14 100 100 100 100 
81 78 100 100 100 100 41 47 100 100 26 100 100 4 100 100 100 95 100 54 100 100 100 35 100 76 67 100 28 100 100 77 100 100 100 42 20 85 100 100 33 90 100 100 100 100 100 26 97 45 100 100 100 100 80 100 49 100 100 18 86 100 66 100 40 83 16 100 
100 100 100 100 14 100 86 64 100 100 100 48 100 100 100 81 100 100 100 100 100 65 100 100 100 37 48 100 100 100 100 100 6 40 6 100 100 100 0 100 100 100 18 41 85 100 100 58 100 100 100 100 100 100 100 100 100 100 82 30 57 100 100 100 100 100 84 
100 100 92 26 6 80 28 100 29 100 30 100 100 100 100 85 100 100 100 100 100 100 100 100 5 100 100 100 100 95 100 94 100 100 100 30 73 100 100 100 25 100 100 30 28 100 100 100 100 100 99 100 100 81 100 100 100 100 100 100 100 66 77 33 100 100 
87 3 100 59 79 100 100 100 100 55 46 100 58 100 100 27 90 91 55 100 70 100 96 100 94 100 35 89 81 100 100 2 100 100 100 100 100 100 5 100 100 100 27 68 100 100 14 100 67 100 100 98 18 100 10 100 100 100 100 100 100 100 100 43 90 
42 100 100 18 99 100 69 100 100 60 100 58 100 66 100 100 100 100 100 100 100 100 100 92 100 100 100 100 10 100 100 100 100 100 100 53 100 100 100 100 100 100 100 42 100 100 100 100 60 100 100 100 100 100 5 54 60 100 100 100 100 100 100 68 
100 100 100 100 100 55 60 100 100 100 39 96 16 25 100 100 54 100 78 100 100 100 100 100 100 100 100 100 79 66 9 100 100 100 100 100 56 31 3 100 100 100 100 100 71 100 45 100 42 100 100 100 100 100 100 100 100 14 100 100 58 100 100 
100 100 100 26 100 23 100 100 55 100 48 100 35 100 100 68 8 23 100 100 100 56 100 100 100 100 100 81 100 100 100 34 100 100 100 53 92 99 100 100 100 100 54 77 3 35 100 9 37 100 27 100 60 100 100 100 100 100 80 100 32 100 
3 100 100 100 11 100 84 10 100 100 11 100 100 100 97 58 65 100 100 100 100 100 100 100 100 100 100 60 100 100 100 100 0 80 100 45 100 99 100 55 22 100 100 62 90 23 85 40 100 12 100 100 100 100 100 100 51 22 33 100 100 
100 73 100 67 100 80 38 13 58 70 14 100 44 100 25 90 55 97 95 87 56 10 100 100 19 100 100 100 100 100 100 100 100 100 40 100 88 100 100 46 44 100 100 100 45 93 100 13 100 49 100 100 31 100 100 100 100 100 100 98 
35 100 100 100 100 100 100 100 100 100 100 100 100 100 48 28 100 31 100 100 72 100 100 10 15 92 100 100 100 100 100 100 76 30 100 67 100 100 35 40 100 100 22 74 100 92 24 100 28 74 88 100 100 58 100 100 19 46 100 
34 100 100 13 100 100 40 100 100 100 100 45 100 22 100 100 61 51 100 100 100 100 100 100 70 100 100 100 100 63 100 56 100 100 58 37 75 68 100 21 69 55 100 100 100 100 100 53 78 100 100 68 100 64 100 100 100 73 
71 43 100 100 100 18 56 100 46 100 8 100 100 100 100 100 69 45 100 100 100 58 47 93 33 58 100 100 100 100 100 100 100 100 61 52 100 100 100 100 51 100 32 100 65 100 100 100 100 100 100 100 58 100 60 100 100 
100 100 100 4 100 46 9 100 100 100 100 45 100 100 100 52 100 100 100 99 100 100 100 100 54 52 100 17 100 64 100 98 100 100 0 100 100 100 0 55 99 100 79 6 52 48 15 24 100 100 100 100 100 100 78 48 
100 100 100 100 72 53 52 68 5 17 100 1 100 100 57 100 100 100 100 59 100 100 100 100 100 98 100 2 80 100 100 77 100 100 100 100 100 100 46 100 43 100 100 100 100 100 100 100 100 100 100 100 100 17 100 
34 36 100 100 100 57 9 63 88 100 100 100 100 5 100 100 100 100 100 100 100 22 100 89 100 63 100 55 71 47 77 100 100 100 100 100 100 100 100 76 100 26 64 100 4 100 100 2 66 49 37 100 100 100 
100 40 100 100 100 82 100 100 100 100 100 33 93 100 22 33 18 100 100 0 100 60 64 100 100 100 13 15 81 10 15 100 51 42 6 100 60 100 100 100 100 100 92 1 9 91 15 100 69 21 62 100 81 
100 68 100 100 100 100 100 100 100 100 100 44 43 100 100 100 100 100 100 100 100 100 100 100 100 34 100 100 100 68 73 100 100 100 100 87 100 56 100 100 48 75 10 9 100 100 100 100 100 100 100 100 
100 100 89 23 100 100 46 100 100 100 0 41 3 100 66 100 100 100 100 100 100 100 100 100 100 96 100 22 100 56 100 100 0 100 56 100 100 58 100 48 86 99 100 60 74 100 100 100 6 76 100 
100 100 6 100 100 100 100 19 100 100 100 100 100 96 100 71 100 100 3 56 100 32 100 30 100 83 29 100 52 98 100 100 100 55 99 100 100 100 69 100 71 100 100 100 100 100 100 100 100 100 
100 2 100 100 95 100 100 30 100 7 60 73 16 100 100 100 100 66 100 100 100 100 100 100 100 100 100 100 95 95 23 100 100 16 60 100 100 100 100 100 100 100 100 100 100 100 100 76 100 
100 12 71 100 26 100 9 100 100 100 100 43 100 16 100 100 11 53 6 86 100 100 100 100 86 100 100 100 100 100 100 56 100 100 100 0 100 14 100 5 100 100 44 24 69 100 100 100 
100 100 100 100 100 73 100 10 100 18 93 20 46 100 100 100 100 100 100 35 28 100 39 100 100 100 100 100 100 100 100 100 2 100 22 100 100 100 100 100 7 45 100 72 51 100 52 
31 100 67 99 100 100 100 100 100 100 100 100 100 40 74 100 4 66 100 100 100 100 31 100 75 100 47 100 100 100 47 80 100 100 100 68 100 26 100 100 100 100 100 100 100 100 
100 100 96 56 100 9 100 100 100 100 100 94 55 51 73 100 100 100 100 100 100 100 21 93 100 100 88 100 81 100 100 100 100 5 100 100 100 100 100 100 50 100 100 100 13 
1 97 100 100 100 64 100 78 100 73 100 100 100 100 61 65 84 100 100 36 100 76 46 100 100 100 100 100 100 100 100 100 26 100 18 100 100 89 69 35 66 100 100 100 
100 100 100 100 100 100 100 100 100 100 100 100 100 100 100 100 70 100 100 39 100 100 100 100 100 100 100 100 100 42 100 100 100 100 31 100 9 5 100 100 100 74 100 
100 100 100 100 100 100 1 100 100 73 100 100 100 100 76 100 100 100 100 100 100 32 90 7 3 57 92 100 100 58 53 100 100 30 100 100 100 100 22 95 16 100 
4 40 50 100 100 100 75 100 100 41 100 100 100 22 100 100 33 100 100 100 4 100 100 100 13 100 100 100 0 100 100 83 100 66 100 100 100 100 63 99 100 
100 100 100 98 10 11 60 40 100 100 58 100 100 100 100 100 100 100 81 100 100 100 100 51 100 93 100 100 100 29 100 14 71 100 100 100 100 97 100 100 
65 100 91 100 100 100 53 72 100 100 100 100 15 74 76 100 55 100 100 100 100 100 40 100 100 100 100 100 100 100 100 19 100 100 100 100 100 100 100 
100 100 65 24 87 97 27 100 100 61 41 100 69 76 90 100 100 90 100 100 100 17 1 68 85 99 16 100 100 100 100 100 100 100 63 100 100 15 
100 100 100 8 100 63 14 100 59 59 83 100 100 100 100 100 100 100 50 100 100 94 84 100 100 100 100 100 81 31 67 39 34 100 77 100 100 
100 100 75 100 100 100 100 83 67 32 100 8 100 100 100 57 100 100 100 100 100 100 45 72 100 100 100 73 100 100 100 100 6 100 58 100 
100 5 6 100 100 100 100 100 100 100 100 100 100 94 74 100 100 100 100 48 27 52 47 100 100 100 79 100 100 74 100 100 6 100 100 
100 24 100 5 14 100 100 100 100 100 94 51 100 100 18 100 54 100 100 93 7 100 100 15 100 100 100 100 92 100 100 55 100 100 
85 100 100 96 98 100 100 14 100 100 100 100 100 81 100 100 100 88 100 37 100 17 100 100 100 12 89 100 100 100 100 100 100 
100 100 100 100 100 100 100 85 100 25 100 14 100 100 100 81 100 0 100 100 98 100 11 100 79 100 100 100 100 100 100 100 
100 100 52 20 100 100 48 100 100 100 100 100 100 100 100 100 100 100 95 100 100 100 100 100 100 100 100 100 100 100 39 
64 100 100 88 100 89 100 100 100 100 100 95 100 100 4 100 100 100 52 100 100 100 69 63 100 100 100 100 100 81 
100 5 100 100 39 100 57 100 100 100 100 100 100 100 7 20 9 20 100 100 100 100 100 100 100 65 100 100 88 
80 73 100 100 100 17 100 48 100 80 100 14 3 100 100 100 40 60 100 100 100 100 76 100 3 100 94 100 
72 100 100 91 7 100 8 100 100 100 3 100 100 100 100 82 100 1 100 57 100 100 100 49 100 100 69 
100 100 100 88 100 100 100 43 69 100 100 100 100 100 100 100 100 100 100 100 2 100 100 100 100 66 
100 100 89 100 100 2 47 100 100 100 36 71 100 20 56 76 100 100 85 28 100 100 100 100 100 
100 53 64 63 100 78 100 59 100 62 100 100 100 100 59 100 100 100 100 22 79 100 8 100 
71 100 100 100 100 100 100 100 22 95 40 35 100 100 89 100 100 100 72 27 100 57 100 
71 30 33 100 100 100 100 100 100 100 100 100 56 100 73 78 100 100 100 100 100 24 
100 94 100 8 76 100 100 99 100 48 21 100 100 100 100 100 100 100 100 100 100 
29 14 52 100 100 15 100 100 100 100 100 81 30 36 100 100 100 100 100 100 
65 100 100 100 2 100 100 100 100 100 43 65 100 100 10 100 57 100 100 
98 46 100 100 94 100 100 0 20 100 100 6 100 100 73 92 100 100 
100 100 4 100 60 100 100 100 100 20 100 81 100 100 100 100 100 
100 100 100 7 55 45 100 100 21 100 100 100 25 100 100 100 
92 100 100 100 81 100 58 100 100 100 100 100 77 96 100 
100 100 69 80 99 100 100 4 100 24 51 41 100 100 
8 100 100 100 52 100 100 100 7 16 100 100 9 
100 100 100 80 21 100 100 100 33 100 100 100 
100 88 67 100 100 100 100 100 59 100 100 
100 100 100 86 5 100 79 80 100 100 
1 38 100 13 13 100 54 100 79 
96 100 100 56 59 100 100 100 
3 100 100 100 100 100 100 
100 100 100 100 100 100 
57 85 100 38 67 
100 33 100 100 
100 100 78 
100 93 
67 

