200 100
35 100 100 100 79 38 47 74 68 38 67 3 83 100 100 75 99 91 100 6 100 86 100 79 100 100 68 22 100 100 59 26 100 90 100 90 59 11 88 100 100 100 100 70 15 100 72 92 100 100 49 54 100 5 60 100 46 45 53 100 100 100 100 100 100 100 100 100 50 100 74 68 100 100 100 31 18 100 100 38 16 93 99 100 100 100 100 100 93 100 31 31 3 56 3 100 100 100 42 2 100 26 100 70 95 100 100 100 6 99 23 100 100 53 100 100 39 100 100 62 100 82 0 86 100 69 86 100 100 100 100 100 100 100 27 38 41 100 32 71 63 32 100 76 100 35 36 100 100 100 100 100 47 13 87 100 100 100 93 86 100 88 74 100 100 36 4 100 88 47 2 100 87 100 100 100 100 50 100 79 100 31 100 26 84 70 58 100 100 24 6 40 54 31 100 84 32 100 100 
46 88 60 100 27 80 73 11 75 88 48 100 13 24 100 100 55 66 4 46 39 100 25 100 100 92 100 66 100 57 100 83 41 2 35 98 15 28 5 96 100 47 100 2 100 100 100 94 96 91 32 71 87 22 10 74 100 100 66 50 18 100 78 100 54 100 100 100 100 7 44 100 100 42 100 28 100 100 100 100 20 22 100 100 100 27 100 100 0 37 100 1 3 83 100 100 100 100 100 65 9 39 100 100 84 100 100 39 100 94 36 100 100 100 100 100 24 100 37 6 100 39 100 100 27 100 18 100 16 100 40 100 100 100 2 56 100 100 9 24 72 69 34 82 100 46 0 100 100 2 4 100 100 36 100 43 75 100 100 19 42 44 9 6 30 87 100 20 71 100 100 100 47 100 37 70 85 92 45 28 32 100 75 16 44 27 100 92 100 16 51 44 4 62 71 100 10 100 
70 100 97 72 14 32 100 32 12 100 7 37 19 100 72 12 82 100 19 100 46 14 100 38 2 91 100 98 94 100 100 74 100 100 80 15 100 71 76 66 100 100 63 100 80 100 100 8 100 57 12 100 7 100 100 100 70 85 19 100 100 100 58 37 100 100 5 100 68 31 100 13 67 4 59 70 92 29 63 27 96 100 100 55 100 95 70 23 55 45 13 100 92 100 93 95 39 100 100 25 24 12 100 100 48 18 100 89 20 44 100 9 100 49 37 60 100 93 100 100 100 34 100 30 100 100 14 28 100 4 88 100 61 100 100 100 26 29 21 100 98 100 100 100 100 57 64 16 49 100 12 74 100 22 100 100 34 4 100 1 20 100 100 94 44 21 100 100 9 27 15 100 33 100 84 100 47 34 81 71 83 100 100 44 100 100 100 100 100 69 100 41 100 16 43 100 100 
100 45 100 100 62 100 100 2 94 14 53 100 85 82 100 95 7 46 79 100 85 39 100 100 100 48 7 100 16 29 100 36 19 92 100 100 100 98 51 53 100 96 100 100 100 9 22 83 62 53 99 100 32 57 24 100 27 100 100 86 100 100 100 100 74 15 100 49 73 72 54 8 73 89 100 100 100 51 100 54 100 45 100 62 100 46 100 100 100 42 47 44 98 73 100 100 90 100 100 98 100 94 74 100 95 99 79 100 89 100 100 87 100 99 100 100 100 2 100 96 2 46 76 28 100 96 1 5 16 100 20 57 100 18 58 100 84 82 2 33 100 43 93 75 42 100 40 49 100 100 100 100 1 46 70 33 100 100 96 100 100 35 92 23 100 100 18 100 100 100 51 100 25 100 53 48 84 65 100 55 99 73 7 96 74 99 40 83 20 100 100 5 83 71 90 26 
100 78 55 86 100 79 95 14 18 100 100 64 70 84 11 100 100 100 100 100 100 100 32 72 25 55 8 16 100 11 100 100 59 100 100 71 88 100 100 82 100 100 100 100 100 12 100 100 72 100 63 100 96 100 12 100 37 100 100 100 13 100 51 26 15 89 24 100 100 100 83 16 100 7 100 100 9 35 42 4 6 100 100 93 100 39 100 94 87 14 100 44 40 100 67 24 100 50 92 85 100 42 100 89 82 100 100 100 48 74 100 36 100 26 29 100 54 23 21 91 100 100 19 56 30 100 100 100 0 40 100 100 100 89 100 100 100 36 100 100 100 100 32 74 100 4 100 46 100 40 100 100 100 86 100 100 100 100 24 70 6 100 100 100 100 36 20 18 56 100 23 5 33 100 100 83 36 38 21 100 48 100 100 100 69 42 84 43 19 19 21 32 100 100 8 
100 58 38 100 100 37 100 100 100 80 16 100 100 100 100 23 99 100 100 100 38 100 100 45 100 100 100 100 49 100 100 42 93 100 79 5 100 20 39 100 67 0 34 100 82 31 30 100 2 100 77 62 93 64 75 100 5 47 100 100 100 88 100 36 100 100 31 31 10 100 100 48 17 77 100 100 2 77 100 70 100 62 57 11 99 95 100 99 100 51 96 82 11 100 100 32 24 90 86 44 100 39 29 100 100 100 15 100 30 96 35 47 50 0 100 74 35 100 1 4 23 7 62 87 100 37 100 100 10 100 100 92 100 100 10 99 100 31 100 100 33 75 49 99 39 100 100 89 100 77 64 38 10 100 4 87 7 100 57 100 100 74 61 100 85 7 100 100 100 100 59 100 18 100 100 28 100 78 100 25 48 100 100 68 80 1 100 9 35 100 100 100 95 1 
80 100 100 100 88 100 67 79 47 100 91 34 100 100 100 100 37 100 32 100 100 20 100 31 100 100 100 100 0 100 100 72 20 2 64 30 14 100 62 100 100 82 20 100 58 100 100 68 100 74 100 100 97 100 100 100 100 99 6 100 100 100 100 100 83 100 6 100 66 23 59 100 100 100 15 58 91 100 100 15 100 100 85 22 9 100 100 8 59 7 5 3 55 89 100 20 83 100 16 100 46 79 100 100 100 64 100 53 28 10 33 36 43 77 100 100 100 52 100 34 100 100 93 15 100 49 13 100 65 100 56 100 38 100 82 27 82 100 79 88 100 53 100 100 100 7 17 68 100 36 100 100 17 100 100 97 100 34 74 100 100 100 13 17 100 100 100 40 100 34 100 12 54 100 100 14 100 100 100 60 20 31 100 100 28 100 91 19 100 78 13 76 14 
1 53 32 100 84 100 100 100 88 60 100 91 35 100 100 33 100 100 100 4 100 100 100 87 100 67 62 47 83 86 100 82 100 72 88 100 45 3 100 100 20 83 36 62 2 75 69 99 38 23 69 88 61 1 37 95 100 100 33 16 74 100 27 36 25 7 100 76 2 100 74 32 100 100 100 100 61 100 79 100 39 36 2 100 100 18 74 100 100 92 73 82 100 100 100 100 100 74 37 100 1 60 100 100 100 100 89 42 100 100 44 100 27 57 58 7 84 94 95 100 100 32 93 73 100 100 30 100 100 100 100 42 65 20 81 20 100 100 11 96 34 2 39 39 26 39 0 100 75 67 25 86 100 62 34 61 100 31 60 100 13 66 62 100 3 100 100 47 49 33 11 24 100 79 95 100 46 83 100 94 3 100 100 18 100 32 100 43 100 100 100 100 
89 87 100 100 100 100 100 69 52 100 52 72 22 100 100 5 100 100 89 100 48 20 100 100 3 58 100 100 100 55 100 83 100 100 100 100 26 65 64 100 17 13 23 100 100 47 100 100 66 18 100 79 10 58 100 100 64 1 14 100 2 44 41 90 77 25 78 100 100 100 100 100 90 87 100 40 90 100 22 100 78 88 46 10 24 71 46 12 29 100 20 50 49 100 100 45 100 66 100 92 100 30 100 70 100 0 100 19 52 65 29 9 83 100 54 100 72 100 0 100 68 100 69 30 19 100 30 32 100 100 75 100 99 41 81 100 100 78 75 34 100 100 100 90 100 15 100 86 34 100 100 28 61 28 14 69 100 100 100 24 2 21 100 77 58 33 33 35 9 32 100 85 100 9 100 1 6 100 96 19 28 100 55 100 100 30 61 99 77 100 73 
26 100 46 51 44 100 100 100 100 92 78 41 62 22 9 100 49 100 60 45 17 96 82 100 94 100 0 100 34 100 100 29 93 100 100 100 100 77 97 85 93 95 100 100 91 100 100 49 100 98 100 94 100 100 100 0 100 53 100 12 0 100 100 100 100 84 91 100 30 5 100 64 55 4 68 100 100 100 96 69 25 70 100 100 31 95 100 100 78 100 100 38 100 31 100 100 100 100 22 11 53 39 100 100 100 51 50 100 87 100 100 100 100 100 92 100 0 24 65 39 59 80 37 44 100 40 59 20 48 100 86 59 100 46 100 4 57 69 100 60 100 100 48 1 63 4 34 37 100 100 75 22 100 100 100 81 79 24 21 20 10 91 100 62 100 71 100 2 61 100 100 100 2 100 19 100 45 100 94 100 9 82 9 29 100 100 100 100 37 4 
58 64 100 97 0 100 100 46 23 100 100 92 29 87 72 52 69 37 100 100 32 100 3 100 41 100 59 100 52 21 100 100 32 26 27 66 100 100 91 100 100 100 100 50 14 83 100 61 100 100 66 100 62 100 59 100 56 32 94 20 18 100 100 100 100 51 100 5 100 100 100 15 59 2 58 96 100 100 100 100 35 100 100 100 100 91 100 91 24 55 100 90 100 14 44 17 71 94 100 86 100 100 26 39 100 100 100 70 80 48 100 100 8 100 100 11 100 2 96 100 70 19 58 100 28 100 100 63 39 100 84 55 100 77 93 100 83 100 100 100 100 42 45 100 79 100 32 68 38 11 100 27 51 100 76 43 17 100 37 100 68 21 100 100 86 56 100 87 100 100 100 83 43 52 78 93 100 100 8 86 52 100 73 76 100 100 100 100 50 
100 55 10 100 80 100 100 100 100 100 45 100 11 100 99 89 54 100 74 100 91 53 4 100 100 100 100 80 100 90 64 63 37 100 100 89 100 97 100 85 66 100 100 14 2 63 60 89 34 100 72 16 18 99 100 57 11 81 100 4 100 21 100 100 14 100 100 100 100 100 97 74 21 63 93 22 100 100 85 34 89 35 100 100 64 51 71 69 87 94 100 82 63 100 100 46 83 100 100 100 100 100 100 16 45 100 3 96 26 55 64 69 99 100 100 54 100 80 7 81 89 100 24 85 100 78 67 22 100 100 100 100 58 19 100 100 100 34 10 9 100 100 36 76 47 0 100 7 100 13 100 100 93 67 57 100 5 100 100 81 69 91 89 100 32 100 49 31 100 100 25 100 100 100 100 87 26 100 100 75 82 100 100 100 32 89 38 100 
54 100 100 100 100 100 100 100 100 100 100 100 100 77 50 100 92 14 46 70 42 100 100 100 100 61 100 47 100 60 10 28 100 100 83 100 41 63 100 82 70 100 100 34 6 59 64 100 47 100 3 0 100 28 60 100 1 100 69 8 100 100 20 69 100 100 80 100 59 100 100 53 70 100 100 100 38 100 11 100 100 97 66 59 100 100 100 85 100 59 36 100 100 100 100 39 80 47 12 79 100 100 59 100 91 56 100 78 100 65 100 100 100 100 100 100 100 100 100 100 100 100 26 30 67 45 82 100 100 100 75 3 8 44 40 27 34 54 33 11 52 100 100 11 69 100 100 66 100 100 6 3 100 95 29 68 100 61 100 22 90 56 100 99 100 100 100 100 88 14 100 34 100 74 100 100 100 66 66 3 15 100 78 48 100 1 100 
71 100 100 100 100 100 66 49 100 100 44 43 100 100 71 100 51 100 31 98 100 100 100 56 80 100 100 22 79 78 14 65 83 100 43 100 100 100 28 100 100 100 80 15 70 100 100 24 60 94 100 44 100 75 72 80 100 18 51 78 100 100 34 41 56 100 47 51 13 98 100 100 43 94 100 99 54 55 14 84 84 11 100 80 100 100 94 100 100 26 57 55 60 21 20 99 25 50 59 100 100 92 100 77 8 100 100 21 100 100 26 39 55 11 12 100 100 79 34 67 100 4 5 100 98 10 100 100 100 100 100 100 47 66 91 100 51 100 30 89 25 100 100 31 24 100 100 44 32 36 29 58 70 59 86 100 100 5 100 50 100 48 100 97 20 2 58 19 42 100 72 33 15 100 100 13 100 26 51 74 75 2 100 10 18 10 
85 100 100 18 90 73 64 100 100 100 86 72 60 75 34 100 4 100 95 62 100 100 18 100 100 100 100 42 64 100 99 100 100 47 37 28 68 100 32 100 37 100 81 11 96 84 99 100 33 100 100 71 85 48 13 89 56 11 100 100 2 58 35 100 25 85 37 100 40 22 68 85 24 16 100 10 56 11 100 100 100 100 100 79 100 100 100 56 100 73 51 100 100 74 100 100 100 46 19 44 100 27 100 79 1 100 100 45 53 100 24 100 86 100 100 95 28 100 1 46 39 93 57 41 100 17 81 13 17 100 100 62 43 43 62 64 70 100 25 0 100 78 100 44 16 100 35 41 49 100 93 18 35 68 38 12 74 100 100 100 60 5 63 100 25 100 100 16 17 100 26 100 76 100 100 1 100 100 4 81 100 100 100 50 27 
100 100 100 100 100 28 26 100 56 76 100 1 0 87 86 87 55 31 100 73 61 60 22 90 61 100 100 17 18 100 31 100 100 79 6 60 100 58 78 100 100 9 68 85 100 100 33 98 100 100 40 100 100 95 100 100 29 94 57 100 100 100 46 60 41 100 100 71 100 9 100 100 35 100 32 100 82 92 100 38 100 100 100 90 100 36 100 88 20 100 12 0 100 100 100 56 72 26 69 100 94 100 18 100 37 100 35 80 100 100 100 100 41 100 100 100 100 38 90 82 45 100 100 72 100 98 100 67 15 73 83 47 100 100 100 56 94 48 100 16 65 48 76 16 35 100 47 100 100 81 53 100 100 74 3 27 50 100 88 17 100 39 100 46 100 17 100 94 100 56 100 100 68 72 33 98 100 43 79 100 100 100 100 8 
100 21 100 81 65 9 16 75 86 100 56 100 34 100 88 15 100 6 100 70 100 100 87 63 100 100 100 100 100 100 59 90 100 32 80 100 100 100 72 100 8 46 45 85 100 50 100 100 100 100 100 76 49 100 33 100 6 88 100 71 91 16 83 100 69 10 100 100 74 100 22 100 100 19 100 28 42 50 20 77 87 100 100 70 100 16 100 15 100 100 100 20 60 32 100 43 100 100 100 100 34 96 1 69 100 17 40 17 31 75 100 100 100 100 100 100 53 100 100 100 68 100 78 3 79 100 100 100 100 100 43 40 30 17 100 100 100 90 78 94 93 99 3 100 2 100 41 0 22 100 100 23 100 93 100 100 8 71 100 100 91 98 63 4 100 17 17 58 22 32 100 91 100 100 48 100 96 33 100 91 100 89 74 
46 29 66 82 97 54 100 100 53 100 100 100 100 72 85 29 50 77 92 100 7 100 100 100 82 68 1 100 100 100 59 100 100 58 100 26 100 71 100 43 52 97 34 66 23 100 37 100 51 89 76 88 100 60 100 100 77 100 17 28 15 100 100 100 78 15 54 74 100 100 73 29 100 100 100 54 89 81 33 100 27 31 37 31 12 100 13 49 100 23 55 100 44 1 100 38 100 100 83 100 100 78 8 45 100 76 100 100 100 14 60 3 21 100 46 97 100 100 100 100 100 38 45 51 68 100 100 24 100 63 44 8 100 7 100 19 35 100 100 100 58 90 6 15 61 80 38 100 100 100 100 94 100 16 69 9 100 100 100 63 28 5 63 4 100 24 52 48 4 86 100 28 100 100 20 100 44 43 38 5 79 100 
100 100 100 76 70 17 100 38 100 13 100 53 64 27 100 63 99 9 49 11 100 96 100 18 100 100 43 47 100 35 41 24 59 81 100 67 42 100 100 100 100 27 87 100 61 100 61 49 100 100 100 100 38 13 78 100 100 100 0 42 100 38 100 91 2 100 100 81 81 13 40 9 100 97 81 6 91 12 77 6 91 73 100 13 5 100 100 40 32 100 100 100 100 100 100 100 56 42 74 46 100 100 89 22 59 68 100 100 48 100 34 100 100 71 44 48 69 98 13 59 49 100 100 25 100 96 9 100 100 81 100 100 100 12 61 100 100 100 100 100 5 78 29 100 100 100 100 44 39 100 100 40 100 86 15 63 100 100 100 100 40 100 68 15 34 100 40 32 100 51 69 7 100 100 100 100 100 89 10 51 100 
6 3 100 53 80 100 100 70 89 18 60 12 100 82 100 77 100 100 100 100 100 89 100 100 26 3 100 31 100 100 100 100 91 100 7 100 25 4 100 85 5 48 20 93 1 80 100 100 59 100 62 21 92 52 40 19 34 100 100 100 100 65 100 100 100 100 100 100 18 66 83 100 50 100 12 54 83 100 100 100 12 100 100 100 36 32 100 33 100 63 32 58 100 100 100 100 70 89 51 100 62 43 100 100 14 9 28 100 100 100 100 100 44 100 45 100 70 100 58 100 67 100 55 100 100 5 40 74 47 83 100 100 100 46 72 100 20 69 100 76 39 8 100 99 38 100 100 98 75 89 82 100 8 100 100 100 95 100 100 85 44 71 59 100 100 99 50 71 100 100 31 100 100 100 100 100 100 32 100 30 
12 100 100 100 100 12 100 3 100 100 48 32 100 42 100 36 93 100 100 7 21 100 68 47 100 26 68 38 100 100 5 23 58 100 48 100 61 79 100 15 100 44 100 21 77 100 72 28 100 100 100 100 24 100 100 100 100 100 55 22 66 100 100 100 75 60 68 65 34 91 59 89 100 100 94 100 100 54 100 100 36 54 100 21 92 100 93 100 73 100 100 92 44 47 51 5 84 100 22 40 86 36 51 90 36 14 33 10 57 100 59 18 87 39 100 57 100 34 57 100 91 27 46 100 100 9 100 68 100 65 47 100 0 23 75 24 64 24 35 29 92 100 87 64 100 53 100 100 70 100 100 76 100 100 100 100 100 100 4 43 100 75 52 100 81 81 76 84 99 100 100 48 93 80 44 25 18 100 12 
34 100 32 27 100 4 100 100 95 62 100 100 96 100 100 100 21 57 100 74 67 100 100 52 100 100 23 100 88 100 55 100 100 27 100 10 91 51 84 100 41 3 23 19 8 100 18 44 100 100 100 100 88 27 100 92 100 100 7 1 100 100 98 100 100 49 100 71 34 100 0 100 100 100 100 100 66 2 66 34 100 100 100 96 100 100 100 100 100 48 95 61 11 100 12 70 100 100 100 91 100 100 21 100 27 86 100 6 100 100 100 100 100 6 56 100 69 4 100 30 100 100 86 100 25 4 42 48 39 100 22 68 100 93 89 61 27 56 100 16 100 64 100 51 78 100 100 4 55 100 71 1 9 100 98 73 100 37 100 100 100 100 13 23 100 100 92 100 100 100 84 20 20 15 5 100 100 100 
100 100 100 19 85 65 100 41 24 100 100 100 100 96 93 91 37 24 16 58 100 56 100 100 23 100 80 100 100 100 100 100 6 100 0 71 100 45 46 74 100 90 100 95 6 100 100 51 61 100 100 100 100 100 0 56 100 100 100 47 100 60 100 100 68 13 6 40 34 100 100 100 100 100 100 60 100 100 93 100 100 49 100 83 100 100 42 100 81 73 86 22 46 100 100 100 100 4 98 16 64 73 100 100 100 100 28 100 100 100 100 100 74 29 9 95 100 100 100 27 75 79 1 100 94 70 71 62 100 90 100 25 100 100 100 100 69 100 19 34 44 7 43 100 55 100 46 100 32 100 100 100 100 5 82 100 100 98 100 100 68 75 17 52 100 35 84 100 17 100 91 15 69 100 100 75 52 
63 100 59 61 100 100 21 100 74 100 35 100 84 81 69 100 31 100 100 56 83 100 100 47 100 100 66 76 16 100 100 87 100 93 21 57 100 100 2 62 100 84 100 100 90 47 34 35 14 69 100 100 100 100 100 100 66 87 10 64 100 81 100 49 20 100 97 38 29 78 100 100 94 100 14 74 100 44 100 10 61 69 85 66 100 43 35 100 71 2 45 8 100 100 100 100 35 97 5 48 38 100 47 69 3 78 34 20 100 100 100 34 98 39 31 32 11 100 100 100 100 14 39 89 24 100 44 86 100 81 84 100 100 3 100 100 91 19 100 70 86 70 100 100 100 8 42 50 100 34 100 100 90 100 100 21 100 39 4 100 66 100 41 42 100 100 59 44 98 27 32 100 100 15 86 100 
8 100 100 91 100 100 100 100 39 60 100 100 100 100 9 5 100 100 100 100 100 12 100 31 100 100 4 100 100 100 19 100 29 100 19 100 79 100 85 30 69 100 100 100 77 73 100 100 100 100 100 100 37 90 6 39 67 12 55 100 100 100 66 39 100 42 65 82 29 44 100 100 100 85 74 100 47 11 100 100 37 86 25 14 100 100 46 60 32 100 100 24 24 100 100 100 73 100 79 100 100 100 98 21 21 67 46 100 100 76 100 21 56 100 38 100 39 1 14 100 100 60 100 33 42 18 66 47 100 100 100 4 33 92 35 100 100 100 100 16 100 60 100 73 100 35 76 81 100 18 57 93 100 100 84 100 66 55 43 69 59 77 82 84 46 100 100 100 100 10 54 1 100 100 100 
45 100 100 100 100 40 100 64 11 70 100 100 100 53 7 100 45 40 8 22 42 37 14 15 100 10 100 64 26 57 100 49 53 64 100 69 53 100 22 100 100 98 85 91 100 46 100 100 100 9 100 100 22 2 1 5 60 0 13 74 13 100 100 53 100 100 74 11 15 41 19 68 100 100 38 100 100 100 96 100 100 100 67 33 72 85 100 100 95 100 15 100 88 55 79 12 100 100 46 100 98 100 100 12 89 100 100 37 0 71 100 69 100 100 46 94 83 100 13 51 100 96 51 100 71 87 87 76 100 100 3 100 100 65 81 39 68 100 31 100 99 36 74 39 6 60 81 100 72 5 39 21 100 100 48 7 18 100 88 100 94 100 100 100 100 100 100 73 100 100 100 63 100 100 
79 100 44 100 100 18 75 100 82 100 100 100 37 30 97 87 21 100 100 100 100 88 100 88 100 49 68 74 90 100 3 53 100 100 91 100 28 100 100 100 88 34 17 74 100 100 100 100 100 51 100 100 97 91 100 100 66 100 100 100 100 64 92 100 100 100 100 25 100 100 48 85 69 44 86 100 45 44 100 100 6 13 100 99 27 46 100 100 90 100 0 100 100 100 71 100 33 30 63 83 52 100 68 4 100 9 49 61 23 35 50 100 5 100 65 31 3 100 100 100 100 100 100 7 100 100 100 100 88 100 100 100 100 100 100 100 100 79 61 100 100 24 75 100 64 100 52 100 100 20 100 98 24 100 22 100 100 100 100 100 100 100 73 60 95 100 100 100 79 100 81 18 100 
47 99 100 24 100 100 100 58 100 100 100 23 16 51 100 63 64 100 14 68 100 24 77 100 100 100 67 100 100 1 100 65 62 39 64 97 10 100 100 78 66 40 7 44 24 75 85 100 100 100 100 21 100 78 45 100 20 40 28 8 100 100 13 82 51 27 12 100 100 39 39 73 100 64 14 100 100 100 100 2 14 78 100 11 100 7 100 30 64 100 100 89 52 98 90 48 88 34 100 14 100 100 56 100 100 97 100 79 19 42 15 26 100 53 85 14 70 100 66 14 45 100 100 100 100 22 100 100 19 100 100 93 87 8 100 65 100 48 100 71 58 100 93 52 100 92 100 100 100 45 100 100 52 21 100 100 28 100 100 66 100 86 100 98 63 100 87 100 77 67 100 90 
20 100 79 47 100 66 20 100 100 59 53 100 49 100 38 31 100 100 100 33 55 69 100 11 34 100 100 30 26 100 90 16 42 77 56 99 73 100 72 33 100 100 100 65 91 2 100 80 0 93 100 100 12 100 100 24 29 100 42 38 100 5 100 100 100 57 75 11 63 46 63 100 11 82 82 100 26 100 100 28 100 74 100 95 72 100 58 100 100 0 100 82 100 100 100 44 100 100 100 52 100 51 100 43 100 100 96 45 63 83 75 16 34 100 27 61 19 100 82 100 100 70 64 100 56 100 81 41 98 22 29 95 87 100 71 93 14 100 100 90 88 100 81 64 77 59 70 100 73 9 100 100 100 20 100 100 100 5 53 74 52 87 52 18 100 26 41 100 40 100 42 
100 100 33 100 100 23 100 97 51 100 100 67 100 85 79 100 36 46 100 100 44 63 58 5 100 6 45 100 100 64 74 100 54 54 48 100 13 100 100 30 100 58 83 100 100 100 86 100 49 100 100 64 100 8 72 11 99 80 30 32 25 100 13 85 100 100 21 97 61 21 100 6 63 91 38 82 100 1 100 31 81 73 100 65 80 86 32 50 100 12 100 82 100 54 100 39 49 30 100 100 12 100 100 10 100 100 69 29 100 25 100 100 51 100 100 100 100 64 42 12 13 40 100 28 98 15 100 100 100 86 30 6 36 25 40 48 12 13 59 19 100 67 100 62 100 85 100 100 100 37 100 100 100 58 100 3 100 38 100 100 50 100 5 79 100 13 100 100 65 66 
95 100 11 86 100 100 100 28 38 19 21 97 27 52 90 14 100 20 100 69 11 7 100 100 49 37 100 68 72 100 100 16 100 100 100 30 54 100 49 100 5 100 100 60 100 100 60 100 99 100 79 100 100 72 100 35 100 100 75 100 100 60 32 100 100 49 44 32 73 9 92 100 100 100 92 100 100 91 37 8 100 10 16 100 100 100 100 94 100 100 68 100 86 100 100 100 41 100 28 100 100 4 100 76 100 100 100 81 100 100 42 63 100 39 53 69 58 40 100 100 69 100 88 49 73 100 100 100 100 100 61 32 75 82 100 100 94 8 100 51 100 56 100 100 22 93 75 100 96 100 43 39 20 64 39 100 100 100 100 61 74 20 100 77 62 100 15 96 100 
100 4 100 100 86 100 98 8 100 100 44 88 43 89 100 28 9 100 90 56 100 100 100 35 100 100 36 39 100 100 100 100 27 2 70 95 100 6 100 100 1 11 100 100 100 100 21 45 100 100 100 100 9 100 100 9 100 100 100 66 40 28 66 97 91 84 100 71 73 76 92 15 100 72 57 100 66 100 100 99 8 70 100 60 100 100 100 100 100 39 77 100 49 47 32 100 100 0 39 69 88 30 78 39 55 100 56 100 20 64 100 8 100 37 21 52 47 43 100 37 84 100 3 15 6 22 100 51 77 17 54 82 100 100 58 58 67 15 100 8 100 100 30 100 100 99 100 100 100 100 100 71 14 100 16 100 44 81 28 40 100 100 52 51 100 100 100 100 
14 0 61 78 11 80 100 100 100 15 79 48 33 100 91 100 24 10 96 50 67 48 65 95 87 2 100 99 93 67 43 100 37 100 100 8 100 100 10 20 39 93 19 55 100 100 100 78 50 92 100 50 100 100 100 100 96 100 12 100 100 81 92 100 75 73 100 100 15 28 15 41 99 100 99 100 72 53 68 100 100 100 100 74 82 100 26 100 100 6 100 100 13 100 100 100 36 23 26 78 100 100 100 100 100 34 100 91 5 92 36 100 78 11 100 54 92 67 100 100 92 100 88 21 4 100 71 28 92 100 82 100 76 100 18 7 49 100 48 31 100 74 100 100 79 100 100 10 67 62 100 5 90 15 29 31 100 15 84 34 7 84 100 10 100 100 55 
100 100 100 22 33 81 84 60 100 24 100 31 52 33 100 100 100 63 54 100 78 13 100 41 24 100 96 100 100 44 91 73 90 92 83 55 100 46 100 100 44 100 99 8 100 63 78 100 100 49 4 34 100 8 35 66 63 36 67 100 9 73 4 100 19 100 32 29 62 100 10 46 87 100 100 10 100 35 66 100 100 100 12 100 90 100 100 100 100 0 100 51 100 100 94 0 30 100 100 49 96 72 67 15 100 16 65 97 42 39 60 32 39 100 58 76 100 100 74 100 70 84 32 61 6 22 37 100 100 48 100 91 89 100 100 29 24 34 78 78 100 100 100 67 100 12 72 100 50 100 100 100 44 27 23 100 100 100 100 100 42 18 100 49 100 100 
100 100 100 94 35 49 96 100 100 75 37 64 61 100 100 100 100 72 100 8 6 100 2 43 88 21 100 52 51 17 20 40 100 26 100 100 59 100 81 100 71 87 26 34 19 100 100 100 100 17 100 34 100 100 46 6 100 100 100 18 100 51 100 100 56 100 100 100 100 100 45 12 54 75 90 51 100 100 43 100 75 27 100 100 84 45 18 100 100 89 100 100 65 100 60 6 100 39 100 100 100 8 100 85 50 100 100 100 21 100 100 90 95 100 26 58 54 12 65 100 95 100 85 95 100 100 100 2 100 100 100 18 41 81 70 100 100 100 30 100 57 100 100 30 38 70 93 100 22 14 98 100 100 32 35 6 100 100 100 100 80 89 100 100 77 
87 31 100 100 100 32 100 23 54 100 60 38 100 34 7 100 60 36 86 100 86 17 33 4 35 10 100 100 100 91 100 78 100 94 100 99 59 99 16 100 100 60 68 11 100 14 54 50 100 100 51 100 100 100 100 44 91 100 100 22 100 40 58 100 100 100 45 77 75 93 39 100 100 59 95 100 100 100 66 21 65 100 100 37 51 69 100 100 100 75 35 100 29 100 100 91 74 2 48 53 7 100 100 21 19 100 61 100 66 59 100 100 74 31 59 100 69 6 90 81 30 100 100 100 68 30 11 12 35 29 97 100 100 50 100 100 100 100 58 100 48 100 58 32 100 11 26 100 42 96 0 43 100 12 30 42 27 47 100 100 100 77 100 24 
100 82 100 100 12 100 58 12 74 100 56 100 100 59 100 67 100 68 100 58 13 100 85 100 100 63 5 74 0 100 100 100 29 28 17 100 99 57 100 100 100 95 35 100 98 100 100 90 25 35 90 43 35 83 100 100 60 100 23 92 40 55 100 45 100 14 100 100 34 100 15 2 65 100 100 32 100 26 27 100 100 37 53 100 6 12 3 91 100 100 83 34 8 30 5 82 7 95 100 100 17 100 100 28 6 72 80 100 81 61 33 100 83 100 48 100 49 32 46 88 100 38 3 100 65 97 69 100 100 91 28 100 100 100 100 9 40 100 100 100 100 91 100 100 63 1 93 72 100 100 84 51 11 57 100 100 19 100 100 13 100 100 43 
100 60 23 100 100 100 71 19 24 100 66 39 98 42 100 100 11 0 89 35 100 20 100 100 18 58 89 69 98 100 100 100 92 100 100 100 100 77 100 100 42 100 52 100 64 42 23 97 44 100 96 100 23 78 20 47 33 41 100 100 100 100 100 39 100 70 100 1 100 99 100 24 16 35 37 90 77 29 82 61 92 100 38 100 5 100 35 100 63 82 94 100 63 92 100 100 96 100 100 23 55 100 52 14 100 89 100 18 100 99 100 96 100 86 3 96 100 100 19 54 19 2 37 40 61 61 10 100 100 100 100 98 100 100 100 100 52 100 100 60 100 33 10 67 2 100 39 18 100 31 17 13 17 100 33 58 65 88 6 100 67 44 
100 100 70 22 100 100 100 14 100 84 64 19 31 100 100 91 100 50 100 100 21 36 2 93 20 37 73 100 100 100 100 90 87 100 100 78 100 87 81 14 34 100 55 100 100 100 61 100 100 84 100 58 100 34 100 40 100 9 30 100 42 78 100 14 61 28 35 75 100 36 54 100 74 65 38 78 23 100 72 100 19 2 68 16 56 100 15 95 62 100 19 52 100 100 100 97 19 100 87 100 6 54 100 71 100 80 100 7 100 37 76 52 100 100 90 100 100 64 16 44 100 95 100 58 1 100 37 100 47 23 100 54 22 100 100 54 70 100 100 100 100 100 100 54 75 32 100 15 100 55 100 100 100 100 69 22 28 100 59 100 100 
86 94 78 100 58 11 100 100 100 100 21 98 100 100 55 64 100 87 48 100 100 100 8 100 100 59 100 25 100 84 97 100 92 100 100 29 8 28 54 25 50 100 100 94 99 100 100 92 40 100 89 80 32 100 6 89 100 100 100 70 20 100 100 60 100 100 100 100 70 100 100 28 97 4 86 74 49 100 4 7 100 100 100 100 100 44 29 100 59 31 100 100 36 14 49 55 60 100 19 100 39 100 86 93 78 48 6 85 59 100 100 15 53 8 100 80 76 40 31 100 76 92 100 100 100 100 87 18 100 100 28 100 76 100 56 98 22 100 85 72 81 50 95 100 43 38 70 100 100 100 35 18 86 100 68 100 55 100 3 26 
61 100 5 100 100 88 12 100 20 35 100 100 93 100 100 35 9 69 74 89 44 100 55 25 16 100 100 47 55 4 10 100 97 31 62 100 36 58 42 100 100 22 100 28 100 100 100 62 100 14 96 100 100 100 87 100 56 100 40 34 14 100 20 10 100 100 1 98 19 100 5 78 100 100 92 47 61 100 51 100 42 81 100 100 100 54 100 100 97 100 58 2 100 100 100 86 99 44 50 73 86 75 62 100 69 29 100 100 100 51 54 61 57 37 22 100 53 90 100 100 5 81 100 100 10 14 100 100 100 29 45 0 100 64 100 0 92 90 75 100 84 100 100 92 6 100 100 100 100 56 62 83 100 25 94 100 100 68 19 
49 33 100 84 50 26 100 100 83 14 48 17 25 100 52 98 39 36 100 52 100 100 15 45 100 100 100 28 100 62 8 100 71 100 31 100 100 99 83 45 100 8 34 100 2 100 63 100 100 100 100 26 17 100 100 70 100 100 100 100 100 100 67 69 53 74 100 100 93 58 69 58 100 100 96 100 71 66 37 100 100 100 19 29 100 91 100 54 23 100 85 95 60 100 100 47 100 100 72 26 50 100 58 21 32 62 0 9 74 72 43 100 10 9 100 100 15 95 96 79 34 59 100 52 88 88 100 77 100 100 99 28 10 100 100 100 100 100 100 99 43 8 100 61 37 100 8 100 100 2 36 40 100 37 46 49 100 100 
100 88 8 100 59 34 41 100 23 100 100 100 32 62 100 100 100 99 8 100 4 89 100 100 77 100 100 100 100 100 100 100 84 64 100 38 100 100 100 72 100 47 3 52 88 17 100 43 100 41 100 67 73 100 100 100 37 98 58 100 100 73 100 24 100 100 67 30 57 96 80 100 74 82 100 100 57 100 100 100 100 0 100 40 98 100 36 83 100 35 78 14 100 39 96 27 100 100 80 100 44 43 94 45 100 90 100 100 47 100 22 100 100 47 100 78 100 50 100 31 28 100 32 83 1 100 100 14 98 61 22 59 52 40 100 49 30 25 69 100 100 100 21 100 43 3 90 100 6 74 14 2 63 8 100 100 100 
22 39 100 2 6 2 100 100 19 29 57 6 44 41 100 100 100 39 100 56 100 100 100 80 100 27 65 78 100 32 100 26 60 64 78 100 100 43 100 73 100 100 100 49 46 18 100 74 100 88 100 75 100 34 32 23 60 100 100 96 100 92 0 100 100 59 89 100 16 100 65 30 6 100 92 68 72 66 61 100 100 100 100 100 100 76 98 100 100 50 42 34 56 27 83 100 100 100 100 100 100 22 41 26 77 100 42 80 100 100 100 78 60 100 100 100 100 7 78 100 96 100 62 31 53 78 11 100 100 100 8 96 10 100 100 100 100 100 100 60 96 59 100 5 100 100 100 89 23 100 100 54 51 100 100 37 
100 94 100 100 100 64 1 100 100 93 100 87 0 100 22 100 14 100 100 75 17 100 100 11 51 100 100 100 100 100 58 44 50 47 100 100 100 100 89 25 5 20 50 100 100 56 71 81 100 100 30 100 100 100 97 100 70 64 50 100 100 0 0 81 100 2 47 100 37 60 100 100 67 62 100 100 44 2 100 100 100 22 100 97 100 12 20 89 100 82 35 100 94 57 55 71 100 16 100 100 84 11 100 100 93 100 100 18 58 15 100 84 86 1 75 60 45 100 92 100 12 51 100 11 100 59 5 50 100 100 32 100 100 100 100 100 10 17 97 92 26 100 43 100 34 100 100 100 45 100 100 100 98 100 8 
100 100 49 74 0 100 67 100 52 39 52 4 36 75 33 30 68 61 94 78 100 100 100 81 0 100 100 59 100 95 34 100 35 100 100 100 100 100 35 100 26 14 100 94 15 100 100 40 100 14 91 100 100 100 4 100 99 100 89 80 100 37 42 88 37 53 100 100 100 100 9 82 100 100 26 71 92 23 20 100 100 79 17 100 96 20 85 100 100 87 43 100 5 100 15 70 100 100 14 13 100 100 12 100 96 100 46 35 50 36 100 50 100 57 100 51 4 100 71 100 32 100 100 25 73 19 81 34 87 63 100 100 93 10 100 77 10 53 100 100 100 5 91 100 100 100 33 100 48 27 25 100 100 33 
17 0 100 68 1 25 77 99 3 36 100 10 71 62 77 100 70 100 23 100 16 100 95 29 4 100 100 100 34 100 18 100 100 11 100 100 31 82 100 100 90 100 100 99 100 100 100 100 65 15 26 8 100 5 100 100 100 100 100 54 47 78 61 100 80 16 18 3 9 5 14 100 100 82 88 100 91 100 29 58 43 100 17 100 100 19 100 100 49 64 81 9 85 100 62 2 95 100 83 59 100 100 67 25 90 54 100 100 38 46 14 70 100 40 100 100 4 41 85 57 67 100 100 0 19 81 13 100 63 1 100 100 12 100 100 100 100 36 88 13 46 34 100 100 100 94 100 6 99 100 82 48 100 
100 77 55 47 53 24 45 100 100 100 96 88 80 100 57 30 100 100 100 74 100 100 100 46 41 100 8 100 100 44 21 25 100 100 98 100 2 100 100 4 85 100 100 100 18 100 41 54 100 97 100 100 100 100 69 10 92 82 100 98 19 17 80 92 100 100 36 25 44 49 100 100 64 52 100 95 100 25 100 100 77 97 88 100 100 100 100 100 98 54 100 40 81 50 78 12 3 100 100 100 45 100 100 30 99 100 100 89 28 94 100 100 100 19 13 100 100 100 50 100 57 100 11 100 30 100 100 45 48 71 100 88 89 100 100 4 56 100 40 76 100 4 100 87 26 34 19 100 12 69 17 58 
100 40 100 100 100 100 100 55 60 100 75 29 100 100 58 81 20 100 100 100 80 100 78 44 100 57 100 22 68 100 100 100 74 100 50 79 15 100 100 64 100 31 100 100 25 97 32 4 22 4 100 100 62 94 22 77 100 88 67 53 38 31 100 68 100 69 57 100 100 51 99 100 62 14 50 100 97 53 100 100 55 16 97 17 100 60 26 73 100 100 100 44 100 100 84 100 77 10 36 100 100 59 20 77 100 81 4 100 100 67 17 100 88 80 100 100 23 43 90 96 100 100 100 100 29 3 93 100 100 10 98 100 100 100 49 100 89 33 16 80 38 37 100 100 10 100 40 82 100 51 100 
43 4 2 100 100 3 100 100 100 100 99 20 100 95 8 44 100 58 21 61 100 18 100 100 94 42 91 77 100 3 88 23 100 100 35 49 100 0 87 2 100 100 100 100 100 100 6 89 20 100 52 78 100 68 100 12 3 100 100 59 100 66 100 100 100 27 59 79 100 100 18 100 100 100 28 82 37 50 20 70 100 100 5 13 76 100 100 28 37 100 38 59 100 18 70 100 54 100 9 100 12 100 0 73 100 100 20 100 49 57 59 100 100 9 100 83 100 100 100 0 100 100 29 100 68 100 99 100 100 13 25 14 100 0 63 100 59 60 100 100 69 4 100 54 100 100 100 100 11 66 
68 91 53 84 100 100 86 100 31 2 80 31 76 100 29 100 84 25 47 74 100 100 100 100 100 68 95 100 100 100 100 85 38 100 44 100 100 26 43 39 19 100 60 39 100 100 100 28 100 100 100 100 3 100 100 100 42 93 100 44 100 62 50 94 58 7 58 100 100 75 21 100 100 9 86 100 100 100 24 64 100 100 100 58 100 36 100 14 100 100 53 100 30 2 100 91 84 100 79 100 31 100 19 100 30 48 100 100 100 58 100 38 100 100 100 100 55 100 100 77 62 42 68 100 100 44 100 100 100 44 70 5 100 100 35 64 94 100 52 31 100 79 76 30 100 100 44 100 63 
100 22 100 78 100 14 100 30 76 100 100 46 100 100 6 100 100 74 77 100 100 94 100 82 57 16 31 100 98 100 17 100 9 49 100 24 22 100 87 63 60 91 75 13 42 100 100 7 100 48 14 100 23 45 45 100 0 6 100 100 34 77 100 99 20 80 100 100 59 58 100 37 100 100 100 100 77 100 81 51 100 75 6 52 22 44 8 36 18 92 100 100 32 12 100 29 48 96 27 100 96 100 100 86 12 33 60 100 21 42 79 25 100 100 1 8 17 97 8 63 100 13 92 28 93 18 72 90 46 100 18 25 100 100 1 100 100 41 5 19 98 28 100 95 100 55 77 3 
25 100 48 5 37 100 18 100 54 42 47 61 8 56 94 100 59 1 61 75 100 59 74 85 7 88 100 100 27 14 77 100 100 100 72 100 100 33 18 93 100 70 84 40 11 100 96 100 73 50 100 41 64 100 100 67 100 17 100 56 64 55 100 61 100 100 7 67 32 38 40 100 100 29 66 34 11 100 50 96 96 3 50 12 100 72 100 100 44 65 99 100 100 75 38 47 7 3 100 96 60 3 37 100 89 53 28 3 34 100 90 100 100 83 100 76 100 9 100 100 100 100 100 100 100 17 37 98 100 86 42 88 67 53 75 80 54 100 56 54 100 87 66 100 100 62 34 
100 13 41 44 83 94 3 100 100 45 100 100 86 100 52 87 62 63 100 45 19 100 37 35 34 0 12 72 91 100 100 79 44 68 100 31 3 100 29 100 75 17 100 100 80 100 21 88 100 87 100 28 15 17 54 65 34 51 75 31 100 35 100 22 100 59 100 100 100 37 100 44 100 100 79 30 1 100 34 100 40 100 52 99 99 100 1 98 100 11 3 70 100 100 100 34 100 9 100 70 79 100 100 100 32 0 79 63 100 97 39 32 100 100 100 8 100 80 58 100 10 92 100 88 76 72 100 40 100 44 22 17 68 100 100 100 100 41 100 100 76 100 45 100 73 95 
95 93 84 100 100 81 48 71 100 100 100 100 100 89 100 100 13 100 28 23 100 99 26 2 100 44 14 25 100 100 28 100 100 100 100 39 63 100 100 98 52 100 73 94 100 3 100 67 52 100 60 4 100 91 100 59 100 10 76 61 64 100 66 100 90 100 8 100 100 100 100 100 15 89 52 100 79 78 100 91 59 100 100 42 61 100 100 33 29 0 72 37 100 100 46 100 73 85 100 99 100 98 100 100 100 38 63 100 14 45 55 100 74 67 100 100 86 69 43 100 2 100 99 99 92 90 100 100 95 43 100 39 14 60 78 23 100 33 21 100 100 37 14 51 88 
30 90 17 29 100 100 62 100 56 100 93 6 46 100 66 78 83 100 100 100 67 41 88 60 100 25 100 100 100 93 100 100 100 100 18 88 100 100 100 100 91 78 40 25 52 36 78 100 100 77 91 100 70 75 9 42 94 100 100 100 100 25 74 93 23 100 32 100 100 93 73 35 28 43 100 14 100 100 99 93 100 100 100 100 100 50 100 100 100 4 100 38 82 100 50 100 100 100 100 9 100 37 34 100 10 23 68 100 100 9 100 100 100 100 30 62 100 100 100 62 48 20 100 100 100 78 100 89 38 100 100 86 5 100 100 100 100 27 92 25 100 74 100 1 
100 100 11 34 38 18 100 38 2 100 87 36 93 100 58 100 1 100 32 90 100 85 100 10 53 100 78 49 100 26 22 84 100 100 100 97 32 100 57 100 100 61 100 100 71 100 76 100 100 100 26 100 100 57 40 48 100 100 38 83 12 91 100 100 100 100 12 100 93 100 100 4 6 77 100 81 89 67 100 81 100 29 70 19 100 100 61 100 100 23 46 15 100 96 100 21 53 82 23 100 35 55 100 100 100 62 100 81 23 33 100 12 100 54 100 100 62 91 100 39 100 100 100 78 53 98 100 16 100 100 100 100 100 68 100 100 94 48 14 63 100 27 75 
33 100 77 29 30 100 100 100 64 7 75 100 100 100 100 98 100 46 100 64 100 5 37 14 100 64 100 100 71 100 100 50 59 79 100 47 25 88 100 100 100 61 66 4 100 21 10 100 1 34 100 100 22 55 100 61 35 100 100 100 15 12 100 87 90 100 19 13 100 100 69 2 100 76 100 100 100 11 31 100 100 100 100 13 100 16 25 100 57 89 100 100 80 100 70 100 56 27 92 87 35 65 88 100 100 25 39 31 100 100 84 100 72 22 85 31 89 100 100 68 12 44 85 85 100 11 16 100 18 73 100 100 100 12 29 8 100 66 3 100 95 71 
100 99 81 100 100 46 88 8 92 41 4 70 36 100 100 100 22 47 100 70 100 52 8 80 100 80 14 100 84 7 100 28 32 57 60 100 100 100 100 32 96 97 100 28 66 16 55 8 100 97 17 100 100 38 40 94 79 47 29 68 61 100 100 100 100 100 100 100 100 100 56 100 100 100 79 100 100 100 27 61 70 99 11 26 100 100 95 84 3 50 39 100 100 1 100 100 100 30 100 45 100 100 100 54 15 69 83 100 57 100 11 100 100 52 100 56 97 81 93 100 38 91 46 100 8 14 90 45 32 59 44 9 8 100 100 100 98 100 39 100 100 
63 17 100 38 42 9 100 68 1 66 79 76 36 28 100 100 6 100 92 15 100 28 76 7 61 100 100 50 25 83 100 26 100 100 59 100 100 100 39 100 100 1 100 100 100 83 90 100 77 72 0 100 100 51 73 51 2 81 100 20 100 10 100 100 98 53 43 100 94 45 100 62 100 57 81 100 24 36 21 16 100 96 100 81 62 0 91 87 50 29 6 89 52 100 39 100 16 51 60 100 100 59 100 100 100 100 100 100 81 100 100 7 100 10 100 57 100 100 100 100 8 93 100 100 99 5 100 100 100 63 100 1 100 72 100 100 72 100 100 56 
100 86 25 100 100 13 53 100 19 52 100 88 36 100 81 25 30 20 0 100 71 53 100 84 100 28 100 48 100 89 61 32 100 77 99 92 100 100 12 6 21 100 100 17 60 100 67 44 100 80 100 47 100 100 39 100 100 100 42 100 10 3 100 100 16 100 17 93 100 100 45 50 29 38 53 51 6 21 100 63 56 43 12 75 20 100 100 100 62 100 43 26 100 33 31 14 64 8 15 27 3 100 100 43 100 100 23 29 87 27 100 100 54 100 100 58 100 100 71 100 1 34 4 100 35 100 100 73 100 43 100 68 22 100 67 46 100 13 47 
91 10 59 100 5 71 100 58 55 100 70 100 100 32 100 35 100 34 24 65 100 100 100 100 100 42 40 72 24 100 100 43 100 44 100 83 100 100 100 61 88 22 86 100 35 93 100 100 100 100 100 20 100 45 30 42 100 65 100 100 73 15 84 32 100 100 96 93 100 100 100 100 42 100 22 34 89 31 11 94 15 3 100 77 100 100 3 100 46 100 90 87 93 66 100 60 100 100 27 100 100 94 94 100 58 22 100 100 77 100 59 97 93 6 100 100 100 46 67 100 35 28 33 76 28 8 45 11 100 86 100 75 74 100 92 100 100 32 
100 51 68 83 80 100 22 95 100 2 25 100 22 86 6 30 32 100 90 56 7 71 100 100 51 100 95 100 100 100 100 50 62 43 100 100 100 17 48 100 41 68 43 27 15 100 63 67 39 100 80 92 96 81 89 61 74 41 71 100 100 100 100 100 37 100 100 100 100 100 80 33 33 22 77 100 52 100 100 16 7 100 100 36 8 17 26 100 91 16 100 69 50 100 100 100 100 91 80 33 100 75 33 100 100 37 100 36 100 100 30 96 100 100 100 94 100 100 100 76 79 38 100 100 100 16 100 100 62 98 96 99 100 100 100 29 10 
79 59 76 15 100 100 84 100 31 100 86 21 0 63 100 100 16 12 74 98 37 72 100 100 66 19 100 82 56 69 100 100 100 100 100 42 64 21 100 100 3 100 100 66 13 100 100 40 7 10 37 31 34 25 49 98 65 60 51 100 46 100 100 100 0 24 67 44 95 83 100 87 86 94 72 100 100 100 14 100 37 13 17 10 76 12 100 100 100 100 100 100 100 100 100 100 90 97 11 100 100 92 100 100 96 11 100 5 23 92 45 100 100 97 42 100 100 100 100 100 30 100 100 100 100 26 100 100 55 100 100 94 99 100 58 7 
20 16 100 100 99 49 97 79 69 86 72 100 8 100 83 22 96 91 33 100 100 0 68 52 67 100 11 58 100 77 100 100 88 100 100 100 90 100 82 100 100 61 36 66 100 2 18 70 100 15 100 100 88 100 100 84 100 100 31 100 75 100 24 64 41 100 75 61 53 70 100 49 89 100 100 4 62 26 27 97 45 21 100 18 7 100 52 100 100 100 32 100 73 17 17 31 11 26 34 99 18 22 25 7 68 100 70 100 7 100 40 100 100 6 50 100 20 100 100 32 100 100 74 41 17 100 44 46 85 71 75 67 92 22 92 
100 100 100 44 100 30 88 100 100 100 29 99 33 97 100 9 100 26 64 84 54 100 100 60 83 68 100 33 100 100 0 100 13 73 100 100 40 100 100 100 79 100 48 77 0 37 87 61 100 52 72 100 11 100 100 55 100 61 80 51 100 79 87 100 24 19 4 91 29 92 100 34 88 35 97 81 100 45 57 93 65 89 15 100 100 8 100 100 100 12 100 45 100 100 100 100 71 100 100 62 20 100 100 99 100 100 100 88 95 100 100 61 31 100 100 100 100 100 100 89 41 2 100 54 82 100 46 100 65 100 100 32 96 96 
100 0 82 100 46 87 56 100 100 65 68 71 100 27 34 28 100 78 68 100 76 100 100 60 22 100 100 100 100 57 100 86 100 100 100 28 71 89 65 100 100 100 100 100 21 100 57 100 100 45 4 3 100 100 96 14 3 100 18 100 93 55 100 100 44 75 5 100 100 100 74 13 100 25 100 48 100 37 100 98 46 100 59 27 100 100 91 100 100 22 74 81 26 65 51 100 35 49 100 67 87 100 84 57 13 98 41 3 33 100 10 69 13 58 100 77 100 100 14 100 100 100 17 100 85 94 91 9 3 68 51 100 100 
4 100 100 100 97 63 63 88 41 100 61 100 42 85 90 78 6 100 100 100 13 46 78 100 100 100 100 2 100 100 100 100 100 58 47 21 100 100 27 61 100 95 88 100 75 66 100 13 100 100 100 31 100 100 100 100 100 100 100 33 95 57 100 100 23 100 100 84 37 100 63 74 55 100 100 100 100 100 42 21 100 100 100 100 40 100 100 10 100 100 100 100 25 18 79 5 74 100 35 100 100 30 100 55 100 8 71 75 33 0 78 100 90 100 100 12 100 100 100 93 24 27 100 100 100 57 100 100 100 100 19 3 
28 62 91 48 100 54 61 100 25 58 34 99 100 100 80 100 59 2 12 100 100 100 34 100 66 46 100 20 100 100 69 100 100 100 66 36 100 100 42 73 100 72 56 100 100 100 31 33 100 100 90 91 83 44 65 100 73 80 100 51 100 100 28 100 100 27 6 100 21 100 100 69 6 100 73 4 30 100 100 100 78 100 100 75 100 95 10 100 100 100 68 100 84 100 100 16 40 56 88 100 29 88 100 100 100 8 45 66 100 31 34 91 59 100 100 100 42 69 72 43 55 32 100 100 100 100 100 100 39 13 21 
76 100 100 100 69 100 85 100 100 100 100 10 100 100 100 48 100 75 92 16 5 71 100 100 49 5 100 95 85 70 100 80 2 100 14 77 54 100 98 100 100 33 45 31 100 100 20 39 82 44 100 11 48 96 51 19 100 100 90 100 100 100 20 100 79 100 29 100 68 18 100 100 7 100 100 100 100 100 100 100 76 67 100 36 100 13 100 37 45 100 48 100 100 100 43 100 56 100 89 31 100 51 0 32 100 100 41 88 100 100 15 100 31 20 84 3 35 23 38 98 100 100 4 100 100 100 79 93 30 89 
2 79 80 100 29 92 84 69 100 72 33 100 55 57 30 100 58 100 9 65 100 49 100 100 100 100 100 100 37 100 16 20 100 55 7 90 57 85 20 100 100 27 55 26 77 100 100 41 100 100 85 100 62 87 100 100 66 100 100 100 42 100 100 100 100 100 75 85 55 100 76 100 2 20 100 87 92 87 58 100 100 26 68 100 100 82 46 9 100 10 43 100 100 100 36 98 0 100 100 51 24 86 57 9 38 100 100 70 66 89 100 20 86 28 100 98 85 6 53 34 15 50 100 37 100 100 85 100 34 
49 100 24 80 26 16 47 100 83 100 91 100 96 44 100 77 49 100 87 55 100 56 100 100 50 32 9 100 98 4 100 75 96 100 100 50 36 54 91 100 35 38 100 100 100 12 100 15 100 25 82 63 96 100 22 7 100 74 100 6 97 11 54 100 32 100 100 43 19 85 100 5 5 81 85 18 10 66 85 100 100 96 100 88 100 100 100 100 100 100 98 100 100 5 0 100 47 100 100 16 100 100 39 100 12 100 100 100 64 100 100 100 84 89 100 76 100 100 83 97 25 9 100 100 88 85 100 10 
100 100 100 100 96 100 58 100 94 100 35 13 42 100 44 100 59 100 100 97 13 98 100 100 100 100 25 100 100 100 100 39 47 19 69 100 65 48 100 73 29 83 78 53 100 86 81 100 90 56 60 85 100 100 100 64 100 100 41 100 100 100 100 48 57 100 75 58 100 100 30 16 45 26 79 89 23 98 100 21 34 55 75 100 82 100 48 100 100 26 16 91 100 34 100 100 100 45 3 100 89 100 36 89 100 25 60 49 100 12 4 87 11 59 90 100 45 98 73 100 100 100 100 89 34 100 100 
48 91 100 100 33 58 73 100 39 89 100 100 23 49 10 34 100 61 100 57 37 100 100 56 100 59 79 80 83 13 80 12 100 100 100 4 100 84 100 100 100 100 100 100 100 83 78 85 37 89 4 100 84 58 10 100 81 92 100 100 92 100 100 37 20 100 81 56 100 100 100 100 31 56 60 100 100 76 32 100 0 100 45 75 22 100 100 100 83 100 30 100 98 100 47 100 100 100 82 82 58 100 100 13 25 100 100 72 100 100 100 100 93 100 100 46 65 16 44 100 100 19 100 25 91 25 
0 100 59 100 100 42 21 24 100 100 41 33 100 100 100 100 11 100 100 15 21 40 100 31 18 37 100 17 100 84 44 98 100 40 99 100 100 56 97 100 52 84 100 68 18 66 0 98 35 31 10 100 38 100 74 35 23 68 100 45 100 30 100 51 41 100 88 100 65 30 100 58 10 89 34 100 100 17 98 100 26 100 100 21 100 4 33 100 0 100 34 100 53 100 88 100 4 44 30 75 17 100 85 18 86 100 100 100 47 100 43 93 100 52 33 49 44 100 37 24 100 56 15 100 96 
42 100 7 17 42 98 28 100 100 100 100 11 37 100 100 67 97 37 10 14 100 74 26 100 100 100 48 56 31 14 43 63 100 100 43 24 64 100 52 100 100 100 100 100 100 76 100 6 100 100 26 100 51 52 100 43 7 100 100 81 93 41 100 100 100 30 100 74 100 100 100 100 100 100 100 82 100 85 31 100 100 100 100 100 96 79 100 22 14 100 38 100 4 73 71 95 100 100 91 100 70 100 91 94 42 68 100 64 100 100 84 74 100 40 100 100 70 100 100 100 29 67 76 99 
42 46 100 100 16 100 100 10 100 98 63 100 69 100 71 34 100 56 100 57 45 29 100 100 96 33 95 5 100 59 20 100 97 94 61 26 70 53 100 30 77 0 100 51 100 56 100 100 91 64 100 65 58 100 42 100 26 100 23 7 11 19 100 41 1 100 17 100 36 100 37 100 12 17 77 87 83 100 100 100 100 14 68 56 36 100 38 70 100 81 50 82 9 79 84 100 71 90 100 70 19 0 100 100 100 100 100 100 64 100 100 100 27 53 100 2 100 58 33 65 100 39 100 
100 39 63 63 72 100 89 71 29 100 100 99 100 100 2 63 33 100 68 15 100 59 69 100 100 100 100 57 100 54 55 13 100 100 88 100 58 100 46 100 20 100 72 100 57 83 100 73 82 87 100 77 100 88 100 38 76 22 34 100 100 100 100 100 100 69 59 100 100 66 17 53 85 86 39 100 100 38 100 87 65 31 70 100 35 100 100 72 100 100 36 13 4 100 26 0 100 99 100 32 29 100 86 71 77 100 2 85 45 100 19 19 100 55 7 100 9 37 94 100 100 55 
59 100 100 100 13 55 100 43 100 29 100 25 100 100 88 100 8 100 25 70 100 100 32 32 100 100 67 15 53 69 67 100 51 93 100 90 43 100 100 100 100 100 100 0 100 20 100 92 100 59 29 100 100 15 100 27 100 18 100 100 100 70 3 100 100 100 19 12 21 54 99 46 100 55 100 100 100 31 100 100 91 17 100 100 100 100 63 9 100 100 46 71 100 0 100 49 100 18 100 2 100 16 7 100 29 100 54 100 100 77 27 35 93 68 100 100 43 100 100 2 91 
100 100 44 48 74 100 100 100 100 100 100 42 100 47 91 100 100 66 79 91 100 99 36 100 100 55 50 100 23 24 39 10 40 100 4 100 95 100 100 100 56 70 69 100 100 13 100 100 0 76 100 100 100 62 100 23 6 100 28 100 95 53 2 100 10 97 100 26 100 95 7 100 17 62 98 100 100 100 11 20 100 90 64 100 29 100 100 100 49 100 70 100 51 100 61 92 100 100 52 16 4 100 73 100 76 45 100 8 2 100 80 100 100 87 44 26 100 0 49 51 
5 9 100 100 100 100 100 100 94 41 10 82 56 29 100 100 100 64 30 44 56 21 11 42 99 57 100 49 57 100 100 72 100 100 76 100 100 20 100 100 78 100 1 100 19 92 0 100 100 61 100 16 100 31 24 13 36 96 84 100 100 73 100 90 100 39 100 40 100 57 100 4 18 25 100 100 93 46 14 10 76 39 100 43 74 100 50 33 24 15 100 25 100 100 100 6 100 100 52 32 100 88 32 61 41 64 100 12 100 100 64 100 61 7 100 100 63 34 100 
100 94 63 100 100 100 100 100 100 46 85 48 57 35 100 100 100 8 100 35 100 100 88 79 100 83 82 100 93 84 100 100 47 51 87 97 37 10 63 100 26 57 68 23 37 97 66 69 100 90 10 14 84 100 100 21 100 100 100 100 100 80 100 69 46 100 50 32 51 100 20 100 100 13 100 4 70 45 100 3 100 37 51 100 97 38 91 6 66 100 3 6 100 52 100 76 100 20 73 100 100 100 100 100 14 70 100 100 100 92 95 88 37 100 100 84 34 100 
6 100 40 100 14 100 45 15 100 6 73 18 100 62 76 61 94 100 100 38 0 86 52 100 96 100 32 91 64 76 59 77 100 98 40 76 67 100 100 100 100 14 85 100 9 41 95 100 60 71 38 86 7 100 100 72 93 33 65 100 88 58 79 99 83 77 100 25 72 100 100 91 100 73 100 100 33 100 67 100 35 100 83 6 100 7 11 64 26 59 68 100 87 100 0 100 100 100 100 100 100 34 56 100 100 100 100 98 59 100 100 100 100 70 100 72 100 
100 55 74 100 98 12 25 100 100 92 100 85 100 100 100 56 88 2 100 100 96 40 100 100 100 53 69 33 1 100 100 19 34 21 54 91 69 79 41 72 100 100 93 100 59 58 100 81 73 9 100 76 32 100 4 15 84 100 100 100 100 100 100 69 0 11 100 100 44 86 100 83 87 95 100 86 100 16 3 86 74 100 100 63 30 100 100 42 18 35 100 17 69 100 100 66 100 100 5 17 19 77 100 73 100 48 47 78 100 100 50 100 100 100 100 67 
100 15 100 51 100 100 28 9 100 100 100 100 8 100 100 100 36 53 3 100 100 12 10 10 32 100 100 54 90 32 11 28 100 100 0 100 60 100 94 6 56 100 36 100 100 32 100 56 100 86 100 81 100 100 96 13 77 93 89 100 85 44 100 10 58 100 100 69 100 100 100 47 100 100 5 69 100 68 100 100 69 91 36 31 40 100 25 100 18 57 70 100 100 66 17 71 100 100 83 49 20 71 100 98 100 79 100 66 100 19 62 89 23 100 18 
7 100 25 50 32 4 79 100 100 100 90 55 58 100 100 47 100 34 100 8 100 100 7 100 53 28 100 100 100 96 54 100 100 69 56 100 100 100 97 77 100 100 51 9 100 100 100 100 100 46 89 19 100 74 100 100 100 77 56 39 45 83 100 41 29 100 16 57 63 35 100 100 70 100 31 100 100 100 100 75 100 100 100 53 45 69 100 100 87 30 9 95 100 88 8 19 79 100 17 1 100 50 10 100 47 51 40 93 100 4 100 100 100 100 
100 100 100 64 3 68 97 87 53 9 87 87 52 100 100 10 100 98 100 96 52 30 100 100 19 54 58 100 100 37 42 100 23 100 100 96 95 100 100 98 8 100 94 85 81 100 100 100 100 100 76 83 100 100 73 100 100 75 100 82 21 55 25 100 100 100 100 100 28 78 100 7 100 100 12 46 100 100 2 100 100 100 100 72 22 42 100 48 78 47 100 100 91 100 23 52 64 100 61 100 25 63 100 88 100 100 100 94 100 42 47 100 100 
100 100 100 55 29 100 6 0 100 100 100 36 91 100 37 73 51 63 65 27 8 100 22 100 70 0 100 100 100 100 100 100 100 47 100 100 44 100 52 11 19 86 100 100 12 100 2 37 16 33 48 100 81 72 51 54 100 40 91 100 76 100 13 65 26 42 53 65 68 87 92 100 32 100 75 100 100 100 55 80 100 18 32 100 100 40 100 26 32 23 55 100 41 92 100 7 7 1 100 100 100 100 62 53 100 59 85 100 100 100 100 100 
11 92 66 35 100 100 100 17 100 100 19 100 100 100 41 100 7 100 100 95 83 100 70 18 51 100 28 100 83 100 100 17 100 100 90 100 100 100 87 100 100 43 82 36 93 94 46 100 100 95 91 18 100 59 100 42 37 64 30 100 100 18 62 100 52 10 100 100 100 50 100 49 100 89 24 100 100 30 4 100 73 16 25 30 100 100 51 90 100 81 100 100 60 100 44 38 100 62 66 100 100 100 67 100 60 94 100 100 100 21 81 
84 20 100 6 100 5 100 37 100 88 60 19 100 100 35 91 20 4 100 43 23 100 24 81 100 100 100 100 100 43 99 100 44 100 100 47 32 80 100 100 100 81 100 100 100 100 45 100 100 100 41 94 80 46 90 100 100 99 78 18 67 100 100 65 95 36 93 58 66 18 100 100 60 100 100 11 10 100 21 100 100 100 100 100 49 19 75 57 100 33 100 2 100 9 100 100 34 100 100 100 82 29 1 100 100 100 100 23 100 100 
100 100 100 100 43 84 3 27 95 78 78 100 25 100 100 39 100 100 57 39 18 100 3 6 93 100 100 67 56 36 85 100 100 100 100 100 100 100 100 100 82 100 100 40 20 71 54 100 100 100 100 71 33 100 100 12 84 100 100 50 4 100 74 25 100 70 100 22 90 36 95 100 41 100 83 32 81 29 28 59 79 58 26 94 25 100 100 77 90 100 100 68 100 100 100 60 100 34 100 100 100 100 95 100 34 100 100 100 16 
41 100 100 91 100 100 70 46 100 12 42 100 94 100 100 65 61 100 100 100 47 100 54 64 18 100 4 100 23 100 18 74 100 34 96 100 30 48 55 59 6 100 100 100 100 25 100 94 100 100 100 100 100 13 91 56 100 100 100 56 100 100 100 100 26 100 61 16 100 74 34 100 100 100 70 17 97 45 0 100 66 100 100 8 100 41 100 100 100 100 100 100 83 100 5 75 15 100 100 100 100 44 100 91 100 19 77 78 
41 16 100 100 100 79 60 100 100 60 24 100 100 3 100 100 27 88 63 100 11 14 100 100 100 48 100 100 13 100 100 97 13 13 100 82 100 74 100 100 54 100 100 100 40 100 100 30 54 19 100 59 100 100 100 100 76 51 53 100 47 100 100 100 100 100 24 100 17 100 57 84 100 35 79 69 65 100 100 100 5 62 100 100 69 100 100 82 100 33 44 46 89 100 100 100 100 100 45 7 73 70 100 100 43 42 62 
72 100 49 100 100 100 100 63 100 64 56 100 100 27 23 53 100 70 100 60 100 100 93 100 33 69 97 100 13 99 93 100 4 27 13 6 92 80 100 100 100 41 100 75 97 71 57 100 31 100 32 95 89 100 18 100 100 50 100 100 37 100 100 100 100 91 100 100 92 100 100 73 93 65 11 0 61 100 100 100 100 100 100 100 100 100 41 3 56 93 100 96 100 100 100 34 96 100 100 12 97 24 30 99 100 53 
27 81 100 100 100 79 100 100 32 100 78 100 100 52 65 19 62 100 100 100 100 28 10 100 100 47 92 100 51 74 12 68 9 100 20 99 9 35 100 100 75 100 44 62 100 100 100 100 5 100 100 100 100 47 38 100 96 49 100 100 4 100 8 27 78 63 100 100 29 100 49 7 100 100 24 52 100 4 34 100 97 96 83 100 31 100 100 100 38 100 1 73 100 60 100 100 90 90 22 33 100 100 100 21 18 
82 100 63 100 52 100 89 25 100 100 100 100 100 100 73 100 9 68 86 100 28 100 50 100 9 100 100 100 100 98 13 33 100 95 67 62 100 33 47 100 46 67 100 100 82 100 18 8 53 94 100 67 40 47 100 100 1 100 1 88 72 51 32 100 100 28 8 7 48 100 19 33 94 100 17 45 12 44 100 100 100 74 100 100 33 100 100 100 41 100 100 100 74 100 88 100 8 100 94 79 100 81 100 77 
0 10 77 21 57 100 79 100 1 100 45 96 100 68 84 100 99 56 14 66 49 100 53 100 26 100 100 45 81 41 23 100 100 36 21 82 100 100 100 58 72 100 100 32 100 100 100 100 95 100 45 50 100 36 21 63 100 26 100 100 28 57 6 53 21 24 15 27 42 36 100 58 27 100 100 100 100 68 24 31 100 33 100 100 100 58 87 24 100 100 12 29 100 100 100 6 100 38 28 100 100 100 15 
66 100 100 100 13 64 100 100 100 0 74 100 100 100 53 100 100 50 1 100 100 17 70 100 48 100 100 5 100 15 57 80 100 87 100 100 100 12 94 5 100 9 5 95 100 100 48 29 1 76 100 24 100 100 12 47 76 100 55 2 19 87 100 9 20 100 46 14 4 100 42 100 100 100 38 100 24 100 100 10 100 100 100 79 100 100 66 100 7 100 39 83 43 10 46 43 49 79 51 100 100 9 
100 100 85 100 100 100 100 6 59 100 100 100 100 82 1 100 100 100 100 100 95 71 100 100 100 100 56 26 67 78 100 88 100 100 99 100 100 75 46 100 100 5 92 100 100 100 100 23 40 100 8 100 100 100 100 100 100 100 100 100 74 100 100 100 100 100 100 100 100 100 100 100 100 100 66 100 100 100 100 100 100 100 100 88 100 100 100 100 7 99 100 63 54 100 100 100 100 100 3 52 93 
100 55 100 100 100 58 65 100 100 100 100 17 100 100 100 68 100 19 62 63 100 100 100 100 89 100 100 100 82 100 100 18 24 100 100 100 100 100 100 79 100 100 100 100 100 100 100 27 100 9 7 100 73 100 64 14 100 100 100 100 42 100 100 23 100 44 100 100 100 100 100 100 100 100 100 100 100 100 5 100 100 100 58 100 100 100 100 100 100 100 100 100 57 10 100 89 100 30 100 4 
58 100 100 100 100 48 100 60 8 100 8 100 100 33 100 100 100 100 100 100 20 100 84 100 100 100 72 100 100 4 81 100 100 100 0 99 100 100 100 14 52 100 100 100 49 67 82 65 100 100 93 100 100 100 100 17 100 100 93 100 97 80 100 54 62 100 100 100 100 43 100 100 100 100 100 61 100 100 100 100 100 100 100 61 100 100 100 100 100 12 100 100 100 100 100 38 100 54 100 
61 54 100 26 100 100 100 5 100 11 100 100 100 100 22 100 92 100 73 100 100 100 100 100 100 100 100 100 100 100 100 10 100 100 100 19 100 100 100 100 100 28 41 100 100 100 100 100 100 100 100 48 100 100 100 100 100 14 100 100 47 100 100 74 100 100 79 100 100 45 100 100 32 100 100 74 93 100 100 25 100 75 100 88 100 100 100 100 100 100 84 68 19 68 100 9 99 100 
25 89 100 33 45 31 73 39 100 14 100 100 100 44 100 100 100 100 100 100 100 100 100 100 51 100 39 100 58 34 100 100 100 100 100 100 99 100 57 100 100 46 100 100 41 100 100 100 100 100 100 100 100 100 64 100 100 100 55 100 100 100 16 56 24 100 100 100 74 9 100 46 100 59 62 100 100 56 100 100 100 83 100 71 100 100 53 1 41 100 100 100 100 100 100 100 36 
100 100 46 39 100 100 18 55 47 100 100 91 7 100 100 100 100 90 100 92 100 100 6 73 100 98 100 100 100 23 100 52 100 100 100 100 100 100 100 89 28 30 100 93 26 0 100 100 100 100 100 100 80 100 58 7 100 100 100 100 100 100 100 100 100 100 100 69 100 100 100 100 8 100 100 100 51 100 100 100 100 100 100 100 100 61 100 100 40 100 100 51 100 100 66 100 
100 100 100 100 100 100 100 100 99 18 69 100 100 36 100 74 28 100 100 4 100 26 100 70 36 100 100 100 100 100 100 64 34 100 100 100 83 81 100 100 79 100 100 100 100 100 100 61 9 100 100 3 100 100 44 94 33 100 100 100 23 69 100 100 30 43 100 100 100 99 100 71 100 96 35 100 100 100 100 99 71 98 100 57 100 100 70 69 100 100 100 100 30 35 100 
100 100 50 100 100 100 100 31 100 100 17 100 100 100 100 100 100 100 23 100 100 100 4 100 100 100 100 100 26 100 100 100 59 100 100 100 100 100 100 15 100 100 100 100 100 100 27 39 100 100 95 100 100 7 100 93 100 98 100 100 100 95 77 100 100 100 98 100 100 100 24 100 100 100 100 100 100 90 37 100 1 82 100 100 43 100 57 100 100 22 100 100 2 100 
100 78 100 100 100 13 86 100 100 100 100 75 92 66 100 100 100 100 100 100 100 33 56 14 100 100 6 100 100 100 100 52 91 100 52 100 100 100 100 71 61 11 100 66 1 100 100 39 100 21 100 86 100 100 100 100 100 100 100 35 99 100 100 100 2 100 46 100 17 100 100 89 68 100 75 100 100 11 47 100 99 81 100 100 100 76 100 54 100 7 100 20 100 
100 100 100 60 74 100 6 76 100 27 58 100 100 100 100 100 100 92 60 59 79 15 96 100 69 89 100 100 22 100 100 60 100 100 100 15 100 100 100 100 100 100 94 100 100 100 100 100 5 100 100 85 100 100 100 100 100 69 11 100 100 100 100 100 100 100 100 100 100 100 100 100 100 5 100 100 100 100 100 85 100 58 100 100 16 100 100 100 100 100 100 80 
67 14 51 100 100 19 96 100 100 93 100 3 100 100 100 100 100 100 100 15 100 80 100 91 100 100 82 100 100 3 63 100 7 97 100 51 21 100 100 100 2 100 41 100 12 100 58 100 100 100 100 100 100 100 100 100 40 100 100 100 100 64 100 100 94 100 100 100 100 100 100 100 100 100 100 29 100 100 100 100 100 100 100 100 100 100 64 28 100 100 100 
100 10 100 100 24 13 89 84 24 53 100 80 100 100 49 100 100 67 32 91 46 28 100 100 100 100 100 100 100 100 100 100 100 100 10 100 100 100 100 100 100 84 45 100 100 58 36 100 100 100 100 100 100 100 100 100 100 100 100 100 27 100 63 100 100 100 100 100 100 89 100 100 76 22 90 100 8 100 55 31 100 100 100 100 100 100 100 100 100 100 
100 50 100 100 16 46 98 100 100 100 58 41 100 44 86 18 34 100 100 77 100 91 100 100 100 100 100 100 100 100 100 100 55 37 100 100 100 100 7 100 100 100 100 100 100 100 100 68 86 100 100 100 91 45 67 100 100 100 100 100 74 100 100 100 100 53 100 16 100 100 100 100 100 100 100 100 68 100 100 100 100 100 100 100 24 100 100 100 100 
100 100 100 100 100 100 100 100 100 22 100 100 100 98 31 100 0 77 100 100 100 100 18 100 100 100 100 100 100 12 100 100 100 100 100 81 100 3 91 100 100 11 100 100 100 100 100 100 33 100 100 81 100 41 92 100 29 100 100 100 100 100 100 100 100 100 43 100 100 41 5 100 50 100 100 100 14 15 100 100 31 100 100 100 100 10 100 100 
9 100 58 100 100 61 100 100 100 100 100 50 100 100 100 94 100 100 100 100 100 24 100 92 75 100 100 100 100 100 22 100 100 78 100 100 100 100 100 80 90 47 100 5 83 100 100 100 93 21 100 100 100 100 100 100 100 57 100 100 100 100 100 100 94 100 94 100 100 50 100 100 21 100 83 100 100 100 100 100 100 100 100 100 100 0 100 
8 100 100 80 100 100 100 100 100 35 100 100 23 100 100 100 85 100 100 100 100 62 100 100 7 100 22 100 100 100 40 100 100 53 83 62 100 100 100 100 100 100 100 38 100 100 93 100 86 77 22 100 100 100 51 100 100 100 100 100 100 28 100 100 84 53 91 100 8 100 100 100 87 100 20 38 100 100 100 100 67 100 100 100 89 100 
100 100 100 100 7 100 100 73 100 23 56 100 100 100 97 100 100 14 100 100 21 25 17 100 100 100 59 95 27 100 100 100 70 79 100 100 100 100 23 100 100 100 69 100 100 100 100 100 100 100 99 100 100 100 100 53 100 100 100 61 100 100 100 60 100 100 96 64 100 100 96 100 100 100 76 100 48 100 96 100 68 100 54 4 25 
100 100 100 100 35 40 100 5 100 100 100 100 27 44 100 100 100 100 83 100 100 100 100 100 100 100 94 100 100 100 100 100 100 100 70 100 18 100 100 45 49 100 100 100 100 9 65 100 100 100 100 33 100 89 96 67 100 100 100 100 43 91 100 100 100 100 49 12 64 89 89 100 100 100 100 100 100 100 100 100 77 100 100 100 
15 100 55 100 100 100 100 100 100 17 100 63 7 100 80 100 41 100 59 40 100 100 100 76 100 100 100 100 100 100 100 100 100 100 100 38 96 100 100 100 94 100 100 100 100 100 73 100 77 100 3 100 47 100 100 100 86 100 100 26 100 100 100 95 100 62 100 100 100 100 100 25 100 100 100 100 26 100 25 40 100 71 100 
45 100 82 100 100 100 65 100 100 43 100 16 100 100 100 100 100 100 100 2 100 100 88 63 72 63 100 100 100 100 100 100 100 87 100 100 100 100 35 100 3 70 100 100 100 37 100 100 69 100 100 17 20 0 100 100 63 100 76 100 35 100 100 100 100 100 100 1 26 100 100 100 100 72 100 75 32 64 100 28 100 100 
100 100 100 100 100 74 100 100 47 90 100 100 100 100 10 100 100 73 100 100 100 58 100 100 100 100 100 97 100 18 25 100 6 0 100 100 9 100 100 100 100 60 25 100 100 100 100 0 100 100 100 1 100 67 100 100 100 100 100 100 100 100 100 100 100 100 48 100 100 87 63 1 100 96 100 100 100 100 100 100 77 
83 100 100 67 100 24 52 100 14 100 100 100 100 31 100 100 94 100 80 16 100 100 100 77 100 100 100 100 100 100 4 100 100 100 100 100 100 100 100 100 90 100 5 100 55 100 100 100 100 94 100 7 100 100 100 100 100 100 64 83 100 19 94 100 100 100 100 100 100 99 7 100 100 43 100 30 100 100 100 68 
100 100 66 83 100 100 40 100 31 81 74 100 100 83 100 100 100 5 100 100 100 100 100 100 100 100 100 100 100 75 19 66 100 100 100 100 100 100 100 81 2 13 100 100 100 41 60 88 5 22 100 77 100 100 32 100 100 100 100 100 100 100 100 14 100 73 100 50 100 100 100 100 100 74 100 100 100 100 0 
100 43 100 100 89 100 20 100 100 25 89 100 100 100 100 100 86 16 100 100 60 100 100 0 100 69 100 100 100 95 100 100 100 100 100 41 100 100 100 68 20 100 100 100 52 100 100 100 100 92 54 100 100 5 100 100 100 100 64 100 59 100 100 57 100 100 49 75 100 100 100 100 100 100 100 100 100 100 
47 12 96 62 66 100 34 55 100 100 35 92 94 100 70 100 100 100 3 100 27 100 26 34 100 100 79 100 100 3 6 91 100 100 100 100 68 100 100 100 100 18 100 90 100 100 100 79 100 100 100 79 77 100 94 100 100 100 100 100 100 88 100 100 100 100 100 24 100 29 17 100 100 100 100 100 100 
100 60 100 100 100 100 11 54 72 78 69 100 68 100 27 100 85 68 100 33 100 100 100 54 100 100 100 3 100 100 19 55 100 100 97 100 95 98 100 100 100 100 100 100 50 46 7 100 70 100 100 78 100 100 100 100 100 27 100 84 100 100 35 87 100 100 37 64 78 26 100 100 100 100 100 100 
100 24 100 100 100 44 100 100 27 100 52 89 100 100 100 100 100 100 100 98 100 100 43 100 100 100 48 100 52 100 100 20 100 73 100 15 100 100 100 70 100 100 100 96 45 100 100 100 43 100 100 45 100 100 100 100 66 100 58 100 100 63 100 35 100 28 100 100 100 100 100 100 85 43 100 
100 23 100 95 100 100 100 76 100 100 100 100 100 62 11 100 100 100 100 100 100 100 59 100 100 50 100 100 100 58 100 100 100 100 100 49 100 100 100 100 50 100 91 100 22 90 56 39 38 44 100 100 100 100 100 100 100 15 59 100 12 98 73 100 100 100 100 100 100 14 100 100 100 100 
38 100 100 57 23 92 98 25 100 100 37 100 75 100 100 100 42 38 34 100 100 100 100 100 100 100 100 34 100 100 100 100 86 100 100 13 100 3 55 100 31 100 100 100 100 54 40 100 100 21 100 44 100 100 100 49 2 100 100 100 100 91 27 100 100 100 70 100 100 47 100 100 100 
100 13 87 100 100 27 50 100 100 100 70 100 100 86 45 100 100 100 18 100 85 100 100 100 68 70 100 100 100 75 100 100 100 45 53 12 100 100 100 88 100 36 100 100 18 100 100 62 100 100 100 95 100 100 100 100 100 69 28 100 100 73 14 100 57 100 81 100 12 68 100 46 
100 100 100 100 100 100 100 18 100 98 100 100 100 100 70 29 100 100 100 95 100 9 100 69 100 83 39 100 100 56 100 33 100 100 58 100 100 100 100 100 61 100 100 50 100 100 100 100 69 100 100 100 100 100 12 64 74 100 100 100 34 82 100 100 28 83 90 100 58 50 100 
100 100 20 100 100 100 62 33 100 100 100 100 100 3 100 34 100 16 100 80 100 100 100 100 100 100 100 100 100 100 100 100 100 100 100 100 100 97 100 100 100 100 100 43 38 100 100 100 100 100 100 52 68 100 100 50 100 71 80 100 50 100 59 100 94 100 9 100 27 100 
100 100 100 100 100 100 100 100 100 100 100 100 100 100 100 100 100 100 100 100 74 100 100 22 57 100 100 100 100 79 100 100 100 100 100 91 100 100 100 100 48 100 97 100 100 5 100 100 100 100 100 100 100 97 62 100 7 24 100 100 100 100 100 100 100 57 88 100 29 
100 100 100 100 100 100 100 100 100 49 100 100 100 88 100 100 100 100 100 100 68 100 100 100 100 65 100 100 15 100 100 100 48 100 100 20 100 62 100 91 100 100 100 100 100 100 91 100 100 100 61 100 100 35 100 100 2 7 77 100 76 100 100 64 100 100 100 100 
100 100 100 70 100 100 72 100 100 100 100 100 100 100 57 100 4 100 100 100 100 100 100 100 100 100 52 100 80 100 87 100 100 100 52 100 62 100 23 20 40 100 16 100 48 96 53 100 100 100 100 100 100 100 94 100 100 100 100 100 100 100 100 100 100 100 97 
100 57 23 100 18 100 83 100 39 100 100 100 0 100 100 100 100 100 100 17 49 100 100 80 100 100 100 45 100 100 95 100 100 100 100 90 97 100 100 26 85 13 100 60 100 100 100 100 92 100 100 4 100 28 100 100 25 41 100 100 100 78 100 89 100 97 
100 100 73 100 100 100 24 100 100 100 100 100 100 100 100 100 100 100 100 100 100 100 100 100 100 100 100 100 100 100 63 100 100 100 100 100 100 65 100 100 100 13 100 100 12 100 100 100 100 100 100 100 33 16 25 100 100 13 100 100 100 100 7 100 43 
100 58 100 100 61 100 100 93 100 100 100 100 100 100 100 90 2 100 100 100 64 100 100 100 100 100 25 100 100 100 100 100 14 13 50 100 10 100 58 100 100 100 34 100 100 100 100 67 100 100 100 64 76 100 100 100 100 100 100 100 16 100 61 100 
55 100 100 100 46 100 100 57 100 100 100 100 100 100 29 80 100 45 2 100 100 100 100 100 100 100 100 100 100 90 100 100 3 100 100 100 85 100 17 44 100 100 100 100 100 58 100 100 8 6 100 100 38 100 100 43 80 100 83 100 100 28 100 
100 14 100 100 83 100 100 62 100 100 100 100 100 100 18 100 100 100 100 100 100 100 64 100 100 97 85 14 100 100 100 100 28 58 68 100 78 100 100 100 100 6 100 100 100 71 100 44 58 100 100 31 100 100 100 100 100 100 100 100 18 57 
100 100 100 100 100 79 100 100 100 22 100 100 100 27 100 100 100 100 100 77 100 9 100 100 67 100 100 100 43 100 100 87 87 100 100 100 100 100 33 100 100 100 100 100 100 36 100 100 83 100 100 100 100 100 5 99 100 100 91 100 100 
100 100 100 21 100 100 100 100 100 82 46 100 6 14 17 100 100 91 100 92 100 100 100 66 100 100 100 91 100 100 100 100 100 100 43 100 100 100 100 61 100 100 39 100 100 36 18 100 100 100 100 100 56 100 100 100 100 5 100 100 
80 26 100 14 100 100 100 100 100 89 100 100 100 97 100 100 100 41 100 100 100 71 99 100 100 100 100 100 100 100 89 64 100 47 100 9 100 100 100 100 100 100 65 11 100 100 100 46 100 100 100 70 0 100 69 100 100 100 100 
100 100 1 64 100 89 100 100 100 100 100 7 17 74 100 100 24 100 27 100 100 38 100 45 100 100 80 88 29 100 46 100 98 100 100 100 100 100 86 100 100 3 100 100 100 100 95 73 100 100 100 100 1 63 100 100 100 100 
90 100 20 13 48 100 100 100 100 100 100 100 100 99 100 100 100 100 100 100 100 100 100 7 35 53 100 24 100 100 100 40 100 2 100 100 69 100 100 100 100 100 100 100 100 78 84 84 90 100 100 100 100 100 95 70 100 
29 68 100 100 100 96 100 100 96 100 100 67 100 100 100 100 100 100 100 100 82 100 100 100 100 100 72 78 100 100 17 66 100 82 100 100 100 100 100 100 100 100 100 100 100 100 100 100 100 100 100 28 100 61 100 100 
100 100 87 100 100 100 95 90 100 100 100 100 56 100 100 100 100 100 100 100 19 90 100 100 100 72 60 63 100 100 73 80 80 100 100 100 29 100 64 100 100 100 100 45 100 89 98 100 100 18 86 100 85 37 100 
12 100 100 100 100 87 62 100 100 100 100 100 69 12 100 100 100 1 100 100 100 100 100 100 100 100 100 100 100 100 100 100 100 45 100 100 100 100 100 100 100 100 73 100 38 20 99 83 100 72 36 0 100 7 
63 100 100 100 100 100 100 100 86 61 100 100 100 100 100 100 100 82 100 100 100 57 100 100 19 20 100 73 100 100 69 100 38 15 100 31 79 26 88 100 79 100 61 100 100 100 100 100 100 80 100 100 100 
100 100 100 100 100 100 38 100 94 100 42 100 70 14 100 100 41 75 79 100 24 100 100 73 93 100 100 100 100 70 100 100 100 32 100 79 100 100 100 100 100 100 81 91 100 100 100 22 69 100 100 100 
100 100 100 100 84 100 36 100 100 100 63 76 100 100 100 100 100 34 13 100 100 100 100 100 100 100 86 100 33 100 38 100 32 93 100 55 100 100 92 100 100 100 65 100 87 100 100 100 53 100 100 
100 24 50 100 100 12 69 59 86 100 100 19 73 100 100 100 100 100 100 100 100 68 94 100 100 100 100 100 100 100 65 100 76 100 100 100 100 100 100 100 65 100 66 100 94 81 100 21 100 100 
100 100 100 100 70 100 100 92 100 100 100 100 85 100 47 100 100 75 72 100 22 11 100 100 100 100 100 100 1 100 100 100 94 100 100 100 100 74 100 100 100 55 26 100 100 100 100 100 100 
43 100 100 59 100 49 69 65 100 100 100 6 100 68 17 16 100 76 18 18 77 100 100 79 100 100 34 44 100 100 24 71 100 100 100 100 100 100 100 100 100 100 100 70 100 100 51 37 
100 100 100 100 52 100 100 100 100 100 100 100 100 69 100 100 18 45 87 100 100 49 100 100 100 100 81 100 57 6 28 100 100 100 100 100 100 59 66 100 36 100 100 100 100 100 100 
100 100 18 100 100 100 100 100 100 79 17 52 100 100 100 100 100 100 100 100 100 100 100 100 36 100 100 100 100 100 100 100 100 100 100 100 100 10 100 35 79 88 20 100 100 39 
100 100 100 79 14 100 100 100 100 100 82 30 47 47 100 100 60 100 100 100 100 100 72 100 87 100 100 79 100 100 100 100 100 66 46 100 54 64 100 100 48 100 21 14 100 
100 32 100 100 41 100 72 100 43 26 100 79 100 100 100 57 100 100 27 100 100 100 0 21 96 100 74 20 100 1 100 100 79 100 100 100 100 100 9 100 100 14 58 100 
100 42 45 87 1 100 100 100 100 100 100 100 100 75 100 100 100 84 84 100 100 72 100 75 100 79 100 4 100 100 100 100 18 100 100 100 11 100 100 100 86 36 100 
100 100 100 100 100 100 29 100 100 65 38 100 100 33 100 34 68 19 100 100 100 100 100 100 100 99 10 100 100 100 100 100 9 100 100 100 100 85 100 96 100 41 
100 100 100 85 100 100 100 49 100 100 0 100 100 100 69 100 100 100 38 100 100 100 59 100 1 61 66 100 22 17 28 100 34 17 100 100 100 77 100 59 39 
58 100 100 34 100 29 100 100 100 59 2 76 100 62 93 48 4 100 100 2 42 100 100 100 100 100 100 100 100 100 100 100 36 77 10 100 100 100 100 100 
100 31 48 66 100 100 38 100 77 21 100 25 100 100 80 14 100 100 100 100 6 100 100 86 100 100 83 100 100 70 13 75 100 100 100 100 77 100 100 
100 47 100 57 100 87 100 100 100 100 100 100 100 49 100 100 87 100 100 23 20 100 100 73 100 100 52 100 100 100 100 58 100 72 100 100 100 100 
100 100 100 63 100 7 4 100 18 57 60 100 75 65 82 100 100 100 21 100 51 100 100 100 100 100 100 100 100 100 100 42 100 100 100 100 100 
13 100 58 34 100 44 100 100 100 94 14 100 53 100 100 100 100 100 100 100 26 100 100 100 26 100 100 50 100 56 100 100 91 100 100 100 
100 100 100 100 43 100 100 59 100 100 100 98 100 51 35 100 100 9 65 44 100 100 35 100 0 26 2 100 100 100 26 100 100 100 100 
100 100 100 100 100 13 92 45 100 52 100 100 100 23 100 100 100 100 100 100 100 16 43 100 50 100 100 40 100 100 100 100 65 100 
100 100 100 96 100 66 100 100 100 100 55 100 100 9 100 51 97 61 58 100 79 100 24 73 100 57 100 100 20 100 88 83 100 
94 100 100 56 100 100 100 94 100 86 100 100 100 100 51 100 100 100 100 25 100 100 3 42 100 2 74 16 100 17 100 100 
100 47 100 100 100 100 100 100 100 100 16 100 53 100 0 100 100 100 100 62 100 80 5 100 80 46 87 100 100 100 100 
100 24 83 69 58 12 100 100 100 25 100 98 0 100 100 100 100 100 100 100 73 100 100 100 70 100 100 100 93 100 
65 100 100 100 100 89 100 100 100 100 100 100 100 34 100 100 100 100 100 100 85 100 100 100 100 59 100 61 100 
100 4 90 100 100 100 72 23 67 100 96 100 100 83 45 64 100 100 56 10 4 100 100 64 98 100 100 64 
100 100 100 60 100 9 100 1 100 100 97 100 98 100 18 100 100 28 100 100 100 41 34 100 100 10 100 
100 100 53 100 100 100 30 100 100 72 100 100 16 100 6 100 100 100 100 98 10 28 94 22 100 100 
100 100 86 51 36 79 71 73 100 100 100 98 100 100 100 100 57 100 100 100 100 100 100 100 100 
100 79 100 27 100 100 100 100 100 100 100 100 71 100 100 68 10 100 100 100 72 100 100 48 
100 63 100 100 100 54 82 4 10 65 100 100 100 27 100 100 100 37 100 100 100 100 100 
62 26 89 100 100 22 100 100 100 100 100 100 100 100 78 100 100 100 100 57 93 100 
100 100 100 100 100 100 100 100 100 100 100 100 55 100 3 8 100 100 65 8 100 
100 100 100 17 100 100 33 75 100 100 19 100 100 100 3 100 100 100 57 72 
100 100 100 100 100 100 100 26 100 64 100 100 100 100 100 100 95 100 100 
100 100 100 100 44 100 100 100 45 100 100 100 100 100 100 100 100 21 
100 100 41 90 100 21 100 100 100 100 67 100 100 100 100 23 100 
100 100 100 100 100 100 94 100 100 8 100 100 100 100 31 49 
100 100 100 100 100 100 100 100 100 100 100 45 100 40 100 
100 100 100 100 100 100 100 100 100 100 100 100 100 100 
100 100 100 56 100 39 100 100 100 100 100 63 9 
92 100 100 100 73 100 100 100 100 100 100 78 
100 100 100 98 100 30 100 100 61 89 100 
100 100 100 67 27 86 100 100 100 68 
100 100 100 48 100 100 100 100 100 
73 89 100 45 100 100 41 78 
100 100 100 54 12 100 100 
100 48 82 28 100 100 
100 42 100 100 100 
100 100 17 100 
100 100 93 
34 45 
100 

