50 25
19 15 20 25 25 25 16 25 19 18 25 19 22 17 25 16 11 18 22 6 8 17 10 24 25 25 18 4 0 2 8 17 20 25 25 13 20 25 1 8 25 11 25 25 25 0 14 25 0 25
25 25 12 20 25 25 25 4 18 20 13 25 7 11 25 7 0 10 5 14 8 1 6 25 21 11 19 25 9 25 25 25 20 15 25 13 1 10 25 24 2 25 9 15 15 25 9 25 25
25 11 25 14 22 13 25 10 20 22 20 10 9 25 7 25 25 0 4 7 25 11 25 25 4 25 11 25 17 15 7 1 25 21 22 25 25 18 14 22 7 25 22 5 18 3 17 25
11 16 4 12 8 25 20 2 25 25 5 9 25 7 19 25 6 25 25 25 25 5 15 25 25 12 8 18 0 0 19 10 9 8 25 12 22 23 14 25 25 11 25 8 9 23 25
25 9 25 17 3 3 25 8 1 3 18 23 18 25 25 7 12 2 0 25 7 25 25 5 25 17 13 21 19 25 5 5 25 20 8 12 3 18 25 25 25 25 21 2 19 25
1 5 24 1 9 17 8 25 22 19 25 9 12 25 8 4 2 5 11 22 4 23 21 25 25 13 19 20 22 3 18 25 22 13 3 7 1 25 2 13 10 25 25 25 25
2 25 25 25 25 12 6 4 22 1 0 25 0 24 20 25 21 15 19 9 25 25 25 0 3 22 19 25 4 17 2 18 25 25 13 25 25 25 25 14 17 19 25 25
3 12 5 25 25 19 25 25 3 25 25 22 5 23 14 19 25 1 3 1 24 2 14 12 23 6 25 9 5 4 25 8 25 11 25 22 21 25 7 20 24 10 25
0 14 16 19 25 14 25 15 25 25 25 16 10 2 19 6 16 0 25 25 22 25 14 25 23 25 25 9 25 25 25 16 24 13 19 15 21 2 20 8 3 25
11 24 25 25 10 25 19 21 4 8 20 21 22 5 25 9 25 0 25 1 6 25 7 12 25 13 25 25 4 21 21 25 19 25 25 24 1 25 25 25 25
25 25 14 25 25 22 8 10 25 25 6 14 20 8 7 25 25 4 25 21 25 25 25 1 25 25 25 19 5 15 13 12 12 4 25 25 18 23 14 25
15 25 6 23 25 22 13 8 25 23 8 0 1 25 20 25 25 14 24 14 6 18 8 25 25 25 25 5 25 9 25 25 12 6 25 15 9 11 25
11 9 25 23 25 18 7 4 25 4 8 13 23 8 25 11 5 19 14 25 25 25 10 25 10 25 6 22 25 25 0 25 5 25 11 11 25 25
25 22 6 12 17 1 13 25 25 10 3 4 22 25 25 25 25 25 13 25 13 25 25 14 25 25 0 12 25 20 7 25 16 6 25 25 25
23 25 10 25 17 16 25 18 25 17 25 3 6 14 4 21 25 16 20 3 12 4 6 25 23 25 25 5 25 25 8 15 25 9 25 25
18 14 25 15 21 11 1 25 11 1 19 25 17 1 2 25 25 25 4 25 16 11 18 15 1 8 17 12 4 16 4 12 0 15 25
25 25 25 20 5 0 6 3 17 2 25 16 25 6 18 25 22 25 11 22 14 16 1 17 5 25 4 0 14 5 12 25 25 25
25 25 25 17 10 15 14 12 19 25 25 18 25 24 25 0 8 12 25 2 8 11 17 0 23 13 25 19 23 25 25 21 25
22 16 16 11 20 18 13 14 9 25 25 25 10 25 19 14 10 25 25 25 4 25 25 25 0 25 25 7 6 25 25 25
17 8 23 21 2 20 3 11 25 22 25 12 6 6 25 25 25 24 4 25 12 17 10 3 25 1 23 25 25 0 25
20 25 25 9 25 15 25 23 25 22 18 25 5 25 7 25 1 24 15 7 25 3 0 1 25 25 22 7 12 25
25 17 25 8 9 3 25 1 5 18 14 14 25 2 25 15 5 20 25 25 25 25 12 25 3 4 12 15 25
25 21 13 5 23 2 25 12 25 14 25 15 25 11 13 5 21 25 25 10 25 25 25 0 24 6 25 25
22 25 18 3 4 13 3 9 22 14 3 18 23 25 12 25 25 21 25 25 13 25 10 21 20 2 25
12 25 25 25 25 12 25 25 0 2 25 25 5 25 25 25 25 25 25 25 25 25 25 25 25 25
25 25 25 25 25 25 25 25 25 25 25 25 15 25 25 25 25 25 25 25 25 25 25 25 25
25 25 25 25 25 25 25 25 25 25 25 25 25 25 25 25 25 25 25 25 25 22 25 25
25 25 25 7 25 25 25 25 25 25 10 25 25 25 25 25 25 25 25 25 25 25 25
25 25 25 25 25 25 25 25 25 25 25 25 25 25 25 25 25 25 25 25 25 25
25 25 25 25 25 25 25 25 25 25 25 25 25 25 25 25 25 25 25 25 25
25 25 25 25 25 25 25 25 25 25 25 25 25 25 25 25 25 25 25 25
25 25 25 25 25 25 25 25 25 25 22 25 25 25 25 25 25 25 25
25 25 25 25 25 25 25 25 25 25 25 25 25 25 25 25 25 25
25 25 25 25 25 25 25 25 25 25 25 25 25 25 25 25 25
25 25 25 25 25 25 25 25 25 25 25 21 25 25 25 25
2 25 25 25 25 25 25 25 25 25 25 25 25 25 25
25 25 25 21 25 25 25 25 25 25 25 25 25 25
25 25 25 25 25 25 25 25 25 17 25 25 25
17 25 25 25 25 25 25 25 25 25 25 25
25 25 25 25 25 25 25 25 25 14 25
25 25 25 16 25 25 25 25 25 25
25 25 25 25 25 25 25 25 25
25 25 25 25 25 25 25 25
25 25 25 25 25 25 25
25 25 25 25 25 25
25 25 25 25 25
25 25 25 25
25 25 25
25 25
25
