50 12
1 7 4 8 9 3 3 8 5 10 3 12 12 11 1 5 7 5 2 6 2 10 6 9 4 4 10 11 2 2 1 8 7 12 12 9 12 7 6 1 8 12 12 7 3 12 6 12 12 12
11 12 12 8 12 11 12 0 12 5 1 12 0 12 12 5 12 6 12 12 12 2 12 12 12 12 11 12 12 12 12 1 12 12 4 12 12 12 3 7 12 12 9 12 12 1 1 0 12
1 12 4 12 12 8 12 12 12 0 12 12 12 5 4 12 9 11 12 12 1 8 0 2 12 10 12 0 5 12 12 12 8 12 12 5 12 12 12 12 6 8 5 3 7 12 8 12
12 9 12 12 0 6 12 12 5 3 12 12 2 12 12 12 7 11 10 12 12 12 0 12 11 12 12 12 3 10 12 12 12 12 12 12 3 12 12 12 6 12 12 12 12 5 12
5 3 12 12 1 12 12 12 12 3 0 9 7 9 10 3 11 12 12 12 0 12 12 12 12 12 7 12 2 4 12 9 12 12 12 12 7 12 12 0 2 0 12 12 12 12
12 12 12 5 0 12 6 8 9 8 4 12 12 2 1 12 10 9 12 12 4 5 10 12 12 12 8 12 0 4 11 3 12 12 12 12 12 12 3 4 7 0 11 0 12
12 4 1 10 12 12 12 1 11 12 12 12 1 12 6 0 9 12 10 12 12 2 12 3 12 9 12 12 12 5 12 9 12 4 1 8 12 12 12 1 11 7 12 12
3 12 12 12 12 12 12 12 1 12 1 12 12 0 11 12 9 5 12 12 10 2 12 9 12 0 4 12 2 12 3 9 2 8 12 12 12 9 6 7 8 12 12
1 5 12 12 9 0 12 8 8 6 12 12 9 6 6 6 12 12 12 12 12 8 12 12 2 12 12 11 8 12 7 12 12 12 12 3 12 12 12 12 12 12
3 12 12 11 12 4 12 10 11 12 12 12 12 12 4 0 12 2 11 12 12 1 11 12 8 12 7 5 12 7 5 12 12 12 2 12 6 6 12 12 12
4 12 6 12 12 12 2 4 11 3 12 12 0 12 2 12 12 12 12 10 11 5 12 12 9 8 12 8 12 12 7 12 4 12 12 12 10 12 12 12
12 12 9 11 0 12 10 12 6 8 10 2 1 12 4 12 1 1 12 12 12 4 12 12 4 12 12 1 9 8 0 7 12 12 3 12 2 0 12
10 8 12 5 12 12 9 6 12 1 11 7 9 2 12 12 12 11 12 8 12 2 12 9 12 7 12 11 12 12 8 4 1 12 12 12 12 12
12 12 12 12 12 12 6 5 2 12 11 0 12 7 12 12 12 6 12 1 3 12 12 0 12 12 12 12 12 12 4 12 12 10 12 12 12
12 6 4 5 11 12 0 7 6 3 12 11 12 7 12 12 12 1 7 10 2 12 12 6 12 11 12 12 12 9 6 12 5 12 10 12
12 12 12 4 5 12 12 1 1 12 4 2 11 4 7 3 12 12 12 12 12 9 12 8 5 10 12 1 12 8 12 12 12 12 12
12 12 12 12 5 12 2 12 12 10 12 11 12 12 1 12 12 1 11 12 12 12 7 12 0 12 10 12 11 12 12 3 2 12
5 12 7 2 10 3 12 7 12 12 12 3 1 9 5 9 12 12 12 12 12 7 7 12 8 12 6 10 12 12 0 12 12
12 12 0 3 10 12 5 5 8 12 12 7 12 12 12 12 12 12 11 12 12 6 12 12 12 12 12 2 12 12 12 12
12 10 8 12 5 1 3 4 12 11 10 12 12 11 12 10 0 5 12 12 12 8 10 2 11 12 3 6 12 0 12
9 12 8 12 0 4 10 12 0 12 12 4 12 12 12 12 8 12 12 10 12 12 1 12 12 2 4 12 12 12
12 2 12 7 2 12 12 12 12 6 0 2 12 12 1 9 12 12 4 12 12 12 12 12 12 12 0 12 12
4 12 3 2 12 12 12 12 12 12 5 12 12 12 12 12 10 8 0 12 12 3 12 10 9 12 10 12
12 6 12 6 4 5 12 3 12 12 5 9 5 12 1 4 5 6 12 6 12 12 7 3 12 4 12
8 9 12 2 12 1 8 12 12 0 12 1 9 12 3 12 3 12 3 1 12 12 12 12 12 12
6 7 4 12 12 0 12 5 12 12 12 12 12 12 4 12 12 11 4 7 8 12 12 6 12
12 5 12 9 12 7 12 12 12 12 4 1 12 7 12 11 11 12 12 12 12 12 8 12
6 2 8 12 12 12 8 5 12 2 12 12 12 9 1 0 12 3 12 12 12 12 12
12 2 2 12 3 12 12 12 12 3 12 12 8 4 0 12 9 12 12 4 12 12
8 12 12 7 12 12 12 12 12 12 12 12 12 12 12 12 5 6 9 10 12
12 12 7 12 7 3 12 12 4 12 12 12 10 12 6 2 5 5 12 12
10 12 12 12 12 12 12 12 12 12 12 12 12 12 9 12 4 12 12
12 12 12 6 12 3 6 12 12 12 12 12 12 12 10 10 12 12
12 12 12 10 12 6 12 11 12 12 5 12 7 12 12 12 12
12 9 7 12 12 4 12 12 12 12 12 11 6 9 12 12
3 1 12 0 2 12 12 9 12 12 12 6 12 11 12
12 0 12 12 10 12 12 12 12 12 12 12 9 12
8 7 1 4 5 12 12 12 12 12 12 12 12
12 2 12 4 12 11 12 12 12 7 3 12
0 12 9 12 12 12 12 9 12 2 12
12 7 5 12 0 11 12 11 0 12
12 12 12 5 2 10 12 9 12
7 10 12 12 6 1 2 12
12 12 12 12 12 0 12
12 12 12 12 12 12
12 3 12 12 12
2 4 7 12
3 1 12
12 12
12
