50 50
44 12 18 50 50 35 11 18 39 12 28 11 36 45 19 50 1 8 3 50 25 20 32 42 21 49 36 0 5 7 44 50 3 12 22 0 15 45 5 18 39 26 36 48 6 16 2 29 36 
48 17 14 11 33 30 5 39 0 5 34 2 39 49 43 50 18 50 17 36 5 44 31 50 21 29 42 47 18 17 22 50 40 5 45 7 50 24 23 12 43 8 3 33 2 11 26 4 
46 15 14 19 4 28 18 49 9 50 38 30 32 41 43 7 26 46 50 36 48 30 23 24 50 6 0 49 24 36 42 34 39 38 2 42 28 0 17 49 38 29 16 23 47 5 50 
36 50 10 11 50 37 21 9 15 21 32 50 23 28 50 18 42 16 50 10 50 50 41 33 50 22 49 20 29 2 41 13 21 22 26 50 34 31 6 13 34 46 10 38 48 24 
47 32 39 50 46 48 7 8 47 19 50 26 27 36 40 41 1 49 13 7 32 8 49 15 48 29 47 21 50 7 9 33 1 23 11 26 8 34 37 44 12 33 12 8 0 
15 16 41 44 50 10 38 26 50 19 4 14 20 32 24 26 14 18 13 48 24 31 26 2 48 20 29 1 24 46 38 3 13 9 30 6 50 3 28 17 41 0 35 41 
31 25 10 41 38 41 44 17 37 16 46 40 50 3 8 34 17 13 39 4 10 23 38 15 15 16 15 36 17 29 3 50 15 7 18 21 43 41 50 50 38 13 32 
37 50 50 3 36 39 40 14 1 26 18 29 43 33 35 21 50 50 46 14 1 5 14 39 33 18 32 43 21 4 24 28 48 29 25 25 38 0 12 30 43 29 
50 47 1 12 37 48 26 39 19 34 31 23 12 41 39 41 50 0 50 12 50 9 15 50 9 34 18 11 7 50 50 39 29 13 13 50 28 29 25 6 43 
18 3 26 36 9 23 24 37 8 14 17 21 26 17 20 23 50 33 25 6 37 50 50 17 50 9 42 15 8 46 39 19 47 30 1 15 38 28 50 26 
30 21 1 22 13 40 35 47 50 18 35 49 11 49 34 26 17 24 21 31 10 41 0 13 28 34 45 41 15 19 4 13 20 11 0 35 31 50 12 
50 13 20 32 50 23 19 23 6 43 18 48 46 43 10 50 50 10 19 19 2 26 44 31 1 50 43 14 11 50 3 33 24 22 12 12 30 35 
29 22 10 10 15 1 27 15 12 50 30 23 50 45 30 50 13 50 10 5 37 44 1 42 39 18 27 17 2 20 27 50 43 50 31 28 15 
50 45 20 49 7 14 48 23 4 24 26 36 16 47 48 45 50 43 11 5 37 47 37 25 49 39 1 32 50 47 27 12 19 42 48 14 
37 35 25 21 20 11 13 9 11 8 24 0 13 26 41 5 18 27 32 8 19 20 42 49 1 40 18 11 50 43 6 45 50 3 34 
19 49 13 50 9 8 18 36 50 43 19 50 23 37 4 12 17 5 29 2 14 47 8 5 24 5 47 21 37 6 40 11 21 31 
35 15 43 50 10 19 46 50 29 12 35 42 46 22 43 16 50 13 8 4 49 46 50 6 25 50 9 31 35 50 5 50 27 
50 48 40 50 16 23 33 24 18 15 36 36 50 4 37 37 43 8 36 37 20 26 20 7 7 21 38 33 27 1 27 40 
50 3 4 6 3 16 37 40 2 35 42 9 29 3 50 18 27 2 50 34 15 24 33 2 50 35 40 31 13 48 39 
50 27 11 50 35 45 50 6 32 50 46 50 18 49 39 50 28 24 50 50 50 50 22 50 4 50 24 9 45 46 
22 9 46 15 17 3 18 50 35 50 50 16 50 13 14 50 0 50 50 50 50 0 13 50 8 24 50 6 48 
11 50 32 2 37 0 10 50 28 37 43 28 50 50 16 50 46 50 17 40 35 22 50 22 31 50 18 1 
50 50 47 10 38 50 50 50 50 38 31 49 11 50 7 26 50 42 41 3 50 3 5 50 12 50 19 
42 50 50 3 42 50 50 18 13 21 32 50 13 34 50 50 48 7 0 45 31 26 49 27 16 28 
12 35 25 21 50 42 50 7 50 24 36 36 27 50 36 41 25 25 12 41 31 31 21 50 4 
50 40 31 36 7 50 49 33 47 37 50 47 50 39 50 47 9 50 0 50 50 29 1 50 
48 1 50 38 14 50 3 48 50 16 34 9 29 50 50 0 7 16 50 50 1 50 21 
5 5 43 16 20 50 35 50 41 48 50 30 46 50 46 37 50 18 25 50 12 50 
26 50 42 32 50 13 50 50 17 37 31 41 10 22 2 41 35 4 50 13 50 
5 27 31 50 39 50 30 17 32 35 43 44 50 50 24 50 17 16 36 1 
2 2 29 5 50 11 31 50 50 44 45 50 33 48 9 29 50 50 50 
50 0 50 50 50 50 18 40 50 6 50 25 13 7 50 12 50 17 
12 50 8 50 3 50 50 4 17 50 2 24 50 46 28 27 43 
7 22 13 32 3 30 25 50 50 45 50 10 50 50 21 24 
50 50 50 50 13 23 50 47 45 50 45 0 13 15 50 
49 20 34 9 50 50 39 50 50 50 50 15 48 3 
17 50 12 33 50 50 43 50 23 25 35 3 46 
50 25 50 46 46 50 11 2 37 0 50 18 
19 50 50 41 29 34 21 42 50 24 7 
44 2 33 24 8 38 7 50 50 50 
40 8 50 50 26 11 49 34 49 
50 50 22 50 25 50 24 18 
0 50 50 50 2 50 50 
19 50 33 0 17 50 
3 1 20 1 19 
38 31 2 50 
37 12 2 
44 50 
50 

