50 62
52 41 44 62 62 8 62 15 62 62 48 62 2 51 62 19 61 22 62 29 31 58 26 8 62 59 62 41 31 62 62 34 62 62 16 62 62 26 57 4 62 62 62 62 5 34 55 62 62 62
62 2 1 62 62 62 13 46 62 25 62 26 62 52 62 20 62 59 6 46 42 62 62 62 62 62 4 52 62 3 62 28 62 62 25 62 62 62 11 62 35 26 62 62 62 43 62 25 62
47 28 53 62 9 62 62 61 62 62 1 62 62 62 17 18 62 62 62 62 34 62 62 62 62 62 62 62 25 48 62 62 39 36 62 6 7 41 32 20 30 62 41 1 21 30 43 62
62 19 45 58 62 53 62 62 25 62 62 62 62 62 60 57 3 52 62 55 62 40 22 31 1 40 32 33 10 42 62 61 21 20 29 52 3 17 19 60 62 12 62 62 62 54 62
62 62 51 62 62 62 62 62 34 4 9 43 44 62 62 62 32 62 48 18 62 30 14 2 62 62 8 13 20 13 37 62 34 3 33 35 62 36 43 36 31 62 37 8 62 62
62 60 1 62 62 29 18 54 43 62 2 45 62 62 62 62 62 62 43 47 62 13 6 59 62 57 62 3 52 41 35 12 62 62 62 16 62 6 25 62 62 62 62 54 62
27 62 41 10 62 6 44 62 34 29 40 33 62 55 9 28 62 4 62 8 9 62 17 62 62 60 46 62 62 62 12 62 62 62 57 26 62 62 62 44 62 39 51 62
62 33 21 62 62 59 43 62 62 38 55 46 62 17 43 54 52 62 50 11 62 62 30 27 1 62 62 62 26 8 62 62 46 62 1 56 8 15 10 49 62 62 62
13 22 62 58 15 31 5 29 54 61 7 48 62 40 38 62 44 62 23 62 3 43 61 26 61 62 62 45 36 49 13 43 62 62 24 62 36 62 62 62 62 62
53 20 20 62 13 18 52 59 28 62 39 62 6 10 52 37 20 62 24 62 44 41 6 25 62 0 53 0 18 62 23 18 56 62 41 39 19 35 50 40 62
32 39 62 62 43 25 22 62 47 62 57 62 62 62 32 26 35 13 25 30 62 2 62 62 62 37 29 55 62 62 62 62 33 28 29 62 62 62 53 62
62 62 62 33 6 62 62 13 62 62 54 62 25 2 3 62 58 36 46 61 62 49 62 62 62 0 23 37 39 22 1 62 62 62 62 62 8 11 62
62 60 38 24 9 62 62 28 35 17 62 62 62 12 62 56 25 34 62 62 41 57 62 15 62 62 4 62 62 62 8 62 62 62 8 62 62 62
62 62 62 37 45 62 35 44 62 3 62 62 24 43 62 62 62 62 8 39 16 49 62 44 62 62 62 54 62 53 23 62 62 52 61 62 62
62 62 62 62 57 43 12 62 40 62 18 28 62 34 62 62 62 59 57 62 57 62 62 62 62 62 62 62 62 62 42 62 30 62 6 62
39 6 0 62 62 62 62 62 62 62 62 62 62 62 59 4 62 11 22 30 62 62 62 46 62 33 62 62 23 62 57 62 27 62 62
62 34 39 62 10 62 62 62 62 51 62 58 14 62 62 62 62 62 62 62 62 57 62 1 39 54 62 13 62 62 62 62 56 62
62 62 62 22 62 36 52 45 41 62 62 62 1 26 9 62 8 62 62 18 62 36 62 62 62 47 62 62 4 21 47 28 62
62 50 38 62 62 13 62 62 62 62 62 62 62 62 40 62 45 18 62 62 19 62 43 62 62 62 41 62 54 30 62 62
62 18 21 62 62 54 62 62 14 13 62 0 62 44 50 60 62 62 22 62 41 31 62 62 62 24 62 62 32 56 62
40 62 11 29 42 34 62 62 37 57 5 10 57 62 62 62 54 62 62 16 62 62 37 62 47 62 62 62 20 62
62 62 62 62 39 19 62 62 41 62 62 62 36 40 62 21 62 62 62 22 26 33 2 62 55 20 62 62 62
62 62 62 59 62 62 62 62 16 62 62 22 62 62 39 62 1 62 62 29 41 62 62 7 62 2 33 62
33 62 19 62 34 15 62 62 3 53 43 62 37 58 59 62 62 28 46 10 62 52 57 29 62 37 62
62 13 62 62 62 59 7 5 62 62 62 62 21 35 62 62 46 62 48 62 62 53 55 62 62 62
62 62 62 62 49 14 55 53 18 3 62 62 29 62 62 62 62 62 62 62 62 54 62 44 62
38 62 62 62 62 62 7 62 57 61 62 7 9 62 54 62 62 45 62 62 38 62 30 62
1 45 62 62 42 62 62 62 62 22 62 62 62 62 62 62 20 43 62 32 1 18 62
59 62 9 28 54 62 62 0 62 13 62 62 62 22 36 62 6 34 23 62 62 62
62 43 62 62 62 62 62 35 62 54 62 62 62 62 59 9 36 51 62 62 62
57 62 54 62 20 62 1 62 13 21 19 62 43 62 62 62 20 62 62 62
34 34 54 21 55 62 21 24 62 62 62 62 62 62 27 4 19 31 62
47 22 62 62 62 62 62 62 28 32 16 51 48 62 25 55 62 62
62 62 26 62 37 62 62 62 62 62 15 20 0 62 43 48 62
62 62 41 62 62 0 34 6 62 62 62 62 39 42 11 62
62 50 62 62 52 46 62 20 62 62 62 27 62 62 62
62 45 45 62 62 62 62 62 62 62 62 62 5 62
41 62 62 62 62 19 62 10 62 60 50 49 62
62 62 47 43 62 6 6 34 21 62 62 62
62 62 62 62 62 62 62 32 62 3 62
45 62 9 25 50 0 62 62 62 62
29 18 62 62 62 60 15 62 62
62 62 62 62 62 59 45 62
1 32 1 62 55 62 62
62 5 62 62 62 62
35 62 62 62 62
62 62 62 62
62 18 62
62 62
62
