200 50
50 50 50 31 50 50 50 50 50 50 50 50 50 50 20 33 46 50 50 37 50 50 50 39 20 50 8 50 27 18 38 48 11 47 11 50 49 13 36 50 50 50 50 26 2 50 50 50 28 5 0 34 5 50 1 50 50 50 50 30 50 50 50 29 2 50 39 50 50 50 50 15 3 41 49 37 50 1 50 31 7 41 2 34 50 7 8 50 37 13 50 46 50 47 50 9 31 14 46 50 38 50 50 45 50 31 32 50 49 40 50 50 43 50 50 50 27 49 50 48 50 20 50 50 27 28 50 50 6 50 26 50 50 11 50 50 26 41 32 50 32 0 16 50 50 32 37 50 50 10 7 50 44 28 5 50 48 50 50 50 50 31 50 44 24 50 27 24 49 50 50 10 18 50 50 33 1 26 23 50 50 10 50 36 44 8 50 39 34 35 34 47 19 2 5 50 32 45 50 
50 12 50 50 39 32 50 35 46 26 50 50 3 50 50 50 50 50 50 7 49 50 22 21 10 48 45 46 32 50 15 50 4 50 38 50 50 16 50 28 26 31 29 44 3 14 24 50 50 22 50 50 50 4 50 41 50 36 50 8 50 12 5 50 5 30 50 50 11 50 36 50 45 28 9 12 50 50 50 50 36 17 21 30 38 50 24 20 49 37 11 50 2 24 25 5 50 36 18 47 5 31 50 30 45 19 4 27 13 50 50 50 49 50 50 50 15 5 50 10 50 50 50 50 42 50 23 45 50 37 39 26 50 50 5 50 50 50 0 39 45 50 50 50 9 50 50 50 50 50 50 50 50 48 50 50 14 31 7 8 50 50 3 33 50 15 50 34 31 48 50 35 50 50 50 18 30 50 50 36 46 50 3 8 50 50 16 27 50 18 19 50 50 50 50 50 16 50 
29 27 50 42 44 50 50 49 50 27 50 2 16 50 50 35 37 44 40 35 27 17 50 22 50 50 50 50 50 30 48 50 24 25 50 48 30 39 50 43 50 25 45 50 27 8 5 24 29 50 41 6 50 50 10 24 19 50 50 50 47 50 50 50 24 50 40 50 50 18 50 37 50 10 50 50 25 48 50 50 50 27 50 50 50 48 45 20 50 50 3 43 19 24 31 32 27 16 3 44 50 29 50 0 50 7 50 50 50 50 50 18 25 39 41 19 50 50 22 3 4 2 46 27 50 46 50 50 50 14 50 50 50 42 50 50 50 50 50 43 37 50 47 23 50 50 50 38 50 40 14 48 6 50 50 27 43 50 50 50 40 50 32 31 50 50 19 16 50 15 13 43 18 50 11 17 7 41 50 28 24 50 1 20 30 50 50 50 19 48 50 50 50 40 41 50 50 
20 4 50 8 8 5 50 0 50 47 35 26 40 50 40 50 42 18 42 48 1 31 15 50 50 50 50 32 14 50 6 44 50 36 50 50 23 14 50 50 23 50 18 19 12 11 50 50 50 22 50 22 50 17 47 7 50 2 30 50 50 50 50 41 50 45 50 40 26 33 2 50 47 2 2 48 37 20 44 50 50 28 50 4 50 0 32 12 38 50 39 42 50 9 50 40 50 50 21 44 30 34 32 4 35 50 50 5 50 50 50 43 50 30 32 50 27 24 38 50 50 50 27 5 50 50 37 50 38 29 50 28 19 50 50 33 50 0 20 50 50 50 21 36 25 1 37 26 50 50 50 22 50 50 34 23 40 50 41 50 50 24 12 49 45 50 50 32 50 32 31 50 50 11 34 18 50 50 32 50 22 50 33 50 50 50 50 19 35 50 47 30 50 1 50 11 
38 50 50 20 50 50 50 12 10 50 2 50 50 50 47 30 32 50 20 50 50 50 50 50 50 50 32 13 13 48 50 50 41 50 42 25 23 50 50 36 35 48 37 31 14 50 42 9 50 50 11 50 50 50 15 50 24 31 24 50 10 50 7 23 35 50 50 11 15 16 50 18 7 50 50 19 42 50 21 50 50 22 21 50 47 50 50 43 50 15 50 50 36 26 37 41 50 10 11 16 50 24 50 21 50 21 32 50 25 38 11 50 50 4 50 17 50 50 39 31 50 4 50 4 50 50 47 50 2 4 44 50 33 3 50 26 38 48 50 50 50 16 50 50 1 50 50 22 50 6 50 11 40 50 20 17 12 31 50 0 50 50 50 50 50 7 44 50 49 50 50 50 50 17 50 50 50 50 24 50 37 34 32 49 50 2 50 1 50 50 50 50 50 50 40 
13 22 50 50 50 8 19 50 50 50 26 12 13 44 32 50 16 22 26 50 50 50 17 48 24 30 5 6 21 22 1 3 1 50 42 29 50 21 27 50 50 50 50 38 50 6 26 11 23 50 40 42 36 19 50 50 6 50 15 50 50 16 50 46 12 50 47 15 16 7 50 50 50 50 50 50 6 50 38 31 24 50 10 34 4 50 46 0 31 14 50 50 50 6 39 50 50 50 50 50 22 39 50 50 11 26 39 36 14 36 50 50 8 50 50 22 47 30 40 42 21 50 40 31 47 50 50 2 50 10 2 50 50 50 14 50 36 50 50 50 10 13 15 50 50 50 50 50 50 41 31 26 12 20 13 50 50 39 50 50 26 50 10 46 40 47 50 50 50 39 23 1 50 50 41 18 17 50 50 50 50 50 50 50 15 50 50 50 45 8 17 50 15 50 
32 41 33 31 50 15 50 50 21 50 30 49 27 24 50 49 10 50 26 50 42 34 50 50 50 50 26 50 4 50 22 43 4 2 40 50 50 50 50 26 16 50 50 50 50 50 16 8 21 50 30 5 14 50 15 34 50 46 44 45 11 50 50 34 50 12 2 48 50 13 47 50 27 25 47 34 50 50 16 11 4 36 50 5 50 50 50 22 50 50 34 50 39 25 41 50 50 42 21 50 34 36 50 40 47 8 50 28 50 50 34 2 50 1 22 50 50 35 25 50 50 31 17 50 50 44 50 50 47 46 7 50 50 50 50 50 50 50 50 8 50 14 50 50 6 47 1 50 36 18 37 50 12 19 16 30 6 18 50 27 50 11 22 50 3 18 42 50 47 48 50 50 27 1 50 50 16 50 28 49 25 6 50 50 38 14 11 28 35 50 8 50 33 
11 30 36 50 50 50 50 50 18 50 50 1 50 22 29 23 50 50 50 40 2 50 10 38 50 50 41 22 16 50 50 43 50 22 50 5 10 50 50 33 7 22 17 50 50 27 50 50 36 37 50 50 50 50 23 20 42 42 50 50 50 37 50 50 50 48 50 1 50 50 50 4 18 26 50 49 50 50 34 25 50 25 30 2 30 9 18 50 38 50 50 50 34 50 19 0 33 50 13 50 50 50 50 50 50 4 49 20 50 11 50 33 9 50 50 28 50 9 13 27 50 45 50 50 47 50 14 17 50 29 35 0 50 2 50 50 50 43 31 50 50 50 7 6 28 22 50 45 50 50 43 50 42 21 50 50 50 6 28 50 50 17 50 50 50 25 50 11 10 26 50 30 50 50 16 50 14 31 50 18 50 50 50 50 23 36 45 44 36 26 50 50 
48 5 50 33 50 4 50 50 50 37 4 50 37 0 42 50 50 37 50 35 1 4 34 50 50 6 17 50 47 50 20 21 50 50 50 50 50 48 50 18 50 3 50 50 50 25 50 47 50 4 50 50 20 50 37 50 50 50 14 0 11 14 50 50 11 50 4 9 50 21 50 27 40 50 8 2 50 38 27 27 50 41 50 50 50 50 50 26 50 48 50 50 37 33 50 50 37 50 14 50 7 50 10 24 50 50 50 30 50 30 33 40 30 30 18 50 50 50 8 18 20 50 35 37 11 50 50 35 20 50 45 50 37 50 50 15 50 36 24 21 19 50 50 29 19 17 50 45 50 4 50 8 29 50 12 50 48 35 35 50 38 50 47 7 46 50 38 50 46 50 50 50 50 50 17 38 8 13 18 50 50 50 50 8 50 50 50 17 22 47 7 
50 12 25 15 33 50 7 28 26 17 50 50 30 50 45 50 44 50 50 9 50 7 50 50 50 29 34 50 50 50 12 50 30 23 50 50 8 50 30 13 34 46 48 26 45 47 41 50 50 28 50 50 33 50 11 39 50 50 39 8 2 41 50 38 50 50 45 6 50 48 6 50 50 7 50 26 50 50 50 50 45 50 26 23 50 50 35 22 38 19 44 35 50 26 50 50 12 20 50 5 50 11 9 41 50 50 29 50 50 50 22 39 50 3 38 50 34 50 50 50 50 39 50 50 50 44 50 38 50 50 50 30 50 47 30 9 15 34 50 50 0 22 10 50 50 50 7 50 50 21 47 28 23 50 30 50 35 23 50 50 28 7 50 42 50 50 50 49 50 47 38 0 32 50 50 50 48 50 18 4 50 14 31 42 21 50 46 50 50 50 
50 50 50 49 50 50 2 50 50 50 50 50 7 50 20 29 50 8 9 50 21 6 50 50 2 50 50 50 4 50 50 5 18 50 50 50 34 50 22 17 50 50 50 18 41 50 2 50 50 20 50 50 28 50 49 37 11 46 41 17 10 2 43 50 21 24 46 18 50 0 50 50 27 50 29 5 25 46 9 35 50 27 50 50 14 50 50 50 40 50 50 50 50 11 50 50 1 50 7 22 41 50 50 13 50 50 24 37 50 32 2 44 13 38 40 3 36 50 50 45 50 34 24 49 50 31 27 50 15 50 37 3 27 50 31 50 14 50 19 50 50 45 50 24 24 50 50 50 50 50 34 13 50 50 50 23 21 23 50 50 50 50 2 49 18 48 24 40 50 50 18 23 50 50 50 27 42 49 33 50 50 50 34 50 46 50 50 16 50 
27 50 50 50 50 50 38 50 25 38 1 50 11 50 7 50 50 50 15 8 39 9 26 11 50 6 20 26 49 3 2 26 3 50 22 50 0 1 50 12 50 50 4 50 50 34 30 15 50 29 32 5 50 50 27 15 29 7 15 50 37 50 50 8 31 50 50 50 19 50 6 49 30 50 5 38 37 50 31 12 3 5 47 3 50 19 50 50 43 11 50 50 50 16 15 50 50 20 25 32 50 17 50 25 50 50 30 18 50 50 50 2 27 37 50 50 17 1 50 3 20 50 44 50 50 47 20 26 47 50 30 50 50 50 1 50 9 50 26 50 50 50 10 14 50 15 0 50 43 40 50 50 20 50 28 4 50 6 50 33 37 50 50 37 50 50 50 15 12 50 37 50 50 50 22 50 50 14 31 27 34 28 9 9 50 50 50 45 
50 28 50 50 2 47 5 32 50 50 42 50 47 12 43 20 4 50 50 50 2 15 3 35 50 8 50 33 50 8 50 0 10 46 50 18 50 10 50 39 50 50 30 43 34 50 50 50 50 38 50 39 50 50 14 18 50 50 50 40 8 5 25 47 50 26 45 50 50 50 50 50 50 50 34 36 50 16 37 22 50 35 50 50 25 50 50 4 17 50 50 50 50 35 50 20 8 5 50 50 39 43 50 50 20 50 48 50 3 30 6 50 50 26 46 2 23 50 50 25 50 50 13 50 10 10 21 50 50 44 37 2 48 36 42 50 50 28 50 50 50 50 50 3 49 31 9 50 10 34 44 41 43 50 20 50 7 50 6 50 50 34 19 50 50 39 40 48 50 50 47 50 50 50 2 50 17 50 10 50 50 32 50 26 50 24 50 
50 1 35 50 50 50 39 50 9 31 41 5 50 30 50 50 22 38 50 41 10 50 32 27 35 50 50 50 11 50 50 48 50 34 50 1 23 50 50 14 50 30 50 44 50 50 0 50 21 50 50 50 43 10 50 11 50 19 50 14 50 50 50 50 1 1 21 12 50 4 50 39 23 50 47 10 50 50 50 50 40 21 45 1 50 50 50 50 50 50 50 9 50 50 41 50 50 5 9 27 20 50 50 0 23 50 50 5 36 50 38 50 31 50 50 13 50 50 29 27 17 50 50 50 50 15 35 50 50 14 39 50 18 9 25 50 27 50 50 30 41 20 40 50 50 41 35 50 4 50 50 50 35 3 50 50 50 21 50 50 27 39 41 50 50 26 50 6 31 49 44 2 50 50 37 11 50 31 21 50 50 8 6 50 42 44 
18 38 28 50 37 50 50 50 47 26 50 13 16 16 50 50 36 5 3 4 50 17 50 41 50 50 12 23 38 50 50 50 50 50 48 50 50 24 50 50 13 50 23 50 50 50 50 46 50 28 50 48 27 22 50 50 4 50 26 5 50 50 12 50 47 16 35 50 50 50 42 0 50 24 27 50 2 49 0 50 13 50 45 2 50 50 20 46 11 27 50 50 50 50 0 50 18 10 16 50 28 36 31 50 14 50 39 7 50 50 8 50 49 38 50 10 50 50 50 23 12 50 28 3 50 17 13 25 50 50 2 50 1 40 27 50 21 8 17 50 50 5 19 50 19 50 50 22 50 6 50 50 50 50 50 34 50 50 10 50 47 38 44 33 50 21 50 50 31 50 47 9 25 50 21 50 20 42 36 50 14 50 50 35 50 
5 50 50 50 50 10 50 16 23 50 50 40 44 31 50 50 50 47 0 50 50 50 14 37 50 50 50 20 3 10 30 50 50 37 50 50 38 50 50 45 50 28 50 12 1 50 50 43 50 6 8 21 30 50 31 50 1 34 50 16 7 20 6 50 39 50 17 50 5 50 50 9 19 50 27 50 23 50 47 50 50 50 0 48 49 40 50 50 50 6 50 50 50 50 50 14 18 50 50 11 36 33 50 49 50 31 50 50 0 33 46 50 31 14 14 50 50 50 39 50 10 1 6 31 50 6 25 50 31 36 50 50 32 35 6 50 23 50 50 20 28 50 50 9 18 29 49 39 33 50 3 50 50 50 50 50 50 4 36 0 5 30 21 50 50 19 47 11 50 43 50 50 50 42 50 15 50 32 50 10 50 50 50 4 
50 50 50 33 44 44 8 40 43 50 7 50 50 9 35 45 50 50 1 8 10 50 50 50 50 8 50 16 14 50 10 1 50 50 2 12 43 50 50 50 43 50 50 3 50 8 29 50 40 50 5 23 50 50 28 34 27 50 50 47 50 50 50 39 50 50 50 50 12 4 39 50 21 28 50 27 34 50 2 29 34 50 50 23 24 50 50 9 50 24 50 50 30 50 14 16 50 50 31 50 13 50 41 50 44 50 50 8 20 42 50 50 35 16 50 50 35 50 50 50 50 49 19 8 20 50 25 43 24 7 8 50 28 50 31 23 50 42 50 50 50 50 29 20 50 25 9 50 50 50 50 50 50 50 21 50 24 35 14 16 50 50 50 50 28 2 50 31 50 37 50 50 50 50 24 50 50 40 25 50 8 50 31 
45 50 39 9 33 50 48 23 35 44 44 33 50 5 50 9 50 22 27 26 6 27 10 50 50 50 16 13 50 2 6 37 44 11 26 33 27 50 50 50 50 50 34 6 36 17 4 50 48 50 23 40 50 50 11 44 50 50 23 50 11 22 50 1 44 50 10 14 50 50 37 10 14 4 27 50 50 43 4 27 42 49 50 50 50 48 32 50 50 50 18 27 50 49 38 50 50 37 32 50 50 10 50 50 43 50 13 15 31 34 50 44 50 50 37 8 7 3 5 24 7 1 50 50 50 42 10 50 50 41 50 50 39 11 50 11 50 50 50 50 50 50 46 50 25 8 46 50 50 50 4 12 50 10 50 39 25 50 22 26 50 50 50 50 50 50 1 49 50 50 26 29 10 40 50 50 41 50 23 20 50 5 
0 36 1 50 15 40 50 46 0 30 50 38 36 7 50 50 50 50 50 50 50 50 50 39 48 7 50 30 50 50 7 50 50 50 27 50 14 22 50 50 50 42 14 37 39 50 50 43 50 40 50 14 50 39 50 50 50 5 49 50 20 50 26 50 50 25 50 50 50 50 50 50 50 5 50 37 50 50 1 49 50 50 50 45 14 50 50 50 50 38 37 28 50 41 2 50 43 43 50 50 26 12 47 50 50 50 50 50 50 50 39 23 39 27 43 34 50 14 26 50 50 9 50 50 32 50 50 50 10 50 50 44 16 50 24 50 3 50 18 50 50 31 31 31 27 9 12 25 50 50 30 23 40 32 50 39 5 50 42 50 45 43 50 50 28 50 50 50 50 50 50 50 50 26 50 22 16 37 3 50 19 
50 50 50 50 50 50 28 13 1 34 46 28 50 50 22 50 50 50 45 50 50 43 50 50 5 50 37 22 4 28 33 25 47 50 50 25 50 47 50 22 23 24 50 41 25 46 18 50 26 50 2 50 4 40 3 50 50 50 23 42 23 50 50 5 5 50 50 37 50 9 50 50 12 50 50 47 50 21 50 14 48 50 50 50 21 10 20 50 50 39 50 50 6 46 50 50 50 10 50 50 50 25 31 25 50 5 50 39 50 50 50 16 50 50 22 50 50 50 38 50 24 50 29 50 36 48 42 48 11 50 50 3 50 12 49 32 49 30 17 50 46 50 38 50 21 7 50 50 50 6 50 32 50 43 50 29 13 1 50 38 47 14 19 50 50 9 34 49 50 50 50 42 47 39 50 50 44 50 18 50 
50 43 50 50 50 15 45 43 50 50 50 50 50 50 28 4 50 50 35 3 50 50 50 50 50 49 25 47 2 50 3 33 47 18 50 5 26 30 50 50 50 18 43 50 31 50 17 17 50 50 42 0 50 50 28 50 50 37 29 50 9 50 44 50 24 50 49 47 44 13 50 41 31 50 50 28 16 29 45 50 21 24 18 50 50 17 50 50 3 34 32 50 31 50 11 3 50 11 48 33 4 50 20 23 16 17 18 36 50 11 50 50 50 50 50 50 50 3 33 50 50 27 50 22 21 50 33 35 50 22 35 24 50 22 50 39 18 30 50 50 9 50 50 50 50 39 39 50 50 50 30 38 50 30 50 45 50 50 50 25 28 31 21 50 50 50 9 14 50 40 50 50 35 39 2 50 50 15 10 
24 50 39 19 26 45 37 50 50 4 50 50 12 50 50 46 29 50 50 50 32 50 50 50 50 50 32 50 50 50 29 50 39 50 50 50 50 50 50 40 34 50 50 31 5 50 4 47 50 7 42 50 20 3 50 1 31 50 50 20 13 50 50 50 3 19 16 50 46 50 50 50 36 17 32 50 50 50 13 50 50 42 5 12 50 17 33 23 50 28 2 37 50 5 50 50 22 48 41 50 47 20 42 15 3 6 50 50 3 50 50 36 48 50 50 16 8 50 50 50 50 31 50 39 40 50 50 40 20 50 50 50 30 11 50 48 50 36 38 25 50 50 38 31 18 50 13 50 14 43 42 42 50 37 0 28 50 12 38 33 17 31 10 50 38 23 50 11 50 50 50 50 50 50 50 46 50 1 
31 24 48 50 50 1 50 35 31 50 10 50 34 32 50 23 50 49 50 50 41 37 28 40 50 35 50 10 15 7 34 50 38 29 11 37 14 29 50 18 10 0 4 15 50 50 18 50 32 32 49 47 50 50 23 0 24 37 50 50 50 50 50 50 50 50 12 24 50 22 0 5 25 13 50 31 50 2 50 40 47 50 2 34 25 2 44 36 5 12 50 7 1 50 6 50 6 50 50 19 28 26 17 50 50 12 50 50 40 37 50 48 50 50 27 2 0 32 1 13 50 44 50 50 32 1 18 14 36 43 50 36 44 45 41 32 33 21 24 50 48 33 10 50 14 39 18 50 3 50 50 30 21 24 50 50 1 50 42 23 28 50 49 34 35 50 50 40 15 46 50 38 50 50 14 13 4 
50 28 26 50 50 16 49 8 29 4 50 8 50 50 50 50 26 21 16 12 50 50 49 50 24 50 50 13 50 40 45 40 27 42 16 42 50 8 50 50 50 50 20 33 32 1 50 17 47 50 37 27 21 50 40 16 50 40 50 40 18 34 50 15 50 50 22 28 50 22 47 46 6 32 38 39 47 50 34 5 50 50 49 10 50 50 31 50 43 50 50 41 32 50 29 41 14 50 26 50 50 25 30 50 49 24 8 50 39 26 33 50 50 2 32 47 50 50 0 50 50 25 9 50 50 12 50 47 34 25 50 50 0 50 50 30 18 50 27 48 37 44 50 50 50 38 50 50 43 46 8 28 47 0 12 50 50 12 26 11 10 6 50 37 50 40 50 50 50 50 33 6 50 50 10 50 
44 13 44 50 31 50 50 50 36 50 50 5 50 6 50 0 36 50 39 7 50 50 21 7 50 40 15 50 50 13 12 18 46 4 50 42 50 50 46 32 17 50 50 37 18 30 50 10 5 3 7 50 50 36 28 50 4 50 50 50 50 50 50 47 5 50 42 49 50 33 31 50 25 17 39 42 50 21 47 7 32 50 40 6 50 50 50 25 26 50 14 50 21 50 45 38 50 28 50 48 24 50 50 50 8 37 50 35 22 15 50 50 28 48 21 50 42 50 36 50 50 8 50 50 50 50 50 50 40 1 50 20 17 50 50 50 41 50 50 22 15 39 50 50 50 50 7 50 50 50 50 6 27 4 50 27 28 50 3 47 29 50 49 14 50 4 35 22 24 50 48 39 50 3 49 
50 50 8 33 50 50 50 41 7 29 50 48 42 50 50 21 11 20 50 50 50 41 47 50 6 50 13 50 50 3 50 50 14 50 50 49 43 50 1 19 50 50 50 50 50 50 39 50 24 2 50 50 21 50 9 50 24 10 50 50 36 50 50 27 33 20 50 50 2 16 16 50 39 40 15 32 50 50 50 50 44 3 50 50 50 48 31 16 16 39 50 4 50 50 50 13 50 34 40 1 44 18 50 35 26 50 50 50 50 36 50 50 44 25 15 50 50 50 50 37 44 9 50 50 50 7 33 50 50 45 50 49 25 50 50 5 50 43 50 22 50 45 5 50 19 50 50 50 50 50 37 4 50 12 17 43 5 33 50 38 50 39 50 25 32 29 11 50 50 50 50 19 50 9 
2 50 22 50 50 48 47 10 50 26 4 50 50 50 22 50 21 50 3 50 17 43 50 20 46 50 6 0 50 50 50 50 47 27 50 28 34 50 50 50 50 21 50 10 50 11 50 50 9 50 50 50 37 36 42 1 11 47 39 49 50 18 50 50 16 9 26 47 50 50 50 50 50 38 26 50 50 50 50 50 50 4 32 26 50 50 4 50 50 46 36 50 50 12 50 50 38 50 50 50 50 26 50 17 12 26 50 50 50 50 50 20 43 21 46 50 50 2 50 50 50 47 24 50 50 50 50 41 50 50 27 23 50 39 50 44 19 29 50 49 12 50 9 50 40 50 50 50 39 29 50 19 5 50 15 50 50 50 50 39 20 34 45 50 50 50 23 32 50 50 9 50 50 
50 45 19 50 0 4 50 50 50 34 15 50 50 50 35 50 50 50 26 50 44 39 7 4 48 11 29 24 39 50 50 15 50 15 50 20 50 3 50 50 50 50 50 4 0 37 30 5 10 24 28 50 50 5 33 32 16 42 50 50 41 19 24 50 50 50 43 24 50 4 50 22 32 50 29 19 50 19 1 50 50 39 10 34 12 10 50 37 38 3 50 11 33 42 50 41 38 50 50 47 50 44 50 50 13 30 50 50 37 50 48 50 44 25 50 13 13 42 50 38 38 14 27 50 44 18 50 50 18 17 2 40 50 50 15 37 19 50 19 30 21 50 14 29 29 50 50 33 37 50 50 50 12 31 50 50 50 50 50 50 4 32 50 31 50 43 50 40 50 50 12 50 
50 50 50 1 50 50 48 50 25 46 38 46 50 12 50 21 50 31 25 15 11 50 50 50 4 50 48 50 22 50 2 13 50 50 0 10 50 50 50 15 50 24 33 15 3 50 50 50 50 5 50 50 39 16 50 50 30 24 47 50 10 34 50 50 30 50 3 50 50 50 50 22 26 50 50 28 34 50 40 50 4 42 50 50 23 15 50 44 49 21 11 16 50 50 38 39 48 50 50 6 50 50 50 8 50 50 24 50 50 50 36 50 39 24 50 6 50 50 50 50 48 49 25 10 50 7 20 7 27 28 49 50 31 48 50 41 31 50 50 20 50 2 6 47 50 50 22 48 50 29 1 10 21 29 16 29 23 50 2 50 50 41 20 50 50 50 50 4 45 42 50 
50 50 50 50 50 46 37 26 26 50 42 37 50 29 2 50 20 34 50 50 50 22 8 8 27 50 21 4 39 21 11 11 1 4 16 50 38 50 14 44 50 50 50 50 24 20 44 15 50 38 50 50 47 6 50 34 32 8 50 13 50 50 26 50 47 36 50 50 50 45 50 50 50 30 50 50 8 50 50 22 10 29 36 31 50 38 21 50 50 50 1 40 50 32 50 8 40 50 7 50 15 46 38 50 50 50 20 40 50 50 40 19 49 50 41 49 50 13 50 28 50 50 50 50 20 11 39 50 46 50 36 2 50 45 50 50 26 37 50 50 11 21 22 50 50 50 33 4 39 50 50 18 49 1 38 50 4 50 34 38 21 23 50 50 50 10 23 50 50 50 
26 26 48 20 20 0 22 50 30 40 50 50 50 50 6 50 50 21 50 27 50 46 5 50 36 38 50 50 33 8 38 10 18 41 31 50 8 4 1 35 17 2 35 25 0 50 50 48 8 42 27 40 46 35 50 42 45 50 50 42 10 50 50 50 45 22 37 50 46 50 50 29 50 50 7 12 50 50 45 50 20 48 50 50 50 50 44 10 50 50 50 50 34 21 50 50 8 44 30 50 17 3 50 11 9 49 13 50 50 50 50 4 29 26 40 36 35 23 50 8 7 44 50 24 18 50 13 50 33 49 50 50 28 50 25 2 31 50 27 50 23 40 50 1 50 50 15 23 50 43 31 35 50 31 26 50 43 48 6 26 31 50 6 50 31 41 0 10 50 
19 50 7 50 49 22 50 50 50 18 18 15 23 31 50 30 33 50 40 18 28 22 10 50 14 16 10 7 16 11 26 1 50 50 46 50 26 38 2 50 20 31 50 50 6 35 50 50 50 16 48 50 50 11 48 50 50 50 50 43 50 50 50 50 16 50 50 50 13 50 50 41 49 50 36 18 11 12 42 50 6 50 26 0 49 50 34 49 50 13 22 42 7 50 50 39 44 50 50 41 50 50 50 50 50 50 22 50 50 8 20 50 32 50 50 19 41 45 28 29 50 16 50 21 50 50 26 18 50 50 18 50 50 50 50 41 35 50 33 5 50 23 34 3 22 7 1 13 50 50 14 50 50 17 50 50 50 50 50 33 10 37 20 19 36 50 50 43 
50 50 12 36 39 50 43 44 50 50 50 13 50 34 50 40 44 29 12 50 50 50 21 18 50 35 12 45 31 3 13 35 5 50 47 9 26 50 50 50 50 39 50 50 44 5 50 21 50 32 50 12 39 50 5 9 32 50 18 38 27 39 13 26 50 20 20 50 26 50 11 50 35 50 50 50 26 50 8 30 40 38 50 17 46 11 41 44 50 50 40 50 6 44 9 49 50 47 50 6 19 13 50 50 31 50 0 50 50 50 50 50 50 50 47 50 50 50 28 50 50 12 50 50 7 13 50 10 50 50 50 17 50 0 50 26 6 50 31 50 50 19 46 3 50 50 1 50 50 50 16 50 50 25 43 50 50 10 50 50 11 50 50 29 46 15 30 
50 50 33 17 36 45 11 48 50 50 14 50 50 50 50 42 50 50 50 50 50 47 50 50 50 50 41 12 50 19 17 1 22 50 50 48 50 14 2 50 30 6 50 50 21 27 39 50 25 50 39 33 50 40 45 50 50 32 50 40 50 50 50 50 50 50 50 23 50 11 50 32 45 50 50 50 1 20 0 41 50 50 50 5 50 36 26 24 7 50 42 18 50 50 1 13 41 50 50 50 27 11 7 50 50 44 49 50 50 50 50 21 50 50 11 50 43 42 50 10 50 46 40 19 14 50 50 50 9 50 42 30 26 25 50 5 36 10 6 50 50 17 50 50 50 50 5 43 34 50 11 7 50 50 42 0 49 48 50 1 35 28 35 50 16 45 
44 50 3 50 40 46 50 50 50 1 48 16 28 50 5 30 31 38 50 33 42 36 50 50 29 50 50 22 27 41 15 50 44 3 25 50 50 9 50 26 38 8 50 50 50 50 50 42 50 50 22 50 39 47 32 35 50 50 28 50 50 50 31 1 48 38 15 50 50 20 49 38 0 50 50 50 48 23 39 38 50 50 27 3 0 2 32 50 50 17 50 8 22 50 30 50 50 29 50 50 11 50 21 1 21 50 50 50 50 25 50 50 50 50 39 50 23 50 13 4 50 12 50 41 50 47 0 26 36 50 35 19 50 33 50 50 41 42 50 7 50 24 40 50 50 50 24 50 19 24 31 8 35 29 4 50 14 47 50 5 50 40 50 39 5 
50 50 22 50 50 50 17 14 2 29 50 13 50 38 20 50 22 50 34 32 50 50 50 50 42 50 18 14 19 50 50 50 11 30 50 15 11 50 50 46 41 50 8 2 18 49 29 49 50 24 50 50 34 11 50 50 50 40 33 39 6 50 18 43 34 50 38 50 50 50 50 50 50 29 36 50 7 33 50 16 43 50 41 0 49 50 50 33 31 14 50 50 50 50 50 50 50 14 12 0 50 50 41 8 46 50 50 27 3 33 49 49 44 50 50 50 24 16 50 42 33 50 50 50 50 50 50 39 50 33 50 47 50 8 50 13 23 21 50 40 25 50 50 3 50 43 50 43 50 50 32 48 8 50 6 50 21 44 50 21 8 15 50 50 
5 40 50 44 50 4 13 47 50 50 30 41 50 50 23 13 50 50 50 27 13 50 50 5 32 50 46 8 50 46 50 50 50 29 50 50 6 50 50 18 50 50 50 17 37 23 50 50 50 50 25 3 42 0 15 29 50 50 22 5 45 47 50 42 34 30 9 7 50 50 3 24 17 14 4 50 50 50 44 33 35 50 41 42 23 50 50 10 50 36 7 26 50 24 35 39 50 50 50 50 36 24 50 16 44 50 50 15 30 22 48 50 10 22 11 50 50 50 16 47 0 43 48 50 46 50 50 50 50 50 50 35 50 20 17 1 31 6 50 50 50 29 50 42 29 32 50 50 11 2 50 50 50 50 22 14 50 50 42 50 50 4 7 
50 37 46 26 21 50 47 18 17 13 50 24 50 31 23 50 50 50 32 28 50 45 49 50 23 50 50 50 41 50 50 32 16 44 50 50 26 5 21 31 47 50 16 27 50 50 50 50 47 50 50 50 42 50 31 50 15 37 50 50 50 50 8 50 50 50 50 17 34 3 50 3 50 37 30 7 39 30 50 31 44 42 50 34 5 50 16 5 50 0 7 31 42 22 33 50 50 50 50 50 50 50 47 50 50 50 43 50 30 50 50 3 21 50 50 23 43 42 49 50 6 50 22 47 50 50 46 27 50 50 12 9 50 50 14 22 50 50 50 50 32 35 49 50 50 50 45 16 2 50 35 50 3 18 18 50 50 50 2 50 37 50 
11 50 23 50 50 46 50 50 50 5 50 9 36 26 50 50 42 50 28 47 19 48 50 50 29 13 26 50 17 11 7 50 32 44 37 50 16 49 40 50 32 50 50 16 50 42 24 46 20 50 50 2 15 50 50 22 50 14 26 29 50 50 20 9 50 41 50 50 50 50 50 50 23 37 15 50 34 9 50 33 10 16 27 50 45 50 33 50 45 17 16 38 50 17 50 19 7 40 50 10 10 8 27 50 50 50 9 50 50 50 50 30 28 49 50 50 50 44 38 44 3 24 50 50 50 50 8 4 50 50 5 14 43 50 40 46 5 50 11 50 27 50 1 50 6 26 50 50 47 44 50 50 20 50 46 35 50 28 50 33 50 
50 50 50 2 9 27 50 50 50 50 50 46 50 50 16 41 0 50 36 11 44 24 50 32 45 50 11 24 35 42 50 4 50 31 50 50 34 19 50 49 50 50 50 50 12 40 50 50 50 50 14 25 50 50 34 50 50 50 27 22 50 50 14 50 34 10 20 30 4 50 50 7 50 50 50 50 6 50 27 2 41 50 50 40 14 4 49 50 24 50 25 50 48 50 26 14 37 3 19 50 9 44 50 0 50 15 30 47 40 41 47 1 50 50 35 26 50 34 50 18 43 10 32 50 50 37 27 50 50 50 50 50 10 50 50 50 31 50 26 50 50 50 21 50 24 32 50 50 47 6 50 46 43 50 50 44 23 1 50 27 
27 50 1 50 43 50 50 50 50 5 15 20 16 41 50 50 3 50 5 29 33 4 45 50 7 50 25 50 50 50 28 50 24 11 50 50 50 50 50 50 50 3 25 50 5 38 26 14 36 50 37 6 44 50 14 50 1 37 2 19 50 36 50 14 50 50 20 50 50 40 11 27 45 21 32 50 47 50 1 50 50 50 2 50 50 44 43 50 7 18 17 50 50 38 32 50 37 33 50 2 25 50 44 25 15 32 50 50 5 1 24 6 17 43 8 8 50 50 50 19 4 50 47 17 33 38 13 4 50 32 9 28 50 43 22 42 21 48 50 46 50 38 44 32 49 10 3 50 50 10 20 50 50 50 50 28 17 34 20 
50 50 50 29 43 50 0 50 34 39 50 24 50 50 50 21 28 50 50 50 50 50 27 32 34 50 50 50 23 42 6 50 50 28 21 4 50 22 50 2 50 50 2 50 3 41 36 13 11 50 2 43 50 34 50 3 50 43 50 50 50 50 17 50 50 50 50 1 19 50 50 5 26 7 50 0 20 50 36 50 50 33 40 50 25 50 50 50 50 26 50 50 50 5 50 50 50 31 50 31 50 1 50 50 50 50 50 4 50 30 23 50 6 27 50 50 50 25 19 50 19 49 50 28 4 47 50 50 38 50 22 50 50 50 12 50 29 12 43 49 50 49 26 39 49 48 50 7 50 50 50 41 9 35 50 41 50 50 
32 50 50 47 13 50 50 50 38 50 32 28 50 8 7 50 39 29 50 48 50 50 14 50 5 42 12 11 5 29 50 50 50 50 30 50 42 42 37 26 50 50 50 23 50 15 10 35 50 50 50 50 36 9 13 50 50 50 50 24 42 50 50 11 50 10 22 20 38 50 50 33 50 50 4 50 50 50 50 28 47 46 44 50 50 50 26 42 8 50 9 34 50 0 7 23 50 38 25 19 23 50 3 36 50 38 50 21 50 50 50 50 50 50 47 50 50 23 30 50 17 50 50 34 40 44 6 30 50 50 34 47 50 50 25 15 19 50 47 50 22 42 24 48 15 50 3 6 50 50 19 50 50 0 17 50 18 
7 24 31 50 22 0 50 50 50 18 6 50 50 50 37 50 50 49 5 41 50 50 7 9 5 12 50 50 43 50 50 50 47 50 39 42 2 50 50 41 50 50 46 50 23 41 32 50 42 50 50 50 50 50 5 50 50 50 0 18 24 50 50 50 50 10 38 42 31 50 9 50 16 50 41 50 50 50 23 50 12 50 31 18 50 50 12 50 50 7 50 49 50 50 5 10 8 50 37 27 35 50 50 38 50 0 50 50 17 50 17 50 5 50 7 16 48 50 3 50 35 34 50 46 50 46 27 50 45 50 50 32 50 3 2 41 50 50 50 50 50 12 50 50 50 9 34 50 50 50 37 50 36 47 6 42 
5 50 13 50 50 12 40 20 50 27 43 50 1 12 19 43 14 36 8 3 50 50 13 50 50 29 39 33 50 50 50 50 50 37 50 20 50 28 50 41 50 39 36 1 50 50 2 46 23 13 7 50 24 50 50 50 50 50 50 19 50 50 50 2 1 2 19 11 50 49 45 40 36 8 27 33 50 26 50 50 50 21 7 0 50 40 35 33 50 1 29 14 37 50 22 10 50 22 18 50 50 4 39 50 50 17 50 3 30 50 50 34 50 42 9 37 50 46 50 15 50 50 10 3 1 7 9 50 50 18 50 37 24 18 6 2 28 15 50 42 50 20 50 50 50 23 50 42 12 11 50 50 50 29 23 
50 50 48 24 50 50 50 50 29 5 38 50 23 50 50 50 50 3 36 50 18 8 27 34 6 50 50 28 4 28 50 50 50 50 42 28 7 41 21 39 50 10 50 39 21 49 50 50 29 50 22 23 29 50 0 35 50 50 35 50 37 8 20 50 17 23 50 8 13 50 32 21 50 50 50 50 23 50 50 48 9 50 43 35 15 50 29 50 50 50 16 50 50 48 14 50 41 50 5 27 35 6 50 50 1 50 50 43 50 48 50 50 50 24 50 41 50 50 31 50 10 50 50 6 34 32 2 50 50 29 25 35 36 46 17 50 50 50 50 19 12 44 18 50 50 50 50 50 17 50 28 7 50 50 
50 17 50 27 11 50 13 50 50 18 50 10 50 5 50 50 50 36 7 50 50 44 50 7 50 20 50 50 50 50 33 41 18 24 19 50 9 50 50 27 50 5 4 50 9 34 16 50 50 50 8 50 50 26 50 50 4 50 22 50 50 50 50 19 50 50 50 50 11 42 50 26 50 50 22 30 50 11 4 3 50 50 47 50 29 50 50 9 39 27 29 24 7 20 1 50 50 23 25 50 50 50 50 50 50 38 50 50 50 50 50 27 29 10 6 50 50 27 50 50 50 39 50 24 39 32 50 45 18 50 19 9 50 5 33 50 50 40 43 50 50 0 41 1 39 50 50 31 50 41 19 50 32 
29 18 35 50 50 50 50 6 4 13 29 50 42 50 50 3 49 50 50 50 2 50 21 50 50 20 16 20 9 5 50 50 27 35 50 43 45 11 41 17 19 36 50 12 16 50 50 5 21 44 50 25 31 28 0 43 50 50 27 21 5 50 50 50 33 50 8 29 50 50 50 50 31 38 50 16 24 44 50 31 50 50 50 11 50 50 33 8 44 40 33 50 14 50 50 50 50 44 50 50 13 25 50 32 14 50 50 50 50 50 50 0 34 50 50 15 28 27 19 50 48 31 21 44 14 50 50 3 32 8 36 13 47 49 50 50 16 50 50 30 26 50 50 29 13 50 18 37 50 32 29 7 
50 50 50 19 4 1 50 17 19 27 20 50 3 50 18 16 50 10 50 24 20 50 50 43 50 41 50 2 4 50 50 50 17 50 50 23 50 48 50 6 50 50 50 50 50 50 48 0 20 18 48 50 3 50 36 3 32 11 38 50 25 13 50 4 48 50 5 37 8 50 50 9 20 10 3 0 37 50 0 40 37 8 35 0 41 6 36 25 19 27 50 50 5 46 39 28 18 50 41 5 44 50 18 35 6 36 20 50 50 11 50 50 50 27 50 50 50 49 50 27 50 50 48 50 50 50 40 50 27 39 50 50 34 50 50 29 50 21 35 50 50 42 50 50 40 50 31 31 20 9 30 
49 50 50 35 32 50 50 35 50 21 35 50 50 50 33 50 32 50 33 23 8 50 50 42 50 50 3 50 50 50 26 50 16 8 43 50 50 47 50 50 50 30 24 50 24 50 50 0 28 40 50 50 50 50 50 50 50 32 50 29 50 20 24 49 50 38 50 41 50 28 50 50 50 50 13 50 19 25 15 34 47 9 13 2 50 50 48 20 10 50 1 50 0 0 19 1 33 29 44 50 39 43 10 50 42 40 50 32 17 50 12 30 13 50 33 35 33 40 50 3 50 50 50 28 50 46 50 50 50 50 42 13 50 16 10 50 50 27 21 15 24 50 23 50 50 29 4 37 50 50 
50 21 15 9 50 40 23 50 38 3 50 13 50 44 49 17 50 0 16 17 14 50 25 50 38 50 50 50 17 18 50 3 13 50 50 42 49 7 19 50 45 50 23 13 11 18 50 10 50 9 50 50 50 0 50 47 50 50 27 21 26 38 50 50 23 37 39 50 50 50 40 50 50 50 18 13 50 30 21 50 9 17 50 50 9 33 5 42 42 50 50 50 50 50 50 50 50 50 50 38 23 50 7 11 50 50 45 41 35 31 7 44 24 4 1 50 38 38 36 29 14 6 7 50 50 33 42 50 25 50 20 17 48 21 4 50 4 50 32 50 26 40 50 50 50 50 50 14 28 
46 39 29 50 13 46 16 40 45 50 50 50 13 50 50 50 50 50 50 16 0 29 34 17 0 50 50 35 50 50 28 29 50 26 21 15 40 9 50 0 1 44 48 36 50 25 35 7 40 50 50 50 50 15 50 29 50 37 50 19 50 6 50 48 50 50 50 50 50 11 14 29 38 50 1 50 50 9 14 50 50 27 43 18 50 50 14 16 50 8 8 50 18 50 50 21 50 50 50 15 50 50 50 50 44 37 20 50 50 44 50 50 50 3 35 50 47 50 50 21 50 50 50 50 50 24 50 33 50 24 22 34 33 50 36 50 50 50 49 40 27 43 20 50 50 50 26 35 
50 50 12 11 22 50 23 3 37 27 50 42 5 44 50 50 50 1 25 50 50 50 50 29 50 11 50 50 50 44 24 15 39 12 50 50 50 50 9 50 50 32 10 4 40 29 10 50 50 50 29 50 50 50 50 50 38 50 50 38 42 50 11 50 50 50 50 35 50 8 20 34 37 50 50 22 50 50 25 50 2 40 50 50 50 50 3 50 35 28 50 35 50 18 50 45 50 50 40 50 50 50 50 46 6 20 47 26 9 50 45 50 50 50 50 32 46 50 10 50 50 50 14 48 50 50 50 50 37 50 31 50 5 25 41 4 50 8 50 3 46 50 50 11 47 5 50 
30 34 50 50 45 50 50 49 50 27 15 38 50 2 46 50 50 32 50 41 50 26 33 36 50 18 50 50 48 50 23 50 50 0 50 6 50 50 50 29 50 50 50 16 50 10 50 29 50 50 50 32 48 50 50 50 11 44 50 50 50 22 1 50 31 50 50 1 50 49 50 50 50 50 1 50 50 47 28 8 50 50 45 50 29 50 37 29 2 27 9 11 50 50 50 50 6 11 50 50 50 36 50 39 15 31 50 8 24 16 5 31 9 50 50 50 33 48 50 50 50 16 50 50 20 8 2 49 50 50 44 35 1 50 50 50 34 50 50 29 50 50 50 14 50 39 
11 50 50 50 50 12 50 50 50 12 32 13 50 50 50 43 50 28 50 50 5 6 42 12 8 17 48 43 35 50 50 35 50 50 24 50 50 24 50 39 29 24 38 50 12 12 50 17 43 45 50 39 15 26 46 22 27 37 21 35 24 1 50 41 39 8 9 35 50 0 50 50 14 50 26 50 50 50 50 50 50 50 50 50 50 50 0 36 40 19 12 9 50 7 36 12 50 46 50 39 50 50 50 50 17 3 0 39 28 10 13 44 50 37 50 42 13 37 14 50 50 50 37 50 20 36 50 50 25 50 50 50 7 50 8 50 50 50 23 50 50 0 42 6 50 
10 50 50 50 50 50 50 27 6 50 50 33 40 14 44 7 43 50 46 50 50 24 1 50 50 50 50 16 34 33 45 20 16 50 25 44 50 20 7 19 3 46 14 50 50 50 50 50 16 50 38 50 50 5 50 50 28 42 27 50 0 23 50 50 50 50 50 50 15 15 2 50 50 0 15 15 50 50 32 49 50 50 42 19 50 12 34 28 6 12 4 50 50 3 47 50 26 50 14 5 47 50 34 50 20 50 8 50 19 8 46 50 50 3 50 42 50 24 50 50 29 50 50 16 49 50 29 50 50 43 38 50 36 6 8 31 50 45 45 50 23 11 33 49 
50 50 49 50 50 46 50 19 8 38 50 50 11 50 39 30 50 16 50 28 37 50 50 41 44 50 44 44 25 50 50 26 50 50 50 50 7 50 50 15 50 20 45 38 50 30 19 50 6 36 50 50 50 34 0 38 50 8 42 29 50 2 26 50 25 50 24 44 5 23 37 30 50 50 38 18 39 17 50 30 50 25 0 50 22 31 20 50 50 1 30 50 50 30 34 50 50 45 4 43 10 50 29 50 50 50 50 47 1 15 50 21 24 46 50 50 50 23 38 50 30 50 34 9 28 50 41 14 26 48 36 29 37 22 50 50 40 6 38 47 50 25 50 
26 37 50 50 50 18 50 25 50 50 49 47 50 17 11 50 39 25 9 50 50 45 50 27 50 50 50 40 26 6 11 47 4 11 10 50 12 37 14 34 50 37 45 1 27 50 50 33 12 50 0 50 50 50 7 50 49 2 50 21 32 50 50 17 37 1 50 21 30 34 50 25 50 50 33 10 50 50 50 44 50 46 50 39 30 3 50 16 32 42 36 50 50 49 50 50 50 50 12 50 50 50 28 50 50 39 46 18 17 41 31 50 42 50 50 50 50 31 50 50 3 50 50 50 50 50 50 39 29 3 43 14 45 50 21 50 21 10 28 50 35 27 
5 33 50 50 50 50 16 36 44 50 14 0 20 2 25 50 37 14 20 33 50 47 26 50 9 48 50 37 50 50 50 50 13 28 22 50 31 50 39 50 9 50 12 20 50 19 7 37 50 40 50 42 50 50 50 50 5 28 0 42 37 33 31 50 1 48 50 50 50 2 50 6 5 50 50 35 42 15 22 50 18 42 4 50 46 39 50 23 8 27 25 50 25 50 50 39 30 42 28 50 42 33 50 50 45 17 46 25 50 50 34 15 43 50 21 42 12 50 50 50 35 50 6 27 1 44 17 15 50 21 50 50 21 36 50 4 50 50 25 50 47 
50 50 50 27 44 50 50 50 1 50 50 50 41 50 5 15 18 15 31 12 50 50 29 50 50 12 50 50 28 18 26 50 50 31 39 50 22 33 50 50 47 50 50 50 16 14 3 33 47 2 32 50 43 2 0 50 30 5 50 50 27 50 50 26 50 50 26 4 39 50 50 50 50 41 30 49 23 42 49 4 50 36 42 50 50 50 50 50 10 50 28 39 50 47 17 30 4 47 9 50 49 5 2 17 50 50 50 20 25 50 44 50 42 50 32 39 50 50 35 50 50 50 20 50 23 50 5 46 8 6 50 50 46 28 50 31 42 50 26 34 
35 50 50 12 7 34 50 44 15 50 50 50 50 50 50 50 22 50 50 50 12 6 21 50 50 50 50 50 50 41 50 27 9 4 50 6 46 50 32 50 34 50 4 6 50 2 38 50 48 49 45 36 50 50 50 50 50 40 50 50 50 22 18 50 35 11 50 29 32 50 26 50 24 26 36 50 50 3 50 50 21 50 42 48 18 50 50 50 24 35 50 50 50 18 25 50 50 50 26 29 50 14 11 22 37 20 50 50 45 50 50 45 30 50 48 13 50 50 29 34 50 50 24 50 15 21 50 10 13 33 12 5 50 47 50 50 50 32 18 
50 50 17 50 16 50 6 36 50 26 38 50 44 50 22 50 50 50 50 50 50 41 8 33 35 41 50 39 11 1 32 40 20 50 50 22 44 36 50 32 13 31 43 50 50 50 50 50 37 12 39 26 47 50 19 50 50 25 50 50 50 50 50 50 50 50 4 50 41 50 50 19 20 22 12 50 50 35 31 3 50 45 50 1 11 27 50 40 5 49 50 4 50 10 30 50 50 50 37 50 50 50 5 46 50 50 50 50 11 50 50 50 50 37 50 50 50 44 0 21 10 50 13 50 50 50 50 50 50 24 50 36 50 0 41 12 50 50 
50 50 27 49 14 34 39 50 23 36 45 11 40 16 18 50 33 43 18 50 37 0 35 25 50 0 50 50 50 50 4 4 50 50 50 40 50 17 22 8 19 31 50 50 26 50 50 50 10 48 46 24 50 50 5 27 1 19 24 50 50 31 50 20 49 50 5 31 7 50 8 13 50 20 50 50 19 50 36 50 50 50 43 50 31 39 20 50 13 28 50 35 50 50 44 50 50 50 50 50 50 50 50 50 3 50 28 25 0 17 2 50 49 50 50 13 31 50 50 50 13 17 27 4 50 16 14 50 21 47 30 14 7 50 50 32 32 
45 50 50 34 38 50 50 14 50 18 50 50 30 12 14 50 41 4 39 50 50 50 50 50 50 32 1 50 50 50 50 50 34 50 9 28 25 33 34 43 49 50 28 50 50 27 50 50 50 23 3 50 50 50 47 50 50 7 50 22 50 50 33 39 50 43 50 27 10 50 8 22 50 50 25 24 50 50 38 50 30 50 50 17 9 39 50 50 50 50 50 50 50 45 25 2 50 50 21 12 50 39 24 50 21 50 50 8 31 50 22 50 32 27 50 50 29 26 28 31 50 12 50 28 1 50 50 36 11 45 50 50 50 50 26 27 
50 50 21 24 38 50 32 50 12 50 48 35 35 50 48 50 50 31 16 27 7 32 50 50 50 50 43 10 50 4 50 50 50 31 50 50 8 2 10 50 50 50 37 43 50 50 17 42 50 50 35 50 28 50 4 7 50 48 12 50 38 50 50 15 26 1 15 6 38 37 50 19 50 39 0 50 14 50 50 50 50 41 48 32 25 50 50 47 50 50 50 50 50 37 50 50 0 29 50 0 50 24 29 50 50 50 17 6 39 33 50 13 50 50 24 50 4 0 50 1 50 20 50 18 50 50 50 33 50 50 49 14 1 28 50 
40 10 21 44 11 50 44 36 50 47 50 10 49 29 10 33 50 50 50 44 50 1 26 50 24 50 49 28 50 50 50 4 50 50 50 42 10 30 14 31 32 50 50 8 0 40 37 11 50 50 50 50 50 37 14 50 3 23 50 34 50 4 32 33 50 44 35 50 44 50 50 26 50 15 50 50 16 50 25 47 50 11 31 44 50 19 50 9 5 26 15 8 16 45 50 50 47 49 48 18 50 50 2 50 10 50 50 50 27 42 50 50 50 10 50 1 11 29 50 50 4 50 50 22 0 46 50 50 28 50 50 44 12 22 
50 21 50 50 50 13 50 50 50 50 50 50 50 50 50 7 50 49 38 11 5 31 11 32 50 34 39 46 50 21 26 50 50 50 50 50 50 12 50 18 12 50 50 22 50 45 0 50 32 50 44 50 40 26 20 39 38 17 50 10 45 29 13 50 50 50 5 9 33 4 50 50 17 16 20 49 50 49 50 50 31 50 50 40 50 50 26 50 19 50 50 50 13 50 50 48 50 43 11 41 19 50 50 50 50 19 50 50 50 37 47 10 50 16 45 50 50 50 29 50 50 50 50 50 7 50 50 44 19 43 11 11 50 
50 29 38 50 38 36 50 13 20 50 50 50 46 44 26 11 50 30 14 46 32 30 50 50 50 50 35 50 50 50 50 50 50 21 50 0 50 13 8 50 50 0 49 50 50 50 28 30 50 35 13 4 50 5 50 8 43 49 21 50 0 20 2 50 50 50 40 50 50 25 0 16 50 22 25 50 39 50 39 12 45 46 50 50 30 50 50 18 28 37 13 19 12 38 30 31 37 50 50 17 21 10 5 31 50 35 50 50 40 1 47 40 15 28 26 50 20 40 44 30 42 50 15 18 45 50 50 50 21 50 38 50 
50 50 24 46 50 44 50 50 50 50 35 21 29 20 48 50 50 50 50 35 13 50 50 6 49 8 50 27 19 50 38 32 50 50 50 18 50 7 18 21 2 9 50 50 1 21 47 50 7 32 50 8 50 19 28 40 50 50 50 10 42 39 50 50 27 7 50 0 40 50 50 8 50 21 50 11 50 16 27 50 50 45 46 50 50 25 46 36 34 31 24 50 43 18 50 10 50 35 50 48 22 50 50 40 50 23 50 50 46 50 50 50 50 29 47 50 23 50 2 50 48 50 50 2 3 41 42 50 21 30 11 
25 14 28 34 50 40 5 50 50 50 50 18 12 47 43 50 50 50 50 38 12 7 46 50 40 50 20 10 44 6 45 36 46 50 50 50 50 30 50 27 48 33 50 50 44 50 50 50 50 16 50 27 36 50 16 19 50 50 19 46 50 50 3 50 50 11 40 43 50 50 49 50 0 49 48 17 50 50 50 50 10 6 26 50 50 50 17 28 37 44 50 50 50 48 50 30 30 49 39 14 50 35 28 5 18 50 50 25 35 44 0 50 18 38 21 29 50 25 16 50 16 23 50 15 50 50 50 6 33 50 
10 50 13 28 50 50 50 45 5 50 50 50 11 50 13 33 50 50 30 13 50 50 50 13 50 50 50 0 50 45 2 50 50 20 50 50 31 50 40 50 6 4 50 0 9 25 41 37 3 41 50 50 50 50 50 10 47 22 50 49 50 50 12 46 50 50 50 50 50 50 17 50 17 18 50 15 50 19 50 41 11 19 50 50 50 50 50 26 50 50 50 50 50 9 4 50 50 12 13 50 50 23 17 50 50 6 4 19 50 42 38 50 50 50 20 50 50 49 47 17 4 3 50 50 50 50 50 9 2 
36 50 50 21 50 50 41 41 50 50 50 50 20 23 50 34 14 31 20 4 50 5 8 50 35 50 50 10 5 19 50 0 50 50 48 37 10 50 7 1 13 43 50 50 50 50 50 50 50 50 50 50 50 41 50 34 48 50 20 14 4 36 4 33 19 50 50 3 50 3 50 50 16 50 50 23 42 14 50 50 0 21 50 2 50 50 50 50 50 36 50 50 50 1 44 17 5 48 50 50 36 48 45 50 50 27 3 0 21 50 50 2 23 50 28 50 50 39 50 1 34 50 22 50 33 9 27 1 
8 50 1 50 50 12 50 17 50 50 50 42 47 1 50 35 50 0 50 50 39 50 50 50 50 50 50 33 39 46 43 50 45 50 33 50 30 50 33 50 35 50 50 11 33 50 50 50 50 50 31 45 50 50 50 37 50 48 6 33 50 14 50 10 50 50 48 50 50 50 33 50 13 10 50 50 50 50 50 3 12 50 17 0 50 40 50 50 38 14 50 38 5 16 50 50 33 24 50 28 46 22 28 50 50 10 20 39 20 50 44 46 37 50 35 50 25 50 50 50 32 50 50 34 50 25 50 
6 50 30 31 21 26 50 6 33 50 50 50 42 50 16 36 44 20 50 7 33 3 3 50 50 20 37 50 50 49 19 50 50 2 12 35 50 0 4 50 45 50 50 33 50 50 50 47 50 50 50 20 50 46 1 13 50 2 50 50 50 18 12 50 0 32 33 50 36 16 50 43 36 50 5 50 47 50 50 50 50 50 10 20 35 50 50 50 0 12 50 46 50 50 50 1 50 50 11 50 50 29 50 4 50 44 50 50 50 32 22 28 50 50 50 39 10 0 50 6 50 50 36 0 26 50 
26 29 5 50 14 48 19 29 2 50 17 29 31 15 19 38 46 5 12 29 3 50 50 50 50 25 33 28 50 50 35 50 50 21 50 50 3 29 50 50 50 50 50 50 50 41 50 12 18 50 50 8 50 30 50 42 50 0 50 50 50 46 37 37 50 2 5 37 11 50 43 30 40 28 50 50 1 10 6 50 50 50 42 50 50 50 50 50 30 34 50 50 50 50 17 22 15 50 45 50 50 50 50 32 21 50 19 36 23 0 50 50 32 50 50 50 50 25 50 33 50 50 50 1 50 
6 49 32 37 47 50 1 6 41 0 50 43 44 33 20 34 6 50 19 0 45 42 50 50 21 22 8 50 50 50 17 3 6 40 50 11 12 50 50 50 9 3 14 50 50 50 13 50 3 16 6 50 19 11 50 47 50 36 20 33 50 50 22 41 8 41 20 7 50 42 49 15 50 50 20 23 50 37 43 18 5 16 50 45 39 33 46 37 37 50 50 17 12 50 48 50 42 34 27 50 50 50 50 37 2 47 50 50 47 17 50 50 33 15 46 36 50 50 50 50 50 50 50 22 
5 50 50 50 9 43 23 30 38 27 48 50 0 35 29 44 50 50 15 2 45 50 50 50 50 50 8 11 50 50 42 50 50 50 15 34 50 2 50 50 50 50 28 1 50 50 8 50 50 49 13 50 50 50 34 16 50 3 9 14 40 50 50 50 50 4 50 45 50 50 20 50 21 27 22 16 48 11 40 30 50 38 50 13 25 31 44 10 33 14 50 50 50 50 44 50 25 50 18 7 50 41 42 26 36 50 50 50 50 50 12 50 50 50 48 32 13 28 50 45 50 25 0 
50 21 50 50 18 50 50 50 45 50 50 50 50 50 50 34 50 1 50 28 50 50 50 7 16 40 20 25 21 46 15 50 46 43 37 38 50 20 50 2 50 50 13 50 27 18 1 50 49 17 11 50 50 50 50 6 50 50 50 31 50 28 50 30 50 50 44 50 17 9 3 50 50 50 50 1 11 50 22 35 50 13 50 50 21 7 50 50 10 31 50 50 34 1 29 50 50 50 1 50 50 34 11 50 50 50 39 23 50 7 42 50 43 6 50 49 10 3 26 24 6 22 
50 29 50 50 50 15 50 50 17 31 26 1 4 21 47 50 44 50 3 2 50 15 50 41 50 24 18 0 50 50 13 50 35 50 18 50 50 50 50 37 44 50 4 50 50 50 50 24 37 50 50 50 50 21 18 11 5 1 50 50 50 50 35 31 10 50 23 50 50 50 1 16 50 50 25 50 5 50 50 50 12 50 11 50 41 50 50 41 50 21 50 23 50 50 29 50 24 22 17 50 14 50 50 21 50 50 2 22 49 6 50 50 11 27 50 50 50 28 47 22 49 
23 30 50 50 50 50 1 47 50 50 50 50 25 30 33 50 29 19 50 36 50 12 50 43 50 50 49 50 50 50 50 9 5 50 50 28 48 34 12 37 50 12 41 16 10 50 50 50 50 50 50 50 50 41 4 40 3 50 13 50 48 9 47 50 50 50 50 50 48 7 50 50 16 50 50 30 37 50 50 42 50 50 50 7 42 4 50 50 12 19 7 50 50 30 50 20 22 50 50 31 50 17 41 6 50 31 46 6 50 33 18 17 50 50 44 14 50 50 50 48 
33 2 7 50 29 0 7 27 50 50 50 4 50 37 50 50 15 44 19 50 36 50 50 50 2 44 33 50 21 50 50 50 50 29 41 48 50 39 34 50 23 1 27 50 10 50 50 50 8 33 1 50 50 32 26 50 37 46 50 5 50 2 32 4 50 50 50 44 50 50 8 33 50 42 50 50 50 43 50 40 50 50 14 50 35 48 29 50 21 50 48 7 50 42 14 41 45 3 0 5 46 24 50 17 49 4 18 39 50 50 50 22 18 27 9 50 41 50 50 
1 49 47 50 47 16 50 35 50 50 13 7 15 37 15 8 13 50 18 50 22 50 17 49 50 50 18 50 50 19 39 50 50 50 29 50 50 32 27 7 1 50 50 50 50 0 50 50 50 12 1 42 50 22 21 50 50 26 15 45 7 21 50 9 50 50 25 40 50 50 50 50 50 50 50 12 45 1 9 30 1 6 29 23 50 17 1 50 38 0 50 50 31 0 50 50 50 50 50 4 50 47 5 26 39 40 50 50 9 50 50 38 50 50 48 34 26 46 
50 11 50 50 31 50 7 9 38 50 41 50 50 50 9 50 32 38 50 50 28 36 35 15 50 50 47 50 50 50 3 1 50 43 6 50 50 41 50 50 50 50 47 50 50 15 33 2 50 50 50 36 29 21 50 20 50 23 50 50 50 50 50 48 50 7 43 50 32 47 34 37 11 31 35 50 50 50 26 50 50 10 50 45 31 50 50 50 50 50 45 28 10 35 50 50 6 3 50 11 8 1 50 50 50 50 50 24 29 8 14 50 19 5 50 44 10 
12 41 27 32 50 24 50 50 38 50 50 50 50 50 50 50 47 50 50 32 35 24 50 38 32 42 50 46 41 12 19 50 50 50 5 50 50 46 41 50 22 50 39 15 25 13 50 23 2 27 50 43 41 5 3 15 50 50 31 50 9 50 50 10 23 21 50 5 0 46 50 30 50 10 17 50 44 50 50 50 47 41 44 50 50 32 50 17 50 41 1 16 50 45 50 27 9 40 1 50 6 50 50 50 50 22 46 50 45 50 50 47 50 20 1 48 
0 44 50 1 1 50 12 50 4 49 0 50 50 40 44 50 8 50 2 22 50 20 50 0 49 37 20 50 50 50 50 50 31 42 10 17 50 50 50 50 43 33 50 3 50 50 23 50 50 50 50 50 38 50 50 50 50 4 4 50 24 50 8 50 8 25 26 14 50 17 50 50 11 46 9 45 18 34 50 50 50 50 43 41 50 50 1 50 50 22 3 48 1 16 50 50 38 50 50 50 50 50 50 4 13 48 50 50 20 50 50 29 50 37 28 
5 50 22 50 50 50 18 50 50 49 50 50 50 50 16 50 45 45 50 44 47 50 50 4 28 5 50 50 50 50 34 35 50 50 43 9 50 35 50 13 50 14 25 5 50 24 50 50 50 50 15 50 50 48 50 47 50 44 37 25 50 50 50 50 50 42 50 50 50 21 35 50 50 50 8 18 50 2 20 34 50 47 34 25 8 23 34 50 23 50 50 5 50 14 9 1 50 6 50 8 50 50 50 50 50 50 5 4 28 7 4 50 50 50 
50 50 50 50 2 14 38 50 50 31 50 34 50 50 44 3 50 2 33 50 50 50 50 10 26 35 50 49 21 23 50 10 50 48 50 50 6 50 50 37 50 50 50 45 38 2 50 26 26 7 45 50 50 49 50 42 50 46 6 50 4 50 50 50 26 50 4 48 25 7 30 10 42 46 37 50 50 50 50 50 48 50 14 50 29 50 37 36 9 14 50 50 50 50 36 50 50 50 50 21 50 31 50 14 50 50 50 50 50 29 50 50 43 
50 10 50 49 35 20 50 4 20 50 18 27 50 50 34 48 5 42 29 36 50 13 50 28 50 28 7 50 41 50 4 29 48 1 50 50 50 31 3 40 12 50 50 26 23 50 39 50 50 49 50 7 1 35 38 50 50 50 50 34 50 50 50 16 7 15 14 20 50 50 50 50 50 11 50 50 50 50 50 36 29 34 50 50 5 35 34 1 50 50 50 50 19 19 47 50 13 37 49 50 0 50 42 5 17 50 22 5 14 38 50 43 
40 0 18 13 50 50 50 5 35 50 6 30 10 50 50 40 39 15 50 50 50 50 20 42 50 34 47 48 23 17 50 11 17 14 50 39 50 16 50 50 50 50 16 0 50 50 17 28 14 22 34 26 9 31 22 12 21 47 16 50 50 50 8 50 32 50 50 50 50 50 50 23 50 39 26 50 26 50 17 47 40 50 7 10 39 12 50 50 35 7 50 50 50 50 50 48 20 50 50 50 50 50 50 49 50 50 22 50 27 50 47 
48 26 16 50 50 42 50 41 14 48 42 6 50 30 17 30 43 50 50 47 8 50 44 50 50 50 17 50 50 13 16 13 50 10 10 50 6 30 3 18 42 21 29 50 3 50 10 28 50 8 50 1 50 44 50 50 0 50 50 50 50 50 34 30 40 50 50 4 50 1 50 50 50 50 50 50 32 50 43 50 26 50 50 6 10 50 50 50 50 50 50 39 36 41 13 50 42 46 2 50 50 50 4 50 50 50 11 27 50 50 
50 29 50 50 50 27 13 50 50 50 50 50 18 3 50 3 50 50 39 27 2 13 9 50 50 44 50 30 50 17 50 50 50 48 50 6 41 6 50 50 27 48 33 16 50 4 35 50 50 5 25 50 40 50 6 50 10 11 27 50 50 50 34 1 50 32 27 50 22 2 50 50 50 22 48 27 47 28 50 27 50 50 41 50 50 40 19 50 2 36 33 50 50 42 11 2 49 25 27 50 9 27 40 50 50 29 39 6 50 
50 18 12 50 50 50 34 50 50 50 3 28 27 28 50 18 50 50 24 6 18 34 50 50 50 50 50 45 10 9 17 43 50 50 50 34 39 17 50 50 12 50 26 50 50 50 5 2 28 40 50 50 2 50 50 50 0 31 50 38 7 49 13 50 34 50 1 50 50 3 45 1 49 46 50 40 50 21 11 10 47 35 50 12 43 4 50 50 1 10 3 50 50 50 3 50 50 50 50 45 50 20 1 50 3 40 40 50 
31 50 4 12 50 47 50 5 50 50 16 50 50 39 15 13 7 26 5 50 46 50 24 50 46 25 6 50 19 29 50 16 50 50 50 43 1 50 50 50 50 50 50 26 14 46 32 50 50 50 50 11 20 50 50 50 50 50 50 50 50 20 50 7 50 18 12 50 50 19 50 43 47 50 50 44 50 34 50 50 12 13 50 16 50 50 50 46 50 20 50 50 28 42 50 27 50 30 20 50 50 32 49 14 50 27 31 
50 50 44 50 22 0 50 16 50 50 3 33 9 30 31 50 35 41 47 50 12 50 50 50 50 49 50 50 50 38 22 50 50 11 37 0 50 7 50 50 23 50 50 50 17 26 45 50 50 50 50 4 25 50 28 18 10 50 42 12 44 50 35 0 50 9 50 21 50 43 50 32 40 50 41 50 50 50 22 50 50 31 49 48 50 1 12 39 24 20 50 0 50 50 35 50 27 20 3 12 50 50 50 48 29 50 
18 43 50 6 50 50 50 24 50 50 50 50 50 5 30 50 37 50 50 12 50 10 50 50 50 29 50 50 15 50 45 50 50 19 14 50 29 17 13 50 50 50 45 9 50 50 37 32 11 10 50 0 44 50 50 50 5 21 50 50 50 8 42 15 50 50 0 44 50 34 4 1 40 2 50 18 50 50 50 50 50 50 6 31 43 32 50 11 50 44 50 50 36 50 50 50 6 29 50 50 7 50 9 26 39 
50 50 11 0 50 40 49 15 37 42 7 50 22 50 50 50 50 0 42 40 50 38 50 50 50 49 50 28 21 12 50 50 50 19 33 18 0 50 6 20 0 50 41 50 50 50 50 24 50 14 50 50 38 50 50 3 26 50 4 50 50 38 50 50 50 12 50 10 50 50 41 40 32 49 45 39 33 24 32 50 4 3 50 32 48 41 10 10 50 16 7 50 1 50 50 50 0 50 50 9 6 5 45 50 
50 7 50 50 43 50 50 5 18 46 50 50 50 13 50 50 50 50 50 24 25 50 27 38 32 50 25 38 48 25 50 50 17 50 37 16 50 50 50 50 50 41 50 42 44 50 50 50 33 50 50 40 50 8 44 28 50 29 50 32 50 50 48 13 50 1 37 50 43 50 50 17 50 29 10 43 45 50 16 50 50 29 14 37 40 23 50 50 50 39 30 43 50 50 4 1 50 13 47 50 20 41 44 
42 50 50 50 50 36 50 32 50 50 50 21 50 19 40 50 18 50 35 50 50 39 31 50 47 47 50 50 50 50 50 13 50 50 50 19 40 26 50 20 31 0 50 50 28 6 13 36 38 50 12 12 26 50 50 4 49 33 10 50 14 9 31 50 50 49 50 8 43 7 50 50 50 5 40 50 50 43 48 50 50 50 39 3 50 46 50 50 50 45 50 35 20 50 32 3 36 50 19 42 50 19 
50 50 11 50 50 25 50 50 50 24 20 50 36 50 48 50 50 50 38 4 50 50 15 49 14 31 50 50 27 50 50 9 9 50 50 50 22 50 39 49 29 40 40 20 26 50 50 50 22 50 50 40 50 9 24 50 50 43 50 39 50 50 50 50 50 2 12 50 50 50 16 23 4 37 50 47 50 49 50 50 11 50 5 50 1 50 38 50 50 41 50 42 50 50 50 50 26 38 50 50 46 
50 50 50 7 22 45 25 3 24 50 27 50 29 40 39 50 32 25 50 16 39 20 50 1 7 50 33 20 50 16 50 50 50 38 50 50 50 17 25 43 4 8 50 50 40 36 50 50 1 13 25 50 50 28 45 29 50 26 50 0 50 50 50 39 50 50 50 50 24 50 50 18 6 50 50 50 50 29 50 5 50 26 35 2 50 35 50 50 27 41 23 12 2 50 50 27 5 22 34 8 
12 50 50 40 50 9 14 50 34 6 50 50 12 50 39 50 33 50 35 18 36 50 21 50 17 50 50 22 6 44 50 50 14 41 26 40 26 19 50 50 24 50 10 50 50 13 36 43 47 50 36 29 33 50 26 29 50 35 45 50 50 14 5 50 50 50 50 50 7 10 50 12 50 36 43 50 43 50 50 50 50 50 9 28 12 8 46 50 50 50 20 50 10 50 43 0 49 7 12 
46 49 6 21 50 50 50 50 38 50 50 11 33 29 27 50 50 50 37 50 50 50 27 3 50 50 50 39 11 50 33 32 2 13 0 8 50 50 6 50 50 50 50 50 50 20 50 46 50 18 50 15 50 6 50 50 7 50 50 50 43 9 50 16 50 50 21 41 50 20 50 50 50 50 35 50 9 26 50 50 50 45 50 50 40 16 50 7 44 1 36 50 28 14 50 49 50 38 
50 50 6 45 50 50 36 35 50 44 3 48 50 44 41 50 47 26 48 50 9 48 11 37 50 50 50 34 23 33 50 0 5 17 50 45 10 50 50 50 50 47 25 44 11 50 50 12 39 50 25 2 50 50 34 50 50 50 50 50 50 50 16 12 12 2 25 50 25 50 19 50 50 50 50 14 50 16 41 20 48 50 31 50 35 50 29 50 12 50 50 50 18 50 50 50 50 
50 8 50 34 3 1 27 35 10 30 50 50 49 4 50 50 14 0 50 22 49 50 27 40 50 1 47 50 36 3 50 39 50 50 39 26 46 1 50 50 15 50 50 50 9 34 21 50 22 50 50 50 41 29 33 27 6 2 50 24 8 28 15 50 7 50 50 50 49 36 50 5 49 38 50 50 50 50 45 37 37 50 50 50 0 0 50 29 15 50 19 50 41 50 50 34 
44 8 29 50 50 50 6 20 4 50 22 50 50 50 50 41 49 18 50 50 35 48 40 28 46 6 6 50 50 50 50 50 1 3 10 31 50 2 0 29 23 50 50 50 50 50 6 50 50 50 50 22 50 5 48 45 35 4 50 21 50 50 5 46 39 50 30 3 30 50 7 32 25 14 50 50 50 50 11 50 25 24 38 50 0 47 11 48 50 36 26 32 48 10 50 
50 0 50 50 40 50 50 50 50 12 14 23 50 5 50 26 13 40 33 3 50 50 17 0 50 50 6 40 50 20 50 50 50 50 50 26 41 33 17 36 49 43 41 50 2 50 46 5 50 50 50 42 29 39 50 50 33 37 49 50 50 29 46 43 50 50 50 50 15 40 50 50 50 39 13 23 4 43 16 50 37 50 2 50 50 50 24 50 50 50 50 47 42 50 
0 50 6 50 50 3 49 50 22 15 50 45 50 33 50 16 38 27 50 50 11 28 24 50 50 16 6 3 10 41 50 50 50 37 50 8 30 13 50 19 50 9 50 6 50 50 23 24 1 50 50 0 42 50 43 50 45 34 50 45 41 43 50 19 31 50 50 50 50 50 50 46 50 11 18 42 50 41 50 17 50 24 20 50 7 50 50 41 50 8 50 50 50 
2 50 50 50 41 7 4 50 50 1 7 13 50 50 50 10 50 50 35 11 44 50 50 43 19 50 0 50 28 50 50 14 50 32 42 21 30 32 39 50 50 32 33 12 50 50 36 50 50 40 18 50 35 9 50 50 50 5 6 34 50 50 36 50 50 3 50 50 5 19 16 50 7 38 20 50 44 11 50 28 50 50 50 23 50 50 50 6 50 50 50 50 
0 19 30 5 50 40 50 9 13 50 50 50 14 39 11 50 50 12 29 50 50 38 50 50 16 48 22 11 50 50 50 0 50 0 50 50 2 45 50 7 50 13 41 45 5 42 50 50 50 50 50 39 15 31 50 50 50 22 50 50 34 22 34 50 4 50 3 50 17 46 50 50 0 50 50 4 40 20 50 50 20 26 28 40 50 0 50 30 50 50 50 
41 50 31 50 12 37 50 7 41 22 5 30 50 12 32 49 25 50 8 29 50 1 32 44 50 50 50 50 21 50 35 35 50 22 10 50 24 40 45 13 9 0 31 50 33 50 50 50 28 50 1 50 19 50 2 20 10 50 5 11 28 6 41 50 50 2 44 46 9 33 50 27 6 29 50 26 22 39 2 50 50 43 16 50 45 5 9 50 50 36 
11 50 50 50 8 8 50 50 50 50 50 29 50 36 1 50 50 50 8 41 28 50 41 47 50 50 50 50 34 50 22 5 22 50 48 50 21 2 42 50 18 38 50 5 42 30 45 10 50 50 35 50 50 7 50 1 10 50 47 18 50 50 29 41 46 50 18 28 50 41 34 34 50 40 50 9 50 50 27 50 50 50 19 50 48 19 50 13 50 
50 38 48 39 40 43 17 44 50 50 19 50 7 50 50 17 22 50 50 17 50 45 3 50 36 50 50 28 50 50 50 50 50 50 47 50 50 50 2 50 50 50 50 50 50 41 34 23 50 37 27 13 50 11 50 50 12 18 50 50 50 50 3 46 19 15 1 25 50 50 34 34 23 37 42 50 50 50 37 34 50 39 50 50 38 50 21 50 
49 31 50 36 50 50 50 50 50 18 50 50 10 50 15 50 50 50 50 6 26 50 2 15 50 50 50 50 37 50 50 4 50 11 50 49 18 36 11 15 18 8 39 34 36 16 18 29 50 50 34 50 50 47 31 34 50 50 50 50 6 27 50 47 50 50 50 50 17 50 48 50 50 29 21 26 50 26 50 50 26 11 0 44 15 18 3 
48 10 16 50 50 6 31 2 1 29 2 50 12 39 50 19 0 12 38 20 49 50 50 40 39 50 50 50 19 42 50 44 24 35 27 26 50 50 47 34 24 38 50 7 48 50 35 24 40 34 50 50 24 39 2 14 26 50 50 6 35 42 8 0 50 31 50 50 40 50 50 1 50 50 50 29 1 18 50 50 3 16 42 50 50 18 
50 12 21 47 38 11 45 50 50 15 50 50 50 45 50 50 50 32 29 23 26 50 50 50 50 39 15 50 22 50 50 6 28 50 50 4 4 27 50 16 50 6 46 50 50 50 50 9 50 50 50 50 7 15 50 31 4 31 45 18 44 46 23 18 50 50 43 50 4 5 33 48 50 50 50 13 50 50 50 42 50 50 9 50 11 
50 50 28 42 15 0 50 50 30 50 7 12 50 50 50 50 26 50 50 37 16 50 50 50 50 50 48 4 45 7 22 50 29 50 50 1 50 1 29 22 50 50 50 8 2 50 50 50 49 50 50 48 50 50 30 2 7 4 50 7 17 9 21 50 50 43 50 32 50 33 50 46 44 21 6 50 32 25 9 46 17 50 13 32 
40 9 42 0 50 50 33 27 50 50 45 4 17 13 18 6 50 15 50 16 3 50 2 48 50 50 50 50 50 25 50 48 50 50 3 26 21 50 50 39 50 44 15 50 50 28 27 50 50 50 22 5 50 50 26 27 44 22 39 50 18 50 50 27 50 16 11 49 30 13 3 33 20 50 3 50 50 10 50 50 25 9 50 
50 33 20 50 43 50 20 18 50 50 23 50 50 9 50 50 50 15 50 50 33 15 50 50 5 25 50 50 50 50 44 50 50 50 50 50 5 2 44 50 35 50 50 50 38 11 50 50 50 50 22 3 30 7 50 33 50 50 30 50 50 50 43 50 2 50 49 50 50 4 50 23 50 50 50 50 1 12 50 5 4 50 
48 50 13 6 50 50 14 50 50 49 50 50 9 3 15 0 50 50 50 32 50 17 49 6 16 50 50 50 33 26 44 36 42 19 50 50 50 11 50 16 43 45 16 6 46 50 22 47 50 50 30 50 43 50 13 40 41 46 50 34 46 50 13 12 50 50 17 50 46 50 41 26 33 35 50 50 50 27 47 50 50 
50 17 50 50 39 6 50 7 50 50 40 24 33 50 50 32 0 21 27 31 50 50 50 10 25 24 1 17 47 16 50 3 38 49 45 44 7 40 46 27 50 47 17 19 50 50 36 50 35 29 30 50 46 33 50 0 14 18 43 3 25 1 50 50 35 50 50 18 50 50 27 50 50 50 50 50 43 7 10 12 
13 47 50 14 50 32 50 50 7 35 50 50 50 14 50 50 50 42 4 50 50 12 29 31 50 50 23 7 15 50 22 40 45 19 50 25 50 50 40 50 10 30 16 50 50 9 50 2 37 50 50 4 50 49 50 23 22 50 44 50 9 49 50 50 22 50 50 50 1 9 50 50 50 29 35 17 50 11 50 
50 50 35 50 50 50 50 36 50 10 43 50 25 17 50 27 11 50 50 50 11 50 15 36 50 13 50 50 50 33 16 50 21 50 40 50 12 50 50 42 28 13 27 13 50 23 13 50 50 6 1 50 44 50 50 50 50 50 48 17 50 34 10 11 17 13 50 34 30 44 26 50 50 50 16 50 44 39 
50 50 50 33 50 42 50 29 50 16 13 47 5 50 50 50 2 30 50 32 38 50 1 50 50 12 50 30 21 30 23 50 50 50 50 35 9 1 50 50 50 33 50 27 13 18 31 45 27 50 25 22 8 13 7 25 31 50 37 48 50 50 50 50 50 50 50 50 24 50 1 22 33 41 30 31 17 
30 4 50 19 50 50 32 6 50 40 40 50 50 23 36 50 37 26 50 50 50 43 50 47 50 50 50 50 50 45 48 13 28 27 48 18 50 16 50 50 50 6 10 44 26 8 50 50 9 12 6 50 30 37 12 17 50 50 50 50 37 50 9 29 33 50 50 12 15 48 50 50 27 26 50 24 
50 50 19 50 50 50 50 31 50 47 9 22 22 50 30 50 44 50 50 50 33 3 14 7 50 50 50 50 50 50 50 17 30 10 46 4 49 45 7 7 21 6 44 15 50 13 22 50 50 11 50 26 50 17 48 0 10 48 50 50 27 50 50 47 50 48 38 50 50 29 50 50 20 50 5 
50 50 50 46 50 12 34 50 35 50 46 43 4 50 50 50 50 9 50 50 50 48 50 19 50 1 50 44 50 29 3 31 3 50 50 50 50 20 6 39 50 50 8 11 14 11 14 12 50 16 49 18 19 5 50 50 50 34 50 8 50 50 23 4 44 13 50 16 47 50 21 7 50 50 
50 35 50 50 50 27 49 17 49 50 50 23 9 50 21 50 50 27 50 49 50 50 50 50 43 5 21 34 50 50 50 14 50 50 50 50 50 38 50 50 50 33 10 22 38 8 50 34 32 43 26 50 50 50 50 13 29 8 50 16 50 45 50 33 50 50 50 50 50 50 40 48 50 
50 50 19 50 1 50 50 50 50 28 1 3 50 3 50 50 18 49 50 50 10 50 38 50 29 50 33 48 50 50 50 6 50 24 50 24 50 50 50 50 50 50 50 41 50 50 50 30 15 12 50 21 50 50 50 50 9 25 50 50 18 50 50 50 43 50 23 14 30 25 50 50 
3 50 50 50 27 8 50 50 50 50 50 29 50 25 50 25 47 25 42 50 30 50 34 23 50 31 50 50 50 24 50 50 26 50 12 14 50 50 50 27 50 41 2 50 21 21 50 45 40 15 41 50 49 50 3 0 32 24 8 50 50 43 41 50 40 50 38 21 20 50 35 
37 43 50 50 50 2 16 50 46 50 50 31 35 50 50 41 50 2 25 10 50 50 10 36 50 7 35 36 29 50 50 20 50 50 36 7 25 50 8 45 43 7 50 25 36 50 21 22 50 50 50 50 24 21 50 47 0 50 43 50 50 14 16 27 50 50 50 50 50 9 
39 50 30 50 41 14 11 50 8 50 11 50 50 50 3 46 50 50 7 50 50 50 40 50 26 18 36 17 3 17 3 48 50 41 20 50 50 15 50 50 50 38 29 2 36 6 50 50 50 27 50 50 50 36 50 50 50 2 50 48 15 50 28 50 10 42 50 41 46 
50 34 28 42 50 50 0 50 10 50 34 48 50 41 36 50 15 22 49 20 13 19 46 11 11 50 42 50 14 50 3 42 50 50 39 50 50 0 22 50 34 33 0 6 25 11 50 28 45 50 19 5 50 40 18 6 18 50 33 50 44 48 37 25 50 50 42 50 
4 24 50 50 50 50 50 50 50 21 49 10 38 50 50 50 50 50 50 50 34 40 50 50 34 50 50 2 50 50 50 50 50 6 50 50 50 50 50 29 50 21 50 50 50 50 50 18 50 50 50 45 50 38 50 50 50 50 50 50 50 33 15 16 50 50 50 
33 50 36 8 38 50 50 10 50 0 38 50 14 50 37 25 5 3 50 40 50 32 5 50 8 50 28 0 50 44 40 50 50 50 50 50 50 50 49 50 50 35 50 35 4 50 50 50 42 50 50 50 27 22 50 9 42 50 50 50 50 50 3 50 40 0 
9 3 50 42 50 5 50 50 17 22 50 29 50 50 38 21 50 31 45 50 50 35 50 6 50 47 33 50 50 50 50 45 26 50 12 50 50 50 49 41 50 47 20 20 50 50 50 35 10 23 20 44 20 35 14 32 50 50 50 41 35 27 50 50 36 
50 49 50 21 50 6 24 50 27 36 50 50 43 26 13 34 34 28 50 50 48 35 50 50 0 50 50 0 50 35 32 50 9 44 21 50 44 32 40 38 44 50 50 50 45 50 46 45 25 24 42 27 50 50 21 50 50 6 50 8 46 50 50 8 
33 42 50 50 41 50 50 50 50 0 50 27 8 50 50 38 27 29 50 38 25 50 50 26 50 45 4 50 50 5 14 27 50 50 50 0 12 45 50 38 50 34 1 42 27 37 50 27 11 50 31 50 50 43 6 1 50 50 50 50 50 50 50 
50 25 17 50 9 50 20 42 36 50 50 50 25 23 15 33 50 50 50 45 50 50 3 50 26 50 25 50 42 50 50 5 18 7 47 45 18 50 42 48 50 50 37 20 4 50 50 20 50 49 24 32 50 34 0 2 50 50 18 23 50 4 
9 44 8 40 50 9 24 19 50 11 33 50 0 27 27 9 46 5 43 32 50 26 50 50 48 50 39 50 50 4 50 50 21 40 50 50 48 31 0 19 50 35 25 50 39 50 50 49 35 24 24 50 1 50 43 23 21 47 5 26 50 
50 32 50 50 50 16 50 50 2 50 50 39 50 50 50 16 50 50 50 44 50 9 2 14 48 0 46 30 37 50 34 23 50 50 50 50 50 3 36 49 41 50 50 50 50 50 40 43 50 0 50 23 50 50 50 50 50 36 50 2 
50 3 6 42 40 50 50 50 19 46 36 13 27 42 40 39 49 17 13 50 50 50 50 50 14 50 17 10 50 50 46 46 49 44 32 50 50 15 50 22 3 50 49 50 50 45 50 50 29 9 17 38 30 50 50 4 17 31 37 
50 50 24 50 50 50 50 12 50 48 14 50 50 39 50 44 50 3 17 50 50 22 40 49 50 50 50 50 10 50 48 42 50 50 50 50 50 50 41 3 44 50 50 50 50 11 50 28 50 18 50 23 50 31 50 18 50 0 
32 45 39 0 47 43 50 50 50 50 50 50 25 25 50 31 8 32 23 50 50 28 50 33 50 8 33 4 37 40 18 49 50 50 33 5 50 50 50 50 50 13 46 13 23 50 3 50 50 38 50 9 7 50 5 50 9 
50 50 50 5 27 50 44 47 50 3 43 15 37 50 1 50 39 50 50 50 36 32 44 3 50 50 44 36 47 50 50 50 50 50 50 50 50 31 50 15 50 50 20 50 50 50 1 50 19 50 50 50 44 50 50 48 
4 50 18 50 50 50 17 44 50 9 25 8 5 50 50 6 50 50 23 50 18 50 50 50 39 42 18 22 50 50 47 33 4 50 48 50 50 25 40 50 19 50 50 8 37 5 15 50 50 39 42 33 47 44 50 
36 33 3 50 48 50 7 50 50 23 46 50 50 28 38 35 24 32 32 50 50 28 40 50 0 13 27 50 50 2 14 50 50 46 50 30 30 34 50 8 50 50 50 40 2 7 50 50 40 27 36 50 25 50 
0 50 50 50 50 50 50 50 50 50 50 50 50 50 50 50 50 50 50 29 50 50 50 50 50 50 50 50 50 50 50 50 50 50 50 50 50 50 50 50 50 50 50 50 50 50 50 50 50 50 50 50 50 
50 50 50 50 50 50 50 50 50 50 50 50 50 50 50 50 50 50 50 50 50 50 50 50 50 50 50 50 50 50 50 50 50 50 50 50 50 50 50 50 50 50 50 50 50 50 50 50 50 50 50 50 
50 50 50 50 50 50 50 50 50 50 50 50 50 50 50 50 50 50 50 50 50 50 50 50 50 50 50 50 50 50 50 50 50 50 50 50 50 50 50 50 50 50 50 50 50 50 50 9 50 50 50 
50 50 50 50 50 50 50 50 50 50 50 50 50 50 50 50 50 50 50 50 50 50 50 50 50 50 50 50 50 50 50 50 50 50 50 50 50 50 50 50 50 50 50 50 50 50 50 50 50 50 
50 50 50 50 50 50 50 50 50 50 50 50 50 50 50 50 50 50 50 50 50 50 50 50 50 50 50 50 50 50 50 50 50 50 50 50 50 50 50 50 50 50 50 50 50 50 50 50 50 
50 50 50 50 50 50 50 50 50 50 50 50 50 50 50 50 50 50 50 50 50 50 50 50 50 50 50 50 50 50 50 50 50 50 50 50 50 50 50 50 50 50 50 50 50 50 50 50 
50 50 50 50 50 50 50 50 50 50 50 50 50 50 50 50 50 50 50 50 50 50 50 50 50 50 50 50 50 50 50 50 50 50 50 50 50 50 50 50 50 50 50 50 50 50 50 
50 50 50 50 50 50 50 50 50 50 50 50 50 50 50 50 50 50 50 50 50 50 50 50 50 50 50 50 50 50 50 50 50 50 50 50 50 50 50 50 50 50 50 50 50 50 
50 50 50 50 50 50 50 50 50 50 50 50 50 50 50 50 50 50 50 50 50 50 50 50 50 50 50 50 50 50 50 50 50 50 50 50 50 50 50 50 50 50 50 50 50 
50 50 50 50 50 50 50 50 50 50 50 50 50 50 50 50 50 50 50 50 50 50 50 50 50 50 50 50 50 50 50 50 50 50 50 50 50 50 50 50 50 50 50 50 
50 50 50 50 50 50 50 50 50 50 50 50 50 50 50 50 50 50 50 50 50 50 50 50 50 50 50 50 50 50 50 50 50 50 50 50 50 50 50 50 50 50 50 
50 50 50 50 50 50 50 50 50 50 50 50 50 50 50 50 50 50 50 50 50 50 50 50 50 50 50 50 50 50 50 50 50 50 50 50 50 50 50 50 50 50 
50 50 50 50 50 50 50 50 50 50 50 50 50 50 50 50 50 50 50 50 50 50 50 50 50 50 50 50 50 50 50 50 50 50 50 50 50 50 50 50 50 
50 50 50 50 50 50 50 50 50 50 50 50 50 50 50 50 50 50 50 50 50 50 50 50 50 50 50 50 50 50 50 50 50 50 50 50 50 50 50 50 
50 50 50 50 50 50 50 21 50 50 50 50 50 50 50 50 50 50 50 50 50 50 50 50 50 50 50 50 50 50 50 50 50 50 50 50 50 50 50 
50 50 50 50 50 50 50 50 50 50 50 50 50 50 50 50 50 50 50 50 50 50 50 50 50 50 50 50 50 50 50 50 50 50 50 50 50 50 
50 50 50 50 50 50 50 50 50 50 50 50 50 50 50 50 50 50 50 50 50 50 50 50 50 50 50 50 50 50 50 50 50 50 50 50 50 
50 50 50 50 50 50 50 50 50 50 50 50 50 50 50 50 50 50 50 50 50 50 50 50 50 50 50 50 50 50 50 50 50 50 50 50 
50 50 50 50 50 50 50 50 50 50 50 50 50 50 50 19 50 50 50 50 50 50 50 50 50 50 50 50 50 50 50 50 50 50 50 
50 50 50 50 50 50 50 50 50 50 50 50 50 50 50 50 50 50 50 50 50 50 50 50 50 50 50 50 50 50 50 50 50 50 
50 50 50 50 50 50 50 50 50 50 50 50 50 50 50 50 50 50 50 50 50 50 50 50 50 50 50 50 50 50 50 50 50 
50 50 50 50 50 50 50 50 50 50 50 50 50 50 50 50 50 50 50 50 50 18 50 50 50 50 50 50 50 50 50 50 
50 50 50 50 50 50 50 50 50 50 50 50 50 50 50 50 50 50 50 50 50 50 50 50 50 50 50 50 50 50 50 
50 50 50 50 50 50 50 50 50 50 50 50 50 50 50 50 50 50 50 50 50 50 50 50 50 50 50 50 50 50 
50 50 50 50 50 50 50 50 50 50 50 50 50 50 50 50 50 50 50 50 50 50 50 50 50 50 50 50 50 
50 50 50 50 50 50 50 50 50 50 50 50 50 50 50 50 50 50 50 50 50 50 50 50 50 50 50 50 
50 50 50 50 50 50 50 50 50 50 50 50 50 50 50 50 50 50 50 50 50 50 50 50 50 50 50 
50 50 50 50 50 50 50 50 50 50 50 50 50 50 50 50 50 50 50 50 50 50 50 50 50 50 
50 50 50 50 50 50 50 50 50 50 50 50 50 50 50 50 50 50 50 50 50 50 50 50 50 
50 50 50 50 50 50 50 50 50 17 50 50 50 50 50 50 50 50 50 50 50 50 50 50 
50 50 50 50 50 50 50 50 50 50 50 50 50 50 50 50 50 50 50 50 50 50 50 
50 50 50 50 50 50 50 50 50 50 50 50 50 50 50 50 50 50 50 50 50 50 
50 50 50 50 50 50 50 50 50 50 50 50 50 50 50 50 50 50 50 50 50 
50 50 50 50 50 50 50 50 50 50 50 50 50 50 50 50 50 50 50 50 
50 50 50 50 50 50 50 50 50 50 50 50 50 50 50 50 50 50 50 
50 50 50 50 50 50 50 50 50 50 50 50 50 50 50 50 50 50 
50 50 50 50 50 50 50 50 50 50 50 50 50 50 50 50 50 
50 50 50 50 50 50 50 50 50 50 50 50 14 50 50 50 
50 50 50 50 50 50 50 50 50 50 50 50 50 50 50 
50 50 50 50 50 50 50 50 50 50 50 50 50 50 
50 50 50 50 50 50 50 50 50 50 50 50 50 
50 50 50 50 50 50 50 50 50 50 50 50 
50 50 50 50 50 50 50 50 50 50 50 
50 50 50 50 50 50 50 50 50 50 
50 50 50 50 50 50 50 50 50 
50 50 50 50 50 50 50 50 
50 31 50 50 50 50 50 
50 50 50 50 50 50 
50 50 50 50 50 
50 50 50 50 
50 50 50 
50 50 
50 

