200 50
21 44 15 6 49 7 24 50 50 50 6 20 0 7 21 3 0 6 17 42 23 8 49 42 48 18 44 50 8 20 18 14 34 26 11 25 10 41 11 48 35 28 4 47 43 8 9 19 40 16 48 14 23 16 25 5 13 10 27 43 45 4 32 50 49 10 7 28 19 30 26 39 22 32 24 37 5 36 18 29 24 2 28 47 18 39 11 6 2 31 21 44 11 45 17 9 26 33 15 37 36 50 43 41 48 8 8 30 7 20 45 14 41 23 36 21 50 29 19 0 50 41 24 43 41 4 26 50 46 40 9 50 39 0 28 14 22 28 5 31 22 7 4 37 27 43 23 23 43 20 3 43 12 44 41 20 38 16 9 25 2 1 48 16 12 22 12 39 1 18 10 9 46 46 21 31 2 50 45 35 2 48 2 19 7 50 14 40 34 37 22 50 38 49 24 1 12 2 7 
2 30 9 33 38 24 14 21 37 8 39 38 28 5 14 0 15 14 45 22 5 22 17 10 48 50 41 47 2 35 11 50 27 9 42 12 7 28 47 18 46 4 3 42 44 50 33 2 31 11 43 5 29 48 10 32 12 37 43 32 49 11 19 46 25 13 35 10 32 13 4 19 19 37 39 10 4 35 31 20 21 38 13 5 37 5 38 23 44 30 45 22 30 15 29 3 3 30 29 6 1 10 3 38 32 29 20 50 45 9 29 42 4 4 31 47 25 6 24 4 30 0 14 30 20 8 32 48 0 34 38 17 39 34 7 14 37 0 26 50 6 1 28 36 4 41 44 38 16 27 39 11 38 5 32 1 33 0 12 3 38 1 31 48 16 38 40 10 10 11 31 36 9 31 0 2 4 34 30 20 14 0 26 24 39 33 34 39 3 12 45 32 19 26 50 23 47 1 
0 37 37 31 6 7 10 16 25 46 45 21 25 33 21 31 13 3 50 27 30 25 35 6 36 2 31 17 20 22 44 16 36 18 23 25 14 17 42 48 18 24 32 17 12 43 37 50 7 10 2 7 21 3 35 43 37 44 17 19 8 13 7 0 25 34 4 38 21 7 34 48 1 21 40 31 37 33 12 40 19 6 29 40 46 2 17 44 22 35 43 42 45 10 15 5 48 22 41 21 27 22 28 24 38 30 26 22 7 49 19 47 13 19 23 42 24 29 46 49 17 8 36 37 50 1 26 23 12 8 27 21 24 7 6 9 49 40 4 35 11 33 19 12 50 43 5 12 9 15 43 13 20 40 31 5 30 36 31 39 26 8 48 21 48 1 36 18 6 12 48 41 21 21 24 7 40 15 26 3 9 20 32 47 50 7 38 28 16 27 38 1 5 19 41 29 21 
17 34 23 47 36 24 39 17 44 47 22 28 21 9 38 11 20 12 47 39 32 48 37 28 22 26 20 7 34 47 16 26 41 27 3 28 35 15 11 25 12 39 49 4 13 20 5 1 46 26 28 10 32 5 12 40 28 9 0 12 7 28 29 14 1 0 20 9 1 41 45 46 9 47 15 21 34 12 11 41 35 29 44 4 44 16 26 14 13 6 13 27 24 37 28 34 43 39 15 47 2 17 13 31 25 18 15 24 41 33 47 17 35 12 14 50 24 27 10 25 1 41 23 50 15 37 36 6 35 34 34 36 8 24 31 40 3 10 39 2 15 0 44 39 47 8 42 19 31 41 25 22 23 23 39 11 42 16 0 26 30 34 48 14 15 26 35 43 46 50 39 15 27 32 21 18 39 5 3 42 45 50 39 5 48 30 42 5 35 1 6 14 8 12 31 43 
10 32 1 10 8 19 33 33 25 5 21 33 15 49 14 31 45 10 11 32 40 43 48 34 21 41 20 34 0 32 44 46 35 15 6 35 14 32 50 42 4 37 42 32 19 46 40 43 30 19 15 42 46 2 34 23 18 0 44 7 27 28 45 50 2 18 8 26 16 50 16 20 14 6 16 25 35 21 33 8 36 20 32 36 10 19 10 28 19 37 48 16 19 29 19 16 16 21 22 41 41 24 29 14 34 17 0 3 5 3 19 5 4 33 46 23 49 19 42 25 5 2 26 21 17 11 3 10 0 33 14 35 28 10 31 37 41 3 42 1 37 36 39 11 28 22 7 33 30 28 28 30 33 41 46 46 47 2 17 23 25 22 13 4 50 37 19 31 0 41 12 8 40 24 26 16 2 16 22 36 2 43 50 4 19 18 17 31 34 19 50 32 49 46 40 
22 5 9 4 21 27 35 15 9 23 11 30 47 47 29 23 33 0 9 38 49 19 15 47 17 21 35 35 1 28 17 39 37 12 12 1 23 45 2 12 40 0 18 25 21 22 5 29 40 45 8 4 28 1 28 40 9 29 26 4 19 0 45 12 15 12 13 20 35 45 3 3 27 39 11 30 26 22 47 38 15 44 42 41 8 45 40 16 24 33 4 12 24 38 4 4 28 28 36 37 10 24 19 10 36 7 45 21 31 9 46 48 33 13 23 19 19 22 28 30 43 40 36 35 13 35 21 29 10 43 31 39 34 24 42 21 16 43 6 49 33 45 32 13 14 6 24 10 7 47 12 0 40 14 40 45 32 16 10 27 1 13 27 39 1 24 39 11 7 25 21 7 30 16 18 46 26 48 7 42 5 26 26 26 14 14 48 41 20 36 48 47 38 25 
41 45 46 38 9 48 26 21 19 10 31 33 22 42 33 12 47 17 41 9 1 19 31 17 48 5 48 42 10 41 8 46 11 43 46 24 24 9 48 13 45 43 20 14 9 2 9 22 2 47 47 15 2 45 47 43 0 2 5 19 18 32 41 5 44 33 21 23 9 50 18 9 31 36 31 5 46 25 23 6 50 47 16 40 46 37 7 48 10 0 10 20 47 28 13 6 14 23 28 23 7 2 41 44 9 49 2 37 50 31 1 11 34 50 34 16 15 20 50 36 25 10 36 14 50 27 16 37 13 21 0 32 27 14 18 16 5 21 38 2 44 44 19 13 3 35 31 33 34 21 34 11 26 23 33 49 16 38 0 21 47 18 50 41 34 45 29 36 30 33 6 4 32 50 13 8 48 8 18 24 44 5 50 21 45 15 6 28 5 39 11 25 41 
50 3 18 43 21 27 20 47 43 17 32 10 2 9 14 38 45 27 38 26 23 23 1 48 23 38 39 47 16 21 9 48 35 36 22 27 7 10 5 24 10 15 9 1 40 10 4 31 45 14 16 5 34 41 30 1 26 17 43 14 3 33 6 45 1 7 45 26 12 47 6 29 37 29 5 17 24 18 6 7 31 39 28 27 40 29 8 41 37 20 39 5 8 10 26 31 46 19 41 0 25 2 24 1 39 48 19 11 6 31 20 40 17 45 48 39 3 30 7 33 50 28 33 23 43 11 25 9 8 39 27 33 25 50 20 36 19 44 31 46 23 30 48 39 4 27 36 4 11 17 23 25 37 42 2 26 10 26 27 6 12 8 2 14 35 39 32 48 0 10 36 50 33 12 34 39 24 8 3 1 15 34 33 4 33 0 12 43 8 30 5 16 
23 46 34 0 21 32 16 25 43 22 31 50 17 50 47 6 41 19 33 43 27 11 42 49 37 42 27 18 38 9 21 39 24 38 21 25 10 45 29 50 39 23 48 33 16 5 14 21 3 4 35 27 41 42 19 19 25 4 15 14 48 38 50 43 9 35 43 30 22 49 1 38 27 41 49 4 44 22 48 35 49 2 17 20 38 13 6 41 24 16 45 20 38 13 4 22 1 32 12 19 40 7 9 37 23 38 36 35 49 38 33 4 23 50 1 15 42 50 40 0 24 20 0 50 35 45 24 43 39 20 50 34 33 13 49 30 4 19 19 23 21 49 31 15 16 45 42 47 4 34 0 14 20 17 37 12 0 8 42 33 3 19 17 21 18 35 17 39 8 24 39 16 35 37 39 50 16 23 10 29 47 3 28 36 16 17 23 22 0 49 31 
48 2 24 1 2 43 19 19 9 16 40 14 28 39 19 29 15 48 50 28 12 0 50 11 35 11 45 31 5 45 47 47 5 24 34 28 16 8 24 31 29 43 25 14 1 30 5 2 35 48 50 24 7 36 6 40 49 5 23 8 11 24 28 1 50 26 15 25 50 21 10 44 4 9 8 9 6 38 24 19 40 2 1 29 40 40 10 29 11 6 20 43 39 0 43 4 27 36 33 11 14 30 28 49 13 31 41 22 37 47 7 2 16 50 49 42 13 9 0 21 23 19 0 22 3 2 28 22 42 41 37 2 19 8 47 1 33 32 17 5 38 19 25 3 34 34 24 32 46 39 38 8 3 26 26 45 2 44 1 4 22 50 14 7 22 46 43 48 46 50 30 12 25 14 31 40 20 38 24 4 15 44 41 2 48 37 43 36 44 7 
32 35 47 29 6 27 31 31 45 22 12 4 39 30 50 29 15 15 50 24 22 3 35 27 15 37 5 16 5 3 36 37 12 0 8 13 50 17 32 45 12 32 25 9 2 23 2 29 47 30 5 15 24 21 37 2 13 23 7 39 20 20 14 2 45 44 22 42 28 17 13 50 33 43 10 33 48 44 7 11 10 43 48 47 5 29 0 43 34 6 48 50 47 9 40 45 37 30 48 19 18 19 4 44 21 35 26 26 8 5 8 26 27 39 7 35 30 2 46 2 24 29 26 5 12 6 30 7 30 21 50 6 21 7 15 48 6 30 46 30 17 47 48 42 39 46 49 46 10 20 7 36 26 40 2 36 1 6 42 3 38 9 42 22 36 16 0 42 35 38 12 46 31 39 28 12 45 45 34 44 25 8 46 50 41 5 19 3 36 
47 2 12 6 16 24 35 11 1 3 43 50 50 42 13 50 35 35 38 16 19 19 16 36 20 21 22 23 31 50 47 13 16 45 0 49 36 31 42 49 23 44 21 15 26 36 13 29 25 43 18 21 8 17 3 19 47 33 50 14 5 21 11 44 19 7 17 7 27 34 32 11 8 22 29 25 46 35 32 9 0 19 6 23 39 20 4 29 23 25 48 15 7 2 40 8 48 15 16 3 9 23 8 46 34 2 0 13 17 34 2 44 31 20 24 27 43 46 27 22 35 17 46 12 28 47 16 24 24 33 21 47 47 9 49 0 47 21 11 31 44 1 19 10 30 49 9 49 42 14 31 39 8 33 40 8 13 36 25 39 16 14 17 0 21 6 50 47 40 16 0 33 42 18 48 6 7 4 29 29 0 46 34 38 19 17 7 18 
16 27 3 36 50 7 16 19 41 19 13 22 39 26 19 11 5 8 17 5 8 2 26 5 5 34 1 43 2 13 24 3 17 44 6 4 31 16 16 43 39 11 2 49 50 9 27 42 20 7 34 47 15 0 0 18 20 1 48 45 25 8 14 8 40 9 20 38 44 2 6 4 38 21 19 46 26 9 40 35 30 13 14 7 47 29 7 37 47 50 28 7 35 15 30 29 8 17 50 37 27 4 43 12 18 12 35 38 36 7 9 48 50 1 28 1 45 10 11 15 38 28 17 33 35 10 2 17 23 9 5 42 37 7 48 39 11 23 41 24 43 6 16 32 2 44 13 44 19 27 29 26 18 10 30 32 3 3 23 34 16 23 40 6 30 8 43 5 10 44 38 41 21 46 6 21 18 0 4 27 45 32 46 46 50 43 39 
25 10 36 12 31 6 15 15 46 39 23 7 31 39 28 29 48 6 4 17 25 20 30 17 30 35 3 46 9 29 36 11 37 2 9 10 46 27 10 37 44 50 47 24 42 11 0 39 39 37 26 46 2 10 6 16 10 50 13 18 39 3 25 45 15 19 18 4 36 1 1 16 20 12 3 45 17 47 37 50 47 47 22 48 18 17 17 9 28 11 21 16 21 45 21 14 39 14 36 38 39 48 10 36 9 2 12 24 29 10 43 37 36 40 45 3 26 11 38 2 18 48 39 17 26 13 39 30 48 14 11 20 1 30 37 28 8 30 46 38 43 19 36 21 5 29 37 35 28 21 23 24 42 45 24 47 25 13 32 28 8 0 8 25 15 43 10 22 31 48 18 15 7 9 17 9 39 12 21 21 18 41 18 2 31 40 
19 50 46 21 12 1 20 39 25 25 29 50 41 36 19 22 4 9 16 42 8 11 46 15 43 3 36 39 40 37 16 42 7 40 36 30 10 10 43 16 8 28 35 22 47 46 3 38 46 37 41 47 38 10 32 35 38 7 27 23 7 42 35 25 33 7 34 29 10 18 3 2 7 45 47 39 35 30 47 15 33 34 42 39 20 33 33 23 6 34 42 24 17 34 5 0 40 40 23 40 34 11 38 5 43 26 42 27 48 13 3 34 47 37 33 28 11 1 43 17 50 26 5 5 36 9 14 6 47 48 29 30 34 31 28 32 31 2 28 20 36 41 24 18 6 10 10 20 13 21 21 42 18 28 20 22 32 14 30 30 34 48 5 24 5 10 13 50 12 16 31 46 31 10 49 38 43 29 29 46 8 47 39 45 20 
11 3 45 45 21 17 12 33 44 0 29 8 16 5 12 50 32 50 38 50 43 22 8 16 47 34 30 25 22 31 49 9 19 2 32 3 26 12 37 49 11 0 15 32 43 6 46 46 24 50 32 17 37 20 32 3 13 39 8 0 22 21 2 39 6 17 49 41 13 19 13 43 0 23 38 34 42 17 34 3 41 45 48 18 32 8 12 31 10 16 16 0 39 17 5 9 31 14 14 6 30 33 18 36 19 7 6 16 8 8 43 6 4 37 1 25 14 22 11 6 11 39 20 23 43 45 24 46 4 41 29 15 40 28 3 13 37 18 17 26 31 25 42 13 12 44 32 19 34 19 36 10 45 12 12 19 17 6 41 32 33 2 35 9 47 46 12 4 34 47 20 19 2 21 47 44 29 45 32 34 14 6 24 47 
20 45 19 34 12 1 12 29 27 30 31 10 33 28 29 33 43 47 50 46 45 21 35 22 10 19 0 41 13 9 26 40 16 3 2 13 20 19 4 15 11 46 8 36 23 14 3 0 30 47 33 19 47 1 34 10 34 36 13 38 26 31 9 13 3 30 50 7 47 31 11 8 45 40 36 7 30 1 26 7 35 38 43 48 37 6 31 20 21 4 23 8 35 33 17 6 19 33 31 0 21 3 31 24 27 15 46 24 33 26 40 45 22 36 41 31 13 11 26 23 7 32 48 20 10 18 5 37 47 5 19 0 30 7 5 19 24 1 48 45 20 19 17 38 15 32 16 17 20 38 17 17 35 17 39 44 24 18 49 42 2 42 1 50 33 48 21 40 14 18 40 39 26 46 6 24 19 50 1 34 18 8 47 
45 13 34 44 15 2 9 17 50 17 48 2 19 17 49 43 39 17 43 37 0 36 29 0 15 2 16 5 17 7 21 47 37 38 23 8 49 4 35 22 27 49 50 25 33 41 24 28 12 6 50 31 34 50 14 7 32 4 0 32 8 41 1 41 25 31 35 8 4 32 29 33 5 17 10 11 4 26 33 41 15 19 43 16 24 2 23 35 29 38 28 47 2 7 42 15 50 29 50 4 9 11 23 32 34 1 8 12 18 23 10 7 1 27 29 43 1 26 5 5 48 9 50 34 11 2 34 22 33 24 48 2 2 13 30 11 37 0 13 3 35 14 5 21 7 29 19 15 26 9 12 19 0 4 25 50 28 11 20 10 0 41 6 41 11 38 38 10 26 36 18 33 27 31 43 27 33 30 16 46 41 29 
44 0 12 17 26 44 36 45 45 22 27 34 39 9 45 37 16 19 50 22 22 15 2 43 37 4 19 49 17 40 45 46 14 38 43 10 49 16 3 8 38 50 23 33 44 16 21 26 42 39 18 29 28 34 39 47 26 1 46 47 35 15 4 12 22 39 4 37 5 30 36 12 13 12 17 11 32 37 48 27 6 2 39 31 29 18 15 25 16 50 11 0 12 12 50 30 7 11 7 13 47 46 26 50 13 47 23 7 7 14 24 10 7 43 36 9 20 47 46 0 50 35 21 19 17 29 1 43 41 49 49 38 19 0 48 12 17 16 25 30 39 5 11 33 43 48 33 34 38 34 19 28 26 37 2 42 44 36 2 45 15 44 1 37 49 44 24 12 40 44 26 49 28 13 1 49 43 29 14 43 36 
16 30 30 13 29 18 37 3 41 0 30 25 36 45 11 11 10 29 6 50 7 41 33 8 9 16 35 28 2 48 33 15 35 23 38 29 30 7 50 38 44 28 42 30 29 4 39 14 6 42 47 25 0 44 22 30 33 16 48 1 37 4 44 48 37 9 19 40 29 39 49 26 49 31 3 38 26 26 47 10 13 20 12 24 47 18 4 14 7 38 17 40 0 4 45 43 34 11 12 43 16 3 44 4 5 1 38 28 18 33 12 44 30 0 35 0 7 9 17 0 10 5 12 35 9 24 44 50 16 48 15 39 33 45 32 40 8 47 16 47 35 28 18 24 46 45 50 1 10 40 44 7 14 0 4 20 32 2 1 48 28 42 41 36 16 47 0 38 44 31 40 21 35 46 10 1 8 40 42 31 
49 29 26 18 33 38 18 1 45 44 46 34 44 37 50 27 46 38 47 35 3 5 9 16 5 31 14 12 16 43 45 30 45 34 42 5 48 33 3 28 32 26 24 41 13 32 9 32 46 2 43 4 40 9 46 35 4 2 25 21 0 19 30 21 42 1 14 38 27 45 16 19 49 26 21 9 20 50 20 18 26 12 27 50 47 11 41 18 42 28 24 45 0 6 10 49 48 28 49 22 35 31 2 50 7 15 18 28 16 7 31 21 23 0 25 31 39 32 38 2 7 45 24 6 39 2 1 8 26 9 16 12 9 11 20 34 16 50 25 23 5 46 26 39 22 40 48 45 44 14 1 16 19 1 6 6 44 33 1 19 10 14 45 24 0 29 44 45 46 9 5 46 31 2 13 23 18 11 30 
44 30 30 27 38 20 38 29 15 27 45 0 22 22 37 25 2 7 6 10 48 7 39 31 16 41 0 9 32 41 35 37 49 40 18 22 8 29 38 16 39 7 38 30 50 36 11 6 8 22 26 47 46 43 13 45 16 19 39 33 11 16 46 22 27 46 2 31 39 30 50 19 38 35 2 25 1 19 20 45 50 22 27 41 49 37 18 47 41 12 6 13 26 34 36 18 32 14 20 19 20 50 39 3 13 1 1 14 31 46 6 0 44 50 48 35 3 14 15 43 31 49 37 1 50 6 39 40 50 23 10 39 19 14 30 16 30 30 11 50 34 42 36 7 48 36 8 48 50 30 39 18 49 12 50 41 20 16 38 17 43 21 0 3 13 6 5 44 42 36 32 25 39 15 31 41 21 12 
14 22 35 22 8 41 48 14 43 50 0 50 27 41 46 12 9 12 15 49 42 32 32 44 49 13 15 41 50 26 36 2 42 12 14 41 47 3 47 25 36 5 38 20 50 7 0 34 48 45 31 50 34 41 50 34 42 13 3 49 1 7 20 20 34 5 14 32 44 39 38 27 8 11 4 0 31 10 34 44 18 27 48 2 10 46 39 12 44 7 7 46 27 16 1 44 46 39 43 19 30 26 1 13 16 19 14 50 0 10 18 46 42 14 10 3 46 50 36 32 2 8 4 9 11 23 5 33 28 49 42 13 45 45 2 34 38 26 21 0 7 26 1 19 24 34 14 24 0 24 49 38 20 13 4 9 32 46 41 35 34 4 41 40 19 3 6 13 35 29 45 0 37 40 23 20 1 
16 48 17 31 26 41 26 26 7 7 16 15 7 32 47 11 50 3 45 49 4 33 42 46 17 2 25 0 36 12 5 24 10 35 31 10 39 25 32 16 26 47 38 39 36 4 3 33 30 1 10 23 45 50 38 20 5 26 37 40 3 33 25 20 32 7 33 29 5 3 2 26 15 23 18 39 23 21 23 19 13 10 0 4 47 26 34 21 1 3 46 16 18 46 47 50 44 31 33 13 48 3 33 8 39 21 38 34 9 2 42 25 17 41 50 15 24 21 45 28 35 43 3 49 12 44 2 28 47 40 6 3 47 18 32 40 37 28 44 32 46 16 8 16 44 41 29 14 26 43 42 2 19 32 9 6 49 46 4 4 2 16 50 36 20 17 0 32 24 15 25 24 18 13 25 6 
11 32 46 3 3 4 42 31 36 40 33 7 15 14 42 17 22 46 8 42 37 2 31 6 27 29 6 42 36 24 1 41 37 3 32 35 11 36 37 38 12 26 19 1 35 45 2 20 26 30 26 50 1 24 19 20 16 23 50 29 0 43 14 40 22 23 16 50 24 0 24 29 33 19 49 27 28 36 3 35 21 12 39 16 17 12 33 26 36 27 24 47 33 25 40 48 17 39 19 9 16 32 22 26 34 47 50 7 6 45 18 48 38 20 17 1 18 37 2 6 7 20 37 40 27 12 44 35 28 0 42 36 21 32 6 16 12 3 42 4 41 38 11 12 27 29 6 12 21 40 38 2 8 39 25 1 0 22 26 36 11 35 9 30 44 10 13 43 9 39 22 1 13 4 29 
4 24 37 36 37 41 15 1 23 1 28 8 16 43 37 5 5 13 32 29 1 5 19 50 10 20 17 26 36 46 11 43 7 18 9 23 47 26 11 39 15 45 4 34 44 3 21 17 27 27 19 37 39 18 8 35 2 21 10 2 15 35 9 12 17 4 27 43 43 44 6 42 40 27 32 36 3 48 14 15 32 5 35 39 15 4 17 2 45 23 24 11 35 18 40 9 12 17 5 21 23 3 25 22 27 48 44 42 33 4 38 33 19 28 16 7 47 5 13 44 5 8 32 49 27 21 19 5 4 9 4 16 43 20 21 10 10 50 7 45 29 31 29 37 23 28 10 20 34 14 8 35 18 11 48 34 3 17 49 44 2 3 39 2 12 47 0 49 6 5 12 49 26 2 
19 23 24 9 9 1 50 43 11 1 26 12 39 4 24 0 40 47 31 10 3 29 47 24 8 33 1 44 28 4 12 6 22 36 2 28 16 32 32 40 25 4 19 32 25 50 8 18 34 10 37 11 27 50 13 19 35 42 46 1 15 11 31 36 20 37 12 15 30 35 33 39 17 40 24 21 42 30 40 0 35 30 2 8 0 44 32 33 8 42 49 38 13 48 30 16 47 39 21 15 37 30 0 20 22 3 46 17 29 36 17 41 2 11 0 41 43 49 13 40 29 15 35 28 41 42 4 14 12 18 31 43 4 34 30 20 7 38 19 39 49 25 34 17 6 40 15 36 27 47 16 27 7 28 46 10 47 17 3 2 47 19 20 26 34 22 24 32 39 30 37 40 46 
22 46 46 27 11 31 42 28 2 30 21 18 34 49 36 40 0 11 8 12 4 21 16 6 23 8 9 12 8 1 32 21 2 49 10 30 28 20 20 13 34 39 25 50 39 47 45 17 14 25 35 39 23 6 42 39 10 34 5 39 7 29 9 17 7 22 9 50 27 14 50 26 26 9 24 11 4 2 45 39 16 22 6 30 0 24 50 15 9 48 31 15 13 0 35 44 7 39 9 26 27 31 30 49 41 2 31 2 23 31 50 31 38 10 4 49 1 15 45 20 22 14 29 50 15 34 37 46 40 31 25 20 44 26 14 39 2 17 43 33 49 13 15 38 1 50 27 4 44 37 26 25 11 12 24 35 3 18 24 49 49 48 43 16 23 18 32 24 7 43 38 14 
9 44 10 14 13 44 30 4 11 49 47 41 50 45 38 40 32 25 15 38 13 3 4 24 43 4 28 13 21 20 34 21 28 26 19 44 12 38 5 44 7 40 27 22 8 4 8 28 16 25 41 15 9 5 2 30 10 24 23 3 3 0 4 27 5 2 27 29 22 21 1 34 40 44 5 43 5 42 33 9 10 50 31 48 4 16 37 19 11 7 47 41 24 42 3 50 30 3 17 32 39 32 24 43 6 15 13 17 27 31 32 2 39 11 1 14 34 38 11 38 36 2 42 15 6 48 49 2 50 38 44 22 45 38 16 33 10 3 37 46 49 48 20 14 38 15 36 44 14 32 43 32 28 37 31 13 15 18 25 15 18 19 19 16 17 0 1 9 31 33 46 
7 12 23 32 30 5 41 3 4 7 36 5 40 11 27 36 50 6 32 45 9 13 29 50 49 48 35 23 41 0 44 29 2 26 21 46 4 1 1 30 24 26 8 27 15 4 13 37 36 29 21 7 33 41 29 30 20 44 39 15 4 0 5 27 15 20 36 47 31 41 9 33 10 17 36 0 49 31 19 13 6 49 22 30 49 40 0 11 27 47 7 21 21 14 32 50 4 48 10 17 9 40 35 20 50 34 14 0 3 26 1 28 25 17 50 45 14 0 9 12 12 3 39 13 50 11 40 24 10 40 37 7 2 46 26 45 32 31 44 38 9 45 32 49 38 17 14 45 9 4 50 24 12 15 40 28 9 45 32 45 31 41 5 18 12 35 39 35 37 36 
22 50 13 28 38 22 18 47 9 28 4 6 45 19 43 42 29 50 0 35 15 36 48 0 30 27 11 6 3 37 28 35 28 0 4 45 10 18 45 1 10 22 3 36 35 32 25 37 14 13 23 10 35 4 40 40 25 18 17 42 17 28 22 26 25 45 18 4 9 34 21 50 34 42 3 28 3 15 10 14 9 15 17 1 4 32 6 30 24 6 12 19 27 33 25 9 45 1 15 13 22 37 9 14 13 26 11 7 18 6 43 12 9 24 34 48 4 33 31 41 21 47 30 21 4 20 19 50 17 1 10 37 37 2 1 22 19 32 27 21 16 46 33 5 50 47 38 36 9 10 30 23 39 44 7 17 25 10 28 39 20 9 13 45 47 22 28 22 8 
46 5 16 17 26 31 11 6 21 9 25 0 45 3 49 4 21 49 48 4 4 19 27 50 47 5 28 49 21 41 0 1 47 15 28 6 11 47 47 1 29 25 7 14 47 26 12 11 25 25 5 34 3 26 25 3 48 41 23 43 18 36 21 44 15 50 18 30 14 11 47 48 27 34 34 30 12 24 10 6 14 7 46 45 16 43 19 27 4 24 39 10 14 19 15 34 43 49 32 26 2 36 34 7 10 50 39 40 11 23 15 50 46 45 39 22 5 2 4 24 38 36 42 43 17 6 24 39 20 31 20 33 42 19 50 17 24 20 41 0 1 43 49 12 36 37 34 17 46 30 16 32 40 16 24 40 12 44 39 10 11 25 33 16 43 1 27 13 
36 44 48 14 12 30 47 0 34 4 19 24 25 48 41 15 15 32 32 40 42 47 14 40 0 50 4 2 18 48 13 30 20 25 16 4 32 30 49 45 23 15 5 37 41 13 5 46 32 13 44 50 39 34 23 39 37 10 36 18 3 40 7 7 50 38 4 47 7 42 10 21 21 34 45 29 47 37 7 34 8 27 32 48 11 32 50 8 28 49 32 37 11 32 45 20 8 38 23 2 3 3 36 0 20 26 32 40 13 40 11 11 29 27 40 33 39 21 22 29 28 0 47 34 48 28 0 48 28 43 46 14 21 3 41 33 2 8 5 22 6 18 19 12 47 37 48 1 50 50 31 3 38 38 44 37 10 33 12 28 40 45 11 42 24 35 24 
4 39 21 16 28 6 1 36 10 39 17 17 20 26 20 50 43 44 11 40 2 35 42 16 16 5 6 3 47 6 11 48 0 40 44 0 22 7 48 22 8 11 10 41 39 30 44 5 25 5 5 39 47 29 29 47 7 3 9 50 9 40 17 25 8 14 19 1 7 32 34 5 40 49 20 33 23 41 20 33 7 45 39 25 24 13 5 47 45 39 20 6 28 29 16 24 32 13 14 47 38 34 50 48 38 41 41 13 24 14 43 12 17 28 27 11 11 29 31 30 1 30 26 41 49 37 7 20 39 36 0 5 42 47 23 27 13 47 28 18 4 47 40 44 9 33 38 33 24 8 41 8 49 14 48 18 13 39 13 12 0 13 46 3 31 26 
45 44 5 45 38 15 50 20 45 29 44 12 13 15 28 34 33 8 31 43 6 49 25 33 31 36 39 27 43 11 50 9 35 13 14 20 31 31 5 33 18 32 23 36 20 32 23 41 19 5 36 17 49 15 38 23 0 10 23 30 0 36 49 36 40 44 40 35 13 41 40 35 29 22 4 17 5 25 48 0 23 16 9 21 19 25 49 10 43 16 18 46 17 38 27 25 3 11 1 49 41 14 28 31 39 2 35 44 47 7 26 45 41 14 47 0 24 21 42 0 21 49 38 24 3 26 6 27 42 15 47 46 50 25 39 50 25 35 47 35 37 2 37 48 26 14 47 49 6 8 2 1 23 32 45 44 34 40 12 18 8 50 31 23 29 
21 10 49 41 18 45 14 21 40 7 12 2 13 9 47 39 39 23 37 9 49 16 42 39 24 7 44 35 41 6 33 31 21 14 42 21 11 22 0 24 24 21 12 29 42 48 36 38 14 35 26 21 17 47 30 48 44 17 25 45 49 6 49 42 10 33 17 15 26 40 1 9 21 50 12 14 49 18 15 13 39 23 27 43 34 31 13 5 41 2 26 5 5 43 37 29 28 4 48 17 12 48 14 46 4 22 49 19 44 23 17 43 32 7 44 38 27 50 19 10 41 30 7 16 8 9 0 20 5 47 32 6 37 36 0 34 14 31 23 35 3 37 8 41 8 10 25 18 42 42 46 26 39 40 43 26 29 11 29 25 18 5 50 32 
45 21 24 8 23 38 48 15 50 47 1 20 38 18 44 5 42 16 7 41 28 43 44 9 41 38 20 25 21 18 15 14 8 7 11 10 30 23 31 39 0 13 39 22 23 0 27 13 48 17 19 10 16 7 24 32 39 23 50 16 29 50 30 12 8 28 0 32 16 32 17 24 37 17 50 14 50 37 50 23 37 9 49 47 33 47 21 13 12 46 5 32 47 30 29 15 22 46 19 33 1 21 24 50 15 33 25 46 34 48 8 20 32 33 33 49 47 7 10 41 22 42 31 11 33 4 25 43 24 50 25 30 21 18 16 27 37 28 47 5 45 3 20 38 31 26 6 5 20 39 7 27 5 45 22 45 1 18 21 50 19 5 21 
1 19 23 12 42 14 11 44 21 9 28 24 37 16 41 45 24 22 17 20 9 50 47 46 38 18 37 17 1 5 46 6 8 8 16 20 40 1 3 23 49 48 47 6 35 17 28 23 12 17 28 47 22 47 16 2 50 17 19 50 2 2 35 32 27 20 22 1 14 16 0 3 13 8 14 44 4 38 26 19 36 23 26 46 16 44 16 41 25 10 15 39 32 5 35 39 28 2 11 5 16 37 20 46 34 2 5 25 45 22 15 21 45 10 11 42 45 42 16 27 42 3 21 11 14 4 22 45 31 5 35 31 3 23 18 43 29 11 25 50 6 49 41 38 6 9 7 4 9 43 35 9 6 34 47 16 49 4 38 22 36 5 
33 32 13 46 8 5 15 0 13 40 46 3 25 35 16 46 11 29 18 3 42 5 18 39 6 27 50 39 13 10 15 11 25 5 17 23 17 26 13 39 28 46 45 32 24 49 19 50 13 39 32 46 38 28 8 16 18 30 8 5 12 17 40 3 18 19 10 8 8 18 32 25 19 42 32 39 50 46 32 32 39 31 14 14 47 22 36 41 14 11 39 22 38 9 25 34 35 0 6 28 33 25 38 46 15 10 22 15 31 9 20 32 34 22 20 17 35 18 30 46 12 19 27 25 29 43 49 29 6 32 19 49 38 39 49 33 26 41 11 24 24 4 28 33 32 38 43 40 31 1 36 10 6 48 45 21 14 17 34 21 19 
7 35 21 33 20 35 19 29 21 12 35 33 42 21 7 12 8 47 23 2 16 23 49 10 8 34 50 24 32 22 13 39 50 27 29 37 19 8 34 22 42 26 26 25 30 31 21 41 13 28 37 49 29 16 34 25 15 38 10 43 49 2 3 39 46 23 26 38 27 11 10 40 8 44 27 1 47 41 42 42 19 34 40 21 31 46 7 45 44 9 10 0 43 8 17 33 11 46 4 18 18 32 13 50 26 8 6 34 12 44 50 24 9 38 48 32 10 10 22 22 46 29 30 33 39 24 4 9 30 40 37 15 42 35 10 0 18 8 0 5 34 24 19 47 11 11 22 5 34 20 24 42 34 16 9 36 17 49 38 22 
38 0 10 18 14 16 36 41 42 34 47 6 44 12 33 44 28 14 45 33 27 11 33 5 28 43 3 7 44 50 14 29 48 3 39 28 39 42 29 29 14 0 50 46 0 35 30 11 6 33 11 0 35 24 47 6 49 17 8 25 15 37 21 25 42 17 30 3 10 30 18 4 14 11 31 50 32 33 30 8 38 3 26 39 38 40 50 36 27 23 15 29 29 12 36 30 29 31 32 35 48 0 2 12 0 36 38 39 43 27 41 43 20 12 50 49 25 37 34 45 34 21 31 9 10 21 30 41 27 46 1 1 29 3 34 48 19 9 34 29 46 1 19 10 10 24 11 14 41 47 40 35 11 15 50 35 45 26 44 
1 31 25 9 33 2 27 47 18 5 7 27 49 12 9 32 26 1 14 14 13 15 38 28 35 27 22 44 7 32 18 32 7 29 50 34 26 5 1 5 38 48 19 31 3 21 13 22 14 28 30 48 21 5 23 50 4 4 20 45 49 49 3 14 5 1 33 14 7 32 1 10 33 15 14 48 14 45 34 46 18 37 49 43 33 21 4 43 34 0 11 41 30 48 1 28 46 38 26 43 16 43 37 46 3 18 13 2 2 13 20 17 5 2 8 48 1 22 39 37 11 34 33 17 45 5 30 7 48 37 46 18 27 25 15 26 1 27 28 41 50 38 19 9 12 40 42 47 1 49 37 43 41 32 36 1 36 6 
2 13 40 17 38 40 31 29 2 45 40 32 17 38 19 14 37 19 13 30 6 35 30 0 9 20 5 26 1 11 6 40 8 0 16 24 42 3 15 15 17 22 33 48 38 13 10 43 40 2 4 13 21 20 45 0 13 50 35 9 12 3 44 10 6 38 19 39 17 41 7 5 21 12 49 6 43 5 6 44 31 38 28 42 31 25 3 34 47 13 16 18 12 19 10 20 31 41 38 3 18 38 21 41 33 47 17 15 5 1 26 21 1 25 15 36 24 1 1 11 10 7 30 32 31 33 2 7 38 22 16 22 44 15 16 13 46 32 27 42 19 37 32 17 33 42 8 29 47 1 30 33 24 23 49 46 20 
22 30 35 20 13 42 11 37 33 29 19 38 1 21 28 21 6 36 43 11 32 10 26 19 44 11 48 34 4 29 3 5 3 38 32 25 15 11 22 21 27 50 39 19 10 4 25 43 32 8 3 4 25 44 50 35 13 8 17 12 24 25 50 8 4 0 2 23 16 50 44 10 5 42 50 28 24 9 20 48 18 33 3 34 47 33 44 0 7 30 45 34 18 25 26 44 37 37 21 41 17 42 23 45 37 40 24 33 49 4 42 16 6 16 17 39 43 19 36 34 50 35 48 3 14 19 23 26 46 43 20 27 16 49 6 40 48 0 50 32 50 19 25 21 6 48 50 37 15 36 4 30 18 15 26 13 
20 27 49 12 46 1 36 20 3 42 4 31 16 6 9 50 31 35 42 48 1 3 1 16 6 3 3 14 37 6 37 19 2 44 14 35 26 12 27 12 48 22 24 9 17 8 19 48 32 25 25 15 43 46 38 35 4 13 11 40 10 36 16 9 38 26 9 35 19 44 14 26 37 41 21 23 46 9 4 18 34 44 44 42 8 10 7 17 31 23 23 22 50 22 47 3 30 0 16 26 49 38 45 39 37 48 20 5 13 47 23 49 43 2 9 48 40 14 50 38 49 21 27 47 20 28 27 48 13 34 7 1 33 16 13 30 7 21 12 36 36 12 45 26 41 4 25 40 22 50 21 23 41 21 23 
8 20 2 40 35 20 48 3 23 16 39 50 4 15 27 43 37 43 38 33 7 46 33 30 11 42 43 16 41 48 39 50 11 49 47 22 16 29 28 11 23 23 31 9 41 45 41 7 26 41 37 45 3 43 23 24 20 5 8 49 13 0 18 40 26 22 49 41 43 17 28 21 22 0 6 4 2 33 20 12 1 33 15 49 33 20 8 28 23 50 14 22 13 29 48 39 18 44 40 40 29 2 6 9 38 45 28 10 6 47 7 11 33 38 38 23 31 38 5 32 10 16 42 39 21 13 3 3 24 49 9 26 2 47 49 21 8 41 14 38 5 2 50 19 22 42 39 5 44 10 25 47 5 19 
29 6 48 21 19 22 23 30 41 38 5 26 11 23 29 16 26 48 23 12 19 39 2 3 24 47 47 4 10 27 22 45 8 32 17 8 45 37 19 1 9 36 7 15 13 14 33 48 20 5 47 17 35 36 50 26 50 2 19 1 49 38 10 16 50 49 6 15 20 17 49 32 34 12 15 24 32 0 30 25 50 17 41 13 31 15 16 1 35 14 35 13 2 38 25 3 48 0 22 23 6 23 17 3 50 40 27 48 21 45 33 39 44 28 16 24 45 31 46 29 2 24 30 39 22 42 26 36 28 47 11 50 48 7 31 11 46 25 30 3 40 24 42 45 43 23 22 0 7 4 36 23 1 
46 46 38 25 39 29 16 37 46 44 41 2 22 4 13 43 17 49 16 34 37 38 7 47 40 18 25 50 21 33 41 18 11 22 46 50 43 5 33 5 2 11 21 50 12 20 1 1 39 4 49 20 17 15 25 29 0 31 50 16 34 5 38 30 28 33 27 43 18 39 2 22 35 50 39 38 35 45 35 40 27 32 17 43 50 49 31 19 22 45 27 10 43 24 16 26 26 29 5 14 46 0 40 10 7 10 44 50 11 19 22 30 48 26 6 2 20 18 16 50 39 17 34 8 32 46 12 42 50 28 47 34 50 19 10 3 39 26 50 38 42 19 44 36 19 3 31 38 17 41 43 29 
28 23 22 22 2 6 47 21 49 34 16 17 35 46 37 34 46 12 28 26 11 30 37 13 43 48 17 32 13 30 28 38 18 12 44 35 1 32 1 29 18 47 31 21 30 39 19 12 47 33 43 42 14 4 18 47 37 26 22 19 32 14 35 48 19 40 23 24 18 22 50 21 3 4 34 48 26 16 20 12 18 48 2 34 35 14 31 46 14 15 3 50 45 41 37 9 14 1 39 10 37 2 35 46 7 20 31 39 8 36 2 6 18 17 40 18 18 32 16 43 2 38 36 17 32 46 50 14 45 50 48 50 32 40 23 18 20 2 11 15 9 34 14 4 35 14 34 49 19 25 28 
38 31 30 44 1 39 30 24 22 11 49 44 41 29 41 45 43 45 2 24 31 39 23 20 22 38 3 19 50 27 29 47 48 33 36 21 29 13 29 43 11 39 9 46 35 50 9 2 16 27 3 6 15 32 7 50 44 19 11 49 9 11 36 17 24 21 11 4 28 34 0 26 47 28 20 42 47 7 45 10 48 28 40 15 30 12 40 29 28 12 30 25 29 6 18 13 42 19 25 8 10 47 4 36 11 9 21 9 37 24 44 5 12 4 13 34 27 14 27 6 22 16 9 36 5 10 0 29 43 10 6 31 45 16 38 6 22 8 47 30 30 21 22 20 30 38 33 46 26 37 
23 25 20 36 48 46 3 5 47 43 11 29 18 20 4 25 24 49 11 15 43 36 18 13 3 2 41 23 9 7 20 25 31 0 31 11 26 23 29 18 15 40 6 24 27 14 39 5 19 46 46 19 6 32 27 12 22 19 18 35 13 2 33 13 7 43 44 30 40 34 32 29 39 34 15 25 9 38 25 34 21 30 3 15 13 5 49 37 18 44 48 16 46 13 28 11 10 48 1 21 47 10 37 3 36 37 24 12 24 47 40 22 18 10 49 33 4 43 1 26 47 6 32 40 0 23 34 21 10 42 19 7 18 2 28 6 49 21 32 36 15 10 13 31 5 35 39 11 18 
21 15 10 25 4 14 42 25 4 1 50 20 27 6 45 12 24 35 30 16 31 3 40 50 50 42 9 39 19 15 18 17 33 50 40 7 4 39 14 21 8 33 26 27 4 21 34 25 10 43 24 38 28 34 33 3 0 6 38 43 7 4 50 45 38 32 36 2 38 20 1 12 35 0 39 45 24 22 8 32 1 12 46 45 39 26 44 39 31 50 15 44 26 35 34 0 6 10 16 11 10 11 30 0 31 12 25 27 4 9 16 13 27 12 49 44 6 17 21 3 49 42 15 19 7 35 3 30 33 8 20 17 26 21 50 32 4 0 27 18 25 46 23 7 10 48 46 44 
39 50 37 38 17 19 24 4 29 33 25 11 46 44 14 11 47 39 1 30 23 40 41 4 36 34 21 15 30 14 29 4 9 1 37 43 5 40 10 40 12 50 2 30 34 41 37 21 43 17 1 17 50 11 9 4 13 12 23 49 40 1 21 0 30 7 30 37 9 40 48 39 43 17 43 17 6 42 44 43 43 30 1 28 6 17 8 28 16 46 49 6 47 5 14 44 1 45 22 30 15 42 2 41 21 12 0 18 44 28 36 15 43 9 43 45 16 49 30 18 48 32 5 29 9 12 23 45 11 50 26 25 15 28 23 6 14 0 47 45 27 32 12 16 41 45 2 
21 36 37 31 26 41 21 41 11 33 48 12 35 14 18 15 18 0 47 7 2 12 24 33 32 41 42 4 27 42 20 35 25 42 25 45 2 6 26 5 13 13 28 8 22 7 1 17 7 4 7 41 42 41 33 34 47 21 8 21 50 14 31 21 28 42 50 34 9 38 49 47 45 49 38 0 20 29 12 45 9 40 48 14 41 39 43 24 8 42 19 25 11 6 34 26 1 39 35 12 45 15 16 18 33 30 12 15 7 40 22 23 1 11 20 29 48 25 49 49 14 17 41 10 19 34 22 20 16 31 10 23 23 41 17 4 16 40 19 49 50 40 9 26 45 14 
22 35 48 22 27 40 17 30 10 34 7 3 36 36 26 34 33 23 21 17 10 15 27 12 2 28 42 45 26 0 26 37 38 1 22 46 26 28 45 13 37 15 23 47 24 33 9 23 10 23 34 30 47 30 15 34 45 10 10 50 14 32 29 14 19 13 46 19 38 12 15 36 30 0 0 20 47 1 45 15 16 4 49 8 41 26 44 9 5 29 49 19 32 10 38 26 17 21 28 16 3 29 41 38 48 13 46 24 10 17 10 22 10 3 46 43 17 12 6 20 0 16 17 15 47 39 28 7 27 50 8 50 11 12 35 0 14 11 44 18 33 29 38 22 32 
29 49 35 43 43 21 6 5 4 23 6 27 24 5 25 19 8 16 48 16 26 35 50 28 49 31 14 37 45 12 30 6 42 5 13 25 45 16 50 18 14 8 18 3 19 43 11 26 4 23 6 14 25 48 11 34 13 49 32 30 47 29 32 13 48 24 26 3 29 1 4 21 9 29 1 41 46 47 24 37 17 32 0 44 50 24 7 50 25 19 30 11 7 4 11 37 6 48 24 9 47 33 14 46 4 8 25 42 16 50 41 37 49 10 16 5 1 30 18 30 30 13 31 25 50 31 47 35 26 8 37 34 31 21 39 13 4 41 27 31 46 11 41 17 
13 38 50 13 35 24 11 36 12 17 2 7 23 20 44 23 16 24 16 40 6 32 16 26 4 25 27 47 45 18 17 1 47 16 25 11 39 3 5 16 33 38 27 16 34 14 4 46 26 24 31 30 47 32 20 34 39 0 1 31 7 39 7 18 22 36 45 48 28 34 15 42 6 20 3 15 26 23 33 4 1 35 32 48 46 28 39 11 21 7 37 4 10 6 28 3 22 9 3 2 41 38 25 6 16 18 50 5 9 45 0 18 25 7 2 30 32 33 14 43 7 46 1 46 39 44 13 41 46 45 47 6 48 6 28 21 16 30 13 21 9 1 26 
50 10 34 47 48 6 17 7 23 16 49 46 7 27 27 11 24 7 7 26 38 1 27 49 11 30 37 19 34 8 46 17 29 35 42 26 1 8 32 14 25 23 16 26 12 24 16 50 41 23 26 3 15 33 14 21 50 12 43 39 14 33 38 22 6 23 30 9 11 40 10 43 26 20 17 43 1 38 14 5 30 16 1 0 14 43 41 33 22 50 50 29 37 38 8 31 1 32 13 13 35 33 32 43 1 1 11 50 39 46 20 14 3 24 40 1 45 50 50 37 18 38 15 37 30 45 9 47 29 28 6 31 4 47 18 11 12 47 23 1 38 35 
27 36 28 43 8 50 8 39 0 16 20 1 9 37 35 35 50 49 5 19 3 40 26 25 13 36 43 5 20 32 47 8 15 23 12 44 28 35 2 10 32 17 40 37 7 42 12 45 13 21 15 22 10 36 7 37 32 0 44 38 14 26 40 34 48 6 17 39 33 15 1 47 30 34 5 25 24 50 12 28 46 12 48 8 31 44 18 37 4 3 7 10 44 12 15 49 16 13 36 47 50 47 8 10 6 23 16 2 21 21 49 8 34 32 30 49 50 21 49 24 1 22 13 47 45 24 50 4 22 38 47 30 17 29 26 38 30 14 36 18 29 
1 20 29 3 47 45 18 48 50 16 40 41 45 6 24 25 0 31 46 12 20 41 13 9 47 0 33 2 40 11 20 19 10 36 34 40 13 42 49 47 34 24 31 50 32 5 31 4 26 24 44 30 27 22 0 36 49 3 11 28 16 19 25 20 14 4 22 13 31 8 25 26 37 33 16 17 6 31 26 9 22 0 45 10 20 13 1 0 1 39 2 42 20 33 50 20 0 47 45 32 21 49 1 29 39 4 26 26 50 21 41 46 19 8 3 19 9 4 50 10 13 46 27 44 32 44 0 25 13 36 31 46 4 50 50 34 50 50 50 50 
50 50 50 50 50 50 50 50 50 50 50 50 50 50 50 50 50 50 50 50 50 50 50 50 50 50 50 50 50 50 50 50 50 50 50 50 50 50 50 50 50 50 50 50 50 50 50 50 50 50 50 50 50 50 50 50 50 50 50 50 50 50 50 50 50 50 50 50 50 50 16 50 50 50 50 50 50 50 50 50 50 50 50 50 50 50 50 50 50 50 50 50 50 50 50 50 50 50 50 50 50 50 50 50 50 50 50 50 50 50 50 50 50 50 50 50 50 50 50 50 50 50 50 50 50 50 50 50 50 50 50 50 50 50 50 50 50 50 50 
50 50 50 50 50 50 50 50 50 50 50 50 50 50 50 50 50 50 50 50 50 50 50 50 50 50 50 50 50 50 50 50 50 50 50 50 50 50 50 50 50 50 50 50 50 50 50 50 50 50 50 50 50 50 50 50 50 50 50 50 50 50 50 50 50 50 50 50 50 50 50 50 50 50 50 50 50 50 50 50 50 50 50 50 50 50 50 50 50 50 50 50 50 50 50 50 50 50 50 50 50 50 50 50 50 50 50 50 50 50 50 50 50 50 50 50 50 50 50 50 50 50 50 50 50 50 50 50 50 50 50 50 50 50 50 50 50 50 
50 50 50 50 50 50 50 50 50 50 50 50 50 50 50 50 50 50 50 50 50 50 50 50 50 50 50 50 50 50 50 50 50 50 50 50 50 50 50 50 50 50 50 50 50 50 50 50 50 50 50 50 50 50 50 50 50 50 50 50 50 50 50 50 50 50 50 50 50 50 50 50 50 50 50 50 50 50 50 50 50 50 50 50 50 50 50 50 50 50 50 50 50 50 50 50 50 50 50 50 50 50 50 50 50 50 50 50 50 50 50 50 50 50 50 50 50 50 50 50 50 50 50 50 50 50 50 50 50 50 50 16 50 50 50 50 50 
50 50 50 50 50 50 50 50 50 50 50 50 50 50 50 50 50 50 50 50 50 50 50 50 50 50 50 50 50 50 50 50 50 50 50 50 50 50 50 50 50 50 50 50 50 50 50 50 50 50 50 50 50 50 50 50 50 50 50 50 50 50 50 50 50 50 50 50 50 50 50 50 50 50 50 50 50 50 50 50 50 50 50 50 50 50 50 50 50 50 50 50 50 50 50 50 50 45 50 50 50 50 50 50 50 50 50 50 50 50 50 50 50 50 50 50 50 50 50 50 50 50 50 50 50 50 50 50 50 50 50 50 50 50 50 50 
50 50 50 50 50 50 50 50 50 50 50 50 50 50 50 50 50 50 50 50 50 50 50 50 50 50 50 50 50 50 50 50 50 50 50 50 50 50 50 50 50 50 50 50 50 50 50 4 50 50 50 50 50 50 50 50 50 50 50 50 50 50 50 50 50 50 23 50 50 50 50 50 50 50 50 50 50 50 50 50 50 50 50 50 50 50 50 50 50 50 50 50 50 50 50 50 50 50 50 50 50 50 50 50 50 50 50 50 50 50 50 50 50 50 50 50 50 50 50 50 50 50 50 50 50 50 50 50 50 50 50 50 50 50 50 
50 50 50 50 50 50 50 50 50 50 50 50 50 50 50 50 50 50 50 50 50 50 50 50 50 50 50 50 50 50 50 50 50 50 50 50 50 50 50 50 50 50 50 50 50 50 50 50 50 50 50 50 50 50 50 50 50 50 50 50 50 50 50 50 50 50 50 50 50 50 50 50 50 50 50 50 50 50 50 50 50 31 50 50 50 50 50 50 50 50 50 50 50 50 50 50 50 50 50 30 50 50 50 50 50 50 50 50 50 50 50 50 50 50 50 50 50 50 50 50 50 50 50 50 50 50 50 50 50 50 50 50 50 50 
50 50 50 50 50 50 50 50 50 50 50 50 50 50 50 50 50 50 50 50 50 50 50 50 50 50 50 31 50 50 50 50 50 50 50 50 50 50 50 50 50 50 50 50 50 50 50 50 50 50 50 50 50 50 50 50 50 50 50 50 50 50 50 50 50 50 50 50 50 50 50 50 50 50 50 50 50 50 50 50 50 50 50 50 50 50 50 50 50 50 50 50 50 50 50 50 50 50 50 50 50 50 19 50 50 50 50 50 50 50 50 50 50 50 50 50 50 50 50 50 50 50 50 50 50 50 50 50 50 50 50 50 50 
50 50 50 50 50 50 50 50 50 50 50 50 50 50 50 50 50 50 50 50 50 50 50 50 50 50 50 50 50 50 50 50 50 50 50 50 50 50 50 50 50 50 50 50 50 50 50 50 50 50 50 50 45 50 50 50 50 50 50 50 50 50 50 50 50 50 50 50 50 50 50 50 50 50 50 50 50 50 50 50 50 50 50 50 50 50 50 50 50 50 50 50 50 50 50 50 50 50 50 50 50 50 50 50 50 50 50 50 50 50 50 50 50 50 50 50 50 50 50 50 50 50 50 50 50 50 50 50 50 50 50 50 
50 50 50 50 50 50 50 50 50 50 50 50 50 50 50 50 50 50 50 50 50 50 50 50 50 50 50 50 50 50 50 50 50 50 50 50 50 50 50 50 50 50 50 50 50 50 50 50 50 50 50 50 50 50 50 39 50 50 50 50 50 50 50 50 50 50 50 50 50 50 50 50 50 50 50 50 50 50 50 50 50 50 50 50 50 50 50 50 50 50 50 50 50 50 50 50 50 50 50 50 50 50 50 50 50 50 50 50 50 50 50 50 50 50 50 50 50 50 50 50 50 50 50 50 50 50 50 50 50 50 50 
50 50 50 50 50 50 50 50 50 50 50 50 50 50 50 50 50 50 50 50 50 50 50 50 50 50 50 50 50 50 50 50 50 50 50 50 50 50 50 50 50 50 50 50 50 50 50 50 50 50 50 50 50 50 50 50 50 50 50 50 50 50 50 50 50 50 50 50 50 50 50 50 50 50 50 50 50 50 50 50 50 50 50 50 50 50 50 50 50 50 50 50 50 50 50 50 50 50 50 50 50 50 50 50 50 50 50 50 50 50 50 50 50 50 50 50 50 50 50 50 50 50 50 50 50 50 50 50 50 50 
50 50 50 50 50 50 50 50 50 50 50 50 50 50 50 50 50 50 50 50 50 50 50 50 50 50 50 50 50 50 50 50 50 50 50 50 50 50 50 50 50 50 50 50 50 50 50 50 50 50 50 50 50 50 50 50 50 50 50 50 50 50 50 50 50 50 50 50 50 50 50 50 50 50 50 50 50 50 50 50 50 50 50 50 50 50 50 50 50 50 50 50 50 50 50 50 50 50 50 50 50 50 50 50 50 50 50 50 50 50 50 50 50 50 50 50 50 50 50 50 50 34 50 50 50 50 50 50 50 
50 50 50 50 50 50 50 50 50 50 50 50 50 50 50 50 50 50 50 50 50 50 50 50 50 50 50 50 50 50 50 50 50 50 50 50 50 50 50 50 50 50 50 50 50 50 50 50 47 50 50 50 50 50 50 50 50 50 50 50 50 50 50 50 50 50 50 50 50 50 50 50 50 50 50 50 50 50 50 50 50 50 50 50 50 50 50 50 50 50 50 50 50 50 50 50 50 50 50 50 50 50 50 50 50 50 50 50 50 50 50 50 50 50 50 50 50 50 50 50 50 50 50 50 50 50 50 50 
50 50 50 50 50 50 50 50 50 50 50 50 50 50 50 50 50 50 50 50 50 50 50 50 50 50 50 50 3 50 50 50 50 50 50 50 50 50 50 50 50 50 50 50 50 47 50 50 50 50 50 50 50 50 50 50 50 20 50 50 50 50 50 50 50 50 50 50 50 50 50 50 50 50 50 50 50 50 50 50 50 50 50 50 50 50 50 50 50 50 50 50 50 50 50 32 50 50 50 50 50 50 50 50 50 50 50 50 50 50 50 50 50 50 50 50 50 50 50 50 50 50 50 50 50 50 50 
50 50 50 50 50 50 50 50 50 50 50 50 50 50 50 50 50 50 50 50 50 50 50 50 50 50 50 50 50 50 50 50 50 50 50 50 50 50 50 50 50 50 50 50 50 50 50 50 50 50 50 50 50 50 50 50 50 50 50 50 50 50 50 50 50 50 50 50 50 50 50 50 50 50 50 50 50 29 50 50 50 50 50 50 50 50 50 50 50 50 50 50 50 50 50 50 50 50 50 50 50 50 50 50 50 50 50 50 50 50 50 50 50 50 50 50 50 50 50 50 50 50 50 50 50 50 
50 50 50 50 50 50 50 50 50 50 50 50 50 50 50 50 50 50 50 38 50 50 50 50 50 50 50 50 50 50 50 50 50 50 50 50 50 50 50 50 50 50 50 50 50 50 50 50 50 50 50 50 50 40 50 50 50 50 50 50 50 50 50 50 50 50 50 50 50 50 50 50 50 50 50 50 50 50 50 50 50 50 50 50 50 50 50 50 50 50 50 50 50 50 50 50 50 50 50 50 50 50 50 50 50 50 50 50 50 50 50 50 50 50 50 50 50 50 50 50 50 50 50 50 50 
50 50 50 50 50 50 50 50 50 50 50 50 50 50 50 50 50 50 50 50 50 50 50 50 50 50 50 50 50 50 2 50 50 50 45 50 50 50 50 50 50 50 50 50 50 50 50 50 50 50 50 50 50 50 50 50 50 50 50 50 43 50 50 50 50 50 50 50 50 50 50 50 50 50 50 50 50 50 50 50 50 50 50 50 50 50 50 50 50 50 50 50 50 50 50 50 50 50 50 50 50 50 50 50 50 50 50 50 50 50 50 50 50 50 50 50 50 50 50 50 50 50 50 50 
50 50 50 50 50 50 50 50 50 50 50 50 50 50 50 50 50 50 50 50 50 50 50 50 50 50 50 50 50 50 50 50 50 50 50 50 50 50 50 50 50 50 50 50 50 50 50 50 50 50 50 50 50 50 50 50 50 50 50 50 50 50 50 50 50 50 50 50 50 50 50 50 50 50 50 50 50 50 50 50 50 50 50 50 50 50 50 50 50 50 50 50 50 50 50 50 50 50 50 50 50 50 50 50 50 50 50 45 50 50 50 50 50 50 50 50 50 50 50 50 50 50 50 
50 50 50 50 50 50 50 50 50 50 50 50 50 50 50 50 50 50 50 50 50 50 50 50 6 50 50 50 50 50 50 50 50 50 50 50 50 50 50 50 50 50 50 50 50 50 50 50 50 50 50 50 50 50 50 50 50 50 50 50 50 50 50 50 50 50 50 50 50 50 50 50 50 50 50 50 50 50 50 50 50 50 50 50 50 50 50 50 50 50 50 50 50 50 50 50 50 50 50 50 50 50 50 50 50 50 50 50 50 50 50 50 50 50 50 50 50 50 50 50 50 50 
50 50 50 50 50 50 50 50 50 50 50 50 50 50 50 50 50 50 50 50 50 50 50 50 50 50 50 50 50 50 50 50 50 50 50 50 50 50 50 50 50 50 50 50 50 50 50 50 50 50 50 50 50 50 50 50 50 50 50 50 50 50 50 50 50 50 50 50 50 50 50 50 50 50 50 50 50 50 14 50 50 50 50 50 50 50 50 50 50 50 50 50 50 50 50 50 50 50 50 50 50 50 50 50 50 50 50 50 50 50 50 50 50 50 50 50 50 50 50 50 50 
50 50 50 50 46 50 50 50 50 50 50 50 50 50 50 50 50 50 50 50 50 50 50 50 50 50 50 50 50 50 50 50 50 50 50 50 50 50 50 50 50 50 50 50 50 50 50 50 50 50 50 50 50 50 50 50 50 50 50 50 50 12 50 50 50 50 50 50 50 50 50 50 50 50 50 50 50 50 50 50 50 50 50 50 50 50 50 50 50 50 50 50 50 50 50 50 50 50 50 50 50 50 50 50 50 50 50 50 50 50 50 50 50 50 50 50 50 50 50 50 
50 50 50 50 50 50 50 50 50 50 50 50 50 50 50 50 50 50 50 50 50 50 50 50 50 50 50 50 50 50 50 50 50 50 50 50 50 50 50 50 50 50 50 50 50 50 50 50 50 50 50 50 50 50 50 50 50 50 50 50 50 50 50 50 50 50 50 50 50 50 50 50 50 50 50 50 50 50 50 50 47 50 50 50 50 50 50 50 50 50 50 50 50 50 50 50 50 50 50 50 50 50 50 50 50 50 50 50 50 50 50 50 40 50 50 50 50 50 50 
50 50 50 50 50 50 50 50 50 50 50 50 50 50 50 50 50 50 50 50 50 50 50 50 50 50 50 50 50 50 50 50 50 50 50 50 50 50 50 50 50 50 50 50 50 18 50 50 50 50 50 50 50 50 50 50 50 50 50 50 50 50 50 50 50 50 50 50 50 50 50 50 50 50 50 50 50 50 50 50 50 50 50 50 50 50 50 50 50 50 50 50 50 50 50 50 50 50 50 50 50 50 50 50 50 50 50 50 50 50 50 50 50 50 50 50 50 50 
50 50 50 50 50 50 50 50 50 50 50 50 50 50 50 50 50 50 50 50 50 50 50 50 50 50 50 50 50 50 50 50 50 50 50 50 50 50 50 50 50 50 50 50 50 50 50 50 50 50 50 50 50 50 50 50 50 50 50 50 50 50 50 50 50 50 50 50 50 50 50 50 50 50 50 50 50 50 50 50 50 50 50 50 50 50 50 50 50 50 50 50 50 50 50 50 50 50 50 50 50 50 50 50 50 50 50 50 50 50 50 50 50 50 50 50 50 
50 50 50 50 50 30 50 50 50 50 50 50 50 50 50 50 50 50 50 50 50 50 50 50 50 50 50 50 50 50 50 50 50 50 50 50 50 50 50 50 50 50 50 50 50 50 50 50 50 50 50 50 50 50 50 50 50 50 50 50 50 50 50 50 50 50 50 50 50 50 50 50 50 50 50 50 50 50 50 50 50 50 50 50 50 50 50 50 50 50 50 50 50 50 50 50 50 50 50 50 50 50 50 50 50 50 50 50 50 50 50 50 50 50 50 50 
50 50 50 50 50 50 50 50 50 50 50 50 50 50 50 50 50 50 50 50 50 50 50 50 50 50 50 50 50 50 50 50 50 50 50 50 50 50 50 50 50 50 50 50 50 50 50 50 50 50 50 50 50 50 50 50 50 50 50 50 50 50 50 50 50 50 50 50 50 50 50 50 50 50 50 50 50 50 50 50 50 50 50 50 50 50 50 50 50 50 50 50 50 50 50 50 50 50 50 50 50 50 50 50 50 50 50 50 50 50 50 50 50 50 50 
50 50 50 50 50 50 50 50 50 50 50 50 50 50 50 50 50 50 50 50 50 50 50 50 50 50 50 50 50 50 50 50 50 50 50 50 50 50 50 50 50 50 50 50 50 50 50 50 50 50 50 50 50 50 50 50 50 50 50 50 50 50 50 50 50 50 50 50 50 50 50 50 50 50 50 50 50 50 50 50 50 50 50 50 50 50 50 50 50 50 50 50 50 50 50 50 50 50 50 50 50 50 50 50 50 50 50 50 50 50 50 50 50 50 
50 50 50 50 50 50 50 50 50 50 50 50 50 50 50 50 50 50 50 50 50 50 50 50 1 50 50 50 50 50 50 50 50 50 50 50 50 50 50 50 50 50 50 50 50 50 50 50 50 50 50 50 50 50 50 50 50 50 50 50 50 50 50 50 50 50 50 50 50 50 50 50 50 50 50 50 50 50 50 50 50 50 50 50 50 50 50 50 50 50 50 50 50 50 50 50 50 50 50 50 50 50 50 50 50 50 50 50 50 50 50 50 50 
50 50 36 50 50 50 50 50 50 50 50 50 50 50 50 50 50 50 50 50 50 50 50 50 50 50 50 50 50 50 50 50 50 50 50 50 50 50 50 50 50 50 50 50 50 50 50 50 50 50 50 50 50 50 50 50 50 50 50 50 50 50 50 26 50 50 50 50 50 50 50 50 50 50 50 50 50 50 50 50 50 50 50 50 50 50 50 50 50 50 50 50 50 50 50 50 50 50 50 50 50 50 50 50 50 50 50 50 50 50 50 50 
50 50 50 50 50 50 50 50 50 50 50 50 50 50 50 50 50 50 50 50 50 50 50 50 50 50 50 50 50 50 50 50 50 50 50 50 50 50 50 50 50 50 50 50 50 50 50 50 50 50 50 50 50 50 50 50 50 50 50 50 50 50 50 50 50 50 50 50 50 50 50 50 50 50 50 50 50 50 50 50 50 50 50 50 50 50 50 50 50 50 50 50 50 50 50 50 50 50 50 50 50 50 50 50 50 50 50 50 50 50 50 
50 50 50 50 50 50 50 50 50 50 50 50 50 50 50 50 50 50 50 50 50 50 50 50 50 50 50 50 50 50 50 50 50 50 50 50 50 50 50 50 50 50 50 50 50 50 50 50 50 50 50 50 50 50 50 50 50 50 50 50 50 50 50 50 50 50 50 50 50 50 50 50 50 50 50 50 50 50 50 50 50 50 50 50 50 50 50 50 50 50 50 50 50 50 50 50 50 50 50 50 50 50 50 50 50 50 50 50 50 50 
50 50 50 50 50 50 50 50 50 50 50 50 50 50 50 50 50 50 50 50 50 50 50 50 50 50 50 50 50 50 50 50 50 50 50 50 50 50 50 50 50 50 50 50 50 50 50 50 50 50 50 50 50 50 50 50 50 50 50 50 50 50 50 50 50 50 50 50 50 50 50 50 50 50 50 50 50 50 50 50 50 50 50 50 50 50 50 50 50 50 50 50 50 50 50 50 50 50 50 50 50 50 50 50 50 50 50 50 50 
50 50 50 50 50 50 50 50 50 50 50 50 50 50 50 50 50 50 50 50 50 50 50 50 50 50 50 50 50 50 50 50 50 50 50 50 50 50 50 50 50 50 50 50 50 50 50 50 50 50 50 50 50 50 50 50 50 50 50 50 50 50 50 50 50 50 50 50 50 50 50 50 50 50 50 50 50 50 50 50 50 50 50 50 50 50 50 50 50 50 50 50 50 50 50 50 50 50 50 50 50 50 50 50 50 50 50 50 
50 50 50 50 50 50 50 50 50 50 50 50 50 50 50 50 50 50 50 50 50 50 50 50 50 50 50 50 50 50 50 50 50 50 50 50 50 50 50 50 50 50 50 50 50 50 50 50 50 50 50 50 50 50 18 50 50 50 50 50 50 50 50 50 50 50 50 50 50 50 50 50 50 50 50 50 50 50 50 50 50 50 50 50 50 50 50 50 50 50 50 50 50 50 50 50 50 50 50 6 50 50 50 50 50 50 50 
50 50 50 50 50 50 50 50 50 50 50 50 50 50 50 50 50 50 50 50 50 50 50 50 50 50 50 50 50 50 50 50 50 50 50 50 50 50 50 50 50 50 50 50 50 50 50 50 50 50 50 50 50 50 50 50 50 50 50 50 50 50 50 50 50 50 50 50 50 50 50 50 50 50 50 50 50 50 15 50 50 50 50 50 50 50 50 50 50 50 50 50 50 50 50 50 50 50 50 50 50 50 50 50 50 50 
50 50 50 50 50 50 50 50 50 50 50 50 50 50 50 50 50 50 50 50 50 50 50 50 50 50 50 50 50 50 50 50 50 50 50 50 50 50 50 50 50 50 50 50 50 50 50 50 50 50 50 50 50 50 50 50 50 50 50 50 50 50 50 50 50 50 50 50 50 50 50 50 50 50 50 50 50 50 50 50 50 50 50 50 50 50 50 50 50 50 50 50 50 50 50 50 50 50 50 50 50 50 50 50 50 
50 50 50 50 50 50 50 50 50 50 50 50 50 50 50 50 50 50 50 50 50 50 50 50 50 50 50 50 50 50 50 50 50 50 50 50 50 50 50 50 50 50 50 50 50 50 50 50 50 50 50 50 50 50 50 50 50 50 50 50 50 50 50 50 50 50 50 50 50 50 50 50 50 50 50 50 50 50 50 50 50 50 50 50 50 50 50 50 50 50 50 50 50 50 50 50 50 50 50 50 50 50 50 50 
50 22 50 50 50 50 50 50 50 50 50 50 50 50 50 50 50 50 50 50 50 50 50 50 50 50 50 50 50 50 50 50 50 50 50 50 50 50 50 50 50 50 50 50 50 50 50 50 50 50 50 50 50 50 50 50 50 50 50 50 50 50 50 50 50 50 50 50 50 50 50 50 50 50 50 50 50 50 50 50 50 50 50 50 50 50 50 50 50 50 50 50 50 50 50 50 50 50 50 50 50 50 50 
50 50 50 50 50 50 50 50 50 50 50 50 50 50 50 50 50 50 50 50 50 50 50 50 50 50 50 50 50 50 50 50 50 50 50 50 50 50 50 50 50 50 50 50 50 50 50 50 50 50 50 50 50 50 50 50 50 50 50 50 50 50 50 50 50 50 50 50 50 50 50 50 50 50 50 50 50 50 50 50 50 50 50 50 50 50 50 50 50 50 50 50 50 50 50 50 50 50 50 50 50 50 
50 50 50 50 50 50 50 50 50 50 50 50 50 50 50 50 50 50 50 50 50 50 50 50 50 50 50 50 50 50 50 50 50 50 50 50 50 50 50 50 50 50 50 50 50 50 50 50 50 50 16 50 50 50 50 50 50 50 50 50 50 50 50 50 50 50 50 50 50 50 50 50 50 50 50 50 50 50 50 50 50 50 50 50 50 50 50 50 50 50 50 50 50 50 50 50 50 50 50 50 50 
50 50 50 50 50 50 50 50 50 50 50 50 50 50 50 50 50 50 50 50 19 50 50 50 50 50 50 50 50 50 50 50 50 50 50 50 50 50 50 50 50 50 50 50 50 13 50 50 50 50 50 50 50 50 50 50 50 50 50 50 50 50 50 50 50 50 50 50 50 50 50 50 50 50 50 50 50 50 50 50 50 50 50 50 50 50 50 50 50 50 50 50 50 50 50 50 50 50 50 50 
50 50 50 50 50 50 50 50 50 50 50 50 50 50 50 50 50 50 50 50 50 50 50 50 50 50 50 50 50 50 50 50 50 50 50 50 50 50 50 50 50 50 50 50 50 50 50 50 50 50 50 50 50 50 50 50 50 50 50 50 50 50 50 50 50 50 50 50 50 50 50 50 28 50 50 50 50 50 50 50 50 50 50 50 50 50 50 50 50 50 50 50 50 50 50 50 50 50 50 
50 50 50 50 50 50 50 50 50 50 50 50 50 50 50 50 50 50 50 50 50 50 50 50 50 50 50 50 50 50 50 50 50 50 50 50 50 50 50 50 50 50 50 50 50 50 50 50 50 50 50 50 50 50 50 50 50 50 50 50 50 50 50 50 50 50 50 50 50 50 50 50 50 50 50 50 50 50 50 50 50 50 50 50 50 50 50 50 50 50 50 50 50 50 50 50 50 50 
50 50 50 50 50 50 50 50 50 50 50 50 50 50 50 50 50 50 50 50 50 50 50 50 50 50 50 50 50 50 50 50 50 50 50 50 50 50 50 50 50 50 50 50 50 50 50 50 50 50 50 50 50 50 50 50 50 50 50 50 50 50 50 50 50 50 50 50 50 50 50 50 50 50 50 50 22 50 50 50 50 50 50 50 50 50 50 50 50 50 50 50 50 50 50 50 50 
50 50 50 50 50 50 50 50 50 50 50 50 50 50 50 50 50 50 50 50 50 50 50 50 50 50 50 50 50 50 50 50 50 50 50 50 50 50 50 50 50 50 50 50 50 50 50 50 50 50 50 50 50 50 50 50 50 50 50 50 50 50 50 50 50 50 50 50 50 50 50 50 50 50 50 50 50 50 50 50 50 50 50 50 50 50 50 50 50 50 50 50 50 50 50 50 
50 50 50 50 50 50 50 50 50 50 50 50 50 50 50 50 50 50 50 50 50 50 50 50 50 50 50 50 50 50 50 50 50 50 50 50 50 50 50 50 50 50 50 50 50 50 50 50 38 50 50 50 50 50 50 50 50 50 50 50 50 50 50 50 50 50 50 50 50 50 50 50 50 50 50 50 50 50 50 50 50 50 50 50 50 50 50 50 50 50 50 50 50 50 50 
50 50 50 50 50 50 50 50 50 50 50 50 50 50 50 50 50 50 50 50 50 32 50 50 50 50 50 50 50 50 50 50 50 50 50 50 50 50 50 50 32 50 50 50 50 50 50 50 50 50 50 50 50 50 50 50 50 50 50 50 50 50 50 50 50 50 50 50 50 50 50 50 50 50 50 50 50 50 50 50 50 50 50 50 50 50 50 50 50 50 50 50 50 50 
50 50 50 50 50 50 50 50 50 50 50 50 50 50 50 50 50 50 50 50 50 50 50 50 50 50 50 50 50 50 50 50 50 50 50 50 50 50 50 50 50 50 50 50 50 50 50 50 50 50 50 50 50 50 50 50 50 50 50 50 50 50 50 50 50 50 50 50 50 50 50 50 50 50 50 50 50 50 50 50 50 50 50 50 50 50 50 50 50 50 50 50 50 
50 50 50 50 50 50 50 50 50 50 50 50 50 50 50 50 18 50 50 50 50 50 50 50 50 50 50 50 50 50 50 50 50 50 50 50 50 50 50 50 50 50 50 50 50 50 50 50 50 50 50 50 50 50 50 50 50 50 50 50 50 50 50 50 50 50 50 50 50 50 50 50 50 50 50 50 50 50 50 50 50 50 50 50 50 50 50 50 50 50 50 50 
48 50 50 50 50 50 50 50 50 50 50 50 50 50 50 50 50 50 50 50 50 50 50 50 50 50 50 50 50 50 50 50 50 50 50 50 50 50 50 50 50 50 50 50 50 50 50 50 50 50 50 50 50 50 50 50 50 50 50 50 50 50 50 12 50 50 50 50 50 50 50 50 50 50 50 50 50 50 50 50 50 50 50 50 50 50 50 50 50 50 50 
50 50 50 50 50 50 50 50 50 50 50 50 50 50 50 50 50 50 50 50 50 50 50 50 50 50 50 50 50 50 50 50 50 50 50 50 50 50 50 50 50 50 50 50 50 50 50 50 50 50 50 50 50 50 50 50 50 50 50 50 50 50 50 50 50 50 50 50 50 50 50 50 50 50 50 50 50 50 50 50 50 50 50 50 50 50 50 50 50 50 
50 50 50 50 50 50 50 50 50 50 50 50 50 50 50 50 50 50 50 50 50 50 50 50 50 50 50 50 50 50 50 50 50 50 50 50 50 50 50 50 50 50 50 50 50 50 50 50 50 50 50 50 50 50 50 50 50 50 50 50 50 50 50 50 50 50 50 50 50 50 50 50 50 50 50 50 50 50 50 50 50 50 50 50 50 50 50 50 0 
50 50 50 50 50 50 50 50 50 50 50 50 50 50 50 50 50 50 50 50 50 50 50 50 50 50 50 50 50 50 50 50 50 50 50 50 50 50 50 50 50 50 50 50 50 50 50 50 50 50 50 50 50 50 50 50 50 50 50 50 50 50 50 50 50 50 50 47 50 50 50 50 50 50 50 50 50 50 50 50 50 50 50 50 50 50 50 50 
50 50 50 50 50 50 50 50 50 50 50 50 50 50 50 50 50 50 50 50 50 50 50 50 50 50 50 50 50 50 50 50 50 50 50 50 50 50 50 50 50 50 50 50 50 50 50 50 50 50 50 50 50 50 50 50 50 50 50 50 50 50 50 50 50 50 50 50 50 50 50 50 50 50 50 50 50 50 50 50 50 50 50 50 50 50 50 
50 50 50 50 50 50 50 50 20 50 50 50 50 50 50 50 2 50 50 50 50 50 50 50 50 50 50 50 50 50 50 50 50 50 50 50 50 50 50 50 50 50 50 50 50 50 50 50 50 50 50 50 50 50 50 50 50 50 50 50 50 50 50 50 50 50 50 50 50 50 50 50 50 50 50 50 50 50 50 50 50 50 50 50 50 50 
50 50 50 50 50 50 50 50 50 50 50 50 50 50 50 50 50 50 50 50 50 50 50 50 50 50 50 50 50 50 50 50 50 50 50 5 50 50 50 50 50 50 50 50 50 50 50 50 50 50 50 50 50 50 50 50 50 50 50 50 50 50 50 50 50 50 50 50 50 50 50 50 50 50 50 50 50 50 50 50 50 50 50 50 50 
50 50 50 50 50 50 50 50 50 50 50 50 50 50 50 50 50 50 50 50 50 50 50 50 50 50 50 50 50 50 50 50 50 50 50 50 50 50 50 50 50 50 50 50 50 50 50 50 50 50 50 50 50 50 50 50 50 50 50 50 50 50 50 50 27 50 50 50 50 50 50 50 50 50 50 50 50 50 50 50 50 50 50 50 
50 50 50 50 50 50 50 50 50 50 50 50 50 50 50 50 50 50 50 50 50 50 50 50 22 50 50 50 50 50 50 50 50 50 50 50 50 50 50 50 50 50 50 50 50 50 50 50 50 50 50 50 20 50 50 50 50 50 50 50 50 50 50 50 50 50 50 50 50 50 50 50 50 50 50 50 50 50 50 50 50 50 50 
50 50 50 50 50 50 50 50 50 50 50 50 50 50 50 50 50 50 50 50 50 50 50 50 50 50 50 50 49 50 50 50 50 50 50 50 50 50 25 50 50 50 50 50 50 50 50 50 50 50 50 50 50 50 50 50 50 50 50 50 50 50 50 50 50 50 50 50 50 50 50 50 50 50 50 50 50 50 50 50 50 50 
50 50 50 50 50 50 50 50 50 50 50 50 50 50 50 50 50 50 50 50 50 50 50 50 50 50 50 50 50 50 50 50 50 50 50 50 50 50 50 50 50 50 50 50 50 50 50 50 50 50 50 50 50 50 50 50 50 50 50 50 50 50 50 50 50 50 50 50 50 50 50 50 50 50 50 50 50 50 50 50 50 
50 50 50 50 50 50 50 50 50 50 50 50 50 50 50 50 50 50 50 50 50 50 50 50 50 50 50 50 50 50 50 50 50 50 50 50 50 50 50 50 50 50 50 50 50 50 50 50 50 50 50 50 50 50 50 50 50 50 50 50 50 50 50 50 16 50 50 50 50 50 50 50 50 50 50 50 50 50 24 50 
50 50 50 50 50 50 50 50 50 50 50 50 50 50 50 50 50 50 50 50 50 50 50 50 50 50 50 50 50 50 50 50 50 50 50 50 50 50 50 50 50 50 50 50 50 50 50 50 50 50 50 50 50 50 50 50 50 50 50 50 50 50 50 50 50 50 50 50 50 50 50 50 50 50 50 50 50 50 50 
50 50 50 50 50 50 50 50 50 50 50 50 50 50 50 36 50 50 50 50 50 50 50 50 50 50 50 50 50 50 50 50 50 50 50 50 50 50 50 50 50 50 50 50 50 50 50 50 50 50 50 50 50 50 50 50 50 50 50 50 50 50 50 50 50 50 50 50 50 50 50 50 50 50 50 15 50 50 
50 50 50 50 50 50 50 50 50 50 50 50 50 50 50 50 50 50 50 50 50 50 50 50 50 50 50 50 50 50 50 50 50 50 50 50 50 50 50 50 50 50 50 50 50 50 50 50 50 50 19 50 50 50 50 50 50 50 50 50 50 50 50 50 50 50 50 50 50 50 50 50 50 50 50 50 50 
50 50 50 50 50 50 50 50 50 50 50 50 50 50 50 50 50 50 50 50 50 50 50 50 50 50 50 50 50 50 50 50 50 50 50 50 50 50 50 50 50 50 50 50 50 50 50 50 50 50 50 50 50 50 50 50 50 50 50 50 50 50 50 50 50 50 50 50 46 50 50 50 50 50 50 50 
50 50 50 50 50 50 50 50 50 50 50 50 50 50 50 50 50 50 50 50 50 50 50 50 50 50 50 50 50 50 50 50 50 50 50 50 50 50 50 50 50 50 50 50 50 50 50 50 50 50 50 50 50 50 50 50 50 50 50 50 50 46 50 50 50 50 50 50 50 50 50 50 50 50 50 
50 50 50 50 50 50 50 50 50 50 50 50 50 50 50 50 50 50 50 50 50 50 50 50 50 50 50 50 50 50 50 50 50 50 50 50 25 50 50 50 50 50 50 50 50 50 50 50 50 50 50 50 35 50 50 50 50 50 50 50 50 50 50 50 50 50 50 50 50 50 50 50 50 50 
50 50 50 50 50 50 50 50 50 50 50 50 50 50 50 50 50 50 50 50 50 50 50 50 50 50 50 50 50 50 50 50 50 50 50 50 50 50 50 50 50 50 50 50 50 50 50 50 50 50 50 50 50 50 50 50 50 50 50 50 50 33 50 50 50 50 50 50 50 50 50 50 50 
50 50 50 50 50 50 50 50 50 50 50 50 50 50 50 50 50 50 50 50 50 50 50 50 50 50 50 50 50 50 50 50 50 50 50 50 50 50 50 50 50 50 50 50 50 50 50 50 50 50 50 50 50 50 50 50 50 50 50 50 50 50 50 50 50 35 50 50 50 50 50 50 
50 50 50 50 50 50 50 50 50 50 50 50 50 50 50 50 50 50 50 50 50 50 50 50 50 50 50 50 50 50 50 50 50 50 50 50 50 50 50 50 50 50 50 50 50 50 50 50 50 50 50 50 50 50 50 50 50 50 50 50 50 50 50 50 50 50 50 50 50 50 50 
50 50 50 50 50 50 50 50 50 50 50 50 50 50 50 50 50 50 50 50 50 50 50 50 50 50 50 50 50 50 50 50 50 50 50 50 50 50 50 50 50 50 50 50 50 50 50 50 50 50 50 50 22 50 50 50 50 50 50 50 50 50 50 50 50 50 50 50 50 50 
50 50 50 50 50 50 50 50 50 50 50 50 50 50 50 50 50 50 50 50 50 50 50 50 50 50 50 50 50 50 50 50 50 50 50 50 50 50 50 50 50 50 50 50 50 50 50 50 34 50 50 50 50 50 50 50 50 50 50 50 50 50 50 50 50 50 50 50 50 
50 50 50 50 50 50 50 50 50 50 50 50 50 50 50 50 50 50 50 50 50 50 50 50 50 50 50 50 50 50 50 50 50 50 50 50 50 50 50 50 50 50 50 50 50 50 50 50 50 22 50 50 50 50 50 50 50 50 50 50 50 50 50 50 50 50 50 50 
50 50 50 50 50 50 50 50 50 50 50 50 50 50 50 50 50 50 50 50 50 50 50 50 50 50 8 50 50 50 50 50 50 50 50 50 50 50 50 50 50 50 50 50 50 50 50 50 50 50 50 50 50 50 50 50 50 50 50 50 50 50 50 50 50 50 50 
50 50 50 50 50 50 50 50 50 50 50 50 50 36 50 50 50 50 50 50 50 50 50 50 50 50 50 50 50 50 50 50 50 50 50 50 50 50 50 50 50 50 50 50 50 50 50 50 50 50 50 50 50 50 50 50 50 50 50 50 50 50 50 50 50 50 
50 50 50 50 50 50 50 50 50 50 50 50 50 50 50 50 50 50 50 50 50 50 50 50 50 50 50 50 50 50 50 50 50 50 50 50 19 50 50 50 50 50 50 50 50 50 50 50 50 50 50 50 50 50 50 50 50 50 50 50 50 50 50 50 50 
50 50 50 50 50 50 50 50 50 50 50 50 50 50 50 50 50 50 50 50 50 50 50 50 50 50 50 50 50 50 50 50 50 50 50 50 50 50 50 50 50 50 50 50 50 50 50 50 50 50 50 50 50 50 50 50 50 50 50 50 50 50 50 50 
50 50 50 50 50 50 50 50 50 50 50 50 50 50 50 50 50 50 50 50 50 50 50 50 50 50 50 50 50 50 50 50 50 50 50 50 50 50 50 50 50 50 50 50 50 50 50 50 50 50 50 50 50 50 50 50 50 50 50 50 50 50 50 
50 50 50 50 50 50 50 50 50 50 50 50 50 50 50 50 50 50 50 50 50 50 50 50 50 50 50 50 50 50 50 50 7 50 50 50 50 50 50 50 50 50 50 50 50 50 50 50 50 50 50 50 50 50 50 50 50 50 50 50 50 50 
50 50 50 50 50 50 50 50 50 50 50 50 50 50 50 50 50 50 50 50 50 50 50 50 50 50 50 50 50 50 50 50 50 50 50 50 50 50 28 50 50 50 50 50 50 50 50 50 50 50 50 27 50 50 50 50 50 50 50 50 50 
50 50 50 50 50 50 50 50 50 50 50 50 50 50 50 50 50 50 50 50 50 50 50 50 50 50 50 50 50 50 50 50 14 50 50 50 50 50 50 50 50 50 50 50 50 50 50 50 50 50 50 50 50 50 50 50 50 50 50 50 
50 50 50 50 50 50 50 50 50 50 50 50 50 20 50 50 50 50 50 50 50 50 50 50 50 50 50 50 50 50 50 50 50 50 50 50 50 50 50 50 50 50 50 50 50 50 50 50 50 50 24 50 50 50 50 50 50 50 50 
50 50 50 50 50 50 13 50 50 50 50 50 50 50 50 50 50 50 50 50 50 50 50 50 50 50 50 50 50 50 50 50 50 50 50 50 50 50 50 50 50 50 50 50 50 50 50 50 50 50 50 50 50 50 50 50 50 50 
50 50 50 50 50 50 50 50 50 50 50 50 50 50 50 50 50 50 50 50 50 50 50 50 50 50 50 50 50 50 50 50 50 50 50 50 50 50 50 50 50 50 50 50 50 50 46 50 50 50 50 50 50 50 50 50 50 
50 50 50 50 50 50 50 50 50 50 50 50 50 50 50 50 50 50 50 50 50 50 50 50 50 50 50 50 50 50 50 50 50 50 50 50 50 50 50 50 50 50 50 50 50 50 50 50 50 50 50 50 50 50 50 50 
50 50 50 50 50 50 50 50 50 50 50 50 50 50 50 50 50 50 50 50 50 50 50 50 50 50 50 50 50 50 50 50 50 50 50 50 50 50 50 50 50 50 50 50 50 50 50 50 50 50 50 50 50 50 50 
50 50 50 50 50 50 50 50 50 50 50 50 50 50 50 50 50 50 50 50 50 50 50 50 50 50 50 50 50 50 50 50 50 50 50 50 50 50 50 50 50 50 50 50 50 50 50 50 50 50 50 50 50 50 
50 50 50 50 50 50 50 50 50 50 50 50 50 50 50 50 50 50 50 50 50 50 50 50 50 50 50 50 50 50 50 50 50 50 50 50 50 50 50 50 50 50 50 50 50 50 50 50 50 50 50 50 50 
50 50 50 50 50 50 50 50 50 50 50 50 50 50 50 50 50 50 50 50 50 50 50 50 50 50 50 50 50 50 50 50 50 50 50 50 50 50 50 50 50 50 50 50 50 50 50 50 50 50 50 50 
50 50 50 50 50 50 50 50 50 50 50 50 50 50 50 50 50 50 50 50 50 50 50 50 50 50 50 50 50 50 50 50 50 50 50 50 50 50 50 50 50 50 50 43 50 50 50 50 50 50 50 
50 50 50 50 50 50 50 50 50 50 50 50 50 50 50 50 50 50 50 50 50 50 50 50 50 50 50 50 40 50 50 50 50 50 50 50 50 50 50 50 50 50 50 50 50 50 50 50 50 50 
50 50 50 50 50 50 50 50 50 50 50 50 50 50 50 50 50 50 50 50 50 50 50 50 50 50 50 50 50 50 50 50 50 50 50 50 50 50 50 50 50 50 50 50 50 50 50 50 50 
50 50 50 50 50 50 50 50 50 50 50 50 50 50 50 50 50 50 50 50 50 50 50 50 50 50 50 50 50 50 50 50 50 50 50 50 50 50 50 50 50 50 50 50 50 50 50 50 
50 50 50 50 50 9 50 50 50 50 50 50 50 50 50 50 50 50 50 50 50 50 50 50 50 50 50 50 24 50 50 50 50 50 50 50 50 50 50 50 50 50 50 50 50 50 50 
50 50 50 50 50 50 50 50 50 50 50 50 50 50 50 50 50 50 50 50 50 50 50 50 50 50 50 50 50 50 50 50 50 50 50 50 50 50 50 50 50 50 50 50 50 50 
50 50 50 50 50 50 50 50 50 50 50 50 50 50 50 50 50 50 50 50 50 50 50 50 50 50 50 50 50 50 50 50 8 50 50 50 50 50 50 50 50 50 50 50 50 
50 50 50 50 50 50 50 50 50 50 50 50 50 50 50 50 50 50 50 50 50 50 50 50 50 50 50 50 50 50 50 50 50 50 50 50 50 50 50 50 50 50 50 50 
50 50 50 50 50 50 50 50 50 50 50 50 50 50 50 50 50 50 50 50 50 50 50 50 50 50 50 50 50 50 50 50 50 50 50 50 50 50 50 50 50 50 50 
50 50 50 50 50 50 50 50 50 50 28 50 50 50 50 50 24 50 50 50 50 50 50 50 50 50 50 50 50 50 50 50 50 50 50 50 50 50 50 50 50 50 
50 50 50 50 50 50 50 50 50 50 50 50 50 50 50 50 50 50 50 50 50 50 50 50 50 50 50 50 50 50 50 50 50 50 50 50 50 50 3 50 50 
50 50 50 50 50 50 50 50 50 50 50 18 50 50 50 50 50 50 50 50 50 50 50 50 50 50 50 50 50 50 50 50 50 50 50 50 50 50 50 50 
50 50 50 50 50 50 50 50 50 50 50 50 50 50 50 50 50 50 50 50 50 50 50 50 50 50 50 50 50 50 50 50 50 50 50 50 50 50 50 
50 50 50 50 50 50 50 50 50 50 50 50 50 50 50 50 50 50 50 50 50 50 50 50 50 50 50 50 50 50 50 50 50 50 50 50 50 50 
50 50 50 50 50 50 50 50 50 50 50 50 50 50 50 50 50 50 50 50 50 50 8 50 50 50 50 50 50 50 50 50 50 50 50 50 50 
50 50 50 50 50 50 50 50 50 50 50 50 50 50 50 50 50 50 50 50 50 50 50 50 50 50 50 50 50 50 50 50 50 50 50 50 
50 50 50 50 50 50 50 50 50 50 50 50 50 50 50 50 50 50 50 50 50 50 50 50 50 47 50 50 50 50 50 50 50 50 50 
50 50 50 50 50 50 50 50 50 50 50 50 50 50 50 50 50 50 50 50 50 50 50 50 50 50 50 50 50 50 50 50 50 50 
50 50 50 50 50 50 50 50 50 50 50 50 50 50 50 50 50 50 50 50 50 50 50 50 50 50 50 50 50 50 50 50 50 
50 50 50 50 50 50 50 50 50 50 50 50 50 50 50 50 50 50 50 50 50 50 50 50 50 50 50 50 50 50 50 50 
50 50 50 50 50 50 35 50 50 50 50 50 50 50 50 50 50 50 50 50 50 50 50 50 50 50 50 50 50 50 50 
50 50 50 50 50 50 50 50 50 50 50 50 50 50 50 50 50 50 50 50 50 50 50 50 50 50 50 50 50 50 
50 50 50 50 50 50 50 50 50 50 50 50 50 50 50 50 50 50 50 50 50 50 50 50 50 50 50 50 50 
50 50 50 50 50 50 50 50 50 50 50 50 50 50 50 50 50 50 50 50 50 50 50 50 50 50 50 50 
50 50 50 50 50 50 50 50 50 50 50 50 50 50 50 50 50 50 50 50 50 50 50 50 50 50 50 
50 50 50 50 50 50 50 50 50 50 50 50 50 50 50 50 50 50 50 50 50 50 50 50 50 50 
50 50 50 50 50 50 50 50 50 50 50 50 50 50 50 50 24 50 50 50 50 50 50 50 50 
50 50 50 50 50 50 50 50 50 50 50 50 50 50 50 50 50 50 50 50 50 50 50 50 
50 50 50 50 50 50 50 50 50 50 50 50 50 50 50 50 50 50 50 50 50 50 50 
50 50 50 50 50 50 50 50 50 50 50 50 50 50 50 3 50 50 50 50 50 50 
50 50 50 50 50 50 50 50 50 50 50 50 50 50 50 50 50 50 50 50 50 
50 50 50 50 50 50 50 50 50 50 50 50 50 50 50 50 50 50 50 50 
50 50 50 50 50 50 50 50 50 50 50 50 50 50 50 50 50 50 50 
50 50 50 50 50 50 50 44 50 50 50 50 50 50 50 50 50 50 
50 50 50 50 50 50 50 50 50 50 50 50 50 50 50 50 50 
50 50 50 50 50 50 50 50 50 50 50 50 50 50 50 50 
50 50 50 50 50 50 50 50 50 50 50 50 50 50 50 
50 50 50 50 50 50 50 50 50 50 50 50 50 50 
50 50 50 50 50 50 50 50 50 50 50 50 50 
50 50 50 50 50 50 50 50 50 50 50 50 
50 50 50 50 50 50 50 50 50 50 50 
50 50 50 50 50 50 50 50 50 50 
50 50 50 50 50 50 50 50 50 
50 50 50 50 50 50 50 50 
50 50 50 50 50 50 50 
50 50 50 50 50 50 
50 50 50 50 50 
50 50 50 50 
50 50 50 
50 50 
50 

