200 50
50 47 50 39 50 50 50 26 19 50 50 42 50 45 4 5 50 50 6 50 12 15 4 10 50 26 50 10 50 26 50 22 43 11 48 43 35 37 50 50 16 50 50 50 28 50 50 50 50 8 50 50 50 50 18 31 20 39 39 0 27 7 38 50 18 50 18 1 50 31 36 19 2 50 50 50 50 23 50 14 18 50 21 50 50 50 50 50 8 25 42 50 23 26 50 25 45 1 2 50 11 8 50 43 47 50 50 44 50 50 24 50 47 50 17 2 26 50 9 21 50 14 50 2 50 28 1 50 50 50 50 50 19 26 13 50 2 38 41 50 50 17 50 22 50 4 50 0 3 10 8 19 0 34 47 50 50 44 48 23 50 43 13 13 50 13 7 50 50 3 43 50 50 50 50 13 2 50 50 50 28 50 39 35 0 50 23 34 39 22 9 50 50 30 9 50 43 5 50 
25 38 7 9 50 50 50 50 19 2 50 50 6 29 42 13 50 50 50 8 50 50 22 12 33 50 50 31 17 50 2 50 50 32 41 50 50 50 50 49 6 50 50 50 17 50 50 50 50 20 44 14 8 50 31 50 50 6 50 50 10 19 9 50 50 50 50 32 11 10 50 50 0 14 50 50 47 26 33 19 50 50 13 27 50 50 38 50 19 16 50 50 50 27 50 50 50 50 50 50 10 50 5 50 46 50 1 7 29 18 42 50 8 50 14 13 20 50 4 50 45 7 50 50 50 50 50 8 26 11 50 2 45 50 50 48 50 50 41 2 32 50 23 50 50 25 50 50 50 1 32 46 50 50 35 19 49 50 23 50 50 46 50 50 50 34 20 14 17 21 50 50 50 50 26 45 14 12 50 50 14 50 19 17 50 40 3 26 50 50 23 21 36 5 50 1 15 50 
34 41 50 50 50 37 35 47 26 18 50 25 3 0 40 4 25 50 4 50 31 50 50 0 50 35 50 11 50 29 50 34 46 49 50 41 50 50 40 50 30 9 50 16 50 2 17 50 43 41 7 10 48 7 50 22 18 39 50 17 2 36 5 50 50 44 0 50 43 50 26 50 26 50 50 15 36 50 25 33 35 50 50 50 47 8 50 24 50 50 50 36 50 50 48 50 16 50 50 45 50 50 50 33 43 50 24 50 10 50 50 50 32 50 35 38 50 7 50 50 28 50 23 50 50 4 50 33 50 50 36 50 44 25 18 44 50 50 50 50 0 26 50 44 41 50 34 50 50 50 50 10 33 50 50 50 50 50 50 47 50 36 9 18 50 50 50 29 38 30 21 50 50 14 2 50 0 50 50 45 24 50 50 50 23 9 46 26 50 50 50 50 50 34 50 50 50 
47 3 50 50 21 50 47 50 23 50 50 50 2 20 38 11 50 45 50 50 22 30 34 42 50 44 50 11 50 50 50 50 50 50 50 50 12 50 50 0 50 35 50 25 50 16 50 44 40 50 50 50 50 50 13 9 50 50 14 4 21 50 34 39 37 25 50 3 50 50 50 50 50 50 37 50 50 50 50 23 50 50 50 50 50 42 1 41 9 47 24 21 50 50 50 39 46 14 11 35 24 7 50 50 22 50 50 41 46 50 9 50 45 50 41 30 49 34 50 20 50 50 43 2 50 10 50 48 47 50 37 31 50 18 21 23 36 43 37 50 15 1 29 50 16 21 21 50 23 24 50 41 31 50 37 50 50 50 50 14 19 3 34 50 50 24 50 4 15 13 50 50 11 17 50 13 28 50 50 50 50 50 11 50 50 2 50 4 50 27 50 50 26 26 27 9 
50 43 49 50 50 7 40 50 3 50 31 40 46 50 14 19 50 42 50 41 46 37 50 50 50 50 45 7 35 0 50 9 50 25 50 29 50 29 50 11 44 50 43 18 20 50 10 50 23 50 50 50 50 13 0 50 50 28 42 29 50 50 50 50 50 50 27 44 39 4 41 50 50 50 50 8 50 4 50 50 50 50 38 3 4 50 6 11 44 50 50 50 21 25 40 42 50 13 36 50 20 50 34 50 21 50 22 50 50 0 50 30 36 25 23 50 25 3 11 24 36 13 10 50 50 6 50 50 43 5 50 26 50 47 50 50 9 50 47 50 45 21 32 19 50 35 50 31 50 36 25 17 50 3 50 27 45 8 31 44 50 50 50 50 44 42 50 40 50 28 50 50 50 1 47 50 41 50 50 36 27 47 10 2 3 50 50 50 1 6 19 50 50 50 50 
12 42 50 48 43 50 50 5 50 15 30 50 14 50 15 50 50 9 50 23 49 50 13 50 50 50 11 35 50 50 13 6 50 50 50 50 50 41 16 25 25 11 50 50 50 30 50 44 50 50 28 50 50 50 50 50 9 6 14 50 24 0 50 35 50 32 50 5 50 50 50 50 31 19 28 35 32 50 50 50 50 35 47 16 50 50 36 50 50 50 37 50 50 35 48 50 50 50 50 17 50 50 50 29 14 49 50 33 50 26 36 23 50 29 50 7 50 10 50 25 50 50 43 50 50 22 50 37 10 50 2 13 50 50 48 50 50 39 50 50 19 29 50 30 50 18 0 50 12 50 48 50 50 9 10 50 30 19 3 50 14 50 36 45 30 9 50 11 50 45 34 48 50 8 33 50 2 16 50 50 50 42 50 18 49 0 8 0 6 50 50 50 8 33 
50 19 20 50 49 50 50 50 50 19 34 41 33 50 50 7 50 50 50 48 46 50 50 50 44 50 43 36 49 50 50 50 50 50 50 0 50 50 50 50 50 21 50 22 37 35 28 36 18 35 50 50 14 27 50 50 50 31 17 10 50 42 50 34 50 24 50 43 9 5 1 16 50 7 50 50 50 50 50 26 10 13 50 3 50 9 50 50 50 25 50 50 50 39 7 50 33 50 50 50 50 23 45 47 50 50 1 50 50 23 50 41 50 50 50 50 50 50 50 27 50 40 28 50 0 5 31 12 50 50 50 33 50 50 50 50 50 12 9 40 40 50 43 50 33 36 50 1 21 50 25 28 21 50 14 50 50 50 23 50 17 50 50 50 50 38 41 28 50 13 42 50 0 5 50 50 50 50 32 50 36 32 1 50 50 50 50 4 50 31 21 41 21 
43 50 50 50 50 48 25 50 5 50 44 50 50 50 3 10 50 50 50 50 8 50 43 50 21 50 25 7 50 50 19 50 32 25 45 6 8 50 50 44 50 5 50 50 50 45 10 31 21 50 50 16 50 50 4 41 37 50 31 50 50 50 21 50 50 13 50 17 50 6 42 4 33 5 31 5 50 32 41 17 24 50 26 50 50 27 38 50 50 50 13 50 37 23 31 47 33 50 7 6 46 11 42 15 38 38 31 15 12 10 50 21 22 50 50 8 43 30 50 50 48 0 24 4 50 30 42 50 20 30 49 6 25 50 0 37 35 30 2 28 1 34 50 50 46 45 24 3 50 38 34 50 25 50 2 22 50 50 50 50 50 50 50 16 44 16 50 50 24 50 50 3 47 50 11 7 50 50 26 50 45 19 48 50 49 9 50 50 23 16 5 20 
38 50 8 50 31 5 50 42 50 50 50 46 4 50 50 50 44 50 50 6 50 1 27 17 30 50 50 50 50 50 18 3 46 50 50 50 48 50 49 50 8 11 50 50 29 50 23 50 50 50 50 7 20 50 50 50 18 43 50 50 34 50 50 50 19 1 49 1 50 50 50 50 12 49 50 50 3 50 47 7 50 39 50 30 20 50 50 50 50 50 38 48 50 22 15 50 50 50 50 50 16 43 13 50 12 40 37 50 50 50 50 50 50 50 50 38 17 4 44 25 50 2 5 0 5 50 50 50 23 50 12 13 50 50 50 44 21 29 50 50 50 46 31 41 50 50 45 50 17 0 46 50 50 42 50 50 50 21 50 50 50 32 43 8 45 50 34 50 50 19 50 50 42 50 50 16 45 23 49 24 38 50 8 50 50 50 17 50 50 8 46 
1 17 1 27 50 19 0 29 50 15 50 50 28 49 40 22 28 33 37 50 20 5 5 50 18 50 50 50 12 50 11 24 50 50 35 50 50 4 50 41 50 50 50 20 27 50 11 43 8 50 50 50 12 9 50 42 11 50 48 50 50 1 50 1 14 50 11 24 50 50 47 50 15 26 50 50 50 50 50 50 50 50 50 50 50 50 13 50 19 50 21 50 50 50 12 1 41 50 50 0 27 50 50 39 7 24 25 50 42 50 41 31 50 46 50 50 43 50 50 50 50 50 46 3 50 6 37 50 50 25 50 22 13 32 2 44 41 11 45 11 50 50 20 50 50 17 50 13 7 50 19 50 37 3 25 50 50 34 29 8 23 40 2 43 50 48 8 2 49 50 50 8 24 50 50 50 8 36 50 50 50 40 23 50 42 50 16 50 29 50 
39 50 9 50 17 15 50 49 47 16 1 27 50 50 50 50 49 22 40 20 50 50 50 6 50 20 50 36 50 25 23 48 24 41 50 14 22 36 50 50 50 35 47 16 50 50 50 50 14 50 16 28 50 5 50 16 16 0 50 50 19 50 50 20 50 18 45 24 40 50 50 42 50 50 2 50 50 15 50 41 23 9 44 42 43 50 50 50 36 50 50 50 50 26 32 50 26 32 26 50 50 50 9 50 15 50 50 50 27 3 44 40 11 37 25 22 49 4 50 40 35 14 50 16 29 2 11 25 50 45 47 37 47 24 0 30 50 23 35 43 50 50 50 50 11 50 48 44 38 44 50 50 36 50 42 50 31 39 50 50 50 50 50 4 50 35 50 33 50 12 5 5 30 1 23 37 36 43 36 11 50 36 50 50 50 44 1 24 31 
50 50 50 44 20 50 50 39 36 5 34 50 50 34 50 50 12 9 31 5 15 50 14 44 25 50 37 50 50 50 44 50 50 50 26 50 50 50 31 50 50 10 50 44 50 3 46 50 36 44 50 12 50 50 50 2 36 50 50 50 31 8 50 50 21 33 50 50 45 6 50 14 40 50 50 26 42 38 12 27 35 50 50 50 3 50 50 41 35 32 50 19 50 50 50 50 45 50 50 50 46 48 26 46 29 50 50 50 26 17 20 50 22 50 50 37 48 3 14 40 39 31 50 8 37 29 17 10 50 50 17 34 50 50 50 50 50 25 50 33 36 50 50 40 43 27 50 34 50 50 50 30 33 50 50 50 10 12 50 34 35 50 50 20 42 50 30 38 50 27 50 43 50 50 28 50 16 50 50 4 20 50 50 32 4 50 44 50 
12 43 50 0 50 39 50 26 50 50 50 50 50 40 50 28 50 11 4 50 50 50 50 50 42 1 9 22 50 50 41 50 46 50 41 50 8 50 38 4 50 50 50 50 50 18 41 48 5 13 46 48 46 50 50 50 12 50 28 41 50 50 50 50 50 50 50 9 50 47 26 50 27 50 5 4 47 22 16 34 30 50 35 50 20 50 10 46 50 7 50 50 50 50 50 34 36 17 2 35 50 19 11 37 50 50 50 50 50 50 13 23 36 50 43 15 50 10 50 50 50 36 50 32 8 7 3 40 50 25 23 49 46 43 35 35 50 35 14 22 50 20 50 50 33 22 50 17 47 50 33 50 50 38 25 50 47 25 28 34 50 50 4 31 50 28 8 50 50 34 22 8 50 10 50 50 50 50 50 18 18 15 50 45 3 50 50 
10 50 43 50 19 50 46 26 50 50 50 27 38 50 16 50 35 50 50 41 50 50 42 43 36 20 21 50 25 3 9 46 24 16 50 50 45 50 8 2 50 50 43 50 45 50 35 17 36 29 42 37 33 50 22 50 50 50 50 33 8 41 28 12 50 29 50 50 6 50 41 14 3 50 48 26 40 31 50 50 50 34 50 50 0 50 50 21 50 30 50 37 34 26 50 10 27 34 50 50 50 33 50 50 24 5 50 15 17 42 50 50 3 50 50 10 50 1 23 42 17 50 50 50 50 50 50 29 23 26 50 38 1 26 50 22 0 3 50 50 50 14 50 34 50 11 43 50 50 46 50 50 50 44 44 49 13 31 50 50 50 7 38 50 50 17 16 50 50 30 50 50 17 50 8 50 50 27 18 29 50 50 1 50 32 47 
50 11 20 50 50 44 36 50 50 50 26 50 2 50 50 14 50 50 50 50 18 50 32 50 50 5 50 8 23 45 30 18 50 5 14 49 29 30 43 20 48 1 50 50 33 2 5 34 19 50 39 27 50 50 32 22 37 14 50 50 50 23 5 50 50 23 48 50 22 12 31 5 42 42 8 50 36 17 20 4 50 37 50 39 50 50 43 21 50 29 46 1 50 50 26 50 50 48 42 12 0 38 48 50 11 50 34 8 12 50 50 50 17 50 50 50 49 46 16 40 26 0 12 40 31 50 14 11 50 50 50 10 40 50 50 20 22 24 50 50 32 32 50 50 50 50 20 50 1 43 47 48 50 16 50 50 50 50 50 50 50 50 50 42 50 50 12 13 0 43 50 5 50 10 47 50 45 43 50 50 22 6 50 50 50 
21 50 50 50 50 50 44 50 7 50 50 50 0 50 35 50 46 50 50 50 40 2 50 1 50 50 50 20 28 50 50 50 50 50 50 50 27 12 7 50 22 50 50 50 35 25 50 36 43 35 50 1 50 50 50 50 50 42 0 48 27 50 17 50 50 40 20 19 50 38 33 21 50 50 50 2 50 50 50 26 50 50 50 40 50 50 21 50 50 48 50 50 27 41 50 28 50 50 10 50 50 50 50 50 37 46 9 24 35 33 37 30 50 42 50 50 50 50 43 50 28 50 10 30 40 50 33 50 2 1 11 50 44 8 32 50 50 8 24 46 9 50 35 50 25 42 50 48 50 47 23 50 50 50 47 1 50 25 21 50 36 49 7 20 21 0 50 50 31 4 41 50 50 32 50 50 7 50 50 50 22 50 50 36 
50 22 50 50 33 1 12 50 50 36 50 26 50 33 50 41 47 14 31 14 50 50 33 7 14 50 47 40 31 17 50 39 50 50 16 5 50 50 22 23 50 47 40 50 7 50 48 3 42 45 10 19 18 28 46 50 50 17 50 21 50 50 33 50 25 3 50 50 47 0 25 50 4 50 50 4 41 37 37 8 50 22 24 50 50 50 50 50 50 50 13 0 50 50 30 50 34 50 50 50 2 49 50 50 50 50 50 50 50 50 50 50 50 50 21 49 48 14 38 3 50 50 50 50 50 50 50 50 50 50 14 50 18 50 50 33 50 5 50 50 50 50 50 38 4 50 50 26 50 38 50 50 50 50 29 50 7 50 50 32 50 50 50 19 50 50 50 20 50 34 35 48 50 43 50 43 50 50 22 18 47 5 48 
21 50 41 10 50 25 50 44 27 32 7 14 50 18 50 18 29 50 20 50 35 16 50 50 10 12 35 2 41 45 50 50 50 0 20 50 50 50 28 16 50 24 50 3 26 4 50 22 1 50 32 46 21 50 38 45 8 50 50 1 31 50 50 50 21 4 24 17 50 4 26 50 11 1 45 29 28 18 6 50 5 38 12 50 38 19 50 50 14 24 34 50 2 50 50 50 33 48 50 3 31 50 50 36 10 5 43 0 50 6 50 50 32 17 44 35 50 50 50 50 25 48 0 43 19 2 21 50 50 2 33 50 20 7 50 50 39 50 50 34 50 44 3 50 50 50 36 12 50 13 50 19 11 8 43 26 16 50 37 2 50 50 50 50 13 27 35 22 27 46 41 50 50 22 40 50 47 6 50 50 50 10 
50 50 14 21 45 38 50 50 50 50 18 27 50 49 20 50 32 14 14 50 50 20 50 21 34 50 21 24 30 47 11 37 3 7 5 29 50 50 40 4 50 50 5 7 41 50 50 13 50 50 32 7 50 37 50 35 49 50 16 32 50 41 1 50 50 7 23 50 50 50 46 37 2 50 33 8 50 30 50 50 50 49 50 50 12 50 9 50 50 35 50 20 50 50 5 27 9 3 50 14 50 15 2 18 50 12 2 50 50 50 50 50 50 50 50 46 46 6 19 16 50 31 42 20 4 15 50 24 10 50 50 50 20 24 50 2 50 50 21 50 26 15 42 50 50 28 11 23 50 5 15 50 50 19 50 47 50 15 29 16 10 50 5 50 10 46 50 6 50 50 50 12 37 49 50 50 50 50 44 50 50 
50 50 50 50 20 50 34 50 50 42 23 7 50 50 50 6 7 50 31 50 42 49 50 36 50 50 9 1 19 50 50 50 39 14 50 40 47 33 18 50 50 3 21 4 3 45 5 16 50 50 50 29 6 50 50 6 36 50 28 50 50 7 50 50 30 50 50 50 50 50 6 37 50 50 1 1 50 39 50 50 13 30 50 40 50 44 30 50 50 50 45 50 50 38 29 49 50 23 15 2 47 50 50 50 25 50 16 23 50 50 33 6 50 49 50 31 9 50 31 50 50 42 37 50 3 41 35 10 50 13 12 6 50 18 50 10 50 47 50 16 50 50 5 47 16 35 3 50 50 50 50 50 13 17 50 27 31 19 50 8 50 32 32 35 50 21 50 50 5 50 23 6 23 50 50 50 31 0 50 50 
33 50 2 1 50 50 50 11 50 50 50 2 45 50 31 50 50 50 20 0 50 16 50 1 50 50 15 50 34 42 4 50 50 29 50 11 50 25 50 48 18 17 50 16 50 22 50 50 39 50 50 7 50 50 50 50 24 50 50 10 34 50 50 50 14 20 5 50 36 50 15 8 7 24 23 50 50 25 50 50 45 23 13 11 50 50 49 2 50 50 50 48 50 1 18 2 36 50 50 50 36 25 11 25 50 50 4 50 50 50 50 50 50 26 50 16 50 7 5 50 3 6 15 50 50 43 43 50 50 34 50 50 50 48 50 50 50 23 36 27 27 50 23 50 11 4 50 50 50 14 42 50 50 28 50 22 50 12 15 30 50 26 5 50 50 16 50 42 31 50 37 50 50 50 50 50 50 11 50 
50 21 18 28 50 38 25 50 16 50 33 44 50 32 24 50 1 27 38 16 14 21 36 50 29 3 50 50 39 50 50 38 25 47 50 50 23 48 8 50 42 50 28 50 50 50 11 50 50 50 34 12 28 50 37 8 17 41 33 22 10 50 47 50 36 50 28 39 50 50 5 29 41 50 50 43 42 15 5 10 34 29 50 50 10 50 45 35 50 27 50 50 50 50 50 31 0 14 50 6 50 50 7 46 50 35 26 8 50 7 5 44 5 50 50 50 50 25 50 10 50 50 30 19 11 50 34 50 6 20 50 26 25 50 50 50 50 50 14 43 2 49 50 38 38 50 50 50 37 50 50 15 13 50 50 50 32 14 50 31 50 9 5 36 50 18 50 44 50 50 50 16 41 50 50 50 44 22 
50 44 32 4 24 16 29 50 36 50 50 36 50 16 31 11 23 31 22 11 7 50 44 50 50 31 29 50 42 48 4 50 50 48 50 2 50 50 50 19 12 50 50 22 50 50 21 50 50 50 37 50 12 44 50 43 50 50 50 50 1 30 41 38 14 50 8 50 50 3 26 23 30 46 3 4 50 34 47 50 50 29 35 50 50 50 21 50 12 11 50 48 16 16 50 15 22 32 50 50 33 50 50 48 46 34 50 50 50 8 19 50 25 13 50 22 0 50 44 0 22 50 50 50 3 3 50 50 50 50 0 9 45 46 20 50 50 32 35 1 5 50 18 39 21 2 16 49 50 17 50 50 50 16 50 47 50 50 50 21 3 50 50 10 50 21 50 50 50 4 34 36 18 41 38 50 50 
15 0 50 3 17 44 35 47 26 50 9 43 41 7 50 36 16 33 40 49 50 4 46 50 50 50 43 31 19 20 50 50 50 14 50 19 5 50 50 1 9 6 45 19 32 18 50 50 7 13 50 50 50 50 45 50 50 5 50 36 50 50 50 50 50 21 50 27 28 50 35 21 50 50 3 50 28 50 50 49 18 30 50 50 11 50 50 41 42 50 50 50 26 33 21 17 26 50 50 23 50 13 41 49 20 34 2 50 50 37 50 50 6 28 12 4 50 23 50 50 20 32 50 25 50 14 48 21 50 47 40 36 50 50 1 50 1 37 43 50 46 20 50 47 50 35 17 50 50 9 15 50 50 46 44 42 5 1 50 46 50 50 5 33 50 23 50 24 50 29 50 40 6 33 49 4 
50 46 50 0 50 30 50 4 16 50 31 20 50 50 19 50 14 50 50 49 12 36 50 46 32 50 50 30 50 1 32 29 50 50 50 50 50 50 9 30 50 4 50 50 50 50 50 9 50 50 24 10 50 50 50 43 50 7 50 50 0 18 50 44 50 15 50 44 13 28 50 20 50 45 50 50 50 50 50 50 50 5 39 43 50 50 9 45 50 25 12 50 50 50 50 28 43 50 50 50 9 50 50 50 50 50 50 41 39 50 0 10 50 2 10 24 50 50 23 50 46 38 50 1 31 45 50 23 50 35 50 50 47 14 13 50 8 50 50 4 31 50 24 50 15 50 11 5 2 18 45 8 50 6 46 50 50 27 44 9 50 10 26 50 50 47 50 41 15 3 38 50 50 50 16 
50 22 27 50 45 50 42 3 15 40 50 15 50 50 50 50 50 19 10 39 50 21 50 50 14 25 1 50 40 35 50 46 35 50 50 50 20 5 32 30 50 50 50 5 50 50 20 50 21 50 50 50 50 11 11 16 50 2 50 50 50 37 23 26 5 50 50 49 50 9 50 17 22 20 41 50 50 49 21 50 50 50 8 27 50 50 50 50 50 50 37 50 50 50 48 46 50 9 16 50 27 5 50 28 21 50 50 50 26 50 43 50 23 33 15 42 31 26 50 37 50 34 50 50 7 36 50 49 50 50 18 50 1 40 3 28 5 22 21 50 34 4 45 50 33 23 16 8 40 16 10 33 13 0 15 28 5 8 37 33 50 6 10 8 29 50 50 30 50 33 13 50 5 32 
50 50 50 21 23 50 41 1 7 5 50 47 50 50 50 47 19 25 50 50 12 50 35 29 50 11 13 4 50 13 4 39 41 50 2 50 50 50 45 50 50 47 10 17 37 1 21 50 50 50 32 50 28 18 27 50 18 10 8 50 21 40 50 0 29 22 50 50 50 50 50 22 50 12 50 50 40 50 4 50 50 25 15 50 48 50 41 50 20 39 26 41 50 27 36 50 14 32 50 20 22 50 50 50 50 48 50 50 37 50 50 28 50 40 48 50 50 29 41 26 50 47 47 50 50 50 50 20 6 50 20 50 44 20 50 50 50 9 50 50 6 50 12 1 36 50 50 50 37 50 50 50 21 50 27 38 50 2 10 33 19 10 50 50 14 12 47 50 1 19 17 28 21 
50 29 46 50 1 50 50 50 38 50 7 50 50 19 21 11 45 1 50 44 40 20 50 50 49 50 50 31 50 6 34 50 38 27 50 50 3 50 40 49 14 16 24 50 40 49 50 35 50 1 34 50 22 34 50 2 24 50 6 43 50 34 41 50 50 50 50 45 50 50 10 46 37 50 19 18 50 37 45 2 39 2 50 50 50 50 50 50 50 50 0 50 50 50 32 50 35 50 33 50 35 33 29 10 24 50 12 50 50 28 2 50 26 50 50 10 50 32 3 50 15 50 50 50 38 49 50 50 15 50 33 50 27 50 50 41 39 36 46 50 50 29 48 50 36 23 43 31 45 45 50 44 50 15 25 3 50 30 50 50 50 30 50 50 50 23 38 50 12 37 42 19 
50 41 48 48 38 29 48 15 29 29 2 15 50 44 0 5 50 50 50 6 11 33 50 50 50 48 50 13 23 46 50 13 44 23 46 38 39 50 24 50 50 27 50 39 41 34 50 18 32 50 45 50 24 34 44 50 28 50 10 19 34 44 0 50 50 50 50 15 23 29 50 33 50 23 45 16 27 3 37 5 23 50 30 50 35 8 50 50 20 50 46 50 41 29 50 20 50 50 50 50 9 50 50 34 50 50 6 32 17 14 2 20 50 50 50 16 50 0 50 46 22 42 50 50 13 43 50 50 50 16 32 21 50 50 50 20 21 24 0 4 50 50 46 50 32 50 34 34 1 26 50 13 5 50 40 7 22 13 15 23 50 50 45 50 5 50 50 4 50 50 30 
14 5 50 50 41 32 9 50 27 50 18 43 50 50 45 2 50 50 24 50 17 6 50 26 50 50 50 50 44 0 32 50 42 14 28 43 50 10 5 23 50 36 50 28 31 9 50 50 16 50 50 31 33 17 50 50 31 49 27 50 50 28 50 18 41 50 50 11 17 50 50 50 35 50 50 27 40 50 50 27 1 35 50 50 8 15 50 50 50 50 50 50 50 31 39 50 10 1 9 33 50 6 36 50 33 50 50 6 50 9 37 50 22 23 50 50 48 1 50 50 50 21 50 50 35 50 47 12 0 50 17 50 50 16 22 16 1 25 50 43 48 50 6 50 33 50 28 14 50 7 8 23 20 50 50 6 50 50 50 50 50 50 6 50 26 5 50 50 50 50 
8 50 50 20 50 42 50 50 9 1 46 6 50 4 49 23 17 50 25 4 27 25 50 50 0 50 50 50 47 50 40 50 50 4 50 49 50 13 43 50 50 7 3 24 50 50 47 50 50 50 30 50 31 1 50 38 41 50 50 50 24 50 44 49 11 50 50 50 0 50 32 8 50 1 32 27 33 50 10 50 50 9 50 50 50 50 23 9 50 48 4 16 40 35 50 50 50 30 46 23 4 42 50 50 50 50 0 50 50 42 50 50 26 26 43 50 50 41 13 50 10 50 50 50 50 50 13 32 50 39 48 28 50 6 16 50 50 12 50 50 19 50 50 50 8 50 32 50 50 44 31 50 24 50 46 0 50 43 50 36 39 32 50 42 50 7 50 45 2 
28 34 39 13 50 41 20 50 50 50 12 37 50 50 50 29 50 50 50 50 13 50 44 36 16 50 2 50 12 8 30 5 32 50 50 50 50 49 17 50 2 50 43 50 36 50 24 29 50 50 50 50 21 50 7 8 4 1 17 50 22 16 50 49 23 40 50 46 6 0 32 50 50 50 1 50 38 3 50 1 9 50 27 40 9 50 43 50 50 50 50 50 50 50 12 50 50 30 33 27 44 50 50 36 45 50 29 2 31 50 50 46 39 50 33 26 50 28 50 0 50 34 20 50 50 37 50 50 50 5 50 50 45 5 50 50 15 49 50 50 50 50 50 50 50 10 27 50 50 8 35 28 50 31 8 0 50 28 50 50 27 50 50 25 19 14 27 29 
36 50 43 46 1 50 27 50 33 38 50 50 50 40 46 50 14 2 0 20 17 29 23 11 50 42 5 20 1 50 50 50 13 50 24 50 21 50 50 50 6 34 23 47 50 48 23 50 12 50 6 34 24 43 28 12 50 50 50 24 2 8 24 50 50 50 6 50 50 50 3 50 22 24 11 50 4 16 25 50 50 46 50 0 50 50 50 50 11 50 38 50 50 50 2 20 34 40 34 50 0 25 50 50 5 14 50 12 50 43 39 41 27 12 38 25 4 26 50 31 17 38 30 16 25 37 50 50 7 50 6 1 50 50 14 50 11 8 50 50 43 50 50 50 50 32 39 11 50 50 50 50 50 38 50 6 50 50 45 11 50 50 30 31 50 50 11 
50 50 50 50 50 2 48 36 50 20 20 50 22 50 50 3 50 50 50 37 29 21 10 50 50 1 50 13 14 50 50 50 35 50 50 15 47 50 9 35 23 24 25 16 10 50 14 46 0 33 50 50 50 19 50 2 27 50 50 49 18 7 19 50 50 14 50 50 50 5 44 50 47 50 50 46 46 6 50 50 30 50 50 50 50 50 50 50 50 38 27 50 28 23 17 17 8 27 7 50 50 42 38 50 44 50 50 50 27 50 46 12 50 50 42 40 7 50 50 3 50 31 23 50 25 17 50 13 50 50 50 47 23 50 50 8 30 29 50 50 50 27 23 8 50 50 48 50 33 11 0 21 27 47 7 6 50 50 34 50 7 34 50 30 12 9 
50 48 5 50 1 0 17 50 50 50 17 17 14 13 18 50 9 50 1 21 40 41 50 12 36 31 11 27 30 50 50 50 50 35 37 4 50 26 50 50 50 32 28 50 50 23 9 39 10 50 6 10 50 22 4 35 50 13 50 43 50 50 12 36 3 50 50 48 50 50 10 7 50 16 18 36 50 45 50 50 13 50 50 50 50 20 17 50 7 50 29 50 15 50 0 26 50 33 50 50 36 30 12 15 50 50 50 19 50 33 27 1 47 47 50 50 50 44 47 50 50 24 10 50 50 49 50 29 50 50 50 7 38 50 50 50 37 50 18 50 33 50 11 12 50 25 50 50 16 50 43 50 50 6 50 50 50 50 50 50 50 37 50 32 50 
37 50 50 4 8 50 17 50 43 38 34 12 50 50 48 16 50 22 33 0 10 50 46 19 48 50 33 50 50 9 50 35 41 50 50 23 15 50 50 13 50 44 38 42 50 35 36 50 27 35 14 50 35 50 50 50 13 50 50 28 50 50 50 26 4 47 1 50 39 50 50 50 34 50 2 22 37 50 50 50 50 50 34 25 44 6 4 50 23 15 3 27 18 50 50 48 50 50 50 50 50 50 1 50 27 50 10 32 50 4 50 31 0 27 25 44 35 50 50 50 4 50 1 50 50 50 3 46 50 33 50 32 50 41 6 4 50 50 33 13 20 50 50 50 50 50 50 33 13 50 1 50 0 50 45 50 16 3 8 40 50 27 50 50 
50 50 50 50 44 50 36 35 50 50 14 50 50 27 28 37 50 1 50 50 50 37 9 7 50 50 50 48 50 50 25 49 50 11 50 3 22 40 50 50 50 3 36 15 50 37 8 50 50 50 33 20 21 50 34 50 31 7 10 50 45 50 21 48 39 38 50 50 50 50 49 10 26 50 50 45 19 10 35 2 50 46 27 50 12 11 21 14 20 47 50 44 50 39 13 11 50 13 6 50 47 21 50 50 0 50 50 50 50 50 50 39 45 26 12 50 50 50 50 31 4 50 12 9 33 50 38 50 14 39 28 50 33 50 16 50 31 50 50 1 17 50 50 32 50 36 50 16 21 4 23 31 50 36 39 50 38 49 50 50 50 50 41 
45 10 50 16 0 50 50 50 15 37 32 35 50 16 50 50 50 5 41 36 50 44 28 10 50 50 16 50 28 11 50 38 15 37 24 50 50 50 50 17 46 50 13 48 50 5 23 50 34 50 3 50 31 50 9 2 36 39 50 50 50 50 30 50 38 50 11 50 50 41 50 50 50 37 25 50 41 50 7 50 50 5 50 28 50 32 35 14 2 3 50 26 4 50 13 50 13 15 36 50 25 50 32 49 4 50 50 50 50 43 50 30 50 50 50 11 8 15 49 37 30 4 50 24 50 50 50 27 50 50 31 27 18 50 21 27 17 43 50 50 50 50 50 18 50 49 50 48 50 8 34 0 7 46 38 8 50 3 9 50 50 50 
50 50 14 50 50 50 47 25 12 9 11 50 21 50 13 27 50 9 50 48 21 50 50 50 44 50 12 19 4 50 50 50 50 50 50 50 24 50 38 50 50 49 50 50 50 30 50 50 50 37 14 3 50 50 50 50 4 50 42 48 50 0 38 16 50 47 12 4 50 20 50 45 23 50 50 42 32 50 50 50 28 34 9 50 50 3 50 50 44 50 48 47 22 7 50 34 13 50 50 18 50 48 12 50 20 50 50 33 50 21 45 27 50 29 27 50 20 50 50 19 50 50 50 7 50 50 41 31 50 2 20 27 7 50 7 21 48 50 50 50 50 50 50 50 50 6 50 50 17 4 18 31 50 28 50 31 19 30 50 50 50 
27 47 38 50 50 37 25 50 50 50 6 50 24 50 10 50 50 34 43 50 44 17 50 50 20 49 50 41 50 50 8 35 50 50 7 50 50 37 50 39 13 19 50 22 16 6 16 49 50 50 18 28 50 44 50 50 50 21 37 3 18 50 50 47 6 50 10 26 40 31 50 50 0 22 50 34 50 32 25 19 21 32 50 31 46 50 12 50 50 50 47 50 50 13 15 48 50 50 26 50 44 21 49 37 45 50 7 50 50 15 16 14 50 50 20 6 50 50 50 0 50 50 50 50 50 50 50 12 42 50 24 9 32 50 40 19 50 50 14 50 16 16 50 50 50 50 50 47 50 50 4 4 50 50 50 50 50 50 50 35 
50 39 31 50 42 37 49 50 50 18 50 50 50 17 50 50 23 24 40 44 29 50 17 30 42 0 50 50 50 50 50 50 49 50 50 50 50 50 35 50 50 43 50 13 32 50 50 50 40 33 50 24 34 0 50 50 35 50 50 39 50 50 50 36 3 48 17 11 15 50 20 24 50 47 19 48 50 38 50 50 50 50 26 15 50 29 15 50 50 4 43 50 47 50 50 50 28 7 50 50 15 30 37 41 15 38 50 23 34 23 50 50 28 41 50 50 22 50 50 16 4 50 50 50 50 37 50 50 16 50 50 50 50 50 49 37 29 10 29 16 33 50 49 32 37 50 1 50 50 37 50 47 50 50 50 50 2 11 50 
44 4 50 50 50 16 50 32 50 50 16 46 50 15 50 37 50 50 21 50 16 2 23 43 7 18 50 50 35 9 3 50 50 3 50 50 0 50 50 31 36 50 24 50 1 50 50 50 50 5 44 50 48 50 16 50 50 0 35 27 50 15 50 17 24 21 50 50 50 47 50 14 50 50 44 10 6 50 50 25 50 50 50 12 29 11 17 30 50 50 50 50 50 50 1 5 9 50 44 50 50 20 17 16 50 50 18 37 50 8 50 11 50 50 50 48 42 50 32 36 24 21 50 50 11 27 5 41 50 50 27 13 20 3 50 50 20 50 22 50 50 34 50 14 21 50 9 50 49 50 50 37 50 47 21 50 2 50 
50 21 15 25 34 24 1 35 50 16 15 50 47 13 21 50 50 45 50 50 50 50 50 22 4 11 4 23 8 50 23 50 50 50 50 50 50 4 16 50 34 32 50 35 21 50 7 9 43 35 29 11 15 43 50 11 44 50 50 50 14 22 37 50 44 50 13 50 50 31 43 50 2 50 50 25 50 32 37 50 2 50 50 35 50 23 50 50 3 50 50 50 50 50 4 50 50 26 50 50 50 27 26 44 45 38 22 50 34 43 50 50 16 36 36 37 50 16 19 25 32 29 50 50 44 29 30 41 50 50 41 23 50 23 18 34 9 40 50 50 47 50 50 1 8 50 50 49 50 50 9 6 2 50 50 50 48 
24 5 50 15 50 46 33 42 50 50 43 50 50 19 50 40 50 50 50 50 22 36 36 14 5 50 50 19 23 48 26 50 25 50 50 31 50 25 16 50 50 15 50 43 11 36 50 15 42 50 50 12 50 50 50 31 50 50 50 35 44 50 50 50 42 48 26 50 16 27 9 50 37 18 50 41 50 17 50 50 16 50 27 33 35 50 0 45 50 12 47 50 34 50 50 19 50 50 50 11 50 50 43 24 25 2 50 50 22 50 26 50 50 33 24 44 50 50 12 50 50 9 29 46 50 14 35 23 32 50 29 50 50 50 50 50 50 50 17 30 47 50 50 50 50 13 50 50 11 6 50 18 5 50 50 44 
2 50 50 9 49 50 1 50 50 38 50 16 22 50 50 17 50 14 50 50 50 50 50 39 50 8 50 11 17 50 50 50 31 14 50 2 37 28 32 50 11 50 10 11 1 50 28 2 37 9 47 24 50 50 8 27 50 24 50 1 50 15 43 33 50 18 50 23 43 21 12 19 23 50 50 50 50 50 50 26 50 50 50 46 46 11 41 24 50 50 3 50 5 15 50 43 50 50 50 50 13 18 48 41 4 50 50 49 42 9 13 38 48 50 11 27 50 21 44 4 20 14 50 16 50 50 50 50 3 33 26 50 9 6 50 50 49 50 50 13 33 50 50 40 50 38 50 16 40 13 50 50 50 48 50 
50 40 50 50 50 50 38 34 27 50 35 50 50 50 29 50 4 35 49 6 44 4 24 50 50 16 11 47 49 50 50 0 50 50 50 50 14 2 50 50 50 44 50 50 50 1 5 50 50 50 17 50 14 50 16 50 50 41 50 50 48 11 5 50 50 15 50 50 23 45 50 40 45 50 50 23 50 37 50 21 50 50 27 50 50 45 34 48 3 50 13 50 48 50 28 50 0 50 14 22 41 50 50 50 50 46 4 9 50 50 50 36 50 22 50 50 33 50 50 50 27 45 50 30 50 14 37 31 50 4 42 50 50 43 45 50 50 31 48 50 27 50 50 50 50 25 45 50 31 50 50 13 32 27 
50 50 50 50 23 7 50 50 24 7 50 7 50 50 41 50 50 50 4 44 38 6 50 50 39 8 5 50 50 14 27 50 50 11 50 47 50 50 16 14 50 41 50 50 50 5 8 11 35 50 50 29 43 7 4 28 50 50 44 50 0 50 50 50 5 50 50 50 4 18 4 50 50 23 50 26 29 50 8 50 50 42 50 39 37 50 42 50 22 50 18 50 48 45 50 8 20 50 20 45 50 31 1 38 37 2 50 24 1 50 50 14 3 17 50 50 0 29 50 50 35 3 50 22 50 50 50 50 50 40 50 9 3 22 10 50 50 25 16 50 46 50 26 3 50 50 42 50 50 10 50 25 50 
50 33 46 50 9 50 50 40 14 50 50 15 50 50 47 50 50 11 11 3 31 50 42 10 50 7 35 50 34 50 50 39 18 8 0 0 20 50 50 50 9 2 50 16 39 50 47 14 20 50 50 22 43 50 43 6 46 24 15 39 33 17 42 34 18 44 50 50 50 3 5 11 50 50 50 16 29 32 50 40 24 50 23 50 50 48 50 22 43 50 50 27 50 22 22 38 20 50 50 50 50 37 50 50 50 24 30 50 50 50 50 32 50 13 50 32 20 50 6 4 10 50 24 43 4 49 24 11 50 2 50 28 50 50 44 3 37 8 4 42 48 50 13 1 6 44 50 44 18 50 12 36 
17 36 11 50 23 33 22 40 14 50 50 34 50 50 50 23 4 50 50 50 28 45 24 50 8 27 50 41 50 50 8 50 50 20 45 48 39 50 37 50 34 32 50 50 50 50 2 46 39 13 50 50 32 1 38 46 50 50 47 50 50 50 50 50 40 6 0 50 25 50 50 50 16 28 50 50 50 50 21 50 50 50 47 50 15 50 50 49 45 21 15 36 50 17 50 48 46 46 50 50 50 0 50 19 50 50 50 11 21 46 16 50 50 50 4 33 50 37 50 39 13 50 11 50 17 50 50 44 50 38 47 8 50 31 3 50 50 50 20 40 50 31 37 50 50 18 24 19 50 14 50 
7 50 50 50 50 4 50 12 43 50 50 50 50 34 20 19 50 50 19 50 50 50 36 39 45 50 3 5 50 49 47 36 21 50 50 30 50 30 22 28 11 38 46 24 50 50 50 25 50 26 50 50 32 50 39 50 50 42 50 1 50 43 50 28 50 50 50 38 33 10 49 6 10 50 0 49 7 50 28 50 50 9 27 50 12 50 13 13 9 2 48 50 50 7 8 0 22 49 14 50 32 50 8 50 50 50 12 1 50 50 50 50 37 30 50 48 50 1 50 50 50 2 50 50 37 33 50 50 12 50 2 50 50 24 48 49 50 32 50 20 50 28 50 50 50 38 50 50 50 49 
27 40 50 46 40 37 50 25 14 50 43 50 50 32 50 1 50 4 50 50 50 13 50 50 42 37 50 39 0 41 17 40 50 11 35 50 50 47 50 28 50 50 26 23 50 13 50 50 35 50 50 39 50 50 23 43 50 30 50 50 48 25 20 19 4 50 50 18 50 32 50 19 50 46 50 50 50 14 38 12 21 50 50 50 50 43 50 50 1 50 33 8 50 47 17 34 50 15 50 6 50 13 27 50 16 24 48 50 50 50 19 30 13 13 0 10 25 10 42 50 25 1 17 33 7 39 50 50 16 42 42 50 4 7 45 11 22 50 24 17 28 50 22 50 25 44 16 50 50 
42 10 50 50 36 50 50 50 42 50 40 19 50 31 50 0 50 50 34 12 50 47 50 1 21 50 40 3 15 24 33 8 22 39 50 50 7 23 49 10 45 22 50 12 50 50 50 21 48 22 50 20 18 50 47 33 50 12 18 24 50 20 48 33 48 50 40 32 5 50 23 50 13 15 50 50 50 18 50 50 31 50 50 18 13 23 50 29 44 41 43 9 50 39 25 16 31 36 50 50 7 50 18 50 45 37 22 39 34 10 50 2 40 7 5 27 14 50 50 50 50 50 38 39 30 40 19 24 50 50 50 50 43 46 50 15 50 50 26 50 50 50 21 37 27 12 32 50 
8 28 36 50 50 50 50 7 8 44 8 50 24 28 11 50 33 1 50 25 0 6 23 50 27 12 7 28 39 47 50 28 50 50 27 50 50 50 50 24 50 50 33 50 50 48 11 37 27 43 12 50 50 50 50 50 16 50 23 45 50 22 6 50 50 34 25 42 32 29 50 50 50 50 50 44 33 10 17 50 50 27 10 50 30 50 49 36 50 50 50 50 50 37 50 50 50 50 50 8 38 41 49 12 12 21 38 15 38 50 41 32 50 15 50 1 50 48 50 50 50 50 39 50 44 50 50 50 50 8 31 50 50 47 50 30 23 37 16 29 50 35 8 28 50 42 10 
50 39 50 1 39 13 36 29 38 10 11 50 0 4 33 44 23 35 3 37 50 50 50 50 50 8 50 50 50 50 3 40 50 50 50 50 4 50 50 27 30 44 50 29 50 25 22 50 13 26 50 20 50 42 20 38 50 50 13 45 50 50 36 50 50 46 45 50 50 50 40 50 27 48 50 26 50 48 50 12 38 23 25 50 50 50 31 50 39 45 50 50 24 50 50 40 13 20 21 50 8 46 50 11 50 50 50 50 48 38 22 25 0 50 43 13 1 34 50 1 50 50 9 32 50 50 19 7 0 50 23 42 50 50 50 1 24 50 50 26 34 29 31 37 9 17 
50 50 50 12 0 4 50 50 50 50 19 50 21 50 48 50 50 50 50 50 50 50 20 50 50 50 50 50 24 50 2 50 3 18 50 50 50 50 50 50 12 41 44 10 6 1 50 27 2 5 32 50 42 50 24 50 50 50 50 48 27 50 47 10 20 50 50 50 32 50 11 29 50 17 32 7 29 12 50 24 50 33 50 50 50 50 32 50 50 50 4 3 50 2 19 15 35 50 50 50 0 50 0 50 50 35 22 17 33 50 42 50 43 50 41 21 0 45 50 45 50 50 0 10 50 13 50 50 50 22 50 50 50 27 50 22 43 22 38 50 50 50 50 50 50 
32 6 28 30 31 50 50 19 49 48 14 28 13 47 49 50 50 43 50 39 50 50 46 50 50 13 43 23 50 22 17 50 11 50 50 50 50 19 50 49 50 50 33 50 50 24 20 50 50 27 44 50 6 20 9 50 15 50 7 50 44 50 50 50 15 35 50 1 5 50 50 50 16 50 19 50 18 50 39 50 50 42 50 50 29 32 47 50 27 35 50 50 21 50 50 24 4 50 49 50 7 11 50 50 38 40 50 33 20 50 19 24 10 20 50 47 2 50 13 7 50 44 50 30 50 50 21 11 29 1 50 50 20 33 50 17 12 50 50 39 29 8 13 24 
50 50 50 26 50 50 50 5 50 50 20 50 50 50 24 50 30 50 50 16 5 50 50 50 2 33 31 28 14 29 8 50 18 14 31 50 50 42 45 48 50 50 50 18 50 16 22 50 34 9 50 45 17 50 6 50 50 12 50 50 35 22 39 43 10 35 16 50 50 50 50 50 29 50 26 50 9 50 35 35 50 28 17 2 25 2 28 50 28 5 50 0 44 50 7 50 24 50 23 3 27 41 50 15 36 13 15 12 19 50 21 23 50 17 41 13 3 7 43 50 29 50 15 49 2 48 50 40 50 50 8 39 10 50 36 5 15 50 50 50 50 50 34 
15 50 23 22 50 50 50 50 10 3 13 13 50 22 50 50 34 43 50 50 3 22 50 14 50 50 50 50 50 23 32 50 50 50 50 50 20 23 50 23 21 44 30 14 50 50 50 9 50 50 17 12 23 19 46 21 3 41 50 50 44 50 50 50 12 50 50 9 16 50 4 50 44 50 33 50 6 19 50 50 50 50 46 50 50 7 15 50 7 50 42 50 41 13 50 50 37 39 49 45 50 50 50 50 25 23 50 50 20 29 27 50 49 50 43 28 19 50 50 50 11 35 41 33 39 28 16 14 1 50 10 17 50 50 8 13 8 4 50 41 33 50 
47 50 18 50 50 38 50 50 14 50 45 50 46 24 25 18 50 50 42 50 46 50 27 18 38 0 42 1 50 48 31 12 0 32 50 50 48 23 49 50 47 50 50 23 21 21 50 50 50 50 50 13 8 50 50 41 50 10 24 50 11 49 29 23 28 19 50 3 6 50 15 9 3 50 50 50 50 50 50 50 50 50 34 7 37 50 50 50 50 4 9 14 18 38 50 50 26 8 50 34 30 15 50 50 14 50 50 50 20 12 50 50 48 46 48 50 50 18 40 24 50 50 19 13 50 19 50 0 36 50 50 44 50 24 20 12 50 4 6 6 25 
12 17 50 50 50 0 50 50 8 50 50 50 50 34 22 14 50 50 50 9 50 50 28 25 27 50 50 35 50 50 50 50 50 50 50 41 28 50 50 50 50 50 50 37 50 38 13 32 50 2 34 45 43 17 50 50 15 10 9 42 36 50 4 50 50 20 50 50 27 50 50 6 48 6 37 50 50 50 10 50 35 16 50 50 50 32 50 44 3 45 21 50 11 50 34 19 45 6 2 50 20 50 29 7 50 41 1 50 23 1 6 27 50 32 2 31 50 1 7 50 50 50 50 33 50 33 46 50 50 50 50 50 36 49 50 50 50 24 50 50 
37 4 50 50 50 50 50 30 39 32 50 16 14 50 7 6 50 1 50 20 39 50 50 31 50 21 31 18 26 21 33 50 34 50 10 29 50 5 19 50 23 50 31 50 20 50 50 36 45 6 50 0 50 50 18 15 50 49 5 50 50 50 50 50 50 50 50 50 50 50 50 50 8 50 31 8 50 50 3 50 28 44 12 12 37 50 18 50 50 50 48 0 50 50 49 24 50 50 25 50 1 50 49 50 50 50 50 3 25 50 50 20 50 50 33 2 32 40 45 18 50 32 33 3 46 33 23 50 19 50 50 46 8 50 28 27 14 24 0 
50 50 50 50 40 25 50 24 2 4 18 35 50 50 50 47 50 13 12 3 50 38 50 29 41 50 41 49 39 43 46 50 21 48 27 49 50 43 50 50 5 10 50 31 50 41 50 26 50 4 50 19 50 50 13 50 11 50 5 16 48 36 38 35 31 50 50 50 0 24 50 50 50 8 50 50 50 25 50 49 41 50 50 40 41 50 50 34 21 15 50 50 32 37 50 50 20 45 50 18 9 50 50 50 13 42 24 50 50 50 30 18 48 16 50 31 50 21 7 43 32 32 50 50 50 26 34 50 31 1 50 14 50 0 50 50 50 44 
50 50 50 50 50 50 31 37 50 41 50 22 29 26 31 50 0 36 24 50 41 7 50 50 50 50 50 21 46 50 50 22 50 50 0 10 28 50 50 50 16 15 38 50 30 5 50 23 12 19 44 20 1 21 50 28 45 10 27 50 37 23 20 50 50 21 43 50 50 46 50 50 32 26 50 50 2 50 27 13 24 1 50 43 50 1 40 1 0 50 50 44 7 47 9 36 50 50 37 20 3 28 50 50 50 38 50 7 22 50 4 50 13 39 50 50 10 50 6 2 48 50 1 49 31 50 50 50 5 50 36 50 50 4 37 50 37 
50 50 17 48 16 50 50 9 34 50 50 7 50 50 50 50 50 50 31 50 50 17 50 5 50 50 14 29 50 50 2 50 2 23 45 50 50 49 37 21 50 18 38 50 22 23 50 45 50 32 50 50 49 20 21 50 29 50 18 26 50 2 7 0 50 10 50 50 50 50 50 50 9 22 8 50 50 23 16 50 47 50 50 50 28 50 10 50 50 50 32 50 50 50 50 50 8 50 35 50 25 44 9 50 50 50 45 50 49 35 50 43 50 21 2 34 33 50 50 4 50 31 50 50 2 10 34 14 31 50 31 35 50 50 50 19 
50 50 50 47 50 50 41 22 39 50 50 47 50 23 12 22 42 50 1 46 24 27 50 50 50 50 50 8 50 50 28 50 50 50 50 50 50 1 44 33 50 46 50 50 38 47 25 50 50 47 36 28 50 50 50 36 50 1 50 50 31 50 49 8 18 14 50 50 6 10 50 50 34 22 13 3 33 50 50 50 11 44 11 8 50 13 50 30 23 16 50 47 50 7 50 50 50 40 11 50 50 45 49 50 50 50 50 50 0 39 12 50 38 21 33 50 50 42 50 50 14 30 17 50 50 41 50 50 50 37 50 19 3 32 46 
50 49 34 27 21 50 10 11 13 50 6 0 50 50 47 43 50 50 49 50 50 50 50 50 4 39 23 50 3 50 38 1 16 20 50 50 50 50 39 50 0 50 37 19 6 50 46 50 6 50 50 12 50 50 44 50 50 50 50 25 30 50 39 14 37 50 14 19 50 1 5 50 5 50 50 16 35 50 50 25 50 50 10 5 50 6 5 4 50 8 50 50 0 50 18 22 50 50 50 2 50 37 50 17 11 0 50 50 50 50 14 50 47 40 48 22 50 31 43 50 24 26 22 13 12 9 15 22 0 31 50 50 16 16 
1 37 15 9 50 50 48 50 50 50 5 50 50 1 42 50 42 24 50 48 26 50 50 22 14 50 50 50 50 50 50 50 50 16 4 50 5 50 4 31 33 50 36 50 50 36 20 50 50 30 34 32 50 2 21 17 13 50 50 50 50 50 34 23 12 50 50 32 50 50 26 50 4 10 50 47 34 45 20 50 12 36 50 50 46 50 50 50 16 50 30 50 34 50 34 50 25 4 50 42 50 20 50 37 14 50 7 28 1 50 50 50 16 50 50 50 26 50 48 50 50 50 50 50 50 50 18 50 47 50 38 34 40 
50 14 50 50 7 10 20 19 50 26 33 50 17 2 43 18 11 50 50 43 36 44 50 50 27 41 50 50 50 50 46 3 50 50 30 50 0 44 50 11 50 50 15 3 50 19 50 50 50 41 49 50 50 50 50 15 21 29 16 6 50 29 22 26 5 50 50 9 38 50 0 12 31 50 24 50 50 35 4 36 50 50 30 27 28 6 50 50 44 50 50 50 50 45 50 32 1 47 23 22 15 28 33 4 50 25 10 13 32 50 41 26 50 50 19 50 34 28 50 50 50 50 50 50 50 15 7 50 13 50 50 50 
50 50 50 45 50 6 50 6 12 50 33 18 50 50 19 26 50 50 50 13 3 50 4 46 50 16 6 43 50 37 50 50 14 50 50 50 31 14 50 50 8 50 41 26 50 50 24 50 43 1 34 4 50 50 50 2 36 50 28 10 50 17 17 10 50 34 50 32 23 29 16 3 8 49 50 8 50 39 50 10 50 40 50 50 3 50 44 10 50 13 15 50 50 50 5 21 50 48 50 39 29 23 50 1 50 32 28 50 11 23 18 31 21 4 17 31 50 28 50 38 50 12 40 50 50 50 50 19 50 47 2 
37 50 33 50 27 50 50 50 50 50 27 50 21 50 45 40 50 33 34 23 24 50 50 50 24 26 50 50 50 20 50 50 50 20 26 6 33 1 48 50 10 31 48 2 50 46 13 15 35 50 1 0 5 50 50 50 17 46 37 50 50 50 50 48 46 50 4 50 50 22 37 50 50 7 12 35 50 43 50 50 50 33 46 50 50 50 17 50 50 50 50 50 11 41 38 43 42 50 7 50 50 20 8 50 26 23 50 50 50 44 17 50 50 50 50 1 50 50 50 48 48 50 5 10 32 50 30 4 42 45 
50 31 0 50 34 23 50 33 28 39 50 10 50 50 2 50 50 25 50 40 4 39 50 39 21 50 50 50 21 39 38 18 19 7 34 22 50 50 50 50 48 50 39 0 3 50 21 50 50 50 50 50 50 50 50 23 50 50 9 4 50 47 27 50 24 40 50 43 50 39 50 50 1 10 50 2 50 41 30 19 50 50 50 50 40 24 50 38 24 36 22 14 27 14 14 50 50 35 50 20 9 50 50 50 50 29 45 38 27 1 4 44 50 27 50 50 34 7 41 50 50 14 50 50 40 50 36 50 39 
20 50 46 50 24 50 23 25 50 50 50 0 50 11 31 9 50 50 50 5 50 11 50 3 45 50 50 17 5 24 31 34 31 50 11 6 14 50 50 50 6 50 6 50 15 36 48 50 29 19 40 1 12 17 48 50 50 50 37 50 50 9 27 47 41 50 50 43 29 11 33 50 30 46 50 8 50 50 50 50 8 50 7 25 9 19 41 24 8 23 49 11 23 43 16 50 13 47 50 17 1 41 28 50 50 5 46 4 48 50 50 1 11 25 50 37 50 45 50 50 50 50 50 50 15 7 35 44 
50 50 4 50 1 50 50 8 38 49 50 21 42 6 43 3 44 40 50 22 43 27 50 29 4 39 4 41 50 50 42 50 50 50 50 50 48 45 50 42 50 3 5 39 21 2 38 21 50 30 50 50 19 50 23 39 50 9 10 50 16 50 50 21 16 4 24 21 50 23 18 50 17 50 48 50 26 50 10 50 50 50 44 49 44 47 50 6 50 50 50 50 49 25 16 41 50 3 50 5 28 5 27 50 50 50 6 50 50 37 20 50 21 50 50 20 38 21 50 3 50 50 50 30 50 50 11 
50 22 50 28 27 18 45 50 50 38 15 50 50 50 0 41 50 42 50 1 50 3 50 50 50 23 50 41 4 32 50 28 50 49 12 50 50 50 50 15 1 18 12 50 50 50 47 30 50 34 50 7 50 27 18 19 50 12 27 50 21 35 50 13 50 2 50 13 50 44 15 33 37 8 10 38 50 50 11 50 9 21 40 50 20 50 50 22 3 13 11 50 50 25 17 38 50 50 50 50 50 12 6 46 50 13 50 50 50 35 50 46 24 23 50 50 47 50 35 21 21 32 50 9 6 50 
50 15 50 32 44 50 19 22 50 50 50 50 5 50 50 26 50 0 33 33 50 50 24 50 50 27 23 50 41 50 23 50 50 5 50 46 50 23 1 50 28 16 50 25 50 50 50 42 50 23 43 46 50 50 36 50 50 9 50 50 36 43 11 18 50 40 47 19 50 50 50 41 45 50 50 42 8 19 50 50 25 37 50 9 50 2 2 8 50 39 50 7 13 43 33 22 42 4 7 5 50 50 50 50 50 31 50 3 50 30 50 20 50 37 43 50 12 2 50 5 50 19 30 18 21 
50 50 22 23 4 17 50 40 35 50 50 50 50 7 50 3 50 50 36 50 24 16 47 50 27 50 50 48 50 50 50 50 50 6 50 49 37 25 26 50 19 50 18 48 14 5 50 50 44 50 11 30 50 50 41 22 50 50 50 50 5 50 36 50 30 50 37 50 42 50 50 41 45 50 50 37 20 10 50 50 29 18 50 50 27 35 50 16 43 1 12 9 48 22 50 9 50 50 50 46 50 16 50 29 50 50 50 50 49 50 18 50 48 50 50 43 50 41 9 50 50 38 50 31 
17 50 50 50 50 50 33 12 50 40 50 50 23 50 17 7 30 24 45 15 50 50 50 37 50 50 11 37 4 31 50 21 50 41 50 41 25 50 14 39 50 31 20 36 12 38 23 50 7 45 5 11 50 34 50 50 19 16 26 50 50 25 50 50 13 50 46 44 50 19 19 50 50 34 50 37 28 41 33 50 22 2 44 37 22 50 50 50 31 25 50 27 50 22 50 50 50 40 50 50 3 41 50 33 50 40 49 50 37 8 27 50 50 31 2 37 50 50 38 50 50 50 50 
17 50 50 2 50 0 50 20 50 24 39 0 17 1 22 46 50 50 42 41 18 42 50 32 16 9 50 50 44 50 50 50 18 50 5 21 50 41 36 50 39 8 3 35 50 41 50 50 23 50 50 50 50 50 50 24 4 18 50 36 8 50 12 1 6 50 50 16 16 37 42 29 38 29 27 50 22 22 34 25 50 26 50 30 50 50 50 50 16 50 18 50 50 50 50 21 11 5 50 50 50 50 6 18 23 50 37 7 50 18 38 50 7 25 49 50 50 50 28 6 31 50 
35 34 22 1 50 50 42 50 50 50 39 39 10 21 50 4 46 50 29 50 45 45 4 24 50 50 50 50 50 50 50 50 50 50 21 14 43 40 50 6 50 50 22 44 17 43 3 34 28 18 47 50 5 50 28 50 50 46 50 14 50 50 34 29 42 50 50 42 50 46 7 49 50 50 50 30 50 50 3 50 50 39 10 44 34 2 50 43 38 30 27 50 50 18 49 11 46 50 50 50 37 50 31 21 34 43 32 28 21 50 7 50 35 14 50 50 50 23 18 50 34 
22 42 39 34 50 36 50 33 50 50 50 42 2 7 23 3 36 50 3 40 46 50 17 6 50 50 50 50 50 50 50 1 9 50 17 50 18 16 30 50 50 50 50 50 37 41 30 50 50 50 50 31 50 37 50 50 50 50 50 50 38 1 33 20 35 4 19 50 50 30 50 50 50 50 50 50 8 50 47 15 50 15 50 50 25 50 41 49 38 50 50 35 50 35 50 43 50 1 42 36 50 50 29 50 18 9 32 40 50 27 50 50 50 48 50 26 4 13 45 28 
5 40 50 49 40 50 50 50 49 10 32 19 48 50 50 29 50 50 49 50 50 9 24 50 50 50 3 50 50 50 50 14 3 33 35 50 50 20 41 50 50 1 50 1 50 43 38 17 23 4 50 0 24 48 37 9 15 50 14 5 20 50 50 46 1 14 50 31 50 35 49 12 46 30 21 26 50 25 50 50 45 35 7 50 50 4 50 50 50 50 50 28 50 50 22 50 50 12 15 50 50 21 50 34 11 50 22 39 50 19 36 50 5 50 50 37 27 50 39 
50 42 34 47 42 50 2 25 50 50 6 29 50 50 42 34 3 50 50 2 50 40 50 2 46 50 35 0 41 50 38 6 50 29 50 50 50 21 4 34 24 50 50 38 36 45 38 50 19 40 50 50 50 18 23 50 7 13 50 14 50 45 17 49 27 50 50 37 37 50 50 50 48 50 50 50 50 50 50 50 27 28 50 8 50 50 5 50 50 50 19 50 50 50 36 22 50 11 50 41 26 0 28 23 50 0 11 8 7 50 50 9 50 50 17 50 7 50 
50 5 50 50 17 45 50 50 26 7 22 50 50 50 50 50 50 50 10 50 39 50 42 36 8 4 45 42 0 3 27 50 50 50 50 50 50 50 34 11 50 50 50 50 2 47 19 50 50 21 1 50 44 9 26 46 50 50 7 50 50 3 50 50 50 28 37 50 50 35 38 50 28 48 26 50 6 24 16 50 9 50 50 22 50 5 16 20 50 47 21 50 4 14 50 50 32 50 50 34 19 50 18 31 1 50 9 33 50 50 0 39 10 32 33 48 50 
50 18 2 50 50 50 50 50 9 33 35 50 45 37 50 50 1 50 40 50 50 44 50 42 50 50 43 50 22 50 5 36 50 32 50 8 50 10 28 50 50 35 50 50 50 50 50 3 1 13 29 50 27 33 6 2 50 40 50 50 30 38 8 47 14 28 44 50 50 50 20 50 46 50 50 44 50 50 6 25 50 2 50 50 36 41 50 30 20 47 32 32 46 50 11 40 31 50 50 17 50 41 11 50 50 16 19 32 50 50 8 23 41 50 50 50 
36 50 50 50 37 48 50 45 24 27 29 37 39 50 50 8 50 50 50 4 50 16 50 39 5 19 35 34 49 50 50 9 3 13 18 47 32 50 3 42 50 49 50 50 28 50 50 50 17 50 30 36 38 45 50 50 15 50 50 50 50 50 22 50 16 50 19 50 45 19 50 46 50 50 0 50 7 50 3 5 36 50 50 46 50 33 12 40 1 19 42 9 50 37 50 50 50 49 50 8 50 29 50 46 39 0 50 27 29 50 47 50 32 50 19 
49 50 50 50 50 43 30 50 18 50 50 50 50 50 50 38 31 22 50 50 48 50 50 16 43 50 14 23 50 50 50 10 40 49 50 40 28 12 45 25 50 40 27 17 38 11 10 18 50 44 27 35 50 50 1 50 38 2 50 49 16 38 50 31 50 46 50 50 18 50 50 50 30 34 23 32 19 27 39 50 50 25 50 42 50 50 50 50 50 50 50 50 35 50 8 25 24 17 50 17 50 50 50 50 20 50 5 50 50 1 16 28 50 50 
27 50 8 33 30 50 50 50 50 50 45 13 50 50 50 29 17 15 50 44 50 50 26 36 50 50 19 50 15 13 50 50 50 49 16 4 50 23 49 48 45 50 50 50 10 50 15 50 34 25 30 42 50 50 10 50 50 40 50 9 50 50 19 47 45 50 50 18 10 48 50 28 39 39 28 8 15 50 50 17 26 27 46 50 49 50 50 50 0 27 50 29 50 50 50 43 50 50 25 50 0 50 50 50 33 8 6 41 25 50 14 50 42 
18 48 21 50 18 26 4 35 50 16 50 18 9 50 29 22 43 50 7 28 50 50 50 50 36 9 35 33 50 50 50 50 11 41 50 29 9 28 50 50 10 50 50 50 50 10 7 50 50 39 50 0 50 50 44 50 50 0 37 50 46 32 50 50 50 50 34 50 18 40 50 50 50 49 50 39 28 24 50 0 13 50 50 3 34 50 50 50 5 26 50 45 44 13 9 8 16 50 50 11 50 40 46 19 50 28 34 50 45 36 50 25 
50 28 50 26 41 50 29 50 50 13 30 35 50 49 37 16 28 50 49 50 32 13 3 50 33 2 22 12 46 50 35 5 50 15 34 5 33 50 30 1 35 50 50 50 15 19 47 50 21 50 50 44 43 50 50 50 7 50 50 42 22 43 50 9 50 35 35 49 33 8 50 50 50 50 47 50 50 38 50 42 50 50 50 50 27 50 50 26 50 13 18 20 26 50 5 50 5 42 50 37 50 50 6 50 50 50 39 50 40 47 50 
6 5 41 50 50 50 50 13 50 50 10 21 50 43 50 50 23 50 50 7 47 4 44 13 50 0 35 50 24 39 16 50 50 50 28 21 50 50 50 50 12 3 50 50 50 50 50 13 48 50 36 50 37 50 10 6 50 19 50 50 38 6 20 50 3 31 2 0 25 50 46 48 33 4 49 45 50 50 34 50 29 39 50 50 50 50 50 22 4 18 25 13 20 5 50 21 42 50 40 11 7 19 50 50 38 24 15 0 25 50 
45 38 50 24 50 50 13 50 50 11 27 25 25 50 37 50 5 18 50 50 50 30 7 50 50 50 50 50 50 50 50 50 50 50 36 11 46 33 9 3 22 50 20 50 46 50 31 5 50 50 47 34 35 50 34 21 2 50 50 50 33 20 50 36 50 22 50 50 39 20 50 40 20 46 26 33 48 50 18 50 50 31 5 50 50 50 21 50 50 50 50 48 50 50 50 25 50 50 50 30 22 50 50 9 50 50 50 22 50 
6 47 49 50 45 50 48 50 29 20 31 15 50 50 50 50 21 50 49 14 12 50 45 18 1 0 27 22 50 50 22 50 47 50 50 8 50 50 35 29 50 25 50 50 50 50 50 50 50 50 50 50 50 50 13 50 50 50 25 0 14 2 24 50 13 50 50 50 50 39 50 44 45 50 39 49 50 50 50 50 22 44 50 50 50 35 6 50 2 50 50 50 50 50 50 29 50 50 50 50 50 47 50 50 50 18 50 50 
50 50 50 22 50 50 50 50 27 19 50 50 50 50 20 42 50 50 50 19 50 50 50 36 45 50 18 50 50 50 5 50 50 50 50 50 4 50 49 50 50 50 0 50 50 50 38 36 50 46 50 26 50 50 50 15 50 50 50 50 40 50 11 50 24 27 50 50 50 50 50 50 50 39 11 50 50 50 18 50 50 50 50 50 50 50 50 48 50 50 50 50 50 21 50 50 50 50 50 50 50 12 46 30 50 42 48 
50 50 14 4 50 50 50 18 50 50 50 50 50 50 40 42 50 50 50 50 50 50 28 50 28 50 0 50 50 50 20 42 27 32 50 13 42 5 26 50 50 26 50 50 50 50 50 50 50 50 13 44 50 48 50 50 50 50 50 50 26 50 37 50 50 38 50 28 50 28 50 50 50 50 26 50 50 50 50 1 33 50 50 50 13 45 50 50 9 50 50 50 30 6 50 35 50 4 15 25 50 50 26 14 36 50 
50 50 0 50 50 48 50 50 50 50 50 50 10 41 17 46 32 44 45 50 50 11 50 46 40 50 44 50 47 50 50 10 50 39 47 50 50 37 50 50 50 30 50 50 25 50 50 23 47 50 50 50 50 50 50 50 50 50 47 47 50 50 3 27 49 50 35 39 50 50 35 50 4 50 50 14 7 50 0 50 13 50 50 30 8 50 46 21 50 50 50 50 8 50 50 14 46 20 50 50 50 0 50 37 50 
24 32 10 50 38 50 50 5 50 50 35 50 50 50 2 14 50 32 50 39 17 50 45 50 50 50 38 50 50 50 50 11 50 50 50 50 22 50 6 20 17 29 50 50 50 47 50 50 50 14 21 4 6 49 2 34 50 18 24 50 25 44 50 50 16 0 13 50 50 49 28 50 50 50 50 50 50 50 50 22 17 34 50 50 50 17 50 50 50 50 39 27 50 40 50 50 50 10 50 50 17 50 50 46 
35 20 34 31 41 25 5 50 11 50 50 50 50 19 50 50 20 50 10 50 50 24 40 50 39 50 18 49 50 50 50 50 50 0 50 50 6 46 50 24 29 50 39 50 32 50 50 7 2 50 50 48 50 11 5 50 50 6 50 50 50 50 28 45 50 33 16 10 32 50 14 10 49 50 50 15 42 50 50 50 50 44 50 46 6 46 9 50 18 50 33 50 50 18 33 9 50 50 50 50 50 50 49 
46 50 50 13 50 43 50 50 50 36 42 18 23 2 50 50 50 15 50 50 50 50 50 50 2 21 30 50 17 50 50 50 50 50 13 50 26 18 50 50 50 50 46 48 3 50 50 35 14 50 17 50 26 9 50 21 21 50 5 42 50 50 50 50 50 43 45 50 50 50 19 50 50 26 50 50 50 50 50 50 50 50 50 26 50 50 50 50 19 21 50 9 50 50 33 34 50 50 27 50 50 8 
50 41 50 50 7 50 50 50 50 50 50 35 50 17 50 50 50 50 50 50 50 50 13 50 9 50 45 11 50 50 50 15 50 50 19 10 50 50 50 40 50 50 49 19 32 12 18 50 14 50 50 14 50 50 50 10 50 50 50 50 50 50 12 50 8 33 50 50 1 50 24 50 50 50 50 50 50 50 50 20 50 50 50 50 50 50 50 48 23 40 50 50 50 13 50 41 50 34 50 10 46 
35 50 50 50 7 14 38 50 50 14 46 50 50 50 1 50 46 50 19 50 6 50 50 48 50 50 50 50 26 50 20 50 50 50 50 50 50 6 50 7 15 4 50 44 46 50 50 50 44 18 50 50 50 50 50 49 50 28 19 28 44 50 35 50 14 46 50 26 39 50 17 39 50 50 3 50 50 50 12 32 50 43 33 50 50 27 30 50 23 16 39 50 9 50 50 50 50 50 50 50 
50 50 50 50 21 50 50 0 50 9 50 50 50 50 50 9 50 50 50 30 12 50 20 36 50 32 45 19 50 33 23 4 48 50 37 28 33 50 16 12 50 8 50 50 50 50 50 50 50 50 50 8 50 50 13 33 50 50 50 4 46 50 50 10 50 50 50 50 50 50 14 5 5 15 50 50 50 3 50 24 50 9 50 8 30 39 50 50 49 50 35 50 50 50 50 50 50 19 50 
50 50 50 45 50 7 16 50 31 11 50 50 50 50 4 50 50 50 50 50 16 21 26 19 50 44 50 50 50 50 50 50 50 42 50 50 29 50 50 50 25 1 50 25 50 50 3 50 36 20 50 50 50 28 3 5 50 50 50 50 50 50 50 39 1 18 50 39 39 50 50 27 50 42 50 50 0 50 50 21 35 14 50 18 1 50 50 13 50 35 50 50 50 50 32 0 50 20 
31 7 50 2 38 25 45 50 50 50 50 43 50 50 41 50 37 15 50 31 50 50 38 18 50 50 49 11 50 50 38 50 31 19 34 34 50 18 50 8 47 18 6 50 50 9 20 50 50 50 50 50 12 37 50 33 50 50 20 44 0 50 50 50 50 50 50 50 50 50 50 50 50 50 38 1 50 50 17 42 50 50 42 13 50 50 28 50 50 50 50 50 50 50 50 6 50 
23 50 50 50 50 15 45 39 6 50 50 25 50 50 50 50 8 50 50 50 50 50 10 50 50 50 50 50 50 22 50 28 0 50 50 3 50 50 50 50 50 50 50 50 31 31 50 41 50 50 11 50 50 15 50 50 10 50 50 10 21 50 46 5 11 50 50 38 50 50 50 50 50 50 50 50 50 47 37 14 1 50 50 26 50 36 50 50 50 50 50 50 33 50 50 50 
6 31 50 50 50 26 50 45 50 50 50 50 50 14 33 50 50 50 50 10 50 50 22 29 14 17 28 44 50 50 2 39 25 48 50 50 27 50 50 28 50 50 50 50 41 50 7 50 18 50 50 50 50 50 30 50 0 5 50 50 50 36 50 50 0 7 22 50 50 47 50 50 50 4 50 50 50 50 16 11 50 47 50 50 50 15 7 50 46 50 50 40 50 18 50 
50 20 50 50 50 50 50 50 50 13 19 50 50 50 50 50 46 11 50 50 44 50 50 28 50 18 50 50 50 50 50 23 50 50 50 43 32 50 50 50 50 8 13 22 50 50 50 6 50 50 49 19 21 50 27 20 50 50 50 17 50 11 49 50 50 50 50 50 50 7 50 50 50 27 50 50 50 22 50 43 50 50 48 19 49 50 50 17 50 8 24 25 49 50 
50 21 50 41 50 50 7 1 50 50 50 50 50 50 50 50 50 50 50 50 50 50 6 50 50 50 4 19 10 13 50 50 50 50 50 50 50 50 50 6 50 24 50 23 50 48 50 50 48 20 50 34 50 50 50 50 50 48 50 50 22 50 50 43 50 11 50 50 50 17 37 50 17 50 27 50 50 5 38 50 42 50 50 50 50 0 26 50 50 50 50 17 50 
50 20 50 10 50 10 50 18 50 37 50 50 50 38 30 50 50 45 50 50 23 44 50 15 50 50 0 50 31 39 14 50 50 50 50 36 50 50 31 50 50 36 28 50 27 43 7 50 50 50 50 14 50 43 7 50 50 50 50 18 50 4 2 50 36 50 50 50 31 28 50 50 21 36 21 19 35 50 50 42 34 50 31 50 50 50 50 2 50 38 50 42 
5 39 27 50 18 43 11 50 8 50 50 50 50 50 46 32 50 50 50 50 50 50 34 50 50 50 17 50 50 50 50 50 50 50 50 50 21 50 50 50 50 50 50 50 46 50 39 27 50 43 50 50 26 21 50 13 26 13 34 17 28 43 41 23 50 15 36 37 50 50 48 50 50 44 50 50 50 50 50 40 50 50 34 13 50 50 29 50 22 39 2 
39 50 50 24 34 50 50 29 38 8 9 50 50 50 50 23 49 27 35 50 29 50 34 50 50 8 4 50 50 50 50 50 49 50 50 50 15 18 20 30 2 45 50 50 50 50 50 50 0 50 50 50 50 50 6 1 47 50 50 48 50 50 50 50 17 50 2 50 50 9 50 50 44 0 50 13 50 50 50 50 50 17 50 50 26 50 0 50 43 50 
12 40 11 26 10 50 50 48 50 32 50 12 29 50 31 13 45 9 30 21 47 50 45 50 50 25 50 50 50 50 50 23 50 50 50 50 12 39 3 50 1 50 48 50 17 6 33 50 50 50 50 50 37 50 50 36 4 42 50 50 50 1 50 13 50 50 16 50 50 50 0 50 50 50 50 15 50 50 41 50 50 33 36 18 50 42 50 5 50 
50 50 50 18 50 22 35 50 28 50 0 50 50 50 31 32 13 50 50 9 50 50 32 50 10 50 44 36 50 50 50 3 50 50 50 50 48 20 50 50 50 50 2 25 46 15 50 24 37 33 15 50 50 50 15 50 37 50 50 50 50 36 50 13 33 50 50 50 50 50 49 50 50 50 6 27 50 50 50 50 38 50 12 50 50 50 50 50 
50 50 50 49 1 50 1 50 44 28 5 50 50 50 50 50 50 24 50 50 38 50 50 50 50 50 50 50 50 50 50 50 50 43 18 50 30 50 50 32 50 29 50 50 50 50 50 25 39 50 45 50 13 36 38 38 47 17 50 9 23 12 30 50 50 50 50 50 50 50 50 50 30 50 50 50 50 50 1 9 7 36 50 49 50 50 50 
50 50 50 29 50 50 50 4 50 10 50 50 50 50 50 40 50 35 27 50 24 50 9 20 50 50 50 50 50 50 50 43 50 50 50 50 50 49 42 50 50 50 50 50 37 50 33 50 50 25 42 46 50 50 50 50 8 50 50 50 48 34 45 50 50 2 6 49 19 45 50 50 21 47 47 50 50 41 50 50 16 50 19 50 50 26 
45 45 50 27 50 50 50 44 50 50 22 50 50 50 50 50 4 50 50 50 50 6 50 9 50 50 50 6 5 26 50 50 50 50 2 44 33 39 50 12 7 50 50 43 50 14 19 50 28 50 50 50 50 27 50 15 50 50 50 45 50 50 45 50 50 46 50 50 50 18 50 50 20 46 50 42 50 50 44 50 30 50 50 50 50 
43 3 50 50 50 8 50 50 50 50 30 14 31 20 50 50 50 50 50 38 33 50 17 23 37 11 50 31 9 50 50 50 50 19 1 50 50 50 50 50 21 10 50 50 50 46 50 50 50 50 29 50 44 50 50 50 50 50 50 42 50 50 26 50 50 50 50 50 13 19 13 50 50 50 50 34 50 40 50 50 50 50 44 50 
50 12 10 22 22 50 11 50 50 50 50 50 19 44 50 50 26 5 50 39 50 50 39 7 28 50 50 41 50 26 50 4 36 50 50 50 41 50 50 13 39 15 15 46 31 15 50 0 50 41 24 10 50 50 50 50 50 28 7 50 50 50 20 17 50 16 23 50 21 5 20 49 50 50 50 50 11 50 40 50 13 27 50 
50 13 30 50 26 50 31 50 50 50 50 32 50 22 50 50 38 50 19 50 21 50 50 50 50 42 45 50 50 50 50 35 50 50 50 8 50 50 50 46 50 50 41 12 49 50 50 50 50 30 41 50 50 50 22 50 37 50 50 50 50 50 50 10 50 18 50 50 26 49 50 33 16 50 50 50 50 50 50 39 50 50 
50 9 19 50 50 50 50 50 16 29 20 50 50 50 30 26 34 50 20 34 50 39 22 34 50 50 50 50 31 50 28 50 50 50 50 46 50 24 37 41 50 50 31 50 50 50 50 50 50 50 50 50 50 10 32 50 50 49 50 50 50 28 26 5 50 36 50 50 50 50 42 50 9 47 50 9 50 28 50 50 46 
50 50 15 15 50 26 50 47 20 46 50 13 21 45 50 18 35 50 50 50 44 41 7 50 50 50 50 5 50 30 31 50 42 50 15 3 35 50 38 50 46 19 27 2 50 50 50 43 50 25 50 10 50 21 0 50 37 15 50 50 23 50 41 50 6 50 45 37 50 50 50 36 10 0 50 13 50 50 50 46 
19 50 50 50 50 50 50 46 8 50 50 50 50 2 50 30 8 50 8 11 36 50 48 7 11 50 17 50 46 1 50 50 50 50 50 50 50 21 10 50 17 50 3 50 50 50 50 26 12 50 50 50 50 50 50 50 50 17 50 50 44 50 50 50 6 15 35 4 50 50 50 50 46 45 50 50 50 50 50 
9 33 44 47 50 50 34 50 21 50 9 50 50 27 50 50 50 42 19 50 37 17 11 50 50 50 7 19 4 31 45 8 50 22 18 50 50 50 47 33 50 50 50 50 50 50 5 8 50 50 50 15 50 50 8 31 31 50 50 50 50 16 33 50 50 50 20 5 0 50 16 50 31 50 50 50 50 50 
50 50 0 50 50 50 50 13 50 4 50 50 50 50 5 50 50 39 50 50 16 50 20 50 50 50 43 50 50 33 50 28 42 50 50 50 12 33 50 50 4 50 15 45 50 19 32 22 50 50 50 50 24 50 0 50 27 20 50 9 24 50 50 50 50 50 31 50 50 9 50 50 22 46 1 35 2 
8 50 20 50 5 50 50 50 17 29 23 8 12 45 50 50 44 39 50 16 50 15 27 29 42 50 32 49 20 50 50 50 50 50 30 50 34 50 7 50 50 16 17 50 50 50 50 50 17 35 12 45 15 50 50 2 50 50 50 50 50 50 50 41 50 50 50 50 50 50 50 50 4 50 5 50 
50 50 35 50 50 8 50 50 11 2 1 2 36 50 50 50 50 15 17 50 24 38 26 50 50 14 11 50 50 9 50 23 50 17 50 50 36 50 50 5 41 50 50 50 19 33 50 33 50 47 6 50 50 39 50 22 50 50 11 50 50 50 50 30 50 44 22 50 50 37 50 10 10 50 7 
50 50 3 50 23 50 50 50 50 50 50 50 50 50 50 48 50 0 50 50 50 50 50 50 11 50 50 2 50 50 50 50 6 50 50 50 10 2 43 50 35 29 50 50 9 50 50 26 9 50 50 50 50 50 50 16 50 29 50 50 16 0 47 15 50 7 50 50 50 50 50 50 25 16 
10 50 18 41 50 21 50 50 50 26 50 28 50 13 8 50 6 50 4 50 50 50 50 50 30 30 50 36 43 50 50 50 50 37 50 18 17 50 50 22 9 50 50 31 50 50 50 50 50 50 19 35 50 50 50 20 50 50 50 50 50 50 50 50 8 50 50 50 50 40 42 50 50 
1 50 30 50 50 50 44 5 50 3 49 0 50 50 50 50 50 50 50 50 50 20 50 50 50 47 50 35 46 50 50 27 1 14 50 32 25 2 49 28 21 46 50 50 50 50 50 50 50 50 50 41 50 50 50 27 50 50 50 50 50 50 50 23 17 50 50 27 50 8 17 50 
50 22 20 50 50 50 23 40 26 50 45 50 40 50 50 50 50 43 50 15 50 50 50 50 50 8 50 38 50 50 50 13 50 28 50 35 31 50 50 50 12 50 50 44 50 50 40 50 50 5 50 50 41 50 50 50 6 50 44 50 21 50 30 32 50 50 25 50 50 50 50 
24 50 43 50 50 16 28 1 50 50 50 50 50 47 34 50 50 50 22 50 50 1 50 50 50 35 50 50 50 50 12 11 14 50 0 50 40 34 50 50 50 49 50 50 50 50 38 50 50 50 50 50 50 50 50 50 35 50 50 48 35 50 50 42 50 50 11 50 25 44 
41 50 13 50 50 50 50 50 50 50 50 50 32 50 50 50 19 50 46 50 50 50 50 50 50 10 41 50 50 50 50 50 50 50 50 5 50 50 29 32 0 50 36 10 50 50 50 36 44 50 50 50 50 24 50 21 50 1 24 50 49 50 50 50 23 37 50 23 2 
50 50 37 50 47 31 40 50 27 47 23 50 28 50 10 50 22 11 50 18 49 50 50 42 50 10 50 39 50 50 50 50 3 50 50 50 50 50 43 2 50 9 2 50 50 50 50 50 14 36 50 50 50 50 48 50 50 50 50 50 50 50 50 45 50 35 50 50 
29 50 50 50 50 50 40 50 11 50 50 50 6 0 16 50 50 21 1 50 50 50 4 50 6 50 19 50 50 21 40 50 50 50 50 35 50 9 50 50 11 37 50 20 28 50 50 50 50 23 50 28 50 50 50 17 50 50 13 50 20 50 35 50 50 8 2 
50 50 50 33 35 5 50 50 27 49 50 50 50 41 50 50 50 50 50 50 34 50 33 50 50 6 50 35 22 25 47 50 50 50 16 50 30 25 50 40 6 50 23 50 32 36 9 50 20 15 50 50 50 8 50 43 47 50 50 50 39 50 1 50 50 50 
50 50 50 50 36 50 50 50 50 29 50 50 50 50 14 50 17 6 50 23 19 50 50 50 50 47 50 15 42 50 24 50 38 50 50 50 50 17 0 50 50 50 50 50 27 46 50 50 38 50 50 50 50 50 49 29 21 49 1 42 50 50 50 50 50 
47 50 50 3 50 0 50 50 28 50 50 42 50 50 10 50 50 50 17 50 15 50 37 50 50 14 28 50 50 6 50 23 50 17 32 50 21 50 50 50 15 50 50 15 38 47 50 0 50 50 50 16 25 50 50 33 50 50 4 50 47 48 3 50 
50 28 8 50 50 40 50 6 50 7 50 38 37 19 50 50 9 25 50 50 26 50 50 50 50 35 33 50 50 50 50 4 50 50 10 50 50 50 50 50 1 42 13 42 21 39 50 50 34 50 50 50 0 50 30 14 29 46 50 50 32 50 50 
50 50 46 50 50 50 36 50 10 50 50 50 50 39 50 25 7 0 50 50 50 50 50 50 50 50 31 13 50 50 34 13 50 50 31 50 50 50 50 41 32 30 50 35 23 42 50 50 43 50 3 7 50 50 50 22 25 50 50 28 13 50 
50 50 50 50 50 50 50 50 50 50 42 50 50 15 50 50 49 50 50 2 50 22 50 50 20 27 50 50 13 50 50 11 32 50 0 50 50 50 50 10 50 50 41 50 50 50 50 38 17 20 50 50 34 50 50 50 50 0 50 10 50 
17 50 47 46 50 50 50 50 50 50 50 50 50 49 26 50 44 50 50 50 50 50 50 50 50 50 50 50 50 50 50 50 50 50 50 18 50 13 1 10 42 50 50 33 50 39 21 50 50 50 29 50 50 8 50 39 1 50 50 3 
50 50 38 50 50 50 0 50 39 15 50 50 50 50 50 50 5 50 24 50 5 49 4 12 5 50 50 50 27 29 50 50 31 44 50 50 29 50 26 24 50 50 34 36 49 47 23 50 38 48 20 49 50 23 37 50 50 39 50 
50 50 50 50 42 50 1 50 50 3 50 3 29 50 3 30 50 35 50 50 50 50 49 48 50 47 50 23 50 5 19 50 50 8 44 50 43 50 34 16 7 50 25 50 12 50 50 50 25 50 50 50 50 28 50 36 25 50 
26 50 50 50 50 50 50 50 50 50 50 19 50 17 50 50 5 50 50 15 46 16 14 50 34 50 26 50 50 25 50 3 50 12 50 50 50 50 50 24 50 13 50 50 50 50 50 50 50 50 50 50 36 25 50 11 39 
18 50 50 50 50 50 40 50 50 50 50 50 50 50 4 50 50 24 21 50 50 44 50 0 50 25 50 50 50 50 50 50 12 9 50 50 45 50 50 17 50 50 47 50 50 18 28 50 31 4 50 1 50 50 50 50 
50 34 50 50 50 50 39 2 15 14 50 14 50 16 50 46 50 50 50 50 50 5 22 39 50 50 49 50 50 50 42 43 21 50 50 10 18 50 4 50 50 9 50 45 49 8 50 50 50 50 14 50 50 16 34 
50 10 50 50 50 11 40 6 50 3 43 31 50 50 50 50 5 50 50 9 50 50 40 20 19 50 50 50 28 26 50 50 14 50 50 50 4 50 11 50 50 50 50 46 49 50 50 12 50 50 50 50 2 50 
15 50 50 18 50 50 50 50 17 50 34 50 46 50 50 5 32 14 50 50 50 50 50 50 50 50 50 38 50 49 50 50 50 1 14 50 44 46 12 50 4 50 50 50 23 50 50 50 50 50 30 50 50 
4 4 50 50 27 50 50 50 50 50 50 50 50 16 50 50 50 50 26 50 50 26 45 50 22 50 7 50 33 19 7 50 50 37 7 20 50 50 50 50 8 50 4 39 50 50 21 45 50 48 18 50 
50 50 50 50 5 8 50 14 8 27 50 50 19 50 12 50 50 1 50 23 16 50 50 42 50 23 50 40 50 50 50 50 50 26 50 50 23 41 50 5 50 50 50 50 50 50 50 4 50 50 9 
13 20 22 50 50 50 50 50 38 11 50 50 50 50 50 50 18 50 50 50 8 50 30 14 14 42 42 0 50 50 44 19 50 22 50 50 50 49 36 1 5 50 23 50 50 49 50 50 41 50 
50 50 50 44 5 31 50 50 50 20 50 50 50 50 11 50 50 50 50 50 50 25 50 50 42 50 50 27 3 13 50 50 50 50 0 50 50 50 37 50 36 50 50 11 50 3 50 50 36 
50 35 47 50 50 50 50 3 43 50 50 50 50 15 50 50 50 50 22 50 43 50 50 50 6 17 50 8 50 50 50 28 19 30 50 4 50 50 50 45 50 50 50 3 27 26 50 20 
29 50 22 12 50 50 23 50 50 20 17 50 41 50 50 50 50 50 42 5 50 29 50 50 47 50 50 40 14 45 50 50 45 50 50 50 50 50 50 50 50 50 50 41 40 33 50 
50 50 50 27 47 50 50 50 50 50 50 50 50 50 50 50 22 50 42 0 41 41 50 23 23 50 15 25 48 19 50 19 50 50 50 50 50 50 21 49 49 50 5 50 47 50 
50 50 50 50 50 50 50 20 20 50 50 50 50 50 19 50 50 50 37 50 17 50 50 39 18 49 44 50 34 40 47 50 0 34 33 50 50 50 7 4 35 50 5 50 50 
9 50 3 50 47 28 50 50 28 50 50 48 29 50 50 50 50 46 50 21 50 50 50 16 50 4 23 50 50 50 50 3 50 7 50 50 11 10 50 50 50 50 50 3 
50 50 6 24 17 50 50 50 38 50 50 20 50 46 50 50 11 50 50 50 50 16 50 50 6 25 50 50 50 50 30 48 50 39 50 7 18 29 50 3 50 18 47 
50 50 50 50 50 19 37 45 50 33 28 42 50 50 1 50 50 20 50 50 50 50 50 17 50 50 30 50 50 44 50 50 15 50 11 50 50 3 50 50 50 9 
50 50 50 26 50 17 0 50 50 50 50 50 50 50 20 42 28 46 50 50 50 50 50 19 50 30 50 50 50 50 45 50 35 50 16 47 50 30 50 49 50 
47 16 28 50 50 23 50 50 49 50 50 50 36 50 21 50 13 50 44 1 50 50 20 50 42 44 50 50 50 50 50 50 29 19 37 31 50 50 50 50 
50 50 34 39 50 50 50 30 9 15 50 50 50 50 50 50 50 50 49 50 8 50 50 32 50 50 50 50 35 31 3 18 45 31 50 50 50 50 50 
9 10 39 3 50 50 4 50 50 50 50 12 2 28 36 18 45 50 50 50 50 50 7 41 50 50 50 50 50 10 50 50 50 50 50 50 50 50 
50 24 50 50 50 8 50 17 18 2 50 17 50 50 3 50 50 47 50 34 34 50 38 21 34 24 50 50 50 24 50 50 49 17 50 50 50 
50 50 50 50 50 50 50 45 50 40 50 49 17 16 18 50 50 50 50 50 38 50 50 50 29 48 7 29 30 34 45 50 50 50 50 50 
10 50 41 5 50 31 17 4 20 50 50 26 50 2 24 50 50 50 50 50 50 50 50 50 50 50 50 48 33 43 16 50 46 48 50 
50 50 7 50 4 34 50 50 21 11 50 50 50 50 50 22 11 47 50 41 50 50 50 50 42 50 22 50 48 50 50 50 50 50 
50 36 50 50 50 50 50 50 50 6 7 14 50 26 50 50 50 3 50 50 50 50 35 50 39 50 40 5 50 31 20 15 9 
50 50 50 50 50 35 50 40 39 37 50 50 36 31 0 50 16 6 39 33 46 50 49 50 47 49 43 50 50 49 50 27 
50 50 50 50 50 8 42 50 50 39 15 26 50 50 50 50 35 46 25 29 30 42 27 50 8 17 50 50 50 3 50 
50 2 30 47 50 12 50 50 8 50 50 15 50 41 7 50 24 50 50 3 50 44 50 50 50 10 20 50 34 50 
50 44 7 50 50 3 50 50 28 50 47 24 50 39 50 27 50 50 50 50 50 50 50 50 50 50 12 50 50 
25 34 49 47 37 50 50 23 50 50 42 50 50 5 49 50 50 18 10 50 50 50 50 44 50 23 50 50 
50 50 1 50 50 29 35 10 50 15 50 1 32 46 50 50 50 18 50 50 48 50 45 50 0 50 50 
50 34 50 25 50 26 50 50 50 20 50 50 31 50 31 50 50 50 6 50 50 50 38 50 50 50 
3 50 50 50 7 50 49 34 50 47 11 50 17 4 50 50 38 50 19 50 50 50 50 50 31 
50 21 50 50 50 11 4 50 50 26 50 50 31 17 17 33 7 47 50 50 50 50 5 30 
50 33 50 50 50 50 15 50 21 28 8 50 50 50 37 50 0 50 50 41 26 50 50 
50 50 50 36 50 50 50 50 8 50 24 50 50 44 50 50 33 50 50 50 50 50 
40 50 50 31 50 50 50 47 28 4 50 50 50 50 50 50 50 50 21 50 50 
50 50 25 30 50 32 50 36 50 50 20 50 50 15 29 50 21 50 5 19 
50 11 10 50 50 50 50 50 50 50 50 32 50 32 6 50 50 50 38 
18 50 50 34 35 50 50 50 35 46 10 50 50 50 28 50 50 50 
50 50 50 50 50 50 50 50 50 50 50 50 50 31 9 50 4 
50 10 50 16 26 30 24 2 50 9 17 50 50 50 38 50 
50 12 50 50 50 50 50 12 35 50 50 36 50 45 50 
1 50 50 11 30 50 50 46 50 50 50 22 50 45 
50 50 49 50 8 16 18 50 4 39 50 50 50 
50 50 22 39 50 50 34 50 50 50 50 31 
48 41 50 50 50 42 50 50 46 50 12 
37 45 2 50 50 49 50 50 6 50 
12 50 50 4 12 12 50 50 2 
50 1 50 50 50 31 50 5 
50 50 48 12 18 43 50 
50 50 14 50 50 50 
50 50 42 50 23 
10 7 9 11 
50 50 37 
50 50 
48 

