100 100
22 20 3 71 20 19 55 84 100 17 52 41 97 51 70 72 4 17 100 25 8 48 38 57 21 34 89 43 36 49 22 65 90 50 99 12 100 35 41 100 100 97 100 58 51 45 43 99 88 1 30 94 85 97 86 19 96 100 91 76 79 100 69 10 100 100 11 55 100 25 88 96 100 21 26 90 48 36 35 71 34 32 28 40 100 100 66 100 69 50 33 75 100 65 59 84 54 64 25 100
47 70 64 100 100 97 40 100 90 57 35 7 82 64 100 100 100 14 84 66 100 0 69 100 1 96 25 41 35 79 15 100 100 2 53 89 100 27 100 39 92 65 100 76 83 100 7 77 87 86 39 0 80 47 97 72 88 31 9 79 74 80 42 56 46 11 53 85 100 47 100 67 21 86 35 71 63 12 100 100 95 24 16 42 83 1 9 100 68 46 72 85 91 27 40 11 89 100 100
100 100 69 71 18 66 41 4 27 95 22 13 13 100 68 100 19 59 100 0 14 100 92 30 20 67 33 78 98 1 50 82 40 100 100 7 6 18 38 86 38 15 94 100 70 8 30 89 99 68 46 83 58 37 2 100 83 71 100 51 26 43 78 89 100 33 33 50 14 100 88 100 81 100 95 12 66 62 72 44 37 50 4 33 74 100 46 100 21 100 83 65 61 39 19 100 100 100
100 99 48 53 7 10 6 45 65 10 100 14 94 100 100 100 86 9 86 74 52 30 95 88 37 98 11 100 100 100 32 0 100 100 100 6 3 97 100 68 1 87 64 58 11 16 44 30 28 54 100 38 60 93 70 82 34 83 96 72 97 69 100 41 20 34 100 59 22 85 10 53 17 43 47 20 43 100 85 21 87 50 78 78 32 19 0 14 100 52 91 41 4 100 100 63 100
11 37 17 92 25 45 0 67 3 11 26 15 29 7 54 3 84 3 47 100 10 90 35 52 67 4 43 16 79 100 79 16 1 66 86 68 68 19 35 100 53 93 11 3 22 79 23 32 79 57 59 13 16 100 52 100 46 22 57 26 54 4 83 6 100 50 50 100 100 71 75 29 28 38 100 42 77 46 100 64 97 38 54 100 57 46 39 100 36 18 83 67 56 81 100 100
100 24 12 75 100 38 13 69 84 100 85 44 82 95 64 89 14 37 38 99 43 5 83 32 48 47 91 93 52 100 100 72 100 16 71 94 75 57 85 42 45 13 77 36 85 4 70 94 21 50 100 100 100 42 84 59 61 100 61 72 94 77 100 12 74 16 1 73 24 100 16 100 77 26 100 60 62 23 1 100 52 100 65 96 100 100 81 8 42 77 3 100 37 7 100
95 60 93 13 44 39 17 46 100 45 28 51 75 88 82 84 69 46 100 100 37 100 88 86 41 53 31 2 100 26 68 95 100 100 39 3 80 23 58 100 80 100 70 61 24 100 78 86 100 0 99 11 28 26 100 27 61 41 100 8 21 47 90 54 62 30 72 12 100 75 11 7 9 76 96 71 100 100 59 40 40 90 59 100 60 58 6 100 24 100 89 73 14 100
84 63 100 71 100 36 97 90 59 83 55 100 31 16 87 8 62 95 100 21 49 72 15 96 65 100 12 76 85 1 63 94 15 99 99 74 95 50 32 68 4 100 8 100 46 50 4 98 98 81 37 90 50 98 100 75 69 62 61 96 89 91 37 88 87 4 42 65 98 17 45 36 73 100 3 73 69 24 86 95 91 78 100 59 65 87 24 59 73 100 29 100 100
16 79 23 98 0 85 33 73 96 0 82 74 76 100 28 3 63 84 38 100 13 8 13 96 10 69 51 100 93 52 12 61 71 85 69 13 70 17 15 57 36 56 71 100 12 13 100 22 3 100 29 100 96 100 95 42 100 40 3 100 100 14 68 69 100 41 33 43 91 58 16 53 92 5 96 100 100 32 65 9 100 100 89 12 47 15 26 29 100 94 100 100
12 60 93 100 0 75 26 87 57 97 78 92 0 75 87 0 90 54 17 68 100 100 36 9 29 34 21 48 82 100 100 10 44 29 20 53 33 100 97 59 3 61 24 30 27 28 89 69 33 22 36 77 79 13 89 100 100 36 59 76 88 100 100 45 17 0 36 29 89 18 38 100 100 79 8 100 65 23 7 25 97 81 81 47 82 83 100 100 25 26 100
100 73 41 62 5 71 69 57 51 67 82 12 18 10 75 63 49 100 75 100 86 73 100 100 15 89 90 97 70 84 16 39 49 89 100 66 63 50 12 14 98 92 47 97 85 3 66 100 97 3 100 100 2 45 88 36 100 99 93 11 54 98 97 10 82 100 56 20 70 38 73 100 59 57 52 95 11 54 54 68 50 32 11 33 100 72 5 7 21 100
58 96 45 20 99 35 43 69 21 100 13 100 100 94 31 77 100 98 26 88 93 44 62 72 14 1 64 61 71 46 100 26 100 91 100 23 100 61 49 93 33 64 63 5 100 18 68 36 85 69 100 99 100 96 70 62 99 57 32 10 68 69 13 58 62 100 99 100 6 24 100 62 2 86 87 72 58 69 35 100 100 100 74 11 25 47 46 75 100
27 48 94 100 77 100 41 15 33 49 52 29 74 100 98 100 1 58 85 65 48 100 74 29 23 45 48 60 10 37 73 100 68 1 12 29 4 40 18 100 19 71 53 80 20 11 56 100 100 100 45 12 61 74 100 100 17 96 100 43 31 36 100 100 5 88 5 100 64 44 99 78 87 100 42 90 91 100 84 8 76 88 69 13 78 32 51 100
88 35 100 75 64 87 51 21 87 38 41 100 100 71 22 57 82 0 100 100 89 100 26 20 100 19 30 6 96 100 100 96 76 96 75 6 100 56 79 100 100 72 64 82 55 91 53 100 13 100 27 75 87 46 18 100 80 51 45 33 65 74 97 93 100 18 3 54 4 100 100 19 100 28 65 27 41 100 92 23 78 55 100 26 62 79 100
71 95 89 100 81 25 20 40 4 37 82 70 78 42 88 47 100 83 100 32 90 11 92 50 81 78 19 36 14 50 50 5 100 67 30 100 95 90 38 35 78 100 100 56 1 100 26 93 70 23 95 100 100 20 9 38 34 77 100 48 65 77 4 51 52 61 24 6 65 46 25 34 58 38 51 100 24 40 59 33 100 52 71 16 18 100
85 74 42 100 69 82 83 24 54 4 12 100 89 41 54 14 73 32 100 89 38 13 15 86 16 99 41 61 87 84 16 95 98 32 13 64 94 92 6 0 2 51 35 28 45 42 100 22 100 88 97 86 58 55 100 98 1 57 68 100 47 47 100 82 84 82 5 100 82 7 40 4 93 29 9 55 100 42 100 13 54 34 95 12 100
42 10 83 100 100 100 10 62 24 22 74 40 52 100 6 55 100 58 44 29 30 43 61 100 70 100 42 62 100 25 87 3 25 36 80 100 100 31 13 23 100 100 1 49 66 45 6 68 55 87 100 100 100 44 100 55 63 71 52 97 100 63 91 98 70 27 63 82 55 63 11 4 34 0 27 6 69 33 60 5 76 78 12 100
39 100 100 0 83 60 38 11 10 45 5 42 3 91 11 100 81 100 66 100 96 9 53 57 72 76 55 32 82 13 15 30 75 29 41 74 42 100 31 68 54 41 57 53 62 55 39 100 100 41 54 100 100 85 96 4 93 94 63 16 100 63 43 30 99 73 79 10 93 29 18 98 92 3 1 72 55 100 74 69 100 25 100
0 92 52 67 40 72 100 25 28 68 72 34 100 83 48 20 39 40 14 100 100 100 5 69 46 70 84 7 14 23 54 100 53 73 94 100 4 74 9 43 100 14 45 35 78 40 100 27 74 98 40 78 100 54 33 41 8 77 73 36 23 100 5 73 18 68 5 21 100 100 100 100 27 66 15 18 7 48 85 12 100 100
48 10 100 30 88 92 55 26 99 13 11 100 96 100 73 100 80 65 17 5 46 79 68 67 83 35 79 63 99 33 48 29 93 24 44 72 75 67 56 99 100 81 74 13 33 35 16 31 100 53 20 63 70 37 27 7 100 5 80 20 85 37 100 100 61 100 98 100 35 12 72 8 16 100 6 41 5 62 3 85 100
3 81 34 21 100 3 19 64 15 85 98 17 92 51 23 43 45 88 47 34 62 21 8 0 43 36 100 60 100 31 44 100 17 63 100 80 100 82 100 74 53 100 100 100 100 33 53 5 100 100 100 69 48 46 100 100 36 100 95 100 56 100 39 65 70 24 86 18 5 54 7 100 79 56 50 4 13 100 50 100
68 100 94 26 73 1 84 100 100 90 100 100 100 12 4 38 62 12 55 26 100 91 49 96 13 57 0 65 66 26 100 41 65 100 89 54 76 72 30 63 56 47 33 27 24 35 15 42 77 32 14 51 81 59 94 4 100 100 26 17 48 55 39 48 100 31 0 64 84 45 100 100 100 24 18 81 58 99 100
59 100 63 67 71 100 100 50 53 78 36 100 33 4 62 2 100 79 54 36 100 80 100 13 100 93 100 1 42 69 100 25 5 26 100 85 39 68 88 75 11 22 51 69 10 89 71 24 77 53 100 48 78 18 84 100 100 100 5 94 11 79 2 9 54 88 28 7 100 51 97 100 83 93 70 100 5 100
100 65 100 41 21 28 100 32 4 1 34 46 44 100 36 100 87 46 35 96 94 19 2 8 37 35 15 81 78 76 100 100 71 8 17 14 56 1 12 99 30 35 4 61 32 67 100 44 89 44 11 59 92 34 31 49 72 7 19 76 100 65 9 100 87 12 7 56 30 28 100 80 100 38 100 71 100
12 53 51 26 47 7 26 59 30 43 99 64 34 100 39 46 80 52 65 86 66 24 36 100 32 94 49 12 30 100 100 48 6 51 20 100 97 25 61 69 75 22 100 4 83 20 31 82 51 66 3 19 100 13 64 100 60 67 81 59 100 12 1 60 11 96 26 63 24 40 18 50 40 66 12 100
0 1 33 50 90 94 19 11 55 78 84 61 71 31 74 87 91 48 1 7 70 52 46 58 57 5 22 100 48 79 98 27 65 64 21 53 61 37 18 0 59 58 43 53 10 23 80 30 10 23 13 99 36 100 5 59 8 89 14 14 52 98 27 9 100 65 24 60 44 20 82 43 81 62 100
67 29 7 16 72 87 3 27 28 1 26 59 60 82 7 69 100 5 11 80 10 70 100 100 7 6 43 50 38 49 71 84 99 100 35 100 36 4 74 38 75 26 1 8 100 90 12 12 52 0 15 41 72 25 100 73 32 39 100 51 61 61 85 54 2 58 10 8 100 100 100 46 39 100
19 41 42 100 100 30 76 70 89 90 100 16 9 10 20 100 67 26 90 100 99 5 69 100 61 88 9 2 41 58 100 93 78 64 28 83 100 14 100 24 99 61 34 48 80 87 62 55 28 100 100 35 36 84 84 55 79 100 100 78 78 12 96 56 49 67 64 100 100 82 51 40 100
26 47 99 100 67 28 3 90 66 100 50 51 46 76 75 43 18 48 65 47 84 100 20 100 44 78 10 50 100 53 100 93 81 47 88 98 51 68 100 75 22 74 86 76 72 64 15 28 2 100 100 90 100 3 36 76 100 12 100 73 59 6 33 53 100 100 6 13 14 66 98 100
85 21 23 90 78 43 62 100 85 6 58 91 25 100 91 10 60 89 100 100 100 1 5 83 60 56 77 72 3 97 96 20 14 6 21 32 60 100 29 41 100 97 97 78 12 85 100 100 100 94 31 76 8 57 29 100 17 6 32 40 13 46 37 50 44 0 39 100 0 100 100
0 71 100 13 27 68 43 89 100 100 40 37 5 29 8 15 68 45 100 56 6 33 40 45 100 7 87 43 100 70 46 74 55 55 87 58 10 96 48 2 47 98 15 60 13 51 22 49 86 100 57 72 91 75 23 95 100 100 30 48 100 84 78 19 100 98 62 95 81 100
100 76 76 26 36 47 26 98 56 58 25 100 91 49 40 67 94 100 15 63 89 78 66 40 55 41 100 65 51 92 16 26 84 59 4 100 45 91 97 77 89 56 4 26 76 13 44 26 100 89 69 28 54 4 45 56 77 5 79 100 100 100 45 82 7 100 65 58 100
100 22 79 88 17 71 78 83 42 100 91 76 78 100 46 32 2 85 100 33 64 11 74 17 100 27 10 89 70 87 0 100 51 87 74 99 1 48 100 61 2 81 28 30 45 80 50 17 96 43 9 36 75 51 96 100 22 100 56 100 45 77 44 23 16 81 40 100
91 43 21 100 82 76 51 87 40 100 100 30 61 100 42 100 100 70 100 20 100 87 54 34 100 42 100 98 39 100 32 3 9 9 7 40 100 87 100 9 37 100 86 71 73 62 99 84 100 29 48 58 5 64 78 100 65 100 63 100 85 100 42 17 93 41 100
84 68 72 100 25 32 59 76 39 16 100 55 46 54 2 100 100 55 43 22 90 100 46 22 74 79 100 65 82 15 63 76 9 78 12 47 91 56 90 67 100 100 84 25 22 100 90 72 65 84 69 57 63 68 100 100 11 79 26 80 82 95 29 76 32 100
15 46 76 88 77 9 100 81 24 77 92 29 21 38 66 100 36 69 73 49 67 48 56 51 100 97 72 67 100 33 42 40 62 100 85 100 80 49 63 98 56 100 11 16 1 5 99 11 96 27 66 68 99 23 44 27 100 97 52 53 15 66 76 27 100
11 61 41 50 86 43 48 100 100 100 32 47 52 79 70 19 96 3 100 23 6 73 100 33 91 86 21 29 99 8 23 32 51 55 3 100 79 100 81 36 52 69 56 13 75 7 24 100 85 40 61 57 100 100 52 42 67 40 60 100 44 20 20 100
18 94 2 47 31 58 22 83 100 30 58 19 28 71 72 72 66 100 18 10 75 20 89 29 17 1 30 89 87 21 100 15 14 100 54 71 100 29 1 100 100 100 24 98 44 16 100 34 37 100 6 90 83 24 76 34 69 67 18 27 100 42 100
27 100 50 49 34 83 77 94 100 100 97 11 57 100 100 64 43 57 29 96 34 100 20 64 100 100 37 75 39 45 100 100 100 85 67 37 78 99 11 78 30 100 0 100 8 83 31 30 4 3 100 22 2 73 100 30 98 55 100 73 85 100
100 100 35 76 63 40 22 43 21 16 69 11 24 44 96 86 84 16 69 97 63 14 9 58 53 95 25 60 35 44 69 24 93 92 73 100 93 41 39 6 15 94 9 57 43 80 100 39 14 89 41 8 94 75 14 100 29 81 27 22 100
7 90 31 64 29 21 62 100 43 55 12 39 70 22 23 27 61 57 89 100 98 78 82 53 29 9 54 100 90 24 100 58 100 18 81 54 93 27 15 73 59 77 71 37 68 17 37 45 55 78 22 100 100 23 8 75 100 54 57 100
62 75 16 76 96 3 90 77 100 87 29 96 15 53 95 93 79 81 1 100 24 100 6 60 47 100 43 28 79 82 48 100 57 36 27 43 49 80 10 40 38 50 19 56 91 38 69 100 100 80 62 41 31 2 53 16 79 56 100
66 80 58 32 91 100 100 100 100 50 98 53 38 100 15 100 69 76 72 76 25 14 33 24 54 83 47 63 100 89 5 76 6 90 53 54 100 47 8 65 91 89 98 92 75 19 97 47 40 99 91 100 98 57 44 100 80 100
28 100 52 92 16 100 30 62 10 17 5 100 88 6 33 39 68 91 7 17 11 24 100 6 30 10 47 100 2 92 50 100 65 47 85 100 90 90 4 27 83 72 46 1 84 92 100 12 22 64 24 82 56 94 64 39 100
6 83 39 57 40 100 10 1 79 99 11 97 100 73 100 31 67 4 62 100 81 64 57 65 82 100 26 6 65 89 38 11 100 5 89 80 18 98 58 100 53 89 77 4 34 1 19 31 32 48 75 36 100 37 94 100
94 20 82 58 56 83 12 83 100 88 100 24 53 69 100 52 7 71 71 38 100 71 75 100 20 91 44 50 58 12 38 22 100 100 51 99 100 100 16 100 41 44 5 100 45 38 100 76 55 54 66 80 23 7 100
100 100 72 49 49 0 28 86 51 47 93 76 12 100 100 40 28 40 81 55 28 100 100 50 60 100 100 100 85 81 89 3 81 16 57 74 69 93 100 94 75 96 39 95 19 34 60 80 100 36 83 63 100 100
10 92 35 94 100 96 44 44 79 44 76 99 100 100 100 100 38 57 76 82 68 52 42 89 94 29 84 51 7 35 42 100 53 36 25 54 74 17 70 0 56 100 85 39 61 1 100 100 85 19 23 72 100
21 38 21 83 92 100 25 100 24 29 82 6 12 98 75 100 21 78 89 90 38 43 67 47 100 100 94 6 100 55 38 92 64 90 52 12 55 85 100 24 55 99 1 86 34 69 100 92 81 17 5 100
49 62 100 100 85 86 38 68 45 16 44 73 46 7 9 51 35 28 100 37 25 38 6 100 63 69 74 64 96 84 30 86 100 45 41 15 74 9 74 85 33 12 46 100 100 45 22 77 42 100 100
46 70 99 100 100 67 10 21 100 87 30 33 70 97 71 7 93 69 43 80 2 54 100 17 38 100 80 22 100 100 90 19 100 94 100 100 66 53 100 26 92 26 68 50 5 8 84 100 100 100
55 100 90 66 45 21 26 94 100 2 92 7 100 41 17 90 34 35 34 40 89 84 35 60 48 59 48 85 67 86 25 30 71 35 33 1 36 86 4 17 71 100 1 25 100 94 100 90 100
56 83 100 40 83 100 98 100 36 24 45 100 65 39 30 5 72 88 68 55 100 78 0 28 14 51 39 24 100 68 8 90 57 17 100 34 29 94 100 95 4 10 22 100 100 31 68 100
90 15 100 87 91 100 100 75 75 100 40 100 98 29 24 77 30 25 59 28 28 23 100 68 8 100 45 34 58 6 35 0 32 67 82 31 79 28 16 63 61 74 55 68 64 73 100
100 55 23 49 17 22 100 44 45 43 100 33 24 43 61 28 25 64 14 100 87 100 45 53 65 100 47 92 100 10 78 12 1 89 3 99 95 80 19 100 35 12 25 18 100 100
61 40 54 97 66 100 98 66 51 84 84 100 100 46 91 100 100 100 36 64 8 83 22 50 97 12 100 44 71 71 69 62 37 43 62 100 97 100 63 73 62 15 30 84 100
16 99 1 39 24 38 60 88 56 44 35 10 55 80 65 61 75 98 57 11 74 17 19 59 100 93 78 100 100 100 99 100 25 92 33 100 76 17 49 50 41 0 100 100
56 47 100 92 88 70 25 53 52 71 20 4 39 80 26 100 47 66 100 37 57 73 100 24 48 100 100 100 16 46 18 91 42 100 13 51 76 90 76 100 43 91 100
32 13 100 100 45 43 41 47 26 11 53 82 91 78 89 65 55 100 98 72 57 32 71 53 84 100 100 61 70 14 39 100 74 7 33 100 100 87 37 100 74 100
100 100 55 100 72 100 100 62 72 2 81 2 89 81 5 38 82 100 100 100 13 100 100 70 100 27 59 100 97 4 100 21 6 17 98 98 100 44 29 100 100
100 56 98 100 100 100 4 52 71 100 100 21 100 28 45 100 100 95 100 80 100 49 18 58 70 28 100 15 47 89 61 100 2 65 13 11 46 29 77 100
100 66 100 1 51 88 14 29 92 49 31 83 100 100 20 100 100 11 69 64 8 100 100 100 58 36 100 70 54 100 14 3 52 100 38 100 70 100 100
85 100 100 100 10 100 12 32 7 100 98 100 5 100 0 56 90 52 100 78 100 77 90 84 100 39 100 83 90 100 65 84 11 100 96 90 30 100
28 96 100 35 75 10 100 100 70 9 100 59 66 66 100 100 100 14 4 87 74 22 100 33 100 39 40 18 58 69 2 48 94 26 90 100 100
66 6 41 70 92 100 24 25 73 100 99 52 6 100 38 42 10 100 92 78 46 66 100 100 25 100 35 7 64 100 36 100 18 13 93 100
85 21 100 100 80 15 100 27 14 100 100 39 12 100 54 100 80 100 60 51 100 83 51 95 51 29 100 68 45 99 99 100 57 93 100
59 84 100 59 100 100 100 75 99 82 51 73 16 80 100 32 6 42 100 100 100 37 72 80 100 100 41 86 67 100 100 100 100 100
100 100 41 100 100 86 87 65 100 61 72 100 100 75 100 46 47 60 52 100 100 40 66 50 77 94 73 18 55 71 32 100 100
45 88 49 100 100 64 26 100 92 44 84 11 2 100 87 5 48 100 100 27 91 100 99 74 100 76 61 100 52 33 100 100
51 71 40 82 100 69 95 86 100 56 100 100 74 100 48 100 100 37 46 71 11 100 100 21 100 100 53 99 55 59 100
58 100 100 86 53 98 1 64 100 100 78 100 100 100 100 100 87 100 10 100 79 39 100 100 31 16 100 43 9 100
100 100 5 69 53 100 25 20 100 100 100 88 17 100 72 3 86 53 100 13 100 75 90 83 28 72 59 63 100
17 67 57 8 12 16 16 100 46 19 34 29 47 81 100 62 68 100 89 100 12 100 4 100 26 100 100 100
59 59 100 100 34 52 57 31 36 32 16 100 100 100 93 14 100 36 100 35 69 98 96 58 34 100 100
49 100 5 88 31 19 100 20 100 100 72 25 100 7 9 100 39 100 60 89 49 100 100 28 100 100
59 83 42 64 100 78 56 100 54 26 100 78 100 52 89 80 44 64 82 100 67 10 100 100 100
100 83 19 61 100 95 69 100 91 100 30 100 100 2 100 18 38 81 47 100 81 94 21 100
77 54 47 66 100 5 73 23 49 85 100 72 3 3 100 9 55 68 43 38 91 99 100
100 2 100 64 31 100 100 48 100 68 67 100 100 42 5 100 3 56 43 85 64 100
99 88 100 100 100 87 29 100 70 100 100 68 100 19 39 100 100 44 12 100 100
53 65 100 100 39 100 100 100 32 9 100 43 100 100 5 3 48 100 100 100
100 100 26 66 70 5 58 7 100 55 100 97 43 100 82 98 100 85 100
100 100 93 100 83 58 95 89 100 100 100 55 29 80 77 50 100 100
0 7 100 8 100 100 72 4 100 23 70 9 100 100 98 27 100
81 100 24 100 1 98 21 51 4 79 58 93 50 63 10 100
100 100 100 5 100 11 50 53 15 42 100 20 36 100 100
77 100 64 64 4 2 100 56 7 90 100 43 19 100
66 13 15 78 79 100 100 68 100 100 59 0 100
100 100 37 100 100 48 59 5 100 44 19 100
100 100 100 100 100 62 32 100 100 64 100
40 22 100 80 13 58 67 32 85 100
4 84 43 100 89 100 72 63 100
80 55 98 100 100 100 78 100
100 75 25 100 9 86 100
93 19 37 3 0 100
100 52 12 87 100
82 46 98 100
100 21 100
100 100
100
