100 125
101 56 79 4 125 125 108 33 125 105 125 98 2 125 124 125 125 125 125 54 6 125 50 125 23 125 18 50 125 112 37 67 83 23 79 48 87 125 108 125 125 56 90 59 116 125 21 125 125 125 125 64 125 125 82 125 125 125 125 55 125 125 75 99 71 71 96 123 125 125 58 30 91 57 125 125 125 47 67 125 55 125 125 125 125 77 32 125 125 11 44 59 30 125 61 66 125 125 103 125
125 101 100 61 110 81 95 125 103 125 125 96 125 125 125 88 80 71 46 125 125 125 111 84 4 125 125 51 125 104 80 125 68 125 26 5 125 125 115 16 125 53 125 125 125 125 125 125 2 112 110 93 125 108 71 88 81 124 125 125 125 125 32 32 54 125 61 125 49 96 103 107 97 80 125 125 70 39 75 125 1 27 78 125 125 46 65 125 125 22 30 58 125 47 125 52 125 87 125
8 125 125 104 30 61 125 43 47 125 125 75 67 125 125 125 13 33 125 104 1 125 75 109 125 121 103 125 125 125 35 9 93 125 111 125 29 89 124 125 123 42 64 125 67 125 11 12 125 125 125 26 125 125 111 125 125 115 11 26 51 36 86 125 125 105 11 125 72 114 125 14 125 125 125 125 125 125 77 125 84 125 16 95 125 72 125 91 125 125 125 125 14 125 125 125 66 125
48 125 118 118 26 125 29 95 75 76 125 125 125 37 17 65 125 8 59 125 125 2 98 122 125 7 125 106 100 125 82 40 105 64 0 5 125 101 33 32 125 125 56 125 109 125 109 125 96 125 59 118 3 14 37 125 125 94 80 125 30 52 125 15 125 125 34 125 125 125 39 91 125 20 125 125 8 0 103 104 125 56 16 125 90 125 125 125 50 29 33 125 110 85 101 88 125
125 9 125 125 38 108 25 125 61 96 125 125 125 123 33 125 120 31 125 47 85 125 104 24 82 125 122 25 74 125 11 125 125 125 45 58 125 125 114 125 125 11 125 55 93 26 43 71 87 125 33 61 39 44 59 118 19 51 79 125 125 3 6 17 51 125 125 125 125 45 24 14 125 125 125 125 60 125 100 125 125 74 125 125 112 50 125 125 125 19 125 7 125 71 26 125
120 44 125 125 14 62 72 15 54 125 105 125 125 80 125 125 65 15 93 17 33 125 70 56 125 25 51 125 106 125 79 51 125 63 125 81 125 58 125 125 102 40 51 125 58 116 58 125 1 125 63 125 125 125 0 22 35 125 120 125 1 125 125 72 125 38 125 13 34 125 125 117 125 125 125 125 125 13 55 125 125 62 125 71 125 96 59 18 125 125 111 122 125 22 125
125 125 25 125 13 125 125 125 125 54 31 78 125 125 1 73 125 125 125 52 105 125 123 125 125 125 125 125 73 125 52 79 113 125 125 112 30 62 125 94 83 125 121 31 63 125 125 125 116 125 9 125 125 107 125 7 125 57 125 57 28 86 125 73 125 24 125 125 115 125 11 125 59 119 78 18 125 125 89 125 54 125 125 109 125 49 76 99 98 125 125 125 125 125
35 123 125 125 54 6 71 2 125 125 125 125 125 22 76 125 73 125 125 87 43 18 125 125 125 110 106 7 35 71 12 119 106 125 125 125 125 125 125 11 57 80 125 125 64 3 9 112 118 125 125 125 14 125 34 70 125 125 96 125 125 66 125 125 84 0 125 105 125 119 125 23 125 125 125 97 42 80 125 124 125 125 125 96 64 43 125 25 71 125 125 110 125
42 125 125 55 52 98 125 125 125 125 56 22 56 125 125 125 16 76 24 49 125 125 87 122 125 125 46 125 125 65 51 125 49 19 125 63 92 125 125 39 76 125 19 79 118 125 125 125 45 85 125 125 125 84 26 104 78 125 23 120 106 64 125 19 125 125 59 125 125 125 125 125 125 125 38 125 115 125 79 125 125 37 125 46 125 125 18 11 125 125 125 125
57 30 125 94 125 125 118 0 125 125 125 125 1 125 125 98 125 125 95 82 116 125 125 71 81 125 42 64 125 125 125 103 80 80 45 125 91 96 125 101 125 66 125 125 125 125 125 125 4 125 65 111 97 54 125 125 125 62 102 125 80 125 125 125 91 22 125 30 28 47 125 119 33 2 101 125 125 125 125 109 109 125 125 125 125 84 125 125 125 125 125
23 62 39 125 125 23 76 7 23 10 101 125 96 66 4 54 97 125 125 125 72 125 25 37 45 100 103 125 53 125 125 125 21 54 125 91 125 125 125 61 10 38 27 3 101 125 125 95 125 19 47 125 85 125 3 44 125 125 50 125 125 125 125 125 77 125 125 125 125 79 2 125 26 108 59 125 124 59 52 53 84 125 125 114 125 125 125 2 125 125
125 121 29 125 78 74 125 39 125 23 21 123 125 36 125 125 125 46 56 105 85 24 125 125 114 125 116 125 85 125 43 125 83 31 125 7 107 82 88 102 42 59 125 87 125 77 79 125 49 125 125 57 125 125 125 3 104 35 12 56 125 41 125 34 114 118 125 125 125 125 125 125 125 125 12 45 14 86 97 125 31 113 125 80 24 125 125 125 125
5 5 113 125 125 45 57 125 2 110 34 90 55 96 82 125 125 12 125 125 105 125 0 125 81 101 125 67 125 125 109 125 22 125 18 125 85 125 94 125 23 73 69 13 125 125 125 58 26 83 5 125 113 30 39 125 65 125 14 125 125 125 125 125 125 125 42 120 122 50 120 125 89 125 103 23 125 125 43 25 125 99 125 120 125 25 62 125
125 94 125 125 125 125 43 125 35 125 125 97 125 125 31 115 89 109 125 125 87 125 104 46 125 125 69 84 125 125 125 120 125 24 65 8 94 125 125 47 113 125 50 125 107 125 68 125 31 125 125 38 125 121 125 86 125 125 125 67 125 125 75 125 8 84 125 11 60 125 125 52 28 45 85 125 54 125 51 125 125 125 78 125 125 59 125
44 94 125 125 125 125 32 125 125 125 125 125 121 119 13 125 125 92 125 125 125 47 125 125 125 125 91 125 62 6 125 125 125 125 125 116 125 50 125 125 125 29 66 52 125 22 47 5 94 125 35 123 55 125 100 125 116 2 125 125 125 125 125 125 125 125 99 34 107 42 125 97 125 125 125 68 125 99 82 38 125 66 1 64 4 125
125 125 125 97 13 108 125 37 125 9 125 88 53 125 34 11 125 14 25 29 125 2 62 43 125 125 125 125 3 125 4 37 125 125 125 119 125 125 114 125 125 104 56 19 50 125 125 104 21 105 98 45 51 38 84 109 72 11 5 6 125 0 125 125 1 102 57 47 20 37 83 124 59 113 125 71 125 68 125 76 125 28 88 50 125
125 125 32 125 69 1 125 40 77 125 125 18 125 18 41 38 117 116 54 8 125 125 105 79 58 125 75 125 100 74 125 8 125 125 104 70 74 64 22 125 125 38 125 29 125 47 81 46 125 125 125 87 35 30 109 9 58 125 3 125 41 45 9 46 125 125 50 104 125 14 113 47 14 42 125 125 6 125 125 11 72 58 45 125
125 125 38 125 8 80 125 125 125 59 22 33 33 47 125 59 125 125 19 125 87 2 40 125 125 125 125 125 125 37 110 125 50 125 94 124 88 125 125 14 85 125 125 125 96 125 125 125 49 122 70 125 104 125 125 77 125 82 106 58 125 125 125 109 125 125 96 50 53 125 79 125 125 102 86 9 125 108 107 125 115 125 125
105 125 66 27 89 78 71 125 125 125 81 40 105 36 114 78 43 125 36 125 125 125 101 27 68 93 94 57 69 125 13 3 35 87 33 72 113 125 125 7 88 125 125 47 0 122 125 125 12 79 44 42 125 102 48 125 125 125 57 125 125 125 43 120 110 59 125 65 102 98 124 125 88 125 125 125 77 125 14 5 79 125
96 8 125 19 125 12 82 20 125 34 51 77 91 125 125 45 125 84 125 68 125 125 110 107 71 71 73 125 125 112 125 125 97 65 5 123 46 125 72 125 125 125 83 5 125 125 125 51 13 125 125 125 125 125 125 125 116 30 125 112 125 32 102 125 125 76 125 125 125 125 42 125 125 45 46 65 125 125 92 71 125
125 104 57 125 88 55 125 0 125 39 113 24 13 125 125 41 36 125 125 125 56 111 113 22 125 105 125 88 16 60 125 125 101 86 125 125 122 125 125 82 125 106 125 71 125 125 125 25 81 125 22 125 125 72 125 67 125 125 89 10 4 116 29 83 62 91 80 125 87 105 125 16 91 125 103 125 125 64 125 125
125 125 125 68 81 125 125 42 125 101 125 80 124 120 51 125 125 71 55 125 121 78 36 74 125 125 9 125 125 125 18 125 102 125 88 125 125 123 125 125 11 86 125 125 89 57 11 125 35 72 125 125 125 68 102 125 92 105 101 43 107 100 105 125 125 118 50 125 125 125 5 40 125 104 125 125 10 36 125
70 125 54 125 125 22 62 125 125 84 125 63 125 42 30 56 63 104 37 25 125 125 125 125 125 103 125 91 24 125 92 125 45 49 125 125 125 90 125 125 110 125 80 123 125 125 17 30 61 125 21 72 48 30 15 101 125 12 125 87 39 12 125 125 125 64 125 125 26 50 30 125 125 58 125 99 125 125
89 119 125 125 125 94 1 66 125 91 45 125 125 71 125 125 9 21 77 125 125 125 12 125 29 22 78 125 45 53 37 125 86 125 91 125 40 103 83 51 125 125 69 125 125 125 50 125 23 125 125 125 125 111 27 125 9 75 125 68 125 125 125 125 97 49 36 83 125 125 125 125 125 46 68 125 125
69 71 124 65 125 125 45 125 125 60 55 125 1 46 125 125 14 106 76 109 125 125 108 125 125 125 125 125 125 125 125 37 125 125 57 47 125 125 125 21 125 125 125 69 125 125 69 125 125 125 112 125 69 26 1 31 52 125 102 125 71 125 35 76 125 80 100 52 75 119 21 29 6 99 121 125
20 125 70 105 116 125 52 125 125 125 67 30 96 36 125 125 125 93 51 39 43 125 66 30 97 96 42 125 6 106 125 125 74 101 125 37 125 125 122 125 108 125 79 125 125 125 82 125 125 62 64 125 92 125 125 100 125 105 125 114 121 125 109 100 48 36 125 125 125 125 125 125 23 45 125
125 20 125 51 37 125 114 40 125 92 125 103 80 125 51 125 118 125 125 43 125 125 125 125 7 98 32 72 75 1 70 77 82 125 125 51 125 19 41 94 62 125 125 42 125 13 26 96 125 74 125 125 111 87 11 121 125 14 17 44 15 125 90 75 104 117 125 125 125 10 125 125 65 125
114 125 124 110 125 101 36 125 66 15 125 104 83 95 125 125 103 125 125 125 21 125 18 125 88 9 25 125 2 125 125 125 101 125 125 17 98 125 122 125 125 114 125 74 125 69 18 43 125 97 103 125 125 56 125 27 51 122 125 125 125 125 125 66 14 125 125 125 123 64 62 125 125
125 125 68 125 39 125 125 7 125 125 125 13 125 125 95 25 83 125 56 125 125 90 43 82 125 124 26 95 70 12 40 123 31 62 45 25 125 125 125 125 84 34 125 38 125 84 111 58 125 125 125 44 65 125 3 125 24 125 62 51 125 125 26 91 54 48 125 125 43 8 66 125
125 125 125 69 125 125 125 42 125 120 14 125 122 94 125 125 125 78 125 125 125 49 3 125 120 13 48 76 125 74 125 125 125 125 86 125 125 125 125 5 117 88 86 86 50 40 24 50 121 125 125 47 25 21 125 13 125 18 125 93 23 75 69 125 61 25 18 103 125 125 125
107 125 103 105 57 125 53 101 65 125 125 125 93 125 122 125 125 4 83 107 25 125 113 125 43 123 125 125 125 125 125 67 125 125 125 125 68 88 125 89 125 116 125 32 21 89 125 7 125 125 38 52 36 125 62 125 125 100 46 125 87 125 103 73 125 125 88 78 27 125
125 35 41 56 125 125 125 64 48 125 125 125 125 85 125 19 114 46 109 125 125 106 125 88 125 17 125 125 125 97 125 125 58 125 125 125 53 52 24 125 125 125 72 99 34 72 125 125 44 49 7 125 125 11 125 75 98 125 111 125 125 125 125 80 84 125 125 105 125
83 61 115 61 116 84 125 11 125 125 112 60 119 33 34 125 125 39 11 116 74 71 125 125 87 125 125 85 40 80 125 125 125 125 63 20 125 125 125 3 125 125 51 43 100 125 125 74 32 125 68 19 125 65 78 2 125 51 77 125 125 125 120 125 90 0 114 125
125 125 9 125 117 74 125 104 117 125 94 125 5 110 17 125 78 64 125 12 125 42 125 125 99 125 67 116 43 125 63 125 125 125 7 125 125 125 73 125 125 39 125 46 125 64 99 125 125 25 77 125 125 125 125 125 125 125 125 118 125 60 35 26 125 74 125
54 125 112 92 125 118 66 87 37 30 4 46 117 19 74 69 125 59 125 125 22 125 106 125 125 125 125 87 125 15 125 125 33 125 105 125 125 104 51 10 125 67 125 22 2 68 113 0 54 125 72 3 2 121 118 56 125 125 125 125 77 125 125 125 125 125
125 2 15 42 29 47 125 125 52 125 125 39 125 125 125 24 125 120 77 125 64 125 125 23 105 125 52 125 45 125 48 125 50 125 125 125 125 125 35 17 125 44 101 32 49 125 15 92 60 102 88 2 60 125 101 125 125 51 26 125 102 125 34 121 125
125 125 52 78 4 125 84 125 113 125 125 125 89 78 125 125 115 112 124 125 125 63 82 125 95 125 125 36 125 125 25 125 96 120 9 57 125 125 105 68 10 125 57 118 80 72 75 23 65 4 125 123 35 4 6 53 125 28 125 125 125 125 70 125
70 98 17 121 124 42 118 125 6 104 40 113 125 73 13 108 125 125 40 44 121 64 89 69 23 91 125 59 125 24 125 10 125 125 69 84 67 125 125 125 5 125 19 113 60 125 86 125 32 97 123 125 125 125 125 98 125 78 125 125 125 125 125
21 1 125 125 29 125 53 99 125 125 103 125 125 125 125 92 125 125 121 125 28 99 125 22 66 45 125 125 125 53 125 125 38 71 50 121 125 125 105 125 124 79 125 43 125 85 41 125 6 109 125 125 125 125 63 57 125 39 7 42 125 125
125 61 122 125 52 125 86 125 125 125 52 66 125 125 23 14 125 125 111 125 120 125 25 125 66 70 32 125 37 125 20 125 118 106 125 12 125 115 13 13 125 80 125 123 71 119 41 4 125 125 7 111 71 125 43 125 36 125 125 92 125
125 125 125 125 88 120 113 106 27 125 125 125 9 74 86 43 125 121 1 103 125 125 20 79 125 125 125 89 65 125 108 8 4 125 125 123 32 97 29 11 125 125 12 91 47 125 1 114 125 125 74 28 89 108 75 5 26 125 125 125
73 125 20 108 125 125 115 80 125 125 109 86 42 125 33 125 73 125 125 40 5 115 44 41 125 120 37 29 125 125 125 65 16 59 40 125 74 57 125 125 55 64 24 125 60 125 31 125 125 87 80 81 125 125 125 56 125 125 125
72 125 116 125 70 111 62 125 125 125 125 6 125 108 54 85 125 102 0 4 9 15 125 2 125 60 125 125 53 125 125 48 125 9 125 125 64 125 93 75 40 125 25 125 125 125 88 125 125 29 64 65 99 12 125 125 68 125
52 84 23 125 125 19 8 125 68 25 10 7 13 125 80 72 57 53 125 3 3 125 125 20 108 62 125 93 51 125 122 48 44 125 125 125 125 125 6 125 125 81 125 23 35 125 33 125 125 125 125 49 122 83 115 28 125
61 125 125 117 36 77 125 15 125 12 125 96 122 120 37 125 125 125 110 125 125 125 97 125 78 37 125 125 125 125 125 12 125 125 67 79 118 58 22 2 125 65 28 53 98 1 125 125 98 25 108 80 28 32 32 125
12 14 125 125 125 66 125 29 75 125 125 72 125 125 102 10 70 119 44 79 69 125 125 57 97 125 70 61 4 12 120 125 125 82 29 50 125 125 67 125 39 15 2 125 82 125 125 125 77 117 61 105 72 30 125
93 125 125 125 98 30 64 125 125 125 125 125 2 51 125 65 125 125 121 125 28 107 125 2 2 125 50 5 19 125 125 125 89 56 70 125 125 108 125 125 125 74 57 96 125 125 27 15 125 49 125 125 15 125
125 97 23 121 111 125 125 44 125 43 125 57 37 32 125 125 16 59 125 125 125 94 11 6 125 125 73 125 122 125 118 4 125 59 47 125 125 13 125 125 125 125 125 125 54 125 75 125 28 125 71 95 125
84 125 125 30 125 125 81 125 125 125 62 125 125 125 125 46 125 125 39 104 92 125 122 125 125 123 125 36 125 123 43 95 77 112 125 103 38 105 8 125 88 125 1 37 37 125 125 0 125 38 125 125
11 40 125 125 105 125 57 125 125 99 35 65 125 125 95 113 104 9 125 125 125 125 28 25 27 125 71 2 13 125 125 125 80 55 125 125 125 125 94 93 125 100 4 125 125 18 11 125 125 125 125
115 100 15 125 125 125 125 121 117 125 125 125 79 125 64 125 125 125 61 125 36 31 125 55 103 125 125 93 19 125 125 90 33 82 49 90 23 45 106 108 125 112 24 47 125 106 125 83 125 125
63 125 125 75 125 56 96 0 102 81 9 125 10 22 31 25 41 125 125 118 91 113 67 30 22 91 77 125 76 125 56 117 18 63 125 60 125 62 125 125 125 18 125 125 125 125 125 125 125
125 125 125 93 96 36 50 92 21 125 125 125 125 123 14 125 18 38 38 101 25 125 125 125 125 108 122 125 14 98 79 125 24 21 125 50 79 76 75 105 125 125 98 9 29 125 16 125
125 1 39 125 83 64 125 103 90 106 125 125 125 125 125 125 125 24 91 125 72 46 36 95 125 73 125 51 18 32 32 125 125 79 96 74 25 125 103 125 125 49 27 125 8 125 125
39 67 97 105 125 125 125 90 125 100 125 99 125 16 113 31 30 125 53 125 2 62 125 125 27 125 125 125 125 40 125 125 6 33 125 125 125 106 86 5 31 98 2 125 125 125
125 125 125 125 17 20 77 50 10 125 125 106 120 40 125 125 7 120 125 125 29 32 125 63 125 125 82 125 98 40 61 25 113 119 92 125 125 62 125 4 41 24 16 27 125
125 10 125 125 125 125 125 125 125 125 125 125 69 15 1 125 125 44 67 75 88 125 94 52 14 36 125 12 94 93 125 125 6 125 118 51 7 125 125 125 125 87 125 125
36 26 52 125 4 83 26 40 125 6 110 125 125 51 32 68 34 17 105 125 29 125 125 125 87 75 125 125 95 125 125 125 125 86 125 118 47 81 12 17 125 13 125
56 75 125 125 125 73 125 122 125 47 125 125 125 125 125 125 41 125 113 43 108 107 125 19 125 125 125 125 85 87 125 35 27 124 125 125 56 55 68 69 125 125
92 125 58 125 125 125 78 125 125 113 60 42 125 81 125 76 125 125 125 125 125 39 80 41 125 0 66 125 38 125 90 125 14 125 125 105 125 125 125 40 125
125 72 11 125 125 125 123 36 50 7 102 125 125 107 125 68 83 125 9 67 125 48 22 125 5 120 125 5 6 40 1 77 125 125 125 25 45 56 1 125
81 94 113 125 77 125 125 125 125 27 125 118 125 125 52 46 58 125 59 32 10 125 10 36 72 125 107 121 125 18 32 125 79 73 125 125 68 62 125
125 49 125 125 109 125 125 125 59 125 46 125 63 111 125 125 108 28 88 26 125 93 116 125 121 7 32 125 125 108 125 125 125 125 125 102 92 125
125 125 26 5 125 125 125 100 40 64 99 125 125 125 55 3 36 24 125 78 125 66 125 125 125 22 102 38 125 65 101 112 125 125 8 125 125
125 125 81 125 125 125 15 66 55 125 125 111 125 45 125 115 125 125 102 25 125 125 40 81 60 19 125 99 5 125 99 122 68 30 125 125
123 1 61 125 125 125 125 125 125 89 95 125 125 17 125 125 63 86 46 80 52 16 39 125 25 125 125 35 125 90 115 86 125 43 125
125 40 74 125 117 49 122 1 125 84 116 125 9 125 125 69 125 117 125 125 125 125 125 19 125 26 125 99 125 125 58 34 125 125
125 125 8 69 3 118 125 120 16 125 125 7 125 125 125 71 29 97 53 125 18 65 125 15 125 125 125 13 125 23 26 25 125
56 125 125 125 125 97 104 13 21 80 122 67 125 125 124 93 125 125 96 125 37 125 102 67 49 125 74 50 125 67 125 125
125 123 125 22 125 125 125 125 125 125 125 125 125 125 125 125 125 125 125 125 125 125 125 125 125 125 125 125 125 125 125
125 125 125 125 125 125 125 125 125 125 125 125 125 125 125 125 125 125 125 125 125 125 125 125 125 125 125 125 125 125
125 125 125 125 125 98 125 125 125 125 125 125 92 125 125 125 125 125 125 125 125 125 125 125 125 125 125 125 125
125 125 125 125 125 125 125 125 125 125 125 125 125 125 125 125 125 125 125 125 125 125 125 18 125 125 125 125
125 125 125 125 125 125 125 125 125 125 125 125 125 125 125 125 125 125 125 125 125 125 125 125 125 125 125
125 125 125 125 125 125 125 125 125 125 125 125 125 125 125 125 125 125 125 125 125 125 125 125 125 125
125 125 125 125 125 125 125 125 125 125 125 125 125 125 125 125 125 125 125 125 125 125 125 125 125
125 125 125 125 125 125 125 125 125 125 125 125 125 125 125 125 125 125 125 125 125 125 125 125
125 125 125 125 125 125 125 125 125 125 125 125 125 125 125 125 125 125 125 125 125 125 125
125 125 125 125 125 125 125 125 125 125 125 125 125 125 125 125 125 125 125 125 125 125
125 125 125 125 125 125 125 125 125 125 125 125 125 125 125 125 125 125 125 125 125
125 125 125 125 125 125 125 125 125 125 125 125 125 125 125 125 125 125 125 125
125 125 125 125 125 125 125 125 125 125 125 125 125 125 125 125 125 125 125
125 125 125 125 125 125 125 125 125 125 93 125 125 125 125 125 125 125
125 125 125 125 125 125 125 125 125 125 125 125 125 125 125 125 125
125 125 125 125 125 125 125 125 125 125 125 125 125 125 125 125
125 125 125 125 125 125 125 125 125 125 125 125 125 125 125
125 125 125 125 125 125 125 125 125 125 125 125 125 125
125 125 125 125 125 125 125 125 125 125 125 125 125
125 125 125 125 125 125 125 125 125 125 125 125
125 125 58 125 125 125 125 125 125 125 125
125 125 125 125 125 125 125 125 125 125
125 125 125 125 125 125 125 125 125
125 125 125 125 125 125 125 125
125 125 125 125 125 125 125
125 125 125 125 125 125
125 125 125 125 125
125 125 125 125
125 125 125
125 125
125
