100 125
62 125 125 125 125 125 125 125 10 57 63 125 125 24 30 123 122 125 65 125 125 125 66 125 32 125 125 89 125 125 82 9 125 125 125 113 40 111 56 125 125 125 125 33 125 125 85 125 125 125 125 93 39 33 125 125 125 125 54 123 125 118 53 100 125 116 125 125 110 58 125 46 125 34 12 3 125 125 125 100 125 76 125 52 125 125 30 118 83 113 40 109 125 125 37 105 125 96 125 125
106 49 40 45 125 125 125 125 125 125 44 9 125 125 95 23 125 125 3 10 69 20 125 125 125 125 125 125 24 123 57 57 50 125 107 125 29 125 125 125 73 18 118 28 125 5 125 23 125 37 125 15 41 77 19 125 101 104 43 90 125 125 125 125 125 125 125 110 82 15 125 125 99 44 125 18 125 125 125 32 78 73 80 79 22 52 125 125 125 125 125 98 13 125 119 39 125 101 125
90 125 56 61 15 125 125 125 36 113 48 119 54 12 33 92 125 125 76 75 67 125 45 125 82 30 125 125 87 80 125 34 8 125 67 67 125 125 125 125 52 125 49 56 125 125 82 55 77 125 85 125 125 125 125 125 83 125 125 49 125 125 22 30 40 125 125 23 63 63 36 118 125 11 125 67 45 125 89 102 40 67 125 125 120 35 111 105 125 125 125 3 38 125 125 125 111 125
28 29 17 97 125 125 125 49 5 15 125 8 89 125 125 125 104 56 125 125 0 68 105 53 57 125 123 125 56 40 125 125 69 125 43 35 1 125 46 125 46 46 125 125 125 125 26 33 125 123 54 125 11 125 115 125 125 16 86 54 51 29 125 125 125 125 125 125 125 85 125 125 125 3 106 86 125 125 125 125 42 125 26 125 58 21 68 41 82 12 115 125 125 125 125 125 125
125 125 36 125 77 125 25 125 118 125 125 50 125 78 125 125 125 16 125 125 111 10 70 79 103 125 94 65 125 85 125 125 125 18 1 125 13 125 29 125 70 27 56 35 51 55 124 0 10 125 125 68 125 125 99 5 69 125 125 5 125 125 125 125 125 125 80 121 89 125 59 116 90 125 125 116 85 125 125 125 92 125 125 125 49 125 14 69 67 125 32 101 56 59 35 125
125 8 95 125 125 108 125 125 125 125 125 125 43 16 112 125 105 20 32 125 6 125 125 125 46 125 82 125 107 125 114 103 125 35 125 1 2 35 125 125 9 44 125 82 101 125 31 83 125 125 125 94 125 125 125 125 32 125 104 125 78 125 96 125 125 125 125 125 109 74 50 122 125 110 125 98 125 125 125 125 125 56 67 125 58 47 125 25 125 125 125 85 27 125 125
125 125 114 100 125 76 2 125 66 125 105 125 125 125 55 125 117 113 125 125 125 123 125 95 125 40 118 89 125 125 125 1 125 55 21 125 48 0 14 125 125 125 20 82 125 62 125 5 125 125 91 106 125 125 125 125 125 38 5 125 125 125 125 125 32 125 125 72 124 120 9 125 125 125 125 125 118 55 84 125 125 125 19 62 125 125 125 125 125 76 125 27 125 125
125 80 37 115 8 125 4 125 125 125 125 125 37 29 125 125 102 121 125 125 125 125 67 67 28 35 125 81 98 125 125 125 125 125 125 93 125 84 43 8 125 125 125 125 3 22 125 125 125 64 125 76 31 3 76 120 125 30 125 106 125 43 32 68 37 125 117 125 125 21 125 125 54 62 125 24 37 118 125 42 125 67 125 125 8 102 75 11 125 76 125 125 125
125 28 51 125 125 11 48 125 125 125 125 17 125 125 113 125 125 125 125 125 125 117 87 29 125 37 125 125 89 96 37 81 125 67 125 125 125 125 125 125 125 125 125 125 125 79 66 10 67 24 81 123 85 105 125 125 56 27 75 125 61 125 125 79 125 125 125 108 84 22 104 39 125 107 125 25 125 125 116 125 125 125 125 78 14 108 24 125 89 5 5 125
125 50 12 125 41 125 76 125 19 95 125 118 96 125 61 65 13 16 74 35 21 125 125 89 80 125 32 25 110 2 122 14 65 125 125 115 125 106 42 21 125 57 54 125 125 125 72 125 125 59 60 96 19 117 114 115 125 8 125 125 125 58 125 125 125 125 35 17 32 119 1 125 125 125 125 65 56 125 38 125 104 38 125 125 95 125 21 125 125 125 125
122 125 125 0 125 0 125 125 69 125 107 56 86 72 125 80 107 50 110 105 125 125 101 125 125 125 125 125 125 120 125 111 91 84 125 125 125 125 107 125 125 110 125 70 125 67 122 108 121 125 10 117 125 125 87 125 125 125 111 90 125 51 125 125 68 19 125 125 55 125 125 83 116 125 105 28 125 58 39 121 86 125 93 125 1 125 125 125 125 125
115 115 54 125 98 3 125 24 8 38 125 78 44 42 41 125 125 18 117 125 125 125 105 40 125 35 125 28 71 88 125 125 125 125 91 74 125 125 25 54 125 125 100 16 125 125 11 125 125 125 40 125 125 125 19 72 7 87 23 125 125 125 36 125 125 108 125 125 125 64 90 31 125 125 22 125 125 125 19 125 125 104 78 125 125 7 125 7 125
11 59 125 105 125 73 125 59 125 74 125 125 125 95 118 125 125 37 6 125 33 48 125 125 125 20 96 125 125 13 93 125 82 64 125 125 103 125 125 125 125 55 70 125 125 125 58 125 29 125 14 125 125 67 125 125 45 125 125 67 69 125 125 18 125 125 62 125 125 125 125 125 123 72 125 125 115 2 64 125 38 13 125 42 125 125 76 125
116 52 125 83 48 121 124 125 93 125 41 125 125 95 111 125 125 30 125 61 125 76 125 50 118 118 125 102 125 9 39 81 125 125 125 61 7 125 125 125 125 59 125 28 125 125 9 125 125 6 125 71 125 104 118 0 102 125 125 89 125 12 104 15 125 125 125 125 125 76 125 125 125 49 125 125 125 21 26 76 5 125 10 125 125 7 125
125 85 125 125 125 125 125 125 125 125 58 125 125 14 47 61 121 2 75 92 125 125 36 125 125 125 125 57 125 125 125 104 93 0 125 106 125 125 125 94 51 125 83 107 125 50 125 101 125 92 125 14 58 125 72 125 117 107 37 125 56 40 25 125 64 125 125 125 125 49 125 90 16 125 58 121 125 125 29 55 28 125 6 125 125 125
101 125 22 101 87 125 67 46 125 6 125 125 125 10 49 125 73 120 79 22 23 41 125 125 29 83 80 125 125 90 113 125 125 125 67 125 58 20 125 26 0 125 125 122 125 1 125 125 125 24 24 72 109 125 2 61 125 112 65 75 125 124 14 125 125 84 58 125 50 125 56 52 125 38 100 94 96 84 125 125 125 45 18 22 125
125 125 52 95 125 125 61 125 125 125 125 125 125 125 125 16 125 125 82 86 125 125 59 125 125 19 88 125 18 63 77 125 82 125 125 125 125 125 125 125 50 125 125 125 26 125 125 125 116 125 76 125 84 105 125 125 66 125 125 125 125 125 63 125 125 107 125 27 67 124 35 125 124 125 125 58 125 125 125 125 73 125 125 125
125 125 125 76 62 98 88 103 125 125 99 125 125 57 115 125 17 125 85 125 125 12 125 125 125 125 26 125 125 53 125 36 51 125 125 42 125 125 13 125 41 80 125 125 125 103 56 39 0 125 125 125 91 125 125 119 125 125 125 102 125 82 98 125 125 8 79 125 125 125 24 3 112 125 78 59 125 64 125 23 125 38 125
125 31 24 39 125 31 125 125 101 125 125 125 102 125 3 67 125 125 85 125 71 62 125 0 125 125 125 34 125 91 125 11 55 104 125 125 47 125 125 125 125 119 26 13 125 125 125 125 75 104 57 125 125 125 28 125 20 125 72 46 31 63 58 6 125 74 125 125 92 125 74 17 89 89 111 125 125 125 125 71 125 125
125 0 125 10 77 125 125 89 125 18 125 125 125 13 125 22 125 75 82 125 125 31 125 14 125 24 125 91 125 125 125 125 125 13 77 125 14 15 105 38 125 125 125 64 107 91 106 76 104 110 10 74 106 125 39 28 125 59 65 101 125 125 125 125 10 84 125 20 125 70 17 1 125 105 10 125 125 125 125 6 125
125 125 125 39 125 86 108 39 125 125 125 125 116 63 42 41 23 66 97 121 125 73 88 15 121 2 109 125 70 94 0 13 125 7 125 125 125 13 59 53 9 125 69 11 125 125 117 125 111 44 125 125 118 125 113 125 125 8 123 82 6 56 125 125 125 125 21 3 6 125 116 125 125 125 87 107 119 125 91 125
125 125 125 125 105 56 33 30 60 88 125 125 14 98 125 125 125 122 125 2 125 69 38 125 95 125 85 125 125 125 82 125 4 125 119 117 26 125 42 108 73 106 119 125 125 107 125 62 56 91 89 118 48 125 50 73 97 125 71 68 125 3 125 75 125 125 125 125 125 49 75 125 125 125 65 76 6 65 125
12 125 125 125 125 125 65 125 125 125 125 14 125 101 125 81 125 125 115 25 125 125 125 125 125 55 113 125 7 63 125 125 125 125 69 125 10 32 125 125 125 125 1 125 125 125 125 123 18 125 10 106 120 61 108 125 125 125 125 125 36 62 125 104 4 79 74 125 13 52 37 125 125 125 125 22 125 125
125 72 125 125 125 110 125 22 25 24 125 125 62 125 125 125 125 99 125 125 125 125 15 89 35 2 114 125 10 92 125 4 125 34 19 47 28 125 125 71 100 125 125 26 85 125 125 49 125 125 125 62 125 125 3 125 125 95 104 56 69 110 125 98 125 125 125 125 125 112 125 125 58 125 125 106 125
23 125 125 125 125 125 80 125 87 99 50 63 125 125 16 125 26 125 4 125 87 125 125 125 103 125 125 64 96 92 111 93 95 125 125 125 35 103 18 125 125 125 97 34 76 125 103 125 113 30 125 125 51 122 125 19 125 12 89 125 36 90 125 125 112 36 64 125 125 107 78 125 63 125 119 125
125 30 10 80 125 125 125 117 122 125 125 82 125 21 125 125 102 125 54 125 125 93 125 29 65 125 125 125 125 13 38 125 125 46 90 33 125 125 116 86 21 125 77 124 74 125 92 125 69 92 68 125 125 125 125 52 125 101 124 125 14 93 125 125 92 125 125 125 103 27 125 75 119 23 125
125 111 49 63 125 116 125 36 101 125 125 125 0 125 28 93 125 100 125 27 9 97 36 125 125 93 54 125 11 31 73 53 53 20 125 12 125 125 118 125 74 51 13 35 52 42 125 69 0 125 42 6 125 1 76 68 95 125 125 73 125 50 125 125 44 35 5 125 125 50 48 68 125 125
80 43 65 112 125 125 28 125 125 125 13 52 125 19 125 125 21 95 125 66 124 124 46 39 125 125 125 79 27 125 116 125 27 104 125 8 125 75 25 54 125 125 125 125 125 125 125 112 125 125 125 1 125 125 11 98 3 11 85 67 93 2 111 125 109 125 28 117 90 125 125 125 125
46 117 125 37 108 5 62 26 125 125 125 10 8 125 101 125 8 66 11 60 4 125 125 93 125 55 125 125 47 90 75 43 125 125 125 125 56 125 125 125 113 2 119 125 125 125 55 107 3 125 6 71 125 11 77 125 125 100 25 125 125 59 125 125 85 116 112 57 125 125 23 125
43 63 41 30 125 78 125 125 33 125 15 125 125 125 125 125 72 125 125 125 125 3 124 125 40 125 125 105 61 32 26 7 14 125 125 2 125 125 102 125 125 125 64 125 125 7 125 125 119 60 125 122 125 125 112 82 58 125 125 125 91 125 33 125 99 104 125 125 125 32 125
125 3 125 55 125 125 125 98 67 80 95 43 89 125 108 125 102 125 120 57 125 71 125 125 125 125 96 98 97 125 125 53 19 47 125 125 125 125 125 125 125 125 125 125 77 61 22 125 125 69 100 37 115 125 125 40 15 49 125 125 125 125 125 125 125 125 125 87 31 125
125 125 35 125 100 125 31 125 83 125 125 19 125 95 125 125 57 90 76 67 125 125 125 124 125 125 100 114 49 86 102 125 42 120 101 5 125 125 125 125 120 43 70 19 125 26 124 42 32 125 57 125 125 1 112 117 125 125 125 82 9 125 125 31 95 125 125 125 125
125 106 79 125 49 11 79 125 125 125 99 125 125 125 114 125 125 125 125 25 125 62 20 92 11 125 97 125 123 125 109 102 16 125 125 125 125 3 125 15 69 125 92 125 125 125 121 125 31 125 125 76 78 73 92 125 33 13 125 8 30 125 125 125 46 125 35 125
125 52 107 88 125 125 125 125 4 125 125 121 125 69 9 103 125 67 125 125 91 95 118 58 125 116 62 21 125 125 125 125 125 87 24 125 125 125 87 83 63 125 125 125 53 99 125 125 125 125 41 125 24 118 125 53 125 125 56 125 125 19 125 125 57 14 125
125 125 28 125 125 125 86 125 17 125 125 125 66 116 108 125 72 104 83 23 41 31 125 125 125 125 2 125 21 8 120 125 110 119 125 125 38 125 125 125 29 118 125 125 125 107 125 125 5 125 125 125 125 60 125 125 43 60 57 46 12 125 90 61 125 125
125 55 125 125 125 125 38 125 125 125 125 110 125 48 125 87 98 125 54 90 4 125 125 88 30 125 125 125 33 125 125 110 37 125 107 125 125 122 125 60 91 60 125 125 125 125 34 51 125 125 125 107 125 125 81 104 9 125 125 6 28 109 125 111 125
104 58 41 125 125 21 125 111 121 125 99 125 46 125 125 125 125 15 119 125 96 125 88 73 125 125 76 76 77 72 125 29 19 23 38 125 25 87 63 125 125 125 67 125 125 125 125 35 125 125 125 125 125 2 125 120 44 20 125 125 62 95 125 125
46 125 125 24 45 125 11 59 125 14 85 125 108 125 122 41 94 41 125 86 124 125 94 46 108 125 95 109 61 125 53 125 125 125 66 125 125 52 125 125 112 125 84 125 26 125 125 30 120 125 125 34 9 125 125 29 3 125 125 44 125 93 125
125 107 75 68 50 125 125 125 125 125 48 125 103 59 125 61 124 125 125 125 125 125 6 125 18 125 125 96 125 125 65 48 125 67 125 50 89 114 125 64 125 112 125 125 95 125 54 125 125 19 87 125 106 57 26 99 113 120 125 125 86 125
125 82 125 125 125 61 93 67 125 125 125 60 125 46 125 125 80 125 23 87 125 125 103 125 125 125 35 125 125 125 121 122 125 125 125 27 125 125 60 106 125 113 72 125 125 13 80 15 25 125 65 117 125 112 46 125 125 125 102 64 125
125 125 125 81 124 125 125 91 79 15 86 94 125 125 125 125 125 125 125 125 17 87 125 29 66 125 92 125 46 50 125 22 31 80 125 125 125 59 125 125 125 125 17 4 125 79 71 125 7 125 42 1 125 113 56 123 53 45 125 125
62 106 125 91 125 125 49 125 37 125 93 38 103 125 125 125 125 94 66 45 38 125 110 85 125 125 55 36 125 125 13 22 125 125 125 125 125 106 125 125 41 125 125 125 125 125 125 106 125 36 125 56 9 125 125 125 125 109 125
125 125 125 117 120 125 60 30 125 125 125 125 125 7 125 125 22 125 125 44 125 14 125 99 125 84 125 125 125 125 30 125 125 125 125 97 24 125 48 113 110 56 125 5 125 83 7 70 125 59 125 125 125 125 40 125 21 125
125 90 114 125 58 65 76 1 125 93 116 50 125 0 18 79 108 125 117 16 125 125 125 125 125 125 69 125 125 34 125 86 60 125 84 40 120 125 125 13 125 65 49 125 15 125 77 125 125 125 125 125 125 125 125 30 125
125 125 106 125 54 109 125 125 112 41 44 125 47 58 86 125 125 11 93 125 125 64 14 125 125 96 125 125 122 125 20 15 125 125 125 28 59 125 86 125 125 82 103 125 116 30 106 115 125 29 94 124 77 125 125 125
112 111 125 103 125 79 77 125 48 125 125 125 125 125 66 54 125 125 125 125 125 108 125 125 125 125 125 125 4 125 125 125 125 58 4 125 125 125 125 81 125 0 93 125 63 125 55 125 125 125 9 115 84 99 125
125 125 125 125 125 114 112 125 125 125 39 66 125 8 125 125 61 103 125 101 125 125 101 125 36 125 80 125 9 24 125 1 33 65 79 78 19 72 66 120 125 125 50 125 74 125 84 87 89 121 115 83 83 125
34 116 69 125 125 125 21 125 5 9 125 47 82 125 125 4 116 41 13 30 125 125 125 125 10 125 125 55 125 125 6 38 125 81 57 125 45 125 98 125 49 74 48 94 125 125 125 9 101 83 100 125 125
5 125 81 105 125 110 125 18 92 125 23 125 125 6 125 71 125 62 45 125 108 19 86 120 120 42 28 125 56 119 125 91 125 125 125 125 125 77 104 91 46 8 84 105 107 63 75 125 125 125 24 125
42 125 22 100 105 125 41 125 125 31 125 125 125 125 125 88 44 90 125 125 118 48 81 96 125 14 125 83 114 125 125 125 89 99 125 125 125 125 68 104 65 125 125 12 125 125 10 16 125 125 125
103 125 26 101 125 33 125 125 58 0 125 125 97 125 96 125 125 125 38 77 125 125 125 63 42 125 125 125 117 52 125 125 76 14 49 125 55 125 101 125 125 125 89 8 37 125 83 125 125 125
37 125 81 81 98 96 63 33 93 125 94 29 6 125 125 125 100 125 125 125 38 32 69 39 125 51 125 73 125 10 68 62 125 55 89 12 125 125 63 1 125 125 100 77 125 73 125 125 125
125 12 125 82 35 119 61 125 104 91 120 125 27 125 125 96 125 15 23 29 115 114 25 125 125 122 125 125 8 125 125 97 125 125 71 15 119 125 125 45 27 58 63 51 125 64 19 125
29 35 125 125 125 125 66 125 73 103 125 125 125 109 125 125 125 125 89 125 125 23 26 125 53 125 119 125 8 90 11 99 125 125 97 17 125 83 125 104 85 87 125 125 125 45 125
57 125 18 10 3 98 125 87 43 87 125 125 20 110 125 125 125 125 76 21 105 26 125 125 125 125 38 90 125 28 100 70 125 22 16 125 1 50 125 93 125 125 97 31 81 125
114 125 74 57 125 125 119 0 125 33 46 125 125 125 125 5 118 70 105 49 49 64 125 125 64 125 125 125 125 125 125 36 75 125 125 124 32 17 40 125 125 125 76 125 125
86 125 125 125 125 125 125 125 125 125 89 125 125 125 125 123 125 40 82 125 125 113 62 125 125 125 58 37 75 125 109 7 70 121 44 106 125 98 125 88 8 71 63 125
99 55 125 27 125 125 125 125 125 27 125 125 73 1 125 125 125 120 52 125 81 125 125 125 79 107 125 4 102 119 125 36 100 125 97 102 51 125 118 7 125 125 125
125 125 125 125 125 2 30 94 125 73 51 40 120 72 15 125 99 24 125 96 125 125 75 125 71 125 125 125 125 78 125 125 125 125 8 125 68 125 87 125 125 125
15 104 120 74 125 125 41 125 111 125 125 125 125 125 50 125 34 125 125 67 100 125 99 39 125 125 125 103 1 24 16 125 20 85 83 109 125 125 125 16 125
125 39 40 54 125 58 16 125 125 125 125 104 125 35 125 33 125 54 71 125 107 125 49 125 125 125 117 125 125 16 125 73 88 125 125 95 125 125 125 125
125 125 10 125 125 29 113 125 7 125 98 120 125 125 28 41 20 125 125 125 75 2 125 125 125 119 34 125 125 125 75 103 125 87 125 125 125 103 125
49 125 47 125 79 125 63 125 125 125 125 120 71 125 125 125 105 116 125 114 15 125 33 97 54 125 125 125 0 81 78 125 125 98 53 125 86 125
125 47 67 102 125 125 87 119 33 125 6 125 125 125 125 125 13 125 125 112 125 63 125 21 125 71 125 125 93 125 37 4 25 59 59 123 125
125 26 125 46 67 125 125 125 92 125 125 125 125 125 105 28 125 85 96 125 125 125 116 69 77 103 82 85 90 81 33 75 104 125 107 125
113 125 4 125 125 125 92 66 125 97 125 125 107 52 125 125 108 125 97 121 125 99 102 28 125 12 36 125 0 107 125 125 75 109 125
60 125 77 125 52 125 125 19 61 125 125 125 125 125 125 117 125 40 125 125 125 125 46 28 125 125 94 37 48 125 125 125 57 125
125 125 125 125 125 33 125 79 120 125 125 125 8 125 125 42 125 26 125 125 125 104 43 125 125 7 125 81 20 118 125 125 125
125 60 125 125 97 125 125 8 30 125 12 125 125 120 31 68 125 125 60 44 125 125 95 125 125 79 125 125 29 27 33 125
125 125 48 125 125 107 116 125 125 125 124 125 1 51 101 125 1 68 125 55 125 27 86 125 125 125 0 125 125 31 125
86 9 17 66 125 26 108 125 125 37 125 102 125 125 108 12 72 125 32 125 125 125 60 125 125 125 52 37 99 125
125 95 125 125 69 125 9 103 125 125 125 116 125 52 124 76 109 125 109 41 108 27 66 54 125 30 125 125 125
4 125 125 125 79 125 10 40 125 68 125 125 125 84 125 125 2 125 125 125 125 105 125 28 66 22 116 125
35 125 3 55 125 125 125 50 40 125 125 124 125 48 67 125 45 125 125 125 87 125 125 125 58 125 125
3 125 41 120 87 125 90 12 67 96 125 61 125 125 125 77 98 125 53 125 125 125 77 125 125 125
47 22 43 125 40 120 95 19 125 125 2 125 22 83 125 10 77 125 125 125 125 40 2 17 125
125 125 125 77 125 88 87 37 125 97 125 125 125 125 125 125 125 125 125 60 11 125 125 125
4 25 13 125 62 104 125 80 125 125 125 71 125 38 125 125 125 12 62 125 79 74 125
125 85 88 125 125 9 125 38 1 120 54 125 11 125 125 125 125 125 117 125 125 125
125 125 125 123 125 125 125 29 125 125 108 0 125 67 125 55 77 125 125 125 125
125 125 64 125 125 125 125 49 2 91 125 54 83 121 125 107 125 125 98 125
108 82 17 100 101 82 98 1 14 125 125 49 76 30 59 125 125 72 125
52 123 122 125 125 119 59 29 125 112 8 125 125 125 91 125 125 125
125 125 6 125 125 125 125 31 125 25 125 53 125 86 55 125 125
125 125 27 125 125 125 125 125 125 27 125 125 125 125 9 125
119 54 115 102 18 125 125 116 125 125 21 125 125 125 125
125 125 125 125 125 125 125 88 125 125 125 36 125 125
125 125 125 125 88 125 6 123 125 125 61 125 125
125 125 41 125 125 119 44 102 7 21 125 125
125 125 125 5 125 31 76 125 4 125 125
12 122 125 92 89 125 109 22 125 125
46 108 125 125 93 125 125 125 125
125 26 125 125 125 64 125 125
125 52 25 125 125 33 125
125 125 125 125 125 125
31 78 125 125 125
80 104 20 125
125 125 125
125 125
125
