100 125
125 21 33 125 125 54 81 107 125 125 125 125 120 13 5 59 72 125 125 125 125 125 125 24 125 125 77 125 88 28 125 70 122 119 125 125 125 125 80 125 125 125 31 49 125 125 59 13 65 125 31 35 16 62 49 125 4 125 60 125 112 21 38 27 59 97 125 25 125 60 125 125 107 7 111 125 78 123 125 113 125 107 87 20 83 125 125 125 125 125 125 60 79 125 92 99 69 125 39 125
125 117 28 73 103 125 63 101 18 87 35 125 87 125 123 125 107 96 125 83 21 125 83 125 54 105 38 90 125 125 124 125 64 60 125 125 125 60 0 125 125 3 123 79 44 68 125 63 114 19 125 125 82 88 23 125 125 80 31 125 118 125 125 57 77 125 6 125 125 58 63 109 87 120 31 110 12 43 81 25 20 115 125 125 72 125 125 38 125 85 74 125 40 125 10 5 125 125 125
39 125 74 97 59 38 119 58 104 82 5 105 125 123 89 104 79 11 24 121 31 88 125 125 125 87 4 20 31 125 18 125 0 7 125 20 112 19 89 125 125 115 10 101 120 13 12 121 125 15 125 87 125 70 66 42 63 125 125 125 125 125 125 125 94 113 5 3 9 4 125 13 7 125 1 125 59 104 62 125 125 105 125 91 52 84 37 125 49 39 66 125 67 31 125 43 125 125
111 46 104 125 125 125 125 96 125 125 116 14 125 17 112 125 60 15 125 125 125 30 125 52 125 125 16 52 65 60 18 125 125 125 40 104 112 125 105 58 125 47 40 106 125 125 46 111 125 20 125 125 45 31 110 6 125 125 27 125 25 104 125 115 125 56 69 70 125 114 125 125 103 125 88 5 125 107 123 57 62 125 125 49 125 12 100 125 125 52 3 117 36 125 125 114 125
125 14 114 115 117 57 125 24 42 125 49 125 125 40 9 98 56 125 125 125 125 125 125 125 107 125 46 72 53 125 16 111 125 99 46 73 125 125 86 99 73 49 23 125 125 78 125 125 125 96 125 44 24 65 82 125 71 125 125 125 125 12 93 104 112 125 20 125 25 69 53 64 125 13 60 125 41 125 79 125 125 95 53 97 78 125 49 125 124 39 64 125 122 125 93 125
104 31 103 121 77 18 125 76 114 23 119 116 125 0 72 125 71 125 72 14 125 125 56 19 50 79 60 26 125 18 125 57 58 22 125 125 125 9 115 125 123 99 125 52 49 125 16 95 41 36 72 104 123 42 69 122 42 125 117 125 31 117 125 2 45 44 116 51 125 115 125 125 98 14 6 120 125 108 121 125 125 73 125 125 47 87 124 98 45 125 86 94 125 111 125
125 110 95 125 125 67 125 39 100 32 119 113 31 125 91 29 125 125 125 57 125 125 125 47 125 94 22 98 125 125 63 26 125 14 81 47 87 52 113 57 14 125 41 125 125 125 103 125 64 125 125 21 125 125 109 125 125 122 68 77 18 125 32 103 88 125 27 125 7 123 117 125 32 77 125 17 104 82 125 107 4 83 125 125 69 125 6 8 125 125 125 26 81 125
125 62 58 107 81 74 75 125 74 125 125 125 64 125 96 125 125 38 125 125 101 9 15 97 125 36 16 125 125 27 11 125 125 125 37 50 125 56 76 82 42 114 30 3 125 81 125 59 125 125 77 113 125 125 77 29 118 125 8 125 19 125 125 125 125 115 22 3 77 125 125 7 73 52 66 114 23 125 125 27 125 119 86 92 62 125 125 125 125 1 9 35 125
62 55 125 35 37 125 125 1 125 1 125 125 107 2 87 95 43 125 12 125 40 18 110 87 125 72 85 125 24 125 103 37 125 90 125 8 30 111 125 77 125 91 89 1 18 23 27 45 37 86 125 38 93 87 1 31 9 96 125 6 125 41 120 125 116 95 125 125 125 71 17 114 125 125 125 21 51 125 125 100 48 3 125 125 125 125 45 125 101 14 125 125
125 125 125 3 84 85 99 125 65 100 125 22 119 48 65 17 64 80 125 50 74 84 56 125 106 125 79 91 81 71 8 34 1 79 125 125 125 125 125 125 125 83 125 125 79 33 125 123 0 41 5 125 125 125 78 125 125 27 125 125 45 125 43 125 125 56 125 125 24 35 113 45 125 125 125 125 37 44 105 121 46 60 125 125 44 31 97 125 125 88 125
125 105 52 53 2 22 29 9 125 125 125 114 50 68 125 43 48 125 20 108 23 71 125 120 125 125 74 125 54 125 125 125 39 125 3 125 125 125 125 125 125 125 125 84 11 105 125 80 125 125 24 5 125 125 125 111 6 44 111 115 125 125 10 109 106 125 125 125 36 107 68 49 125 125 104 125 106 68 8 36 125 69 113 40 96 77 125 125 125 125
125 125 76 125 49 125 125 33 125 125 125 63 125 31 125 125 73 115 125 125 86 13 13 58 125 70 125 4 67 125 125 51 118 6 36 125 125 125 125 125 114 84 15 125 125 125 12 125 6 125 120 29 31 48 125 122 22 95 125 114 94 93 64 86 33 63 125 125 125 77 12 125 125 90 125 88 98 125 125 125 28 16 125 125 120 6 33 125 125
95 125 16 88 33 125 103 104 125 35 125 125 62 125 41 125 38 65 58 52 52 125 125 125 125 99 125 19 100 121 70 41 125 125 97 2 125 79 125 81 9 74 53 44 125 98 125 125 3 47 125 16 50 99 42 125 125 97 125 56 125 113 115 125 93 49 125 125 23 125 30 47 34 58 125 81 120 93 76 125 56 125 125 52 125 89 125 125
118 40 50 96 125 125 125 66 125 56 125 125 90 125 1 80 125 125 19 125 124 11 19 5 100 13 4 115 66 93 125 77 2 59 125 4 120 17 62 81 125 90 35 116 62 125 72 125 47 18 66 75 22 125 28 125 113 95 125 48 72 125 60 4 75 125 125 125 40 92 125 81 27 73 111 10 125 125 42 125 107 34 89 29 3 39 125
125 61 98 125 125 29 40 125 125 125 98 39 119 5 125 96 65 125 95 98 47 125 69 49 104 125 125 119 55 88 125 97 123 103 125 67 125 29 125 125 0 125 125 125 125 37 93 117 108 16 89 125 31 86 71 49 125 61 125 92 125 19 125 37 125 13 49 37 125 5 22 86 7 125 0 117 125 64 125 49 125 125 103 64 125 125
49 109 125 125 125 99 125 93 125 8 41 7 125 76 125 125 125 125 125 90 1 125 88 124 125 92 125 125 98 125 10 125 125 94 53 46 99 37 49 71 125 65 125 77 99 123 112 125 76 125 125 125 38 67 3 92 98 53 16 100 125 76 24 26 125 27 125 14 63 8 125 125 125 83 125 40 125 73 44 125 125 54 59 120 125
36 125 67 9 91 26 29 125 125 102 81 63 125 125 125 34 125 125 125 125 125 125 86 35 119 125 112 125 125 125 125 35 93 36 125 125 35 107 125 3 121 10 125 125 106 125 125 125 125 117 23 125 9 89 75 125 125 125 31 81 125 125 125 14 125 60 90 45 66 111 125 52 34 71 125 90 45 5 118 125 103 81 125 125
125 122 90 87 103 36 125 25 38 125 26 61 125 125 83 21 79 125 125 82 102 125 27 125 106 34 107 118 125 3 17 125 125 41 49 72 125 13 40 41 125 125 56 125 125 103 125 125 89 125 36 22 93 96 102 112 68 22 111 125 125 111 110 46 116 125 125 123 47 23 116 125 99 125 13 25 125 125 84 29 80 111 125
95 52 102 125 87 98 125 125 125 26 109 125 55 125 104 125 89 87 107 1 48 125 122 125 40 10 27 115 55 125 12 50 94 98 125 125 125 125 125 125 82 104 115 60 41 19 43 125 104 37 59 125 125 55 125 54 124 93 125 125 90 125 125 105 87 30 125 21 125 61 125 125 40 7 40 65 125 52 110 125 33 125
125 35 125 88 2 125 125 43 79 86 125 125 125 34 125 0 101 125 8 125 102 89 86 12 48 105 20 125 47 8 15 125 104 94 37 125 113 93 55 125 101 125 125 74 125 125 18 22 125 82 38 125 125 49 125 116 125 44 125 125 125 17 88 3 6 125 55 112 125 125 125 125 121 32 68 11 125 125 125 10 125
35 78 125 2 125 125 64 53 57 73 46 125 49 125 125 79 21 12 71 25 93 125 125 125 25 81 125 62 80 42 61 125 2 125 95 125 57 110 107 42 50 70 125 76 125 80 25 113 125 98 28 75 66 57 118 125 8 125 99 125 125 125 125 40 21 114 101 41 125 82 84 6 83 49 125 14 125 4 81 125
89 125 125 104 90 92 25 99 125 125 27 125 58 48 28 87 95 125 32 23 23 116 125 125 83 125 110 125 116 22 125 114 55 46 115 76 108 125 125 125 125 125 125 33 125 71 125 125 11 125 26 97 125 125 125 97 85 85 68 9 125 63 44 125 42 125 125 92 76 53 82 125 70 125 125 33 125 11 125
10 124 25 19 125 125 125 91 116 125 125 109 100 125 25 81 119 51 29 81 106 61 93 125 125 112 41 125 99 29 40 12 86 109 125 125 79 74 40 47 117 125 125 125 107 125 20 49 125 109 125 66 65 36 35 125 125 104 125 100 91 120 111 121 95 64 125 125 43 125 64 125 125 125 125 49 125 125
125 60 54 49 125 67 63 83 48 54 125 117 125 110 21 46 104 125 125 125 125 27 76 125 125 125 125 73 27 68 52 125 106 26 125 88 21 125 28 125 46 125 117 30 125 60 90 20 125 125 95 90 125 125 51 125 55 79 29 48 125 7 125 125 88 6 115 125 28 90 92 125 2 31 118 7 125
125 62 17 125 125 103 75 44 125 125 125 125 125 125 125 125 124 125 125 125 11 125 125 41 58 125 125 10 1 125 125 58 80 122 57 58 41 119 125 115 92 103 95 74 84 87 120 84 125 125 125 71 125 13 8 81 98 125 80 59 125 104 30 125 125 37 23 122 19 118 125 125 125 125 24 125
101 96 125 117 86 125 17 17 125 125 92 125 125 57 20 2 18 122 98 31 125 86 125 125 91 125 125 107 125 125 125 36 46 40 125 84 46 121 96 125 42 125 13 41 49 125 15 87 125 15 125 84 85 102 67 85 85 81 87 71 125 83 124 125 93 125 1 53 80 125 47 125 104 87 125
55 28 125 125 90 104 96 125 69 17 125 0 125 125 16 100 59 125 20 46 125 97 111 109 123 54 125 125 125 67 60 125 14 98 108 5 125 102 125 9 45 125 125 125 82 125 125 125 25 119 108 42 80 26 7 125 71 25 125 2 125 94 15 95 66 112 125 59 125 42 125 58 125 125
103 97 107 33 125 53 23 125 64 29 87 125 125 56 125 125 17 25 14 34 125 46 6 38 68 84 104 72 73 25 112 125 100 104 66 125 103 76 4 125 125 44 125 125 36 87 25 125 36 41 125 4 17 6 28 125 125 125 41 125 125 18 28 94 73 13 42 60 53 111 62 88 125
63 125 125 100 125 125 125 125 97 21 74 125 42 43 125 25 5 38 89 125 14 22 38 57 10 125 125 115 48 123 125 2 62 5 10 125 125 70 125 125 81 125 125 7 67 102 125 50 125 63 125 13 125 125 98 39 125 114 44 115 113 125 125 21 125 28 71 84 125 70 125 125
24 27 19 77 86 90 14 125 67 83 64 125 125 125 91 49 110 78 125 125 58 125 82 121 0 125 11 125 125 92 11 28 125 76 18 125 125 94 106 5 5 125 125 46 125 69 15 31 125 95 83 59 125 125 48 125 53 16 62 55 95 54 125 125 125 125 30 86 86 121 125
125 16 125 55 50 35 19 125 82 11 125 125 125 10 83 125 71 82 87 12 40 20 89 45 28 121 125 1 125 94 8 125 111 125 112 108 57 125 125 98 76 123 119 17 123 125 47 13 32 125 125 68 125 5 11 123 93 107 125 125 125 77 48 122 108 47 64 98 66 125
125 40 99 54 53 125 125 25 125 74 119 16 125 27 125 111 125 125 125 40 13 21 13 125 125 72 52 125 69 125 125 86 125 125 125 125 125 64 10 39 125 113 125 95 125 109 125 65 125 109 76 56 123 125 42 125 68 125 125 122 10 125 125 125 125 122 125 125 125
124 125 78 47 125 125 125 125 38 4 125 125 125 77 83 125 125 125 125 125 125 114 125 125 2 125 125 30 48 100 125 63 107 125 58 96 125 125 125 125 125 125 96 83 125 86 125 125 125 117 10 125 125 125 125 125 101 125 125 125 125 123 125 125 125 125 61 125
125 125 125 125 52 125 125 125 125 125 33 125 125 125 125 125 26 125 48 125 125 53 125 125 125 125 125 77 22 125 125 125 118 125 113 125 0 63 77 125 125 125 125 125 30 125 119 79 125 125 125 125 73 125 44 125 125 125 125 125 125 43 125 125 125 3 125
125 125 125 125 53 125 125 125 125 125 125 40 59 26 125 125 7 125 125 28 125 90 125 113 125 125 125 56 125 45 125 125 125 120 125 15 125 125 11 109 125 125 125 48 23 125 31 125 35 125 125 98 125 125 72 38 122 125 125 125 125 7 124 125 4 125
125 125 51 125 125 125 14 113 125 125 125 125 125 120 125 125 125 71 125 44 125 8 125 125 125 125 125 125 125 62 37 4 125 125 125 83 82 125 125 125 125 125 125 18 125 125 16 125 125 125 125 125 59 125 125 63 95 125 125 125 125 122 66 125 125
59 125 125 125 125 125 87 125 125 96 114 1 48 57 125 15 125 49 125 125 125 78 16 125 125 125 125 125 125 79 125 125 73 81 125 108 125 125 125 30 125 27 125 125 125 83 125 7 75 70 125 125 125 48 125 125 125 125 125 125 125 125 125 125
125 107 91 121 74 125 125 125 62 77 80 125 125 125 125 125 125 15 125 9 6 71 125 125 105 104 125 125 5 47 20 119 4 125 125 125 125 44 125 68 125 48 125 125 8 125 125 86 112 125 125 125 125 125 99 96 125 78 78 125 125 125 125
125 125 125 13 125 125 80 15 125 125 125 15 125 59 125 125 125 109 125 125 125 125 125 76 32 63 125 66 125 101 51 125 125 61 125 74 9 125 103 125 4 125 125 125 125 125 91 125 125 18 81 125 125 125 125 74 125 25 125 125 125 125
79 125 125 125 125 125 2 61 125 125 125 125 125 125 125 41 122 125 125 125 125 8 89 125 125 38 125 125 14 42 13 125 90 125 125 125 99 47 37 122 125 6 125 114 31 125 125 125 125 24 125 19 125 7 125 125 118 125 125 125 125
3 119 125 125 125 125 125 6 34 125 109 125 62 125 125 125 125 125 125 73 7 125 125 125 55 125 125 125 125 125 125 32 125 125 125 108 125 70 125 125 125 112 125 1 29 76 125 121 117 20 27 125 0 125 125 86 16 125 125 125
125 125 125 23 125 125 125 125 94 125 125 125 125 125 125 125 125 125 125 125 57 125 125 125 88 125 125 125 125 125 0 98 67 125 125 125 125 125 125 75 125 125 1 125 77 125 125 120 125 72 125 66 13 125 1 36 125 125 125
27 125 125 125 125 125 4 125 125 74 25 125 125 108 125 125 125 125 44 125 125 125 125 125 125 99 125 125 125 125 116 125 84 125 125 59 125 67 101 125 71 125 4 15 125 125 125 79 125 125 25 125 125 125 125 125 125 125
1 105 89 125 125 30 115 125 125 125 125 125 125 125 97 125 125 125 125 125 110 125 125 125 57 116 125 104 13 49 125 58 125 125 125 125 15 59 76 82 125 88 29 3 125 11 125 125 125 125 125 125 122 125 125 125 125
125 125 125 125 50 125 125 125 3 58 125 125 125 53 125 125 125 125 125 125 125 125 125 125 89 60 125 125 12 125 125 125 78 125 125 123 125 125 111 125 125 125 52 125 125 125 125 107 125 125 125 125 125 125 125 125
125 125 56 42 125 125 45 125 125 125 125 125 125 36 125 55 125 125 120 125 125 125 18 42 125 26 125 125 125 125 125 125 111 45 125 125 125 125 115 125 125 80 125 102 96 125 15 125 125 66 125 50 125 115 125
125 125 125 125 125 125 125 37 125 85 89 125 20 125 125 39 125 97 112 17 125 125 10 125 86 7 96 34 93 125 125 125 125 83 125 78 125 125 125 125 125 125 125 125 125 125 125 125 125 125 88 43 116 125
125 48 125 118 42 125 125 61 125 125 125 125 125 125 125 125 125 107 125 125 93 125 53 125 40 125 125 125 3 125 125 125 51 125 125 125 24 122 106 125 53 125 125 125 21 84 125 125 20 125 68 125 125
64 125 125 125 20 32 78 109 125 125 124 125 125 125 125 42 125 115 125 125 125 45 122 125 94 21 20 125 125 125 0 115 85 125 125 125 125 42 125 61 125 40 125 125 9 90 125 125 27 27 125 125
125 125 47 125 82 125 98 125 125 125 125 125 63 40 51 88 111 38 77 125 125 80 53 125 2 108 6 32 61 125 31 125 118 125 125 10 16 77 125 69 112 125 99 125 60 108 125 125 125 79 125
125 125 125 125 125 125 120 125 125 125 39 125 118 39 125 125 125 4 122 114 62 125 89 91 73 125 125 118 125 125 125 110 125 85 37 116 125 53 125 125 125 125 66 125 2 125 89 125 125 125
125 37 98 66 125 125 125 125 95 125 125 125 125 125 125 125 102 125 125 20 125 125 125 125 12 124 93 69 125 13 125 125 46 125 125 3 125 125 125 90 125 79 101 125 125 125 60 125 125
125 18 125 125 52 22 89 125 125 125 125 125 125 125 88 125 36 42 125 125 81 23 14 106 125 125 125 122 125 125 28 125 125 125 125 125 125 125 125 125 117 83 125 6 112 125 7 125
125 125 125 68 125 125 65 46 125 53 125 125 125 125 112 75 125 125 125 41 59 125 125 125 34 125 20 125 125 125 27 31 125 125 125 125 125 125 125 115 125 109 125 125 125 1 125
125 26 125 125 125 81 125 125 88 125 125 107 125 125 125 125 125 16 125 31 125 125 125 37 2 66 125 125 125 125 125 125 8 125 125 125 71 125 125 121 15 125 83 125 0 125
125 125 125 125 125 44 75 125 125 115 125 125 27 125 90 64 125 125 19 39 99 125 68 27 94 111 125 118 60 125 125 27 125 46 125 125 125 125 125 125 125 125 125 5 125
125 32 38 28 124 32 46 125 6 8 64 77 125 37 125 125 125 125 12 125 125 4 4 41 125 125 125 107 28 125 43 117 125 125 125 119 125 125 125 125 125 125 45 125
42 43 23 125 125 125 116 125 125 73 125 113 119 125 125 99 125 125 36 125 125 125 125 125 125 125 26 90 22 125 59 103 125 125 125 26 125 125 125 125 90 125 125
125 125 125 9 66 29 125 125 125 120 125 125 125 125 74 125 67 33 125 125 125 125 120 36 125 22 125 125 34 125 93 70 125 109 125 125 125 95 125 125 125 125
125 92 53 13 125 125 125 125 125 125 125 125 125 125 125 125 62 125 125 112 61 125 125 125 125 125 2 125 125 125 20 125 77 67 125 125 30 125 125 15 125
125 125 125 125 125 46 125 80 21 118 18 20 125 31 125 125 54 125 125 125 125 125 125 6 77 101 125 125 125 125 125 125 125 125 125 7 125 125 125 125
125 125 125 125 125 125 125 125 125 125 125 49 125 125 125 38 16 114 125 125 12 10 125 125 63 125 125 11 125 36 125 100 93 125 51 125 125 92 125
125 125 125 125 125 26 125 6 125 125 31 120 125 125 125 57 125 125 125 125 125 75 125 125 125 125 125 125 125 118 95 125 111 125 125 125 96 125
125 117 125 59 125 30 125 125 125 125 125 125 31 125 33 125 73 26 45 9 5 125 23 125 119 125 125 125 125 76 125 125 125 0 125 125 125
125 125 125 125 125 50 125 61 84 125 125 125 117 125 125 125 60 125 125 125 125 125 64 13 125 125 125 57 102 125 125 125 37 125 14 125
108 65 125 125 125 125 122 125 52 89 125 125 125 125 125 125 125 125 125 125 105 12 125 125 122 65 13 125 10 125 24 37 125 41 125
125 121 74 77 86 79 71 125 125 125 125 6 125 125 125 125 125 125 47 125 125 125 125 125 15 125 58 62 125 34 125 125 125 125
125 106 46 72 125 125 56 125 125 125 7 125 125 125 125 125 125 47 12 125 125 14 27 125 124 125 14 36 125 125 125 78 125
125 13 125 96 109 125 125 72 115 125 3 125 125 125 125 125 125 125 29 125 107 125 125 125 125 125 43 125 89 125 110 125
125 48 125 125 18 98 35 124 80 125 125 125 125 109 125 125 21 81 21 125 125 125 125 125 125 125 125 125 125 125 125
124 24 125 125 125 92 125 125 69 125 125 40 125 125 125 125 14 91 40 125 125 125 24 125 116 62 125 125 82 125
43 94 125 125 125 125 125 11 12 125 125 80 0 125 125 125 125 3 125 125 7 73 125 125 125 125 61 125 125
125 89 125 125 93 125 125 125 87 105 125 69 125 125 95 125 125 125 120 125 125 40 125 125 18 93 125 125
25 40 42 125 70 125 44 13 125 12 125 125 87 67 69 125 83 125 125 90 49 108 87 88 22 2 125
111 125 15 125 50 125 125 78 125 36 125 125 125 54 102 28 72 125 125 125 59 107 125 125 125 125
125 125 125 10 125 125 125 125 37 100 125 125 8 125 99 125 45 125 125 66 79 64 125 125 125
125 57 72 125 125 125 125 125 125 125 125 125 125 125 125 99 125 30 31 48 125 125 125 125
98 125 80 125 125 125 102 125 125 102 125 125 125 125 43 20 125 125 117 51 48 5 125
9 125 118 125 125 73 125 125 125 125 85 35 125 96 125 118 50 125 125 125 125 125
125 125 125 114 17 0 125 125 125 75 125 125 125 6 125 125 125 125 125 125 125
125 109 125 125 125 125 125 125 125 54 125 125 55 125 57 125 125 20 125 125
125 24 27 125 125 125 125 71 109 8 67 125 48 125 115 84 17 125 125
125 77 125 59 125 81 48 120 125 125 125 125 125 47 125 125 80 125
125 27 86 125 125 34 125 125 125 125 77 125 85 79 103 125 125
125 125 18 125 125 58 125 125 114 13 125 125 125 125 125 125
125 95 125 2 66 125 57 125 96 109 125 125 125 125 125
125 101 125 52 53 125 61 125 125 26 125 125 125 125
125 125 125 101 49 83 125 125 125 74 125 7 125
125 125 125 125 69 125 10 125 125 125 125 125
125 125 125 125 125 125 125 125 125 125 125
125 125 77 125 20 93 125 125 125 125
125 66 125 121 125 125 125 54 125
125 125 51 125 125 125 125 125
77 125 125 99 125 17 125
125 71 125 125 125 125
125 121 125 112 125
125 125 125 125
125 125 125
109 125
125
