100 125
16 78 65 125 125 125 54 14 44 74 125 125 108 125 101 85 54 125 125 27 125 111 20 26 40 11 102 73 76 24 125 125 97 36 125 48 16 110 125 25 125 125 89 40 104 50 63 64 97 125 64 125 91 18 74 125 125 116 34 125 58 125 71 125 40 35 88 65 33 105 125 58 125 89 30 110 49 69 83 13 115 44 31 125 125 100 125 58 39 86 7 95 125 17 125 85 15 69 125 125
100 125 125 125 71 61 119 37 11 125 100 27 125 55 25 10 125 78 125 40 56 87 84 125 11 125 125 125 114 82 24 18 125 125 48 20 54 101 1 2 0 125 42 125 86 39 112 109 125 125 125 97 125 96 42 125 109 125 58 125 5 54 78 125 31 125 94 106 54 125 12 33 125 125 125 57 123 78 109 10 105 125 83 53 5 125 125 125 125 69 74 4 69 14 112 118 4 104 125
125 86 48 24 125 122 125 120 53 125 11 31 125 10 41 10 20 113 125 75 125 32 123 74 125 59 125 125 34 33 25 44 18 83 125 120 125 43 46 125 55 125 36 40 105 46 53 16 68 84 125 28 87 34 5 7 7 69 99 2 35 4 29 106 7 14 50 125 125 47 125 38 125 125 3 6 46 99 3 27 125 82 0 66 103 41 75 35 125 61 125 89 81 82 77 125 9 125
125 68 69 93 65 12 125 70 79 57 119 125 28 93 19 49 0 125 4 38 48 105 43 118 113 77 85 85 28 22 26 3 109 122 55 57 105 125 125 45 91 46 81 66 7 35 125 125 82 17 15 68 84 49 32 57 99 37 20 73 0 98 125 88 120 33 97 64 14 108 30 40 59 33 74 51 58 115 125 49 74 29 125 119 125 102 125 101 125 20 25 125 77 125 79 0 125
89 118 125 22 23 125 72 48 125 21 125 107 69 120 81 125 111 120 116 74 105 29 113 108 10 82 125 99 53 94 45 115 125 125 5 75 125 38 81 77 20 125 122 95 45 125 117 23 113 114 77 102 80 22 73 125 20 60 28 125 125 59 97 27 109 79 64 125 64 11 78 125 4 37 96 55 14 35 22 125 116 125 93 35 92 97 122 120 88 35 1 63 116 99 123 125
62 70 125 117 83 99 125 125 102 125 125 36 28 125 54 45 27 99 17 124 47 102 13 32 125 125 58 20 77 10 25 36 103 67 125 120 125 23 125 115 125 110 125 46 33 119 74 69 3 22 125 125 71 24 75 85 125 125 113 16 48 38 27 88 88 1 15 27 31 125 59 61 99 125 118 125 83 15 125 5 21 23 72 93 51 120 116 122 50 85 125 125 125 124 125
15 102 10 20 29 117 42 90 16 125 16 125 125 125 2 69 29 92 103 63 48 125 125 28 107 77 32 29 6 40 125 103 101 125 91 15 44 108 125 17 101 19 110 70 125 122 125 125 125 60 125 125 3 27 93 6 125 86 71 44 80 125 14 125 121 19 81 108 83 3 107 8 83 64 81 22 78 77 14 93 125 71 25 36 123 125 125 111 119 100 55 125 27 125
13 87 54 103 49 17 0 125 125 18 38 53 91 3 101 64 28 94 51 94 96 69 81 23 69 91 56 109 52 8 108 48 107 94 82 112 10 40 125 125 115 110 125 115 125 125 101 12 125 42 22 95 2 125 113 69 22 125 112 47 47 76 100 125 43 114 20 80 94 71 41 48 24 12 11 118 125 56 26 75 57 68 29 66 31 125 125 99 125 33 125 125 125
95 112 125 125 125 117 4 40 31 55 9 24 91 66 105 125 85 71 85 104 125 90 1 44 90 125 32 121 125 47 89 125 125 13 95 6 79 20 125 22 125 121 32 54 125 111 117 39 125 125 83 82 125 78 60 14 20 95 125 40 22 60 125 125 34 58 125 125 93 34 109 29 80 10 125 77 34 75 14 47 26 125 19 125 124 59 1 48 44 65 35 125
125 44 87 114 75 102 13 125 10 85 125 125 36 125 117 122 76 102 125 10 59 54 89 51 82 125 125 125 13 24 125 27 125 71 37 55 114 112 96 125 125 54 39 66 125 10 0 125 52 125 24 81 20 59 18 28 125 3 25 90 90 96 125 75 5 78 110 96 66 125 60 125 90 54 125 65 16 125 125 125 41 90 40 108 125 82 125 106 95 125 125
13 75 102 43 101 99 47 125 22 125 125 125 108 14 93 24 121 49 77 40 125 56 104 125 106 4 125 69 69 56 125 125 1 111 125 59 97 125 47 52 1 50 72 22 125 58 66 90 125 61 85 83 21 47 125 125 122 58 97 114 12 66 125 94 33 125 9 43 125 39 89 125 104 41 74 125 125 120 9 11 74 90 45 53 121 125 63 104 102 125
32 74 125 96 44 24 14 122 125 80 72 65 125 58 33 58 73 67 104 13 124 120 96 89 121 96 125 23 67 107 116 17 124 59 40 73 125 125 112 59 44 9 57 37 24 125 42 50 86 47 28 90 22 12 10 25 96 89 17 125 113 124 53 92 18 116 116 125 125 102 93 37 125 17 23 69 125 4 125 125 47 125 125 29 125 81 100 9 125
125 23 125 0 112 54 77 39 48 79 125 62 27 41 120 119 27 81 79 28 70 102 125 93 12 115 75 41 71 80 39 125 125 119 70 125 125 111 16 1 44 121 125 92 13 20 9 125 52 63 105 69 125 105 125 84 51 125 56 125 125 125 118 8 89 108 21 29 125 125 125 123 39 60 102 125 125 78 60 66 104 115 20 118 125 10 107 125
121 34 92 56 103 125 120 117 95 121 108 74 81 100 125 16 46 32 125 125 41 39 4 24 83 14 59 31 1 120 30 6 125 14 95 81 33 119 125 90 125 125 121 37 125 125 45 16 114 125 3 125 31 16 60 92 16 34 62 125 125 92 125 125 39 27 125 46 56 40 92 125 33 51 21 76 105 118 68 36 30 58 97 86 7 88 125
125 116 38 125 0 64 125 41 1 123 125 8 123 125 78 100 125 32 125 85 27 68 104 118 117 6 49 20 41 5 100 49 60 32 8 28 116 81 125 125 42 25 68 58 125 125 12 2 68 61 46 111 125 29 25 50 87 31 40 125 111 125 14 31 30 125 39 37 15 62 95 56 125 52 125 0 110 123 125 110 125 125 30 6 97 125
104 125 121 17 53 16 89 67 88 107 79 79 123 97 125 108 88 49 125 100 125 55 4 87 122 111 125 58 125 40 125 76 125 125 38 125 5 54 76 90 108 125 116 123 125 9 7 125 6 113 105 125 19 125 125 5 87 91 18 7 104 48 125 89 125 31 8 75 21 125 125 40 125 88 125 22 104 45 74 125 87 11 101 125 125
125 125 84 124 35 117 7 125 76 125 125 125 125 82 125 125 125 76 106 125 4 125 113 53 113 125 125 105 81 32 55 35 125 125 125 66 39 125 6 70 115 30 53 69 117 98 44 31 58 53 125 23 94 83 125 47 67 118 24 125 114 25 108 83 47 103 124 63 94 125 91 77 125 125 125 32 123 111 125 38 105 125 6 125
125 125 12 33 93 41 125 116 125 55 45 0 125 10 63 122 46 18 121 52 4 2 125 125 106 125 124 44 125 125 31 108 75 24 107 116 113 80 15 46 65 83 30 81 35 82 76 122 112 1 88 60 36 22 47 125 125 125 125 47 17 125 125 69 92 125 54 69 68 52 100 105 13 93 33 124 125 32 64 75 6 61 125
15 121 120 66 35 62 1 22 125 51 125 125 125 125 125 1 5 65 125 33 125 44 67 83 21 97 124 0 125 64 59 13 73 89 125 110 76 54 25 32 18 66 123 125 14 77 125 8 59 53 34 62 98 25 125 23 125 125 125 125 125 91 96 81 119 102 65 23 76 125 125 125 37 99 125 110 48 9 81 71 125 125
125 125 38 39 80 22 125 125 95 125 65 88 55 125 64 125 120 19 36 73 14 105 23 125 125 95 37 40 125 57 119 108 125 86 125 47 100 25 32 49 125 22 125 83 125 125 6 125 121 125 113 121 125 6 11 113 116 125 125 125 53 79 116 95 125 123 33 85 32 37 60 32 99 27 91 125 93 70 76 16 125
49 98 33 27 72 30 27 81 34 56 35 79 72 125 29 27 38 51 124 92 20 40 125 111 4 67 125 26 107 49 122 10 64 49 125 125 91 43 125 81 125 125 80 125 110 10 105 125 109 65 115 103 125 82 10 125 94 53 54 120 20 80 35 123 15 3 125 73 29 85 125 111 17 39 34 90 22 104 112 125
125 30 88 125 125 125 93 125 109 125 77 32 107 90 125 83 71 112 44 125 84 86 111 59 3 99 125 125 75 38 19 2 15 125 125 12 125 96 125 112 2 101 78 125 125 53 85 112 125 55 62 103 85 125 86 90 123 125 104 101 125 103 46 76 64 27 37 3 72 102 125 99 20 125 30 23 92 104 125
112 67 106 105 125 125 120 26 42 19 125 61 85 91 47 125 125 79 109 50 24 111 1 125 81 37 47 113 68 6 38 125 28 61 2 125 125 45 78 29 74 2 47 87 125 125 125 125 72 57 3 114 108 125 125 105 83 125 18 20 125 58 125 91 104 57 125 4 87 125 57 13 118 106 125 20 54 125
125 98 27 4 26 90 91 54 15 73 20 20 90 62 28 125 22 125 22 20 113 104 71 125 100 125 119 125 125 125 106 125 125 98 121 125 105 59 23 114 51 109 78 125 121 100 6 66 59 22 125 106 13 34 41 8 12 125 125 125 19 5 68 125 81 6 2 7 12 36 125 59 53 61 105 89 125
63 114 97 125 125 124 91 19 120 125 50 9 122 117 9 26 58 125 65 122 125 72 47 125 25 125 125 125 65 91 52 125 7 77 7 125 89 107 40 125 2 57 41 103 60 125 109 108 62 1 18 113 125 125 125 80 106 44 109 113 20 96 18 75 125 103 45 14 107 70 32 14 125 100 124 125
125 26 125 125 99 125 108 33 46 41 125 50 29 75 39 40 97 45 17 43 95 125 3 125 67 118 0 85 91 65 125 24 125 125 103 27 45 6 2 7 125 36 125 125 116 0 47 17 56 125 125 105 113 93 66 125 55 125 1 32 68 18 29 125 5 41 125 57 125 11 17 81 73 125 125
15 85 49 125 64 125 125 125 125 79 92 113 125 125 65 30 125 66 125 4 49 59 125 74 73 80 31 72 125 26 16 125 56 94 1 115 17 39 1 125 15 125 22 125 125 69 22 114 48 93 31 28 104 80 97 10 83 125 125 125 105 125 88 114 6 125 125 117 1 35 107 119 92 125
90 125 74 125 58 125 110 50 3 125 9 23 61 6 99 24 1 38 125 22 118 125 125 91 98 125 125 120 18 106 12 40 125 4 113 47 27 72 6 125 104 112 53 100 125 100 125 13 114 80 112 44 58 125 49 109 96 44 45 73 125 125 99 87 125 37 8 37 41 63 64 112 125
125 125 83 125 107 14 120 24 15 92 125 125 118 125 124 68 125 88 123 26 125 83 38 39 125 43 125 19 28 124 125 64 17 28 125 82 125 125 119 38 125 104 60 79 125 43 117 105 66 103 45 121 11 26 125 46 108 125 125 37 120 125 57 7 124 54 62 104 125 114 74 125
65 107 125 112 95 24 47 6 35 12 125 15 125 9 7 125 125 125 59 125 125 3 7 66 84 122 25 104 125 59 125 82 125 125 125 107 60 36 125 61 36 114 39 9 125 54 28 104 125 63 73 19 48 33 97 74 125 48 125 47 125 125 116 102 125 41 125 122 107 86 125
45 16 116 108 9 96 125 125 93 83 1 60 52 1 101 125 112 125 101 17 2 76 17 15 73 45 125 125 125 78 58 17 77 32 99 125 125 116 41 69 125 3 8 96 81 18 86 125 122 125 98 125 36 19 125 123 104 60 35 35 80 27 43 38 62 125 64 125 56 125
90 38 125 125 12 125 17 125 83 89 88 121 125 110 21 39 125 16 125 109 88 125 55 85 4 106 125 81 77 121 104 30 70 114 48 7 28 125 125 6 23 54 67 60 125 50 93 19 68 84 125 27 0 9 125 109 18 3 115 125 24 63 125 123 125 125 11 66 125
8 96 10 125 125 125 53 125 57 111 71 20 39 121 118 43 95 125 88 94 15 125 45 104 100 55 18 39 86 117 107 12 87 39 51 125 77 125 125 125 0 85 116 75 122 122 125 32 125 125 78 59 6 125 14 76 69 34 125 98 70 84 71 125 125 10 88 125
66 60 125 125 91 12 46 86 31 32 122 82 125 125 125 51 0 1 124 125 0 88 31 125 2 32 75 125 61 14 16 100 125 70 67 23 52 125 30 125 53 125 125 122 36 125 125 34 60 19 18 15 125 4 125 95 3 91 125 119 24 125 48 15 82 94 125
125 14 120 125 61 123 85 24 54 84 12 125 60 71 112 30 53 63 125 65 24 34 102 32 125 9 125 104 76 93 108 125 42 11 9 98 54 4 125 125 101 125 83 2 125 6 97 89 79 125 12 0 125 39 104 37 105 55 125 41 78 125 90 122 105 125
51 125 24 125 125 112 124 81 125 79 70 4 125 61 1 51 87 125 35 125 39 0 94 77 125 125 124 104 25 99 87 125 62 54 125 85 17 125 7 78 18 125 12 69 21 59 55 125 83 119 4 32 41 19 18 61 57 125 125 125 44 9 125 15 125
40 63 125 125 79 125 20 91 62 83 125 123 125 101 125 35 125 13 22 125 114 8 0 52 65 23 39 108 3 125 39 125 83 58 55 3 8 26 118 125 125 2 38 88 125 20 99 125 125 11 83 125 8 125 98 97 125 37 118 125 43 0 87 125
97 0 0 125 13 78 78 38 80 84 19 125 111 27 121 125 125 65 58 125 125 93 41 83 24 14 82 125 125 125 46 33 14 8 50 63 39 33 125 42 11 98 123 32 41 67 79 125 125 58 73 49 125 65 116 125 125 87 125 125 94 125 125
81 115 125 106 19 89 125 125 8 104 9 125 79 83 50 39 59 125 43 92 125 31 43 104 92 99 125 125 10 53 19 125 125 125 0 125 88 121 0 81 125 16 26 87 62 116 3 56 122 96 78 11 125 125 88 125 115 1 125 29 125 125
9 73 34 101 83 27 77 50 72 62 14 37 72 86 87 115 98 90 41 103 114 125 82 88 31 125 125 49 67 125 125 54 44 24 28 66 53 18 71 25 125 27 13 86 110 124 15 96 125 125 46 39 35 125 125 125 113 97 115 125 125
68 125 51 85 11 79 125 93 15 57 99 125 98 6 125 61 29 37 78 21 125 80 14 78 68 47 33 125 125 87 11 60 125 26 120 120 125 114 0 75 77 9 23 122 12 14 62 125 36 23 103 125 66 32 105 106 49 125 1 125
93 125 100 125 41 1 125 89 125 93 1 104 50 14 25 30 26 65 78 25 111 35 125 24 117 75 69 59 125 121 98 53 34 17 24 125 55 108 125 125 125 125 125 125 125 125 125 125 125 125 125 125 125 125 125 125 125 125 125
125 125 125 125 125 125 125 125 125 125 125 33 125 125 125 125 125 125 125 125 125 125 125 125 125 125 125 125 125 125 125 125 125 49 125 125 125 125 125 125 125 125 125 125 125 125 125 125 125 125 125 125 125 125 125 125 125 125
50 125 125 125 125 125 125 125 125 125 125 125 125 125 125 125 125 125 125 17 125 125 125 125 125 125 125 125 125 125 125 125 125 125 125 125 125 125 125 125 125 125 125 125 125 125 125 125 125 125 125 125 125 125 125 125 125
125 125 125 125 125 125 125 125 125 125 125 125 125 125 125 125 125 125 125 125 14 125 125 125 125 125 125 125 125 125 125 125 125 125 125 125 125 125 125 125 125 125 125 125 125 125 125 125 125 125 125 125 125 125 125 125
125 125 125 125 125 125 125 125 125 125 125 32 125 31 125 125 125 125 125 125 125 125 125 125 125 125 125 125 125 125 125 125 125 125 125 125 125 125 125 125 125 125 125 125 125 125 125 125 125 125 125 125 125 125 125
125 125 125 125 125 125 125 125 125 125 125 125 125 125 125 125 125 125 125 125 125 125 125 125 125 125 125 125 125 125 125 125 125 125 125 125 125 125 125 125 125 125 125 125 125 125 125 125 125 125 125 125 125 125
125 125 3 125 125 125 125 125 125 125 125 125 125 125 125 125 125 125 125 125 125 125 125 125 125 125 125 125 125 125 125 125 125 125 125 125 125 125 125 125 125 125 125 10 125 125 125 125 125 125 125 125 125
125 125 125 125 125 125 125 125 125 125 125 125 125 125 125 125 125 125 125 125 125 125 125 125 125 125 125 125 125 125 125 125 125 125 125 125 125 2 125 125 125 125 125 125 125 125 125 125 125 125 125 125
125 125 125 125 125 125 125 125 125 125 125 125 125 125 125 125 125 125 125 125 125 125 125 125 125 125 125 125 125 125 125 125 125 125 125 125 103 125 125 125 125 125 125 125 125 125 125 125 125 125 125
125 125 125 125 125 125 125 125 125 125 125 125 125 125 125 125 125 125 125 125 125 125 125 125 125 125 125 125 125 125 125 125 125 125 125 125 125 125 125 125 125 125 125 125 125 125 125 125 125 125
125 125 125 125 125 125 125 125 125 125 125 125 125 125 125 125 125 125 125 125 125 125 125 125 125 125 125 125 125 125 125 125 125 125 125 125 125 125 125 125 125 125 125 125 125 125 125 125 125
125 125 125 125 125 125 125 125 125 125 125 125 125 125 125 125 125 125 125 125 125 125 125 125 125 125 125 125 125 125 125 125 125 125 125 125 125 125 125 125 125 125 125 125 125 125 125 125
125 125 125 125 125 125 125 125 28 125 125 125 125 125 125 125 125 125 125 125 125 125 125 125 125 125 125 125 125 125 125 125 125 125 125 125 125 125 125 125 125 125 125 125 125 125 125
125 125 125 125 125 125 125 125 125 125 97 125 125 125 125 125 125 125 125 125 125 125 125 125 125 125 125 125 125 125 125 125 125 125 125 125 125 125 125 125 125 125 125 125 125 125
125 125 125 125 125 125 125 125 125 125 125 125 125 125 125 125 125 125 125 125 125 125 125 125 125 125 125 125 125 125 125 125 125 125 62 125 125 125 125 125 125 125 125 125 125
125 125 125 125 125 125 125 125 125 125 125 125 125 125 125 125 125 125 125 125 125 125 125 125 125 125 125 111 125 125 125 125 125 125 125 125 125 125 125 125 125 125 125 125
125 125 125 125 125 125 125 125 125 125 125 125 125 125 125 125 125 125 125 125 125 125 125 125 125 125 125 125 125 125 125 125 125 125 125 125 125 125 125 125 125 125 125
125 125 125 125 125 125 125 125 125 125 125 125 125 125 125 125 125 125 125 125 125 125 125 125 125 125 125 125 125 125 125 125 125 125 125 1 125 125 125 125 125 125
90 125 125 125 125 125 125 125 125 125 125 125 125 125 125 125 125 125 125 125 125 125 125 125 125 125 125 125 125 125 125 125 125 125 125 125 125 125 125 125 125
125 125 125 125 125 125 125 125 125 125 125 125 125 125 125 125 125 125 125 125 125 125 125 125 125 125 125 125 125 125 125 125 125 125 125 125 125 125 125 125
125 125 125 125 125 125 125 125 125 125 125 125 125 125 125 125 125 125 125 125 125 125 125 125 125 125 125 125 125 125 125 125 125 125 125 125 125 125 125
125 125 125 125 125 125 125 125 125 125 125 125 125 125 125 125 125 125 125 125 125 125 125 125 125 70 125 125 125 125 125 125 125 125 125 125 125 125
125 125 125 125 109 125 125 125 125 125 125 125 125 125 125 125 125 125 125 125 125 125 125 125 125 125 125 125 125 125 125 125 125 125 125 125 125
125 125 125 125 125 125 125 125 125 125 125 125 125 125 125 125 125 125 125 125 125 125 125 125 125 125 125 125 125 125 125 125 125 125 125 125
125 125 125 125 125 125 125 125 125 125 125 125 125 125 125 125 125 125 125 125 125 125 125 125 125 125 125 125 125 125 125 125 125 125 125
125 125 125 125 125 125 125 125 125 125 125 125 36 125 125 125 125 125 125 125 125 125 125 125 125 125 125 125 125 125 125 125 125 125
125 125 125 125 125 125 125 125 125 125 125 125 125 125 125 125 125 125 125 125 125 125 125 125 125 125 125 125 125 125 125 125 125
125 125 125 125 125 125 125 125 125 125 125 125 125 125 125 125 125 125 125 125 125 125 125 125 125 125 125 125 125 125 125 125
125 125 125 125 125 125 125 125 125 125 125 51 125 125 125 125 125 125 125 125 125 125 125 125 125 125 125 125 125 125 125
125 125 125 125 125 125 125 125 125 125 125 125 125 125 125 125 125 125 125 125 125 125 125 125 125 125 125 125 125 125
125 125 125 125 125 125 125 125 125 125 125 125 125 125 125 125 125 125 125 125 125 125 125 125 125 125 125 125 125
125 125 125 125 125 125 125 125 125 125 125 125 125 3 125 125 125 125 125 125 125 125 125 125 125 125 125 125
125 125 125 125 125 125 125 125 125 125 125 125 125 125 125 125 125 125 125 125 125 125 125 125 125 125 125
125 125 125 125 125 125 67 125 125 125 125 125 125 125 125 125 125 125 125 125 125 125 125 125 125 125
125 125 125 125 125 125 125 125 125 125 125 125 125 125 125 125 125 125 125 4 125 125 125 125 125
125 125 125 125 125 125 125 125 125 125 125 125 125 125 125 125 125 13 125 125 125 125 125 125
125 125 125 125 125 125 125 125 125 125 125 125 125 125 125 125 125 125 125 125 125 125 125
125 125 125 125 125 0 125 125 125 125 125 125 125 125 125 125 125 125 125 125 125 125
125 125 125 125 125 125 125 125 125 125 125 125 125 125 125 125 125 125 125 125 125
125 125 125 125 125 125 125 125 125 28 125 125 125 125 125 125 125 125 125 125
125 125 125 125 125 125 125 125 125 125 125 125 125 125 125 125 125 125 125
125 125 125 125 125 125 125 125 125 125 125 125 125 125 125 125 16 125
125 125 125 125 125 125 125 125 125 125 125 125 125 125 125 125 125
125 125 125 125 125 125 125 125 125 125 125 125 125 125 125 125
125 125 125 125 125 125 125 125 125 125 125 56 125 125 125
125 125 125 125 125 125 125 125 125 125 125 125 125 125
125 125 125 125 125 125 125 125 125 125 125 125 125
125 125 125 125 125 125 125 125 125 125 125 125
125 125 125 125 125 125 125 125 125 125 125
125 125 15 125 125 125 125 125 125 125
125 125 125 125 125 125 125 125 125
125 125 125 125 125 125 125 125
125 125 125 125 125 125 125
125 125 125 125 125 125
125 125 125 125 125
125 125 125 125
125 125 125
125 125
125
