100 125
28 25 4 88 125 24 69 125 125 125 66 51 125 64 87 91 125 125 125 31 10 60 48 125 27 43 111 54 45 61 27 81 112 125 123 15 125 44 125 125 125 125 125 125 125 56 54 124 110 1 38 117 125 122 107 125 125 125 114 95 99 125 87 13 125 125 14 125 125 125 110 120 125 27 33 113 125 125 44 89 42 40 35 125 125 125 125 125 86 63 41 125 125 125 74 125 125 81 31 125
125 88 80 125 125 122 51 125 112 71 43 9 103 80 125 125 125 125 105 83 125 0 86 125 2 125 31 125 44 98 19 125 125 2 125 111 125 125 125 125 125 81 125 125 104 125 125 125 108 125 125 0 100 59 125 125 125 125 11 99 93 100 125 70 58 125 125 125 125 59 125 125 27 125 44 89 79 15 125 125 125 30 21 52 125 125 125 125 85 57 90 106 114 34 125 14 112 125 125
81 125 86 125 23 83 125 5 34 119 28 16 125 125 125 125 24 125 125 125 18 125 115 37 25 84 125 97 122 1 62 103 50 125 125 9 7 22 48 107 125 19 125 125 88 10 38 111 124 85 58 104 73 47 125 125 125 89 125 64 33 54 125 111 125 125 125 63 125 125 110 125 101 125 118 125 82 125 125 55 46 62 5 41 125 125 125 125 125 125 125 82 76 49 24 125 125 125
125 125 61 66 125 13 8 125 82 125 125 17 118 125 125 125 107 11 107 125 125 37 119 125 47 123 14 125 125 125 40 0 125 125 125 8 4 125 125 86 125 109 125 72 125 20 125 125 36 125 125 48 75 125 87 102 42 125 125 125 121 86 125 51 25 125 125 74 28 125 13 67 21 125 59 26 125 125 107 125 109 63 98 125 125 24 0 125 125 125 125 125 5 125 125 79 125
125 125 21 115 125 57 125 125 4 14 33 19 125 9 68 125 106 4 59 125 13 125 125 65 83 6 54 125 99 125 125 20 125 83 125 85 125 24 125 125 67 117 125 125 27 99 29 40 99 125 73 125 20 125 125 125 58 27 71 32 125 125 104 8 125 125 62 125 125 125 94 125 35 47 125 52 125 57 125 80 121 125 125 125 72 58 49 125 45 23 103 84 70 101 125 125
125 30 125 94 125 47 125 125 105 125 125 55 102 119 80 125 18 46 125 125 54 6 104 125 125 59 114 116 125 125 125 91 125 20 89 118 94 72 106 53 57 125 96 46 106 125 88 117 26 63 125 125 125 53 105 74 76 125 77 125 118 96 125 15 125 125 2 91 31 125 125 125 125 33 125 75 78 29 2 125 65 125 82 120 125 125 102 10 125 96 125 125 46 125 125
119 125 117 16 125 48 125 57 125 56 35 64 94 110 103 105 86 125 125 125 47 125 110 125 51 67 38 2 125 32 85 118 125 125 125 4 100 29 73 125 125 125 125 77 30 125 98 125 125 0 124 125 35 33 125 34 125 51 125 11 27 59 113 125 125 38 125 15 125 94 13 8 11 95 121 125 125 125 74 50 50 113 125 125 75 125 7 125 30 125 112 92 18 125
105 79 125 89 125 45 122 113 125 125 69 125 125 20 109 125 78 125 125 125 125 125 19 125 82 125 15 125 125 1 125 117 125 125 125 92 119 125 125 85 5 125 10 125 125 62 6 125 123 125 125 113 125 122 125 125 125 78 76 121 125 114 47 110 108 5 53 82 125 125 56 125 91 125 125 91 125 31 125 125 125 98 125 74 125 109 31 73 92 125 37 125 125
20 99 28 125 1 106 42 91 125 0 102 125 95 125 35 4 125 105 48 125 17 125 17 120 125 125 125 125 116 125 15 76 125 107 86 125 125 21 18 125 125 71 125 125 125 17 125 28 4 125 37 125 121 125 125 52 125 51 125 125 125 125 86 86 125 51 41 125 114 125 21 67 115 6 120 125 125 41 82 125 125 125 125 15 59 19 33 125 125 118 125 125
15 75 125 125 125 125 32 109 125 121 125 125 0 93 125 0 113 68 21 86 125 125 45 11 36 43 26 125 125 125 125 13 125 36 25 66 125 125 121 125 4 125 125 37 34 125 111 86 125 125 45 125 125 125 111 125 125 125 125 95 111 125 125 57 22 0 45 37 111 23 47 125 125 125 10 125 125 28 9 125 121 101 101 59 103 125 125 125 31 33 125
125 91 125 78 7 125 86 125 64 84 103 16 22 125 94 125 61 125 125 125 107 91 125 125 19 112 125 125 125 125 20 125 62 112 125 125 78 125 15 17 123 115 125 121 107 125 125 125 125 3 125 125 2 57 110 45 125 125 116 14 67 125 121 12 125 125 125 25 88 47 91 125 125 125 65 119 125 68 125 86 63 125 125 125 125 91 7 125 27 125
72 121 56 26 124 125 125 125 26 125 17 125 125 125 39 96 125 125 32 110 116 55 78 90 17 125 80 125 125 58 125 32 125 113 125 29 125 125 62 125 41 80 79 6 125 125 125 125 125 87 125 124 125 120 88 125 124 125 125 125 86 87 16 72 78 125 124 125 8 125 125 125 3 125 125 90 125 87 44 125 125 125 93 14 32 59 125 125 125
125 125 125 125 96 125 52 125 41 61 65 125 93 125 123 125 125 73 107 81 125 125 125 36 29 56 61 75 13 125 91 125 125 125 15 37 6 51 23 125 24 125 67 101 26 14 71 125 125 125 56 15 76 93 125 125 125 121 125 54 39 45 125 125 125 110 125 125 125 55 124 97 109 125 53 125 125 125 105 125 95 110 86 125 125 40 64 125
125 43 125 94 80 125 125 125 125 125 52 125 125 125 28 71 125 125 125 125 125 125 33 125 125 23 125 7 120 125 125 120 95 120 94 8 125 125 125 125 125 90 80 102 69 114 125 125 17 125 33 93 108 58 22 125 100 125 57 42 125 125 125 125 125 23 4 67 5 125 125 24 125 125 81 33 125 125 115 29 98 125 125 125 125 99 125
89 119 125 125 125 32 25 50 5 125 125 88 97 53 111 59 125 104 125 40 113 14 115 63 101 97 24 46 125 63 63 7 125 84 38 125 119 125 125 125 125 121 125 125 125 125 125 116 125 29 119 125 125 26 12 125 43 125 62 60 125 125 5 64 65 76 31 8 125 58 32 125 73 47 63 125 30 125 125 42 125 125 88 125 125 125
107 125 53 125 125 102 103 30 125 6 125 125 125 51 125 125 91 41 125 112 47 16 125 108 20 124 125 125 125 125 20 125 125 40 125 125 125 115 8 125 3 64 125 35 56 53 125 28 125 110 122 107 73 125 125 123 1 71 85 41 59 125 125 102 125 102 7 125 103 9 125 5 116 37 11 125 125 125 125 125 67 125 119 15 125
125 13 125 125 125 125 125 77 125 28 125 50 65 125 7 69 125 72 55 37 37 54 76 125 88 125 53 125 125 31 108 4 125 45 125 125 125 125 125 29 125 125 1 61 82 125 7 125 69 125 125 125 125 125 125 69 78 88 125 122 125 78 114 122 88 34 78 103 69 79 14 5 43 125 34 7 125 41 125 6 95 125 16 125
49 125 125 0 104 75 125 125 12 56 7 53 125 125 125 125 101 125 125 125 125 125 66 125 90 95 125 40 102 125 19 125 94 36 51 93 53 125 39 85 68 51 71 125 125 69 48 125 125 51 68 125 125 106 125 125 125 125 125 20 125 78 125 37 124 91 99 125 125 37 125 123 115 3 2 125 125 125 125 87 125 31 125
0 116 125 125 50 125 125 31 35 85 90 43 125 104 60 125 125 125 125 125 60 125 6 125 125 88 106 125 125 125 125 125 125 91 118 125 125 93 11 125 125 17 125 44 125 50 125 125 125 125 125 125 125 68 125 125 10 125 125 45 125 125 125 91 23 125 6 125 125 125 125 125 34 125 18 22 125 61 125 125 125 125
125 125 125 38 111 125 125 32 124 125 125 125 125 125 125 125 125 81 125 7 57 125 125 84 104 125 98 79 125 125 125 36 116 30 55 91 125 84 70 123 125 102 93 16 41 44 125 39 125 67 25 78 87 46 34 9 125 6 100 125 125 125 66 125 77 125 125 125 44 125 91 10 20 125 7 52 6 125 4 125 125
125 125 42 27 125 125 125 80 125 106 122 125 115 125 29 54 56 111 125 43 125 125 125 0 54 45 125 125 125 39 125 125 22 125 125 100 125 102 125 93 125 125 125 125 125 41 66 125 125 125 125 86 61 58 125 125 125 125 119 125 125 125 48 125 125 125 125 125 125 67 9 125 99 125 63 6 17 125 62 125
85 125 117 125 125 125 106 125 125 113 125 125 125 125 5 125 78 125 68 33 125 113 125 125 17 71 1 81 125 125 125 125 81 125 111 67 95 125 38 125 70 59 125 34 125 44 19 53 96 40 18 64 101 74 117 125 125 125 33 21 125 69 48 60 125 39 0 80 105 56 125 125 125 125 22 102 125 125 125
74 125 125 84 125 125 125 63 125 98 45 125 125 125 77 2 125 125 67 45 125 100 125 125 125 125 125 125 53 86 125 125 125 32 125 106 125 85 125 94 14 125 63 87 125 111 89 30 97 125 125 60 97 23 125 125 125 125 125 125 14 125 125 11 125 125 36 9 125 64 121 125 104 125 88 125 125 125
125 82 125 125 125 35 125 40 5 125 43 57 55 125 125 125 109 125 44 120 118 23 3 10 125 44 19 101 98 96 125 125 88 10 125 125 125 2 15 125 38 44 125 76 125 83 125 125 112 55 14 74 125 43 125 125 90 9 24 125 125 81 125 125 109 15 9 70 125 35 51 100 111 48 125 89 125
125 125 125 32 125 8 33 125 125 54 124 125 42 125 49 57 100 65 125 108 83 125 125 125 40 125 62 15 38 125 125 125 125 64 125 125 125 125 77 86 94 125 125 125 104 25 39 103 64 83 3 125 125 17 125 125 125 125 102 74 125 15 2 75 125 125 33 125 125 125 23 62 50 82 16 125
1 1 125 125 112 125 125 14 125 125 125 76 125 125 93 109 125 125 125 125 125 65 125 125 71 6 28 125 125 99 125 34 125 125 125 125 125 47 125 125 74 73 54 66 13 29 100 38 125 125 125 125 125 125 6 74 125 125 125 17 125 122 34 11 125 81 125 125 55 125 103 54 102 78 125
83 36 8 20 125 109 125 125 125 125 33 74 75 103 9 86 125 7 14 125 125 125 125 125 8 125 53 62 48 61 125 105 124 125 43 125 125 125 125 125 125 33 1 125 125 113 125 125 66 0 18 52 90 125 125 125 40 49 125 64 77 76 125 68 125 72 12 10 125 125 125 57 49 125
125 125 53 125 125 37 125 87 125 113 125 125 125 13 26 125 125 33 113 125 123 6 86 125 76 125 11 3 52 72 64 117 98 80 36 104 125 125 125 30 124 76 42 60 100 109 78 69 35 125 125 125 125 125 106 69 99 125 125 125 97 125 125 125 62 84 80 125 125 103 63 125 125
125 125 125 125 125 125 125 113 125 125 125 64 58 95 125 125 23 125 81 59 105 125 125 125 56 98 125 63 125 66 125 125 101 59 125 122 63 85 125 125 27 92 125 125 90 125 125 36 125 125 125 125 125 4 125 125 125 125 125 91 125 125 42 125 125 125 125 17 17 83 122 125
125 27 125 125 97 125 77 125 125 7 125 125 125 125 114 125 76 112 125 125 125 2 6 125 125 125 125 125 4 121 125 125 125 8 125 40 125 125 125 125 125 122 125 98 125 125 125 125 125 125 125 125 10 71 36 125 21 125 125 50 16 125 125 62 125 0 49 125 0 125 125
0 125 125 17 34 86 53 111 125 125 50 46 125 36 10 19 85 56 125 71 125 42 125 57 125 125 109 125 125 88 125 125 125 125 109 72 13 125 125 125 125 123 19 75 125 64 125 61 108 125 125 125 114 125 125 125 125 125 125 60 125 106 98 24 125 123 125 125 102 125
125 96 95 33 125 59 32 122 125 125 125 125 125 61 125 83 118 125 19 79 112 97 83 50 69 125 125 82 64 125 21 125 125 74 6 125 56 113 121 96 112 71 5 33 95 16 56 33 125 112 86 125 125 5 125 70 96 7 99 125 125 125 125 103 125 125 81 125 125
125 125 125 125 125 88 97 104 125 125 114 125 97 125 125 40 125 106 125 125 125 13 93 22 125 34 125 125 125 109 125 125 125 125 125 124 2 60 125 125 3 125 35 125 56 125 63 125 125 54 11 45 94 64 125 125 28 125 70 125 56 97 55 29 125 101 125 125
114 54 27 125 125 125 64 109 50 125 125 38 77 125 53 125 125 88 125 25 125 125 68 43 125 125 125 125 49 125 125 4 125 11 125 50 125 125 125 11 47 125 107 88 125 125 124 125 125 125 60 72 6 125 125 125 125 125 79 125 107 125 53 22 125 51 125
125 85 125 125 32 125 125 95 49 125 125 69 58 125 125 125 125 69 125 28 125 125 57 125 92 125 125 82 103 19 79 125 125 97 15 59 114 71 112 125 125 125 105 125 28 125 125 90 82 105 125 71 125 125 125 125 14 99 33 125 125 119 36 95 40 125
19 58 125 110 97 11 125 101 30 125 125 37 125 125 125 125 45 86 125 125 125 61 125 64 125 122 125 125 125 125 125 51 125 125 106 125 125 61 79 123 70 125 14 20 1 6 125 13 121 34 125 125 123 29 125 34 125 121 65 125 18 83 125 125 125
14 125 52 63 125 54 125 125 125 125 125 59 125 99 125 125 120 4 125 29 7 125 125 125 114 107 125 36 123 125 125 41 64 125 4 125 99 125 125 45 125 125 70 16 125 9 125 125 106 50 76 71 125 125 65 125 84 125 75 125 56 125 26 125
23 125 125 59 125 125 125 125 125 37 125 125 36 89 90 91 83 125 22 13 94 25 125 125 22 2 125 125 109 27 125 125 125 125 68 88 125 37 125 125 125 125 125 125 55 125 125 125 46 125 125 113 104 30 95 43 87 125 22 125 125 53 125
34 125 125 62 43 125 96 118 125 125 122 125 125 125 125 80 53 125 37 120 42 125 25 125 125 125 125 94 49 57 125 125 125 125 125 47 97 125 14 125 38 14 0 125 10 125 125 37 125 125 125 27 125 91 125 37 125 69 125 125 125 125
125 125 125 125 79 50 28 54 27 20 86 13 125 55 120 108 125 125 125 125 125 18 11 72 125 119 32 125 125 55 125 30 116 125 92 125 117 125 125 125 125 125 12 72 54 100 125 48 18 125 51 10 118 94 125 125 125 102 34 28 125
125 112 125 125 125 26 125 125 53 125 125 125 125 125 125 125 76 71 125 125 125 98 125 125 125 12 67 125 112 30 125 72 125 125 102 125 116 34 19 92 74 96 89 46 125 125 125 56 125 97 28 125 125 125 10 125 125 68 71 125
78 93 20 95 120 125 113 97 125 109 125 120 19 67 119 125 125 101 125 125 31 125 8 75 59 125 54 125 125 125 60 125 125 45 34 54 125 100 13 125 47 125 24 70 125 48 125 125 125 125 77 125 39 3 66 21 125 71 125
125 100 125 125 125 125 125 125 125 63 123 66 125 125 19 125 86 95 125 125 125 125 41 31 125 104 59 125 125 111 7 125 7 125 66 125 125 58 10 82 125 125 122 125 125 24 122 58 50 124 114 125 123 125 55 125 125 125
35 125 125 125 21 125 37 78 125 22 7 125 110 8 41 125 125 125 125 125 14 30 125 8 38 13 125 125 125 115 63 125 125 59 106 125 112 112 125 34 103 90 57 2 105 115 125 15 125 81 30 103 70 118 80 125 125
8 104 49 72 50 125 13 2 125 125 125 121 125 92 125 39 83 5 78 125 125 80 72 81 103 125 32 8 82 125 125 14 125 7 112 125 125 123 125 125 125 125 97 125 43 2 24 39 40 125 125 125 125 125 125 125
117 25 125 125 125 104 15 104 125 110 125 30 125 86 125 125 125 125 125 48 103 89 125 125 125 114 55 125 125 125 125 125 125 125 64 125 125 125 20 125 51 56 125 125 125 125 125 125 125 125 82 125 125 9 125
125 125 90 125 125 0 35 125 64 125 125 96 125 125 125 50 125 50 102 125 125 125 125 63 75 125 125 16 125 101 112 3 125 20 71 92 86 116 125 117 93 125 125 119 24 43 75 125 125 125 125 79 125 125
125 115 44 118 125 120 55 125 125 125 125 125 125 125 125 125 48 71 95 125 85 125 52 125 117 37 105 64 9 125 125 125 125 125 125 68 93 22 87 125 70 125 125 49 76 1 125 125 106 24 29 90 125
27 48 26 104 116 125 125 125 125 125 103 8 15 123 125 125 125 98 111 112 47 54 84 125 122 125 125 125 125 69 48 115 125 112 65 15 125 107 125 125 69 124 1 125 43 125 125 125 101 21 7 125
62 78 125 125 125 125 48 85 56 20 55 92 125 9 125 64 125 36 125 125 31 125 8 125 78 86 93 125 125 105 125 107 125 56 51 125 93 12 125 125 41 15 58 125 125 125 28 125 125 125 125
58 125 123 125 125 84 13 125 125 125 37 41 88 125 89 9 117 125 125 125 2 67 125 22 47 125 125 28 125 14 113 24 125 118 125 125 82 125 125 33 116 125 125 125 6 10 125 125 125 125
125 125 113 125 125 26 125 118 125 2 115 125 125 51 21 125 42 44 125 125 112 125 125 125 125 74 60 125 84 108 31 125 89 44 41 1 45 108 125 22 88 125 2 125 125 125 125 125 125
70 104 125 50 104 125 125 125 45 30 56 125 125 49 38 125 125 110 125 69 125 125 125 125 125 125 49 30 125 86 10 113 125 21 125 43 36 125 125 125 5 125 125 125 125 39 125 125
125 125 125 108 113 125 125 125 125 125 50 125 122 125 30 125 38 31 125 125 35 29 125 125 11 125 125 125 73 125 44 125 125 84 103 39 99 35 20 125 77 125 68 125 81 125 125
125 69 125 125 21 125 125 56 57 54 125 125 30 53 76 125 32 80 17 125 109 125 57 66 82 125 125 115 125 12 97 15 2 111 125 124 118 100 24 125 44 15 31 125 125 125
77 50 68 125 83 125 125 125 64 125 105 125 125 58 114 125 125 125 125 80 125 104 28 63 121 15 125 55 125 89 86 78 125 125 125 51 125 125 78 91 77 125 38 125 125
125 124 125 48 125 48 75 110 70 55 44 13 69 100 81 76 94 122 72 125 125 21 125 125 125 117 125 125 125 125 124 125 125 115 125 125 125 125 125 63 51 0 125 125
125 59 125 125 110 88 125 125 125 89 25 125 125 100 33 125 59 125 125 47 125 125 125 30 60 125 125 125 125 58 125 114 53 125 16 125 125 125 96 125 125 125 125
40 16 125 125 125 54 51 59 33 125 125 103 125 97 111 82 69 125 123 90 72 40 89 125 105 125 125 125 87 18 49 125 93 9 41 125 125 108 47 125 125 125
125 125 69 125 90 125 125 77 90 3 102 3 125 102 6 48 125 125 125 125 17 125 125 88 125 34 74 125 121 125 125 125 7 22 123 123 125 55 125 125 125
125 125 122 125 125 125 5 65 89 125 125 26 125 125 57 125 125 119 125 100 125 61 22 72 88 35 125 18 59 112 76 125 125 81 125 13 58 36 96 125
125 125 125 1 63 125 125 36 115 125 125 104 125 125 125 125 125 14 125 80 125 125 125 125 125 45 125 125 68 125 18 3 125 125 125 125 88 125 125
106 125 125 125 13 125 15 125 125 125 123 125 7 125 125 71 113 125 125 98 125 125 125 106 125 48 125 104 125 125 125 105 14 125 120 112 38 125
35 120 125 125 125 12 125 125 125 11 125 74 125 83 123 125 125 125 5 125 93 27 125 42 125 49 51 22 72 86 2 125 125 32 113 125 125
82 8 125 87 125 125 30 32 92 125 124 125 8 125 47 52 12 125 125 98 57 125 125 125 31 125 44 8 125 125 125 125 125 16 125 125
107 125 125 125 125 125 125 34 18 125 125 125 16 125 68 125 125 125 75 63 125 104 64 119 125 125 125 86 56 124 123 125 72 116 125
74 106 125 74 125 125 125 93 124 103 64 91 125 100 125 40 8 53 125 125 125 47 125 125 125 125 52 125 125 125 125 125 125 125
125 125 51 125 125 108 109 82 125 76 125 125 125 94 125 57 59 75 66 125 125 51 82 125 96 118 125 23 69 89 40 125 125
56 111 61 125 125 81 32 125 115 55 105 14 125 125 109 7 61 125 125 33 125 125 123 125 125 96 77 125 65 41 125 125
64 88 51 103 125 87 119 108 125 70 125 125 93 125 60 125 125 46 125 89 125 125 125 26 125 125 125 123 69 74 125
73 125 125 125 66 125 1 80 125 125 98 125 125 125 125 125 109 125 13 125 125 49 125 125 39 21 125 53 11 125
125 125 125 125 125 125 32 25 125 125 125 110 21 125 90 4 107 125 125 16 125 94 113 104 35 90 74 79 125
22 84 125 10 15 20 20 125 58 24 43 125 59 125 125 77 125 125 125 125 125 125 125 125 125 125 125 125
74 74 125 125 125 125 72 125 45 125 20 125 125 125 125 18 125 45 89 44 87 123 125 73 125 125 125
61 125 6 125 39 125 125 125 125 125 125 125 125 9 12 125 49 125 75 125 62 125 125 125 125 125
73 104 125 80 125 98 70 125 68 33 125 97 125 65 125 125 125 80 102 125 83 125 125 125 125
125 125 24 125 125 119 125 125 125 125 125 125 125 125 125 125 48 101 125 125 125 125 125 125
125 125 58 83 125 125 92 125 61 106 125 125 125 4 125 11 69 86 125 47 114 124 125
125 125 125 125 39 125 125 60 125 85 84 125 125 125 6 125 125 125 125 125 125 125
125 125 125 125 125 125 36 125 125 125 125 85 125 24 125 125 125 125 15 125 125
125 82 125 125 125 125 125 125 40 125 125 125 125 86 7 4 60 125 125 125
125 125 125 125 87 125 73 125 125 125 125 125 125 125 103 122 125 106 125
125 125 125 125 125 72 125 111 125 125 125 68 36 125 96 63 125 125
125 9 125 125 125 125 125 125 125 125 125 125 125 125 123 125 125
102 125 125 125 1 123 125 125 5 98 73 117 125 79 125 125
125 125 125 6 125 14 125 125 125 53 125 25 46 125 125
125 125 125 80 5 125 125 125 125 125 125 125 125 125
125 16 18 98 99 125 125 125 125 125 73 0 125
125 124 47 125 125 60 73 125 125 125 24 125
125 125 125 125 125 125 125 125 125 80 125
50 125 125 100 125 125 125 125 125 125
125 125 125 125 125 125 125 125 125
125 69 125 125 125 125 125 125
125 125 125 125 125 107 125
125 125 125 125 0 125
125 65 125 125 125
102 125 125 125
125 26 125
125 125
125
