50 25
7 9 24 25 9 25 25 25 11 7 18 18 10 25 18 4 18 5 16 25 19 25 25 25 18 13 20 12 13 21 21 25 25 18 15 18 25 25 25 20 24 20 25 25 18 25 17 25 23 
25 5 25 14 3 25 3 25 25 23 25 25 11 7 25 10 22 0 25 25 25 9 6 25 17 25 25 7 9 17 25 11 11 8 25 25 3 25 2 11 10 9 13 12 22 25 25 25 
25 6 9 2 12 21 25 16 5 19 2 25 15 1 24 19 13 10 22 20 25 25 10 21 2 25 0 7 13 25 7 19 25 25 24 25 13 25 4 25 25 25 25 14 10 25 25 
2 9 17 14 7 3 8 16 20 5 25 8 3 25 24 5 25 25 15 25 25 25 20 15 12 19 25 25 25 13 17 0 12 13 13 10 25 19 25 25 25 10 7 10 25 25 
25 6 25 25 22 5 18 25 25 7 25 3 25 10 12 0 25 3 16 25 9 25 11 25 25 24 25 25 0 12 25 3 25 25 25 2 23 23 6 25 12 22 25 12 25 
25 6 22 25 25 15 25 25 5 25 25 25 10 5 25 16 25 25 25 25 16 25 25 18 25 9 25 18 25 25 25 17 17 25 25 1 25 5 19 12 17 10 25 25 
25 18 11 14 1 25 1 25 23 7 25 25 25 24 13 25 25 10 25 6 25 25 22 16 13 9 6 8 6 25 25 19 18 25 21 25 25 25 25 25 3 15 25 
25 19 8 15 13 2 25 25 2 25 25 4 23 0 0 14 25 5 7 16 25 25 22 25 12 18 11 13 25 1 25 25 25 10 18 25 8 25 8 25 25 25 
2 18 25 5 25 2 25 1 25 25 25 25 11 22 25 25 23 25 25 25 25 1 7 25 25 18 17 25 18 25 9 25 25 1 10 6 25 25 12 25 25 
25 25 25 25 4 25 25 25 25 19 25 16 17 2 15 17 25 2 6 19 25 6 12 2 2 2 25 25 25 15 25 1 2 8 0 25 23 25 23 18 
21 2 25 8 8 13 25 25 25 25 8 25 9 24 23 25 11 25 3 25 5 20 25 25 25 8 6 15 25 25 8 25 25 25 25 5 0 3 25 
25 24 25 25 25 25 25 25 17 25 25 25 12 10 25 25 25 25 25 25 18 25 25 1 19 0 25 25 25 17 25 16 20 8 19 11 25 5 
25 25 1 20 24 25 25 18 25 25 7 6 13 25 19 25 25 8 25 2 16 21 25 20 25 19 25 25 25 25 25 15 20 1 2 25 1 
25 0 25 10 20 21 14 7 10 11 25 25 25 25 1 25 25 0 25 6 25 5 6 25 25 8 25 21 3 4 9 25 25 6 15 23 
25 25 25 8 25 9 25 6 25 10 25 7 19 25 25 22 25 15 16 25 24 20 3 25 25 13 25 25 12 25 5 25 25 8 15 
25 25 0 25 25 7 25 25 25 25 13 3 25 25 25 25 25 5 25 25 13 25 25 25 5 25 16 14 6 18 25 3 16 18 
25 4 5 3 11 22 25 25 2 25 24 0 25 25 25 15 25 15 25 25 25 25 13 24 25 24 1 25 25 3 7 25 18 
25 25 0 25 5 11 7 25 5 25 3 25 22 20 22 19 13 6 10 25 17 25 25 9 1 2 25 25 25 25 25 7 
25 20 10 25 25 25 25 25 25 11 20 25 25 25 13 25 8 25 15 25 25 25 25 17 7 5 25 25 11 10 4 
2 25 22 23 25 14 16 20 3 25 25 17 25 25 25 25 8 25 25 13 25 24 14 25 12 25 0 25 25 21 
25 25 11 21 17 25 2 25 25 13 25 2 25 25 4 21 25 13 7 24 25 1 25 25 25 5 25 25 25 
25 25 25 25 25 25 18 7 25 25 15 2 7 16 7 17 25 25 25 22 22 19 15 12 25 25 6 25 
12 25 25 17 19 18 25 25 25 25 2 25 17 25 25 25 25 25 2 25 11 25 25 25 22 25 25 
25 3 25 25 25 17 25 19 12 25 25 25 25 25 25 2 25 25 14 25 25 25 25 20 25 25 
25 24 14 25 18 17 25 13 25 0 2 25 9 25 0 19 22 25 25 25 4 25 8 25 25 
25 25 25 25 23 25 25 25 7 15 25 11 22 25 1 25 25 25 7 25 17 15 24 25 
10 25 25 18 18 9 15 18 25 25 7 25 8 1 4 25 12 8 13 13 9 5 25 
25 25 1 9 21 25 25 25 24 25 25 24 25 25 15 25 25 25 25 25 25 24 
25 25 3 25 11 25 25 7 17 7 25 17 25 25 17 25 16 25 1 25 11 
19 25 25 25 25 25 9 25 25 0 12 25 25 14 25 25 25 25 19 20 
15 23 25 9 25 25 25 25 25 11 8 3 5 21 14 11 20 25 24 
25 17 5 16 9 3 25 25 25 25 25 25 25 12 25 18 18 25 
25 25 25 25 25 10 25 5 21 25 25 23 24 25 25 25 25 
24 25 16 23 25 25 2 9 25 25 25 24 25 6 25 25 
12 25 12 15 25 1 15 25 8 25 1 15 25 25 25 
25 25 25 17 25 22 2 25 25 25 15 25 12 19 
20 9 25 3 25 10 25 1 1 2 25 23 25 
24 25 25 25 7 25 3 13 21 25 22 25 
25 25 25 25 18 4 2 11 14 17 0 
25 25 18 25 25 7 24 25 19 25 
25 25 21 16 3 25 25 11 25 
25 25 15 25 21 25 25 25 
10 25 25 25 6 12 25 
9 25 25 19 25 25 
3 20 25 25 5 
5 25 25 25 
7 25 25 
25 8 
25 

