50 25
22 19 10 25 25 25 22 25 25 7 21 16 12 25 25 19 16 4 25 6 15 7 25 25 23 6 21 8 5 14 25 25 24 25 21 21 25 24 25 25 16 17 25 25 25 4 12 5 15 
25 4 22 25 8 18 25 10 25 13 19 13 0 10 19 25 25 24 14 25 5 16 10 25 20 20 25 4 25 5 25 25 2 4 12 14 18 25 25 25 12 7 1 13 4 2 2 25 
25 19 5 25 6 25 23 7 25 25 0 8 25 25 24 25 15 25 17 21 25 15 25 25 25 25 25 25 25 16 22 21 25 25 3 25 25 22 25 25 25 10 10 4 25 23 8 
22 25 25 25 25 24 25 14 11 5 25 25 11 25 3 13 20 25 25 15 0 3 25 21 6 17 21 25 9 11 21 21 25 16 25 22 11 25 10 25 19 10 11 4 13 16 
11 24 1 22 7 13 25 17 4 25 8 22 25 17 25 21 25 25 11 15 25 11 23 25 25 14 25 25 25 25 0 25 25 7 25 5 25 25 8 13 6 22 23 19 25 
25 14 19 24 25 25 15 9 6 18 0 16 19 25 6 9 13 25 11 25 4 25 25 15 6 4 6 25 5 25 9 11 25 23 6 25 3 0 25 11 20 25 20 20 
25 25 22 14 25 25 25 25 20 13 16 20 25 13 25 25 17 25 25 14 9 25 3 25 25 22 25 1 0 25 4 10 25 4 25 25 13 25 5 1 25 25 25 
2 19 10 23 25 25 25 7 19 13 1 25 22 18 25 21 25 25 25 25 8 23 25 24 25 25 25 25 6 25 9 25 25 12 24 9 8 14 20 21 19 25 
24 25 5 14 25 25 25 25 25 0 25 8 25 16 25 9 13 25 19 4 25 11 4 25 25 25 21 25 5 17 17 25 24 9 19 25 6 25 16 25 25 
25 24 25 4 13 15 13 25 25 25 2 6 22 20 0 25 25 21 25 13 25 24 20 25 25 25 17 0 15 18 25 25 25 8 5 25 25 25 25 15 
24 8 7 25 25 2 25 2 2 25 10 5 9 5 25 25 22 25 25 23 2 5 10 25 11 25 25 25 11 8 2 25 14 25 4 25 25 20 25 
25 25 25 25 25 25 24 9 2 25 3 18 25 25 14 9 25 25 25 25 25 25 25 23 25 1 13 9 25 25 25 25 25 25 21 25 10 25 
15 15 3 25 10 25 12 1 9 1 1 11 25 7 25 9 25 24 25 1 25 25 23 0 25 25 25 25 25 25 21 12 0 25 16 20 19 
7 23 21 20 21 25 18 25 25 25 25 25 11 23 0 7 0 24 25 0 12 16 14 6 25 25 25 3 5 25 25 15 13 1 7 25 
25 10 4 25 10 1 0 20 21 5 5 11 15 2 25 8 25 25 10 5 8 16 22 17 20 17 23 1 25 23 7 21 5 25 25 
25 19 25 11 3 10 25 6 20 24 6 21 9 25 25 25 20 4 25 3 25 21 14 5 14 19 2 1 25 0 25 25 11 1 
25 11 25 25 4 7 20 25 25 25 11 5 25 25 14 17 13 6 12 25 25 8 17 10 23 3 23 22 15 25 0 25 6 
7 25 25 25 25 3 25 9 8 7 22 25 25 25 25 25 20 25 25 22 21 25 25 11 25 10 25 25 25 3 14 1 
1 25 25 5 24 8 25 25 25 3 25 14 3 10 25 7 25 5 25 16 25 16 13 3 25 25 25 14 25 24 1 
1 25 1 25 5 10 0 25 8 13 25 1 10 25 12 25 16 25 13 25 25 2 25 25 8 10 25 4 14 25 
1 11 25 25 18 12 25 11 9 25 3 11 19 25 1 11 0 25 25 25 11 7 13 5 16 5 23 25 11 
1 25 0 21 0 25 0 8 25 25 25 14 25 25 7 22 25 10 20 18 24 25 24 25 25 20 1 5 
25 2 25 19 25 25 10 6 15 24 25 0 14 20 25 25 15 25 21 25 24 25 25 25 25 25 25 
21 10 25 24 2 25 25 10 22 6 25 25 25 25 25 16 25 25 14 6 12 25 25 25 23 25 
25 21 25 25 25 25 25 21 25 25 25 11 25 8 25 25 12 25 25 25 16 25 23 25 2 
25 25 25 25 25 15 25 14 25 25 25 25 10 25 25 21 25 25 25 15 25 6 25 25 
25 25 25 25 7 24 25 25 10 25 9 25 20 25 25 25 25 25 10 25 25 14 25 
25 17 8 25 19 25 25 22 25 25 1 5 1 2 25 25 21 25 25 25 25 25 
25 25 3 25 16 25 25 12 25 5 3 25 23 25 25 25 2 25 6 25 25 
25 25 15 25 25 25 13 25 25 25 25 25 22 21 25 25 25 25 4 25 
25 25 25 25 25 25 25 25 25 12 25 25 25 25 19 25 25 8 25 
5 25 25 25 25 22 8 25 25 11 10 19 25 25 14 25 11 25 
6 25 25 25 25 3 15 4 9 25 25 17 25 25 25 25 25 
25 25 25 13 10 25 25 25 3 25 12 18 25 16 7 0 
25 25 25 2 25 25 25 25 25 25 9 17 25 25 25 
16 5 25 25 25 25 25 25 10 25 21 12 25 3 
25 25 11 25 25 9 25 25 25 25 7 25 25 
25 25 25 25 25 7 25 25 25 25 25 3 
25 15 25 25 25 25 6 25 25 25 25 
25 23 25 16 25 25 25 25 17 25 
19 25 25 19 16 23 25 25 25 
25 16 25 25 25 25 25 25 
25 25 25 25 16 25 25 
25 25 25 18 19 25 
25 25 24 25 25 
25 25 25 25 
25 25 25 
25 25 
25 

