50 25
22 18 24 10 25 4 18 4 22 3 17 0 19 2 3 6 25 20 2 7 0 15 6 25 4 25 8 19 25 3 17 15 9 25 25 23 17 21 25 18 12 20 17 6 13 18 20 4 15 
18 24 2 24 9 25 6 21 22 9 7 21 19 19 1 3 23 16 3 10 25 19 21 25 13 10 25 25 8 20 9 25 20 8 15 19 2 1 8 8 5 21 25 8 20 6 7 7 
0 12 17 10 2 8 16 6 24 20 15 17 17 21 19 21 12 16 9 0 10 11 7 13 14 3 25 25 14 16 12 5 22 25 22 4 19 1 8 3 9 12 25 1 20 25 18 
14 16 21 22 24 9 25 25 7 25 21 23 12 8 20 19 6 25 10 6 13 10 11 8 24 12 25 2 2 22 25 0 3 11 16 15 6 9 9 12 10 20 15 2 19 14 
25 25 11 25 25 19 3 3 12 21 12 17 18 2 21 19 16 3 24 15 17 15 15 15 23 25 10 22 16 22 19 2 11 4 24 13 0 12 5 1 25 9 2 2 3 
25 1 4 24 9 5 25 17 11 10 1 3 17 25 22 10 8 2 11 4 14 5 24 8 11 18 5 12 19 14 11 1 25 25 13 1 16 3 25 17 25 18 16 11 
25 0 23 5 14 20 15 25 21 3 25 25 3 2 23 4 12 21 10 12 14 16 3 25 15 0 18 25 19 5 10 25 6 11 2 5 25 25 19 25 9 9 3 
6 18 24 17 13 20 2 9 8 4 1 19 13 13 3 2 25 22 14 11 13 0 0 4 14 9 5 13 7 3 22 1 9 25 20 20 18 20 25 3 24 3 
6 14 12 25 0 1 4 25 6 15 3 7 11 20 8 15 18 16 25 10 11 25 25 19 24 6 22 8 21 9 17 20 11 25 25 16 1 11 23 19 25 
8 25 15 25 5 2 20 7 4 14 19 16 4 25 8 25 12 4 17 8 16 18 2 21 2 15 0 7 1 25 25 25 6 25 20 5 7 16 13 25 
23 15 9 24 12 25 17 16 3 7 17 9 8 24 16 14 4 6 9 12 4 9 6 13 17 2 19 6 4 13 14 4 5 2 12 24 18 20 10 
7 21 9 24 2 25 7 8 11 24 11 4 4 3 22 12 4 1 6 16 12 23 1 16 25 22 25 7 5 16 20 25 2 22 2 5 6 12 
6 4 3 3 13 11 4 25 6 25 12 12 11 20 25 24 0 13 2 8 13 20 25 10 5 14 11 25 25 12 16 13 15 14 12 13 23 
7 8 17 10 3 3 23 22 6 11 2 23 10 19 5 14 25 7 13 25 4 3 24 5 20 13 5 13 21 22 21 2 4 2 24 16 
15 25 16 25 2 13 13 0 19 9 19 1 21 22 23 1 23 21 10 2 25 2 11 10 3 19 1 23 10 1 23 4 9 25 20 
25 11 6 22 3 7 0 7 9 17 25 12 7 11 25 25 0 13 20 4 2 11 25 2 25 10 2 16 25 0 7 0 11 6 
25 19 12 25 19 25 9 21 25 25 6 8 21 23 10 16 20 24 3 20 8 19 21 22 1 1 17 25 25 25 25 25 25 
25 25 25 25 25 3 25 25 25 25 25 25 25 25 25 25 25 25 25 25 25 25 25 25 25 25 25 25 7 25 25 25 
25 25 25 25 25 25 25 25 25 25 25 25 25 25 25 25 25 25 25 25 25 25 25 23 25 25 25 25 25 25 25 
25 25 25 25 25 25 25 4 25 25 25 25 25 25 25 25 25 25 25 25 25 25 25 25 25 25 25 25 25 25 
25 25 25 25 25 25 25 25 25 25 10 25 25 25 25 25 25 25 25 25 25 15 25 25 25 25 25 25 25 
25 25 25 25 25 25 25 25 25 25 25 25 25 25 25 25 25 25 25 25 25 25 25 25 25 25 25 25 
25 25 25 25 25 25 25 25 25 25 25 25 11 25 25 25 25 25 25 25 25 25 25 25 25 25 25 
25 12 25 25 25 25 25 25 25 25 25 25 25 25 25 25 25 25 25 25 25 25 25 25 25 25 
25 23 25 25 25 25 25 25 25 25 25 25 25 25 25 25 7 25 25 25 25 25 25 25 25 
25 25 25 25 25 25 25 25 25 25 25 25 25 25 25 25 25 25 25 25 25 25 25 25 
25 25 25 25 25 25 25 25 25 25 25 25 25 25 25 25 25 25 25 25 25 25 25 
25 25 25 25 25 25 22 25 25 25 25 25 25 25 25 25 25 25 25 25 25 25 
25 25 10 25 25 25 25 25 25 25 25 12 25 25 25 25 25 25 25 25 25 
25 25 25 25 25 25 3 25 25 25 25 25 25 25 25 25 25 25 25 25 
25 25 25 25 25 25 25 25 25 25 25 25 25 25 25 25 25 25 25 
25 25 25 25 25 25 25 25 25 25 25 25 25 25 25 25 25 25 
25 25 25 25 25 25 25 25 25 25 25 25 25 25 25 25 25 
4 25 25 25 25 25 25 25 25 25 25 25 1 25 25 25 
25 25 25 25 25 25 25 25 25 25 25 25 25 24 25 
25 25 25 25 25 25 25 25 25 25 25 25 25 25 
25 25 25 25 25 25 25 25 25 25 25 25 25 
25 25 25 25 25 25 25 25 25 25 25 25 
25 7 25 25 25 25 25 25 25 25 25 
25 25 25 7 25 25 25 25 25 25 
25 25 25 25 25 25 25 25 25 
25 25 25 25 25 25 25 25 
25 25 25 25 25 25 25 
25 25 25 25 25 25 
25 25 25 25 25 
25 25 25 25 
25 25 25 
25 25 
25 

