50 25
10 18 14 24 25 21 10 25 1 4 25 22 23 25 25 25 25 11 7 14 4 13 25 13 25 9 3 20 25 25 19 21 25 21 25 25 25 25 13 25 25 25 25 21 5 3 18 4 12 
15 25 10 24 9 24 13 21 25 3 12 15 25 3 25 9 25 25 25 7 12 17 8 25 19 25 25 4 25 25 9 25 19 0 1 13 0 6 25 4 25 14 18 25 19 4 18 25 
16 25 0 22 25 25 7 25 25 17 14 25 0 25 15 12 25 13 5 25 5 6 14 1 15 15 25 6 11 25 2 19 18 25 14 10 6 15 2 25 25 22 21 25 20 25 25 
0 22 25 25 19 19 3 25 24 7 25 13 6 3 25 25 25 25 25 6 25 8 16 25 25 25 15 14 0 25 22 25 7 25 25 16 17 2 25 19 25 19 25 25 20 25 
25 14 25 25 12 10 24 25 0 20 22 25 7 6 25 5 9 20 5 25 15 25 23 8 11 11 25 25 25 19 25 3 10 25 20 5 0 14 25 14 23 24 16 25 25 
15 18 12 13 25 3 5 25 25 3 8 7 9 25 2 25 25 15 23 6 25 15 25 25 19 25 25 24 25 5 25 18 10 25 17 21 3 7 25 25 10 25 18 8 
21 25 9 25 25 16 1 0 19 25 0 5 20 25 25 2 10 19 9 17 4 23 8 25 25 3 25 14 25 22 11 25 1 25 25 20 22 25 25 11 20 12 21 
0 25 13 20 20 5 25 25 7 25 16 22 25 25 25 25 25 25 25 9 25 25 0 10 25 19 25 23 25 25 25 25 3 24 25 20 25 17 11 25 20 0 
9 11 23 25 25 25 25 25 25 25 22 25 2 6 25 25 25 6 25 25 16 25 25 25 25 25 25 25 20 8 25 6 25 25 25 25 6 13 6 25 25 
25 9 25 25 2 6 25 25 25 25 25 20 25 2 21 21 11 25 25 25 25 5 10 1 25 25 25 25 25 25 14 0 25 25 25 3 25 25 25 14 
3 25 25 2 25 25 9 25 21 25 17 25 24 25 25 25 4 8 25 25 15 10 25 2 5 12 25 25 25 25 25 6 25 25 25 15 25 25 25 
25 1 11 25 6 25 9 25 25 17 25 25 24 25 25 25 9 5 25 4 2 25 16 13 25 17 3 9 17 25 10 17 25 25 0 25 23 25 
25 25 25 25 25 11 16 17 25 8 17 25 16 0 25 13 9 25 25 1 2 25 25 4 15 25 25 20 25 20 25 2 25 17 6 25 25 
25 25 2 20 15 25 25 14 5 25 25 24 19 25 25 8 25 12 25 25 3 25 20 25 18 25 6 25 1 25 8 14 13 25 25 25 
25 25 21 14 15 25 25 25 22 25 4 16 18 25 14 25 0 25 2 11 16 21 25 25 12 21 13 25 25 19 25 25 25 25 25 
25 25 25 25 25 0 8 1 25 24 13 25 21 25 25 18 25 25 25 9 16 7 12 25 11 25 5 25 25 25 5 13 25 16 
25 25 6 11 12 25 2 25 13 11 25 25 17 25 18 17 24 6 19 12 25 0 25 9 25 25 24 6 25 25 25 16 25 
25 25 3 25 9 6 25 25 8 25 25 25 4 3 25 25 20 25 25 18 24 0 25 25 11 14 23 15 4 23 25 4 
25 23 25 25 9 25 4 25 21 13 25 25 25 25 25 25 25 3 22 25 0 25 25 21 3 12 25 25 19 18 25 
0 25 25 25 25 25 25 18 7 23 18 9 11 25 25 11 25 25 7 3 25 19 14 4 21 25 25 19 25 25 
25 23 5 14 25 0 25 1 25 25 25 25 24 10 25 25 25 6 12 25 25 25 25 17 25 19 1 3 25 
15 12 25 25 25 18 2 15 25 25 11 13 19 25 25 2 25 25 25 21 9 25 25 18 8 25 3 25 
9 25 24 25 17 15 5 7 25 13 25 25 25 19 24 13 25 25 25 25 25 17 1 10 19 25 25 
20 25 22 25 25 12 13 25 10 25 6 5 25 25 25 3 25 25 8 10 19 11 0 7 25 3 
25 4 25 11 2 25 0 6 20 7 25 25 25 25 25 25 23 25 25 6 22 19 25 25 25 
25 25 25 25 25 13 14 13 20 25 17 25 25 17 25 17 25 24 25 25 25 13 17 25 
25 25 25 25 25 25 0 25 11 25 6 25 25 22 25 25 25 25 8 23 25 25 25 
3 7 25 15 19 25 2 25 25 25 25 25 24 25 23 24 10 17 1 1 25 24 
3 25 25 25 17 0 25 24 25 25 18 25 25 2 24 3 1 20 25 25 17 
17 25 6 1 25 20 25 20 25 25 25 25 25 25 25 25 2 25 6 25 
25 25 5 25 25 25 18 25 25 25 25 9 25 15 25 7 25 25 25 
4 25 3 25 25 25 7 25 25 25 25 25 25 12 21 25 25 7 
25 25 25 1 25 25 25 14 25 25 16 16 25 24 25 7 25 
1 25 21 16 9 9 25 25 6 25 25 25 25 6 25 0 
15 2 18 25 4 25 1 25 3 9 25 10 22 25 13 
25 25 11 9 25 15 14 25 10 20 2 0 25 3 
25 1 25 3 25 25 25 12 18 0 20 18 25 
5 25 25 25 25 13 25 19 25 25 25 25 
25 7 25 18 11 25 25 2 25 4 3 
25 9 25 23 25 25 16 9 25 18 
18 7 25 25 25 9 3 25 25 
23 24 0 0 25 25 19 25 
25 4 25 25 6 11 25 
25 4 25 25 23 7 
3 25 14 25 22 
25 25 20 25 
25 25 25 
25 25 
7 

