50 25
3 25 25 18 20 7 25 18 10 25 25 25 25 25 3 25 14 10 4 13 25 21 12 25 25 10 22 25 25 6 25 17 14 25 25 20 25 25 25 3 18 25 25 25 25 25 13 25 25 
25 12 25 25 25 25 25 25 25 25 25 25 0 15 25 25 4 13 25 17 5 4 16 25 4 25 24 25 25 25 25 2 16 25 25 25 25 25 25 16 15 19 25 25 25 4 3 1 
3 11 25 25 25 25 25 23 4 25 23 25 22 25 9 25 25 23 25 9 3 18 1 4 6 21 25 0 11 25 25 2 17 25 9 11 1 21 9 9 13 18 12 8 25 25 25 
2 25 25 11 25 13 25 25 10 7 10 10 25 25 25 25 16 23 21 25 25 9 25 22 24 25 25 14 7 22 25 25 11 5 4 25 8 25 0 25 14 13 3 21 25 10 
25 7 22 25 25 25 25 25 25 7 1 20 15 20 22 25 25 25 19 24 25 25 25 2 25 7 16 25 4 25 25 20 24 25 25 25 16 25 1 0 4 0 6 25 25 
25 25 25 12 0 25 25 18 20 18 25 25 14 5 25 25 25 20 16 0 25 11 20 25 23 23 17 25 25 8 25 25 25 25 10 7 13 25 6 9 25 25 23 1 
20 9 2 25 19 10 25 4 23 25 2 23 2 25 13 0 18 24 22 25 18 25 9 25 17 19 10 20 25 25 25 19 25 25 25 25 24 24 25 25 24 25 15 
6 25 25 20 20 10 25 25 25 25 2 17 1 1 23 25 18 11 25 25 22 4 13 25 25 1 9 25 6 15 25 25 25 17 0 0 25 25 13 25 25 8 
25 25 25 25 25 0 25 17 18 25 13 25 25 25 25 13 25 3 12 14 25 25 16 25 5 25 25 23 17 2 25 18 10 25 25 25 16 25 25 19 25 
7 25 25 25 25 10 25 25 25 25 8 23 14 25 9 0 25 4 23 25 25 25 25 25 18 5 15 12 25 25 11 25 25 10 4 25 12 25 23 21 
8 1 13 25 25 25 25 9 23 7 15 25 25 25 4 25 4 13 11 22 25 11 25 25 25 25 25 18 25 17 16 25 9 25 24 25 25 25 25 
19 25 25 24 0 18 22 25 12 25 21 4 3 5 9 25 2 3 19 25 25 25 9 25 25 25 25 3 19 17 25 25 25 25 25 13 4 1 
22 18 25 12 25 24 20 25 22 3 25 14 20 5 25 4 25 25 3 25 2 25 25 25 22 25 9 24 25 8 25 8 25 1 14 25 19 
25 25 25 25 25 25 12 25 25 9 24 1 25 16 12 21 1 25 21 2 7 25 25 25 5 1 25 22 25 10 8 25 10 25 10 6 
25 12 10 11 25 7 25 25 14 25 16 25 16 25 25 25 22 2 14 22 5 25 11 25 25 24 25 13 22 25 13 25 11 22 22 
1 20 24 25 25 25 25 3 25 25 10 5 25 9 15 25 25 25 17 19 25 19 16 17 25 21 23 3 25 18 4 25 10 25 
25 25 24 25 11 25 4 4 25 22 25 25 8 25 4 25 21 25 25 4 25 3 25 25 1 25 21 25 24 25 25 25 25 
25 3 14 4 22 7 25 15 25 25 25 25 25 25 12 25 25 25 1 6 25 14 15 1 25 25 13 21 20 16 0 25 
25 21 1 6 25 23 25 10 25 0 22 25 19 20 7 25 5 9 24 5 25 13 3 25 25 23 25 5 25 4 25 
25 25 25 25 25 4 25 25 3 24 20 25 0 24 18 25 25 10 25 25 25 18 22 5 23 25 25 14 8 25 
25 2 17 25 1 25 25 25 0 15 25 25 25 25 25 25 17 5 25 25 15 25 2 25 24 6 8 6 25 
25 4 25 25 25 25 20 25 25 13 1 4 20 25 25 25 11 25 25 21 25 10 25 22 9 25 25 25 
25 25 25 5 25 4 25 25 16 13 25 25 25 23 25 12 21 16 25 25 8 25 23 22 25 6 21 
25 25 25 25 25 11 25 25 25 25 11 25 25 25 2 9 10 13 25 25 25 25 15 6 25 9 
18 25 25 25 25 2 17 23 25 25 16 25 19 25 6 12 8 25 6 2 25 9 25 25 24 
12 16 25 15 25 1 25 12 25 12 25 23 20 7 8 25 17 23 25 25 17 25 25 25 
25 11 25 20 25 15 25 25 25 13 25 25 20 15 25 25 24 3 13 13 25 25 25 
25 5 16 8 25 10 17 25 25 5 13 0 4 25 3 0 0 7 9 25 25 25 
20 5 5 25 7 0 12 15 5 8 25 25 17 8 1 0 19 25 20 8 17 
18 25 25 14 25 21 25 25 17 3 25 25 15 8 14 25 25 13 20 22 
25 25 25 25 25 6 14 25 25 25 25 25 21 25 14 25 25 10 25 
21 25 17 5 11 25 8 17 17 16 25 20 25 25 19 25 8 17 
25 25 25 13 25 25 14 25 2 25 25 24 25 25 21 20 25 
1 14 25 25 25 25 21 23 12 21 12 25 16 25 22 10 
24 19 15 25 2 8 24 12 25 4 25 23 13 18 5 
25 2 23 25 4 8 25 20 3 24 8 14 25 24 
25 1 25 5 22 25 14 25 6 16 25 25 19 
18 25 25 25 25 25 25 25 25 25 25 25 
25 25 25 8 25 25 25 25 25 25 7 
25 25 25 7 25 25 25 25 25 25 
25 15 25 25 25 23 4 23 0 
25 25 25 10 5 25 5 25 
25 25 25 25 13 25 25 
25 25 25 25 25 25 
25 22 25 21 25 
25 6 24 25 
25 9 25 
25 2 
25 

