50 25
25 6 25 25 25 17 5 25 19 6 14 25 18 22 9 25 25 4 1 25 12 25 16 25 25 25 18 0 25 3 22 25 1 6 11 0 7 25 25 25 19 25 18 25 3 8 1 14 18 
25 25 7 25 25 15 25 19 0 2 17 25 19 25 25 25 25 25 8 18 2 22 15 25 10 14 25 23 9 25 11 25 20 2 22 3 25 12 25 6 21 4 1 16 25 5 13 2 
23 25 7 9 2 25 9 24 4 25 19 15 25 25 25 3 25 23 25 18 24 15 11 12 25 3 0 24 25 18 21 25 25 25 1 21 25 0 8 24 19 14 8 11 23 2 25 
18 25 25 25 25 18 10 4 7 10 16 25 11 14 25 25 21 25 25 5 25 25 20 25 25 11 24 10 14 1 20 25 10 11 25 25 17 15 3 6 25 23 25 19 24 12 
23 16 19 25 25 25 3 4 23 9 25 13 13 25 25 25 0 24 25 25 25 4 25 7 24 25 23 10 25 25 4 16 0 11 25 13 4 17 18 22 6 16 6 4 25 
7 8 20 25 25 25 25 13 25 25 2 7 10 25 12 25 25 9 6 24 12 15 25 1 24 10 14 0 12 25 19 1 25 4 25 25 25 1 25 8 25 0 17 25 
15 12 5 20 19 20 25 8 18 8 23 20 25 25 25 25 8 6 19 25 5 11 19 7 7 8 7 18 8 14 1 25 7 3 9 10 21 25 25 25 19 6 25 
18 25 25 1 18 19 20 7 25 13 9 25 21 16 17 10 25 25 23 7 25 2 7 19 16 9 16 21 10 2 12 14 25 14 12 12 25 25 6 15 21 14 
25 23 0 6 18 25 13 19 9 25 25 25 6 20 25 20 25 0 25 6 25 4 7 25 25 25 25 25 25 25 25 25 14 6 6 25 14 14 12 25 21 
25 1 13 18 25 11 12 25 4 7 8 10 13 8 10 11 25 16 12 3 25 25 25 8 25 4 21 7 4 23 19 25 23 15 25 7 19 14 25 25 
15 10 0 25 6 25 17 23 25 25 17 24 5 24 25 13 8 12 25 15 25 20 0 25 25 17 25 20 7 9 2 6 10 25 25 17 15 25 6 
25 6 10 25 25 11 9 11 3 21 9 25 23 21 5 25 25 5 25 25 1 25 22 25 0 25 21 25 25 25 1 16 25 11 25 6 25 17 
14 25 5 5 7 25 13 7 6 25 15 25 25 22 15 25 6 25 25 2 18 22 25 21 19 25 13 25 1 10 13 25 21 25 15 14 7 
25 22 25 24 3 7 24 11 2 12 25 25 8 23 24 22 25 21 5 2 18 23 18 12 24 19 25 25 25 23 25 6 9 25 24 7 
18 17 25 10 25 25 6 25 5 4 12 0 25 13 25 25 9 25 16 25 9 10 21 24 25 20 9 25 25 21 3 22 25 1 25 
9 24 6 25 4 25 25 18 25 25 9 25 25 25 2 6 8 25 25 25 7 23 4 2 12 2 23 10 18 3 25 25 10 15 
25 7 21 25 5 9 25 25 14 25 17 21 23 11 21 8 25 6 4 2 24 23 25 3 12 25 25 15 17 25 2 25 25 
25 24 25 25 8 11 16 25 9 7 18 18 25 25 18 18 25 4 25 18 10 13 10 25 3 10 19 16 13 25 25 20 
25 25 2 3 1 8 18 25 25 17 21 4 14 25 25 9 13 1 25 17 7 12 16 1 25 17 20 15 6 24 19 
25 13 5 25 17 22 25 3 16 25 23 25 9 24 19 25 14 12 25 25 25 25 11 25 2 25 12 4 22 23 
11 4 23 7 8 1 9 25 17 25 25 8 25 6 7 25 0 25 25 25 25 0 6 25 4 12 25 3 24 
5 25 16 1 18 0 5 25 14 18 21 14 25 25 8 25 23 25 8 20 17 11 25 11 15 25 9 0 
25 25 23 5 19 25 25 25 25 19 15 24 5 25 3 13 25 21 20 1 25 1 2 25 6 25 9 
21 25 25 1 21 25 25 9 6 10 16 25 6 17 25 25 24 3 0 22 15 13 24 13 8 14 
6 17 12 10 25 21 25 3 25 12 18 18 13 25 18 20 12 12 6 25 25 25 25 25 2 
25 25 25 25 25 25 25 25 25 25 25 25 25 25 25 25 25 25 25 25 25 25 25 25 
25 25 25 25 25 25 25 25 25 25 25 25 25 25 25 25 25 8 25 25 25 25 25 
25 25 25 25 25 25 25 25 25 25 25 25 25 25 25 25 25 9 25 25 25 25 
25 25 25 25 25 25 25 25 25 25 25 25 25 25 25 25 25 2 25 25 25 
2 25 15 25 25 25 25 25 25 25 25 22 25 25 25 25 8 25 25 25 
25 25 25 25 25 25 25 25 25 25 25 25 25 25 25 25 25 25 25 
25 25 25 25 25 25 25 25 25 25 25 25 25 25 25 25 25 8 
25 25 25 25 25 25 25 25 25 25 25 25 25 25 25 25 25 
25 11 25 25 25 25 25 25 25 25 25 25 25 25 25 25 
25 25 25 25 25 25 25 25 25 25 22 25 25 25 25 
25 25 25 25 25 25 25 25 25 25 25 25 25 25 
25 25 25 25 25 25 25 25 25 25 25 25 25 
25 12 25 25 23 25 25 25 25 25 25 25 
25 25 25 25 25 25 25 25 25 25 25 
25 25 25 12 25 25 25 25 25 25 
25 25 25 25 25 25 25 25 25 
25 25 25 25 25 25 25 25 
25 25 25 25 25 25 25 
25 25 25 25 25 25 
25 25 25 25 9 
25 25 25 25 
25 25 25 
25 25 
25 

