20 20
20 20 19 2 11 20 20 6 20 20 20 20 20 20 20 20 20 20 20 20
20 4 20 20 20 20 20 20 20 20 20 20 17 20 7 18 20 3 20
20 20 20 20 20 20 20 20 20 20 20 15 20 20 20 19 20 20
20 20 20 20 0 20 8 20 20 20 20 20 12 20 11 20 20
20 20 20 20 20 20 20 20 20 20 20 20 20 20 20 20
0 20 20 20 1 20 20 4 20 20 2 7 20 20 20
20 12 20 20 20 20 20 20 20 20 2 20 20 20
20 20 20 20 20 18 20 20 20 20 0 20 20
20 9 19 20 20 9 20 20 3 20 20 20
20 20 20 20 3 20 20 20 20 12 20
20 20 20 12 20 20 20 20 20 20
20 1 20 20 20 20 20 20 20
20 20 20 20 7 20 20 20
20 20 20 6 20 9 20
20 20 20 20 20 20
20 17 20 20 20
20 20 20 20
0 20 20
0 20
20
