20 20
20 20 9 11 20 12 20 9 20 4 10 20 20 20 20 20 20 14 20 20
9 8 20 12 20 20 20 3 8 20 20 18 20 20 5 1 20 12 20
20 15 20 18 0 20 20 20 16 20 20 20 20 20 20 20 14 20
20 15 3 20 20 7 17 3 20 20 20 20 20 20 20 20 20
20 20 20 20 20 20 20 20 20 20 20 20 20 20 20 20
20 20 20 20 20 20 20 20 20 20 11 20 20 20 20
20 20 20 20 20 20 17 20 20 20 20 20 20 20
20 20 20 20 20 20 20 20 20 20 20 20 20
20 20 20 20 20 20 20 12 20 20 20 20
20 20 20 14 20 20 20 20 20 20 20
20 10 20 20 20 20 20 20 20 20
20 12 20 10 20 17 20 20 20
20 20 20 20 20 1 20 20
20 20 20 20 20 20 20
2 20 20 20 20 20
20 20 15 20 20
20 20 20 20
20 20 20
1 20
20
