50 25
3 16 10 18 20 7 6 18 10 21 7 25 25 24 3 11 14 10 4 13 4 21 12 19 10 10 22 23 5 6 3 17 14 25 25 20 25 16 13 3 18 25 25 14 7 25 13 25 25 25
23 12 25 17 25 24 25 1 25 10 2 18 0 15 25 11 4 13 5 17 5 4 16 25 4 25 24 25 11 25 25 2 16 25 8 25 12 25 7 16 15 19 19 25 25 4 3 1 25
3 11 9 25 9 17 25 23 4 1 23 25 22 11 9 25 20 23 25 9 3 18 1 25 6 21 25 0 11 14 25 2 17 25 9 11 1 21 9 9 13 18 12 8 16 25 17 25
2 19 25 11 0 25 25 25 10 7 10 10 5 7 25 25 16 23 21 19 10 9 1 22 24 25 3 14 7 22 10 4 11 5 4 25 8 25 0 1 14 13 3 25 25 10 25
12 7 22 25 3 25 5 25 11 7 1 20 15 20 22 6 23 25 19 25 1 11 25 2 25 7 25 24 4 9 25 20 24 25 14 25 16 25 1 0 4 0 6 25 25 25
9 16 3 12 0 25 12 18 20 18 8 25 14 5 2 25 21 20 16 0 10 11 20 12 23 23 17 25 1 8 23 7 25 25 25 7 13 25 6 9 15 0 23 1 25
20 9 2 21 19 10 17 4 23 25 2 25 2 22 13 0 18 24 22 3 18 5 9 6 17 19 25 25 25 12 25 19 25 25 3 18 24 25 8 2 24 15 25 25
6 14 25 20 20 10 25 25 2 13 2 17 1 1 23 4 18 11 25 25 22 4 13 19 25 1 9 25 6 15 7 18 5 17 0 0 25 19 13 15 18 8 25
2 10 0 25 18 0 25 17 18 14 13 3 19 13 25 13 20 3 12 14 25 17 16 25 5 25 25 23 17 2 14 18 25 25 25 6 16 14 25 19 25 25
7 5 21 23 25 25 6 21 23 25 8 23 14 3 9 0 25 4 23 25 25 2 23 25 18 5 15 12 13 16 11 25 14 10 25 25 12 14 23 21 25
8 1 13 25 10 13 5 9 25 7 15 25 1 25 4 25 4 13 11 22 24 11 25 25 19 17 25 18 25 17 16 25 9 24 24 9 21 25 14 25
19 25 19 24 0 18 22 0 12 17 21 4 3 5 25 2 2 3 19 25 25 9 9 25 10 18 25 3 19 17 1 15 23 25 8 13 4 1 25
22 18 2 12 25 24 20 12 22 3 24 14 20 5 13 4 8 23 3 17 25 4 24 20 22 14 9 24 9 8 17 8 3 1 14 25 19 25
17 25 3 25 25 13 12 25 6 9 24 1 18 16 12 21 1 13 25 2 7 4 25 0 5 25 25 22 11 10 8 25 10 21 25 6 25
25 12 10 11 23 7 0 15 14 6 25 23 16 15 16 9 22 2 14 22 5 25 11 13 25 24 3 13 22 19 13 25 11 22 22 25
1 20 24 10 11 25 17 3 3 25 25 5 23 9 15 7 25 3 17 19 16 19 16 17 10 21 23 3 25 18 4 4 10 25 25
25 25 24 25 11 25 4 4 25 22 25 23 8 25 4 16 21 4 25 4 25 3 15 24 25 25 25 25 24 23 3 7 5 25
12 3 14 4 22 7 25 25 3 10 25 8 3 20 12 19 25 25 1 6 25 14 15 1 16 25 13 21 20 16 0 25 25
9 25 1 6 21 23 25 25 17 0 22 14 19 20 7 25 5 9 24 5 2 13 3 25 25 23 25 5 1 25 21 25
22 22 18 25 11 4 6 25 3 24 20 25 0 24 18 22 0 10 18 19 0 18 22 5 23 21 7 14 8 0 25
19 2 17 25 1 9 21 25 0 15 16 10 25 8 9 25 17 5 21 21 15 25 2 7 24 6 8 25 25 25
17 4 25 15 5 25 20 25 19 13 1 4 20 15 3 19 25 25 8 21 10 10 25 22 9 25 0 25 25
8 7 7 5 25 4 18 25 16 13 10 25 25 25 25 12 21 16 1 25 8 7 23 22 18 6 21 25
23 14 25 13 9 11 25 7 25 25 11 19 10 0 2 9 10 13 11 25 25 18 15 6 25 9 25
18 20 25 6 25 2 17 25 6 0 16 3 19 24 6 12 8 16 6 2 23 9 25 25 24 25
12 16 9 15 24 1 25 12 25 12 25 23 20 7 8 23 17 23 9 14 17 25 15 14 25
25 11 25 20 25 15 25 25 8 13 9 3 20 15 25 24 24 3 13 13 10 17 17 25
14 5 16 8 25 25 17 11 25 5 13 25 4 19 3 0 0 7 9 25 25 7 25
20 5 5 25 7 0 12 15 5 25 25 25 17 8 1 0 19 25 20 8 17 25
18 25 25 14 25 21 25 25 17 25 25 25 15 8 25 25 11 13 20 22 25
25 25 15 25 16 25 14 2 10 25 25 25 21 25 25 4 11 10 25 25
21 25 17 5 11 25 8 25 17 16 25 20 25 25 19 25 25 25 25
25 25 25 13 22 7 14 25 2 25 12 25 25 25 21 25 15 25
1 14 14 20 25 13 21 23 12 21 12 25 16 25 22 10 25
24 19 15 25 2 8 24 12 25 4 25 23 13 18 5 25
7 2 23 1 4 8 25 20 3 25 8 14 25 24 25
25 1 25 5 22 25 14 25 6 16 25 25 19 25
25 16 2 8 11 25 25 25 25 9 0 25 25
25 5 25 8 25 23 25 25 9 14 7 25
0 1 20 7 16 25 19 19 25 4 25
8 15 11 25 1 25 25 23 25 25
25 10 25 10 5 22 5 19 25
15 20 25 25 13 3 5 25
2 25 25 25 25 25 25
25 22 5 21 25 25
25 6 24 22 25
5 9 15 25
6 2 25
25 25
25
