50 12
10 8 11 5 12 2 8 2 10 1 8 0 9 0 1 3 12 10 1 3 0 7 3 12 2 12 3 9 12 1 8 7 4 12 12 11 8 10 12 9 6 9 8 3 6 8 9 2 7 12
8 11 0 11 12 12 3 12 11 12 3 10 9 9 12 1 11 7 1 5 12 12 10 12 6 4 12 12 4 10 4 12 9 3 7 9 1 12 4 3 2 10 12 3 10 3 3 12 12
0 12 8 12 12 4 8 2 11 10 7 8 8 12 9 10 6 8 4 0 5 12 3 6 7 1 12 12 6 7 12 12 10 12 10 2 9 0 12 1 4 5 12 0 9 12 8 12
7 7 12 12 11 4 12 12 3 12 10 11 12 4 12 12 2 12 5 2 6 5 12 12 11 12 12 12 12 10 12 0 1 5 8 7 12 4 4 5 4 12 7 12 9 7 12
12 12 5 12 12 9 12 12 5 10 5 8 8 12 12 12 7 1 11 7 12 12 12 7 11 12 5 11 7 12 12 1 5 12 11 6 0 5 2 12 12 4 12 1 12 12
12 12 2 11 4 12 12 8 12 5 12 1 8 12 12 5 3 12 5 12 6 12 12 3 5 9 2 12 9 6 5 0 12 12 12 0 7 1 12 8 12 8 7 5 12
12 0 11 2 7 9 7 12 10 12 12 12 1 12 12 2 6 10 12 5 6 12 12 12 7 0 12 12 9 2 4 12 2 5 1 2 12 12 9 12 4 4 1 12
2 12 11 12 6 12 1 4 4 12 0 9 6 6 12 1 12 10 7 5 12 0 12 12 7 4 2 12 3 1 10 0 4 12 9 9 8 9 12 12 12 12 12
12 6 6 12 0 0 2 12 2 7 1 3 12 9 4 12 12 7 12 12 5 12 12 9 11 3 10 4 12 4 8 9 12 12 12 8 0 5 11 9 12 12
12 12 7 12 2 1 9 3 2 6 9 7 2 12 4 12 5 12 8 3 7 12 1 10 1 12 0 3 0 12 12 12 3 12 9 2 12 7 12 12 12
12 7 4 11 6 12 12 8 12 3 8 4 12 11 7 6 2 3 4 6 2 12 3 6 8 1 12 3 12 6 6 12 2 1 12 11 12 9 5 12
12 10 4 11 12 12 3 3 5 11 12 2 2 1 10 5 2 0 3 12 12 12 0 7 12 12 12 3 2 7 9 12 1 10 12 2 2 6 12
3 12 1 1 6 5 2 12 12 12 12 6 12 9 12 11 0 6 1 4 12 10 12 12 12 6 5 12 12 5 7 6 7 6 5 6 11 12
3 4 12 5 1 1 11 10 12 5 1 11 5 9 12 7 12 3 6 12 2 1 11 2 9 6 12 6 10 12 10 1 1 1 11 12 12
7 12 7 12 1 6 12 0 9 4 9 0 10 10 11 0 11 10 4 12 12 12 5 5 12 9 0 12 12 0 11 2 4 12 10 12
12 12 3 10 1 3 0 3 12 8 12 6 12 5 12 12 12 6 12 2 12 12 12 1 12 5 1 12 12 12 3 0 5 3 12
12 9 6 12 9 12 4 10 12 12 12 4 10 11 5 7 9 11 12 9 3 9 10 10 0 0 8 12 12 12 12 12 12 12
12 12 12 12 12 12 12 12 12 12 12 12 12 12 12 12 12 12 12 12 12 12 12 12 12 12 12 12 12 12 12 12 12
12 12 12 12 12 12 12 12 12 12 12 12 12 12 12 12 12 12 12 12 12 12 12 11 12 12 12 12 12 12 12 12
12 12 12 12 12 12 12 2 12 12 12 12 12 12 12 12 12 12 12 12 12 12 12 12 12 12 12 12 12 12 12
12 12 12 12 12 12 12 12 12 12 4 12 12 12 12 12 12 12 12 12 12 7 12 12 12 12 12 12 12 12
12 12 12 12 12 12 12 12 12 12 12 12 12 12 12 12 12 12 12 12 12 12 12 12 12 12 12 12 12
12 12 12 12 12 12 12 12 12 12 12 12 5 12 12 12 12 12 12 12 12 12 12 12 12 12 12 12
12 6 12 12 12 12 12 12 12 12 12 12 12 12 12 12 12 12 12 12 12 12 12 12 12 12 12
12 11 12 12 12 12 12 12 12 12 12 12 12 12 12 12 3 12 12 12 12 12 12 12 12 12
12 12 12 12 12 12 12 12 12 12 12 12 12 12 12 12 12 12 12 12 12 12 12 12 12
12 12 12 12 12 12 12 12 12 12 12 12 12 12 12 12 12 12 12 12 12 12 12 12
12 12 12 12 12 12 12 12 12 12 12 12 12 12 12 12 12 12 12 12 12 12 12
12 12 5 12 12 12 12 12 12 12 12 6 12 12 12 12 12 12 12 12 12 12
12 12 12 12 12 12 1 12 12 12 12 12 12 12 12 12 12 12 12 12 12
12 12 12 12 12 12 12 12 12 12 12 12 12 12 12 12 12 12 12 12
12 12 12 12 12 12 12 12 12 12 12 12 12 12 12 12 12 12 12
12 12 12 12 12 12 12 12 12 12 12 12 12 12 12 12 12 12
2 12 12 12 12 12 12 12 12 12 12 12 0 12 12 12 12
12 12 12 12 12 12 12 12 12 12 12 12 12 11 12 12
12 12 12 12 12 12 12 12 12 12 12 12 12 12 12
12 12 12 12 12 12 12 12 12 12 12 12 12 12
12 12 12 12 12 12 12 12 12 12 12 12 12
12 3 12 12 12 12 12 12 12 12 12 12
12 12 12 3 12 12 12 12 12 12 12
12 12 12 12 12 12 12 12 12 12
12 12 12 12 12 12 12 12 12
12 12 12 12 12 12 12 12
12 12 12 12 12 12 12
12 12 12 12 12 12
12 12 12 12 12
12 12 12 12
12 12 12
12 12
12
