50 12
10 7 8 12 12 1 12 3 12 12 9 12 0 9 12 3 11 4 12 5 6 11 5 1 12 11 12 8 6 12 12 6 12 12 3 12 12 5 11 0 12 12 12 12 1 6 10 12 12 12
12 0 0 12 12 12 2 8 12 4 12 5 12 10 12 3 12 11 1 9 8 12 12 12 12 12 12 10 12 0 12 12 12 12 4 12 12 12 2 12 6 12 12 12 12 8 12 5 12
9 5 10 12 1 12 12 11 12 12 0 12 12 12 3 3 12 12 12 12 6 12 12 12 12 12 12 12 4 9 12 12 7 6 12 1 12 8 6 4 5 12 7 12 12 12 8 12
12 12 8 11 12 12 12 12 4 12 12 12 12 12 11 12 0 12 12 12 12 7 4 12 0 12 12 6 1 8 12 11 4 12 5 10 0 3 3 11 12 2 12 12 12 12 12
12 12 9 12 12 12 12 12 6 0 12 8 12 12 12 12 6 12 9 3 12 5 2 12 12 12 1 2 3 2 7 12 12 0 6 6 12 7 8 7 12 12 7 1 12 12
12 11 0 12 12 5 3 10 12 12 0 12 12 12 12 12 12 12 12 9 12 12 1 11 12 12 12 12 10 8 6 2 12 12 12 3 12 12 4 12 12 12 12 10 12
5 12 8 2 12 1 8 12 6 12 7 6 12 10 1 12 12 0 12 1 1 12 3 12 12 11 12 12 12 12 2 12 12 12 11 5 12 12 12 8 12 7 9 12
12 6 4 12 12 12 8 12 12 7 10 8 12 3 12 10 12 12 9 2 12 12 5 5 0 12 12 12 5 1 12 12 9 12 0 12 12 3 2 9 12 12 12
2 4 12 12 3 6 1 5 10 11 1 9 12 7 7 12 8 12 12 12 0 8 12 5 12 12 12 8 7 9 2 12 12 12 4 12 7 12 12 12 12 12
10 3 12 12 2 3 10 11 5 12 12 12 12 2 10 7 4 12 12 12 8 8 1 4 12 0 10 0 3 12 4 3 11 12 8 7 3 6 9 7 12
6 12 12 12 8 12 4 12 9 12 11 12 12 12 6 5 6 2 12 12 12 0 12 12 12 7 5 10 12 12 12 12 6 5 5 12 12 12 12 12
12 12 12 6 1 12 12 2 12 12 10 12 5 0 0 12 12 7 9 11 12 9 12 12 12 12 4 12 7 4 0 12 12 12 12 12 1 2 12
12 11 7 4 1 12 12 5 6 3 12 12 12 2 12 10 4 6 12 12 7 11 12 2 12 12 0 12 12 12 1 12 12 12 1 12 12 12
12 12 12 12 8 12 6 8 12 0 12 12 4 8 12 12 12 12 1 7 3 9 12 8 12 12 12 10 12 10 4 12 12 10 11 12 12
12 12 12 12 12 8 2 12 7 8 3 5 12 6 12 12 12 11 11 12 11 12 12 12 12 12 12 12 12 12 12 12 5 12 1 12
7 1 0 12 12 12 12 12 12 12 12 12 12 12 11 0 12 2 4 5 12 12 12 9 12 12 12 12 12 12 11 12 5 12 12
12 6 7 12 2 12 12 12 12 9 12 11 2 12 12 12 12 12 12 12 12 12 12 0 7 10 12 2 12 12 12 12 12 12
12 12 12 12 12 12 10 8 7 12 12 12 0 12 1 12 1 12 12 3 12 7 12 12 12 9 12 12 0 4 9 5 12
12 9 7 12 12 2 12 12 12 12 12 12 12 12 7 12 8 3 12 12 3 12 8 12 12 12 8 12 10 5 12 12
12 3 4 12 12 10 12 12 2 2 12 0 12 8 9 11 12 12 4 12 8 6 12 12 12 4 12 12 6 12 12
7 12 2 5 12 6 12 12 7 11 1 12 12 12 11 12 10 12 12 3 12 12 7 12 9 12 12 12 3 12
12 12 12 12 7 3 12 12 12 12 12 12 7 7 12 4 12 12 12 4 5 6 0 12 10 12 12 12 12
12 12 12 12 12 12 12 12 3 12 12 4 12 12 12 12 0 12 12 5 12 12 12 1 12 0 6 12
12 12 3 12 6 3 12 12 0 12 8 12 7 12 11 12 12 5 9 1 12 10 11 5 12 12 12
12 2 12 12 12 11 1 0 12 12 12 12 4 6 12 12 12 12 9 12 12 10 10 12 12 12
12 12 12 12 9 2 10 10 3 12 12 12 5 12 12 12 12 12 12 12 12 10 12 12 12
7 12 12 12 12 12 1 12 11 11 12 12 1 12 10 12 12 8 12 12 12 12 5 12
0 12 12 12 8 12 12 12 12 4 12 12 12 12 12 12 3 12 12 12 0 3 12
11 12 12 5 10 12 12 0 12 2 12 12 12 12 7 12 1 6 4 12 12 12
12 8 12 12 12 12 12 6 12 10 12 12 12 12 11 1 7 9 12 12 12
11 12 10 12 3 12 0 12 2 4 3 12 8 12 12 12 3 12 12 12
6 6 10 4 12 12 4 4 12 12 12 12 12 12 5 0 3 6 12
9 12 12 12 12 12 12 12 5 6 3 10 9 12 4 12 12 12
12 12 5 12 7 12 12 12 12 12 3 12 0 12 8 9 12
12 12 12 12 12 0 6 1 12 12 12 12 12 8 2 12
12 9 12 12 10 12 12 3 12 12 12 5 12 12 12
12 12 8 12 12 12 12 12 12 12 12 12 1 12
8 12 12 12 12 3 12 2 12 11 9 9 12
12 12 9 8 12 1 1 6 4 12 12 12
12 12 12 12 12 12 12 6 12 0 12
12 12 1 12 9 0 12 12 12 12
5 12 12 12 12 11 2 12 12
12 12 12 12 12 11 12 12
0 12 0 12 10 12 12
12 1 12 12 12 12
6 12 12 12 12
12 12 12 12
12 3 12
12 12
12
