50 12
1 12 12 8 9 3 12 8 5 12 12 12 12 12 1 12 7 5 2 6 12 10 6 12 12 4 10 12 12 2 12 8 7 12 12 9 12 12 12 1 8 12 12 12 12 12 6 12 12 12
12 5 12 12 12 12 12 12 12 12 12 12 0 12 12 12 2 6 12 8 2 2 8 12 12 12 11 12 12 12 12 1 7 12 12 12 12 12 12 7 12 9 12 12 12 1 1 0 12
1 5 12 12 12 12 12 11 2 12 11 12 10 12 4 12 12 12 12 4 1 8 0 2 3 10 12 0 5 12 12 1 12 12 4 12 0 10 12 12 6 8 5 3 12 12 12 12
1 12 12 5 12 6 12 12 5 3 5 5 12 12 12 12 7 11 10 12 12 4 12 12 11 12 12 6 3 10 12 12 5 2 2 12 3 12 0 12 6 6 1 10 12 5 12
12 3 12 12 12 12 12 12 12 3 0 9 7 9 10 12 12 12 12 11 12 12 12 1 12 3 7 12 2 12 12 9 12 12 12 12 7 12 12 0 12 12 3 12 12 12
12 12 12 5 0 12 12 8 9 8 12 12 7 2 12 12 12 9 7 0 12 5 10 12 11 11 8 12 12 12 12 12 12 12 4 3 6 12 3 4 12 12 11 0 12
9 4 1 12 9 4 12 1 12 12 12 11 1 12 6 0 9 12 10 12 12 12 4 12 8 9 4 12 12 12 12 9 12 12 12 12 11 12 12 12 11 12 7 12
3 12 12 12 12 12 12 12 12 12 1 12 0 0 11 12 9 12 12 12 10 2 6 12 12 12 4 12 12 7 12 12 12 8 0 0 12 12 12 12 12 4 12
12 12 12 12 12 0 12 8 8 12 6 12 12 12 12 6 12 1 6 7 12 12 7 12 2 12 12 11 8 1 12 12 4 12 12 12 7 12 12 9 12 12
3 12 12 12 12 4 12 12 12 12 4 12 7 12 4 0 12 12 11 12 12 12 12 12 8 2 7 5 12 12 5 12 12 12 2 12 12 12 11 10 12
4 0 6 12 12 12 12 4 11 3 7 12 12 12 2 12 2 12 5 10 12 5 12 12 12 12 12 8 12 8 7 12 4 12 11 12 12 12 12 12
12 12 12 11 0 12 10 12 6 12 10 12 1 12 4 12 12 12 9 12 12 12 4 12 12 12 12 1 9 8 12 12 12 12 12 12 12 0 12
12 8 12 5 12 11 12 12 10 1 12 7 9 2 12 2 12 12 12 12 0 12 12 12 10 12 4 11 12 12 12 12 12 0 6 12 9 12
12 12 12 12 12 12 6 12 12 4 12 0 12 7 5 10 12 12 12 1 3 12 12 12 2 12 12 12 12 5 4 12 12 12 4 2 12
12 6 4 5 12 3 12 12 6 12 12 12 8 12 12 12 10 1 7 10 2 12 12 12 12 11 12 12 12 12 6 12 5 12 10 12
0 12 11 12 12 12 12 1 12 12 4 2 12 4 7 12 12 12 8 12 12 9 12 8 12 12 11 1 12 8 12 12 4 12 12
12 12 12 12 5 12 2 2 12 10 12 12 3 12 1 12 10 12 12 12 12 1 12 12 0 12 12 12 11 12 12 12 12 12
12 1 7 2 10 3 12 7 12 12 12 12 12 12 5 12 12 12 0 3 12 7 7 0 12 12 6 10 9 7 0 12 12
12 10 0 3 12 11 12 5 12 12 12 12 9 12 3 12 12 4 11 12 12 6 1 12 12 12 12 2 12 2 12 12
12 12 12 12 12 1 12 12 1 11 10 12 0 11 9 12 12 5 12 12 12 8 10 2 12 12 12 6 4 12 12
12 1 8 12 0 12 12 12 0 7 12 12 12 12 12 12 8 2 12 12 12 12 1 12 11 12 4 12 12 12
12 2 12 12 12 12 9 12 12 6 0 2 9 12 12 12 5 12 12 10 12 12 12 10 4 12 12 12 12
12 12 12 12 12 2 12 12 8 12 12 12 12 11 12 6 10 12 12 12 4 12 11 10 12 3 10 12
12 12 12 12 12 5 12 12 12 12 5 12 12 12 1 12 5 6 12 12 12 12 7 3 12 12 12
8 12 12 12 12 1 8 12 12 12 8 12 9 12 3 6 3 12 3 12 12 12 12 12 12 12
12 7 12 12 12 0 12 5 12 6 12 11 12 3 4 12 8 12 12 12 8 12 12 12 12
12 5 12 9 12 7 12 12 12 6 12 12 9 7 12 12 11 1 6 6 12 12 12 12
12 2 12 4 12 5 8 12 12 2 6 0 12 12 1 12 12 3 12 12 12 12 12
12 2 2 12 3 0 6 7 2 3 12 12 8 4 12 12 9 12 9 4 8 12
8 12 12 7 12 10 12 12 8 1 12 12 12 12 7 12 12 6 9 10 12
12 12 12 12 12 3 7 12 12 12 12 12 10 12 6 12 12 5 12 12
12 12 12 2 5 12 4 12 12 12 12 9 12 12 9 12 4 8 12
12 12 12 6 12 12 6 12 1 12 12 11 12 12 10 12 12 12
0 6 12 12 12 12 10 12 12 10 5 12 7 12 10 12 12
12 9 12 12 1 4 11 12 12 2 12 11 6 9 12 12
12 1 11 12 2 3 12 9 1 11 4 6 12 11 12
12 0 12 2 10 12 7 12 2 8 12 12 9 12
8 12 12 12 12 12 12 12 12 12 12 12 12
12 12 12 12 12 12 12 12 12 12 3 12
12 12 12 12 12 12 12 12 12 12 12
12 7 12 12 12 11 2 11 0 12
12 12 12 5 2 12 12 12 12
12 12 12 12 6 12 12 12
12 12 12 12 12 12 12
12 11 12 10 12 12
12 3 11 12 12
12 4 12 12
12 1 12
12 12
12
