200 50
25 15 28 12 32 22 46 31 6 31 44 31 44 24 11 33 20 4 39 12 18 0 50 50 50 34 8 48 50 44 46 13 22 19 17 14 38 11 5 49 26 39 11 31 42 28 20 27 50 20 22 35 48 50 10 21 35 41 40 2 8 50 20 15 24 45 44 10 16 19 50 50 44 3 19 39 15 24 34 15 15 45 50 9 14 50 43 11 48 34 11 29 49 3 15 50 50 31 44 29 5 27 44 17 25 50 50 18 39 21 50 19 50 9 15 45 9 9 31 24 42 6 33 46 2 38 33 50 39 8 2 34 50 2 31 31 50 39 8 10 50 19 0 29 50 50 50 12 46 44 8 27 23 23 16 50 46 16 1 3 11 41 42 26 50 50 24 9 29 50 24 24 40 43 50 50 39 50 41 19 21 29 24 34 41 50 20 10 23 23 19 33 46 21 37 19 13 41 31 50
50 7 50 46 50 50 50 50 30 4 50 50 50 50 45 9 12 37 50 5 50 40 50 23 50 41 50 42 23 50 20 37 50 50 50 25 14 46 2 32 50 50 42 50 50 2 29 1 50 50 10 50 50 50 50 30 27 43 50 50 0 50 0 49 30 50 50 50 50 19 49 50 38 50 50 50 21 50 10 6 50 13 50 50 35 11 7 50 50 11 50 49 28 11 44 41 7 50 50 50 16 50 47 50 50 1 37 50 50 43 19 50 18 50 50 28 49 30 42 50 5 50 42 50 2 34 50 50 23 35 50 50 37 42 50 50 50 37 50 5 36 50 3 50 50 50 25 9 50 50 27 17 50 50 50 50 24 24 40 18 17 29 13 50 50 50 40 33 31 12 36 50 13 7 22 50 29 50 17 50 29 26 50 8 38 27 39 50 40 50 50 50 35 50 30 50 6 50 50
20 50 28 50 27 39 50 50 33 50 22 48 23 0 50 24 50 2 24 24 34 50 50 50 50 10 38 47 35 50 50 9 35 7 50 50 20 33 15 44 29 50 50 50 50 27 50 19 50 25 21 50 10 50 28 50 9 48 40 50 35 50 28 50 50 35 15 12 50 4 34 50 50 37 50 25 50 50 41 50 22 20 44 50 50 50 50 50 43 27 50 50 50 50 20 50 10 37 50 50 14 3 47 50 45 47 23 35 50 20 50 50 13 50 50 15 26 45 50 10 30 50 10 3 50 50 30 11 50 45 6 50 24 36 27 10 26 50 50 50 50 34 32 16 50 50 45 50 10 50 9 29 28 3 50 50 50 15 10 18 17 4 30 46 24 18 6 8 50 31 50 42 49 28 10 50 50 50 50 50 34 50 26 50 50 22 26 10 50 50 50 50 21 16 50 48 1 50
49 50 50 44 50 4 50 7 8 50 25 7 26 50 50 12 50 50 29 11 50 50 10 50 50 44 19 42 50 2 50 35 2 50 50 47 50 50 50 17 27 50 50 50 18 50 26 7 13 50 0 50 50 12 10 50 18 18 50 50 50 50 50 50 33 50 42 50 18 50 16 50 28 18 23 9 50 50 36 25 50 50 50 50 50 9 23 0 28 50 26 31 40 40 50 50 10 50 36 7 50 50 50 50 50 50 48 50 34 50 50 49 38 31 40 41 50 50 22 50 50 37 18 50 50 50 50 2 41 50 10 46 50 50 50 7 50 50 18 32 21 50 35 26 5 15 29 50 1 14 24 40 40 50 11 50 50 50 50 32 50 10 5 13 47 50 8 50 12 50 50 2 2 15 50 50 40 17 50 39 28 50 50 4 25 43 50 30 5 50 34 45 50 45 50 44 50
50 13 50 50 50 50 50 50 50 35 47 50 23 48 50 5 50 3 50 50 34 50 1 50 21 49 0 46 33 36 19 50 48 50 50 8 0 50 50 50 50 0 16 50 50 50 50 49 50 49 48 11 43 50 4 29 50 50 50 43 50 4 40 50 24 50 50 8 50 29 42 50 9 21 50 50 50 50 4 50 50 42 39 50 48 13 34 17 41 50 50 30 50 50 50 27 50 30 37 50 50 50 44 38 50 50 50 50 50 23 50 50 50 20 50 18 24 50 50 50 28 22 50 48 42 50 15 50 50 16 50 49 28 27 45 50 50 5 11 32 50 50 30 50 48 50 7 50 50 50 36 50 50 34 22 21 21 50 50 26 49 1 50 50 50 40 4 50 50 2 50 50 48 26 19 50 50 25 41 32 10 50 50 14 34 36 35 50 50 50 50 50 50 6 50 50
50 11 7 21 16 32 50 14 50 5 11 16 22 50 50 32 50 23 50 43 47 50 50 18 50 13 50 41 50 24 50 50 19 5 50 21 29 50 50 50 37 50 15 50 50 39 50 50 33 2 50 35 50 10 5 13 8 6 50 50 19 8 22 42 50 22 50 17 50 50 50 50 29 33 50 12 50 50 50 50 50 32 46 44 50 50 46 50 11 50 35 33 9 20 16 50 48 50 50 5 50 14 35 33 50 50 50 1 21 50 49 50 5 26 2 50 50 10 13 50 50 2 50 50 50 50 50 22 2 50 50 50 50 20 19 38 50 6 50 15 50 50 50 50 50 50 45 50 50 50 27 50 4 31 31 50 50 50 50 16 8 50 50 50 30 50 16 3 8 50 50 15 23 50 40 36 33 50 28 25 50 0 24 49 50 28 50 28 32 39 50 50 2 50 50
50 50 49 6 50 50 42 50 50 50 27 50 18 50 50 11 21 50 5 50 10 36 24 43 22 50 24 50 38 50 21 34 6 29 50 4 8 47 23 4 42 50 50 50 50 50 16 50 50 22 50 50 31 2 40 50 20 50 50 50 33 50 50 9 50 50 20 9 48 11 17 24 44 50 15 8 3 50 50 50 50 50 22 12 50 36 43 50 50 17 50 43 50 50 50 24 48 16 8 12 8 50 11 50 17 50 20 27 45 50 22 1 5 50 50 50 5 6 17 50 37 50 20 13 44 26 50 1 30 50 50 41 50 50 15 47 7 0 32 0 50 17 30 16 50 50 34 31 50 47 22 27 50 50 30 50 35 11 46 50 50 15 39 50 50 36 50 50 50 50 50 34 17 50 50 45 50 50 36 15 50 17 50 23 43 45 25 50 50 50 49 50 35 50
39 5 7 37 25 44 50 50 18 5 18 50 50 29 36 25 50 36 50 21 50 18 36 50 50 30 50 50 3 15 16 45 50 50 50 50 50 50 50 50 20 28 18 50 22 4 50 41 28 50 50 50 20 17 8 50 46 50 22 2 50 50 26 18 50 0 5 50 50 50 49 36 16 2 50 36 13 50 50 12 50 13 50 50 50 50 50 50 50 50 50 50 50 41 9 25 35 50 50 29 40 50 50 47 50 50 50 50 50 49 49 50 50 50 14 50 50 50 50 6 50 50 50 50 34 18 26 50 35 39 50 50 3 1 50 21 3 37 41 50 48 17 5 35 50 50 5 50 50 0 10 50 50 31 16 50 50 50 41 20 18 43 44 33 36 2 32 22 50 12 24 50 31 12 38 21 50 50 50 50 50 50 35 18 50 3 50 15 12 50 44 35 50
50 3 49 50 15 50 50 13 10 50 50 4 20 3 9 23 50 50 50 50 50 50 50 50 50 50 28 50 9 1 50 50 31 50 17 4 50 50 6 33 5 31 50 33 45 50 50 32 50 50 18 50 50 50 50 22 13 50 2 21 50 42 29 50 50 50 50 13 50 22 24 50 50 7 40 50 31 50 50 15 50 50 50 32 41 34 30 50 27 17 39 0 24 50 11 50 31 50 44 46 15 50 3 50 50 9 40 8 50 15 12 25 41 36 26 43 50 50 38 43 50 0 32 45 0 43 47 50 50 50 50 50 50 50 50 50 21 50 25 50 50 50 33 39 6 50 6 7 50 50 35 22 13 50 0 50 50 50 50 50 50 50 11 9 50 28 33 50 50 17 16 49 50 6 28 50 50 37 48 50 34 50 0 4 50 14 50 0 36 50 50 50
45 35 50 40 41 21 50 50 42 12 50 6 20 40 50 50 31 31 15 43 50 50 47 46 50 35 50 50 50 50 50 2 6 50 17 50 50 50 34 50 26 35 50 25 7 0 50 5 18 50 50 33 10 9 50 50 44 50 14 50 41 37 50 44 20 50 20 50 8 0 50 3 30 21 50 1 33 50 25 40 35 35 24 35 30 32 50 40 50 50 50 15 25 50 50 50 39 50 50 17 41 5 50 50 50 50 50 48 50 50 17 50 27 50 50 23 4 50 37 43 25 50 50 24 32 50 29 43 40 11 50 24 37 50 21 0 12 5 16 50 50 17 0 50 19 35 50 10 36 50 35 12 0 28 50 6 50 50 50 50 50 50 27 0 6 22 26 4 35 50 50 21 9 50 25 50 43 3 43 15 50 17 35 40 50 27 20 50 16 3 50
13 50 50 50 25 35 35 49 50 16 28 13 50 50 8 34 15 45 14 30 29 6 29 50 50 50 31 50 31 13 24 32 50 24 50 50 20 50 19 50 14 50 22 50 25 43 50 50 30 47 31 50 50 6 50 4 50 50 50 44 50 41 50 50 26 50 30 18 50 4 13 11 18 27 50 50 41 11 50 50 50 49 50 40 50 50 29 46 50 18 18 20 50 5 14 50 28 49 18 50 27 50 49 20 50 2 31 50 40 22 32 50 42 50 39 50 12 25 50 33 1 10 29 50 50 50 50 36 50 50 50 32 20 13 16 9 11 39 50 44 21 50 50 7 29 12 17 0 50 38 50 50 31 50 30 50 24 37 50 30 50 44 19 48 50 35 50 50 50 50 29 29 4 50 49 50 50 50 23 50 50 50 22 50 49 50 23 2 50 50
34 10 50 50 14 50 50 11 50 50 40 35 11 6 50 50 50 50 23 50 37 25 43 50 2 50 50 19 50 50 14 50 30 44 34 3 21 28 13 10 44 50 12 50 32 50 5 50 50 45 26 50 50 17 18 42 22 50 50 11 50 50 11 4 50 24 44 50 37 37 50 50 50 50 50 50 29 32 50 19 50 50 50 30 4 50 50 50 23 50 50 39 27 50 17 50 20 43 47 50 50 37 29 1 50 8 23 50 7 25 50 50 50 50 50 50 50 2 46 49 26 44 50 50 17 50 27 50 26 31 50 17 50 13 50 50 13 9 22 2 45 50 23 50 10 0 7 50 46 50 50 50 36 25 22 48 50 50 20 7 50 38 43 50 18 20 50 50 15 50 50 50 50 6 50 50 44 43 50 50 8 50 36 39 36 50 12 11 50
50 49 1 50 50 50 50 50 50 50 50 50 8 50 10 29 50 50 50 8 33 19 27 41 50 0 50 16 32 50 50 2 21 50 50 24 50 50 29 50 50 50 50 30 50 50 50 50 50 12 26 18 50 9 50 50 3 47 50 50 39 50 4 50 43 50 21 50 33 31 47 22 50 50 38 9 32 48 50 5 50 8 50 50 44 50 18 50 12 17 50 42 32 50 50 18 50 20 50 22 43 50 11 18 5 5 37 50 49 50 50 50 14 21 12 24 50 46 50 50 32 39 50 50 19 50 8 50 12 49 50 50 50 49 11 18 45 50 32 10 50 0 40 42 7 31 36 50 28 47 18 18 17 50 31 50 19 50 45 50 35 50 29 50 31 13 50 50 9 46 1 50 50 31 36 50 50 16 37 50 14 50 18 50 50 49 50 50
50 50 39 50 50 9 50 5 11 50 50 50 14 5 50 50 50 28 10 2 18 50 50 32 1 50 20 36 50 50 50 8 50 26 34 0 50 29 50 50 5 3 36 44 41 50 14 50 50 50 44 50 35 50 50 50 50 48 24 14 4 42 6 50 50 5 38 18 21 50 34 50 32 49 49 50 30 50 50 50 33 36 7 50 50 50 50 5 50 25 50 50 50 44 26 16 50 40 50 45 29 50 35 44 50 50 12 37 6 5 50 49 50 50 41 50 23 50 37 42 50 50 50 44 48 34 4 50 35 49 50 43 20 50 50 50 45 50 50 41 7 50 50 50 7 17 2 50 50 50 27 50 8 47 50 49 34 41 42 50 16 41 50 50 6 50 18 6 9 50 16 9 38 22 50 50 50 31 50 18 50 50 50 10 4 27 50
50 50 50 50 50 42 20 50 5 50 50 14 50 50 28 50 50 50 46 4 50 50 50 7 50 50 48 26 32 47 50 31 16 50 33 40 50 5 50 50 50 48 50 15 29 50 50 22 21 50 21 37 48 20 50 17 43 50 44 50 43 6 13 50 4 17 0 11 50 50 29 50 50 50 50 14 50 50 50 50 27 50 50 50 50 50 17 50 10 50 50 50 50 33 50 33 8 50 50 13 50 50 50 5 44 29 50 2 50 18 36 50 17 50 50 9 50 1 24 46 50 31 50 10 50 50 17 39 50 25 50 30 50 19 2 50 50 33 21 48 50 24 46 50 13 50 50 24 18 46 3 50 17 27 50 38 50 50 50 19 34 45 30 50 50 4 24 50 32 24 31 23 50 50 4 46 50 50 50 1 13 50 50 50 38 50
50 50 37 50 44 50 50 34 50 50 50 50 50 50 13 50 50 50 50 50 50 12 38 50 50 19 39 50 50 50 46 27 50 50 9 50 50 44 50 7 50 4 30 24 17 7 50 50 19 50 50 50 50 6 50 15 14 50 11 19 14 50 50 8 50 15 50 50 9 50 22 50 45 50 29 16 7 33 50 50 49 9 50 9 50 40 50 26 50 21 12 50 50 50 50 50 50 19 5 35 50 48 50 0 5 50 32 39 50 47 34 34 18 32 50 9 29 7 50 8 19 50 7 50 50 39 48 50 30 50 50 50 43 50 50 7 50 10 50 1 50 50 5 2 50 50 15 50 39 39 43 50 6 50 9 20 28 36 10 47 21 50 30 12 14 42 31 11 48 50 45 3 50 50 50 2 50 11 50 50 8 50 50 50 50
50 50 50 12 50 50 33 50 26 39 4 50 50 50 48 13 24 34 50 50 50 9 50 41 50 37 22 50 50 21 5 22 50 47 50 31 37 30 50 50 50 50 50 50 50 24 50 46 50 50 9 50 48 2 50 50 50 42 8 26 1 50 47 50 12 50 5 40 8 26 0 40 43 50 50 50 2 44 50 50 3 50 50 36 47 50 33 38 50 46 50 50 4 33 50 17 38 50 34 50 50 50 26 50 26 9 3 50 50 50 49 27 50 32 6 50 50 50 50 26 50 50 50 50 50 50 50 45 7 10 50 50 26 23 50 50 20 2 33 0 50 50 6 50 50 50 48 26 39 21 9 50 44 50 25 50 22 16 50 50 50 50 50 50 50 50 22 29 50 24 20 23 50 50 28 50 50 43 50 47 12 38 50 50
50 2 12 1 50 13 21 50 50 10 50 50 45 38 16 10 20 50 46 7 42 29 50 50 50 42 44 50 50 50 49 50 50 13 17 50 50 42 50 50 50 42 3 50 50 50 43 50 47 23 27 50 12 5 50 50 50 50 44 47 20 50 50 39 50 50 50 40 38 50 43 8 18 41 12 13 50 25 25 11 10 25 50 50 50 25 34 20 6 30 50 50 50 16 21 27 50 32 16 41 50 50 23 50 49 33 50 44 50 50 50 50 50 37 37 50 6 50 50 37 50 21 26 50 50 50 24 0 32 50 49 50 8 50 50 50 50 46 50 20 50 41 43 50 40 50 14 36 50 50 30 23 29 4 50 16 31 10 48 21 30 50 50 22 28 38 50 27 13 50 19 30 50 10 50 34 50 50 21 38 50 50 50
43 34 50 27 50 50 25 33 37 36 50 41 50 48 12 6 50 22 50 50 20 50 3 50 13 50 29 50 50 30 7 50 50 25 50 50 3 6 50 8 8 1 50 23 4 42 50 50 50 4 50 42 32 40 17 50 38 2 19 11 50 40 0 43 50 50 50 43 33 31 36 50 49 45 5 50 9 48 50 50 10 50 50 40 6 50 6 50 50 47 37 50 50 50 50 42 40 27 48 50 50 46 18 50 13 46 50 50 50 43 50 50 3 50 50 42 50 26 16 36 30 50 28 35 30 21 50 50 50 50 39 50 50 8 50 42 50 50 50 50 50 14 50 5 50 50 43 50 50 27 43 40 50 8 50 50 44 50 15 48 45 50 50 50 50 9 50 50 45 50 36 50 42 50 31 8 50 50 50 50 50 50
20 50 38 47 50 10 50 50 50 49 50 32 50 50 50 35 41 48 50 4 31 50 13 32 11 47 50 31 50 50 46 12 50 7 17 6 50 22 49 23 29 50 50 10 50 3 50 50 50 23 23 50 50 50 49 50 45 50 4 50 17 50 45 0 50 50 50 7 19 50 21 50 50 26 50 50 0 50 25 50 50 33 50 12 20 50 50 50 50 50 50 50 50 28 37 23 34 27 32 50 7 27 6 50 50 50 50 7 50 24 37 18 50 11 50 50 50 8 50 25 50 50 50 25 50 1 50 2 50 50 45 41 49 50 16 37 50 50 48 42 50 50 50 18 41 16 6 50 15 0 44 50 50 50 32 5 16 30 41 0 45 50 50 50 43 50 50 40 48 50 50 23 27 50 50 50 50 50 5 50 50
50 50 50 14 30 31 19 50 45 50 50 10 41 50 36 50 50 50 50 50 50 27 30 50 50 50 50 47 50 41 12 50 39 50 45 25 50 50 50 26 23 31 50 46 24 16 21 50 50 50 26 30 50 35 24 42 50 10 50 31 8 50 50 20 31 50 50 50 50 50 2 50 14 50 17 50 50 9 44 50 11 50 42 3 50 43 37 3 50 44 0 50 50 50 22 1 50 10 50 13 50 49 50 4 50 41 50 43 44 5 0 7 18 50 50 6 40 50 2 50 50 23 50 6 50 50 12 50 50 50 46 11 33 50 50 50 4 18 12 5 50 50 50 38 50 50 50 49 39 42 50 20 50 32 15 50 14 29 50 50 43 26 12 50 50 34 12 50 34 22 6 50 50 47 50 12 17 50 50 50
26 6 2 2 50 50 50 50 50 48 50 30 50 21 50 0 50 6 32 50 50 32 50 0 3 50 50 50 32 50 50 3 2 50 50 7 46 26 41 18 50 50 50 50 7 27 50 50 35 45 50 50 14 33 19 25 20 6 16 14 50 31 50 22 50 50 25 13 50 11 50 30 50 50 45 50 50 50 8 50 17 50 50 3 20 50 50 10 50 28 19 39 13 40 50 50 50 28 50 16 43 13 43 40 50 50 50 12 50 50 37 45 24 41 50 50 50 50 50 17 27 34 50 50 15 4 50 36 17 50 50 6 50 50 50 1 44 50 50 37 21 25 50 37 50 50 50 45 38 19 49 50 50 50 8 50 50 50 50 37 29 23 50 50 27 50 50 50 42 50 50 50 1 47 50 13 50 42 50
16 50 50 24 13 12 50 50 50 1 50 30 1 50 7 11 50 50 50 50 6 50 50 45 26 50 23 30 50 48 41 50 0 50 50 50 50 50 22 50 36 2 50 50 50 50 8 12 0 20 40 50 50 10 0 50 39 50 50 50 34 50 4 50 50 36 31 50 47 50 15 45 50 44 50 50 19 50 36 50 2 12 25 50 50 50 50 12 20 50 50 44 50 50 15 46 16 0 50 50 42 50 17 50 50 50 50 50 50 50 50 43 50 20 38 49 50 39 37 50 45 0 50 40 46 28 1 45 50 50 50 39 10 50 12 50 25 14 32 50 45 50 50 50 50 50 21 50 50 50 42 1 50 50 5 11 50 19 22 18 23 39 50 50 50 9 50 48 25 50 7 50 7 50 33 27 47 50
24 0 36 48 50 50 46 50 50 30 1 50 50 10 50 50 10 50 44 50 4 48 50 30 50 19 20 50 47 50 8 50 50 50 50 50 38 39 41 50 34 50 50 50 16 50 4 50 50 2 50 19 7 15 50 34 37 34 47 50 50 50 26 50 29 50 50 40 46 33 46 50 19 50 50 50 50 50 3 50 12 26 50 21 50 50 43 50 50 34 50 50 50 50 50 1 50 50 50 50 50 48 38 50 2 50 21 50 50 36 50 19 50 50 50 50 47 6 36 22 50 50 50 21 50 46 45 50 50 50 50 50 50 15 50 19 50 49 50 27 18 8 38 50 50 50 5 50 26 2 21 31 50 50 50 50 50 21 42 50 15 50 38 42 50 50 50 50 38 50 50 19 17 50 18 50 50
24 50 50 50 50 50 36 46 50 43 50 16 50 50 50 50 18 50 4 50 50 50 45 3 50 4 50 50 1 21 33 19 22 21 48 43 7 50 48 23 12 13 1 21 50 5 41 1 14 50 50 38 50 31 50 46 50 18 50 50 50 0 44 9 43 1 45 22 15 50 50 50 50 50 50 50 21 50 9 50 14 28 50 25 13 21 24 28 23 50 50 3 50 7 21 50 22 21 14 50 50 14 50 47 50 50 50 22 50 15 50 50 50 50 8 26 50 36 21 50 3 23 13 8 50 50 36 50 36 18 4 50 2 27 29 50 10 22 6 50 50 50 50 50 50 50 42 50 49 6 42 32 50 50 1 38 33 50 50 37 30 6 50 2 21 20 50 50 10 50 33 50 36 50 50 50
16 50 40 50 20 50 50 50 43 42 50 50 38 50 44 50 7 11 32 50 11 38 50 32 50 50 1 42 11 50 50 50 41 50 2 3 50 17 50 47 30 50 26 50 50 8 35 50 50 37 49 50 13 34 50 42 50 0 50 35 50 34 50 50 50 27 50 8 11 50 50 50 31 50 38 50 7 24 49 2 31 50 50 50 47 38 34 45 14 50 50 9 43 50 9 50 50 18 50 6 38 22 49 50 50 50 4 50 50 50 50 38 47 42 28 50 50 38 33 29 34 50 50 34 50 10 9 40 50 26 48 50 50 31 50 50 50 12 50 50 16 21 50 50 50 50 19 50 41 50 50 50 41 50 50 19 50 1 50 30 50 32 7 46 50 41 50 17 50 32 41 9 50 18 50
37 42 12 50 50 23 50 50 50 0 50 14 47 45 40 50 50 40 41 50 50 50 50 8 50 50 50 50 50 1 50 39 50 21 41 50 12 29 50 14 50 26 12 50 49 50 50 50 8 11 50 50 50 50 2 50 42 23 50 50 50 44 49 31 50 35 50 50 50 17 46 50 41 30 50 50 4 9 41 50 50 18 50 28 5 50 48 50 20 50 50 50 27 50 50 26 50 17 16 50 50 45 50 50 50 50 50 50 36 16 50 50 50 50 50 50 50 50 50 50 50 50 50 50 50 50 6 50 50 50 50 50 50 18 50 50 50 32 50 50 35 50 7 50 48 50 50 36 50 50 50 41 50 43 16 1 13 18 9 43 30 50 50 50 14 20 50 50 9 50 22 15 50 50
50 18 28 45 27 50 39 50 50 24 50 50 50 50 50 7 50 50 50 50 50 0 33 50 39 19 40 47 50 20 42 50 15 50 50 50 50 50 49 50 50 50 50 50 23 50 50 50 50 0 50 24 50 50 50 33 50 50 50 50 50 27 50 43 50 49 50 14 50 50 0 43 5 32 44 50 50 50 46 50 50 10 50 1 50 50 50 33 50 44 18 50 50 20 50 30 50 50 50 25 15 50 50 20 6 50 50 50 50 50 50 22 37 50 6 50 50 50 50 50 38 3 36 50 50 50 50 39 35 20 50 2 50 50 50 50 11 1 50 38 50 40 34 17 2 50 50 5 23 50 43 50 27 50 23 50 44 12 29 5 10 50 9 50 50 50 8 50 50 23 50 26 50
50 6 41 24 50 48 50 37 50 28 3 38 30 2 7 50 50 50 50 0 50 50 50 50 50 43 50 32 50 50 50 50 50 8 50 50 50 50 50 50 10 19 50 50 0 32 50 32 50 50 19 50 18 50 50 43 7 50 17 10 50 50 16 50 34 50 50 10 35 9 50 50 48 33 7 50 50 50 3 14 31 21 50 43 50 50 50 50 50 50 50 14 25 17 17 21 50 16 38 50 29 50 50 50 50 28 50 44 5 50 50 50 50 50 50 50 50 50 9 50 50 50 5 31 50 50 50 50 13 9 38 50 50 3 50 13 50 50 50 50 50 41 50 50 32 50 4 50 39 7 50 50 34 50 20 9 50 49 1 50 46 2 50 50 50 16 50 45 45 50 13 50
50 50 50 32 8 19 50 50 50 50 50 22 21 37 50 50 50 50 50 50 50 50 13 50 36 50 50 41 27 25 50 50 50 50 25 50 50 7 50 50 25 50 22 50 16 50 50 50 48 50 10 50 50 50 50 16 50 20 50 2 34 30 50 50 15 50 3 9 18 16 4 50 50 50 50 50 50 50 50 50 50 50 50 25 49 50 38 50 50 50 34 42 50 50 50 50 50 40 50 50 50 25 50 20 50 50 28 50 40 50 29 47 26 35 50 50 50 27 50 50 50 31 21 34 39 0 50 50 19 50 38 48 1 50 50 50 50 50 50 45 28 50 50 2 5 50 50 49 50 50 50 50 50 50 11 22 50 41 33 50 50 50 4 6 17 35 28 50 50 50 50
12 50 50 50 50 44 50 50 50 48 50 17 41 37 50 18 44 19 37 38 50 50 37 50 36 32 16 5 50 23 3 50 50 18 50 50 50 37 50 50 15 50 50 50 3 44 10 50 41 42 50 50 50 18 12 50 29 50 50 50 23 50 39 50 50 50 49 50 50 50 50 50 50 50 25 11 50 16 50 50 27 36 50 13 50 50 50 4 13 31 50 50 32 50 32 50 6 1 1 31 50 13 50 50 50 44 50 50 7 50 37 50 50 50 34 7 50 12 50 36 50 50 33 50 50 50 50 28 22 20 50 45 50 50 50 9 50 50 35 50 26 50 13 43 50 2 2 20 50 50 50 50 14 50 50 40 45 49 50 30 32 11 42 50 9 21 50 50 50 50
34 50 17 8 50 42 30 8 50 26 50 5 50 42 50 50 46 26 50 44 36 43 50 47 43 49 12 50 28 50 37 50 50 43 50 4 50 50 50 0 28 50 50 50 50 50 3 14 50 50 50 50 49 45 29 50 9 37 50 50 23 50 50 50 50 30 50 50 47 50 11 50 0 29 50 50 50 24 43 50 50 50 40 50 50 50 50 50 50 50 50 50 50 20 7 2 50 50 50 50 19 50 26 18 50 50 27 50 42 21 50 11 31 19 46 39 15 50 11 50 50 27 50 46 36 43 0 50 19 50 50 50 1 33 50 50 50 50 10 50 50 50 50 50 3 25 16 50 50 50 50 49 6 50 33 50 50 16 9 50 50 45 50 50 50 50 50 50 50
50 50 50 37 25 50 50 50 50 50 50 50 50 50 50 48 25 21 50 21 11 50 50 22 50 29 50 19 29 17 0 32 50 50 8 10 50 42 50 15 50 45 34 20 29 50 22 50 33 50 13 50 50 50 50 43 50 41 50 50 50 31 50 49 50 50 50 50 5 50 14 50 48 50 50 28 1 40 50 50 34 29 50 50 50 33 1 50 29 14 20 50 50 47 22 50 50 5 50 33 50 18 50 43 50 24 50 12 30 15 25 50 18 41 50 50 40 48 50 50 50 26 50 50 50 30 28 16 50 13 50 3 50 2 50 50 22 26 50 50 35 50 50 50 50 50 22 50 50 50 50 30 49 7 50 50 50 50 50 50 50 50 9 25 43 47 50 50
43 50 50 50 26 43 50 50 50 50 45 19 50 50 6 50 23 50 50 42 50 50 32 50 50 50 50 50 32 22 50 50 50 8 14 50 50 50 50 50 16 31 26 50 50 50 50 19 32 50 50 50 37 50 37 50 50 10 30 50 47 50 21 50 50 50 11 50 50 35 50 9 50 50 7 29 32 50 28 0 48 20 50 11 36 38 22 50 27 50 50 13 45 50 50 50 50 50 43 46 50 44 50 38 49 50 5 50 50 50 50 4 50 50 3 50 17 50 50 50 50 50 50 50 28 50 50 50 1 50 35 50 50 11 50 35 46 50 50 50 50 50 22 30 50 50 45 50 50 50 50 11 40 50 50 50 34 50 16 11 50 50 50 50 50 50 50
8 36 50 50 50 1 31 44 26 50 41 50 50 50 50 5 50 50 50 50 50 50 47 40 50 50 50 38 50 50 17 50 44 50 20 7 50 14 50 40 0 50 50 15 50 46 24 50 50 50 50 22 31 38 50 44 50 13 50 35 50 50 9 50 50 48 27 50 48 21 43 26 41 33 50 50 29 50 27 50 50 5 50 50 30 50 50 50 3 11 30 50 50 44 12 31 23 50 29 50 26 14 50 2 50 37 50 50 21 50 19 49 30 10 50 50 50 14 40 48 50 43 50 50 30 20 42 50 50 50 50 10 50 50 37 50 50 50 32 50 50 50 41 50 50 50 31 50 50 50 37 50 28 50 19 50 50 50 50 4 50 16 50 3 46 50
45 7 50 50 50 50 5 21 50 50 1 22 50 50 36 50 50 50 50 27 47 50 9 3 50 10 48 20 50 50 50 7 15 33 50 50 50 50 50 50 29 50 50 14 44 50 50 49 7 37 50 50 50 50 28 16 26 0 30 50 32 50 29 50 50 50 46 17 50 27 45 16 50 50 50 50 39 17 24 38 50 11 17 49 50 50 44 14 50 50 9 38 1 50 50 50 50 50 20 50 50 50 50 2 41 18 19 9 50 50 8 31 50 23 33 25 27 50 17 41 27 50 50 50 50 0 17 20 50 50 50 50 27 50 49 35 50 50 50 28 50 50 13 50 33 22 50 34 20 50 50 50 17 43 38 50 14 50 7 50 50 6 8 4 50
50 15 50 28 50 50 11 48 22 4 6 50 31 50 50 50 4 22 50 50 50 50 50 31 30 10 50 40 50 10 50 7 37 48 43 50 4 50 50 50 50 23 50 33 14 42 19 50 28 19 50 44 50 50 37 0 17 50 49 13 44 50 40 8 4 50 13 10 50 50 50 0 29 50 39 50 50 50 0 26 34 50 24 37 32 50 50 26 46 40 15 40 28 8 35 15 50 50 50 50 40 5 50 16 50 9 2 38 1 2 50 50 50 19 50 50 50 50 8 2 18 33 50 50 7 16 50 50 13 50 31 2 33 50 12 50 50 50 44 50 50 50 50 50 50 50 50 50 50 50 50 50 50 32 0 27 41 50 50 18 17 50 50 50
50 50 50 28 9 50 50 17 29 20 4 50 36 50 50 50 29 50 39 50 50 14 32 43 26 50 50 50 43 36 15 50 50 22 3 25 32 36 34 50 50 50 50 50 44 50 50 50 50 1 25 23 50 14 50 13 17 50 50 45 7 50 47 40 50 50 41 0 15 50 50 50 50 50 50 5 34 50 50 1 50 50 50 38 50 47 50 50 50 50 43 34 7 48 50 1 29 36 19 49 50 20 50 3 0 50 50 44 22 50 49 50 50 50 50 50 50 11 50 50 50 46 15 50 6 50 50 39 50 50 25 11 31 33 47 50 16 37 50 8 50 50 50 36 27 35 38 50 30 38 50 7 30 50 50 11 50 50 50 50 42 18 50
47 21 50 50 50 50 13 23 47 50 37 50 8 50 50 49 50 31 7 38 5 12 6 50 43 50 11 50 50 50 4 50 50 27 22 50 50 50 15 11 39 50 49 32 10 9 15 50 50 50 50 50 8 44 50 50 50 50 50 50 18 37 50 37 29 41 15 19 50 9 50 50 50 37 37 40 50 24 50 23 1 33 25 50 50 41 50 50 50 50 12 50 50 50 50 50 27 17 50 50 50 50 50 9 11 33 50 20 2 50 50 50 50 28 50 49 50 50 9 36 50 50 50 50 50 50 50 50 50 50 50 27 50 11 44 50 50 50 50 45 35 50 50 50 50 50 14 48 20 50 50 46 6 50 50 29 19 50 12 45 50 50
50 6 50 50 50 30 50 0 6 25 9 50 50 26 50 50 50 50 37 50 38 50 50 50 50 50 50 50 22 5 50 50 45 50 50 50 32 50 50 30 49 50 50 37 1 50 33 2 27 16 50 50 39 50 50 41 42 50 50 50 50 50 50 10 22 18 50 17 50 36 50 50 16 23 0 13 50 50 50 30 6 50 39 50 50 50 17 2 14 50 34 50 50 8 50 50 32 25 50 44 47 50 10 31 50 11 50 35 31 50 50 12 25 50 41 50 50 48 50 28 4 50 32 18 37 21 50 50 50 28 11 3 50 50 50 50 50 18 50 50 21 50 50 7 50 50 50 50 38 13 50 50 21 50 24 42 50 30 50 50 50
50 13 37 32 39 50 49 50 37 19 7 49 21 50 50 43 29 50 50 7 50 50 50 50 34 3 12 39 50 5 50 33 50 24 50 39 50 37 16 40 50 29 13 50 50 50 50 50 50 34 50 25 50 50 39 39 16 48 50 29 50 50 50 50 50 9 50 49 22 39 50 49 26 25 50 50 50 50 50 50 50 50 50 42 50 50 50 50 50 50 50 50 37 50 18 13 50 28 40 2 50 50 50 49 39 36 50 50 4 39 50 49 50 15 44 50 50 35 27 29 0 50 41 50 50 50 11 7 50 50 50 50 17 50 37 50 50 21 50 50 14 40 6 14 44 10 3 28 50 46 50 41 50 47 48 50 30 23 50 50
27 50 27 26 50 50 50 50 2 15 29 50 5 46 50 50 28 50 50 47 3 50 41 11 40 50 50 50 50 50 4 50 50 39 50 17 50 50 50 50 50 50 50 48 50 24 48 30 50 34 1 49 50 16 15 50 33 50 46 50 8 12 9 50 4 50 50 50 3 50 29 50 50 50 50 50 50 3 50 50 23 34 12 50 42 2 50 27 35 13 50 31 25 50 23 29 50 50 45 50 50 50 46 50 10 50 50 50 50 50 50 3 50 50 7 22 32 50 50 44 50 42 50 23 50 50 50 50 50 14 38 50 50 25 20 5 14 46 50 50 50 27 36 50 19 50 50 11 36 3 32 49 6 30 50 50 43 50 50
50 39 50 18 50 27 50 50 8 25 50 50 22 19 6 50 1 41 50 34 50 50 50 50 50 25 50 45 32 50 16 50 50 23 50 50 39 8 49 50 50 50 6 43 50 32 25 50 50 50 50 50 50 12 50 33 49 47 38 47 14 45 50 23 50 50 50 50 50 50 50 1 50 50 50 50 1 14 50 50 50 35 40 29 6 11 3 50 50 50 50 48 50 50 10 17 50 1 1 50 20 34 50 15 50 25 50 50 50 39 0 24 50 1 6 15 30 27 46 50 27 50 31 50 50 36 50 38 50 29 15 50 50 14 5 50 50 50 22 27 39 29 16 16 28 39 1 50 50 31 50 50 26 13 31 50 50 50
50 50 34 19 42 50 50 50 20 25 50 50 27 50 50 50 50 50 50 50 3 50 36 50 50 32 50 48 44 50 1 50 50 48 2 50 50 50 50 14 50 50 11 50 50 5 7 50 50 27 50 0 24 50 50 50 50 50 50 48 50 50 50 50 50 50 39 18 50 22 15 18 16 41 50 50 49 42 50 42 50 50 50 50 50 20 50 23 35 50 14 50 50 50 50 50 50 6 50 32 31 50 43 46 50 50 37 18 50 50 50 50 18 50 50 10 50 50 38 21 29 45 40 33 50 50 35 47 50 50 50 11 50 17 35 28 9 28 50 50 50 50 50 47 12 50 22 50 50 43 50 50 50 22 50 50 50
18 50 50 50 1 50 50 50 50 32 50 6 50 50 50 50 50 14 50 50 50 50 24 50 50 39 49 33 50 6 12 38 20 50 25 50 50 50 10 50 5 50 50 36 50 16 38 50 50 23 37 50 28 50 13 50 3 50 50 50 50 50 39 50 4 50 50 50 50 50 50 17 50 50 19 11 50 6 4 50 39 50 50 46 50 50 50 50 50 26 50 47 42 7 21 27 18 50 50 1 17 50 50 50 50 9 47 50 50 34 50 25 50 50 41 50 50 48 23 50 50 19 50 50 50 25 50 0 50 26 16 50 47 50 43 50 15 50 50 50 50 50 50 29 2 35 50 50 50 37 50 22 50 46 50 50
50 26 50 50 50 50 50 2 23 37 50 50 50 31 50 50 50 50 50 9 50 50 50 40 50 29 50 46 12 50 32 14 3 50 50 50 11 50 50 50 17 27 43 50 50 26 50 28 38 50 7 50 50 30 28 50 50 38 50 50 17 45 50 9 13 32 50 20 12 43 18 50 50 50 50 50 50 50 46 20 46 50 3 50 50 50 50 50 50 50 35 50 50 50 13 50 50 26 50 50 15 49 50 50 2 25 34 25 50 19 50 50 6 14 14 40 50 50 50 50 40 5 50 12 50 26 42 50 29 50 50 48 50 50 50 50 1 36 49 25 23 50 36 50 17 24 40 50 50 50 16 4 50 50 50
2 50 15 32 49 50 50 7 49 28 11 50 30 37 50 9 50 28 12 11 50 31 49 49 13 50 50 25 15 21 46 50 50 41 50 50 32 50 39 34 29 50 34 50 5 29 8 50 41 20 40 50 50 50 16 50 50 27 50 10 50 19 50 50 50 16 50 50 50 50 50 14 50 50 50 35 50 28 50 50 41 50 9 50 50 50 50 48 50 3 10 50 50 10 50 41 17 10 50 50 50 50 50 28 50 50 7 50 50 50 50 50 47 50 38 50 50 2 50 50 50 22 50 42 50 50 50 17 34 50 34 50 29 50 50 19 50 47 50 50 33 35 50 50 50 13 50 29 50 43 3 44 50 50
50 50 50 50 32 15 50 19 31 50 7 39 19 31 11 50 43 18 50 50 2 50 41 50 14 14 46 39 50 36 50 24 50 31 34 21 12 50 9 50 50 19 15 50 50 20 0 50 50 28 13 50 50 4 50 16 50 50 50 26 50 50 38 50 50 50 43 14 50 18 50 29 25 12 50 50 50 50 23 50 50 28 13 19 50 35 50 7 50 14 50 50 36 0 19 50 50 2 50 50 49 50 23 50 50 4 20 50 50 50 26 50 10 27 14 40 11 36 50 50 50 26 50 50 1 25 2 50 0 50 50 2 37 50 50 14 14 50 3 50 50 50 50 50 50 38 3 50 17 48 50 50 50
36 4 50 50 29 44 17 50 16 50 30 50 37 33 50 50 50 50 19 50 50 50 39 40 50 50 28 43 37 50 50 50 37 50 11 50 50 10 50 50 50 50 50 40 31 35 1 50 30 4 50 50 50 50 44 50 50 36 50 50 50 50 43 27 50 46 50 38 50 42 50 50 50 13 44 28 50 5 50 50 50 10 6 50 50 44 50 50 50 45 50 28 50 50 23 5 8 50 35 50 50 50 19 26 48 25 50 21 50 50 42 45 28 50 14 50 50 50 50 50 50 27 2 50 50 10 50 32 50 50 18 50 50 7 50 50 23 2 49 50 9 50 50 48 45 28 50 41 11 20 50 50
50 50 17 50 5 50 22 25 37 50 50 35 35 50 45 50 50 17 50 50 50 17 49 26 41 47 20 8 50 50 50 22 50 50 31 50 1 1 27 46 40 50 8 37 50 50 21 27 50 50 17 50 50 37 30 50 14 42 50 50 50 50 50 50 50 50 7 50 50 8 49 50 2 34 50 9 16 39 50 4 1 50 50 50 50 14 50 37 50 50 50 7 50 12 50 50 50 50 47 42 7 50 50 50 50 50 50 5 50 32 22 25 50 50 49 50 25 30 50 50 50 24 50 43 50 50 50 30 50 48 50 6 50 17 23 50 50 17 19 11 50 50 50 10 50 50 50 50 44 50 50
45 50 50 3 50 50 47 50 50 1 50 19 50 50 16 50 50 50 18 50 9 50 50 48 50 50 50 50 50 50 34 40 31 20 50 50 25 3 50 50 50 50 4 21 15 50 50 50 28 50 50 9 50 50 50 45 9 6 9 21 50 50 27 2 35 9 50 16 20 50 50 50 37 50 50 42 14 21 28 50 43 50 47 50 45 50 20 10 35 7 50 50 50 50 0 31 50 29 0 50 50 50 50 35 3 11 50 50 24 37 50 50 40 12 50 50 34 50 50 50 9 4 50 4 50 50 50 23 15 50 50 50 15 39 38 50 50 9 9 50 19 50 50 46 17 50 50 47 9 50
50 21 7 50 50 6 28 48 36 39 50 50 1 26 50 43 50 50 50 46 50 12 50 3 44 28 4 39 50 28 47 50 50 50 50 21 28 50 36 50 50 48 50 35 50 50 50 48 35 50 28 50 28 9 50 50 27 23 19 50 50 42 12 50 50 18 30 50 12 11 50 50 50 50 46 50 48 50 50 50 40 50 50 50 50 50 50 50 50 44 50 39 7 48 50 28 19 18 28 11 25 33 31 50 0 50 50 50 24 37 20 18 50 50 38 32 50 50 50 34 50 50 16 50 4 50 9 50 50 2 50 22 17 50 50 50 50 19 50 48 41 33 50 50 50 50 7 50 50
50 50 10 50 50 3 50 50 12 50 50 26 50 50 50 50 15 50 36 14 50 47 50 50 50 3 50 34 50 32 19 19 50 13 46 50 50 37 35 6 44 50 50 40 27 16 18 25 45 50 50 2 50 50 12 41 12 50 50 13 4 7 6 50 7 50 50 9 49 50 50 32 50 50 27 50 42 50 50 17 50 36 50 8 16 7 50 50 36 38 42 50 50 50 38 50 50 50 35 50 50 24 44 30 50 31 50 50 50 11 50 50 0 17 38 50 26 50 50 32 4 49 2 50 50 50 50 50 50 50 50 38 38 48 10 50 35 50 50 43 50 50 28 50 50 50 48 50
9 6 50 50 50 50 23 47 50 21 50 50 35 50 50 50 50 37 50 50 8 50 15 20 50 50 50 50 50 22 50 50 50 26 4 21 50 27 19 39 50 50 40 50 50 50 50 50 29 31 41 39 1 50 1 50 50 50 50 1 46 50 32 25 50 24 0 50 50 14 37 34 33 50 50 39 50 50 50 50 50 49 37 50 19 2 50 50 50 50 47 26 50 47 50 50 21 1 50 50 50 50 50 50 50 45 6 29 19 50 43 50 50 50 50 50 18 28 39 26 43 10 50 12 1 50 11 50 50 11 50 50 1 36 5 50 50 20 50 0 50 13 19 38 50 43 50
50 50 24 43 50 50 41 10 50 50 27 50 4 0 50 50 50 50 28 45 50 50 9 50 43 50 15 50 26 50 50 50 50 8 50 50 50 27 34 50 50 50 50 47 36 50 44 50 3 50 50 50 20 50 50 50 24 50 50 50 50 43 50 50 30 50 50 50 50 16 50 3 19 50 50 13 50 46 5 1 50 50 50 29 9 12 6 50 50 50 38 42 50 50 50 45 20 16 50 37 25 50 49 50 50 30 16 12 9 50 50 50 7 50 50 15 50 50 50 50 50 46 37 0 50 12 50 15 50 50 50 45 50 50 31 39 50 50 50 50 50 49 50 43 43 50
43 50 42 50 9 50 21 4 50 50 50 46 46 1 50 50 42 18 20 37 36 19 36 50 50 48 50 12 50 50 50 50 50 50 50 39 50 10 35 2 2 19 50 50 50 50 5 50 50 42 0 50 50 1 31 14 11 50 50 50 50 44 30 50 16 50 50 50 50 34 50 18 18 50 17 50 49 50 49 50 50 50 50 50 50 50 50 5 50 8 23 13 50 50 50 8 49 50 50 50 26 46 10 17 50 50 50 50 50 14 39 28 50 50 50 21 9 50 50 50 50 31 30 50 50 50 29 28 32 50 38 50 17 50 24 8 50 8 24 50 17 50 15 50 50
50 50 50 50 22 50 21 50 47 50 50 50 50 50 28 3 23 50 50 17 22 50 50 5 44 8 50 37 50 10 50 50 50 22 19 12 50 7 24 45 31 50 50 20 34 48 50 50 50 41 6 8 50 50 14 7 20 50 26 50 12 50 22 50 25 32 50 48 6 42 50 50 50 50 14 50 50 17 15 42 50 50 0 50 49 7 50 50 26 40 46 46 46 50 26 24 26 50 18 4 50 50 50 24 21 3 50 50 0 50 34 50 50 27 16 43 43 50 35 30 49 23 33 46 50 9 28 4 50 50 50 50 50 13 50 50 50 38 22 22 5 7 29 50
5 50 50 7 50 50 50 50 48 50 50 50 50 35 34 50 50 50 4 47 18 25 47 27 50 50 50 25 50 3 50 17 50 50 27 50 50 50 44 8 42 50 50 5 2 50 47 40 50 50 21 7 7 33 36 23 39 6 48 50 13 50 20 48 1 15 0 50 50 50 0 50 41 7 50 50 50 50 50 50 19 41 50 50 2 46 31 50 50 50 50 50 50 47 50 37 50 50 26 38 50 50 50 44 50 2 50 9 7 16 50 50 4 50 50 5 50 35 2 50 50 50 50 50 50 50 5 50 50 13 4 50 50 50 50 15 14 50 50 50 50 50 50
50 50 21 23 49 50 13 50 36 47 1 50 50 34 15 28 50 50 20 15 15 26 43 17 43 50 50 50 50 50 23 4 4 10 50 50 47 1 1 1 50 50 50 16 50 50 20 6 50 50 50 50 2 46 0 18 35 19 50 38 4 50 10 50 50 33 23 50 28 50 50 24 16 50 44 50 11 50 40 50 50 10 50 50 14 9 11 50 50 50 29 45 50 23 50 50 32 50 50 45 40 22 50 50 50 50 40 50 5 50 50 50 29 50 50 50 46 44 48 50 31 50 50 37 50 50 50 11 50 24 50 50 50 50 46 50 40 4 50 50 50 50
50 34 22 16 16 50 37 5 50 38 34 20 50 28 50 35 50 34 50 34 40 50 34 6 50 3 33 50 50 50 23 50 36 50 50 50 50 19 0 50 50 2 50 50 12 10 50 40 50 50 13 35 50 23 50 50 50 50 50 28 1 50 23 50 23 50 50 4 50 27 50 8 50 31 30 6 50 22 24 50 50 50 50 8 50 47 50 50 50 44 50 49 50 50 33 46 50 7 21 40 50 50 50 50 29 20 4 50 11 50 50 50 50 50 50 4 50 50 50 17 50 50 50 50 50 43 50 50 18 50 37 50 1 50 12 30 50 13 50 50 50
35 50 50 50 50 50 34 50 50 50 50 36 24 50 38 50 50 50 50 11 17 50 13 36 50 50 50 33 50 47 50 28 11 33 50 13 27 40 50 50 50 8 50 29 50 46 50 36 14 1 50 28 50 50 50 33 38 26 43 50 50 24 50 13 36 50 50 25 7 45 50 50 50 23 30 36 29 22 50 50 37 44 19 50 50 50 50 1 36 50 42 0 50 50 50 45 36 1 50 10 21 50 50 44 39 50 50 50 50 50 50 50 36 50 0 17 40 50 50 50 13 41 43 50 17 50 50 5 50 43 4 50 16 5 5 50 50 50 50 50
50 25 50 44 50 30 50 48 50 18 50 43 22 19 20 7 24 50 11 40 50 50 50 50 50 28 50 50 50 50 32 50 0 50 28 38 8 47 50 40 25 50 50 50 50 44 15 50 50 35 50 24 4 50 34 50 49 37 50 42 28 50 50 5 50 50 16 22 50 31 5 50 3 50 50 48 33 45 50 14 50 50 50 27 8 50 11 50 50 50 50 50 47 46 28 50 8 50 50 9 36 50 50 50 10 26 15 50 43 50 50 50 50 50 42 50 5 50 50 50 50 50 50 50 9 50 50 50 30 50 50 50 50 50 18 50 24 49 50
50 50 37 50 50 50 3 21 41 50 50 22 4 50 50 6 50 50 50 23 50 28 22 50 50 50 28 50 50 7 37 10 50 38 1 50 9 50 50 50 50 50 23 50 2 50 50 21 50 48 36 50 50 50 19 50 50 50 50 45 50 50 50 48 50 46 48 45 50 50 27 17 50 44 50 50 13 10 25 50 37 48 50 16 3 21 50 50 50 50 30 50 50 50 50 50 50 50 6 31 22 26 50 50 50 50 50 39 50 50 20 36 48 27 50 41 50 40 43 50 28 47 50 50 48 18 20 50 50 50 50 9 5 42 50 26 16 50
39 6 31 41 50 28 27 0 50 50 50 50 20 50 50 50 50 50 13 0 50 50 50 37 21 50 15 33 50 19 37 42 21 50 22 13 14 2 50 50 50 18 2 50 50 50 50 50 50 50 30 50 50 50 50 26 43 5 50 50 34 50 50 38 34 50 50 50 50 50 37 50 50 50 50 50 50 1 6 50 50 50 50 50 4 11 43 39 12 50 19 8 34 50 16 50 41 0 37 50 40 50 50 50 28 46 50 4 21 3 23 50 45 50 44 39 27 50 50 50 3 0 50 12 32 47 33 50 4 7 50 50 24 50 50 12 50
50 15 50 50 50 16 3 50 50 50 39 50 50 15 50 50 50 9 8 50 50 50 32 50 17 50 50 50 50 50 48 50 50 31 50 50 28 35 50 50 50 50 50 29 44 30 50 50 2 50 10 39 34 50 12 16 50 0 36 50 20 50 50 21 39 50 50 0 38 2 50 34 34 50 50 50 14 50 41 0 50 15 31 50 50 29 50 42 50 50 13 50 40 23 47 50 50 50 33 37 15 5 44 28 35 30 32 45 41 50 50 50 50 18 50 50 27 44 11 13 24 50 10 32 7 50 50 50 50 19 1 50 50 34 41 50
50 14 50 29 50 50 42 41 2 17 50 0 41 8 50 19 50 45 50 34 50 9 50 31 5 50 12 50 50 50 29 50 40 3 50 50 23 50 8 35 50 50 8 50 50 3 33 50 50 50 49 50 50 50 3 50 50 50 50 22 43 50 22 36 13 24 50 50 50 26 50 13 24 50 50 45 50 7 50 34 39 50 50 50 50 30 32 50 13 21 4 50 22 50 50 10 43 5 45 50 50 50 50 50 50 34 19 10 50 50 50 50 50 50 15 50 48 20 12 47 50 4 25 4 23 29 38 50 50 1 50 46 50 50 50
34 50 45 39 0 50 49 50 43 42 39 50 50 50 50 50 6 50 50 24 50 50 50 47 50 50 15 50 50 1 50 50 14 24 50 42 50 6 50 26 23 30 50 50 50 50 2 22 47 50 29 50 31 50 50 36 50 50 50 50 3 50 50 50 40 50 32 50 50 50 50 49 50 50 25 17 50 50 45 50 50 50 30 50 50 50 50 50 33 50 50 4 50 50 50 13 50 29 4 21 50 29 10 50 50 31 33 27 50 50 30 30 8 15 50 50 48 50 50 40 50 50 6 41 6 40 50 50 29 28 15 50 20 50
20 50 45 50 14 5 50 44 50 50 50 48 15 50 12 12 50 11 50 34 50 32 43 50 50 50 50 49 37 50 50 50 50 50 15 50 50 33 50 26 10 32 10 50 39 50 13 50 50 50 50 50 50 50 50 50 50 14 50 19 50 50 50 44 50 50 50 50 35 27 50 4 22 25 50 50 50 12 4 50 50 6 50 10 47 50 50 3 50 16 50 42 50 5 50 50 50 34 15 31 12 50 50 50 15 44 38 50 28 1 5 50 3 0 50 45 50 4 50 50 18 50 50 50 50 50 21 38 1 50 45 30 50
47 33 50 40 34 48 2 10 50 50 50 8 50 50 30 14 50 9 38 50 50 4 50 50 50 50 50 50 50 50 50 50 50 31 50 50 10 50 37 49 0 50 50 26 50 45 8 50 46 8 6 13 50 1 50 47 50 50 33 49 10 14 23 50 24 18 50 8 7 25 50 15 11 50 33 19 19 50 44 50 50 44 30 20 22 50 50 50 32 50 50 50 6 50 50 50 26 50 3 50 29 50 12 17 7 50 50 22 50 5 43 50 50 50 11 50 36 50 4 37 50 50 50 50 50 39 17 50 7 50 50 50
36 50 50 14 50 50 5 50 8 22 4 13 28 50 32 25 50 50 6 50 50 11 14 50 9 50 50 50 31 50 17 50 50 5 42 50 50 44 50 50 50 50 50 42 50 17 29 50 50 50 19 50 20 50 39 50 7 50 50 50 38 26 43 24 50 50 45 50 11 50 42 14 50 50 29 31 30 50 50 50 40 50 45 33 50 50 50 50 50 33 50 50 35 50 22 21 50 39 27 20 50 2 50 9 50 41 31 15 50 50 31 8 50 5 29 0 50 50 50 50 46 36 33 50 33 50 34 50 50 50 50
50 50 3 18 32 50 50 37 50 19 19 48 12 50 28 43 50 50 45 50 50 7 50 50 19 9 38 21 46 38 45 24 50 6 15 16 18 40 50 50 29 40 21 50 50 35 50 5 50 50 15 50 50 50 50 31 45 23 46 9 50 46 34 50 47 38 21 50 50 48 50 50 14 50 50 46 50 50 47 1 50 17 50 11 50 22 25 50 50 49 50 11 50 17 50 50 50 45 50 50 50 50 11 50 11 50 50 50 50 50 20 42 19 50 50 21 48 10 38 50 50 0 12 50 50 50 50 50 50 50
50 21 50 23 50 31 50 50 34 50 18 50 2 50 50 28 34 18 34 9 11 50 20 50 31 4 50 50 50 50 50 47 50 31 18 44 50 50 50 35 50 2 50 40 50 13 50 50 44 3 3 50 50 29 10 50 34 38 49 50 12 42 25 50 50 20 50 31 50 50 35 36 50 26 50 50 50 14 42 40 50 50 24 14 26 7 50 33 50 50 50 50 50 50 36 50 11 35 50 50 50 8 50 50 35 16 30 40 50 50 50 8 27 12 50 50 18 17 23 0 50 4 50 50 50 50 50 26 50
50 3 50 50 45 50 50 26 50 31 50 13 24 50 50 50 50 50 50 2 50 9 39 46 45 40 45 21 23 50 18 50 32 17 50 50 50 50 50 50 43 50 50 50 50 3 10 0 37 3 50 47 50 50 49 50 50 16 50 9 35 50 50 19 44 50 3 26 23 6 50 50 12 50 7 50 50 50 34 50 47 50 0 50 50 8 18 12 11 5 50 50 50 11 29 33 25 50 50 23 50 50 35 48 50 7 24 50 50 50 50 50 50 50 50 38 50 50 50 50 50 18 31 2 50 50 50 50
50 50 8 50 50 50 5 26 37 32 50 14 5 50 6 50 29 50 50 50 50 50 4 50 48 50 50 5 21 3 50 50 44 50 25 50 50 7 18 27 8 38 50 30 50 50 0 7 29 50 0 19 8 50 25 26 14 50 50 50 17 20 50 50 39 50 14 21 50 50 50 50 41 50 4 36 49 45 18 50 50 50 50 50 49 19 50 42 5 21 47 50 50 50 0 50 0 50 31 22 27 50 50 50 50 26 13 35 21 16 50 50 50 39 50 50 30 39 50 17 50 11 18 18 37 10 50
50 50 50 50 46 13 15 17 50 50 50 50 50 50 16 48 50 16 23 50 50 26 11 50 39 34 35 50 50 50 33 11 36 50 48 3 19 42 50 33 50 43 50 50 30 32 50 50 49 50 50 50 50 10 8 41 50 32 50 41 16 3 50 50 50 50 22 20 37 27 50 50 50 50 50 50 44 27 50 50 35 24 8 41 34 34 7 2 50 48 50 50 50 50 27 50 36 48 50 50 50 48 50 50 50 0 50 14 50 50 50 50 50 13 27 50 34 50 31 30 8 34 50 11 1 50
50 50 50 50 8 50 31 50 33 9 50 50 13 44 50 18 27 7 3 50 3 50 50 50 5 50 50 50 50 12 27 50 46 46 42 3 50 50 9 41 37 32 50 50 50 50 25 50 27 9 50 50 50 50 19 21 50 1 50 23 50 50 26 50 50 50 50 30 50 50 50 15 50 12 50 50 50 50 10 27 50 50 50 50 44 32 42 11 14 49 50 16 50 50 50 50 50 14 50 20 50 38 23 32 50 42 45 13 50 50 50 9 21 50 50 29 46 46 38 44 48 50 50 42 50
34 50 50 50 40 0 50 8 50 50 44 50 50 45 48 50 26 50 50 42 23 50 50 50 22 50 1 46 50 39 7 9 50 50 50 50 50 15 15 12 45 50 28 50 13 50 50 33 50 50 42 50 38 50 50 50 30 50 18 50 6 50 23 50 19 39 13 31 50 46 50 50 13 50 44 50 50 15 35 29 42 50 0 27 50 50 29 50 50 34 42 50 3 19 50 42 50 50 50 2 32 50 50 16 26 0 50 6 10 50 38 50 50 50 31 50 47 50 16 26 44 50 50 50
50 9 21 14 46 50 50 32 50 50 50 50 50 29 50 23 50 50 33 50 50 50 47 50 50 50 1 50 50 25 50 50 50 50 50 50 28 42 21 50 50 50 50 38 16 50 10 50 36 50 50 50 50 24 50 50 32 50 50 50 47 50 50 10 15 50 50 50 27 50 22 47 50 12 48 50 6 32 50 50 1 26 50 3 20 50 38 40 50 50 5 41 18 35 2 50 6 50 50 11 50 50 44 50 50 9 5 50 4 21 50 24 31 50 50 15 49 50 50 34 50 50 50
50 50 50 50 50 43 1 18 50 50 50 20 34 35 4 50 50 12 18 37 5 50 33 3 4 47 50 30 50 50 50 20 0 50 50 50 13 50 16 50 50 2 50 24 50 50 50 50 11 26 4 17 34 31 50 50 50 50 46 2 50 47 50 50 50 42 50 50 37 50 25 50 50 38 40 50 26 14 50 9 4 24 23 50 24 50 50 50 50 50 50 5 50 50 37 50 39 50 50 50 19 50 50 50 7 50 50 12 50 50 18 50 30 9 50 50 0 42 31 45 50 50
1 26 50 12 10 50 0 50 30 50 50 50 9 50 50 0 16 50 6 32 45 49 50 50 50 10 18 50 50 50 21 50 50 50 50 16 50 50 9 50 50 32 4 50 38 0 10 50 17 36 50 50 39 50 50 50 46 50 40 50 50 50 50 20 50 50 11 29 45 50 50 38 50 50 32 50 50 50 50 46 36 28 50 43 30 50 50 27 42 21 31 35 50 37 38 50 50 50 50 50 50 50 17 24 50 42 47 50 50 50 29 50 23 6 50 50 50 50 3 21 50
2 50 50 3 50 50 50 11 7 21 50 8 21 0 50 50 50 6 50 6 46 27 50 11 34 50 50 50 34 50 27 0 50 50 50 50 1 31 27 25 50 20 30 50 29 50 44 13 48 8 27 50 27 40 1 50 50 46 50 21 47 50 0 50 50 46 50 36 50 50 49 11 50 40 32 8 23 50 50 11 21 50 50 42 50 3 50 50 35 43 22 5 50 28 50 50 18 50 23 50 22 24 45 10 50 50 9 39 42 50 12 40 50 50 50 6 2 50 40 50
50 50 50 41 50 46 50 12 21 50 47 35 50 44 50 11 50 27 19 0 19 5 50 50 33 40 50 33 50 50 50 50 11 50 50 50 50 32 10 50 50 33 50 50 50 23 50 50 50 50 50 50 8 50 50 25 38 50 50 32 50 50 50 49 29 50 50 7 50 50 50 18 50 42 13 20 50 50 0 50 50 50 50 50 50 50 50 50 44 45 50 50 50 50 50 9 50 50 39 50 50 50 4 50 50 30 50 7 50 50 37 50 50 50 50 50 36 16 50
33 30 50 50 50 5 50 50 50 36 2 16 50 50 12 47 7 37 6 50 28 41 50 50 48 9 5 50 26 50 15 46 36 50 50 50 50 18 50 42 50 50 45 50 50 17 50 50 50 10 50 50 50 39 50 50 43 50 27 50 26 50 19 24 4 26 50 50 50 49 50 50 50 50 17 50 50 20 50 50 21 45 19 5 50 50 1 50 50 50 35 50 16 50 10 50 50 50 50 19 14 15 24 50 50 50 1 5 22 3 50 50 20 50 38 50 23 50
48 50 21 13 13 50 25 50 50 50 50 8 18 50 26 41 23 31 32 16 50 35 50 50 50 50 50 25 50 13 50 24 13 4 5 50 38 38 50 50 50 50 50 50 39 50 50 42 50 50 25 50 50 50 20 50 50 50 19 50 50 11 50 50 25 50 50 50 50 34 50 46 39 50 50 50 8 11 50 50 50 50 50 13 50 38 21 50 37 50 12 44 50 50 31 50 50 50 50 50 7 50 13 29 50 27 50 8 19 32 48 50 10 28 2 9 50
50 50 50 50 48 34 50 50 50 6 50 50 50 35 50 29 50 50 50 48 33 29 1 50 50 50 50 50 23 50 50 50 45 37 5 27 25 50 50 50 50 50 49 50 3 29 1 50 50 0 50 50 50 50 50 50 42 16 41 50 50 29 26 17 47 50 44 34 50 50 50 50 50 50 50 50 48 50 50 50 39 50 33 33 14 38 48 14 46 29 37 7 50 50 50 37 50 12 50 35 33 36 50 15 21 50 4 33 50 50 50 34 50 11 50 50
1 38 50 50 8 50 50 31 15 50 12 50 50 50 50 10 50 50 50 50 50 49 26 39 14 15 47 50 50 33 32 6 3 50 50 50 0 30 9 50 50 50 50 37 41 12 11 23 50 50 50 50 50 23 50 50 45 10 50 9 27 50 17 31 23 15 37 23 13 12 36 50 46 4 23 1 50 50 50 50 50 3 41 40 1 50 19 2 20 50 14 50 46 47 18 50 50 5 50 50 50 50 50 50 41 43 50 50 50 50 50 50 50 50 50
50 9 50 50 50 48 50 39 50 50 50 50 50 46 50 4 50 48 41 24 50 50 26 33 50 5 50 40 50 40 50 50 27 24 50 3 50 50 15 23 22 45 50 50 28 50 50 31 50 50 50 50 50 50 31 24 40 2 50 25 8 50 50 7 50 50 0 50 43 50 8 14 47 50 50 50 12 50 50 6 50 25 50 26 50 4 50 50 50 50 50 39 50 50 50 50 50 14 50 25 16 50 50 50 50 20 50 50 50 3 25 50 44 50
50 25 50 50 47 33 16 50 35 40 50 50 50 50 50 50 44 50 4 5 23 40 15 5 19 50 36 39 8 48 1 50 50 27 50 50 50 50 50 50 28 10 30 46 50 50 45 18 27 50 23 50 50 3 11 50 32 1 50 50 50 20 50 50 50 50 50 46 50 33 50 10 43 32 50 50 50 11 27 50 8 50 39 50 34 47 42 17 20 50 41 50 50 50 50 14 31 50 38 50 39 50 34 22 50 15 44 50 11 50 22 50 50
50 50 43 50 32 43 18 50 50 27 50 50 50 19 25 47 39 50 50 50 50 50 50 1 23 50 50 1 41 9 50 50 44 6 50 11 50 50 0 50 50 28 50 23 50 50 50 50 7 50 50 2 43 50 50 50 50 40 50 12 12 50 11 50 14 42 50 7 14 47 50 50 50 10 50 18 26 50 1 20 50 50 10 50 47 23 12 1 50 50 43 30 49 50 17 50 41 50 50 46 12 50 50 50 20 11 35 24 6 50 50 50
23 50 10 14 13 49 34 32 49 17 50 25 7 50 47 31 39 23 35 6 38 8 49 1 16 50 50 50 4 7 50 32 50 50 16 50 16 29 15 46 43 50 34 50 50 49 33 29 50 50 50 42 50 46 50 50 8 20 42 5 50 50 50 50 50 45 50 32 50 3 0 50 50 20 48 50 50 26 16 50 50 50 50 12 31 11 50 16 50 13 50 8 50 42 50 50 50 50 50 50 50 50 50 50 47 24 46 50 50 50 50
11 50 4 50 24 50 30 39 50 50 50 50 21 39 32 50 35 9 50 50 46 50 50 50 50 44 50 50 29 43 50 50 50 50 17 50 50 20 50 1 2 50 50 50 9 0 50 50 2 4 50 50 37 50 20 50 50 50 16 50 34 50 23 50 27 50 50 3 50 50 47 42 18 50 1 50 32 50 50 38 19 50 5 50 22 12 50 40 50 10 50 50 50 50 50 6 50 20 50 50 50 25 50 1 1 33 29 1 37 50
50 50 28 50 50 50 19 23 45 50 7 50 50 46 50 50 34 28 48 50 11 50 50 50 50 50 32 50 50 47 50 0 50 21 50 6 25 24 50 50 50 50 50 7 50 50 50 3 50 50 19 50 50 50 31 50 50 50 50 16 50 14 20 12 50 48 50 50 18 50 50 50 9 50 49 18 50 17 47 50 50 5 50 50 37 21 30 22 50 50 44 26 42 15 50 27 50 50 1 15 33 48 50 26 50 36 50 50 50
50 20 50 50 50 38 50 50 2 14 50 50 1 50 7 41 30 50 33 38 50 29 1 50 50 50 50 21 34 50 12 50 50 50 24 50 28 41 50 50 17 50 50 50 1 50 50 25 50 1 7 31 50 48 50 50 4 50 50 1 37 50 34 5 29 26 42 23 50 1 50 50 35 24 41 50 4 50 50 50 50 50 50 22 24 38 38 43 35 1 50 50 50 50 26 39 35 36 13 50 50 14 50 3 50 4 50 50
50 50 50 22 22 50 50 46 50 16 50 50 50 50 47 23 50 50 50 50 50 50 20 50 50 50 50 25 19 36 50 50 39 26 50 50 50 2 50 50 24 50 9 23 50 50 40 50 50 45 40 50 50 50 18 34 4 37 22 29 50 12 50 11 39 50 50 50 6 50 50 50 10 3 41 50 50 7 50 50 38 50 50 50 50 34 23 1 50 31 50 50 5 50 50 50 4 5 50 23 26 50 50 36 50 17 50
6 50 47 50 50 50 32 42 50 50 50 36 1 50 39 14 5 50 23 50 50 50 21 9 50 50 6 50 50 50 50 50 50 49 22 50 50 50 16 11 50 9 35 50 46 23 50 50 14 11 50 19 50 15 12 28 47 50 50 35 50 48 21 33 25 50 50 50 50 20 24 50 31 50 50 30 8 50 46 27 23 30 50 50 50 39 0 50 50 50 29 46 35 50 50 26 19 50 41 48 50 50 46 50 50 50
50 50 50 50 50 15 50 15 50 50 50 2 31 50 50 46 50 50 50 50 50 50 50 0 5 50 19 38 50 4 26 33 15 50 33 22 50 47 50 29 50 50 16 40 50 38 6 13 12 50 50 39 50 50 26 50 50 50 50 21 50 43 10 43 30 14 50 1 50 1 48 50 50 41 50 6 50 50 50 50 50 50 16 41 45 50 50 7 42 50 50 38 23 50 8 50 50 50 28 50 34 3 50 50 50
42 50 0 50 8 50 50 50 4 6 50 21 50 43 38 50 50 9 50 50 50 2 50 50 50 30 50 50 50 50 8 50 26 50 15 50 50 37 50 50 27 38 50 31 50 6 50 44 50 50 33 35 37 50 32 50 50 50 50 50 50 50 50 20 50 24 50 50 47 14 50 50 50 50 38 50 50 50 13 50 46 41 48 50 50 23 35 42 50 50 50 13 14 50 44 50 11 5 50 50 0 50 50 50
11 50 16 50 50 50 16 34 50 50 18 10 50 45 50 50 50 50 50 50 7 50 50 50 50 39 6 43 14 50 41 50 50 50 30 24 19 50 45 16 50 14 50 15 35 50 50 50 0 50 46 50 18 50 25 17 22 50 27 21 50 50 50 50 26 50 50 29 50 43 50 50 50 23 50 40 33 50 50 26 50 48 50 50 5 50 50 50 35 50 50 50 50 50 50 50 49 13 50 1 0 50 50
50 50 50 50 50 17 50 50 14 17 50 17 33 50 6 36 30 50 50 50 50 35 50 50 22 36 50 50 50 20 35 41 50 50 50 50 44 50 8 50 50 35 31 50 50 50 50 50 14 50 50 46 9 2 44 2 22 50 37 46 50 17 50 32 28 50 3 50 26 50 15 45 48 50 50 50 50 35 50 50 33 50 50 50 50 50 42 50 50 50 34 50 50 24 15 45 23 50 50 50 50 50
13 50 50 50 47 50 50 50 50 26 50 9 50 18 50 13 50 50 50 17 22 35 50 50 8 31 37 12 50 50 50 50 8 6 37 44 50 50 50 16 50 50 50 50 50 50 50 50 31 29 50 12 38 50 34 50 36 50 50 50 50 50 17 33 50 22 4 50 50 50 50 50 50 50 50 50 50 50 50 50 35 50 18 1 50 45 50 50 21 8 11 38 23 9 15 50 24 50 2 11 50
15 50 44 50 41 50 50 22 50 18 9 42 17 50 27 50 50 50 40 33 50 50 50 50 45 50 50 21 3 32 50 50 31 37 50 50 50 1 50 50 50 2 50 40 39 50 50 26 50 50 12 50 37 46 50 50 50 16 48 37 49 50 50 44 50 50 50 28 50 29 50 50 50 50 8 50 50 50 50 50 47 50 50 50 50 7 1 50 22 50 50 50 50 50 4 50 17 36 48 50
39 50 50 1 39 50 48 50 50 39 50 5 50 43 30 50 50 50 42 26 50 50 5 50 50 50 42 10 50 50 50 50 2 10 50 8 50 15 37 50 50 50 50 50 50 2 33 5 50 50 50 50 50 50 50 44 50 50 13 50 28 49 50 38 5 50 7 22 23 32 28 50 50 50 50 50 50 50 36 6 50 50 17 50 50 48 3 47 50 50 50 50 3 50 29 50 50 14 50
22 1 50 45 50 50 50 50 37 50 27 26 50 12 20 0 12 33 50 50 50 29 50 11 50 8 41 50 8 41 50 50 50 50 50 43 50 50 50 50 3 12 7 50 12 50 23 50 50 15 50 12 46 7 34 50 50 7 6 50 50 12 50 50 50 50 50 50 20 46 50 13 50 50 29 50 50 50 50 50 50 34 50 50 25 50 3 50 50 50 38 50 22 26 50 50 50 50
50 50 38 50 50 17 50 50 50 50 50 0 50 50 16 27 33 50 25 32 44 50 38 43 50 50 50 8 34 50 14 50 50 50 47 20 50 17 50 50 20 44 19 33 50 50 50 50 50 32 50 50 49 50 49 3 50 50 25 50 21 50 46 16 50 50 30 50 50 50 23 50 50 50 50 38 50 50 50 50 50 50 50 1 34 40 50 43 50 50 50 50 50 26 31 50 50
50 43 50 26 50 36 50 50 50 50 33 4 50 50 13 5 50 17 50 50 50 50 50 38 50 50 50 50 41 50 0 24 40 50 50 36 34 50 7 50 50 34 50 50 32 50 50 50 50 50 18 50 50 44 31 50 50 50 18 50 50 38 50 37 50 50 44 50 50 30 36 50 50 41 50 50 3 50 50 23 50 25 50 39 50 50 50 50 35 50 50 50 50 50 50 50
50 33 50 50 50 49 17 50 50 40 1 50 50 50 0 50 47 31 50 50 17 50 7 50 1 38 24 39 50 50 0 37 35 50 50 10 50 50 50 22 50 0 28 50 50 44 50 16 50 50 50 50 1 20 10 50 7 50 33 50 33 0 9 35 14 2 50 1 50 50 50 42 50 13 20 50 50 50 16 50 9 50 33 30 28 27 46 31 19 43 50 50 7 50 50
50 50 50 50 50 50 29 41 50 50 50 50 50 13 17 22 23 39 50 50 50 50 50 50 48 9 42 38 32 33 50 50 11 36 22 50 50 45 50 39 45 50 5 47 50 50 5 17 50 8 45 50 50 50 50 39 7 50 50 39 37 3 50 50 50 34 50 40 50 50 35 50 36 50 50 50 7 50 32 50 12 50 50 0 50 4 50 50 50 50 50 33 22 50
50 22 50 18 50 32 50 50 24 50 4 50 50 8 13 32 31 26 50 50 50 34 11 24 50 12 50 14 22 38 47 10 50 50 23 50 39 50 14 12 50 50 50 10 50 50 50 50 50 15 50 50 47 27 50 26 50 50 37 0 10 30 50 50 50 50 50 1 20 23 50 49 44 50 50 50 50 50 50 7 50 45 50 50 50 50 46 50 43 50 50 24 50
50 50 50 33 12 50 50 48 6 50 50 44 50 35 27 50 50 35 50 50 50 8 49 50 50 50 22 50 50 27 50 50 50 13 43 38 47 18 36 50 50 50 47 46 50 38 50 32 45 7 50 50 50 50 11 50 50 50 50 24 8 7 17 5 50 48 50 9 50 50 25 18 50 2 50 50 5 42 33 16 50 50 4 40 47 50 50 50 39 17 42 50
49 3 50 47 35 28 50 25 50 10 15 50 50 40 21 50 50 50 36 50 26 49 24 50 50 50 50 50 23 50 50 45 50 50 31 50 50 16 50 3 34 50 50 50 50 50 8 50 50 1 39 49 38 41 19 50 29 50 50 3 50 16 49 49 50 50 50 19 50 50 50 50 50 46 6 50 49 50 50 50 50 50 29 42 50 27 31 50 23 50 50
33 50 50 50 50 50 50 13 50 50 9 23 50 50 13 2 50 32 28 41 50 24 50 50 4 8 22 20 5 16 50 50 50 50 50 28 50 33 5 20 33 50 45 25 37 50 50 50 8 50 50 50 21 50 46 6 50 50 50 50 50 50 50 29 24 50 22 50 50 28 40 32 4 0 50 26 50 21 40 50 1 50 27 50 45 50 50 11 50 50
24 50 23 11 50 3 48 30 50 50 50 10 50 36 46 50 43 22 50 13 48 50 50 50 34 50 50 50 6 50 50 50 50 42 17 50 30 22 50 30 50 50 50 9 50 50 4 31 50 15 50 49 50 12 23 50 50 50 50 50 50 2 50 44 25 45 50 50 18 2 47 19 24 3 50 19 47 39 50 50 50 50 35 37 50 50 47 8 50
33 50 44 36 0 19 15 50 50 50 28 50 50 50 50 50 50 48 50 8 21 21 50 50 3 50 50 37 23 50 49 50 27 30 50 50 50 15 19 50 50 30 42 50 50 50 50 33 50 50 50 39 9 50 44 50 50 49 50 50 50 32 10 50 45 25 22 2 50 50 50 37 12 50 50 50 4 41 50 35 50 50 50 50 14 50 50 50
19 34 3 2 41 50 30 19 50 4 50 50 50 50 30 50 46 43 50 40 50 44 30 50 43 50 50 10 50 50 50 50 50 48 25 26 50 50 0 50 50 25 50 28 31 49 43 12 50 15 50 50 8 50 50 47 2 9 50 16 50 50 35 14 50 5 50 50 50 44 2 29 37 50 39 29 50 50 50 50 50 50 50 50 50 50 50
12 50 31 27 50 30 50 13 50 50 18 50 50 12 50 50 16 17 50 50 29 50 50 39 50 50 50 35 38 41 50 18 50 41 11 50 50 47 1 40 50 50 47 50 50 36 50 50 50 50 18 25 50 50 45 50 50 30 18 50 50 50 9 13 50 50 50 50 6 50 50 50 46 14 50 50 32 50 3 48 4 27 50 16 50 50
7 50 12 48 19 50 46 1 31 24 20 50 25 42 9 50 50 13 50 28 50 50 4 50 50 50 50 5 50 50 42 50 50 33 50 50 50 50 21 33 50 20 50 4 50 22 3 14 25 28 50 29 43 21 50 41 50 50 50 50 50 6 37 50 50 15 2 50 50 50 13 8 50 50 30 33 50 50 50 50 50 50 50 50 50
30 50 26 13 50 31 5 50 50 50 22 35 6 20 50 50 25 50 18 50 38 50 8 50 37 50 3 50 31 46 50 50 45 4 50 7 42 36 50 50 45 50 50 0 19 19 46 50 47 48 50 50 50 50 23 50 3 0 50 50 50 3 50 42 50 50 50 50 18 50 50 50 50 20 50 45 10 50 50 28 15 50 41 50
50 50 50 50 50 23 8 4 13 50 9 31 39 14 50 50 36 50 50 50 3 50 50 50 16 43 50 50 50 10 50 50 10 37 50 50 50 50 20 50 50 50 26 46 50 50 15 47 10 50 50 34 50 50 50 45 50 42 35 0 12 50 50 41 33 50 21 9 50 50 50 50 50 13 24 43 50 50 50 32 50 50 50
15 50 50 50 28 34 3 15 6 50 19 16 50 4 4 50 50 5 50 50 19 50 33 44 23 3 39 41 50 32 50 24 36 22 50 50 50 50 50 12 50 50 50 45 50 50 50 50 11 50 9 4 25 48 0 50 3 50 19 50 29 7 20 50 50 50 50 50 50 24 50 50 50 50 50 50 50 50 21 50 50 50
25 50 50 50 50 50 46 23 6 50 50 50 50 50 42 50 50 29 50 50 16 50 50 50 50 18 50 50 50 50 33 50 50 29 1 50 50 50 17 50 50 26 50 50 50 50 2 24 50 29 12 50 50 31 25 20 50 14 4 35 47 50 30 50 50 50 50 1 50 50 11 50 50 50 27 50 50 21 50 48 50
50 10 50 21 50 33 50 50 50 19 0 24 39 50 12 50 50 50 41 36 50 13 1 50 50 6 28 50 30 6 50 29 50 50 13 50 50 42 50 23 50 50 50 43 40 50 50 23 24 50 50 36 50 50 21 19 13 50 10 50 50 48 50 50 50 50 50 12 5 50 50 50 50 36 50 25 50 8 50 50
50 50 50 50 50 38 45 50 38 50 50 50 50 50 50 45 7 50 47 50 50 50 50 50 32 50 50 50 26 50 38 50 50 36 39 50 50 50 50 50 27 33 8 50 2 25 4 50 27 50 0 5 46 50 9 50 50 50 50 48 4 12 30 50 50 1 27 14 23 25 22 50 50 50 50 26 50 43 50
50 33 18 15 41 33 50 50 17 2 37 17 50 50 8 50 50 50 34 6 48 50 32 50 50 50 38 13 46 50 50 50 12 50 50 50 11 50 50 6 3 50 40 19 16 3 50 50 50 50 2 1 42 10 44 50 50 50 50 50 7 50 35 50 50 50 6 50 50 50 50 24 50 50 50 50 50 50
35 50 50 50 45 50 50 50 50 25 50 9 50 16 46 50 7 16 50 50 35 5 50 40 50 50 50 50 50 50 8 50 50 50 29 26 41 50 50 50 50 24 50 50 50 50 50 11 3 50 42 50 6 50 50 50 50 24 50 11 50 42 50 19 14 50 13 50 50 21 50 50 50 8 32 50 50
50 50 15 50 16 33 50 2 50 50 50 21 49 50 50 50 28 50 5 50 50 50 50 50 50 1 42 50 50 50 50 8 28 35 22 22 50 50 20 50 50 21 14 50 16 50 5 13 50 50 3 50 50 50 50 50 45 7 50 25 50 50 37 50 35 25 50 50 50 50 50 50 50 31 7 50
50 39 45 50 50 50 50 50 33 13 50 24 7 50 50 47 15 50 37 50 50 50 50 11 50 50 50 39 50 50 50 24 3 50 50 42 1 13 50 50 50 42 38 36 6 33 50 35 39 50 32 50 37 50 50 50 50 50 50 50 8 50 50 50 14 50 34 50 0 50 43 41 35 50 50
50 50 25 50 32 38 48 4 50 50 46 50 50 8 4 50 41 17 50 1 5 19 31 50 50 50 50 50 16 50 7 50 50 3 4 50 50 14 50 50 16 24 50 50 0 25 44 50 50 50 50 16 50 28 50 34 50 33 50 50 50 17 50 15 8 12 6 50 50 15 50 50 1 50
21 50 50 16 13 50 36 50 50 50 50 50 50 50 9 12 50 45 50 12 50 50 50 49 50 19 50 46 50 31 50 39 37 2 50 50 23 50 2 50 50 31 1 46 50 38 50 50 30 11 50 50 5 50 50 50 50 50 25 50 31 50 10 22 26 0 50 12 42 50 6 50 50
50 5 50 41 50 50 19 50 50 27 50 45 14 50 11 50 50 21 50 50 24 9 50 50 12 50 46 50 50 47 50 50 50 17 50 50 50 50 21 50 50 50 50 50 50 43 50 31 50 25 50 50 50 16 50 27 36 43 10 29 50 50 50 50 50 10 50 22 50 50 4 50
50 28 0 17 23 50 47 50 17 45 30 13 50 50 50 24 50 15 50 50 32 50 32 13 50 39 50 6 50 49 18 50 50 50 50 40 50 50 36 50 50 50 50 50 50 50 50 3 21 28 50 45 24 5 24 50 50 50 6 50 14 50 50 50 50 50 5 33 13 50 50
50 50 3 50 50 2 15 15 13 50 50 46 50 41 50 5 50 36 50 18 50 12 14 50 41 31 45 6 1 35 50 2 50 44 39 13 50 4 22 41 50 3 50 5 50 50 50 50 11 27 18 50 11 19 41 50 50 50 50 36 50 50 15 32 50 50 50 50 50 50
50 39 7 50 50 10 50 50 47 50 50 48 50 2 50 50 47 50 50 27 50 50 50 50 50 38 33 50 14 50 2 50 50 30 50 50 50 42 50 13 50 45 5 50 34 50 15 13 48 22 50 0 23 50 50 50 24 50 36 9 43 50 50 26 50 41 50 50 50
27 50 50 14 7 11 50 32 50 50 50 24 50 36 50 40 39 50 50 50 46 50 50 50 38 18 24 50 50 50 50 0 3 20 50 38 40 38 0 50 50 50 50 20 50 22 50 29 50 47 50 7 50 50 50 1 50 50 50 50 28 50 50 50 44 16 42 50
50 50 50 50 50 40 14 50 14 50 15 50 50 32 34 42 25 14 33 50 17 15 50 6 50 25 50 50 19 47 50 47 50 37 38 50 36 15 7 50 50 14 2 15 14 42 32 50 30 36 49 48 28 40 40 50 50 50 50 9 50 50 38 50 50 50 50
43 50 50 50 39 50 50 50 50 27 23 50 50 50 50 50 45 45 50 50 35 44 48 50 47 25 17 50 40 23 50 50 5 50 50 50 50 50 2 12 50 50 13 34 8 50 50 50 33 50 0 50 9 50 50 50 50 50 50 8 50 50 50 50 45 50
21 40 50 50 49 50 34 50 31 30 36 29 50 50 50 50 36 38 50 50 50 50 50 46 42 50 38 50 5 50 50 17 50 50 50 26 50 41 34 50 49 50 50 50 39 33 50 50 50 25 50 50 50 50 2 50 50 26 50 50 50 50 31 50 50
50 50 50 50 50 50 50 18 50 16 19 48 8 50 5 50 50 50 39 50 50 13 29 13 50 50 40 12 50 50 4 50 45 50 50 50 28 15 1 50 26 10 50 50 50 24 22 28 50 50 45 42 50 50 50 50 11 7 50 50 50 50 50 50
50 3 50 50 50 11 50 38 27 33 50 50 17 50 2 50 4 50 50 41 31 28 50 0 50 44 50 50 50 50 50 17 50 50 50 26 46 50 50 4 50 50 27 38 50 50 50 50 18 24 50 50 30 50 3 50 32 50 40 19 50 41 50
50 7 50 50 50 50 42 50 8 50 5 26 29 27 50 50 32 17 7 50 7 50 50 50 50 34 5 30 50 18 21 30 0 40 22 22 41 50 50 27 50 14 5 31 50 11 42 20 50 6 10 9 50 50 12 50 50 50 16 50 50 50
50 36 50 33 12 50 50 6 50 50 7 49 50 50 50 50 27 48 47 50 28 50 50 50 50 50 50 50 50 50 50 50 50 50 20 50 50 50 50 23 22 29 1 50 22 50 50 6 50 24 44 50 50 18 50 50 32 50 38 50 50
17 50 43 50 33 26 50 50 50 50 50 37 50 0 24 14 50 50 47 50 36 46 50 5 50 46 45 50 50 50 50 50 38 50 50 33 50 50 50 20 27 44 11 50 24 50 12 50 14 50 50 34 50 29 50 10 9 50 18 50
17 50 50 6 37 50 20 50 50 50 50 50 50 50 32 46 50 25 50 38 50 50 50 41 35 50 39 50 22 31 50 50 50 19 29 50 50 50 50 50 50 27 48 50 50 50 50 26 39 41 50 50 50 50 2 50 42 36 50
35 21 35 46 50 50 28 29 23 35 50 50 50 50 50 31 50 22 50 42 50 29 50 46 16 50 50 45 50 50 50 50 39 4 30 26 21 50 12 50 25 50 16 3 50 50 31 50 50 50 50 50 50 50 50 15 29 50
50 50 50 50 50 50 4 24 50 50 50 22 37 18 50 26 3 50 50 49 31 50 50 50 27 50 50 50 28 50 50 49 50 50 0 29 9 50 0 50 49 32 39 3 26 50 7 12 50 13 47 34 50 50 39 50 50
22 50 50 18 36 50 50 50 50 8 50 0 50 2 28 50 33 50 19 29 22 16 19 48 40 50 28 1 40 50 50 38 50 10 50 50 50 31 23 50 50 7 50 14 40 50 50 50 50 50 50 26 38 8 50 50
50 18 50 50 50 28 4 31 44 50 50 50 40 2 50 50 44 50 26 46 50 50 50 50 50 50 50 27 35 50 50 50 50 50 50 50 22 50 29 50 50 50 50 50 2 25 40 1 33 50 18 45 36 4 50
50 50 9 50 50 41 50 34 50 50 50 16 46 50 11 16 50 5 48 0 50 50 32 50 50 24 6 7 40 5 7 50 50 50 3 50 30 50 41 50 4 50 46 50 4 45 50 50 34 10 50 50 40 50
37 34 50 50 50 50 50 41 19 50 50 50 50 50 50 37 50 22 50 50 9 50 50 50 50 17 50 30 50 50 50 1 50 15 50 50 43 28 28 50 24 37 50 4 50 50 50 50 50 50 50 50 50
50 50 44 50 6 50 50 50 50 50 50 20 50 50 33 50 50 50 50 50 50 9 37 22 50 48 50 50 8 28 50 50 0 14 28 27 50 29 50 24 43 49 23 30 37 50 50 50 3 50 50 50
50 50 3 17 50 10 50 50 50 50 50 44 50 48 50 50 50 14 1 28 9 50 24 50 3 41 14 38 50 49 50 50 50 27 49 12 50 50 50 50 35 6 50 16 43 50 44 14 21 21 50
50 1 50 50 47 6 39 50 28 3 50 36 8 50 50 50 47 50 50 50 12 50 50 50 50 50 44 50 47 47 11 50 50 8 30 50 27 14 50 3 50 7 30 47 50 50 50 38 50 50
26 6 35 50 13 50 4 50 28 50 50 21 50 8 50 24 50 50 3 43 50 50 34 48 43 50 50 50 35 50 43 28 38 50 33 0 50 50 50 50 50 31 22 50 50 50 50 50 50
50 50 50 50 44 50 50 5 43 9 50 10 50 12 50 50 50 50 50 50 50 13 19 45 50 50 43 30 50 36 50 40 1 50 11 50 50 50 50 50 50 22 27 50 50 50 50 50
50 50 33 49 36 11 50 50 8 50 50 30 50 50 37 43 2 33 50 34 40 50 15 50 37 50 23 15 8 50 23 50 50 50 50 50 50 13 17 50 35 28 23 50 50 50 50
50 50 48 50 50 50 50 9 27 6 43 47 27 25 50 20 50 50 50 50 50 36 10 50 35 50 44 0 40 50 50 37 50 50 50 50 45 28 45 14 25 24 50 50 50 50
50 50 50 50 50 32 8 39 48 50 28 50 50 13 30 50 42 50 50 50 50 38 23 5 41 33 50 34 16 50 44 50 50 48 50 50 50 44 50 17 33 20 50 50 50
32 50 50 50 50 50 21 50 22 41 50 23 50 50 9 50 35 50 50 50 50 24 3 46 50 7 39 50 38 50 43 50 50 30 15 50 4 2 10 50 50 50 50 50
50 50 27 35 50 50 50 46 35 36 50 8 24 24 38 50 50 50 50 50 47 16 50 3 50 50 46 50 50 29 26 50 50 15 50 45 17 24 50 47 50 34 50
2 20 25 43 50 46 37 50 50 20 50 50 50 11 50 6 16 50 50 50 50 10 50 11 6 50 50 50 0 29 21 50 50 33 50 50 50 50 31 50 1 50
50 50 50 50 50 5 50 20 50 9 29 50 27 36 44 9 50 46 40 50 50 50 48 25 11 50 50 2 50 50 50 7 35 50 50 15 50 48 50 50 50
32 1 50 27 50 50 26 50 50 41 50 3 50 37 50 39 27 50 50 13 7 0 20 50 50 3 44 29 50 37 24 9 19 50 50 32 39 50 50 50
50 27 32 50 50 48 13 25 50 30 20 50 34 38 45 50 32 50 50 50 50 8 0 50 50 50 8 6 50 3 50 50 50 50 50 50 50 50 50
50 50 35 4 50 31 50 50 29 50 41 15 50 50 43 50 50 2 25 50 50 50 50 50 50 50 0 30 50 15 50 50 17 50 38 33 50 50
50 50 50 50 38 50 10 41 33 16 47 4 50 50 50 28 50 50 13 12 50 50 50 50 50 11 50 36 50 50 50 50 50 17 29 50 50
50 50 50 50 50 50 39 50 1 50 27 50 50 47 37 25 28 50 50 24 13 26 23 50 40 50 50 50 50 50 50 29 3 50 50 50
45 12 50 2 50 12 35 50 50 50 47 25 32 50 9 21 27 18 50 46 3 50 50 7 50 0 50 50 46 50 7 27 50 15 50
42 44 50 48 49 50 35 50 50 50 50 50 50 50 50 38 50 50 50 18 45 50 50 50 21 6 44 50 18 50 50 50 31 50
50 50 10 50 50 50 43 42 43 50 23 7 50 50 6 40 29 50 26 50 49 50 50 50 50 50 41 50 22 50 2 50 50
24 17 26 50 23 9 50 35 34 50 50 9 50 28 32 41 8 21 50 50 50 50 47 50 50 50 50 50 14 50 19 50
50 50 50 44 50 50 50 50 8 50 50 47 16 50 2 21 7 5 50 44 48 50 50 31 50 50 50 50 50 50 50
50 50 39 50 50 50 28 36 33 16 50 50 50 50 3 10 4 10 13 50 50 0 50 40 50 32 41 50 50 50
40 36 50 50 25 50 50 24 50 50 18 7 1 50 50 12 50 50 50 50 50 21 50 50 1 27 47 10 50
36 50 50 45 3 10 4 50 50 50 50 50 50 50 50 41 50 0 50 28 25 31 50 24 50 50 50 50
50 50 17 50 29 50 35 21 50 50 50 50 41 50 50 25 50 36 50 50 50 50 50 50 36 50 50
50 29 44 50 9 1 50 5 2 50 18 50 50 10 28 50 50 42 42 14 23 50 11 50 50 50
50 26 32 31 50 39 50 29 18 50 31 50 50 50 50 35 50 50 50 11 39 15 50 50 50
35 50 13 42 20 39 24 18 11 50 20 17 50 50 50 39 50 50 36 50 50 28 28 50
50 50 16 50 50 50 50 50 33 50 50 50 50 50 36 39 50 47 50 50 30 50 50
16 50 50 4 50 30 50 49 6 50 50 50 50 50 27 47 41 42 37 25 32 50
14 50 50 6 50 50 50 28 50 27 50 50 50 50 25 6 50 50 50 50 50
50 50 50 24 50 17 50 50 50 12 50 50 50 50 5 35 28 50 8 50
49 23 50 32 50 50 50 50 10 50 50 50 50 50 50 46 1 30 50
20 50 2 29 30 50 2 2 50 10 50 50 50 25 50 50 14 50
50 7 32 3 50 22 50 50 10 50 1 50 50 4 50 25 50
50 26 15 50 40 50 50 49 25 50 14 22 38 50 50 50
50 50 34 40 50 30 50 2 50 50 25 20 50 0 50
4 50 14 50 26 50 22 15 3 8 50 50 4 50
34 50 1 50 10 50 50 50 16 50 50 50 50
32 44 50 50 41 50 50 0 50 50 5 50
50 50 50 43 50 41 50 40 50 50 50
50 19 50 6 50 45 27 50 39 50
50 46 40 28 50 13 50 50 50
50 50 50 34 50 50 12 50
5 50 50 49 50 6 50
50 42 42 19 33 50
50 50 50 18 50
50 50 50 50
33 50 50
50 50
50
