
11;13;146.916;12006.1;11488.1;518.026;11858.8;100;1;0;1838;0;1829;0
11;13;144.82;11886.3;11370;516.296;11741.2;100;1;0;1838;0;1829;1
11;12;40.38;5526.61;5284.68;241.93;5486.11;100;3;0;868;0;861;2
11;12;36.409;35279.7;33864.8;1414.96;35242.2;100;3;0;5350;0;4999;3
11;13;162.931;8878;8503.78;374.214;8714.82;100;1;0;1336;0;1328;4
11;12;36.222;22903.2;21950.4;952.827;22866.6;100;3;0;3497;0;3419;5
11;13;93.924;1025.05;984.119;40.929;931.072;100;2;0;139;0;139;6
11;12;77.102;23094;22133.4;960.618;23016.5;100;3;0;3556;0;3446;7
11;12;36.896;23059.6;22103.7;955.93;23022.2;100;3;0;3465;0;3413;8
11;12;100.07;14712.4;14073.7;638.674;14612;100;2;0;2309;0;2295;9
11;12.4;87.567;15837.1;15175.7;661.44;15749.2;100;0;11;15749.2;22;0;24196;0;23558