50 50
45 36 48 21 50 9 36 9 44 6 34 0 38 4 7 13 50 41 5 15 1 30 13 50 9 50 16 38 50 7 34 30 18 50 50 46 35 43 50 37 25 40 35 13 27 36 41 8 31 
36 49 4 49 18 50 13 42 45 18 14 43 39 39 2 6 47 32 7 21 50 39 42 50 26 20 50 50 17 41 19 50 40 16 30 39 5 3 17 16 11 43 50 16 41 12 15 14 
1 25 34 20 4 17 33 12 48 41 31 34 35 42 38 43 25 33 18 0 21 22 14 26 29 6 50 50 28 33 25 10 45 50 44 8 38 2 17 7 19 24 50 2 40 50 36 
29 32 43 45 49 18 50 50 14 50 42 46 24 16 40 38 12 50 21 12 27 21 23 17 49 24 50 4 5 44 50 0 6 22 33 30 12 19 19 24 20 40 30 5 38 29 
50 50 23 50 50 39 6 6 24 42 24 34 36 4 43 39 33 6 49 30 34 31 30 31 46 50 21 45 32 44 39 5 22 9 49 26 1 24 10 2 50 19 5 4 6 
50 3 9 48 18 11 50 34 23 21 3 7 34 50 45 21 16 4 23 8 28 10 49 16 23 37 11 25 38 28 22 2 50 50 26 3 32 7 50 34 50 36 33 23 
50 1 47 10 29 41 30 50 42 7 50 50 7 5 47 8 25 42 21 24 29 33 7 50 30 0 37 50 38 10 20 50 12 22 5 10 50 50 38 50 18 19 6 
12 36 48 34 27 41 4 19 16 8 2 39 27 27 7 5 50 45 29 23 26 0 0 9 29 19 11 27 14 6 44 2 19 50 41 41 37 41 50 7 48 7 
12 28 25 50 0 3 9 50 12 30 6 14 22 41 17 31 36 32 50 20 23 50 50 39 48 13 44 17 43 18 34 41 23 50 50 33 2 23 47 39 50 
16 50 30 50 10 4 40 14 8 28 38 32 9 50 16 50 24 9 35 16 32 36 4 43 5 30 1 15 2 50 50 50 13 50 41 10 15 32 27 50 
47 30 19 48 25 50 35 33 6 15 34 18 17 48 32 29 9 12 18 25 8 19 13 26 35 5 39 13 9 26 28 9 10 5 25 49 36 40 21 
14 43 18 49 4 50 14 16 22 49 22 8 9 6 44 24 9 2 12 33 25 46 3 32 50 44 50 14 11 32 40 50 5 44 5 11 12 25 
13 8 6 6 26 23 8 50 12 50 24 25 22 41 50 48 0 27 4 17 27 41 50 20 11 28 23 50 50 24 32 26 31 28 24 26 47 
15 17 34 20 6 7 47 44 12 22 4 47 21 38 11 29 50 14 27 50 8 6 48 11 40 26 11 26 43 45 42 4 8 5 49 33 
31 50 32 50 4 26 26 0 38 18 39 3 43 45 46 3 46 42 20 5 50 5 23 21 7 39 2 47 21 2 46 8 18 50 41 
50 23 12 44 7 15 1 14 18 34 50 25 14 23 50 50 0 26 40 9 5 22 50 5 50 21 5 33 50 0 14 0 22 12 
50 39 25 50 38 50 18 43 50 50 13 17 43 47 21 32 40 49 7 40 16 38 43 44 2 2 35 50 50 50 50 50 50 
50 50 50 50 50 6 50 50 50 50 50 50 50 50 50 50 50 50 50 50 50 50 50 50 50 50 50 50 15 50 50 50 
50 50 50 50 50 50 50 50 50 50 50 50 50 50 50 50 50 50 50 50 50 50 50 46 50 50 50 50 50 50 50 
50 50 50 50 50 50 50 8 50 50 50 50 50 50 50 50 50 50 50 50 50 50 50 50 50 50 50 50 50 50 
50 50 50 50 50 50 50 50 50 50 20 50 50 50 50 50 50 50 50 50 50 31 50 50 50 50 50 50 50 
50 50 50 50 50 50 50 50 50 50 50 50 50 50 50 50 50 50 50 50 50 50 50 50 50 50 50 50 
50 50 50 50 50 50 50 50 50 50 50 50 23 50 50 50 50 50 50 50 50 50 50 50 50 50 50 
50 25 50 50 50 50 50 50 50 50 50 50 50 50 50 50 50 50 50 50 50 50 50 50 50 50 
50 46 50 50 50 50 50 50 50 50 50 50 50 50 50 50 14 50 50 50 50 50 50 50 50 
50 50 50 50 50 50 50 50 50 50 50 50 50 50 50 50 50 50 50 50 50 50 50 50 
50 50 50 50 50 50 50 50 50 50 50 50 50 50 50 50 50 50 50 50 50 50 50 
50 50 50 50 50 50 44 50 50 50 50 50 50 50 50 50 50 50 50 50 50 50 
50 50 21 50 50 50 50 50 50 50 50 25 50 50 50 50 50 50 50 50 50 
50 50 50 50 50 50 6 50 50 50 50 50 50 50 50 50 50 50 50 50 
50 50 50 50 50 50 50 50 50 50 50 50 50 50 50 50 50 50 50 
50 50 50 50 50 50 50 50 50 50 50 50 50 50 50 50 50 50 
50 50 50 50 50 50 50 50 50 50 50 50 50 50 50 50 50 
9 50 50 50 50 50 50 50 50 50 50 50 3 50 50 50 
50 50 50 50 50 50 50 50 50 50 50 50 50 48 50 
50 50 50 50 50 50 50 50 50 50 50 50 50 50 
50 50 50 50 50 50 50 50 50 50 50 50 50 
50 50 50 50 50 50 50 50 50 50 50 50 
50 14 50 50 50 50 50 50 50 50 50 
50 50 50 15 50 50 50 50 50 50 
50 50 50 50 50 50 50 50 50 
50 50 50 50 50 50 50 50 
50 50 50 50 50 50 50 
50 50 50 50 50 50 
50 50 50 50 50 
50 50 50 50 
50 50 50 
50 50 
50 

