100 25
16 25 18 7 10 10 10 20 18 25 21 8 9 21 24 23 14 7 7 5 4 5 14 8 25 25 21 13 3 21 25 10 25 1 25 25 24 16 1 1 9 20 10 13 1 24 9 22 25 25 12 4 25 3 25 24 23 3 14 1 0 4 25 6 25 25 8 1 2 16 25 18 25 8 16 25 20 25 20 11 25 11 20 25 23 23 24 25 8 8 11 25 7 7 25 9 17 23 22 25
25 12 25 10 16 6 25 3 25 25 25 25 0 18 25 18 12 9 25 17 19 11 21 10 10 25 25 17 25 25 24 25 15 6 20 20 20 10 21 11 14 1 2 25 3 25 25 25 25 22 4 13 17 25 12 15 25 13 25 0 0 25 7 25 25 9 25 25 0 18 18 4 19 24 1 7 23 14 25 25 17 18 6 25 25 16 25 10 25 25 25 25 14 14 25 25 25 10 25
3 25 25 25 2 25 25 25 25 0 2 4 25 25 25 19 18 25 15 12 15 11 24 4 25 8 23 25 8 1 13 25 25 25 25 9 5 2 7 25 15 2 25 22 8 25 16 25 22 25 25 5 8 24 25 25 25 19 13 10 25 22 25 25 17 25 24 9 1 15 14 10 25 23 25 6 25 17 25 25 21 18 21 25 2 14 24 20 25 25 25 25 25 23 4 13 11 25
25 25 25 18 7 25 21 25 8 7 14 25 25 11 25 25 12 14 9 7 25 12 21 25 5 25 25 0 23 25 1 25 25 1 21 2 15 18 25 12 25 17 7 25 18 25 16 25 16 25 25 25 3 23 25 25 11 13 25 11 22 25 25 25 25 22 25 25 24 25 25 23 25 25 25 5 0 4 14 25 25 25 19 21 0 17 1 25 0 8 12 25 10 10 25 23 25
25 6 4 25 22 25 25 25 4 25 25 25 6 13 11 2 25 21 23 25 25 19 14 25 4 25 20 25 25 23 15 25 10 25 25 25 25 14 25 12 25 23 17 25 25 25 25 1 23 25 10 5 1 25 4 25 25 7 25 9 24 5 25 25 3 25 25 25 25 5 25 25 8 25 25 13 25 0 25 25 1 0 25 18 25 25 10 18 25 25 22 5 23 25 25 25
16 25 25 17 25 1 25 25 24 25 25 16 25 5 25 25 25 25 15 14 25 16 25 12 25 4 25 25 25 11 25 13 1 25 7 25 11 25 25 22 10 18 17 21 9 22 4 22 25 25 25 14 25 25 5 25 25 25 4 25 23 22 25 6 25 17 25 23 23 3 11 13 25 4 4 24 17 25 25 6 1 1 25 25 25 10 3 25 15 8 19 25 6 3 25
25 25 13 13 2 25 12 16 15 25 1 25 7 13 25 25 25 8 19 24 3 25 25 24 0 25 25 25 13 13 13 25 5 25 25 20 25 3 13 13 25 24 25 25 25 25 17 25 25 25 0 4 10 0 0 25 7 8 25 25 25 5 5 25 0 4 5 25 8 25 25 25 22 16 25 20 8 25 25 25 5 10 21 12 25 25 10 23 14 13 13 20 16 25
6 9 25 25 25 25 25 25 25 25 14 11 25 25 25 22 5 11 2 13 25 17 20 7 25 25 25 14 25 25 14 22 19 25 25 25 15 25 2 16 14 25 5 25 7 12 25 25 25 22 10 24 19 16 25 8 24 25 3 17 16 3 20 25 25 25 25 10 8 7 3 25 8 21 10 25 25 4 25 23 25 6 25 0 25 25 25 25 25 8 10 25 25
25 22 8 9 18 21 2 23 25 7 25 18 25 20 15 25 25 25 25 4 23 0 25 16 25 5 25 25 14 25 11 13 7 25 19 25 16 25 22 6 25 11 6 25 18 25 20 2 5 22 25 2 25 8 25 24 25 25 25 15 14 17 25 25 6 25 11 25 25 18 25 19 25 21 25 5 25 18 25 23 25 25 25 6 10 25 25 25 16 25 8 25
25 19 0 17 25 7 16 25 25 10 25 4 1 25 9 25 22 25 25 25 5 18 25 25 24 25 18 25 23 25 25 25 25 25 25 25 4 25 2 10 25 25 14 16 16 8 25 13 17 25 4 5 25 23 13 2 1 25 25 25 25 19 11 25 15 5 10 25 16 10 6 17 25 25 13 22 15 25 25 25 15 25 25 25 17 1 23 14 12 20 25
17 7 25 22 19 12 20 20 15 25 22 25 19 19 25 18 15 25 7 16 25 21 6 25 25 25 8 5 19 10 24 25 25 23 25 25 2 25 25 4 13 25 12 3 7 20 25 18 25 3 25 11 17 25 25 7 22 25 0 25 25 5 1 25 25 9 25 25 16 25 25 25 25 23 25 25 19 25 25 25 18 9 4 4 7 25 25 7 25 25
25 16 5 25 25 25 15 25 14 19 14 25 25 16 6 25 25 25 25 5 25 25 25 25 4 5 21 6 25 25 6 5 25 24 25 25 16 23 16 14 25 7 8 21 21 25 15 3 12 25 25 25 16 0 10 25 25 25 2 2 23 25 16 25 9 25 7 25 10 0 25 19 6 3 15 25 25 25 9 25 25 13 6 0 23 12 0 11 25
15 10 25 12 25 7 25 25 25 19 25 25 22 19 25 8 5 23 0 25 24 25 11 25 25 9 18 7 25 16 7 0 25 25 25 23 7 25 0 18 25 12 25 21 4 25 7 21 25 1 25 17 25 9 25 13 8 6 25 17 25 1 25 3 1 25 25 25 20 25 17 25 23 5 25 25 25 25 3 25 2 10 25 25 3 3 0 25
19 25 25 25 10 19 25 25 25 24 25 25 25 25 24 1 3 15 6 22 2 25 16 25 5 21 22 25 25 8 25 11 10 25 12 25 25 25 25 4 20 15 18 25 25 25 2 1 25 25 23 25 24 25 25 11 13 2 10 25 1 25 25 25 25 25 25 3 23 25 25 25 25 22 25 25 25 25 25 4 25 25 25 25 25 4 25
25 25 2 13 21 25 25 25 15 25 8 25 9 25 25 4 25 3 16 1 25 25 24 18 25 25 25 25 25 25 25 7 25 9 13 25 20 25 25 20 1 25 4 13 19 13 21 20 16 21 25 21 6 25 23 25 25 25 3 17 20 24 5 8 11 25 22 5 25 25 5 25 23 25 25 20 5 12 2 6 20 25 7 25 25 25
25 25 25 5 25 25 16 1 4 25 7 11 25 25 25 25 4 15 25 25 25 25 24 3 3 9 24 6 8 6 16 13 17 5 25 25 8 25 20 11 3 25 21 25 16 22 9 25 25 13 25 5 12 23 16 25 25 17 20 12 25 16 25 15 14 25 4 25 12 25 25 25 18 22 25 0 21 25 25 2 19 2 16 24 25
25 7 25 25 9 25 0 5 25 25 4 16 17 25 12 25 25 2 19 25 25 25 25 24 25 16 12 25 12 25 23 25 25 8 17 23 25 25 8 25 25 24 25 25 25 15 12 25 25 25 14 2 25 1 25 22 6 2 20 25 2 17 25 25 21 25 25 0 25 25 13 25 25 1 25 13 2 10 25 25 23 25 25 25
25 1 25 19 7 6 25 18 25 12 19 3 25 25 8 25 8 23 25 12 22 9 25 12 25 25 19 25 11 18 11 25 10 25 25 17 25 25 10 1 25 16 17 23 19 25 25 17 25 13 13 25 25 14 25 20 5 25 18 25 25 20 0 25 21 14 25 12 21 25 25 16 25 25 25 25 25 15 25 25 25 13 25
0 25 23 21 25 2 25 25 25 4 18 20 7 25 25 14 6 25 25 16 25 25 25 25 6 13 25 3 13 8 25 16 25 25 25 24 25 25 8 25 25 22 25 25 25 1 2 16 25 5 25 25 7 25 25 18 25 9 25 25 17 25 25 11 12 18 2 2 10 25 25 23 25 25 5 25 25 21 5 25 5 25
25 4 7 9 0 15 25 3 25 6 22 20 24 25 23 4 25 25 9 2 23 25 25 25 25 25 12 25 15 25 13 9 11 25 7 13 25 25 23 25 9 8 24 25 25 18 6 25 25 17 5 25 15 25 0 25 25 11 21 14 25 21 12 0 7 10 19 25 25 12 25 25 19 25 17 25 7 16 25 0 25
3 20 25 25 17 25 10 0 16 25 25 21 20 25 25 25 25 25 22 25 25 6 9 17 25 25 25 25 25 18 2 25 8 25 25 25 2 7 25 10 4 11 25 2 23 13 25 4 25 25 11 25 8 7 19 15 23 6 25 3 3 24 19 25 18 10 25 25 3 1 11 25 25 19 19 25 25 25 23 25
12 14 15 25 24 25 25 16 25 25 25 16 12 18 14 2 25 4 1 25 25 25 25 25 25 11 1 8 25 7 25 25 21 25 25 8 15 15 25 2 0 25 3 17 2 25 2 25 25 16 3 3 13 6 17 25 3 2 14 23 10 3 18 20 8 25 16 25 25 14 25 4 13 17 6 4 25 25 25
25 8 22 15 9 7 25 19 4 24 25 6 21 25 15 25 25 19 25 1 25 25 25 10 0 21 25 25 22 25 21 19 25 14 8 25 25 10 0 25 13 14 2 25 25 25 14 25 6 21 8 21 25 1 25 25 8 6 20 25 25 20 25 25 14 21 25 2 23 25 3 5 25 16 19 25 18 25
3 5 14 25 23 25 25 0 7 0 25 1 20 10 21 25 25 25 25 9 25 25 16 6 0 25 6 22 25 25 25 19 16 15 2 17 25 19 2 1 1 18 25 13 25 25 25 25 25 24 25 8 7 25 25 25 15 11 12 25 24 2 25 25 25 6 17 25 4 25 20 25 25 15 25 25 25
25 3 13 15 22 25 25 1 13 6 20 25 25 25 25 25 22 25 25 14 4 11 11 25 2 13 24 2 25 25 25 24 25 5 13 16 25 25 6 25 25 25 2 25 25 25 24 6 23 25 3 9 19 25 0 25 4 25 16 11 25 17 18 20 6 25 23 7 25 3 25 7 5 18 6 25
1 2 4 8 25 25 25 25 25 25 3 5 25 25 17 25 25 22 25 25 25 25 25 25 13 20 25 25 3 7 5 25 25 25 24 25 25 3 25 25 9 15 2 25 25 25 25 25 1 25 2 14 11 17 25 9 25 2 21 25 25 0 1 4 25 12 25 23 25 25 0 19 25 6 25
1 8 25 25 12 22 6 19 15 25 25 7 25 25 4 25 19 0 25 1 25 25 14 13 19 25 25 25 11 25 10 25 25 25 16 9 25 25 25 23 25 0 25 21 7 25 25 5 4 18 25 19 25 25 25 20 25 19 9 25 25 25 25 13 1 25 25 25 4 25 25 18 25 25
25 25 14 25 13 8 16 25 3 0 2 25 12 23 25 25 7 25 25 17 11 19 10 0 25 25 6 16 25 18 25 25 25 25 4 25 25 6 25 23 6 0 25 17 24 25 6 21 18 15 15 5 25 6 25 25 9 6 25 25 15 5 25 7 25 14 2 25 4 25 25 21 25
25 25 25 8 13 25 25 24 24 25 20 25 25 17 17 25 3 13 14 25 3 25 16 6 25 25 5 25 25 25 25 25 25 3 25 25 25 0 20 10 25 18 0 24 25 19 25 25 25 25 25 9 21 13 11 25 11 25 25 22 15 0 0 25 4 11 15 25 25 4 8 25
15 25 25 11 9 25 23 22 19 24 10 25 23 25 25 22 25 25 19 12 25 25 25 25 15 25 4 2 25 25 13 2 12 25 25 21 3 25 25 11 25 20 21 25 20 25 25 20 7 7 1 15 8 14 25 6 25 15 25 22 25 24 25 10 1 3 20 11 25 25 25
25 9 17 25 5 25 25 25 25 9 25 25 18 7 25 6 0 25 22 19 6 10 1 2 6 25 24 22 22 2 25 15 20 13 25 25 8 9 25 6 8 21 25 25 18 17 25 0 19 25 25 8 25 25 25 5 25 11 7 25 25 11 21 7 5 8 25 19 25 25
25 22 3 25 10 25 25 9 14 25 25 25 25 17 11 25 23 21 17 8 25 25 25 25 2 25 14 0 25 11 25 25 25 11 14 25 25 21 25 25 25 25 14 25 25 25 25 11 2 20 25 1 25 25 13 8 25 25 25 20 25 25 8 25 25 25 25 25 25
25 25 2 14 25 3 25 14 25 24 25 25 9 15 15 25 10 22 25 0 12 25 25 20 14 25 23 25 25 25 25 25 25 8 25 2 25 0 12 20 19 1 25 25 21 25 12 25 25 25 25 25 25 25 11 25 25 23 11 6 23 25 25 0 17 25 25 25
24 24 25 25 21 25 25 14 25 25 16 0 21 18 9 8 25 25 25 12 24 0 24 1 12 8 25 25 25 13 25 25 25 13 10 9 25 25 25 12 3 10 16 19 14 25 25 25 25 24 25 5 22 7 14 25 25 25 5 20 25 25 25 25 17 1 25
12 25 9 17 25 7 25 25 25 10 17 25 0 25 25 25 1 19 25 15 25 25 17 25 25 4 25 5 21 25 4 25 12 25 2 23 25 18 25 25 25 3 25 18 13 25 25 10 22 25 16 25 25 25 25 25 2 16 6 25 25 9 22 14 25 25
25 5 25 2 25 25 25 25 9 25 1 23 25 16 25 25 25 25 25 25 25 25 25 7 25 14 25 25 12 25 16 25 25 25 25 13 25 20 11 25 8 25 17 15 24 25 14 25 19 17 25 11 0 25 25 25 25 1 25 25 14 14 25 25 25
25 21 0 3 19 9 17 25 12 25 25 25 25 25 18 22 5 1 15 23 25 25 10 22 25 17 25 25 25 25 25 24 5 3 8 8 23 4 25 3 3 14 7 9 25 25 20 1 25 17 2 17 14 25 25 6 25 18 6 18 20 25 20 25
11 5 7 23 7 21 25 8 25 25 25 25 25 25 25 25 25 15 15 15 25 25 5 25 25 25 25 9 18 19 25 25 25 22 6 25 13 25 25 3 25 21 22 25 24 25 5 17 3 12 7 25 11 24 25 25 4 23 25 25 25 25 25
8 25 9 18 22 25 25 25 13 22 25 25 25 25 25 5 15 25 20 25 12 25 8 4 25 25 25 25 25 25 11 25 21 16 18 22 25 10 11 25 25 11 25 17 25 3 12 16 25 25 25 0 15 11 25 24 25 6 22 22 18 25
25 11 25 8 6 25 25 4 3 0 25 25 15 10 11 7 25 25 25 25 25 9 21 18 25 16 25 25 8 19 0 21 22 16 19 25 9 25 25 12 25 25 11 25 16 6 15 20 22 8 25 16 23 11 25 8 23 8 16 19 25
8 24 1 25 25 25 21 25 24 4 17 25 14 25 3 15 25 7 1 25 4 18 14 25 25 25 10 25 18 14 25 2 25 25 21 13 17 1 5 23 25 25 25 25 14 9 25 25 25 25 21 14 25 12 18 25 12 21 25 25
19 0 15 25 25 21 9 25 25 25 12 25 21 25 1 25 25 25 22 0 25 0 1 16 25 25 15 20 11 17 19 10 25 6 3 25 25 25 25 1 25 23 25 23 25 17 6 25 14 25 25 10 6 16 25 25 0 24 25
10 3 19 25 8 4 25 2 14 6 15 9 25 25 25 2 9 16 18 13 10 15 19 25 18 19 18 19 25 25 25 12 25 25 5 12 19 25 0 1 10 2 25 14 12 25 2 24 14 10 0 13 25 9 25 4 7 25
4 25 11 25 25 19 3 7 3 15 10 25 13 21 6 25 16 25 22 17 10 15 10 25 11 25 24 24 25 25 4 25 17 22 4 5 25 10 21 25 17 1 0 25 25 25 12 25 25 18 10 21 3 25 12 25 25
24 14 18 25 18 25 25 25 25 12 25 25 25 23 18 21 25 4 2 25 10 25 25 25 25 25 25 5 11 25 14 25 25 14 25 25 25 25 25 25 25 25 24 25 25 8 17 25 11 25 12 11 25 15 20 25
20 25 9 10 15 25 2 25 25 22 25 8 9 18 25 24 4 15 18 12 22 12 22 3 15 14 7 25 25 12 0 25 25 25 15 25 25 7 8 15 16 25 25 25 19 1 24 21 25 25 25 9 25 5 25
5 19 25 23 0 3 0 25 2 13 11 25 25 8 25 16 22 24 25 17 17 5 25 13 10 0 8 3 3 13 10 25 13 11 20 3 25 25 25 22 25 4 25 25 25 25 13 11 3 10 1 25 25 25
25 25 25 20 13 25 12 25 15 25 3 25 2 15 25 18 19 5 15 25 21 12 16 25 11 25 25 13 9 4 1 25 20 25 14 9 22 25 7 25 13 13 25 25 25 25 25 25 25 25 25 25 25
25 25 25 25 25 25 25 25 25 25 25 15 25 25 25 25 25 25 25 25 25 25 25 25 25 25 25 25 25 25 25 25 25 25 25 25 25 25 25 25 25 25 25 25 25 25 25 25 25 25 25 25
25 25 25 25 25 25 25 25 25 25 25 25 25 25 25 25 25 25 25 25 25 25 25 25 25 25 25 25 25 25 25 25 25 25 25 25 25 25 25 25 25 25 25 25 25 25 25 25 25 25 25
25 25 25 25 25 25 25 25 25 25 25 25 25 25 25 25 25 25 25 25 25 25 25 25 25 25 25 25 25 25 25 25 25 25 25 25 25 25 25 25 25 25 25 25 25 25 25 25 25 25
25 25 25 25 25 25 25 25 25 25 25 25 25 25 25 25 25 25 25 25 25 25 25 25 25 25 25 25 25 25 25 25 25 25 25 7 25 25 25 25 25 25 25 25 25 25 25 25 25
25 25 25 25 25 25 25 25 25 14 25 25 25 25 25 25 25 25 25 25 25 25 25 25 25 25 25 25 25 25 25 25 25 25 25 10 25 25 25 25 25 25 25 25 25 25 25 25
25 25 25 25 25 25 25 25 25 25 25 25 25 25 25 25 25 25 25 25 25 25 25 25 25 25 25 25 25 25 25 25 25 25 25 25 25 25 25 25 25 25 25 25 25 25 25
25 25 25 25 25 25 23 25 25 25 25 25 25 25 25 25 25 25 25 25 25 25 8 25 25 25 25 25 25 25 25 25 25 25 25 25 25 25 25 25 25 25 25 2 25 25
25 25 25 25 25 25 25 25 25 25 25 25 25 25 25 25 25 25 25 25 25 25 25 25 25 25 25 25 25 22 25 25 25 25 25 25 25 25 25 25 25 25 25 25 25
25 25 25 25 25 25 25 25 25 25 25 25 25 25 25 25 25 25 25 25 25 25 25 25 25 25 25 25 25 8 25 25 25 25 25 25 25 25 25 25 25 25 25 25
25 25 25 25 25 19 25 25 25 25 25 25 25 25 25 25 25 25 25 25 25 25 25 25 25 25 25 25 25 25 25 25 25 25 25 25 25 25 25 25 25 25 25
25 25 25 25 25 25 25 25 25 25 25 25 25 25 25 25 25 25 25 25 25 25 25 25 25 25 25 25 25 25 25 25 25 25 25 25 25 25 25 25 25 25
25 25 25 25 25 25 25 25 25 25 25 25 25 25 25 25 25 25 25 25 25 25 25 25 25 25 25 25 25 25 25 25 25 25 25 25 25 25 25 25 25
25 25 25 25 25 25 25 25 25 25 25 25 25 25 25 25 25 25 25 25 25 25 25 25 25 25 25 25 25 25 25 25 25 25 25 25 25 25 25 25
25 25 25 25 25 25 25 25 25 25 25 25 25 25 25 25 25 25 25 25 25 25 10 25 25 25 25 25 25 25 25 25 25 25 25 25 25 25 25
25 25 25 25 25 25 25 25 25 25 25 25 25 25 25 25 25 25 25 25 25 25 25 25 25 25 25 25 25 25 25 25 25 25 25 25 25 25
25 25 25 25 25 25 25 25 25 25 25 25 25 25 25 25 25 25 25 25 25 25 25 25 25 25 25 25 25 25 25 25 25 25 25 25 25
25 25 25 25 25 25 25 25 25 0 25 25 25 25 25 25 25 25 25 25 25 25 25 25 25 25 25 25 25 25 25 25 25 25 25 25
25 25 25 25 25 25 25 25 25 25 25 25 25 25 25 25 25 18 25 25 25 25 25 25 25 25 25 25 25 25 25 25 25 25 25
25 25 25 25 25 25 25 25 25 25 25 25 25 25 25 25 25 25 25 25 25 25 25 25 25 25 25 25 25 25 25 25 25 25
25 25 25 25 25 25 25 25 25 25 25 25 25 25 25 25 25 25 25 25 25 25 25 25 25 25 25 25 25 25 25 25 25
25 25 25 25 25 25 25 25 25 25 25 25 25 25 25 25 25 25 25 25 25 5 25 25 25 25 25 25 25 25 25 25
25 25 25 25 25 25 25 25 25 25 25 25 25 25 25 2 25 25 25 25 25 25 25 25 25 25 25 25 25 25 25
25 25 25 25 25 25 25 25 25 25 25 25 25 25 25 25 25 25 25 22 25 25 25 25 25 25 25 25 25 25
25 25 25 25 25 25 25 25 25 25 25 25 25 25 25 25 25 25 25 25 25 25 25 25 25 25 25 25 25
25 25 25 25 25 25 25 25 25 25 25 25 25 25 25 25 25 25 25 25 24 25 25 25 25 25 25 25
25 25 25 25 25 25 25 25 25 25 25 25 25 25 25 25 25 25 25 25 25 25 25 25 25 25 25
25 25 25 25 25 25 25 25 25 25 25 25 25 25 25 25 25 25 25 25 25 25 25 25 25 25
25 25 25 25 25 25 25 25 25 25 25 25 25 25 25 25 25 25 25 25 25 25 25 25 25
25 25 25 25 25 25 25 25 25 25 25 25 25 25 25 25 25 25 25 25 25 25 25 25
25 25 25 25 25 25 25 25 25 25 25 25 25 25 25 25 25 25 25 25 25 25 25
25 25 25 25 25 25 25 25 25 25 25 25 25 25 25 25 25 25 25 25 25 25
25 25 25 25 25 25 25 25 25 25 25 25 25 25 25 25 25 25 25 25 25
25 25 25 25 25 25 25 25 25 25 25 25 25 25 25 25 25 25 25 25
25 25 25 25 25 25 25 25 25 25 25 25 25 25 25 25 25 25 25
25 25 25 25 25 25 25 25 25 25 25 25 25 25 25 25 25 25
7 25 25 25 25 25 25 25 25 25 25 25 25 25 25 25 25
25 21 25 25 25 25 25 25 25 25 25 25 25 25 25 25
25 25 25 25 25 25 25 25 25 25 25 25 25 25 25
25 25 25 25 25 25 25 25 25 25 25 25 25 25
25 25 25 25 25 25 25 25 25 25 25 25 25
25 25 25 25 25 25 25 25 25 25 25 25
25 25 25 25 25 25 25 25 25 25 25
25 25 25 25 25 25 25 25 17 25
25 25 25 25 25 22 25 25 25
25 25 25 25 25 25 25 25
25 25 25 25 25 25 25
25 25 25 25 25 25
25 25 25 25 25
25 25 25 25
25 25 25
25 25
25
