50 12
10 9 5 12 12 12 10 12 12 3 10 7 5 12 12 9 8 2 12 2 7 3 12 12 11 3 10 4 2 6 12 12 11 12 10 10 12 11 12 12 8 8 12 12 12 2 5 2 7 
12 2 10 12 4 8 12 5 12 6 9 6 0 5 9 12 12 11 6 12 2 8 4 12 9 9 12 2 12 2 12 12 1 2 5 6 8 12 12 12 5 3 0 6 2 1 1 12 
12 9 2 12 3 12 11 3 12 12 0 4 12 12 11 12 7 12 8 10 12 7 12 12 12 12 12 12 12 7 10 10 12 12 1 12 12 10 12 12 12 5 5 2 12 11 4 
10 12 12 12 12 11 12 6 5 2 12 12 5 12 1 6 9 12 12 7 0 1 12 10 3 8 10 12 4 5 10 10 12 7 12 10 5 12 5 12 9 4 5 2 6 8 
5 11 0 10 3 6 12 8 2 12 4 10 12 8 12 10 12 12 5 7 12 5 11 12 12 7 12 12 12 12 0 12 12 3 12 2 12 12 3 6 3 11 11 9 12 
12 6 9 11 12 12 7 4 2 8 0 7 9 12 3 4 6 12 5 12 2 12 12 7 3 2 3 12 2 12 4 5 12 11 2 12 1 0 12 5 9 12 9 9 
12 12 10 6 12 12 12 12 9 6 7 9 12 6 12 12 8 12 12 6 4 12 1 12 12 10 12 0 0 12 2 4 12 2 12 12 6 12 2 0 12 12 12 
1 9 5 11 12 12 12 3 9 6 0 12 10 8 12 10 12 12 12 12 4 11 12 11 12 12 12 12 3 12 4 12 12 5 11 4 4 6 9 10 9 12 
11 12 2 6 12 12 12 12 12 0 12 4 12 8 12 4 6 12 9 2 12 5 1 12 12 12 10 12 2 8 8 12 11 4 9 12 2 12 8 12 12 
12 11 12 2 6 7 6 12 12 12 1 3 10 10 0 12 12 10 12 6 12 11 9 12 12 12 8 0 7 9 12 12 12 3 2 12 12 12 12 7 
11 4 3 12 12 1 12 1 1 12 5 2 4 2 12 12 10 12 12 11 1 2 4 12 5 12 12 12 5 4 1 12 6 12 2 12 12 10 12 
12 12 12 12 12 12 11 4 1 12 1 8 12 12 6 4 12 12 12 12 12 12 12 11 12 0 6 4 12 12 12 12 12 12 10 12 5 12 
7 7 1 12 5 12 6 0 4 0 0 5 12 3 12 4 12 11 12 0 12 12 11 0 12 12 12 12 12 12 10 6 0 12 8 9 9 
3 11 10 9 10 12 9 12 12 12 12 12 5 11 0 3 0 11 12 0 6 7 7 2 12 12 12 1 2 12 12 7 6 0 3 12 
12 5 1 12 5 0 0 9 10 2 2 5 7 1 12 4 12 12 4 2 3 8 10 8 9 8 11 0 12 11 3 10 2 12 12 
12 9 12 5 1 4 12 3 10 11 3 10 4 12 12 12 10 2 12 1 12 10 6 2 7 9 1 0 12 0 12 12 5 0 
12 5 12 12 2 3 9 12 12 12 5 2 12 12 6 8 6 3 5 12 12 4 8 4 11 1 11 10 7 12 0 12 3 
3 12 12 12 12 1 12 4 4 3 10 12 12 12 12 12 9 12 12 11 10 12 12 5 12 4 12 12 12 1 7 0 
0 12 12 2 11 4 12 12 12 1 12 6 1 5 12 3 12 2 12 7 12 7 6 1 12 12 12 6 12 11 0 
0 12 0 12 2 4 0 12 3 6 12 0 4 12 6 12 7 12 6 12 12 1 12 12 3 4 12 2 7 12 
0 5 12 12 8 6 12 5 4 12 1 5 9 12 0 5 0 12 12 12 5 3 6 2 8 2 11 12 5 
0 12 0 10 0 12 0 3 12 12 12 6 12 12 3 10 12 4 9 9 11 12 11 12 12 9 0 2 
12 1 12 9 12 12 5 3 7 11 12 0 7 9 12 12 7 12 10 12 11 12 12 12 12 12 12 
10 5 12 11 1 12 12 5 10 2 12 12 12 12 12 7 12 12 6 3 6 12 12 12 11 12 
12 10 12 12 12 12 12 10 12 12 12 5 12 3 12 12 6 12 12 12 8 12 11 12 1 
12 12 12 12 12 7 12 6 12 12 12 12 5 12 12 10 12 12 12 7 12 3 12 12 
12 12 12 12 3 11 12 12 5 12 4 12 9 12 12 12 12 12 4 12 12 7 12 
12 8 4 12 9 12 12 10 12 12 0 2 0 1 12 12 10 12 12 12 12 12 
12 12 1 12 7 12 12 6 12 2 1 12 11 12 12 12 1 12 3 12 12 
12 12 7 12 12 12 6 12 12 12 12 12 10 10 12 12 12 12 2 12 
12 12 12 12 12 12 12 12 12 5 12 12 12 12 9 12 12 4 12 
2 12 12 12 12 10 4 12 12 5 5 9 12 12 7 12 5 12 
2 12 12 12 12 1 7 2 4 12 12 8 12 12 12 12 12 
12 12 12 6 4 12 12 12 1 12 6 8 12 7 3 0 
12 12 12 1 12 12 12 12 12 12 4 8 12 12 12 
8 2 12 12 12 12 12 12 4 12 10 6 12 1 
12 12 5 12 12 4 12 12 12 12 3 12 12 
12 12 12 12 12 3 12 12 12 12 12 1 
12 7 12 12 12 12 2 12 12 12 12 
12 11 12 7 12 12 12 12 8 12 
9 12 12 9 7 11 12 12 12 
12 7 12 12 12 12 12 12 
12 12 12 12 7 12 12 
12 12 12 8 9 12 
12 12 11 12 12 
12 12 12 12 
12 12 12 
12 12 
12 

