100 50
24 3 49 1 50 50 45 27 4 22 25 45 40 9 12 49 48 31 26 45 50 23 26 50 12 25 11 35 22 50 32 3 50 50 50 45 16 44 22 43 50 29 50 13 18 50 34 45 50 44 5 37 15 13 15 50 11 36 21 49 50 47 21 40 17 46 47 18 44 23 1 18 50 13 4 1 17 50 50 40 50 30 16 20 49 49 12 47 33 45 16 43 14 50 15 42 3 38 21 
42 19 16 18 32 4 36 35 50 50 17 3 37 29 38 9 5 22 1 4 27 8 49 32 12 49 2 50 9 49 22 22 20 50 43 50 11 24 31 44 29 7 47 11 3 2 33 9 20 15 43 6 16 30 7 50 40 41 17 36 50 12 50 50 50 24 31 44 33 6 18 25 39 17 50 7 43 20 6 13 31 29 32 31 8 20 47 50 50 44 41 39 5 43 47 15 47 40 
36 40 22 24 6 42 26 41 14 45 19 47 21 4 13 37 50 40 30 30 27 50 18 11 32 12 11 50 34 32 33 13 3 5 27 27 10 41 38 14 21 19 19 22 11 7 32 22 30 12 34 50 17 50 28 34 33 26 41 19 28 28 8 12 16 50 29 9 25 25 14 47 50 4 44 26 18 50 35 41 16 26 50 50 48 14 44 42 25 50 50 1 15 19 50 1 44 
11 11 6 38 13 14 44 19 2 6 50 3 35 35 12 50 41 22 35 16 0 27 42 21 22 27 49 3 22 16 44 12 27 24 17 14 0 35 18 3 18 18 49 37 50 14 10 13 40 49 21 37 4 2 46 20 48 6 34 21 20 11 50 11 50 3 25 11 30 34 19 1 7 1 42 34 40 36 5 24 16 7 10 5 23 8 27 16 32 5 46 26 37 20 35 42 
26 7 14 2 31 39 10 34 47 8 50 20 4 31 3 30 10 6 12 43 44 4 28 31 41 30 37 26 13 34 7 50 50 7 0 18 5 48 11 50 28 11 22 14 20 22 49 0 4 50 50 27 50 7 39 2 27 50 15 2 12 23 11 3 50 50 32 48 35 50 23 46 36 40 50 46 34 50 1 20 37 19 50 17 19 6 5 27 27 50 12 40 22 23 14 
50 3 38 50 18 43 50 50 27 38 50 11 17 6 45 50 42 8 13 50 2 45 50 29 18 50 32 5 43 40 45 41 25 14 50 0 1 14 29 25 3 17 39 33 40 45 12 33 8 20 13 37 25 36 44 50 12 27 41 31 31 40 38 50 40 30 2 22 43 29 20 48 50 44 50 39 50 23 50 10 0 22 27 48 23 19 43 10 50 50 2 34 11 20 
12 50 45 40 5 30 0 10 26 20 42 44 39 17 22 1 47 45 13 2 33 49 50 38 23 16 47 35 46 8 46 0 42 22 8 48 19 0 5 48 50 50 8 32 48 24 50 2 1 16 36 42 50 3 50 50 40 15 2 39 50 17 17 49 12 50 49 28 49 48 3 50 50 7 22 50 47 22 33 9 15 29 7 24 36 6 14 39 50 30 27 11 36 
50 32 14 46 3 24 1 40 35 29 19 48 14 11 2 43 40 48 8 50 50 13 27 26 11 14 50 32 39 50 19 50 46 50 50 37 39 33 17 3 37 50 21 8 1 8 21 5 50 25 50 30 12 1 30 48 3 12 50 42 9 17 12 27 14 37 47 50 50 8 50 2 21 25 3 9 14 47 7 17 3 26 1 50 3 41 30 4 44 30 34 8 
1 11 20 25 26 4 19 32 50 8 12 6 50 7 45 37 35 39 50 35 50 47 34 11 43 15 7 50 35 38 14 32 49 27 50 24 50 25 7 50 14 50 29 1 29 31 26 4 27 9 32 49 34 42 48 23 22 10 30 4 24 50 50 31 50 50 9 43 33 9 41 15 9 43 4 10 17 50 46 8 50 12 23 31 5 43 9 38 35 2 2 
8 20 5 41 16 50 30 35 7 38 50 47 38 50 24 26 5 6 29 14 8 50 34 35 32 50 12 10 44 0 49 5 26 50 10 46 50 42 16 8 34 22 21 30 31 42 29 7 32 23 24 38 7 46 45 46 42 3 38 39 33 23 50 44 26 41 14 7 12 47 0 50 50 50 18 26 22 50 15 50 41 15 1 11 38 33 8 50 20 10 
48 23 3 0 48 0 50 34 27 34 43 22 34 28 35 32 42 20 44 42 31 50 40 42 46 38 6 46 50 48 25 44 36 33 28 0 41 11 43 50 20 44 3 28 50 26 49 43 48 35 4 47 1 50 34 38 33 50 44 36 40 20 50 23 27 7 50 50 22 47 47 33 46 50 42 11 13 23 15 48 34 9 37 49 0 50 45 8 31 
46 46 21 50 39 1 50 9 3 15 50 31 17 17 16 50 33 7 46 6 47 25 42 16 27 14 39 11 28 35 32 45 17 44 36 29 3 28 10 21 17 17 40 6 36 50 4 16 46 17 16 29 0 50 7 28 3 34 9 15 6 50 14 46 14 43 50 50 50 25 36 12 50 14 9 8 50 38 7 50 50 41 31 43 15 2 15 3 
4 23 16 42 11 29 12 23 50 29 26 50 13 38 47 19 12 15 2 21 13 19 46 50 0 8 38 18 50 5 37 30 33 25 2 50 41 50 44 49 50 22 28 36 45 48 23 50 11 50 5 18 28 26 48 50 18 32 50 27 27 4 25 7 14 9 24 50 50 50 30 40 49 28 50 11 46 1 25 50 15 5 50 17 4 11 30 
46 21 38 33 19 48 49 50 37 50 16 19 48 38 44 4 34 12 50 24 44 30 29 20 47 47 16 41 50 3 15 32 34 30 8 24 2 32 50 50 50 23 13 11 10 6 3 50 50 2 2 28 50 41 47 0 41 50 12 35 50 4 41 6 12 47 13 50 43 30 29 13 14 19 50 39 42 8 10 30 2 23 4 38 45 2 
50 34 50 36 20 1 43 50 1 47 23 25 46 5 18 24 48 1 30 37 43 27 14 17 37 17 50 23 50 43 47 41 37 0 50 42 4 44 50 37 20 28 33 43 7 20 23 40 50 36 38 5 23 8 29 48 47 42 14 50 22 16 10 50 25 18 23 47 50 19 50 36 6 10 23 48 25 12 11 22 11 22 2 50 50 
40 13 9 40 35 50 27 18 50 2 31 32 23 4 19 31 29 48 31 8 9 16 30 44 11 33 32 26 50 36 45 31 33 16 26 30 23 8 35 10 0 23 16 49 7 0 50 16 43 9 9 29 43 50 0 24 39 45 26 30 40 49 5 50 20 33 23 50 20 50 22 21 35 15 40 37 38 33 30 21 11 18 7 8 
50 50 21 38 36 50 24 18 50 50 2 50 50 19 17 6 50 50 32 34 9 1 23 12 49 7 35 38 7 25 31 31 32 2 16 50 50 50 50 44 20 50 25 1 10 24 33 1 46 24 30 50 33 42 50 34 26 4 50 48 47 50 25 11 2 43 4 10 26 49 14 14 49 42 11 23 50 13 14 35 29 1 3 
25 10 50 30 25 39 35 41 12 45 39 50 15 22 46 26 7 50 34 50 50 4 12 28 42 50 10 25 25 21 50 14 20 37 30 16 4 39 5 5 16 32 4 47 3 41 22 15 0 50 48 12 36 50 50 47 12 16 50 41 28 33 39 50 49 3 31 35 34 9 9 1 45 5 31 23 24 25 8 9 17 15 
50 12 9 15 18 12 50 34 40 50 46 11 40 50 1 27 50 14 34 24 28 24 50 0 42 1 42 13 28 36 50 4 22 41 50 41 18 50 30 50 50 47 10 5 6 43 29 15 30 41 23 36 50 1 11 11 8 50 28 18 12 25 23 2 50 29 46 41 36 46 29 6 35 35 44 50 50 50 49 28 32 
50 0 50 4 30 50 0 35 4 7 50 50 24 5 10 9 19 30 32 27 39 12 6 5 50 9 50 36 50 28 50 50 50 5 31 35 5 6 42 15 17 30 50 25 42 36 42 30 41 44 4 29 42 40 15 11 7 23 26 40 42 24 33 50 4 33 39 8 50 28 7 0 50 42 4 47 17 50 33 2 
50 50 5 15 17 34 43 15 7 50 23 50 46 25 17 16 9 26 38 48 26 29 35 6 48 1 43 25 28 37 0 5 1 2 50 9 50 5 23 21 3 50 27 4 36 8 47 50 44 17 30 50 47 20 45 33 50 3 49 32 2 22 50 2 50 50 8 1 2 10 46 14 26 39 35 43 47 25 36 
8 25 49 3 42 22 13 12 24 35 25 49 5 39 50 0 6 48 34 1 34 27 15 27 38 36 34 33 6 26 33 31 1 9 47 47 10 36 16 43 29 42 47 50 24 42 9 25 22 36 35 47 19 50 20 29 39 36 28 27 50 1 50 30 50 15 0 13 31 19 30 49 43 43 26 30 2 26 
5 50 28 50 18 50 26 19 50 50 6 5 2 40 50 32 4 50 46 10 47 13 32 50 50 22 45 20 2 25 26 35 8 50 27 39 4 12 49 50 46 30 0 50 8 26 37 49 7 50 4 42 48 24 43 50 15 0 50 50 14 25 50 41 1 31 29 50 5 20 14 38 14 27 25 9 3 
50 29 33 34 50 44 26 8 10 9 24 48 24 37 36 50 42 39 3 50 50 12 6 35 14 0 45 22 4 36 44 1 27 13 7 18 11 11 43 28 40 50 50 10 34 8 20 19 21 26 50 25 15 50 1 50 38 38 41 22 27 44 47 39 4 28 50 7 12 44 0 38 23 47 20 42 
9 24 26 50 19 29 32 2 35 39 20 25 50 50 6 39 10 50 1 20 34 22 20 50 41 20 49 25 38 36 44 37 38 41 50 50 14 41 7 3 41 14 39 13 30 9 41 50 45 12 50 50 20 49 31 7 27 4 35 17 14 36 9 48 44 14 25 12 20 43 31 25 25 50 47 
20 12 4 32 41 36 43 46 49 31 50 32 50 8 50 8 41 17 21 16 50 37 50 11 26 50 33 42 50 5 15 3 50 18 36 13 44 23 46 34 8 50 30 49 29 35 36 18 27 36 27 4 22 50 25 21 48 40 49 19 5 37 1 29 36 26 26 46 41 11 31 30 47 9 
0 44 19 25 25 46 50 14 40 40 50 50 0 45 11 37 44 40 18 11 3 39 14 37 50 37 21 50 4 12 29 21 21 8 35 4 25 14 47 50 29 20 5 14 21 17 50 27 0 36 16 2 50 0 30 27 38 35 18 29 40 20 33 14 17 14 2 22 50 20 19 27 21 
32 17 26 45 50 46 11 50 50 34 5 21 22 7 3 50 8 38 22 26 49 49 18 15 50 13 34 31 11 23 46 39 10 41 40 3 17 30 10 21 48 50 50 2 34 49 22 44 11 14 50 0 50 8 4 39 1 4 34 26 37 1 44 17 43 41 11 47 36 46 45 0 
18 47 25 15 43 2 25 10 3 36 20 4 3 22 40 50 3 26 4 24 1 40 30 37 50 22 38 43 19 36 30 17 37 7 8 29 22 8 34 50 45 1 47 50 21 21 22 42 1 39 2 28 42 4 31 9 50 40 10 50 39 23 21 17 34 46 44 22 50 50 9 
17 25 16 12 50 31 7 50 13 28 6 50 40 47 47 14 28 50 45 50 6 1 49 19 16 27 17 42 24 13 10 2 5 11 45 1 50 40 40 46 5 50 25 49 25 3 46 1 47 24 27 49 18 19 45 33 23 50 47 9 36 9 13 50 39 41 50 36 39 13 
2 1 17 22 50 10 34 39 26 32 38 17 35 5 43 34 41 50 48 23 32 28 20 50 4 38 38 39 38 8 27 21 7 19 50 50 50 40 50 25 23 50 50 50 31 24 9 50 33 27 40 15 46 16 1 16 6 19 50 50 1 50 50 50 31 43 50 34 12 
47 50 14 50 40 50 12 3 33 33 50 7 25 38 8 50 22 36 30 27 50 26 13 49 33 50 40 45 19 34 41 50 17 48 40 2 50 6 24 50 48 17 28 7 46 10 49 17 13 40 22 50 50 0 45 47 50 43 50 32 3 41 50 12 38 5 10 50 
50 42 31 50 19 4 31 39 1 50 39 50 50 50 45 50 50 46 50 10 40 24 8 36 4 50 38 4 49 14 43 41 6 50 50 50 50 1 10 6 27 50 36 27 36 50 48 50 12 23 23 30 31 29 37 50 13 5 11 3 12 50 50 50 18 50 14 
50 20 42 35 50 50 14 50 1 50 50 48 11 27 3 41 50 27 3 50 36 38 47 23 44 46 24 8 50 42 50 50 41 34 9 16 8 50 34 33 25 22 21 12 21 39 15 50 28 50 16 50 9 47 50 21 31 31 22 11 50 7 50 50 22 5 
50 19 11 24 50 50 34 50 7 26 12 45 26 46 43 11 28 41 33 9 16 12 33 50 50 14 1 50 8 3 48 50 44 47 19 30 15 50 8 9 11 47 50 50 50 42 37 7 2 28 33 50 38 24 50 22 17 24 22 18 4 50 36 24 50 
44 22 50 50 50 24 15 28 10 45 50 44 50 19 32 35 39 50 21 36 1 50 50 35 12 22 44 50 13 33 23 44 15 50 42 26 25 49 19 24 36 24 50 50 12 50 13 20 50 50 50 42 23 50 32 41 3 8 50 2 11 43 16 44 
41 23 16 4 9 8 50 44 48 48 39 50 18 34 23 35 40 6 47 50 38 31 35 29 27 47 30 30 31 29 8 11 7 9 15 44 10 35 25 30 10 48 27 10 50 21 13 14 25 0 50 50 14 0 44 48 17 8 7 50 24 38 36 
18 13 43 9 18 50 4 23 16 5 34 50 43 13 48 16 37 16 50 34 49 50 37 18 43 50 38 43 24 50 21 50 50 49 26 44 50 21 42 50 44 21 33 9 10 36 6 12 48 50 17 13 3 48 45 11 1 49 50 17 32 37 
50 43 30 27 20 5 50 50 30 50 19 50 41 23 9 24 49 24 12 7 50 50 2 50 7 11 39 38 43 50 26 19 50 26 50 20 35 45 50 25 44 45 48 50 38 15 21 50 50 7 35 16 42 22 10 39 45 48 50 30 34 
0 33 33 50 50 24 37 26 6 50 15 24 27 18 50 12 32 36 9 35 18 50 41 5 50 50 14 50 50 50 48 49 12 7 4 11 41 8 24 42 30 45 29 50 5 5 32 6 10 50 26 46 15 44 18 22 34 50 41 25 
34 50 8 32 49 47 46 36 31 6 34 37 50 50 46 50 13 2 50 23 7 34 50 11 26 6 37 12 18 20 50 9 12 32 34 50 41 23 10 38 1 50 6 1 30 31 28 0 3 50 17 0 46 45 22 49 21 18 30 
24 42 33 36 18 6 19 50 14 50 37 15 41 50 50 50 50 37 26 18 15 4 44 34 50 50 22 14 50 27 5 8 50 1 49 46 45 42 50 50 16 50 50 35 23 50 19 42 26 14 23 22 3 0 50 24 50 43 
0 19 26 46 48 29 24 12 50 50 11 50 50 2 35 50 8 25 50 17 2 5 50 39 9 33 26 18 45 50 12 50 50 50 15 38 9 18 19 45 44 22 50 2 50 33 3 28 50 23 39 50 50 50 16 50 8 
22 36 45 50 23 26 30 0 50 37 46 20 20 0 7 31 43 50 47 6 23 15 50 50 50 50 27 18 29 13 50 34 24 50 33 16 48 12 50 5 50 26 19 32 6 50 31 50 7 7 1 50 28 28 50 12 
50 50 42 50 21 43 50 42 44 16 17 50 18 23 34 50 50 4 37 50 6 25 5 40 50 38 50 33 48 50 8 6 8 50 6 11 23 43 34 30 24 32 41 15 46 12 42 46 14 11 37 49 30 23 35 
44 44 27 41 50 31 30 18 19 50 50 50 27 37 26 21 1 50 40 35 13 43 28 7 50 40 50 31 1 50 50 50 40 23 1 50 50 50 18 32 50 0 37 50 25 20 22 50 5 26 3 46 33 39 
50 50 50 2 35 45 45 50 7 50 15 26 50 3 50 50 24 41 50 40 50 50 40 43 14 30 32 50 3 9 36 0 13 26 31 31 7 28 26 48 25 33 20 50 29 45 33 35 35 48 46 33 33 
13 46 27 42 50 50 8 50 2 3 50 18 32 43 36 1 46 16 5 12 50 11 50 50 4 16 50 22 50 31 2 15 19 32 22 46 18 50 39 11 19 29 19 37 17 30 50 3 40 33 40 50 
2 50 32 42 13 44 50 7 36 15 9 50 50 2 29 28 0 25 18 50 43 7 34 48 48 16 11 50 22 47 50 36 50 50 50 12 50 31 41 36 18 3 33 42 42 25 30 50 31 44 9 
16 41 8 40 42 50 16 50 46 12 45 50 27 49 45 35 17 36 50 50 47 19 32 38 19 5 50 33 45 50 50 50 35 39 39 49 21 50 27 41 26 50 50 5 50 9 4 6 50 30 
41 25 10 40 50 13 38 40 23 0 9 14 38 50 38 50 50 26 15 31 50 45 12 25 16 5 11 50 46 21 29 50 30 5 19 23 22 17 40 41 5 50 35 3 15 11 33 50 16 
14 22 32 32 39 38 25 13 37 50 37 11 2 50 39 50 40 50 50 25 15 12 27 15 50 20 30 29 50 4 27 25 50 22 35 5 6 50 25 0 20 50 40 31 50 29 50 6 
43 4 50 33 14 47 24 13 41 36 48 43 10 50 38 38 3 6 9 11 46 45 10 50 50 49 35 4 3 50 0 39 30 27 28 6 47 50 50 18 11 23 25 20 50 25 7 
11 14 50 20 50 29 26 50 29 41 19 50 33 43 50 50 50 50 35 50 40 9 10 50 21 32 47 8 3 36 4 39 35 20 39 7 50 33 38 41 34 35 35 50 50 18 
23 50 7 4 1 39 4 35 17 35 50 50 8 44 50 38 50 50 30 8 42 10 40 23 50 50 15 36 34 11 40 28 50 9 6 50 0 20 9 37 50 50 39 12 32 
45 12 29 22 50 50 47 0 50 13 18 11 50 17 47 2 47 28 42 19 19 25 50 39 25 50 50 50 1 28 16 14 30 46 50 49 12 6 16 11 50 50 30 50 
34 50 50 50 50 50 50 50 50 46 35 5 45 7 50 49 32 16 32 50 41 45 24 50 29 46 23 15 30 46 43 3 28 48 17 42 50 39 50 35 3 28 25 
39 22 12 10 29 50 35 45 3 11 35 37 29 0 50 9 26 48 21 30 32 50 50 35 31 42 31 1 41 47 50 14 40 50 38 40 20 50 47 2 50 38 
50 11 50 50 35 1 12 37 36 29 20 16 48 29 6 30 39 9 50 38 23 50 30 36 28 8 50 50 24 31 18 35 50 50 3 50 27 38 35 50 47 
6 41 48 29 50 32 16 48 44 45 50 8 38 48 20 29 13 28 47 26 40 50 39 15 44 50 50 41 0 9 6 50 8 34 33 43 2 50 46 6 
50 15 16 21 3 23 6 32 50 22 45 41 25 14 50 13 44 21 28 50 42 21 19 12 50 50 46 17 50 6 50 29 35 50 50 38 6 50 50 
26 50 4 35 50 11 45 44 3 50 39 48 26 50 11 16 8 24 50 1 30 0 14 50 50 47 13 18 50 13 30 41 11 35 14 50 50 41 
19 21 18 50 31 50 25 50 24 49 50 48 28 50 0 22 42 46 47 45 6 50 13 38 21 50 50 18 0 32 31 50 50 39 21 13 34 
50 18 27 40 50 5 35 47 13 47 2 42 43 50 50 29 5 50 37 44 50 25 37 8 50 28 50 50 37 50 14 1 10 23 23 49 
50 10 2 18 26 50 12 50 36 15 9 50 4 50 42 11 43 34 38 38 19 18 46 27 31 41 32 34 36 32 13 30 41 23 43 
45 2 1 50 6 21 37 26 50 39 44 30 42 21 10 28 43 50 38 48 0 39 40 11 42 5 14 50 0 42 19 35 30 43 
24 22 30 16 21 50 50 7 24 50 50 50 7 19 50 46 50 16 14 27 50 43 18 11 50 14 37 14 19 50 31 50 23 
50 31 25 9 50 13 26 31 48 25 50 24 3 7 50 17 50 10 3 50 45 41 17 41 50 3 37 32 8 47 50 50 
38 24 50 45 39 50 50 3 12 44 4 50 26 48 12 27 50 50 24 17 7 50 38 40 50 31 50 50 11 11 13 
50 50 19 41 24 42 46 50 35 50 49 50 0 20 40 49 0 27 31 22 23 11 34 50 30 43 0 50 50 12 
34 3 6 26 9 10 43 50 50 14 50 41 29 8 43 5 29 22 12 50 50 27 24 50 32 50 21 14 39 
50 38 43 42 27 34 3 41 35 39 28 46 50 21 49 30 43 50 43 16 43 11 26 21 9 12 15 49 
1 50 50 50 31 10 4 16 10 27 18 50 50 33 50 50 0 43 50 50 49 42 50 11 26 9 46 
14 50 1 22 50 50 50 20 16 10 21 49 50 19 27 0 18 50 50 50 35 50 49 41 23 50 
1 50 16 48 34 21 36 4 26 38 50 24 37 50 14 31 39 50 21 16 50 50 30 50 41 
19 9 17 50 16 48 38 7 50 50 0 0 8 33 49 4 30 50 50 43 23 16 1 6 
50 30 32 30 16 35 34 14 50 39 41 5 50 50 50 50 11 50 50 24 4 50 50 
1 10 5 50 24 41 50 32 25 50 50 28 50 15 47 50 40 4 25 20 31 29 
9 34 35 50 46 3 50 15 0 48 21 27 4 50 50 50 38 26 46 21 50 
50 50 50 49 50 50 17 11 50 50 43 0 50 26 50 22 30 50 40 18 
50 50 25 50 49 8 50 19 1 36 15 21 33 48 50 42 28 50 39 
43 32 7 40 40 32 39 0 5 50 50 19 30 12 23 3 50 28 
20 49 48 29 27 47 23 11 48 44 3 10 50 45 36 50 18 
39 50 2 50 50 50 19 12 50 10 38 21 19 34 22 50 
50 50 10 11 45 9 50 22 1 11 2 50 50 35 3 
47 21 46 41 7 50 50 46 14 46 8 50 46 23 
50 50 41 4 28 33 50 35 16 13 38 14 32 
7 46 34 50 35 13 2 49 42 17 24 21 
11 9 16 24 42 47 17 40 3 8 24 
12 50 5 2 8 12 30 0 1 47 
5 49 41 37 35 22 43 9 49 
18 43 39 24 37 49 30 48 
26 10 32 50 50 25 50 
34 20 10 5 37 13 
50 4 50 50 32 
12 31 20 1 
32 41 8 
24 50 
19 

