100 50
11 10 1 35 10 9 27 42 50 8 26 20 48 25 35 36 2 8 50 12 4 24 19 28 10 17 44 21 18 24 11 32 45 25 49 6 50 17 20 50 50 48 50 29 25 22 21 49 44 0 15 47 42 48 43 9 48 50 45 38 39 50 34 5 50 50 5 27 50 12 44 48 50 10 13 45 24 18 17 35 17 16 14 20 50 50 33 50 34 25 16 37 50 32 29 42 27 32 12 
23 35 32 50 50 48 20 50 45 28 17 3 41 32 50 50 50 7 42 33 50 0 34 50 0 48 12 20 17 39 7 50 50 1 26 44 50 13 50 19 46 32 50 38 41 50 3 38 43 43 19 0 40 23 48 36 44 15 4 39 37 40 21 28 23 5 26 42 50 23 50 33 10 43 17 35 31 6 50 50 47 12 8 21 41 0 4 50 34 23 36 42 45 13 20 5 44 50 
32 50 34 35 9 33 20 2 13 47 11 6 6 50 34 50 9 29 50 0 7 50 46 15 10 33 16 39 49 0 25 41 20 50 50 3 3 9 19 43 19 7 47 50 35 4 15 44 49 34 23 41 29 18 1 50 41 35 50 25 13 21 39 44 50 16 16 25 7 50 44 50 40 50 47 6 33 31 36 22 18 25 2 16 37 50 23 50 10 50 41 32 30 19 9 50 50 
50 49 24 26 3 5 3 22 32 5 50 7 47 50 50 50 43 4 43 37 26 15 47 44 18 49 5 50 50 50 16 0 50 50 50 3 1 48 50 34 0 43 32 29 5 8 22 15 14 27 50 19 30 46 35 41 17 41 48 36 48 34 50 20 10 17 50 29 11 42 5 26 8 21 23 10 21 50 42 10 43 25 39 39 16 9 0 7 50 26 45 20 2 50 50 31 
5 18 8 46 12 22 0 33 1 5 13 7 14 3 27 1 42 1 23 50 5 45 17 26 33 2 21 8 39 50 39 8 0 33 43 34 34 9 17 50 26 46 5 1 11 39 11 16 39 28 29 6 8 50 26 50 23 11 28 13 27 2 41 3 50 25 25 50 50 35 37 14 14 19 50 21 38 23 50 32 48 19 27 50 28 23 19 50 18 9 41 33 28 40 50 
50 12 6 37 50 19 6 34 42 50 42 22 41 47 32 44 7 18 19 49 21 2 41 16 24 23 45 46 26 50 50 36 50 8 35 47 37 28 42 21 22 6 38 18 42 2 35 47 10 25 50 50 50 21 42 29 30 50 30 36 47 38 50 6 37 8 0 36 12 50 8 50 38 13 50 30 31 11 0 50 26 50 32 48 50 50 40 4 21 38 1 50 18 3 
47 30 46 6 22 19 8 23 50 22 14 25 37 44 41 42 34 23 50 50 18 50 44 43 20 26 15 1 50 13 34 47 50 50 19 1 40 11 29 50 40 50 35 30 12 20 39 43 50 0 49 5 14 13 50 13 30 20 50 4 10 23 45 27 31 15 36 6 50 37 5 3 4 38 48 35 50 50 29 20 20 45 29 50 30 29 3 50 12 50 44 36 7 
42 31 50 35 50 18 48 45 29 41 27 50 15 8 43 4 31 47 50 10 24 36 7 48 32 50 6 38 42 0 31 47 7 49 49 37 47 25 16 34 2 50 4 50 23 25 2 49 49 40 18 45 25 49 50 37 34 31 30 48 44 45 18 44 43 2 21 32 49 8 22 18 36 50 1 36 34 12 43 47 45 39 50 29 32 43 12 29 36 50 14 50 
8 39 11 49 0 42 16 36 48 0 41 37 38 50 14 1 31 42 19 50 6 4 6 48 5 34 25 50 46 26 6 30 35 42 34 6 35 8 7 28 18 28 35 50 6 6 50 11 1 50 14 50 48 50 47 21 50 20 1 50 50 7 34 34 50 20 16 21 45 29 8 26 46 2 48 50 50 16 32 4 50 50 44 6 23 7 13 14 50 47 50 
6 30 46 50 0 37 13 43 28 48 39 46 0 37 43 0 45 27 8 34 50 50 18 4 14 17 10 24 41 50 50 5 22 14 10 26 16 50 48 29 1 30 12 15 13 14 44 34 16 11 18 38 39 6 44 50 50 18 29 38 44 50 50 22 8 0 18 14 44 9 19 50 50 39 4 50 32 11 3 12 48 40 40 23 41 41 50 50 12 13 
50 36 20 31 2 35 34 28 25 33 41 6 9 5 37 31 24 50 37 50 43 36 50 50 7 44 45 48 35 42 8 19 24 44 50 33 31 25 6 7 49 46 23 48 42 1 33 50 48 1 50 50 1 22 44 18 50 49 46 5 27 49 48 5 41 50 28 10 35 19 36 50 29 28 26 47 5 27 27 34 25 16 5 16 50 36 2 3 10 
29 48 22 10 49 17 21 34 10 50 6 50 50 47 15 38 50 49 13 44 46 22 31 36 7 0 32 30 35 23 50 13 50 45 50 11 50 30 24 46 16 32 31 2 50 9 34 18 42 34 50 49 50 48 35 31 49 28 16 5 34 34 6 29 31 50 49 50 3 12 50 31 1 43 43 36 29 34 17 50 50 50 37 5 12 23 23 37 
13 24 47 50 38 50 20 7 16 24 26 14 37 50 49 50 0 29 42 32 24 50 37 14 11 22 24 30 5 18 36 50 34 0 6 14 2 20 9 50 9 35 26 40 10 5 28 50 50 50 22 6 30 37 50 50 8 48 50 21 15 18 50 50 2 44 2 5 32 22 49 39 43 50 21 45 45 50 42 4 38 44 34 6 39 16 25 
44 17 50 37 32 43 25 10 43 19 20 50 50 35 11 28 41 0 50 50 44 50 13 10 50 9 15 3 48 50 50 48 38 48 37 3 50 28 39 50 48 36 32 41 27 45 26 50 6 50 13 37 43 23 9 50 40 25 22 16 32 37 48 46 50 9 1 27 2 50 50 9 50 14 32 13 20 50 46 11 39 27 50 13 31 39 
35 47 44 50 40 12 10 20 2 18 41 35 39 21 44 23 50 41 50 16 45 5 46 25 40 39 9 18 7 25 25 2 50 33 15 50 47 45 19 17 39 48 35 28 0 50 13 46 35 11 47 50 50 10 4 19 17 38 25 24 32 38 2 25 26 30 12 3 32 23 12 17 29 19 25 50 12 20 29 16 50 26 35 8 9 
42 37 21 50 34 41 41 12 27 2 6 50 44 20 27 7 36 16 50 44 19 6 7 43 8 49 20 30 43 42 8 47 49 16 6 32 47 46 3 0 1 25 17 14 22 21 50 11 50 44 48 43 29 27 50 49 0 28 34 16 23 23 50 41 42 41 2 50 41 3 20 2 46 14 4 27 50 21 50 6 27 17 47 6 
21 5 41 50 50 50 5 31 12 11 37 20 26 50 3 27 50 29 22 14 15 21 30 50 35 50 21 31 50 12 43 1 12 18 40 50 50 15 6 11 50 50 0 24 33 22 3 34 27 43 50 50 50 22 50 27 31 35 26 48 50 31 45 49 35 13 31 41 27 31 5 2 17 0 13 3 34 16 30 2 38 39 6 
19 50 50 0 41 30 19 5 5 22 2 21 1 45 5 50 40 50 33 50 48 4 26 28 36 38 27 16 41 6 7 15 37 14 20 37 21 50 15 34 27 20 28 26 31 27 19 50 50 20 27 50 50 42 48 2 46 47 31 8 50 31 21 15 49 36 39 5 46 14 9 49 46 1 0 36 27 50 37 34 50 12 
0 46 26 33 20 36 50 12 14 34 36 17 50 41 24 10 19 20 7 50 24 50 2 34 23 35 42 3 7 11 27 50 26 36 47 50 2 37 4 21 50 7 22 17 39 20 50 13 37 49 20 39 50 27 16 20 4 38 36 18 11 50 2 36 9 34 2 10 50 50 50 50 13 33 7 9 3 24 42 6 50 
24 5 50 15 44 46 27 13 49 6 5 50 48 50 36 50 40 32 8 2 23 39 34 33 41 17 39 31 49 16 24 14 46 12 22 36 37 33 28 49 50 40 37 6 16 17 8 15 50 26 10 31 35 18 13 3 50 2 40 10 42 18 26 50 30 50 49 48 17 6 36 4 8 50 3 20 2 31 1 42 
1 40 17 10 50 1 9 32 7 42 49 8 46 25 11 21 22 44 23 17 31 10 4 0 21 18 50 30 50 15 22 50 8 31 50 40 50 41 50 37 26 50 50 50 50 16 26 2 50 40 50 34 24 23 50 50 18 50 47 50 28 50 19 32 35 12 43 9 2 27 3 50 39 28 25 2 6 50 25 
34 50 47 13 36 0 42 50 50 45 50 50 50 6 2 19 31 6 27 13 50 45 24 48 6 28 0 32 33 13 50 20 32 50 44 27 38 36 15 31 28 23 16 13 12 17 7 21 38 16 7 25 40 29 47 2 50 50 13 8 24 27 19 24 50 15 0 32 42 22 50 50 50 12 9 40 29 49 
29 50 31 33 35 50 50 25 26 39 18 50 16 2 31 1 50 39 27 18 50 40 50 6 50 46 50 0 21 34 50 12 2 13 50 42 19 34 44 37 5 11 25 34 5 44 35 12 38 26 50 24 39 9 42 50 50 50 2 47 5 39 1 4 27 44 14 3 50 25 48 50 41 46 35 50 2 
50 32 50 20 10 14 50 16 2 0 17 23 22 50 18 50 43 23 17 48 47 9 1 4 18 17 7 40 39 38 50 50 35 4 8 7 28 0 6 49 15 17 2 30 16 33 50 22 44 22 5 29 46 17 15 24 36 3 9 38 50 32 4 50 43 6 3 28 15 14 20 40 44 19 50 35 
6 26 25 13 23 3 13 29 15 21 49 32 17 50 19 23 40 26 32 43 33 12 18 50 16 47 24 6 15 50 50 24 3 25 10 50 48 12 30 34 37 11 50 2 41 10 15 41 25 33 1 9 50 6 32 50 30 33 40 29 50 6 0 30 5 48 13 31 12 20 9 25 20 33 6 
0 0 16 25 45 47 9 5 27 39 42 30 35 15 37 43 45 24 0 3 35 26 23 29 28 2 11 50 24 39 49 13 32 32 10 26 30 18 9 0 29 29 21 26 5 11 40 15 5 11 6 49 18 50 2 29 4 44 7 7 26 49 13 4 50 32 12 30 22 10 41 21 40 31 
33 14 3 8 36 43 1 13 14 0 13 29 30 41 3 34 50 2 5 40 5 35 50 50 3 3 21 25 19 24 35 42 49 50 17 50 18 2 37 19 37 13 0 4 50 45 6 6 26 0 7 20 36 12 50 36 16 19 50 25 30 30 42 27 1 29 5 4 50 50 50 23 19 
9 20 21 50 50 15 38 35 44 45 50 8 4 5 10 50 33 13 45 50 49 2 34 50 30 44 4 1 20 29 25 46 39 32 14 41 50 7 50 12 49 30 17 24 40 43 31 27 14 50 50 17 18 42 42 27 39 50 50 39 39 6 48 28 24 33 32 50 50 41 25 20 
13 23 49 50 33 14 1 45 33 50 25 25 23 38 37 21 9 24 32 23 42 50 10 50 22 39 5 25 50 26 50 46 40 23 44 49 25 34 50 37 11 37 43 38 36 32 7 14 1 50 50 45 50 1 18 38 50 6 50 36 29 3 16 26 50 50 3 6 7 33 49 
42 10 11 45 39 21 31 50 42 3 29 45 12 50 45 5 30 44 50 50 50 0 2 41 30 28 38 36 1 48 48 10 7 3 10 16 30 50 14 20 50 48 48 39 6 42 50 50 50 47 15 38 4 28 14 50 8 3 16 20 6 23 18 25 22 0 19 50 0 50 
0 35 50 6 13 34 21 44 50 50 20 18 2 14 4 7 34 22 50 28 3 16 20 22 50 3 43 21 50 35 23 37 27 27 43 29 5 48 24 1 23 49 7 30 6 25 11 24 43 50 28 36 45 37 11 47 50 50 15 24 50 42 39 9 50 49 31 47 40 
50 38 38 13 18 23 13 49 28 29 12 50 45 24 20 33 47 50 7 31 44 39 33 20 27 20 50 32 25 46 8 13 42 29 2 50 22 45 48 38 44 28 2 13 38 6 22 13 50 44 34 14 27 2 22 28 38 2 39 50 50 50 22 41 3 50 32 29 
50 11 39 44 8 35 39 41 21 50 45 38 39 50 23 16 1 42 50 16 32 5 37 8 50 13 5 44 35 43 0 50 25 43 37 49 0 24 50 30 1 40 14 15 22 40 25 8 48 21 4 18 37 25 48 50 11 50 28 50 22 38 22 11 8 40 20 
45 21 10 50 41 38 25 43 20 50 50 15 30 50 21 50 50 35 50 10 50 43 27 17 50 21 50 49 19 50 16 1 4 4 3 20 50 43 50 4 18 50 43 35 36 31 49 42 50 14 24 29 2 32 39 50 32 50 31 50 42 50 21 8 46 20 
42 34 36 50 12 16 29 38 19 8 50 27 23 27 1 50 50 27 21 11 45 50 23 11 37 39 50 32 41 7 31 38 4 39 6 23 45 28 45 33 50 50 42 12 11 50 45 36 32 42 34 28 31 34 50 50 5 39 13 40 41 47 14 38 16 
7 23 38 44 38 4 50 40 12 38 46 14 10 19 33 50 18 34 36 24 33 24 28 25 50 48 36 33 50 16 21 20 31 50 42 50 40 24 31 49 28 50 5 8 0 2 49 5 48 13 33 34 49 11 22 13 50 48 26 26 7 33 38 13 
5 30 20 25 43 21 24 50 50 50 16 23 26 39 35 9 48 1 50 11 3 36 50 16 45 43 10 14 49 4 11 16 25 27 1 50 39 50 40 18 26 34 28 6 37 3 12 50 42 20 30 28 50 50 26 21 33 20 30 50 22 10 10 
9 47 1 23 15 29 11 41 50 15 29 9 14 35 36 36 33 50 9 5 37 10 44 14 8 0 15 44 43 10 50 7 7 50 27 35 50 14 0 50 50 50 12 49 22 8 50 17 18 50 3 45 41 12 38 17 34 33 9 13 50 21 
13 50 25 24 17 41 38 47 50 50 48 5 28 50 50 32 21 28 14 48 17 50 10 32 50 50 18 37 19 22 50 50 50 42 33 18 39 49 5 39 15 5 0 50 4 41 15 15 2 1 50 11 1 36 50 15 49 27 50 36 42 
50 50 17 38 31 20 11 21 10 8 34 5 12 22 48 43 42 8 34 48 31 7 4 29 26 47 12 30 17 22 34 12 46 46 36 50 46 20 19 3 7 47 4 28 21 40 50 19 7 44 20 4 47 37 7 50 14 40 13 11 
3 45 15 32 14 10 31 50 21 27 6 19 35 11 11 13 30 28 44 50 49 39 41 26 14 4 27 50 45 12 50 29 50 9 40 27 46 13 7 36 29 38 35 18 34 8 18 22 27 39 11 50 50 11 4 37 50 27 28 
31 37 8 38 48 1 45 38 50 43 14 48 7 26 47 46 39 40 0 50 12 50 3 30 23 50 21 14 39 41 24 50 28 18 13 21 24 40 5 20 19 25 9 28 45 19 34 50 50 40 31 20 15 1 26 8 39 28 
33 40 29 16 45 50 50 50 50 25 49 26 19 50 7 50 34 38 36 38 12 7 16 12 27 41 23 31 50 44 2 38 3 45 26 27 50 23 4 32 45 44 49 46 37 9 48 23 20 49 45 50 49 28 22 50 40 
14 50 26 46 8 50 15 31 5 8 2 50 44 3 16 19 34 45 3 8 5 12 50 3 15 5 23 50 1 46 25 50 32 23 42 50 45 45 2 13 41 36 23 0 42 46 50 6 11 32 12 41 28 47 32 19 
3 41 19 28 20 50 5 0 39 49 5 48 50 36 50 15 33 2 31 50 40 32 28 32 41 50 13 3 32 44 19 5 50 2 44 40 9 49 29 50 26 44 38 2 17 0 9 15 16 24 37 18 50 18 47 
47 10 41 29 28 41 6 41 50 44 50 12 26 34 50 26 3 35 35 19 41 35 37 50 10 45 22 25 29 6 19 11 50 50 25 49 50 50 8 50 20 22 2 50 22 19 50 38 27 27 33 40 11 3 
50 50 36 24 24 0 14 43 25 23 46 38 6 50 50 20 14 20 40 27 14 50 50 25 30 50 50 6 42 40 44 1 40 8 28 37 34 46 50 47 37 48 19 47 9 17 30 40 50 18 41 31 50 
5 46 17 47 50 48 22 22 39 22 38 49 50 50 50 50 19 28 38 41 34 26 21 44 47 14 42 25 3 17 21 50 26 18 12 27 37 8 35 0 28 50 42 19 30 0 50 50 42 9 11 36 
10 19 10 41 46 50 12 50 12 14 41 3 6 49 37 50 10 39 44 45 19 21 33 23 49 50 47 3 50 27 19 46 32 45 26 6 27 42 49 12 27 49 0 43 17 34 50 46 40 8 2 
24 31 50 50 42 43 19 34 22 8 22 36 23 3 4 25 17 14 50 18 12 19 3 50 31 34 37 32 48 42 15 43 50 22 20 7 37 4 37 42 16 6 23 50 50 22 11 38 21 50 
23 35 49 50 50 33 5 10 50 43 15 16 35 48 35 3 46 34 21 40 1 27 50 8 19 50 40 11 50 5 45 9 50 47 50 50 33 26 50 13 46 13 34 25 2 4 42 50 50 
27 50 45 33 22 10 13 47 50 1 46 3 50 20 8 45 17 17 17 20 44 42 17 30 24 29 24 42 33 43 12 15 35 17 16 0 18 43 2 8 35 50 0 12 50 47 50 45 
28 41 50 20 41 50 49 50 18 12 22 50 32 19 15 2 36 44 34 27 50 39 0 14 7 25 19 12 50 34 4 45 28 8 50 17 14 47 50 47 2 5 11 50 50 15 34 
45 7 50 43 45 50 50 37 37 50 20 50 49 14 12 38 15 12 29 14 14 11 50 34 4 50 22 17 29 3 17 0 16 33 41 15 39 14 8 31 30 37 27 34 32 36 
50 27 11 24 8 11 50 22 22 21 50 16 12 21 30 14 12 32 7 50 43 50 22 26 32 50 23 46 50 5 39 6 0 44 1 49 47 40 9 50 17 6 12 9 50 
30 20 27 48 33 50 49 33 25 42 42 50 50 23 45 50 50 50 18 32 4 41 11 25 48 6 50 22 35 35 34 31 18 21 31 20 48 50 31 36 31 7 15 42 
8 49 0 19 12 19 30 44 28 22 17 5 27 40 32 30 37 49 28 5 37 8 9 29 50 46 39 50 50 50 49 50 12 46 16 50 38 8 24 25 20 0 50 
28 23 50 46 44 35 12 26 26 35 10 2 19 40 13 50 23 33 50 18 28 36 50 12 24 50 50 24 8 23 9 45 21 50 6 25 38 45 38 50 21 45 
16 6 50 50 22 21 20 23 13 5 26 41 45 39 44 32 27 50 49 36 28 16 35 26 42 50 50 30 35 7 19 50 37 3 16 50 50 43 18 50 37 
50 50 27 50 36 50 50 31 36 1 40 1 44 40 2 19 41 50 50 50 6 50 50 35 50 13 29 50 48 2 50 10 3 8 49 49 50 22 14 50 
50 28 49 50 50 50 2 26 35 50 50 10 50 14 22 50 50 47 50 40 50 24 9 29 35 14 50 7 23 44 30 50 1 32 6 5 23 14 38 
50 33 50 0 25 44 7 14 46 24 15 41 50 50 10 50 50 5 34 32 4 50 50 50 29 18 50 35 27 50 7 1 26 50 19 50 35 50 
42 50 50 50 5 50 6 16 3 50 49 50 2 50 0 28 45 26 50 39 50 38 45 42 50 19 50 41 45 50 32 42 5 50 48 45 15 
14 48 50 17 37 5 50 50 35 4 50 29 33 33 49 50 50 7 2 43 37 11 50 16 50 19 20 9 29 34 1 24 47 13 45 50 
33 3 20 35 46 50 12 12 36 50 49 26 3 50 19 21 5 50 46 39 23 33 50 50 12 50 17 3 32 50 18 50 9 6 46 
42 10 50 50 40 7 50 13 7 50 50 19 6 50 27 50 40 50 30 25 50 41 25 47 25 14 50 34 22 49 49 50 28 46 
29 42 50 29 50 50 50 37 49 41 25 36 8 40 50 16 3 21 50 50 50 18 36 40 50 50 20 43 33 50 50 50 50 
50 50 20 50 50 43 43 32 50 30 36 50 50 37 50 23 23 30 26 50 50 20 33 25 38 47 36 9 27 35 16 50 
22 44 24 50 50 32 13 50 46 22 42 5 1 50 43 2 24 50 50 13 45 50 49 37 50 38 30 50 26 16 50 
25 35 20 41 50 34 47 43 50 28 50 50 37 50 24 50 50 18 23 35 5 50 50 10 50 50 26 49 27 29 
29 50 50 43 26 49 0 32 50 50 39 50 50 50 50 50 43 50 5 50 39 19 50 50 15 8 50 21 4 
50 50 2 34 26 50 12 10 50 50 50 44 8 50 36 1 43 26 50 6 50 37 45 41 14 36 29 31 
8 33 28 4 6 8 8 50 23 9 17 14 23 40 50 31 34 50 44 50 6 50 2 50 13 50 50 
29 29 50 50 17 26 28 15 18 16 8 50 31 50 46 7 50 18 35 17 34 49 48 29 17 50 
24 50 2 44 15 9 50 10 50 50 36 12 50 3 4 50 19 50 30 44 24 50 50 14 50 
29 41 21 32 50 39 28 50 27 13 50 39 50 26 44 40 22 32 41 50 33 5 50 50 
50 41 9 30 50 47 34 50 45 50 15 50 50 1 50 9 19 40 23 50 40 47 10 
38 27 23 33 50 2 36 11 24 42 50 36 1 1 50 4 27 34 21 19 45 49 
50 1 50 32 15 50 50 24 50 34 33 50 50 21 2 50 1 28 21 42 32 
49 44 50 50 50 43 14 50 35 50 50 34 50 9 19 50 50 22 6 50 
26 32 50 50 19 50 50 50 16 4 50 21 50 34 2 1 24 50 50 
50 50 13 33 35 2 29 3 50 27 50 48 21 50 41 49 50 42 
50 50 46 50 41 29 47 44 50 50 50 27 14 40 38 25 50 
0 3 50 4 50 50 36 2 50 11 35 4 50 50 49 13 
40 50 12 50 0 49 10 25 2 39 29 46 25 31 5 
50 50 50 2 50 5 25 26 7 21 50 10 18 50 
38 50 32 32 2 1 50 28 3 45 50 21 9 
33 6 7 39 39 50 50 34 50 50 29 0 
50 49 18 50 50 24 29 2 50 22 9 
50 50 50 50 50 31 16 50 50 32 
20 11 50 40 6 29 33 16 42 
2 42 21 50 44 50 36 31 
40 27 49 50 50 50 39 
50 37 12 50 4 43 
46 9 18 1 0 
50 26 6 43 
41 23 49 
50 10 
50 

