100 50
33 50 36 14 21 21 20 41 37 7 43 17 19 43 49 46 28 15 15 11 8 11 28 16 22 11 43 27 6 43 38 21 50 2 12 21 49 32 3 2 18 41 20 27 3 48 19 45 15 12 24 8 50 6 12 49 47 7 29 3 1 8 38 12 18 34 16 2 5 33 30 36 50 16 32 28 41 42 40 23 50 23 41 50 46 46 48 29 17 17 22 16 15 15 22 19 34 47 44 
28 24 50 20 33 12 50 6 40 5 23 26 0 37 48 36 24 18 50 34 39 23 43 21 21 12 50 34 50 46 49 10 30 12 41 40 40 20 42 22 28 2 4 31 6 50 22 48 15 45 9 27 34 26 25 31 47 26 3 1 1 35 15 22 48 18 29 2 1 36 37 8 39 48 3 14 47 29 50 48 35 37 12 1 10 32 17 20 50 27 14 50 28 28 29 29 39 20 
6 22 43 3 4 3 5 0 19 0 4 8 31 38 2 39 37 34 30 24 30 23 49 8 50 16 46 6 16 2 26 23 30 29 50 18 10 5 14 50 30 4 14 44 16 18 33 35 44 15 41 10 17 49 44 35 24 39 27 20 50 45 27 3 34 4 48 19 2 30 29 21 50 46 50 12 50 35 13 26 43 37 42 36 4 29 48 40 5 50 27 29 40 47 9 26 22 
13 48 0 37 14 48 42 50 17 14 28 50 15 22 45 31 25 29 18 15 32 24 43 50 11 50 17 0 46 12 2 9 23 3 43 4 30 36 21 25 13 35 15 24 37 50 32 30 33 46 23 50 6 47 10 15 23 26 10 23 44 23 4 39 45 45 24 43 49 50 16 47 24 50 48 11 0 9 28 49 6 34 38 42 1 34 2 41 1 17 25 50 20 21 13 46 
23 12 8 28 44 38 47 21 8 8 50 12 13 27 22 5 50 42 47 42 50 38 28 29 8 13 40 31 7 46 30 0 21 15 43 44 14 29 30 24 14 47 34 1 46 20 18 3 47 40 21 10 3 50 9 50 50 15 36 19 48 11 50 37 7 50 5 12 23 10 28 50 16 4 4 27 1 1 4 50 2 0 41 37 3 3 20 37 12 23 45 10 47 14 38 
33 23 14 35 42 2 23 12 49 50 2 32 14 11 33 50 19 50 31 28 48 32 50 25 22 9 48 5 34 23 44 26 2 50 14 31 22 27 20 45 20 36 35 42 18 45 9 44 20 26 50 29 46 50 10 31 7 11 8 30 47 45 50 13 50 34 41 46 47 6 23 27 14 8 9 49 34 49 35 13 2 2 20 26 50 20 6 26 31 16 38 50 12 7 
14 50 27 27 5 50 25 32 30 50 2 50 14 27 50 40 43 17 39 48 7 50 25 48 1 21 30 17 27 26 27 12 11 27 50 41 31 7 26 27 32 49 1 50 50 4 35 13 50 26 0 9 21 0 1 30 14 17 50 29 26 11 11 6 1 8 11 29 16 18 3 2 44 33 8 41 16 42 30 50 10 20 42 24 50 7 21 47 29 26 26 40 32 
13 19 23 50 23 50 35 50 42 50 28 23 50 11 43 44 10 23 4 27 31 34 41 15 42 50 50 29 50 27 29 45 38 36 44 6 30 22 5 32 29 38 11 9 14 24 36 1 6 44 20 48 38 33 4 17 49 25 7 34 32 7 41 31 50 50 0 20 16 14 6 31 16 42 20 9 12 9 11 47 26 12 41 0 30 42 28 40 34 16 20 22 
50 45 17 18 37 42 4 46 18 15 17 37 38 41 30 18 3 1 41 9 47 0 5 32 20 11 50 11 28 9 22 26 15 27 39 50 32 5 45 12 50 23 13 37 37 19 41 5 11 44 50 5 11 17 36 49 33 21 8 30 29 34 16 49 12 49 23 50 50 36 45 38 50 42 16 11 25 36 50 46 9 50 34 13 21 5 0 34 33 6 16 
5 39 1 34 50 15 33 30 38 20 28 8 3 21 19 50 44 5 20 33 10 37 11 2 48 11 36 46 47 8 7 4 10 49 1 49 9 27 5 21 18 49 28 32 33 17 22 27 35 34 8 11 25 47 26 4 2 31 12 50 5 39 22 6 31 11 21 48 33 21 12 34 46 23 26 44 31 45 14 33 30 28 48 35 35 2 46 28 24 41 
35 15 11 44 38 25 40 41 30 28 45 20 38 39 18 37 30 50 15 33 2 42 13 27 45 11 17 10 38 20 48 20 9 47 19 15 5 48 38 9 26 33 24 6 14 40 50 36 49 7 13 23 35 44 24 15 44 27 1 50 14 10 2 40 15 18 34 39 33 8 14 50 9 46 18 50 38 8 44 23 36 19 8 8 14 8 26 14 50 
12 33 10 50 49 27 30 20 29 39 28 22 41 33 12 16 1 16 3 10 14 19 18 38 9 11 43 12 44 21 13 11 5 48 35 26 32 46 32 29 1 14 16 42 42 13 31 6 25 50 50 11 32 0 21 18 4 50 5 4 47 20 32 21 19 50 15 20 21 0 16 38 13 6 31 5 50 50 18 16 41 26 12 0 47 25 1 22 
31 20 40 25 4 14 17 50 21 38 5 36 44 39 50 16 10 46 0 3 48 42 22 43 23 19 36 14 43 32 15 1 42 40 28 46 15 21 0 36 24 25 0 43 8 4 15 42 5 2 23 34 50 19 50 27 17 12 39 34 50 3 12 6 3 50 23 28 40 40 34 32 46 10 40 34 9 20 6 29 4 20 8 44 7 7 0 
39 42 50 3 21 38 50 44 22 48 14 26 50 30 48 3 7 31 12 44 4 42 32 31 10 42 45 50 7 17 19 22 20 50 25 20 23 19 17 9 40 31 37 46 13 21 5 2 4 35 46 24 49 40 5 22 26 5 20 9 3 50 11 2 44 1 50 7 47 20 37 13 23 44 18 41 50 5 17 9 46 14 13 17 36 9 
13 10 5 27 43 38 45 50 30 50 17 48 19 4 0 9 15 6 32 2 14 25 48 37 50 9 1 6 8 50 50 15 40 19 26 50 41 13 50 40 2 27 8 26 38 27 42 40 32 42 25 43 12 23 47 8 50 22 7 35 41 49 10 16 22 8 44 10 11 18 11 25 47 3 22 41 10 24 5 12 41 4 15 5 2 
4 25 19 11 30 44 33 3 8 35 15 22 10 12 50 45 9 30 27 25 20 1 49 6 6 19 49 12 17 12 32 26 34 11 50 23 17 9 41 22 6 34 43 29 33 45 19 34 50 27 50 10 24 46 33 35 22 35 41 25 35 33 31 31 28 12 8 6 25 49 50 15 37 45 50 0 43 50 50 5 38 4 33 48 
12 15 48 39 18 3 1 11 48 44 8 32 34 13 25 50 13 4 38 16 21 35 25 49 50 33 24 37 25 46 47 3 0 17 34 46 47 50 17 47 14 48 14 35 11 30 25 18 35 5 28 4 3 2 45 45 13 5 40 17 5 34 49 8 43 15 50 0 2 1 27 23 50 3 50 26 5 20 50 11 46 34 50 
4 2 0 39 14 13 28 36 25 25 38 6 27 10 17 31 16 46 36 24 45 19 50 24 13 18 38 10 23 36 23 47 21 50 27 34 50 41 21 2 24 32 35 47 39 46 39 35 33 26 26 6 18 28 50 41 10 20 36 37 42 41 0 1 42 29 15 25 42 18 6 32 50 23 50 14 38 31 23 50 7 26 
0 16 46 43 11 4 11 5 49 9 36 40 14 5 32 28 12 8 8 33 10 47 29 38 13 26 0 7 26 17 4 33 24 11 8 49 21 50 17 47 40 44 29 10 50 3 5 32 50 11 49 7 14 0 3 37 47 18 45 31 34 20 8 23 25 37 4 5 21 14 18 46 45 23 10 33 50 43 10 33 10 
6 8 15 18 0 30 50 7 12 13 44 41 49 6 46 8 45 1 19 4 47 7 37 26 16 10 25 9 30 50 27 19 23 36 15 27 42 50 47 44 18 16 49 3 50 37 12 1 22 35 10 50 30 40 0 43 3 22 42 28 16 42 25 0 14 21 38 35 50 24 46 0 39 12 35 46 15 32 1 1 
7 40 2 24 34 3 21 1 32 13 5 42 40 27 27 26 42 24 44 23 17 12 19 34 14 50 7 42 12 36 5 26 17 23 50 32 4 15 36 21 8 22 30 4 46 26 21 9 7 50 23 45 16 14 38 31 46 12 26 6 7 48 38 0 37 21 50 50 7 2 23 14 4 39 39 50 25 50 46 
24 28 30 14 49 32 39 32 1 1 11 32 25 36 29 5 50 9 2 20 11 50 14 1 40 23 2 16 47 14 50 50 43 1 50 16 31 30 30 5 0 19 7 35 5 50 4 39 49 33 7 7 26 12 34 4 7 5 28 47 20 6 37 40 16 5 32 47 15 29 27 8 26 35 13 8 50 22 
48 16 45 30 18 14 24 38 8 49 48 12 43 50 31 36 48 38 9 2 3 50 1 21 1 42 50 50 45 28 43 38 50 28 17 50 29 20 1 45 27 29 4 1 16 31 28 45 13 43 17 43 9 3 13 50 17 12 40 20 43 40 12 28 29 43 20 5 46 15 7 10 6 32 39 50 36 
7 11 29 33 46 47 20 1 14 1 39 3 41 21 42 12 27 4 4 19 50 49 33 13 1 19 13 44 27 50 19 39 32 30 5 35 18 39 4 3 3 36 19 27 20 8 34 1 48 48 35 16 14 13 39 50 31 23 25 29 49 4 50 42 32 12 35 2 9 49 40 48 25 30 48 0 
26 6 27 30 45 32 31 2 27 13 40 16 50 14 50 30 44 50 22 28 8 22 22 29 4 26 48 4 29 4 41 49 50 11 27 32 31 50 13 6 46 35 4 33 45 29 49 12 47 11 7 19 39 7 1 13 9 40 33 22 27 34 37 40 12 50 46 14 13 7 50 15 10 37 13 
3 4 8 16 43 9 38 2 3 27 7 11 50 46 34 50 33 45 49 37 50 50 31 49 26 40 5 42 7 14 10 37 32 26 49 17 44 6 20 4 18 31 5 14 19 13 50 22 2 15 5 28 22 35 27 19 5 4 42 33 31 1 2 8 36 24 7 46 48 41 1 38 50 12 
3 17 10 50 25 44 12 38 30 29 19 15 25 31 9 39 39 0 1 2 4 50 28 27 39 32 2 50 22 50 21 50 31 50 33 19 25 26 43 46 4 1 50 43 15 33 33 10 8 37 20 38 3 17 50 40 7 38 18 0 4 32 3 27 2 19 16 8 8 24 31 36 8 
50 14 28 50 26 17 32 42 6 0 5 50 25 47 34 15 14 0 2 35 23 38 21 0 26 45 13 33 50 37 26 8 28 50 8 39 50 12 28 46 12 0 12 34 48 8 13 42 37 30 31 10 38 13 50 40 19 12 29 45 31 11 39 15 18 29 4 14 9 25 15 43 
23 35 40 16 27 7 50 49 48 45 41 6 6 34 34 28 7 27 28 25 7 5 33 13 50 50 10 48 50 50 14 23 50 7 50 50 50 1 40 20 50 36 0 48 50 39 50 50 50 50 50 18 43 27 23 50 23 50 20 45 30 0 1 7 8 22 30 50 50 9 17 
31 50 50 22 18 50 46 44 38 48 21 48 47 50 50 45 15 42 38 25 50 50 12 50 31 50 9 5 50 50 26 5 25 50 50 42 6 50 50 23 50 41 43 50 40 50 50 40 15 14 2 30 17 28 40 13 50 30 50 44 50 49 10 20 3 6 41 23 50 3 
23 19 34 50 10 50 46 42 50 18 50 50 37 15 41 12 0 50 44 39 13 21 3 4 13 11 49 44 45 5 50 30 41 27 50 50 17 18 50 13 17 43 20 50 36 34 5 0 39 50 50 17 20 45 50 10 5 23 15 46 40 22 42 14 10 17 50 39 50 
1 45 6 50 21 50 50 19 28 36 50 50 29 34 22 50 47 43 35 16 50 20 50 21 4 50 29 1 50 23 50 50 50 22 29 50 50 43 19 45 50 50 28 50 50 50 50 22 5 40 50 3 22 18 27 16 50 50 24 41 50 41 17 50 50 16 9 50 
50 50 5 28 50 6 50 28 50 48 50 50 19 30 31 50 20 45 50 0 24 50 50 40 29 15 46 27 50 50 0 50 19 16 50 4 23 0 25 41 39 3 50 50 42 50 24 50 50 50 50 50 50 50 22 50 50 46 22 13 46 50 50 0 34 50 50 
49 48 50 18 43 50 50 29 50 50 32 1 43 36 19 16 13 50 50 25 48 0 48 2 24 16 50 50 50 26 43 25 42 27 20 18 50 50 44 25 7 20 32 38 29 50 50 50 21 48 50 10 45 14 28 50 50 50 10 40 50 50 50 50 34 3 
25 46 18 35 50 15 36 50 38 20 34 13 0 17 0 50 3 38 50 31 14 50 34 14 50 9 50 11 42 50 8 50 25 50 5 46 50 37 50 50 50 7 9 36 27 8 50 20 45 50 33 50 50 50 50 50 5 32 12 50 50 19 44 28 50 
50 10 50 4 50 42 46 50 19 5 2 46 50 33 50 50 50 50 50 50 50 50 27 15 50 29 50 14 24 50 33 50 50 50 50 27 50 41 22 23 16 50 35 31 48 50 28 50 39 35 50 23 0 50 11 50 50 2 50 50 28 28 50 50 
50 43 0 7 38 19 34 50 25 50 50 50 27 50 37 44 11 2 30 46 50 26 20 44 5 35 50 50 50 50 50 48 10 7 16 17 46 8 7 6 7 29 15 19 41 40 41 3 50 35 5 35 28 50 50 12 50 36 12 37 41 27 41 
22 10 15 46 14 43 50 17 50 50 50 50 4 50 50 0 22 30 31 31 19 2 11 27 50 14 50 19 36 39 50 50 50 44 13 20 26 50 50 6 50 42 45 50 49 47 10 35 7 25 14 50 22 49 50 50 8 47 50 50 50 50 
16 50 18 37 45 8 14 50 26 45 47 50 50 25 50 11 30 48 40 26 24 50 16 9 50 50 50 50 50 50 22 50 42 33 36 44 50 21 22 14 28 23 50 35 50 6 24 33 50 28 50 1 31 22 50 49 15 13 45 44 37 
50 22 12 17 13 43 50 8 6 0 6 50 31 21 23 15 33 1 13 50 49 18 43 37 50 33 20 50 17 39 1 43 44 32 39 50 19 50 50 24 49 50 23 50 33 12 30 41 44 17 4 32 46 22 50 16 46 17 33 39 
17 49 3 50 26 5 43 50 49 8 35 50 29 14 6 31 29 15 2 35 8 37 28 50 4 50 20 3 37 28 50 4 50 50 43 26 35 2 10 47 8 50 50 50 29 19 50 50 50 50 43 29 50 24 36 10 24 42 50 
39 1 30 35 50 43 18 14 50 50 24 50 42 21 3 50 50 50 45 1 22 0 2 33 50 50 31 40 22 34 38 21 50 13 6 50 50 50 39 3 50 46 50 46 50 35 13 50 28 50 50 20 12 33 50 50 0 48 
20 7 39 48 17 8 20 4 29 13 30 19 50 50 50 5 18 32 36 27 21 31 38 50 37 38 37 39 50 50 50 24 11 50 11 24 39 50 0 3 21 5 50 28 24 50 5 48 28 20 0 27 30 19 32 8 15 
8 50 23 50 50 39 7 15 7 30 21 50 26 43 12 50 32 19 45 34 20 31 20 50 22 50 49 49 50 50 8 50 34 45 8 11 50 20 42 16 35 2 1 50 50 50 24 50 12 36 21 43 6 50 24 50 
49 28 36 50 36 6 50 23 50 25 15 50 10 47 36 43 50 9 4 50 20 14 4 50 50 50 23 10 22 50 28 48 50 29 20 50 50 50 48 39 22 50 48 33 50 17 34 50 22 6 24 22 50 31 41 
41 50 19 21 30 18 4 50 49 44 50 17 19 37 3 48 9 30 36 24 44 24 45 6 30 29 15 50 50 24 0 50 50 50 31 50 50 14 16 30 32 50 50 15 39 3 49 43 50 50 38 19 50 11 
11 39 50 47 0 6 1 50 5 26 22 50 50 16 4 33 44 48 50 34 35 10 50 26 20 0 17 6 7 26 20 50 26 23 40 7 47 50 50 44 49 9 50 50 23 50 26 23 6 21 2 31 50 
50 50 50 41 26 50 25 50 31 11 6 50 4 30 30 36 39 11 31 50 43 25 33 50 23 50 50 27 18 8 3 50 41 50 29 19 44 50 14 50 27 27 23 50 22 32 36 39 41 32 11 18 
23 24 4 0 33 16 26 50 23 50 50 31 10 8 25 50 5 50 50 36 41 17 50 50 2 50 50 35 50 0 50 50 18 50 50 28 18 42 28 21 28 50 46 35 43 50 50 7 41 50 47 
50 50 29 27 28 50 17 50 15 27 50 50 18 7 12 50 44 12 4 45 7 6 48 50 28 34 50 21 30 50 18 47 50 49 50 46 20 19 7 33 50 50 50 35 50 50 50 22 32 50 
41 11 50 15 50 46 50 50 25 42 48 13 10 21 18 31 1 49 43 13 48 21 44 20 44 8 50 5 50 50 40 34 50 39 46 35 50 23 6 50 15 50 40 0 11 50 31 48 25 
41 50 50 19 34 50 20 42 8 50 50 29 12 11 50 41 31 29 50 22 49 50 32 50 50 48 21 9 48 50 2 45 48 50 15 14 50 33 7 8 9 50 50 47 46 50 44 24 
16 50 10 23 12 8 50 26 25 29 40 50 42 21 12 26 27 0 50 23 50 20 50 50 12 50 21 50 39 31 47 3 15 45 40 21 50 17 44 33 5 50 48 50 5 19 44 
0 33 41 32 2 50 31 9 50 30 50 50 49 33 9 26 10 13 50 50 45 41 50 10 9 13 50 50 10 43 0 48 31 1 49 30 5 14 30 32 50 26 30 25 50 48 
34 6 42 38 41 2 47 26 50 29 27 26 34 17 50 5 1 50 38 50 7 50 17 16 37 15 19 50 38 49 46 11 5 49 35 43 50 46 50 50 36 37 24 5 41 
17 50 50 33 50 38 46 32 1 50 50 7 12 40 50 22 26 34 14 14 1 50 46 50 50 20 31 50 21 44 22 44 20 50 24 33 34 50 24 50 17 38 28 7 
7 50 50 22 50 44 50 38 35 50 50 16 43 48 50 40 17 34 22 33 25 43 50 20 50 28 50 50 50 17 50 12 17 21 15 50 50 6 37 34 21 0 19 
36 25 0 49 30 39 50 9 50 34 21 44 50 41 50 50 8 38 16 16 12 33 50 46 46 40 34 27 7 50 25 28 50 50 50 7 1 39 43 50 0 40 
3 50 50 31 13 50 8 50 50 8 11 50 34 16 5 48 50 32 50 10 41 50 50 14 8 9 11 3 12 20 50 50 5 50 7 22 43 32 26 50 50 
27 2 5 50 42 39 32 0 42 48 3 42 50 16 31 50 3 50 17 30 40 30 50 3 25 50 50 22 50 1 50 8 28 50 50 50 50 5 50 34 
19 50 47 50 50 38 32 50 35 48 34 49 14 50 40 5 26 50 29 0 50 41 34 1 20 50 12 50 36 26 19 32 7 13 15 36 10 26 25 
38 39 32 9 19 12 36 40 40 6 18 50 11 50 12 50 33 11 38 18 10 16 20 34 48 50 45 13 45 29 50 4 49 36 2 35 5 41 
50 5 34 24 6 2 7 11 50 24 16 50 31 38 44 24 50 37 50 50 41 45 23 50 50 33 18 50 11 50 50 13 50 1 8 50 48 
18 34 35 4 50 50 47 10 10 50 8 50 50 32 47 7 7 50 23 17 50 6 10 45 50 20 50 11 5 28 50 35 24 29 50 50 
24 20 24 36 6 39 41 5 5 0 13 50 45 29 9 6 39 38 50 43 48 0 50 49 8 1 50 50 50 41 46 35 50 4 32 
50 50 15 31 3 50 24 50 2 42 18 23 31 14 50 21 50 36 2 50 21 50 21 50 3 41 31 31 27 32 24 42 6 15 
50 31 47 50 10 47 21 35 37 39 49 30 21 11 50 44 6 42 49 29 22 34 6 50 50 8 50 50 50 48 46 21 7 
35 24 6 35 50 45 50 50 50 20 48 26 41 7 50 31 50 25 50 13 41 50 28 12 29 9 50 50 14 49 21 28 
15 46 50 40 1 24 45 23 25 50 34 50 50 11 43 50 41 28 50 50 50 11 25 36 50 25 50 6 43 50 15 
10 29 50 10 2 23 7 24 36 3 23 44 50 13 15 4 6 28 12 50 40 50 23 26 50 50 50 5 18 4 
48 50 50 19 6 50 33 46 3 50 40 16 21 45 39 50 19 45 50 45 26 50 50 16 24 50 6 50 41 
5 30 32 50 50 32 50 0 27 23 37 44 5 50 42 7 19 13 32 50 43 50 29 50 50 50 50 42 
50 8 20 50 50 21 34 31 50 30 38 42 50 17 19 9 0 5 50 15 48 29 0 7 50 50 50 
14 3 50 50 6 50 7 32 49 42 44 6 45 11 22 50 50 50 50 37 50 29 45 50 24 50 
27 50 27 13 34 50 47 27 50 50 1 15 32 23 29 14 10 50 50 3 23 50 50 4 34 
50 2 50 50 47 50 38 37 13 13 41 10 26 22 19 0 34 3 44 10 16 49 50 7 
22 0 43 50 49 16 33 21 11 39 0 3 38 12 50 50 50 50 34 14 49 43 50 
16 26 47 19 49 50 50 8 41 8 43 19 50 42 48 24 8 32 24 50 39 30 
35 17 50 50 40 50 17 44 16 4 50 50 8 50 50 38 17 37 4 50 37 
38 33 30 46 49 11 50 50 50 30 1 24 49 1 8 50 37 43 50 37 
21 46 23 0 50 33 2 50 19 44 50 50 50 25 50 27 28 50 49 
6 50 35 12 50 36 50 50 50 25 22 25 35 50 50 50 50 5 
40 34 50 3 50 46 1 50 47 6 50 26 43 9 45 36 33 
15 21 39 14 31 16 2 45 45 33 26 39 46 33 2 32 
23 42 8 50 50 47 50 3 50 40 6 50 50 36 44 
34 50 50 24 25 22 20 50 31 1 39 10 23 48 
26 12 0 15 6 19 16 7 50 50 50 50 40 
2 41 50 50 50 50 47 30 17 50 47 47 
12 37 50 0 39 50 50 18 49 50 50 
45 24 11 2 39 47 40 1 31 33 
50 39 50 50 22 50 28 24 35 
31 9 15 24 17 44 48 21 
48 36 33 12 50 28 31 
2 46 16 50 25 3 
18 14 25 12 50 
50 39 50 32 
50 0 48 
48 4 
16 

