100 100
4 74 20 11 88 37 45 96 59 100 68 68 6 40 55 53 31 76 4 57 86 93 41 30 43 99 72 97 25 42 98 37 62 21 100 10 62 100 55 72 80 87 100 15 64 40 15 76 40 60 22 98 96 66 1 48 37 15 51 38 37 76 94 92 37 10 26 100 29 51 8 84 27 20 92 75 60 34 100 100 25 61 40 23 53 34 100 9 21 80 76 13 75 70 94 72 63 1 24 
71 45 17 5 39 52 50 70 39 23 49 100 74 22 9 7 62 4 100 62 100 20 100 65 99 52 5 100 43 100 24 98 49 21 83 52 23 65 12 80 25 71 100 78 74 53 31 31 100 76 77 11 14 63 14 3 100 32 63 21 9 37 63 10 0 8 100 95 3 1 36 49 69 67 100 92 88 91 25 74 46 100 46 100 6 100 74 42 73 66 56 100 80 86 100 25 49 25 
21 3 8 0 5 3 62 27 83 63 88 5 64 81 96 36 70 6 4 37 50 1 0 9 26 59 38 6 75 10 6 81 13 99 13 100 93 38 56 49 17 88 78 40 24 80 18 81 68 100 61 68 1 11 79 55 24 48 1 38 69 37 44 68 88 38 72 64 32 3 37 94 73 93 10 87 11 88 33 34 55 62 82 100 0 66 43 39 99 55 82 56 66 20 100 28 78 
66 81 17 7 100 33 60 42 48 18 54 76 72 84 46 56 100 89 100 63 100 70 100 23 81 30 41 100 17 92 94 100 74 29 100 43 79 95 57 95 100 70 32 32 37 76 17 59 23 76 16 88 80 99 40 10 100 43 33 24 0 52 5 35 100 49 9 57 11 0 36 81 81 96 78 100 54 85 33 85 41 72 90 7 64 4 41 78 61 65 88 82 30 25 44 28 
75 100 74 42 2 81 32 53 15 82 58 34 80 37 15 16 84 30 65 26 44 93 82 94 45 95 37 9 29 93 65 76 40 79 91 100 63 64 15 99 83 100 37 32 31 20 81 49 62 55 86 100 87 83 86 37 10 58 82 28 54 90 79 12 100 83 100 47 100 22 98 48 53 82 65 79 64 0 32 100 96 64 75 24 33 2 23 79 88 57 10 74 97 51 19 
30 100 62 99 95 68 48 51 54 95 9 99 27 100 60 12 80 54 97 100 100 3 53 47 22 30 20 100 73 88 19 89 78 47 17 43 100 68 0 25 38 5 10 24 0 22 20 24 70 51 24 13 81 31 49 10 100 66 71 93 52 16 21 7 89 83 7 15 100 63 36 23 22 72 45 42 88 9 71 90 92 56 3 15 54 59 9 100 15 98 26 42 32 96 
3 97 30 58 59 95 27 0 3 40 79 9 100 44 100 100 9 8 91 83 42 73 71 16 74 36 49 98 45 4 9 44 53 23 63 72 15 91 100 100 19 8 81 26 71 65 72 34 71 100 11 22 76 98 48 40 99 62 65 23 66 35 33 16 50 10 37 42 94 36 94 10 85 52 72 52 73 90 33 50 52 13 29 100 99 96 65 26 56 77 91 57 50 
8 61 48 56 72 1 16 75 80 71 44 90 91 100 74 79 52 96 42 11 100 100 40 1 78 91 100 17 76 18 83 100 56 100 80 100 68 41 96 100 39 29 62 14 32 90 45 7 67 78 30 25 68 63 96 82 71 40 21 13 37 60 100 93 39 1 38 7 17 67 46 32 55 100 37 98 97 91 9 100 97 45 49 86 97 100 64 34 85 30 40 100 
27 100 49 98 70 66 81 100 100 45 78 59 71 97 84 100 100 100 70 23 41 34 100 45 83 95 100 13 34 27 100 100 6 43 48 50 86 47 100 100 59 79 30 86 27 100 100 43 31 19 100 100 100 14 22 48 59 83 83 42 96 18 20 48 39 20 99 34 100 1 32 100 54 48 55 81 100 100 76 4 100 46 77 78 20 76 30 48 27 97 100 
84 100 100 100 7 39 100 91 100 46 63 18 49 52 66 6 87 59 19 100 100 62 64 69 100 57 17 30 88 36 52 70 53 100 69 100 88 72 75 79 88 50 100 50 78 83 38 100 75 88 18 7 8 5 93 93 67 100 19 91 59 28 18 50 10 85 100 76 86 100 100 100 100 74 100 11 47 100 39 76 47 100 100 23 77 28 97 54 78 44 
28 100 86 53 15 100 81 49 9 79 62 50 65 38 76 89 54 16 24 46 37 12 14 30 45 15 82 45 57 100 96 94 3 40 34 97 42 9 66 38 96 45 65 100 52 80 83 76 34 41 9 28 17 100 21 67 78 76 32 69 27 93 53 80 100 81 91 100 57 100 27 85 97 2 42 100 21 68 32 91 59 64 65 59 13 88 90 73 85 
100 13 47 29 100 78 47 100 53 36 39 25 29 94 19 52 44 0 44 38 68 97 73 76 15 100 71 44 13 100 100 100 9 65 52 90 59 100 30 81 100 93 67 5 100 95 100 5 97 75 41 88 100 100 23 29 58 9 100 1 64 62 45 19 28 100 100 55 87 37 19 86 81 47 85 43 10 84 4 90 69 42 95 9 71 30 100 100 
55 100 100 87 100 61 41 46 100 79 100 49 76 39 58 26 54 94 83 96 74 91 77 58 100 100 48 100 66 58 100 66 29 93 21 64 66 100 26 78 41 69 90 51 2 81 52 100 100 100 45 91 19 68 46 81 90 83 83 1 49 24 100 53 91 68 47 65 12 100 55 70 84 11 88 22 68 100 89 79 15 64 47 100 100 44 66 
49 100 23 100 39 31 88 31 100 41 29 72 81 64 67 23 76 9 56 41 64 20 60 25 25 56 4 100 57 61 95 100 44 100 65 100 36 100 100 76 100 100 39 49 100 64 100 36 39 48 100 87 82 71 85 17 41 81 59 39 100 73 30 61 97 53 100 51 54 69 25 18 79 75 22 100 6 6 30 31 100 84 62 48 70 21 
37 100 4 94 100 89 100 100 26 33 23 87 92 75 14 97 24 38 84 50 18 100 50 8 45 100 77 76 94 12 100 87 88 30 91 100 72 53 75 27 5 100 100 5 47 75 49 100 42 63 43 65 29 50 82 77 90 64 12 9 58 34 92 100 78 62 20 100 8 57 9 19 68 94 100 5 8 89 100 66 6 65 53 76 96 
16 87 100 32 26 100 3 24 65 51 83 100 12 81 22 81 10 100 50 34 25 63 100 92 80 25 47 42 100 62 12 100 30 98 84 100 100 8 35 100 100 100 45 21 4 21 70 59 0 100 65 98 100 5 30 3 49 100 41 30 7 100 80 27 45 3 55 63 100 6 32 72 99 100 53 48 25 47 90 100 31 100 32 44 
52 77 100 6 34 100 58 100 44 60 21 7 9 6 45 2 27 41 80 84 58 8 42 54 22 17 46 31 72 89 99 13 52 22 46 32 81 85 73 39 79 96 12 10 30 59 100 33 17 93 25 67 95 30 32 100 75 33 100 78 48 23 71 85 1 100 100 100 1 100 98 20 2 20 100 60 0 100 0 52 58 28 100 
100 28 12 78 97 67 100 100 63 25 100 100 79 4 3 23 26 100 79 73 28 72 97 57 17 8 2 45 94 15 100 80 50 32 59 80 63 97 5 100 71 4 100 40 19 79 100 49 28 28 73 85 78 58 48 23 9 81 93 75 52 52 100 83 63 52 25 41 59 71 93 78 30 69 100 93 100 44 30 43 80 54 
100 42 70 33 100 42 47 82 23 2 100 37 35 78 77 46 29 89 1 100 31 28 49 52 100 100 17 30 100 77 31 100 65 82 12 99 69 30 100 80 86 26 25 100 57 100 8 94 72 48 100 99 20 100 53 100 85 68 100 100 34 16 53 0 8 100 20 59 87 50 53 30 100 76 42 100 100 100 3 26 75 
100 64 73 16 81 100 47 28 40 30 61 10 29 100 30 69 100 41 14 88 90 23 81 39 99 46 25 100 49 24 100 13 77 21 56 100 100 100 95 69 100 9 18 51 52 46 67 81 10 80 5 100 44 25 100 68 52 79 51 100 49 3 50 100 44 43 33 69 100 67 90 80 10 99 100 97 57 98 2 69 
4 15 3 45 100 69 77 43 47 58 100 100 100 2 34 67 76 100 52 52 58 95 41 41 84 99 100 100 0 60 81 100 100 100 69 13 68 100 43 100 17 72 73 37 74 10 11 30 73 33 60 100 51 67 16 54 100 23 45 37 7 36 85 16 16 57 96 2 70 55 50 62 71 50 57 67 100 99 52 
17 13 48 54 95 100 29 22 56 70 69 17 59 67 28 7 85 20 100 100 6 100 84 45 37 100 100 2 100 100 100 58 32 99 100 15 24 81 4 90 100 37 100 96 72 12 16 45 32 100 87 86 91 44 47 22 47 71 98 66 16 14 100 34 54 100 100 39 78 6 72 74 22 100 26 23 100 78 
41 9 58 84 63 56 74 75 100 71 46 97 17 14 93 100 88 8 36 36 100 27 99 100 100 100 100 50 83 50 61 4 61 100 34 10 100 76 100 100 60 39 100 12 72 0 66 82 68 63 3 76 100 87 62 85 15 100 40 4 22 100 100 87 96 68 22 100 57 100 10 13 1 75 63 83 34 
5 77 38 37 79 54 28 34 61 59 70 0 36 36 74 7 100 6 100 100 80 100 66 5 80 27 34 56 44 69 21 100 28 100 86 42 48 43 43 22 59 100 12 90 100 92 100 52 77 31 64 42 100 62 93 22 20 52 70 60 77 100 32 48 28 63 100 37 50 56 100 83 29 53 73 100 
72 59 74 72 52 78 100 80 27 10 75 66 100 9 100 100 72 74 9 23 24 84 100 4 96 53 100 74 99 70 100 50 52 94 100 100 12 44 85 15 78 50 78 41 42 100 100 100 100 100 96 100 36 100 6 44 100 12 17 41 100 100 9 23 9 58 25 83 25 100 74 69 100 75 29 
32 11 50 84 100 23 53 8 84 61 37 100 0 100 100 80 14 70 42 85 76 55 54 42 73 68 6 100 34 53 32 35 83 100 100 98 61 66 59 100 74 100 28 100 66 60 20 100 100 40 39 72 60 100 60 100 79 81 61 61 82 100 78 19 87 88 13 72 41 100 71 100 100 23 
100 81 88 59 40 80 91 56 75 100 37 31 71 12 42 43 39 83 63 58 38 32 100 11 91 100 62 54 50 20 86 28 24 100 100 100 78 100 100 100 10 86 43 50 95 100 10 24 100 77 7 92 6 29 100 70 100 35 77 16 54 24 100 26 100 100 32 17 100 41 100 34 45 
94 15 58 25 51 31 66 51 100 19 100 17 10 26 80 77 95 60 18 100 66 31 96 89 75 100 75 80 100 70 50 57 18 99 68 100 100 100 24 52 60 46 89 100 63 79 1 75 39 4 17 92 97 80 100 91 95 83 100 56 57 11 24 66 1 14 25 59 20 66 63 100 
17 5 82 1 76 53 12 90 62 95 97 12 10 100 15 70 52 100 30 2 100 90 100 93 84 47 100 92 79 100 45 76 38 15 23 71 100 52 50 92 30 23 100 64 100 58 41 5 17 73 91 100 33 100 100 48 28 33 35 92 6 85 100 100 69 100 100 94 100 78 100 
43 83 89 67 76 29 26 7 61 100 100 96 13 100 18 4 47 62 24 12 0 45 20 100 55 79 31 90 100 42 79 66 56 47 100 100 94 100 71 65 100 80 100 56 14 100 100 2 98 47 100 98 65 29 100 90 31 0 50 2 41 100 82 96 100 100 59 63 55 100 
53 20 100 15 100 43 43 92 60 100 62 5 37 100 99 100 67 5 100 95 11 71 100 15 87 40 3 11 100 16 100 75 43 13 100 100 75 98 100 84 100 77 66 11 100 35 98 100 54 69 82 45 34 19 100 85 61 52 82 79 100 57 36 40 21 100 57 100 99 
74 22 93 83 35 98 19 47 100 72 43 48 48 23 14 100 100 1 55 0 99 51 100 94 11 51 92 18 71 22 100 100 69 33 28 11 89 33 81 71 100 100 92 39 95 100 2 40 100 8 51 83 100 100 26 100 100 48 100 77 100 100 100 4 89 27 47 100 
81 7 100 100 100 31 92 100 93 69 100 31 99 100 62 7 50 53 30 19 75 100 21 77 17 62 15 68 95 38 84 30 91 100 48 49 78 100 100 45 100 100 100 26 51 39 84 100 100 63 100 47 82 100 31 100 5 40 98 36 100 1 53 100 100 96 46 
79 37 46 100 100 54 54 85 99 66 4 65 100 100 35 100 17 44 91 61 33 100 0 100 100 100 23 100 42 76 12 51 100 37 3 70 50 70 15 59 65 78 53 33 23 100 18 53 87 22 80 100 37 63 100 42 100 29 100 17 31 100 6 100 45 100 
57 34 75 24 100 83 84 79 14 68 100 100 31 100 52 100 100 49 29 78 16 45 74 31 58 39 14 98 100 9 100 28 16 61 100 10 100 38 90 12 99 61 10 11 77 62 63 24 7 30 46 16 7 5 58 26 27 87 23 76 40 59 32 30 100 
69 64 65 51 64 100 84 35 37 32 10 88 33 61 23 61 76 30 22 100 5 93 83 100 17 4 34 2 98 58 9 16 100 88 100 83 95 68 23 23 2 95 100 61 67 41 100 13 63 18 23 100 69 100 76 65 21 30 86 30 1 58 86 81 
100 100 98 100 100 57 99 12 53 67 74 100 38 14 100 51 100 100 100 51 66 74 97 100 9 44 79 10 29 63 21 14 68 57 19 19 100 17 93 100 62 7 100 6 100 100 5 24 98 52 100 100 80 84 48 100 25 87 40 9 100 21 61 
100 18 41 38 78 100 16 100 67 94 100 58 79 24 48 47 42 36 81 21 100 66 74 6 100 61 86 69 87 42 29 93 26 100 100 79 93 12 100 5 100 89 73 43 1 19 16 100 38 10 81 100 55 100 100 90 37 40 100 79 100 60 
100 72 100 72 47 32 75 44 22 71 54 27 51 87 11 9 34 100 93 17 7 71 51 41 16 11 58 100 100 12 86 2 37 40 100 96 34 7 100 47 12 44 16 100 50 93 4 46 100 69 51 31 100 26 21 21 21 93 11 100 100 
95 11 84 5 97 61 39 84 14 100 56 63 32 100 34 99 7 85 11 63 18 75 20 14 71 89 83 61 84 100 65 72 100 15 73 13 100 14 62 78 38 49 70 27 57 80 71 100 100 72 49 100 32 88 100 100 63 35 61 20 
6 96 64 20 52 100 31 68 35 5 2 71 94 100 40 79 96 62 41 100 100 26 34 87 61 9 71 44 76 28 82 21 95 7 100 54 71 14 100 100 59 59 84 97 100 69 100 2 46 23 5 28 100 28 100 45 88 98 100 
0 100 43 4 9 14 86 20 8 23 100 52 42 100 95 87 27 9 71 2 3 42 63 72 9 100 79 46 64 94 21 57 100 100 98 80 43 100 100 100 88 83 100 100 64 100 14 55 18 100 53 11 43 63 87 10 19 32 
54 76 100 1 47 100 44 100 47 66 85 100 62 100 62 16 100 100 89 80 17 17 100 35 100 50 48 20 100 27 83 6 61 29 100 61 15 79 100 100 40 62 88 54 100 100 60 82 28 75 80 16 78 83 10 46 52 
9 100 79 48 7 43 6 100 17 63 42 45 94 64 100 100 86 100 61 100 53 52 39 63 41 100 46 87 89 4 2 100 100 12 22 45 11 100 43 100 93 16 13 100 84 24 100 36 42 56 3 74 100 100 65 53 
65 70 98 9 10 56 100 72 11 6 8 3 35 71 62 32 13 30 25 46 77 100 5 100 100 100 22 100 47 66 49 72 100 100 56 100 10 100 17 7 45 92 100 100 100 84 100 56 54 100 100 5 35 85 95 
28 70 10 23 100 25 34 6 99 33 100 64 88 74 76 32 100 0 81 48 55 3 4 98 0 93 26 100 74 100 4 58 79 41 99 100 22 54 95 100 69 29 1 96 37 20 33 100 56 73 62 72 29 100 
100 100 75 67 100 16 47 75 31 77 68 21 87 67 21 33 55 25 91 56 66 96 35 78 21 49 5 100 80 73 3 81 55 26 43 17 74 100 21 100 11 17 54 37 38 100 18 44 100 100 89 100 100 
56 99 69 45 100 89 85 95 39 15 7 49 66 22 43 77 16 62 93 100 10 18 51 21 42 100 81 93 85 55 67 89 29 100 89 100 66 12 10 100 100 49 94 21 100 33 46 41 100 80 88 71 
100 100 100 100 66 20 60 84 20 56 26 19 55 100 17 51 39 6 21 100 22 100 32 74 100 100 76 72 29 90 88 49 100 64 90 39 92 6 86 71 12 17 42 61 98 62 100 71 49 69 39 
100 52 52 100 12 31 79 100 5 70 51 10 100 100 28 51 100 100 54 13 100 38 100 18 55 45 52 53 0 74 99 80 20 40 60 8 78 98 15 100 64 29 100 4 80 61 23 73 67 83 
99 100 62 100 28 1 67 20 100 2 62 28 28 51 100 96 8 53 28 75 23 52 2 58 100 12 51 57 100 1 88 100 18 44 65 43 8 12 83 46 54 100 40 56 100 70 19 36 59 
69 84 79 66 86 100 88 65 11 100 100 23 9 73 69 35 39 93 42 43 85 100 100 63 100 23 100 87 25 100 43 48 48 65 100 94 94 13 100 93 76 100 65 8 89 100 100 67 
88 88 17 20 55 77 2 74 86 86 91 18 70 11 68 53 100 3 25 18 66 66 6 69 17 34 37 0 97 8 3 74 100 4 25 86 51 63 100 87 57 100 6 100 16 81 100 
38 81 100 28 25 59 100 33 56 68 55 22 22 52 28 73 90 100 100 13 39 100 100 29 25 100 8 75 5 38 100 56 37 55 28 100 100 4 100 100 69 100 100 47 49 54 
5 19 43 100 38 100 100 0 15 3 29 100 73 5 62 100 88 80 82 72 88 4 41 78 32 100 100 65 92 74 71 32 100 100 71 50 60 89 51 31 65 39 100 23 47 
46 100 12 87 87 16 14 56 85 56 39 62 47 100 85 59 35 67 77 59 40 8 51 18 99 100 1 100 56 86 45 85 43 100 27 8 71 28 73 70 4 88 99 58 
87 5 20 62 61 75 20 100 100 47 48 100 100 80 51 100 2 69 40 62 100 100 59 79 79 52 1 100 97 46 91 93 88 89 67 59 11 100 19 31 44 74 27 
53 12 25 100 21 61 100 100 75 48 76 4 12 75 25 84 23 54 100 66 55 42 100 55 100 44 100 4 7 40 4 14 7 1 74 72 27 100 47 81 4 100 
22 19 100 85 100 30 84 86 23 100 100 100 33 61 73 76 51 65 24 74 21 28 11 36 89 15 100 87 1 44 100 72 99 59 67 80 96 64 100 100 100 
100 71 55 96 99 13 98 11 64 74 65 63 85 62 79 2 87 100 26 31 62 69 89 15 37 42 5 18 13 100 40 37 19 45 95 100 3 94 65 38 
99 77 21 9 9 82 100 100 78 100 76 27 92 78 100 100 100 25 14 59 1 50 17 92 100 16 100 8 24 53 79 90 79 51 36 45 100 72 90 
92 82 18 70 100 2 99 73 68 53 58 20 81 94 27 100 37 100 47 41 100 10 0 56 96 3 14 100 29 81 59 93 1 61 100 92 29 72 
10 82 59 24 22 10 58 100 100 4 78 61 100 100 79 84 74 53 10 14 100 60 31 21 9 100 28 44 51 29 73 85 13 29 81 78 96 
100 48 84 37 80 22 95 76 79 44 40 100 100 2 100 100 40 15 93 9 80 100 40 21 88 13 90 72 93 88 10 100 75 52 61 3 
99 98 96 45 91 100 85 2 11 100 77 75 23 51 38 47 54 7 55 100 38 87 100 100 43 25 24 94 100 6 100 95 23 80 47 
78 47 78 54 65 100 68 0 28 97 35 100 12 18 100 20 65 13 100 100 20 100 34 100 100 100 93 48 78 94 65 45 84 100 
97 62 63 63 7 12 18 25 39 63 100 0 60 91 36 36 50 64 100 100 70 11 100 84 91 100 100 87 18 80 42 59 100 
100 73 32 100 32 10 82 53 31 45 33 75 7 10 38 79 100 100 60 100 20 100 94 100 2 67 84 10 80 56 82 23 
100 27 67 48 47 82 100 26 100 87 100 27 100 93 74 45 10 21 90 67 50 3 5 100 95 50 63 94 80 41 12 
46 49 62 82 50 92 36 32 82 82 100 7 60 9 100 100 7 59 62 37 46 85 46 72 100 10 89 85 100 100 
24 11 18 23 86 100 75 54 70 35 100 77 18 28 96 31 100 39 43 20 40 77 0 61 14 26 100 100 5 
69 100 100 69 21 93 100 93 50 63 93 90 25 26 65 100 47 34 33 39 32 41 30 97 100 85 76 97 
100 100 100 59 79 100 100 98 100 100 35 96 23 6 100 7 100 22 1 10 7 27 72 100 61 35 80 
40 100 100 77 87 43 3 69 28 54 86 74 65 40 100 100 20 59 27 100 94 77 94 96 50 24 
78 67 70 38 100 100 25 74 38 40 84 94 78 100 82 89 78 73 3 95 14 4 92 47 26 
15 30 48 100 87 100 100 100 100 100 100 57 9 82 100 71 3 91 4 100 23 14 98 50 
95 73 57 48 25 100 95 36 55 11 53 60 53 64 100 37 87 100 15 0 100 35 100 
70 60 100 85 44 61 59 56 10 100 100 45 58 94 45 97 89 100 49 9 98 95 
89 65 95 83 62 6 61 100 100 32 100 97 91 100 19 75 48 37 7 0 34 
57 100 7 68 64 2 14 18 56 23 7 77 22 97 3 68 8 45 30 48 
100 100 73 31 100 37 1 96 3 100 70 24 100 35 23 51 56 7 67 
59 46 54 70 45 100 49 0 66 70 78 44 100 100 43 100 100 66 
79 92 78 37 60 6 72 100 70 24 3 61 78 66 12 71 100 
56 9 56 77 100 100 100 85 91 100 15 82 42 78 56 62 
98 79 43 99 96 13 53 85 100 44 67 21 58 100 79 
4 71 100 100 29 34 100 74 78 39 72 100 91 74 
10 100 8 16 26 24 64 43 93 58 100 100 46 
65 100 76 28 18 77 65 3 70 31 100 100 
100 79 100 100 100 66 92 45 29 100 69 
100 20 63 98 89 100 94 72 14 84 
92 2 100 100 7 100 2 62 100 
100 100 100 26 100 100 82 6 
38 33 51 92 21 77 61 
13 100 34 64 53 100 
93 27 67 100 33 
100 11 25 73 
35 66 47 
63 88 
41 

