100 100
80 45 63 3 100 35 86 27 100 84 100 79 2 27 99 72 100 67 26 43 5 93 40 16 19 100 14 40 100 89 30 53 67 18 63 38 69 100 86 99 82 45 72 47 93 100 17 100 100 100 92 51 30 100 65 70 34 22 100 44 100 57 60 79 56 57 77 98 88 11 46 24 72 45 62 48 79 38 54 1 44 100 100 100 100 62 26 88 100 9 35 47 24 100 49 53 23 100 82 
89 81 80 49 88 64 76 84 82 90 100 77 3 75 94 71 64 56 37 100 100 100 89 67 3 24 20 41 100 83 64 100 54 29 21 4 100 100 92 13 100 42 74 50 14 42 15 71 1 89 88 74 4 86 56 71 65 99 18 12 100 67 26 25 43 100 49 100 39 76 83 85 77 64 52 100 56 31 60 100 0 21 62 100 100 36 52 100 77 17 24 46 100 37 100 42 75 69 
7 5 100 83 24 49 1 34 37 100 1 60 54 63 60 2 11 26 100 83 1 100 60 87 33 96 83 95 25 100 28 7 75 100 88 67 23 71 99 4 98 34 51 93 53 100 8 9 100 100 100 21 18 100 89 100 100 92 9 21 40 29 69 28 44 84 9 50 58 91 100 11 31 100 100 57 61 0 61 39 67 100 13 76 52 57 26 73 55 57 16 33 11 57 36 73 53 
38 48 94 94 20 70 23 76 60 61 1 100 23 30 13 52 57 6 47 100 100 2 78 98 74 6 100 85 80 0 65 32 84 51 0 4 34 81 27 26 16 100 45 100 87 100 87 100 77 100 47 95 2 11 30 78 76 75 64 100 24 42 100 12 85 51 27 100 86 60 31 73 22 16 100 100 6 0 82 83 3 45 12 85 72 42 100 100 40 23 27 100 88 68 81 70 
67 7 92 1 30 86 20 100 49 76 96 14 65 98 27 19 96 25 74 38 68 100 83 19 65 52 98 20 59 3 9 100 100 85 36 46 93 100 91 70 100 9 100 44 74 21 34 56 69 92 26 49 31 35 47 94 15 41 63 100 79 2 5 13 41 45 100 67 3 36 19 11 12 53 44 63 48 100 80 42 100 59 81 100 89 40 29 99 100 15 100 5 100 57 21 
96 35 100 100 11 49 57 12 43 100 84 74 29 64 100 14 52 12 75 13 26 100 56 44 100 20 41 100 84 66 63 41 100 50 100 65 80 46 100 1 81 32 40 98 46 93 46 100 1 100 50 88 54 23 0 17 28 75 96 100 1 16 12 57 17 31 100 10 27 45 14 93 100 16 100 57 100 10 44 4 97 49 100 57 39 77 47 15 85 100 89 98 11 18 
100 92 20 76 10 18 32 14 100 43 25 62 17 6 0 58 79 100 100 42 84 30 98 54 18 100 100 100 58 49 41 63 90 26 100 89 24 50 11 75 66 100 97 25 50 81 100 25 93 100 7 100 100 86 85 5 100 45 100 46 22 69 99 58 100 19 0 100 92 100 9 100 47 95 62 14 100 100 71 100 43 63 38 87 100 39 61 79 78 100 74 87 100 
28 98 86 100 43 5 56 2 100 78 71 100 54 18 61 70 58 100 86 70 34 14 29 52 65 88 84 6 28 56 10 95 85 14 88 100 100 66 24 8 45 64 100 32 51 2 7 90 95 61 90 57 11 90 27 56 100 100 77 99 41 53 32 100 67 0 44 84 30 95 100 18 97 7 43 78 34 64 100 99 11 95 100 77 51 34 100 20 57 21 100 88 
34 97 19 44 42 79 60 5 100 82 44 18 45 100 52 63 13 61 19 39 33 100 69 97 27 100 37 87 47 52 40 100 39 15 7 50 73 39 44 31 61 28 15 63 95 100 63 44 36 68 100 12 100 67 20 83 62 100 18 96 85 51 15 15 55 100 47 20 100 11 58 69 9 8 31 0 92 86 63 99 61 30 100 37 100 100 14 9 100 47 100 
45 24 23 75 40 100 94 0 30 38 80 91 1 100 78 79 100 73 76 65 93 26 100 56 65 72 34 51 50 100 2 82 64 64 36 98 73 77 71 81 63 53 100 4 72 6 100 100 3 87 52 89 78 43 90 89 11 50 82 3 64 4 87 100 73 18 68 24 23 38 82 95 26 1 81 52 63 63 61 87 87 100 15 100 100 67 100 100 5 77 
18 49 31 28 43 19 60 6 18 8 81 100 76 53 3 43 78 28 34 100 57 100 20 29 36 80 83 65 43 20 100 87 17 43 100 73 25 13 25 49 8 30 21 2 81 69 72 76 100 15 37 56 68 33 2 35 100 29 40 44 81 100 100 22 62 100 24 100 31 63 1 100 20 86 47 88 99 47 41 42 67 39 19 91 100 100 100 1 99 
64 97 23 69 63 59 100 31 100 18 17 99 100 29 100 39 100 37 45 84 68 19 15 29 91 14 92 100 68 8 34 46 66 24 100 6 85 66 70 81 34 47 64 69 60 62 63 37 39 71 100 45 8 100 8 2 83 28 10 45 100 33 100 27 91 95 6 100 47 100 100 68 100 0 10 36 11 68 77 60 25 91 100 64 19 100 100 57 
4 4 91 34 67 36 46 28 1 88 27 72 44 76 66 100 36 10 100 72 84 97 0 100 65 80 22 53 100 23 87 25 18 100 15 90 68 41 75 53 19 59 55 10 96 100 98 47 21 66 4 56 91 24 31 100 52 84 11 100 100 100 59 100 97 84 34 96 97 40 96 69 71 67 82 18 92 100 34 20 6 79 47 96 47 20 50 
100 75 100 100 100 17 34 70 28 82 100 77 81 100 25 92 71 87 100 46 70 64 83 37 100 82 55 67 62 6 57 96 84 19 52 6 75 14 100 38 90 100 40 100 86 86 54 100 25 100 100 30 22 96 100 68 15 100 100 53 100 84 60 81 6 67 16 9 48 69 100 42 22 36 68 29 43 24 41 64 19 71 62 19 100 47 
35 75 100 61 11 12 25 100 3 100 86 55 97 95 10 87 82 73 100 70 100 37 100 57 54 94 73 48 50 5 37 38 32 100 26 93 100 40 78 100 94 23 52 42 90 17 38 4 75 100 28 98 44 34 80 100 92 1 100 58 97 18 86 38 41 61 79 27 86 33 98 78 100 45 67 54 85 79 66 30 94 53 1 51 3 
66 2 76 78 10 86 100 29 100 7 35 70 42 65 27 9 100 11 20 23 96 1 49 35 100 53 100 47 2 40 3 30 100 100 66 95 23 69 91 58 46 83 45 15 40 41 65 83 17 84 78 36 41 30 67 87 57 9 4 5 74 0 60 73 1 82 46 38 16 29 66 99 47 91 100 57 1 54 71 61 58 23 70 40 
100 37 25 19 55 1 84 32 61 48 100 15 100 14 32 31 94 93 43 6 61 31 84 63 46 25 60 100 80 59 82 6 86 18 83 56 59 51 17 41 100 31 87 23 64 37 64 36 8 100 100 70 28 24 87 7 47 100 2 78 33 36 7 36 96 100 40 83 72 11 90 38 11 33 26 78 4 9 100 9 58 46 36 
3 72 30 76 7 64 91 14 100 47 17 26 26 38 2 47 10 100 15 18 70 2 32 33 6 44 5 100 23 29 88 100 40 78 75 99 70 100 51 11 68 43 100 100 76 100 40 58 39 98 56 14 83 9 100 61 100 65 84 46 100 93 100 87 100 100 77 40 42 100 63 100 100 81 69 7 100 86 86 23 92 73 
84 100 53 22 71 62 57 100 100 100 64 32 84 28 91 63 34 75 28 40 100 100 81 21 54 74 75 46 55 65 10 3 28 70 26 57 90 46 84 5 70 21 31 37 0 98 88 100 10 63 35 33 7 81 39 100 53 56 45 32 100 100 35 96 88 47 27 52 82 78 99 7 70 97 13 75 62 28 11 4 63 
77 7 61 15 84 10 66 16 100 27 41 61 72 100 37 36 74 67 33 55 33 100 88 86 57 56 59 100 35 90 25 35 78 52 4 98 37 42 58 10 46 100 66 4 97 42 100 40 10 66 100 47 9 97 100 49 93 24 100 89 100 25 81 100 100 61 11 65 79 38 33 100 100 36 37 52 41 32 74 57 
37 83 45 100 70 44 19 0 64 31 90 19 10 99 100 32 29 100 97 100 45 88 90 18 33 84 64 70 13 48 56 78 81 69 87 39 97 35 85 66 77 85 21 56 98 63 53 20 65 100 18 100 32 58 100 54 100 14 71 8 3 92 23 66 50 73 64 11 69 84 34 12 73 85 82 100 9 51 69 
20 65 100 55 65 16 100 34 67 81 100 64 99 96 41 69 73 57 44 59 97 62 29 59 11 66 7 100 100 100 14 100 81 98 70 100 97 99 52 25 9 69 2 100 71 45 8 67 28 57 100 41 23 54 82 66 73 84 81 35 86 80 84 13 100 94 40 100 100 100 4 32 100 83 14 79 8 29 
56 89 43 100 100 17 49 100 53 67 75 50 28 34 24 45 51 83 30 20 38 100 43 100 13 83 100 73 19 50 74 86 36 39 28 100 15 72 100 60 88 100 64 98 58 96 13 24 49 100 17 58 38 24 12 81 66 9 100 69 31 9 100 24 100 51 99 25 21 40 24 56 61 46 78 79 100 
71 95 69 46 33 75 0 53 31 73 36 88 0 57 87 58 7 17 61 100 99 60 10 45 23 17 62 100 36 42 30 100 69 54 73 100 32 82 67 41 63 100 55 6 82 100 40 46 19 100 100 100 100 89 21 100 7 60 100 55 69 66 39 44 78 39 29 67 77 100 100 100 100 37 55 3 
55 56 99 52 100 51 36 61 37 48 44 97 1 37 100 100 11 84 60 87 100 51 87 100 5 100 77 100 100 42 80 30 88 100 45 38 9 41 89 17 80 100 66 55 100 13 55 100 43 100 90 89 55 20 1 25 42 62 81 18 56 100 28 60 28 64 80 42 60 95 17 23 5 79 97 
16 100 56 84 93 100 42 100 92 30 54 24 77 29 100 22 3 74 40 31 34 0 53 24 78 76 34 66 5 85 100 97 59 80 75 29 91 49 98 100 86 53 63 49 100 53 65 23 62 49 51 28 74 15 100 80 1 84 100 91 97 100 87 80 38 29 68 92 91 50 100 100 19 36 
55 16 100 40 29 100 91 32 28 73 85 83 64 27 41 100 95 100 100 35 78 63 58 84 5 78 26 57 60 1 56 62 65 100 61 40 100 15 33 75 50 100 87 33 97 10 21 77 100 59 100 9 89 69 8 96 50 11 13 35 12 27 72 60 83 94 100 80 100 8 99 31 52 
91 100 99 88 69 81 29 100 53 12 81 83 66 76 14 81 82 100 83 100 17 100 14 100 71 7 20 46 1 81 100 90 81 100 48 13 78 100 97 58 100 91 100 59 84 55 14 34 30 77 82 80 85 45 72 21 41 97 100 100 51 45 46 53 11 52 39 100 98 51 49 11 
100 100 54 100 31 23 60 5 94 33 93 11 2 58 76 20 67 93 45 100 100 72 34 66 32 99 21 76 56 10 32 98 25 49 36 20 100 100 96 100 67 27 100 30 100 67 89 46 91 100 98 35 52 100 2 100 19 90 49 40 100 0 20 73 43 39 46 100 34 7 52 
51 100 82 55 89 27 100 33 100 96 11 27 97 75 0 100 100 62 100 25 100 39 2 85 96 11 38 61 100 59 22 39 5 100 69 100 41 23 100 4 94 70 68 68 40 32 19 40 97 100 11 38 20 16 100 11 100 14 70 74 18 60 55 7 49 20 14 82 96 49 
85 100 82 84 45 61 42 81 52 81 100 100 74 6 98 37 82 3 66 85 20 100 90 100 34 98 85 60 44 100 100 53 63 100 40 100 54 70 5 71 85 93 26 25 17 71 63 5 54 100 30 41 29 81 49 100 85 80 37 12 69 19 82 58 22 100 70 62 21 
3 28 33 45 100 94 100 51 38 82 100 60 63 68 100 15 91 37 87 24 68 85 40 70 4 13 100 34 100 77 100 80 46 90 100 100 42 42 19 100 35 9 58 79 27 58 100 100 35 39 6 100 70 8 100 60 79 47 89 100 21 16 78 64 67 100 50 84 
66 49 92 49 93 67 92 9 100 100 90 48 95 26 27 100 83 31 9 93 59 57 100 87 69 100 22 68 32 64 100 100 100 75 50 16 1 100 100 3 100 68 41 34 80 28 39 59 25 100 54 15 100 52 62 1 100 40 62 17 89 100 96 100 72 0 91 
42 100 7 100 93 59 80 83 94 93 75 100 4 88 13 27 62 51 85 10 99 33 45 21 79 70 53 93 34 100 50 16 21 31 5 100 100 100 58 100 37 31 100 37 100 51 79 100 100 20 62 100 73 61 100 91 97 5 7 95 22 48 28 20 21 59 
43 56 90 74 100 95 53 69 30 24 3 37 94 15 59 55 4 47 68 100 18 100 85 2 84 83 21 69 100 12 100 87 26 40 84 55 100 83 40 8 88 54 100 18 2 54 90 0 43 100 58 3 1 97 94 45 100 87 100 100 62 100 100 100 100 
100 2 12 34 23 38 100 81 41 100 22 31 100 84 100 19 100 96 62 100 51 31 25 18 84 100 42 100 36 3 38 25 40 100 73 33 13 17 28 14 100 35 81 26 39 48 12 74 48 82 70 1 48 69 81 80 100 41 21 99 82 91 27 97 
100 6 41 62 3 94 67 2 90 34 54 93 71 63 76 100 92 90 99 100 100 50 65 96 76 100 100 29 100 100 20 54 77 96 7 46 37 100 84 54 8 83 46 94 64 57 60 18 52 3 97 98 28 3 5 42 75 22 100 100 93 100 56 
56 79 14 97 99 34 94 4 5 83 32 91 56 58 10 86 68 30 32 35 97 51 71 55 18 73 55 47 100 19 100 8 17 45 55 67 54 52 54 63 4 100 15 90 48 100 69 86 25 77 98 100 84 100 100 79 21 63 100 41 98 6 
17 1 19 100 23 85 42 79 100 100 82 100 100 27 35 73 86 100 97 100 22 79 100 17 52 36 100 100 10 42 45 75 30 56 40 97 68 79 84 56 99 63 17 35 43 68 32 13 5 87 100 100 100 77 50 45 100 31 5 34 100 
100 49 97 20 42 100 69 100 14 28 41 53 47 96 18 11 99 49 89 30 96 9 20 100 53 56 26 100 30 99 16 61 94 84 1 10 73 92 10 10 86 64 10 98 57 95 33 3 40 11 5 88 57 100 34 77 29 38 98 73 
100 62 100 67 70 96 90 84 22 78 53 100 7 59 69 34 54 97 1 83 100 77 16 63 100 48 21 71 52 100 86 6 3 100 100 98 26 78 23 8 100 4 9 73 38 100 1 91 100 100 59 22 71 86 60 4 21 69 38 
58 100 16 86 33 60 92 64 94 97 87 69 33 100 27 100 58 100 100 32 4 92 35 32 37 96 30 23 42 69 59 52 13 47 32 12 59 46 100 2 44 51 19 100 48 31 24 74 100 69 64 65 13 97 77 45 100 5 
58 100 93 37 56 89 49 95 1 77 77 5 100 86 43 68 100 81 0 3 7 12 100 1 100 48 19 96 42 99 1 38 100 7 100 100 51 0 74 60 32 48 20 9 13 100 71 100 100 23 51 52 79 10 100 100 54 
41 67 18 53 37 15 6 45 54 20 8 5 10 100 64 57 45 42 53 3 2 100 7 16 86 50 70 74 41 100 97 38 35 65 100 54 99 65 5 73 48 65 100 18 28 100 26 42 84 75 100 39 97 66 92 22 
48 4 39 94 29 61 57 12 95 10 55 77 98 96 30 2 100 51 88 75 5 100 77 50 62 29 14 94 80 100 100 9 90 100 54 63 94 46 18 2 51 52 23 43 78 0 22 100 78 20 86 64 22 25 26 
10 11 100 67 100 53 100 23 60 100 54 57 20 34 81 8 56 95 35 63 55 45 67 46 77 100 56 48 3 10 96 52 100 66 23 40 95 97 53 93 31 12 2 25 66 100 100 100 61 94 49 84 57 24 
74 18 3 100 79 24 51 35 100 100 84 100 1 41 100 52 100 55 97 100 23 86 66 2 2 100 40 4 15 100 72 34 71 44 56 100 100 86 100 74 75 59 45 77 75 100 21 12 67 39 68 17 12 
100 77 18 96 89 100 100 35 65 34 100 46 30 26 100 69 13 47 63 47 49 75 9 5 100 65 58 10 97 71 94 3 16 47 37 100 81 10 47 100 52 73 27 16 43 100 60 5 23 9 57 76 
67 100 100 24 65 32 65 2 100 8 50 7 2 100 100 37 47 71 31 83 73 69 97 47 100 98 100 29 100 98 34 76 62 89 100 82 30 84 6 51 70 52 1 30 29 32 87 0 100 30 62 
8 32 40 100 84 98 45 100 100 79 28 52 19 100 76 90 83 7 91 10 100 100 22 20 22 100 57 2 10 100 87 35 64 44 100 74 100 5 75 74 100 80 3 9 68 14 9 11 100 81 
92 80 12 44 100 64 12 97 93 100 97 41 63 85 51 61 49 19 49 100 29 24 74 44 83 100 100 74 15 100 43 72 26 66 39 72 19 36 85 86 100 89 19 37 65 85 90 66 68 
50 100 21 60 40 44 76 0 82 64 7 57 8 18 25 20 33 7 100 94 72 90 54 24 18 73 61 51 61 6 45 93 14 50 9 48 100 50 23 98 50 15 100 100 100 27 100 100 
100 26 100 74 77 28 40 74 16 100 100 100 88 98 11 10 14 31 30 81 20 34 100 100 100 87 98 16 11 79 63 100 19 17 100 40 63 61 60 84 44 100 78 7 23 17 13 
100 0 31 2 67 51 14 83 72 84 26 100 100 60 92 36 49 19 72 33 58 36 28 76 35 58 100 41 15 26 25 37 91 63 76 59 20 42 82 70 100 39 22 100 6 22 
31 53 78 84 16 86 76 72 93 80 100 79 82 13 90 25 24 20 42 47 2 49 87 100 21 100 66 12 100 32 70 21 5 26 43 100 55 85 69 4 25 79 2 100 78 
100 100 100 7 13 16 62 40 8 100 81 85 96 32 60 68 5 96 100 100 23 25 100 50 77 13 65 56 79 32 49 20 91 95 73 42 100 50 58 3 33 19 13 22 
23 8 5 100 90 100 76 44 94 57 48 81 55 12 1 100 100 35 54 60 70 96 75 41 11 28 41 10 75 74 28 7 4 100 94 40 5 100 74 82 100 70 95 
29 21 41 92 3 66 20 32 85 5 88 100 100 41 25 54 27 14 84 100 23 100 100 6 70 60 73 33 76 50 56 75 79 69 100 95 38 65 9 13 86 10 
45 60 90 18 23 59 100 98 100 37 8 84 100 100 100 47 33 19 90 34 86 85 100 15 100 100 100 100 68 70 68 28 21 99 100 25 44 44 55 55 2 
74 5 46 100 100 100 62 42 100 90 48 33 100 65 100 61 94 19 100 24 100 31 64 33 100 0 53 85 30 61 72 2 11 91 100 84 100 9 21 32 
73 58 9 100 100 84 98 29 40 6 81 100 96 86 100 54 66 88 7 54 55 38 17 100 4 96 18 4 4 32 1 61 61 61 24 20 36 45 1 
65 75 91 100 62 0 38 50 63 22 100 94 25 100 42 37 46 34 47 26 8 21 8 29 58 100 85 96 9 14 26 100 63 58 67 100 54 50 
45 39 97 100 87 100 54 81 47 100 36 19 50 89 100 83 86 22 71 21 88 74 93 21 97 6 25 99 93 86 100 26 100 100 46 81 73 
100 100 21 4 11 13 100 80 32 51 79 93 2 15 44 3 28 19 100 63 40 52 100 100 100 18 82 31 92 52 81 90 31 93 6 4 
100 54 64 43 100 76 12 52 44 100 100 89 16 36 14 92 100 100 82 20 100 28 32 65 48 15 24 79 4 100 79 98 54 24 61 
98 1 49 75 100 100 100 43 13 71 76 48 28 13 15 65 51 69 37 64 42 13 31 9 20 12 100 28 98 72 92 69 100 34 
100 32 59 100 93 39 97 1 56 67 92 95 7 100 91 55 91 93 100 61 100 34 80 15 21 21 43 79 71 3 46 27 100 
100 0 6 55 2 94 87 96 13 76 49 5 100 45 97 57 23 77 43 16 15 52 46 12 61 100 84 11 11 19 21 20 
44 76 15 83 10 77 83 10 17 64 98 53 100 92 99 75 100 63 77 16 29 100 82 54 39 52 59 40 64 54 100 
100 98 100 18 72 85 100 4 18 100 100 91 7 100 20 15 41 100 55 14 88 79 74 100 88 74 63 15 100 69 
52 42 20 59 7 46 28 39 17 88 32 99 100 84 24 100 13 100 5 89 41 52 87 86 14 75 0 100 74 
74 69 33 54 58 78 54 3 15 65 23 18 73 99 58 62 100 100 41 35 68 100 31 41 94 0 65 95 
76 100 100 17 59 21 51 100 61 100 33 27 100 53 8 37 57 50 100 70 83 100 100 14 67 100 100 
47 49 54 45 100 77 42 51 34 78 9 0 60 100 100 94 100 52 22 100 95 45 47 84 100 9 
100 50 93 33 51 89 84 60 100 22 23 2 57 19 100 100 9 100 100 100 100 21 100 100 52 
6 9 74 100 100 44 31 8 100 100 82 57 100 100 2 100 100 100 100 13 5 83 100 22 
100 0 100 100 100 100 19 25 19 78 33 69 9 100 4 91 100 97 24 100 100 87 91 
100 0 85 46 8 33 100 92 100 100 100 100 42 23 100 46 100 69 100 49 21 100 
100 5 65 42 21 18 17 100 100 30 87 81 25 100 72 100 18 100 100 20 100 
100 6 13 88 64 28 11 100 100 63 42 24 100 25 100 74 100 24 35 8 
32 90 44 76 74 100 100 76 100 78 100 47 91 99 100 100 63 100 55 
100 100 100 44 36 98 60 100 100 100 27 100 100 49 11 59 48 100 
100 100 100 100 90 100 100 90 100 100 74 72 41 100 100 59 56 
5 96 100 100 85 100 34 83 41 100 100 81 21 100 100 19 
34 100 83 100 32 100 100 100 18 25 12 100 7 77 100 
100 22 100 12 77 63 100 80 75 27 0 55 62 100 
100 100 100 37 84 95 100 12 82 100 100 62 80 
95 63 100 100 80 43 100 100 52 100 54 67 
50 100 28 100 10 60 100 100 100 100 100 
100 100 46 100 16 77 61 100 58 100 
100 17 100 100 100 9 100 80 100 
100 100 100 92 100 100 100 19 
31 9 100 100 100 100 100 
100 100 100 6 62 94 
100 100 100 95 92 
33 100 100 100 
100 57 90 
15 100 
54 

