100 100
49 6 98 2 100 100 91 54 8 45 50 90 81 19 24 98 97 62 52 90 100 47 53 100 25 50 23 71 45 100 65 7 100 100 100 90 32 88 45 86 100 59 100 26 37 100 68 91 100 89 11 74 31 27 31 100 22 72 43 98 100 95 42 80 35 92 94 37 88 46 2 37 100 27 9 2 34 100 100 80 100 60 32 41 98 98 24 94 66 90 32 87 29 100 30 84 6 76 42 
84 39 32 36 64 9 73 70 100 100 35 7 74 58 76 18 11 45 2 8 55 16 99 65 25 99 4 100 19 99 45 45 40 100 86 100 23 49 63 89 58 15 94 22 7 4 67 19 40 30 86 12 33 61 15 100 80 83 34 72 100 25 100 100 100 49 62 88 66 12 37 50 79 35 100 14 86 41 12 26 62 58 64 63 17 41 94 100 100 88 83 78 10 86 95 31 95 81 
72 81 45 49 12 85 52 82 29 90 38 95 43 9 26 74 100 81 60 60 54 100 36 22 65 24 22 100 69 64 67 27 7 11 54 54 20 82 77 28 42 38 39 45 23 14 65 44 61 24 68 100 34 100 56 68 66 52 83 39 56 57 17 24 32 100 59 19 51 51 29 94 100 9 89 53 36 100 71 82 32 53 100 100 96 28 89 84 50 100 100 2 30 38 100 2 88 
22 23 13 77 26 29 89 39 4 12 100 6 71 70 24 100 83 45 71 33 0 54 84 42 45 54 98 6 44 32 89 25 55 49 34 28 1 70 37 7 37 36 99 74 100 29 21 26 80 99 43 74 8 4 92 41 97 13 69 43 41 23 100 22 100 6 51 23 60 68 39 2 15 2 85 68 80 73 10 49 33 14 21 11 46 17 54 33 65 10 92 52 75 41 70 84 
53 15 28 5 62 78 20 68 94 16 100 40 8 63 7 61 21 13 25 86 89 8 56 63 82 60 75 52 27 68 15 100 100 14 1 37 11 96 23 100 56 22 45 28 41 44 99 0 8 100 100 54 100 14 79 4 55 100 30 4 25 47 22 6 100 100 64 97 71 100 47 93 72 81 100 93 68 100 2 40 74 39 100 35 39 13 11 55 54 100 25 81 44 47 28 
100 6 76 100 36 86 100 100 54 76 100 22 35 13 90 100 84 16 26 100 5 91 100 58 37 100 65 10 86 81 91 82 51 28 100 1 2 28 59 51 7 35 79 66 80 91 25 66 17 40 27 75 51 73 89 100 25 55 83 63 62 80 77 100 80 60 4 45 87 59 40 97 100 88 100 78 100 46 100 20 1 45 54 97 46 38 87 20 100 100 4 68 22 41 
25 100 91 80 10 61 1 20 53 41 84 88 79 35 44 2 94 90 27 4 66 98 100 76 47 32 94 71 92 17 93 1 84 44 17 97 39 0 11 97 100 100 16 65 96 49 100 4 2 32 72 84 100 6 100 100 80 30 4 79 100 35 34 98 25 100 99 57 99 96 7 100 100 15 44 100 94 44 67 19 31 59 15 49 73 13 29 78 100 61 55 22 73 
100 64 29 92 7 49 3 80 71 59 39 97 29 23 4 87 81 97 16 100 100 26 54 53 22 28 100 65 78 100 39 100 93 100 100 74 78 67 34 6 75 100 43 17 2 17 43 11 100 51 100 61 25 2 60 96 7 24 100 85 19 34 25 54 29 75 94 100 100 17 100 5 43 50 6 19 29 94 14 34 7 53 3 100 6 82 60 8 88 61 69 17 
3 22 41 51 52 9 38 65 100 16 25 13 100 14 90 75 71 79 100 71 100 94 69 23 86 30 15 100 71 77 29 65 99 54 100 48 100 51 15 100 29 100 58 3 58 63 53 8 54 19 65 99 68 84 97 46 45 21 60 9 48 100 100 63 100 100 18 86 67 18 83 31 18 86 8 20 34 100 93 17 100 24 47 62 11 86 19 77 71 4 4 
16 40 10 83 33 100 60 70 15 76 100 94 77 100 49 52 11 13 59 28 17 100 69 71 64 100 25 20 88 1 98 11 52 100 21 92 100 85 33 16 69 45 43 61 62 84 58 15 64 47 48 76 15 93 91 92 84 6 76 78 66 46 100 88 52 82 28 14 25 95 0 100 100 100 36 52 45 100 30 100 83 30 2 22 76 66 17 100 41 20 
97 46 7 0 96 0 100 69 55 68 86 44 69 57 71 64 85 40 88 84 63 100 81 84 92 76 13 92 100 96 51 88 73 67 57 0 83 22 86 100 40 88 6 56 100 53 98 86 97 71 8 94 2 100 69 76 66 100 89 72 80 41 100 47 55 15 100 100 44 94 95 66 92 100 84 22 26 46 31 97 69 19 74 99 1 100 90 17 63 
92 92 43 100 79 3 100 19 6 30 100 63 35 34 33 100 67 15 93 12 95 51 84 32 55 28 78 22 57 70 64 91 34 88 73 59 6 57 20 43 34 35 80 13 73 100 9 32 93 35 32 58 1 100 15 57 6 69 18 30 13 100 29 93 29 87 100 100 100 51 72 24 100 29 18 17 100 77 15 100 100 83 63 86 31 5 31 6 
9 47 32 84 22 58 25 47 100 59 53 100 27 76 94 39 24 30 5 43 26 38 93 100 0 16 77 36 100 10 74 60 66 51 5 100 82 100 89 98 100 44 56 73 91 96 46 100 23 100 11 37 57 53 96 100 36 65 100 54 55 8 50 15 28 19 49 100 100 100 61 81 98 57 100 23 92 2 51 100 30 10 100 34 8 22 61 
93 42 77 66 39 97 99 100 74 100 33 39 96 76 89 9 69 24 100 49 89 61 58 40 94 94 33 82 100 7 31 65 68 60 17 49 5 64 100 100 100 47 27 22 21 13 7 100 100 4 5 56 100 83 94 0 82 100 25 71 100 9 83 12 25 94 26 100 87 61 59 27 29 39 100 79 84 17 21 60 4 47 8 76 91 5 
100 68 100 73 40 2 87 100 3 94 46 50 92 11 37 48 97 2 60 74 87 54 29 35 74 35 100 46 100 87 95 83 74 0 100 85 9 88 100 75 41 57 67 86 14 40 47 81 100 73 77 11 46 17 58 97 94 85 29 100 45 32 20 100 51 37 47 95 100 39 100 72 13 21 46 96 51 25 23 44 22 44 5 100 100 
81 26 18 81 70 100 54 37 100 4 63 64 47 8 39 63 58 96 63 17 19 33 61 88 23 66 64 52 100 72 90 63 66 33 53 60 46 16 70 21 0 47 32 98 15 1 100 33 87 19 19 58 87 100 1 49 78 90 52 60 80 99 11 100 40 67 47 100 40 100 45 42 70 30 80 75 77 67 60 42 22 36 15 17 
100 100 42 76 73 100 49 36 100 100 4 100 100 39 35 12 100 100 65 68 19 3 47 25 98 15 71 77 14 50 62 63 65 4 33 100 100 100 100 88 40 100 51 2 21 49 67 3 93 49 61 100 67 84 100 68 52 8 100 97 94 100 50 23 4 86 8 21 53 99 28 29 99 85 22 46 100 26 29 70 58 3 7 
51 20 100 60 50 78 70 82 24 90 79 100 30 45 92 53 14 100 68 100 100 9 25 57 85 100 21 50 51 42 100 29 40 74 60 33 8 78 10 11 33 64 8 94 6 82 45 31 0 100 97 24 73 100 100 95 25 32 100 82 56 66 79 100 99 6 63 70 69 18 19 2 90 11 62 47 49 51 17 19 34 30 
100 25 19 31 37 25 100 68 80 100 93 23 81 100 2 54 100 28 68 49 57 49 100 0 85 2 84 27 57 73 100 8 44 83 100 83 37 100 60 100 100 95 21 10 13 87 58 30 60 83 46 73 100 2 22 22 16 100 57 36 25 50 46 5 100 59 93 83 73 93 59 13 71 71 89 100 100 100 99 56 64 
100 0 100 8 61 100 1 71 8 15 100 100 48 11 21 18 39 60 65 55 79 25 13 11 100 19 100 72 100 57 100 100 100 10 62 70 11 12 84 30 34 60 100 51 85 73 85 61 83 88 8 59 85 81 31 23 15 47 52 81 84 48 67 100 8 67 79 16 100 56 14 1 100 84 8 94 34 100 67 5 
100 100 10 31 34 69 87 31 14 100 46 100 93 50 34 33 19 53 77 97 53 58 70 12 96 2 87 51 56 75 0 10 3 5 100 19 100 10 47 42 7 100 55 9 72 16 94 100 88 35 61 100 94 41 90 67 100 7 98 65 5 45 100 4 100 100 17 2 5 20 92 28 52 78 70 86 95 51 73 
17 51 99 6 84 45 26 24 48 70 51 99 11 79 100 1 12 97 69 2 68 55 30 54 76 72 68 67 12 53 66 62 3 19 95 94 21 73 33 86 59 84 95 100 49 85 18 50 44 73 71 95 39 100 40 58 78 73 57 54 100 2 100 60 100 31 1 27 63 39 60 99 86 86 52 60 5 52 
10 100 56 100 37 100 52 38 100 100 13 11 4 81 100 65 8 100 92 20 95 26 64 100 100 44 90 41 5 50 52 70 16 100 55 79 8 25 98 100 92 60 1 100 16 53 75 98 14 100 8 85 96 49 86 100 31 1 100 100 29 50 100 83 3 63 59 100 10 41 29 76 29 54 51 18 6 
100 58 66 69 100 88 53 17 20 19 48 97 49 75 72 100 84 79 7 100 100 24 12 71 28 1 91 44 8 73 88 3 54 27 15 37 23 23 87 57 80 100 100 21 68 16 41 39 43 52 100 50 31 100 2 100 76 76 83 45 55 88 95 78 9 57 100 15 25 89 1 77 46 94 40 84 
19 49 53 100 38 58 64 4 70 79 40 51 100 100 13 78 21 100 3 41 69 45 40 100 83 41 98 51 77 73 88 75 76 82 100 100 28 83 14 6 82 28 78 27 60 18 82 100 90 24 100 100 41 98 62 15 55 9 71 34 29 72 19 96 89 29 51 24 41 86 63 50 50 100 95 
40 24 8 64 83 73 86 93 98 62 100 65 100 17 100 16 82 35 43 32 100 74 100 23 52 100 66 84 100 10 30 6 100 37 72 26 89 46 93 69 16 100 61 99 59 70 73 36 55 73 55 8 45 100 51 42 97 81 99 38 11 74 3 59 73 53 53 93 82 22 63 60 95 18 
1 89 39 50 50 93 100 29 81 80 100 100 0 91 23 74 89 80 36 22 7 78 29 74 100 74 43 100 9 25 58 42 42 16 71 9 50 29 94 100 59 41 11 28 42 34 100 55 0 72 33 5 100 1 61 55 76 71 36 58 81 40 67 29 35 28 4 44 100 40 38 54 42 
64 34 52 90 100 93 22 100 100 68 10 42 45 15 7 100 17 76 45 53 99 99 37 31 100 26 69 63 22 46 93 79 21 83 81 6 35 60 20 43 97 100 100 5 69 98 44 89 23 28 100 0 100 17 9 78 2 8 68 53 74 2 88 35 87 82 22 94 72 93 90 0 
37 94 50 30 86 4 50 21 7 73 41 8 6 44 81 100 6 53 9 48 3 81 61 74 100 44 76 87 38 72 60 34 75 14 16 58 44 17 69 100 90 2 95 100 42 42 44 85 2 78 5 57 84 9 62 18 100 80 20 100 78 47 43 35 68 92 89 45 100 100 18 
34 50 33 24 100 62 14 100 27 56 12 100 81 94 95 29 57 100 91 100 13 2 99 39 32 55 35 84 49 26 21 5 11 22 91 2 100 81 81 92 10 100 51 99 51 6 93 3 95 48 55 98 36 39 90 66 46 100 95 18 73 19 27 100 79 83 100 73 78 26 
4 2 35 44 100 20 68 78 53 64 76 35 71 11 86 69 82 100 96 46 65 57 40 100 9 77 77 78 77 17 55 42 15 38 100 100 100 81 100 51 46 100 100 100 62 49 18 100 66 55 80 30 92 33 3 32 12 39 100 100 3 100 100 100 62 87 100 69 25 
95 100 28 100 80 100 24 6 66 66 100 15 50 76 16 100 45 72 61 54 100 53 26 99 67 100 80 91 39 69 82 100 34 96 81 4 100 13 48 100 96 35 56 15 92 21 99 34 26 81 45 100 100 0 90 94 100 87 100 65 7 82 100 24 76 10 21 100 
100 84 63 100 39 9 63 79 3 100 79 100 100 100 91 100 100 93 100 20 81 49 16 73 8 100 77 9 99 28 87 82 13 100 100 100 100 2 20 12 55 100 73 55 73 100 96 100 25 46 46 61 62 58 74 100 26 10 22 7 24 100 100 100 37 100 28 
100 41 85 71 100 100 29 100 3 100 100 97 23 55 7 82 100 54 6 100 73 76 95 47 89 92 49 17 100 84 100 100 82 69 19 33 17 100 69 66 50 45 42 25 42 79 31 100 56 100 33 100 19 95 100 42 63 63 45 23 100 15 100 100 45 11 
100 39 22 48 100 100 69 100 14 53 25 91 52 92 86 23 57 83 66 19 33 25 66 100 100 29 2 100 17 6 96 100 88 95 38 61 30 100 16 18 23 94 100 100 100 85 75 14 4 57 66 100 76 48 100 44 35 48 45 37 9 100 72 48 100 
89 44 100 100 100 48 30 56 20 91 100 88 100 38 64 70 78 100 43 72 3 100 100 70 24 44 88 100 26 66 47 88 30 100 85 53 51 98 38 48 73 48 100 100 24 100 27 41 100 100 100 85 47 100 65 83 7 17 100 5 22 87 33 89 
83 46 33 9 18 17 100 88 97 96 79 100 37 68 47 71 81 12 95 100 77 62 70 58 54 95 60 61 62 58 16 23 15 18 31 89 20 70 50 60 21 96 54 21 100 42 26 28 51 1 100 100 29 1 88 96 35 16 15 100 49 76 73 
37 27 86 19 36 100 9 47 33 11 68 100 87 27 97 33 75 32 100 69 99 100 75 37 86 100 76 87 49 100 42 100 100 98 52 88 100 42 85 100 89 43 67 18 21 72 13 24 96 100 35 27 7 97 90 23 3 98 100 35 64 74 
100 86 60 54 40 11 100 100 61 100 39 100 82 47 19 49 99 49 24 15 100 100 5 100 14 23 78 77 87 100 52 38 100 53 100 40 71 91 100 51 89 90 97 100 76 30 43 100 100 15 70 33 84 45 21 79 91 96 100 61 69 
0 66 67 100 100 49 74 53 12 100 30 48 54 37 100 24 64 72 18 70 36 100 82 10 100 100 28 100 100 100 97 98 24 15 8 22 82 17 48 85 61 90 58 100 11 10 64 12 20 100 52 93 30 89 37 45 69 100 82 51 
69 100 17 64 99 94 93 73 63 12 69 75 100 100 92 100 27 5 100 47 14 69 100 23 53 12 74 25 37 40 100 18 24 64 68 100 82 47 21 76 3 100 13 3 60 63 57 0 6 100 34 1 93 90 45 98 43 36 61 
49 85 67 73 37 13 39 100 29 100 74 30 82 100 100 100 100 75 53 36 30 9 88 68 100 100 44 29 100 54 11 17 100 3 98 93 91 85 100 100 32 100 100 71 47 100 39 85 52 29 46 44 7 1 100 48 100 87 
1 39 53 93 96 58 48 24 100 100 22 100 100 5 70 100 17 51 100 35 5 11 100 79 19 67 53 37 90 100 24 100 100 100 31 77 19 36 39 90 88 45 100 4 100 66 6 56 100 47 79 100 100 100 32 100 17 
45 72 91 100 46 52 60 0 100 74 93 40 41 0 14 63 86 100 94 13 46 30 100 100 100 100 55 36 59 27 100 69 48 100 67 32 96 24 100 10 100 52 39 65 12 100 62 100 14 15 2 100 56 56 100 24 
100 100 85 100 43 87 100 84 89 33 35 100 37 46 69 100 100 9 74 100 12 51 11 81 100 77 100 66 97 100 16 12 17 100 13 22 47 87 69 60 49 65 83 30 93 24 85 92 28 23 75 99 61 47 71 
89 88 55 82 100 63 61 36 38 100 100 100 55 74 53 43 2 100 80 70 26 86 57 14 100 81 100 63 3 100 100 100 81 46 3 100 100 100 36 64 100 0 74 100 50 40 44 100 11 52 7 92 67 79 
100 100 100 4 70 91 90 100 15 100 31 53 100 7 100 100 49 82 100 81 100 100 81 87 29 60 64 100 7 19 72 0 26 52 63 62 15 57 53 96 51 67 40 100 59 90 67 70 71 97 92 67 67 
27 92 55 85 100 100 17 100 4 7 100 37 65 86 72 3 93 32 10 24 100 23 100 100 8 32 100 44 100 63 4 30 38 65 45 93 36 100 78 22 39 59 39 75 34 60 100 7 80 66 80 100 
4 100 64 84 27 88 100 14 73 30 18 100 100 4 59 57 0 50 36 100 86 15 69 96 96 33 23 100 45 95 100 73 100 100 100 25 100 62 83 73 37 6 67 84 85 50 60 100 62 89 19 
33 82 17 80 84 100 33 100 92 25 90 100 54 98 91 71 35 72 100 100 95 38 65 76 38 11 100 67 91 100 100 100 71 79 78 98 42 100 54 83 52 100 100 10 100 18 8 13 100 61 
82 50 21 81 100 26 77 81 46 0 18 28 77 100 77 100 100 53 31 62 100 91 24 50 33 11 23 100 93 42 58 100 60 11 39 47 44 35 81 83 11 100 71 6 30 23 66 100 32 
29 44 65 65 78 77 51 27 75 100 75 23 5 100 78 100 80 100 100 50 30 25 55 31 100 40 61 59 100 8 54 50 100 44 71 10 13 100 50 1 40 100 80 62 100 58 100 12 
87 9 100 66 28 95 49 27 83 73 96 86 21 100 77 77 7 12 18 23 92 91 20 100 100 98 70 9 6 100 1 78 60 54 57 12 95 100 100 36 22 46 50 41 100 51 15 
23 28 100 40 100 58 53 100 59 83 38 100 66 87 100 100 100 100 71 100 81 19 20 100 42 65 95 17 6 72 9 79 70 41 78 14 100 66 77 83 68 70 71 100 100 36 
46 100 14 8 2 78 9 70 34 70 100 100 16 88 100 77 100 100 61 17 84 20 81 47 100 100 30 72 69 22 80 56 100 18 12 100 1 40 18 74 100 100 78 25 64 
91 25 59 45 100 100 95 0 100 27 37 22 100 35 94 4 95 56 84 39 39 51 100 79 51 100 100 100 3 56 33 29 60 93 100 99 25 13 32 22 100 100 61 100 
69 100 100 100 100 100 100 100 100 92 71 10 90 15 100 98 64 32 65 100 83 90 49 100 59 92 47 30 60 93 87 6 56 97 35 85 100 78 100 71 6 57 50 
79 44 25 21 59 100 71 90 6 22 71 75 58 1 100 18 53 96 42 60 65 100 100 71 63 85 62 3 82 95 100 29 80 100 77 81 40 100 94 5 100 77 
100 22 100 100 71 2 24 75 73 58 41 32 96 58 12 61 79 19 100 77 47 100 60 73 57 16 100 100 48 62 36 71 100 100 6 100 55 77 70 100 95 
12 83 96 59 100 65 32 97 88 90 100 17 77 96 40 58 27 57 95 53 80 100 79 31 88 100 100 82 0 19 13 100 16 68 66 87 5 100 93 13 
100 31 32 43 6 46 12 64 100 44 90 83 50 28 100 26 89 43 57 100 85 43 39 24 100 100 93 35 100 13 100 58 71 100 100 76 12 100 100 
53 100 8 70 100 23 90 89 6 100 78 96 52 100 23 33 16 49 100 3 60 1 28 100 100 95 27 36 100 27 60 82 23 70 29 100 100 82 
39 42 37 100 63 100 50 100 48 99 100 96 57 100 1 44 84 93 95 91 12 100 26 77 43 100 100 36 0 65 62 100 100 78 42 26 68 
100 37 54 81 100 11 70 95 26 95 5 85 87 100 100 58 10 100 75 89 100 50 75 17 100 57 100 100 74 100 29 3 20 47 47 98 
100 20 4 37 53 100 24 100 73 31 19 100 9 100 84 22 87 68 76 76 39 36 93 55 62 82 65 68 72 64 27 60 83 47 86 
91 5 3 100 12 43 74 53 100 78 89 61 85 42 21 57 86 100 77 97 0 79 81 22 85 10 29 100 0 85 38 70 60 87 
48 45 61 32 42 100 100 15 49 100 100 100 15 38 100 93 100 32 29 54 100 87 37 22 100 29 75 29 38 100 62 100 46 
100 63 51 18 100 27 53 63 96 50 100 48 7 14 100 34 100 20 6 100 91 83 34 83 100 6 75 65 16 95 100 100 
76 48 100 90 78 100 100 6 24 88 9 100 52 96 25 54 100 100 48 35 14 100 76 80 100 63 100 100 23 22 27 
100 100 38 82 48 85 93 100 70 100 99 100 1 41 80 98 1 55 63 44 46 22 69 100 60 87 0 100 100 25 
69 7 13 53 18 21 86 100 100 29 100 82 59 17 86 10 58 45 25 100 100 55 48 100 64 100 42 29 79 
100 76 86 84 55 68 7 82 71 79 57 93 100 42 99 61 87 100 87 33 86 22 53 43 19 24 31 99 
3 100 100 100 63 21 8 32 20 54 36 100 100 67 100 100 1 87 100 100 98 84 100 22 53 18 92 
28 100 2 44 100 100 100 40 32 20 42 99 100 38 54 1 36 100 100 100 70 100 98 82 47 100 
2 100 33 96 69 42 72 9 53 77 100 49 75 100 28 62 78 100 42 33 100 100 61 100 82 
38 18 34 100 32 96 76 15 100 100 1 0 17 66 99 8 61 100 100 87 46 32 2 13 
100 60 65 61 32 71 69 29 100 78 82 11 100 100 100 100 23 100 100 48 9 100 100 
3 20 10 100 49 83 100 64 50 100 100 57 100 30 95 100 80 9 50 40 63 59 
19 68 70 100 92 7 100 31 1 96 43 55 9 100 100 100 77 53 93 42 100 
100 100 100 98 100 100 34 23 100 100 87 0 100 53 100 44 61 100 80 37 
100 100 51 100 99 16 100 39 2 72 30 43 67 97 100 85 57 100 79 
86 65 14 80 81 65 78 1 11 100 100 39 61 24 47 6 100 57 
41 98 97 59 54 95 47 23 97 89 6 20 100 90 73 100 37 
78 100 5 100 100 100 38 25 100 20 77 42 39 69 44 100 
100 100 21 22 90 18 100 44 3 22 4 100 100 71 7 
95 43 92 82 14 100 100 93 28 92 17 100 93 47 
100 100 83 8 56 67 100 70 32 27 76 29 64 
14 92 68 100 70 26 5 98 85 34 49 42 
22 19 33 49 84 95 35 81 6 17 48 
25 100 11 4 17 25 61 1 3 94 
10 98 82 74 71 45 87 18 98 
37 86 78 49 74 98 60 97 
52 20 64 100 100 51 100 
69 41 20 10 75 26 
100 9 100 100 65 
25 63 41 3 
64 83 16 
49 100 
39 

