100 100
100 17 26 100 64 43 65 85 3 46 65 90 96 10 4 47 58 100 24 100 59 99 100 19 46 86 61 14 71 22 78 56 97 95 53 50 100 67 64 35 52 34 25 39 25 77 47 10 52 18 25 28 12 49 39 100 3 100 48 1 89 17 31 21 47 78 100 20 79 48 93 14 85 5 88 100 62 98 94 91 100 85 70 16 66 15 88 0 42 22 47 48 63 1 74 79 55 43 31 
55 94 22 58 83 100 50 81 15 70 28 10 70 100 98 100 85 77 67 66 17 100 66 34 43 84 30 72 100 38 99 100 51 48 30 34 100 48 0 21 66 2 98 63 35 55 100 50 91 15 9 22 66 70 18 37 3 64 25 38 94 100 100 45 62 100 4 100 68 47 51 87 70 96 25 88 10 34 65 20 16 92 53 100 58 21 87 30 100 68 59 100 32 100 8 4 96 100 
31 100 59 77 47 30 95 46 83 65 4 84 53 98 71 83 63 9 19 97 25 71 87 65 100 69 3 16 25 96 14 0 0 6 51 16 89 15 71 100 78 92 8 81 96 10 10 97 100 12 100 69 69 56 53 34 50 28 7 73 1 6 100 28 75 91 4 2 7 3 100 10 5 64 1 71 47 83 49 100 62 84 36 73 42 67 29 91 39 31 53 100 53 25 34 34 49 
88 37 83 100 100 3 100 77 100 10 93 11 99 13 89 90 48 12 57 99 62 24 46 41 100 91 13 41 52 48 14 59 100 90 32 83 89 51 84 46 32 38 32 84 29 33 37 89 9 16 39 86 36 25 88 5 19 83 22 9 20 83 50 92 58 45 55 56 8 91 100 81 82 22 70 4 100 86 98 45 49 100 78 39 36 9 80 100 100 42 2 93 29 30 58 91 
53 11 91 92 93 45 20 19 34 14 39 82 92 32 7 79 44 74 100 57 60 1 100 60 86 83 37 58 42 100 13 89 38 79 37 58 15 68 68 79 58 39 19 13 99 62 99 75 18 77 100 35 19 52 66 92 57 95 67 84 100 9 75 83 90 25 16 100 20 55 43 51 89 10 48 69 33 68 63 93 39 76 43 78 63 100 39 49 99 31 51 66 97 100 74 
83 25 82 97 61 15 77 60 91 18 95 93 100 0 57 100 57 78 57 11 8 10 45 15 40 63 48 21 100 14 63 46 47 18 0 58 100 7 92 3 98 79 62 42 39 42 13 76 33 29 58 83 99 34 55 97 33 53 93 33 25 94 0 2 36 35 93 41 52 92 58 3 79 11 5 96 39 86 97 27 100 58 58 100 38 69 99 78 36 98 69 75 11 89 
100 88 76 19 46 53 25 31 80 25 95 90 24 88 73 23 19 100 54 46 91 100 100 38 62 75 17 78 100 100 51 21 34 11 65 37 70 42 91 45 11 100 33 100 100 94 82 34 51 85 87 17 100 20 87 100 85 98 55 61 14 100 25 82 70 59 22 99 6 98 93 100 26 62 100 14 83 66 100 85 3 67 24 100 55 100 5 6 100 45 95 21 65 
100 49 47 86 64 59 60 100 59 21 80 100 51 100 76 100 41 30 100 100 81 7 12 78 58 29 13 83 93 21 9 26 100 100 30 40 100 45 60 66 33 91 24 2 100 64 100 47 100 33 61 91 32 82 61 23 94 10 6 79 15 100 100 21 78 92 18 2 61 100 24 6 58 41 53 91 18 93 100 21 100 95 69 74 49 100 100 100 100 0 7 28 
50 44 91 28 30 23 85 0 100 1 100 100 86 1 69 76 34 6 9 60 32 15 88 70 15 57 68 100 19 100 82 30 100 72 100 6 24 88 100 61 55 72 71 1 14 18 22 36 30 69 6 30 74 70 0 24 7 77 100 5 100 33 96 86 93 76 100 71 100 57 13 91 100 100 100 17 41 72 100 80 38 2 100 100 100 72 36 1 81 11 100 
26 100 100 2 67 68 79 31 52 80 100 17 95 38 52 13 51 64 51 40 59 67 44 93 85 58 63 73 65 57 6 27 1 63 3 68 100 12 55 100 79 67 22 47 63 27 35 98 0 33 4 6 100 34 62 100 100 22 79 57 36 100 34 100 64 45 100 100 19 28 90 36 100 92 100 64 29 35 84 97 37 48 100 45 35 25 77 60 100 70 
11 84 41 42 1 18 23 7 59 86 30 91 40 54 100 34 38 57 16 86 18 57 18 96 64 78 59 92 43 100 100 100 31 100 2 100 28 29 94 100 100 100 100 67 8 84 12 64 78 44 19 4 19 100 100 88 5 35 89 92 70 13 8 87 85 51 7 100 28 86 55 39 100 1 83 63 85 54 7 29 64 55 90 32 77 61 90 42 100 
100 51 61 100 39 100 95 27 100 100 51 50 100 25 100 98 58 92 12 64 69 11 10 46 76 56 100 3 53 100 100 41 94 5 29 23 100 100 48 8 91 67 12 100 100 100 9 100 5 100 96 23 25 38 70 98 18 76 12 91 75 74 51 69 26 51 69 42 100 62 10 39 100 72 100 70 78 49 100 100 22 13 100 100 96 4 27 100 
76 100 12 70 26 100 82 83 100 28 13 27 49 100 33 100 31 52 46 41 41 100 38 100 99 79 88 15 80 96 56 33 65 100 77 2 23 63 100 65 7 59 42 35 100 79 49 62 2 38 100 13 40 79 34 100 100 77 100 44 100 90 92 100 75 39 100 100 18 100 24 38 27 46 100 65 96 74 61 69 45 100 100 41 100 71 21 
94 32 40 77 5 6 78 53 100 44 100 53 72 100 1 64 100 46 15 100 99 8 15 4 80 10 3 92 53 75 100 62 1 47 84 3 96 14 50 65 100 72 28 93 50 100 58 100 38 15 53 60 18 19 22 13 90 76 100 38 58 100 48 3 60 100 14 100 32 74 36 65 22 59 89 8 99 100 33 16 86 27 71 23 2 31 
88 48 78 100 18 23 32 97 65 21 78 31 95 4 100 77 52 100 76 78 37 100 55 39 83 100 49 95 44 70 62 77 98 82 100 54 100 23 100 100 0 100 83 1 27 30 74 94 86 13 71 64 24 69 57 39 60 49 100 73 22 15 100 29 18 10 39 29 100 4 17 69 6 100 0 94 100 51 100 39 34 98 82 51 100 
39 87 100 100 36 79 100 74 28 6 32 6 100 60 100 100 100 69 100 72 0 6 71 99 90 73 89 100 78 28 8 100 66 75 42 36 79 29 39 57 5 52 100 61 79 98 89 38 60 100 28 100 30 53 2 73 78 42 13 80 100 61 19 21 100 21 100 11 51 6 18 97 93 66 61 32 100 58 35 15 30 43 47 96 
29 73 54 7 73 20 23 100 51 81 65 51 17 100 100 27 19 100 100 63 100 84 69 28 95 100 89 27 93 100 36 28 75 29 34 47 28 86 64 2 96 8 100 100 85 100 100 100 36 93 18 100 7 71 60 100 100 72 24 65 100 100 31 11 100 48 72 36 53 89 100 41 27 57 100 72 36 4 94 100 83 65 100 
100 98 72 69 82 28 100 20 30 100 21 49 78 100 67 17 63 82 100 65 82 14 21 100 85 27 86 94 100 3 14 100 100 33 39 58 43 10 32 33 8 8 45 61 100 82 100 100 71 100 29 18 74 76 81 90 55 18 89 100 100 89 88 36 92 70 100 98 38 18 93 2 79 54 11 20 42 100 67 23 64 89 
76 41 82 100 69 79 100 100 22 21 87 100 44 100 83 100 71 69 85 0 38 10 98 100 32 8 22 92 44 5 10 40 75 78 100 28 5 55 100 100 66 83 92 48 33 15 34 53 83 29 47 20 26 44 20 43 99 74 100 100 72 100 65 84 69 24 100 17 100 49 100 100 32 5 32 52 100 42 88 100 26 
100 28 100 71 1 70 100 35 63 69 62 6 42 27 58 0 80 74 7 100 82 71 68 9 38 84 16 100 38 6 12 12 83 75 30 90 90 74 44 100 81 74 95 59 100 57 14 17 32 65 31 100 2 39 93 93 100 35 29 100 100 14 70 3 5 100 44 89 100 37 100 100 97 26 54 9 100 100 100 8 
28 63 100 1 100 100 51 42 45 58 37 100 39 100 100 63 16 9 56 20 74 100 100 100 20 65 86 50 64 33 49 100 1 92 76 15 46 88 85 33 40 56 60 60 100 64 20 90 100 78 22 60 52 45 95 100 7 13 79 78 100 100 100 32 17 91 81 32 34 65 67 5 67 39 100 11 60 3 65 
71 100 100 83 72 74 20 79 100 100 21 100 47 38 22 69 76 100 25 18 18 93 100 100 66 19 88 24 93 18 85 91 44 37 92 60 86 100 100 87 100 100 64 26 100 56 6 100 9 35 20 77 6 100 100 77 68 68 55 7 62 50 35 5 33 100 81 74 60 42 66 100 56 38 29 26 100 9 
8 99 20 15 100 12 71 73 93 100 69 87 80 19 20 65 95 40 23 65 84 49 74 81 100 89 33 6 79 23 32 10 69 87 19 93 63 59 32 37 93 67 96 77 85 30 16 39 100 87 100 53 52 29 28 100 37 83 41 80 72 96 89 97 76 51 70 100 35 100 51 7 89 20 100 39 100 
100 48 43 39 100 53 50 66 38 43 59 93 100 88 17 36 83 100 12 87 100 21 60 35 100 100 100 58 21 54 41 100 84 21 100 70 17 6 23 100 37 100 93 24 32 48 72 16 63 63 76 72 20 100 41 100 44 63 23 38 100 6 100 100 70 5 92 100 23 72 74 100 1 25 94 6 
95 50 13 100 100 82 60 35 100 100 100 1 100 100 100 2 99 27 55 12 9 100 100 32 46 63 66 8 1 14 76 46 64 98 45 46 32 95 100 92 74 83 76 59 67 69 96 67 100 54 84 56 58 11 7 65 79 43 64 47 100 83 24 59 100 29 18 98 15 94 67 100 100 47 19 
81 77 100 94 69 45 13 14 71 100 73 27 100 46 16 1 14 98 78 25 59 69 12 100 73 57 63 86 100 76 31 29 37 32 100 67 36 97 77 57 34 100 10 33 39 100 12 70 100 12 100 67 68 81 54 68 68 65 70 57 90 66 99 100 74 100 1 43 64 37 37 43 83 69 
44 22 100 39 72 83 77 96 55 13 100 0 100 100 13 80 47 100 16 37 100 77 89 87 98 43 100 2 81 53 48 27 11 78 86 4 17 82 96 7 36 67 100 100 66 100 100 100 20 95 86 34 64 21 5 100 56 20 100 2 91 75 12 76 53 90 100 47 100 33 100 46 94 
82 78 85 27 1 42 19 100 51 23 70 100 100 45 94 100 14 20 11 27 100 36 5 30 55 67 83 57 58 20 90 100 80 83 53 100 82 61 3 100 49 35 100 100 29 70 20 100 28 32 20 3 13 5 22 7 100 100 33 100 30 14 22 75 58 11 34 48 42 89 50 71 
50 100 14 80 52 92 87 41 77 17 59 36 34 34 30 20 4 30 71 98 11 17 30 45 8 51 42 92 38 98 100 1 50 4 8 54 100 56 29 100 64 51 69 6 54 82 40 40 100 51 100 10 84 100 78 31 72 91 35 92 90 100 100 16 21 22 57 67 100 56 100 
19 22 15 62 69 72 11 100 54 66 51 68 69 43 73 39 88 63 45 93 47 74 66 97 0 100 9 25 10 73 9 23 100 60 15 100 100 75 84 4 4 68 100 37 41 55 12 24 87 76 66 47 96 100 38 100 43 13 50 44 76 43 100 100 100 77 24 69 68 97 
100 13 100 44 40 28 15 22 66 9 22 59 100 8 66 100 57 65 69 10 32 16 71 36 22 97 100 1 100 75 6 43 89 100 90 86 45 54 1 78 61 98 95 13 98 100 38 10 25 15 36 54 35 4 9 99 74 85 100 45 100 62 38 97 86 37 51 78 53 
100 32 79 43 42 100 100 20 76 59 95 13 100 21 100 89 100 100 54 32 10 17 11 100 47 57 42 100 55 100 54 69 87 4 100 100 28 51 8 31 100 91 73 76 55 87 100 52 51 87 61 45 98 64 33 26 54 16 100 98 8 66 20 75 22 97 100 100 
99 67 62 37 100 20 100 72 30 3 85 87 18 62 66 100 8 100 75 24 100 91 98 100 2 100 80 24 38 80 17 50 85 100 46 76 100 71 40 96 100 4 77 66 1 69 100 100 100 93 8 51 21 63 100 100 81 67 17 85 100 98 76 100 78 92 49 
100 33 100 100 41 84 100 100 100 59 26 60 100 22 100 100 21 22 39 100 100 43 60 88 72 59 63 62 18 68 29 34 94 87 90 100 0 50 62 58 31 100 82 14 24 100 95 63 75 91 56 68 59 36 35 48 41 100 9 100 32 34 27 100 36 3 
63 100 39 78 42 100 51 100 100 100 41 32 47 21 31 73 5 48 94 22 71 72 14 90 57 93 21 44 40 36 25 43 41 96 100 12 40 53 9 87 45 100 37 38 18 100 25 100 28 100 80 79 96 80 58 30 97 100 54 22 22 5 99 100 3 
100 58 40 61 42 69 11 91 100 90 56 72 18 96 95 49 76 57 13 35 8 6 77 32 13 100 100 17 100 50 29 3 100 81 13 67 66 100 5 78 42 20 60 15 54 59 13 100 100 100 93 100 47 5 94 51 76 100 8 45 100 98 53 34 
47 13 93 99 38 100 70 100 100 76 91 1 39 46 100 12 22 39 100 66 100 62 12 59 43 90 62 42 100 63 97 3 58 65 97 86 100 60 82 24 5 22 22 52 66 66 90 5 60 56 11 11 12 38 100 100 41 24 100 84 11 24 44 
63 85 73 97 59 95 9 82 49 62 64 29 100 90 38 21 54 12 5 7 5 57 74 100 84 83 55 100 4 38 16 95 3 31 100 32 17 35 97 54 88 38 98 3 6 39 81 69 90 44 100 4 100 100 79 77 38 62 63 54 92 100 
39 62 100 10 100 12 64 12 52 29 34 12 4 47 59 68 25 87 69 100 26 100 76 61 25 50 100 53 100 80 41 100 100 49 39 59 7 92 83 100 3 100 81 28 100 100 73 64 5 15 65 100 98 100 6 59 100 20 8 100 36 
63 100 48 14 47 100 1 48 29 19 80 55 21 28 26 33 97 100 100 9 23 6 71 100 57 30 49 100 11 33 10 100 72 100 100 100 79 37 30 97 61 5 100 91 25 16 76 53 100 19 57 15 56 5 47 100 94 100 69 1 
3 95 30 100 50 39 88 4 27 100 87 49 50 89 15 100 87 54 100 58 6 24 67 95 44 33 51 100 100 100 31 26 93 35 60 86 20 56 100 100 100 89 93 0 23 61 8 96 94 16 22 4 0 4 44 69 12 27 100 
100 2 68 18 100 33 100 100 75 100 76 100 75 100 66 18 20 100 32 100 45 100 8 100 71 82 36 39 22 15 0 78 53 100 100 100 100 7 100 60 75 61 0 73 61 97 24 96 16 58 100 52 10 100 1 28 66 9 
22 35 55 62 64 16 3 79 23 59 20 28 100 86 100 47 22 11 35 100 100 100 47 100 100 79 55 50 100 98 92 99 67 28 88 47 100 53 81 100 56 100 3 12 100 20 100 63 74 92 20 100 100 100 81 100 100 
1 84 71 30 73 24 92 20 25 100 87 64 57 86 77 100 100 93 20 23 88 51 31 37 46 93 38 83 10 39 15 46 3 19 63 67 12 47 61 66 24 71 23 2 39 9 100 20 100 97 66 53 97 73 10 14 
10 91 7 100 40 100 100 12 3 47 16 65 93 42 26 85 100 100 98 100 100 69 100 100 71 48 53 77 9 52 100 100 63 4 100 98 32 100 89 100 100 33 42 78 16 77 100 86 100 100 17 100 100 100 50 
7 14 45 34 54 100 36 42 13 38 100 43 100 29 69 44 57 64 96 89 100 74 15 34 100 21 0 14 96 53 22 16 88 36 100 26 86 96 92 73 100 64 71 82 77 28 12 76 37 53 94 40 63 92 
14 72 29 65 2 100 100 30 40 68 71 100 16 16 75 31 94 77 90 13 100 55 8 29 69 5 76 27 74 100 71 37 23 66 100 63 100 100 71 44 100 14 69 100 1 67 92 100 100 12 70 34 93 
46 38 100 94 33 45 16 49 18 25 48 84 7 100 97 97 100 85 90 6 74 20 42 96 32 72 100 63 2 29 100 52 40 100 100 84 19 98 85 100 42 100 19 100 17 67 100 58 16 77 54 96 
51 20 100 100 16 26 63 87 49 100 99 56 17 62 100 33 17 92 91 5 100 36 97 63 75 17 16 9 8 29 0 92 68 71 75 72 45 34 4 49 57 32 100 33 7 72 76 100 22 22 56 
100 75 38 90 65 70 78 85 58 46 0 66 50 32 41 71 89 31 61 1 60 64 43 28 2 86 5 26 49 63 24 98 94 71 100 8 12 62 100 55 89 100 79 19 48 86 100 86 47 63 
100 100 100 93 100 23 96 100 100 50 31 100 94 31 27 47 100 3 97 91 50 91 71 73 58 100 100 94 35 100 100 88 86 68 29 93 76 42 51 91 97 80 53 59 2 100 71 100 66 
100 29 78 52 59 27 38 100 76 20 93 12 23 44 29 0 81 100 4 16 100 29 92 74 9 99 74 55 90 11 54 66 36 100 100 2 98 88 38 72 30 63 81 44 74 18 48 80 
13 14 52 16 41 18 71 87 7 57 69 46 94 53 71 100 29 34 100 18 64 18 11 85 100 43 100 97 61 28 22 8 100 81 31 99 100 41 79 53 93 67 100 4 89 100 6 
100 100 39 54 59 100 52 37 61 42 68 100 100 6 89 60 93 41 100 33 47 73 19 22 27 79 16 100 63 100 22 25 88 100 70 18 17 66 70 92 79 87 100 18 38 1 
100 21 94 45 56 65 100 16 70 11 20 86 41 23 18 100 100 13 13 24 12 91 33 30 1 53 35 0 100 19 100 75 6 100 31 100 56 45 97 96 12 100 66 39 0 
100 100 95 11 100 35 60 100 100 92 100 100 22 100 72 51 100 92 15 31 79 13 54 21 75 89 22 94 48 24 28 22 100 37 84 71 48 98 100 25 100 69 86 4 
100 26 30 22 99 26 37 53 5 6 51 62 96 30 1 47 40 36 9 100 100 3 3 33 100 98 41 86 23 100 34 94 23 94 100 95 100 100 100 16 69 100 36 
34 34 18 21 12 16 93 100 15 58 90 90 95 100 25 79 89 100 29 26 100 23 26 21 29 100 20 72 18 68 47 82 98 62 11 21 100 4 61 81 72 100 
15 100 98 7 53 23 69 100 56 96 30 100 92 77 59 78 53 26 11 4 100 93 96 29 30 18 46 92 27 86 74 56 81 87 100 100 32 76 100 100 47 
100 73 43 11 88 100 100 83 98 35 48 21 100 100 6 100 49 2 87 90 48 25 72 75 100 95 2 29 100 61 16 34 61 53 99 32 24 9 100 12 
2 96 100 94 100 36 26 64 17 94 15 16 32 25 100 100 43 54 26 1 100 38 100 5 62 81 39 45 100 100 12 100 72 43 100 5 72 31 100 
95 49 96 100 16 100 66 77 100 56 24 39 31 85 94 30 13 91 27 1 10 8 35 59 50 33 97 9 12 29 100 80 74 100 40 66 85 74 
100 100 99 90 100 21 91 5 10 65 25 96 100 26 10 45 0 100 38 30 69 60 45 100 100 69 100 14 78 94 76 100 89 73 100 77 77 
10 94 100 47 100 24 100 76 43 41 100 50 25 64 27 49 58 20 36 7 4 100 18 100 95 1 100 61 100 61 100 100 3 0 16 55 
65 100 76 23 65 40 100 48 67 76 98 50 94 24 100 100 48 32 100 91 40 100 51 10 100 100 56 46 81 39 34 95 29 1 11 
86 52 100 100 88 100 97 27 41 71 31 43 47 100 100 100 80 67 100 0 84 9 100 64 97 52 11 100 8 61 19 29 100 33 
22 96 59 61 69 63 57 56 100 25 60 5 100 12 100 7 100 85 37 89 5 76 96 84 12 100 46 50 50 27 100 32 33 
83 84 37 57 100 99 45 100 67 6 6 40 100 35 100 100 97 38 10 66 66 11 21 100 99 7 11 28 23 100 100 62 
46 11 100 77 87 100 94 58 92 100 2 82 100 77 59 54 39 20 23 100 86 11 68 66 50 100 34 100 71 100 88 
28 38 22 94 15 79 28 99 64 85 33 100 5 87 100 71 17 65 16 13 22 96 100 8 30 100 100 28 46 100 
99 19 100 72 35 73 100 21 55 54 54 32 88 100 100 99 11 73 32 51 68 82 19 100 92 49 100 100 65 
35 75 85 99 95 72 90 9 9 99 25 64 0 100 99 3 100 2 93 19 6 58 81 28 100 68 49 78 
100 71 100 100 74 66 47 83 69 84 100 55 100 55 76 78 100 34 96 20 100 32 79 100 14 74 100 
20 32 33 20 56 12 35 11 17 9 58 32 69 54 55 53 67 94 100 72 39 87 69 70 18 2 
89 13 12 83 40 35 100 62 67 28 100 76 55 43 81 22 58 55 17 1 47 86 100 100 3 
100 100 53 8 57 19 100 75 30 80 32 100 7 61 79 16 36 44 43 53 63 51 47 100 
73 45 58 100 57 37 23 20 100 100 100 88 100 90 100 79 100 24 25 38 100 27 64 
78 17 64 100 29 100 82 36 100 82 32 100 26 24 34 16 55 75 94 41 39 4 
7 100 94 90 82 59 33 82 100 77 68 28 100 77 56 94 40 59 88 24 100 
81 57 96 91 14 0 100 78 19 60 6 100 67 5 100 100 100 84 66 63 
73 87 84 40 100 100 50 23 100 43 62 100 44 15 46 35 100 16 25 
63 19 22 100 100 16 25 57 87 7 54 30 38 15 92 67 13 24 
100 61 100 47 10 65 38 96 42 100 100 17 78 38 42 1 64 
72 21 69 100 38 27 73 100 100 73 62 100 68 63 82 100 
71 27 14 100 100 46 100 76 91 10 44 24 46 40 79 
91 76 87 2 53 100 46 34 76 87 74 100 39 51 
100 81 21 41 43 100 49 37 93 21 32 100 54 
51 100 60 81 39 67 99 83 100 59 70 6 
100 3 78 100 55 66 8 88 24 100 6 
100 91 81 45 46 13 30 0 100 91 
42 84 62 57 16 74 100 77 100 
28 52 72 97 100 87 52 43 
100 30 40 100 100 30 67 
62 100 79 79 100 14 
100 56 95 34 9 
100 96 5 90 
39 96 100 
100 28 
87 

