100 100
13 63 52 18 100 72 43 11 35 59 33 43 86 72 80 68 43 29 93 21 96 88 16 21 32 9 81 58 60 19 68 96 78 29 65 38 13 88 62 20 21 51 71 32 83 40 50 51 78 100 51 100 72 14 59 100 97 93 27 38 47 100 56 18 32 28 71 52 26 84 67 46 100 71 24 88 39 55 66 10 92 35 24 11 45 80 85 46 31 68 6 76 52 14 100 68 12 55 46 
80 46 13 9 57 48 95 30 9 49 80 22 72 44 20 8 33 62 54 32 45 69 67 8 9 24 6 58 91 66 19 14 64 82 38 16 43 81 1 1 0 100 33 100 69 31 90 87 35 93 88 78 92 77 34 72 87 33 46 50 4 43 62 25 25 50 75 85 43 100 9 26 29 100 100 45 98 62 87 8 84 10 66 42 4 100 71 49 86 55 59 3 55 11 89 94 3 83 
27 69 39 19 69 97 50 96 42 5 9 25 10 8 33 8 16 91 70 60 89 25 98 59 18 47 48 41 27 27 20 35 14 66 100 96 36 34 37 100 44 22 28 32 84 37 42 13 54 67 100 23 70 27 4 6 6 55 79 2 28 3 23 85 5 11 40 100 100 38 21 30 5 56 2 4 36 79 2 21 56 66 0 52 82 32 60 28 100 48 100 71 64 66 61 65 7 
73 54 55 75 52 10 76 56 63 45 95 9 23 74 15 39 0 66 3 30 39 84 35 94 90 62 68 68 23 18 20 2 87 98 44 46 84 100 20 36 73 37 65 53 5 28 80 100 66 14 12 54 67 39 26 46 79 29 16 59 0 79 0 70 96 26 78 51 11 86 24 32 47 26 59 41 47 92 17 39 59 23 20 95 1 81 100 81 67 16 20 29 61 96 63 0 
71 94 100 18 18 95 57 39 82 17 42 86 55 96 65 40 88 96 93 59 84 23 90 86 8 66 36 79 43 75 36 92 42 75 4 60 100 31 65 62 16 0 98 76 36 60 93 18 90 91 62 81 64 17 59 4 16 48 22 100 100 47 77 21 87 63 51 56 51 9 63 100 3 29 77 44 11 28 18 97 92 100 74 28 74 77 97 96 70 28 1 50 93 79 98 
50 56 3 93 66 79 90 68 81 87 45 29 23 99 43 36 22 79 14 99 38 82 10 26 1 84 47 16 61 8 20 29 82 54 100 96 72 19 92 92 100 88 80 36 26 95 59 55 2 18 6 17 57 19 60 68 73 62 91 13 38 30 21 70 70 1 12 21 24 100 47 49 79 74 94 19 66 12 23 4 17 18 58 74 41 96 93 97 40 68 4 97 32 99 
12 82 8 16 23 93 33 72 13 81 13 78 100 19 2 55 23 73 83 51 38 100 78 22 86 62 26 23 5 32 37 83 81 100 73 12 35 86 48 14 81 15 88 56 77 97 69 59 100 48 66 26 2 22 74 5 18 68 56 35 64 100 11 49 97 15 65 86 66 2 85 6 66 51 65 17 63 62 11 75 100 57 20 29 98 95 21 89 95 80 44 7 21 
11 70 43 82 39 14 0 36 82 15 30 42 72 2 80 51 22 75 40 75 77 55 65 19 55 73 45 87 42 6 86 38 85 75 65 90 8 32 14 43 92 88 58 92 3 82 81 9 40 33 18 76 2 83 91 55 18 100 90 37 38 61 80 33 34 91 16 64 75 57 33 38 19 9 8 94 100 45 21 60 45 54 23 53 25 100 5 79 100 26 1 6 
76 89 88 15 22 94 3 32 24 44 7 19 73 53 84 90 68 57 68 83 53 72 1 35 72 77 26 97 84 38 71 35 100 10 76 5 63 16 2 18 100 97 25 43 46 89 93 31 2 73 66 66 89 62 48 11 16 76 20 32 18 48 100 51 27 46 28 40 74 27 87 23 64 8 87 62 27 60 11 37 21 100 15 96 99 47 0 39 35 52 28 
66 35 70 91 60 81 11 88 8 68 20 37 29 59 94 98 60 81 100 8 47 43 71 41 65 100 81 100 10 19 31 22 11 56 30 44 91 89 77 14 89 43 31 53 30 8 0 50 42 48 19 65 16 47 14 23 37 2 20 72 72 77 100 60 4 62 88 77 52 52 48 66 72 43 12 52 13 100 14 100 33 72 32 86 54 66 99 84 76 100 
10 60 82 34 81 79 37 36 18 100 13 16 86 11 74 19 96 39 61 32 90 44 83 75 85 3 100 55 55 45 33 100 0 89 56 47 77 56 38 42 1 40 58 18 91 46 53 72 100 49 68 66 16 37 77 75 98 46 78 91 10 53 41 75 26 48 7 34 91 31 71 56 83 33 59 36 72 96 7 9 59 72 36 42 97 1 51 83 82 
26 59 19 76 35 19 11 97 100 64 58 52 21 46 26 47 59 54 83 11 99 96 77 71 97 77 80 18 54 86 93 14 99 47 32 58 29 15 89 47 35 7 46 30 19 11 33 40 69 38 22 72 17 10 8 20 77 71 14 47 90 99 42 74 14 92 92 38 94 82 75 29 17 14 18 55 22 3 54 2 38 50 52 23 100 64 80 7 
50 19 100 0 90 43 62 31 38 63 100 49 22 32 96 95 21 65 63 22 56 82 26 75 9 92 60 33 57 64 31 33 100 95 56 88 100 89 13 1 35 96 87 74 10 16 7 86 41 50 84 55 52 84 50 67 41 100 45 76 73 52 94 7 71 86 17 23 0 100 23 99 31 48 81 48 100 62 48 53 83 92 16 94 81 8 85 
97 27 73 45 83 87 96 93 76 97 86 59 65 80 70 12 37 25 100 47 33 31 3 19 66 11 47 25 0 96 24 5 20 11 76 64 26 95 83 72 100 32 97 29 58 100 36 13 91 100 2 3 25 13 48 74 13 27 50 85 100 74 31 38 31 21 43 36 45 32 74 41 26 40 17 60 84 94 54 29 24 46 78 68 6 70 
1 93 30 47 0 51 100 33 1 98 1 6 99 4 63 80 54 26 94 68 21 55 83 94 94 5 39 16 33 4 80 39 48 25 6 22 93 64 2 42 33 20 55 46 21 58 10 2 54 48 37 89 11 23 20 40 69 25 32 43 89 11 11 24 24 99 31 29 12 50 76 44 20 41 54 0 88 99 53 88 68 21 24 5 77 
83 36 97 13 42 13 71 53 70 85 63 63 98 78 24 87 70 39 3 80 100 44 3 69 98 88 61 46 34 32 34 61 57 100 30 73 4 43 60 72 87 100 93 98 26 7 5 100 5 90 84 55 15 88 10 4 70 73 14 6 83 39 69 71 45 25 6 60 16 43 74 32 100 70 100 18 83 36 59 100 69 9 81 100 
100 100 67 99 28 93 5 100 61 100 100 100 100 65 100 100 100 61 85 100 3 100 90 42 90 100 100 84 64 25 44 28 100 100 100 53 31 100 4 56 92 24 42 55 93 78 35 25 46 42 100 19 75 66 100 37 53 94 19 100 91 20 87 66 38 82 99 51 75 100 73 62 100 100 100 26 98 89 100 30 84 100 5 
100 100 9 26 74 33 100 93 100 44 36 0 100 8 50 98 37 15 97 42 3 1 100 100 85 100 99 35 100 100 25 86 60 19 85 93 90 64 12 37 52 67 24 64 28 66 60 97 90 1 71 48 29 17 37 100 100 100 100 37 13 100 100 55 73 100 43 55 54 41 80 84 11 74 27 99 100 26 51 60 5 48 
12 97 96 52 28 50 1 18 100 40 100 100 100 100 100 1 4 52 100 26 100 35 53 66 17 77 99 0 100 51 47 10 58 71 100 88 61 43 20 26 14 53 98 100 11 61 100 6 47 43 27 50 78 20 100 18 100 100 100 100 100 72 77 64 95 81 52 19 60 100 100 100 30 79 100 88 39 7 65 57 100 
100 100 31 31 64 17 100 100 76 100 52 70 44 100 51 100 96 15 29 59 11 84 18 100 100 76 29 32 100 45 95 86 100 69 100 38 80 20 25 39 100 17 100 66 100 100 5 100 97 100 90 97 100 4 9 90 93 100 100 100 42 63 93 76 100 98 26 68 26 29 48 25 79 22 73 100 74 56 61 12 
39 79 26 21 57 24 22 65 27 45 28 63 58 100 23 22 30 41 99 73 16 32 100 89 3 54 100 21 85 39 97 8 51 39 100 100 73 35 100 64 100 100 64 100 88 8 84 100 87 52 92 82 100 66 8 100 75 42 43 96 16 64 28 98 12 2 100 59 23 68 100 89 13 31 27 72 18 83 89 
100 24 71 100 100 100 74 100 87 100 62 26 85 72 100 67 57 89 35 100 67 68 89 47 2 79 100 100 60 30 15 1 12 100 100 10 100 77 100 90 2 81 63 100 100 43 68 89 100 44 50 82 68 100 69 72 98 100 83 80 100 82 36 60 51 21 30 2 57 82 100 79 16 100 24 18 74 83 
89 53 84 84 100 100 96 21 34 15 100 49 68 73 37 100 100 63 87 40 19 88 1 100 64 29 38 91 55 5 30 100 22 48 1 100 100 36 62 23 59 2 38 70 100 100 100 100 58 45 2 91 86 100 100 84 66 100 14 16 100 46 100 73 83 45 100 3 69 100 45 10 94 84 100 16 43 
100 78 21 3 20 72 73 43 12 59 16 16 72 49 22 100 17 100 17 16 91 83 57 100 80 100 95 100 100 100 85 100 100 78 97 100 84 47 18 91 41 87 63 100 97 80 5 53 47 18 100 85 11 27 33 6 9 100 100 100 15 4 55 100 65 5 2 5 10 29 100 47 42 48 84 71 
50 91 78 100 100 99 73 15 96 100 40 7 98 93 7 21 46 100 52 98 100 57 38 100 20 100 100 100 52 73 42 100 6 62 5 100 71 85 32 100 2 45 33 82 48 100 87 87 49 1 14 91 100 100 100 64 84 35 87 91 16 77 15 60 100 83 36 11 86 56 26 11 100 80 99 
100 20 100 100 79 100 87 27 37 33 100 40 23 60 31 32 78 36 13 34 76 100 2 100 54 94 0 68 73 52 100 19 100 100 83 21 36 5 2 5 100 28 100 100 93 0 37 13 45 100 75 84 90 74 53 100 44 100 0 25 54 14 23 100 4 32 100 46 100 8 14 65 58 100 
12 68 39 100 51 100 100 100 100 63 74 90 100 100 52 24 100 53 100 3 39 47 100 59 58 64 25 58 100 21 13 100 45 75 1 92 13 31 1 100 12 100 17 100 100 55 17 91 38 74 25 22 83 64 77 8 66 100 100 100 84 100 70 91 5 100 100 93 1 28 85 95 73 
72 100 59 100 46 100 88 40 2 100 7 18 48 4 79 19 0 30 100 18 94 100 100 72 78 100 100 96 14 85 9 32 100 3 90 38 21 57 5 100 83 89 43 80 100 80 100 11 91 64 90 35 46 100 39 87 77 35 36 58 100 100 79 69 100 29 6 30 33 50 51 89 
100 100 66 100 85 11 96 19 12 73 100 100 94 100 99 55 100 70 99 21 100 67 30 31 100 35 100 15 22 99 100 51 14 22 100 65 100 100 95 31 100 83 48 63 100 34 94 84 53 82 36 97 9 20 100 37 86 100 100 29 96 100 46 6 99 43 49 83 100 91 59 
52 85 100 90 76 19 37 4 28 10 100 12 100 7 6 100 100 100 47 100 100 2 6 53 67 98 20 83 100 47 100 65 100 100 100 86 48 29 100 49 28 91 31 7 100 43 22 83 100 50 59 15 38 26 78 59 100 38 100 37 100 100 93 81 100 33 100 97 86 69 
36 13 93 87 7 76 100 100 74 66 0 48 42 1 81 100 89 100 80 13 1 60 13 12 58 36 100 100 100 63 47 13 61 25 79 100 100 93 33 55 100 2 6 77 65 14 69 100 97 100 79 100 29 15 100 98 83 48 28 28 64 21 35 31 49 100 51 100 44 
72 30 100 100 10 100 14 100 66 71 70 97 100 88 17 31 100 12 100 87 70 100 44 68 3 84 100 65 61 96 83 24 56 91 38 6 22 100 100 5 18 43 54 48 100 40 75 15 55 67 100 22 0 7 100 87 14 2 92 100 19 50 100 99 100 100 9 53 
7 77 8 100 100 100 42 100 46 89 57 16 31 97 94 35 76 100 71 75 12 100 36 83 80 44 14 31 69 94 85 10 70 31 41 100 62 100 100 100 0 68 92 60 98 98 100 25 100 100 63 47 5 100 11 61 55 27 100 79 56 67 56 100 100 8 71 
52 48 100 100 73 9 37 69 25 25 97 65 100 100 100 40 0 1 99 100 0 70 25 100 1 26 60 100 49 11 12 80 100 56 53 18 41 100 24 100 42 100 100 98 28 100 100 27 48 15 14 12 100 3 100 76 2 73 100 95 19 100 38 12 65 75 
100 11 96 100 49 98 68 19 43 67 9 100 48 56 89 24 43 51 100 52 19 27 81 25 100 7 100 83 61 75 86 100 34 9 7 79 43 3 100 100 81 100 66 1 100 5 77 71 63 100 10 0 100 31 83 29 84 44 100 33 63 100 72 98 84 
41 100 19 100 100 89 99 65 100 63 56 3 100 49 1 41 69 100 28 100 31 0 75 61 100 100 99 83 20 79 69 100 50 43 100 68 13 100 5 63 14 100 10 55 17 47 44 100 67 95 3 25 33 15 14 49 45 100 100 100 35 7 100 12 
32 50 100 100 63 100 16 73 49 67 100 98 100 81 100 28 100 10 17 100 91 7 0 42 52 18 31 86 2 100 31 100 66 46 44 3 7 21 95 100 100 2 30 70 100 16 79 100 100 8 67 100 6 100 79 78 100 29 95 100 35 0 69 
77 0 0 100 11 62 62 30 64 67 15 100 89 21 97 100 100 52 46 100 100 74 33 66 19 11 65 100 100 100 37 26 11 6 40 51 31 26 100 34 9 78 98 26 33 54 63 100 100 46 58 39 100 52 92 100 100 69 100 100 75 100 
65 92 100 85 15 71 100 100 6 83 7 100 63 66 40 31 47 100 34 73 100 25 34 83 73 79 100 100 8 42 15 43 100 100 0 100 70 97 0 65 100 13 21 69 49 93 2 45 98 76 62 9 100 100 70 100 92 1 100 23 100 
7 58 27 81 67 22 61 40 58 49 11 29 57 69 69 92 79 72 33 82 91 100 66 70 25 100 100 39 54 100 100 43 35 19 23 53 42 14 57 20 100 22 11 69 88 99 12 76 100 100 36 31 28 100 100 100 90 77 92 100 
54 100 40 68 9 63 100 74 12 45 79 100 78 5 100 49 23 30 62 16 100 64 11 62 55 37 26 100 100 69 9 48 100 20 96 96 100 91 0 60 62 7 18 97 9 11 50 100 29 18 83 100 53 26 84 85 39 100 1 
75 100 80 100 32 0 100 71 100 75 1 83 40 11 20 24 20 52 62 20 88 28 100 19 94 60 55 47 100 97 78 42 27 14 19 100 44 87 100 95 61 64 100 6 100 60 36 73 49 100 8 11 29 97 68 24 100 41 
8 100 100 77 82 100 100 49 100 80 25 27 100 100 100 33 92 46 6 100 7 100 12 1 15 100 47 15 14 67 100 100 16 39 100 17 6 90 27 62 28 33 75 13 100 79 97 100 19 91 100 12 1 39 0 17 100 
40 77 89 69 100 90 100 100 100 55 27 82 49 41 28 93 30 9 60 13 43 100 100 68 79 100 87 100 83 45 35 100 45 100 100 100 79 100 58 54 18 76 100 32 97 100 28 76 18 100 52 6 100 66 42 93 
17 100 67 100 18 46 9 58 100 100 100 100 66 11 37 13 50 0 100 76 11 96 100 77 8 55 98 17 63 59 77 100 100 59 5 91 27 38 10 56 85 14 100 100 60 100 100 80 100 100 21 5 23 79 1 
72 10 37 95 94 100 67 56 52 67 18 26 89 25 41 49 100 66 82 82 55 2 23 41 100 63 100 97 37 37 100 100 37 59 100 79 35 88 18 48 100 68 20 32 45 48 67 100 100 46 87 90 81 52 
55 100 100 100 11 34 67 76 65 15 38 100 11 94 72 73 84 9 53 3 87 69 78 16 44 100 100 100 72 100 51 17 15 92 41 100 27 100 89 28 82 30 32 11 32 97 93 73 49 100 26 6 100 
100 38 3 41 66 3 3 23 80 23 100 24 100 100 38 3 99 100 100 68 56 100 71 100 50 52 100 39 92 100 82 16 67 3 100 31 26 100 35 59 42 80 17 8 83 19 100 88 34 56 71 84 
27 23 100 40 55 78 40 21 27 100 100 1 100 100 100 75 27 65 88 54 36 43 0 67 78 15 56 54 100 23 100 61 85 63 44 66 78 1 100 99 100 24 100 99 40 27 100 55 61 95 17 
79 39 74 27 3 68 12 68 100 87 75 96 100 41 57 58 95 74 4 100 71 7 75 29 100 6 92 83 100 29 100 67 92 100 52 56 82 100 39 72 94 40 89 96 100 35 35 47 30 2 
37 86 100 13 25 100 12 100 80 60 97 20 10 100 11 100 93 81 21 24 44 60 60 50 100 87 100 52 100 83 57 63 19 48 63 67 89 77 100 100 5 81 100 100 65 56 97 7 0 
22 32 83 100 15 4 100 87 81 1 70 100 92 44 11 6 100 100 24 44 100 100 59 100 18 100 100 46 100 41 100 76 39 7 13 54 67 46 44 98 5 10 100 92 91 45 100 77 
45 100 8 63 40 11 100 100 48 24 56 58 39 53 24 31 62 1 0 55 100 100 89 75 45 100 100 49 54 74 100 73 54 32 99 62 100 30 35 100 12 100 17 100 100 39 100 
15 100 100 67 9 84 10 70 22 95 62 77 100 100 36 99 76 100 30 39 49 78 100 58 33 100 76 10 28 64 68 100 100 88 85 100 50 91 77 100 100 58 60 100 0 11 
100 63 45 100 40 100 97 82 100 32 77 100 73 83 86 13 27 7 44 100 9 100 99 100 85 100 100 79 67 14 100 100 100 32 3 0 29 0 57 14 79 62 100 100 62 
82 42 84 69 21 88 21 25 39 100 100 41 72 74 100 100 79 61 6 15 54 24 82 99 16 16 100 100 26 23 67 82 66 100 50 47 80 92 10 59 100 82 20 91 
71 11 79 72 95 69 63 0 100 46 39 38 89 2 16 35 29 95 100 20 1 100 54 100 95 13 18 88 92 100 100 56 62 24 100 67 6 100 100 6 3 100 61 
57 100 100 36 2 100 22 24 100 100 50 35 58 90 100 91 44 100 90 99 74 39 100 100 84 73 100 73 30 100 88 74 80 100 71 85 12 100 100 11 82 31 
44 26 100 64 52 100 95 61 17 100 22 92 90 30 67 100 100 54 100 100 75 100 41 25 6 41 82 45 100 100 45 100 58 38 61 1 100 100 100 100 77 
72 95 92 83 66 100 100 46 26 40 87 48 35 70 37 100 100 6 100 21 100 46 65 53 11 71 93 15 100 2 40 100 73 90 34 25 100 82 22 73 
75 32 100 11 34 14 100 100 94 23 100 22 27 64 100 100 96 6 8 10 19 100 100 20 96 50 31 100 32 100 61 16 24 100 100 94 99 100 7 
7 81 45 75 100 62 65 73 32 7 59 1 44 100 93 42 93 84 77 38 100 8 51 73 51 100 100 75 47 100 8 3 100 25 5 100 26 100 
97 100 67 100 67 100 64 100 6 32 85 100 86 41 84 61 53 93 54 100 41 100 43 36 76 56 60 65 100 100 67 26 100 31 63 100 93 
97 10 47 81 87 26 100 32 5 10 20 28 31 84 62 96 28 100 93 27 68 66 58 100 58 0 80 2 21 27 100 5 100 71 100 100 
89 100 82 20 40 65 100 5 100 87 26 71 96 14 23 0 5 20 53 41 12 26 54 6 100 40 100 21 63 16 69 17 100 100 93 
38 54 71 89 100 16 83 70 100 100 5 78 46 4 63 1 100 100 92 100 90 15 68 100 70 76 96 38 95 91 35 100 94 81 
100 54 100 100 41 18 100 95 28 78 14 20 29 100 99 75 36 4 100 38 70 100 56 88 88 95 22 7 100 85 32 72 100 
14 77 69 44 100 44 80 59 46 49 62 47 28 26 41 100 100 60 44 71 85 69 100 31 100 62 98 59 62 70 100 43 
100 100 87 33 100 41 100 5 76 82 54 54 42 11 26 100 17 75 100 100 9 56 47 6 77 49 67 60 100 95 100 
49 31 100 7 99 100 89 100 100 92 92 41 82 100 98 100 34 68 100 87 16 11 30 100 47 86 50 88 30 16 
100 78 100 18 33 96 14 72 100 100 41 100 5 100 31 75 44 100 100 49 24 100 100 100 74 83 100 100 76 
97 42 20 74 73 68 41 100 86 85 81 19 36 100 43 5 100 68 100 7 100 60 40 49 68 7 100 95 
3 67 12 100 9 76 34 93 16 19 4 50 100 2 27 40 23 100 26 2 0 96 69 60 100 55 75 
61 27 97 58 100 21 100 77 60 77 3 8 75 48 85 100 89 65 42 75 100 69 95 46 100 100 
100 100 79 89 26 100 54 6 51 19 98 44 40 100 80 55 63 52 100 6 100 4 91 100 33 
64 100 10 32 60 93 100 68 48 33 93 100 100 31 33 12 76 93 92 3 7 17 100 100 
100 85 100 84 89 28 100 90 100 20 40 100 32 88 100 81 100 10 80 65 85 11 100 
32 6 97 71 41 96 21 100 96 19 77 100 100 35 10 10 75 88 31 90 49 100 
100 48 51 100 99 0 23 100 1 20 46 49 96 100 100 39 44 40 100 73 53 
87 77 100 66 100 63 29 36 95 100 95 93 88 76 82 71 90 100 68 25 
89 84 7 34 86 60 100 15 38 22 70 70 78 100 8 100 65 100 21 
100 100 100 86 65 97 100 100 21 100 16 46 50 89 100 100 67 100 
46 13 51 100 17 29 42 94 28 24 50 47 100 72 41 57 12 
72 42 35 39 73 32 93 62 16 100 95 10 100 71 37 100 
87 40 72 41 100 16 37 54 100 80 7 44 31 60 100 
100 55 91 97 97 100 26 6 77 66 9 45 81 51 
100 90 72 30 79 98 85 100 68 99 67 27 25 
17 100 73 50 100 10 58 100 44 94 5 23 
81 100 43 35 100 83 86 3 0 100 100 
4 30 46 32 64 74 100 89 49 5 
13 78 12 96 100 100 100 39 100 
69 100 23 62 100 49 41 30 
100 70 89 12 95 63 44 
53 64 100 21 100 7 
29 100 9 100 44 
46 100 100 77 
39 100 28 
68 62 
100 

