100 100
70 29 64 28 68 56 100 27 87 85 26 100 24 13 89 100 10 24 9 49 32 54 100 100 8 18 7 89 100 67 47 75 26 100 100 72 28 20 100 71 100 78 58 99 100 71 11 3 83 10 26 76 100 49 78 9 17 9 100 53 69 58 36 81 100 94 100 0 100 88 14 26 48 86 43 2 27 61 63 100 99 88 26 2 39 89 86 100 76 22 98 85 100 8 100 55 31 0 25 
69 34 55 100 5 23 100 100 100 50 62 24 80 9 60 98 49 100 83 19 91 58 20 9 100 84 86 18 100 71 71 100 56 47 100 50 100 52 100 89 4 28 48 96 15 100 50 55 37 17 100 91 16 8 38 100 38 49 12 48 81 100 100 100 0 100 14 100 85 32 12 100 7 98 7 29 74 100 63 20 14 74 19 77 46 14 53 38 16 57 100 63 98 94 100 36 74 100 
88 29 100 92 100 35 96 56 24 95 39 96 14 100 100 100 81 33 79 47 99 73 47 14 18 16 30 3 100 31 100 80 28 100 100 1 100 100 18 13 6 76 30 31 83 12 32 29 1 14 100 14 100 65 3 91 23 59 69 40 75 70 100 25 100 7 33 95 39 16 100 25 94 29 13 40 21 37 14 2 45 89 16 42 84 15 100 100 43 2 6 51 95 1 19 100 66 
100 39 47 92 69 53 100 48 35 39 100 61 83 9 50 78 9 21 65 81 100 100 56 60 46 100 100 89 64 50 90 100 100 94 100 34 100 24 100 24 50 100 100 75 100 74 21 88 37 50 24 100 15 78 62 100 79 10 47 23 98 100 100 100 59 100 100 16 89 37 100 93 93 21 41 100 65 55 34 100 83 57 40 100 27 38 89 25 100 100 87 94 42 68 50 42 
100 56 2 100 11 66 100 86 100 85 98 100 58 75 40 24 90 90 61 42 100 100 80 100 49 100 49 84 51 100 59 44 32 100 70 83 47 100 31 64 100 11 27 62 11 86 7 100 100 65 74 57 2 59 79 57 60 17 89 83 62 23 100 100 100 8 45 44 48 46 93 100 100 42 15 28 85 85 76 100 73 1 100 67 58 98 100 100 57 54 61 28 100 46 84 
53 61 79 37 15 38 50 23 11 15 100 100 13 38 62 31 28 44 23 33 100 21 51 89 25 100 95 91 25 100 22 100 100 73 30 53 100 56 81 100 39 97 1 100 50 100 21 94 89 17 64 100 100 59 95 54 86 77 41 100 2 47 1 23 95 65 18 24 21 93 38 44 100 98 100 2 39 80 55 22 73 97 99 22 42 23 36 53 82 50 59 94 20 47 
71 0 100 73 12 100 15 5 4 100 57 16 18 14 18 34 42 100 84 44 48 75 40 100 45 68 96 56 44 100 30 52 84 21 24 52 47 100 36 46 98 59 50 10 58 27 44 6 74 100 23 83 100 64 100 100 54 72 76 41 100 31 62 12 93 82 33 83 96 100 100 59 98 100 45 49 52 39 96 4 9 54 9 100 31 89 100 94 6 48 27 6 96 
65 0 28 94 62 41 43 91 15 100 67 75 49 9 57 85 86 89 89 66 44 100 100 80 14 99 13 100 77 49 44 100 15 29 55 41 56 5 33 68 100 100 38 9 41 45 80 100 53 0 98 83 100 40 24 60 11 100 84 7 100 28 64 97 49 12 94 29 77 100 3 17 96 100 20 66 94 96 31 22 43 43 38 5 59 43 24 39 3 100 46 4 
27 100 100 78 33 100 100 26 6 100 56 95 100 62 79 100 100 100 43 25 52 43 11 18 26 63 25 40 100 30 100 39 73 100 1 82 43 28 100 65 60 100 85 27 89 16 90 14 38 20 100 26 100 2 84 100 11 37 38 42 4 72 63 71 38 59 100 56 7 78 87 20 5 59 100 42 43 98 3 29 42 93 39 100 16 63 60 75 73 100 55 
75 17 16 49 76 55 100 70 34 8 76 9 68 100 15 56 98 61 7 1 26 100 57 3 8 34 95 100 75 45 65 100 82 100 28 77 100 91 15 60 5 81 74 61 37 97 4 100 78 26 100 61 100 80 16 7 77 0 39 93 96 100 100 100 14 34 62 100 88 97 100 90 7 90 100 92 17 54 51 7 33 19 100 100 100 94 19 36 51 99 
39 60 25 11 93 100 100 96 43 67 9 100 11 99 100 14 100 100 100 36 100 81 70 20 7 77 82 9 63 84 87 18 100 100 8 4 30 100 100 77 13 100 100 80 1 74 9 43 89 52 28 14 79 44 56 56 33 84 35 8 94 36 80 28 56 60 60 72 36 2 68 29 25 28 99 82 93 1 86 70 100 84 15 100 59 96 9 100 5 
100 55 21 32 98 55 94 100 7 100 40 100 100 97 100 41 68 83 34 19 100 76 43 100 100 39 87 99 99 7 97 100 43 16 30 59 100 6 100 100 100 59 66 83 56 59 29 100 47 31 81 11 85 86 24 92 69 88 21 78 21 15 100 100 31 62 64 61 8 25 85 31 14 75 36 12 81 84 59 100 100 91 100 100 43 47 2 13 
86 88 100 100 100 60 2 85 5 100 71 19 81 54 78 76 16 7 34 100 29 100 93 100 14 79 59 100 44 18 28 29 97 59 36 100 100 13 74 100 35 100 100 58 77 43 57 100 32 100 15 20 100 40 25 89 100 12 54 100 10 86 57 69 6 48 65 100 29 100 64 33 69 93 67 19 95 32 100 14 12 67 20 10 22 100 93 
68 29 100 100 100 91 52 92 18 33 4 92 100 75 100 100 42 19 33 5 100 81 10 94 53 82 69 21 21 31 45 3 91 100 75 100 11 100 100 100 50 96 67 3 99 38 100 0 2 87 93 18 76 2 60 41 16 91 62 100 36 94 94 92 7 63 88 67 93 34 32 70 3 59 6 61 78 26 34 54 92 35 28 100 0 3 
74 7 21 97 53 86 82 28 92 97 100 99 100 36 96 73 63 60 49 83 79 100 44 25 100 50 77 23 94 51 7 59 68 100 4 89 81 98 89 100 47 1 17 100 100 29 17 100 100 100 81 10 41 22 60 0 62 100 36 100 39 34 100 39 10 69 90 31 63 7 100 27 85 68 63 100 39 16 80 100 54 66 30 100 44 
46 74 11 20 55 55 64 97 20 19 90 8 99 8 46 76 78 100 100 50 92 18 7 100 70 57 66 78 100 7 100 100 45 27 73 2 26 100 12 32 6 44 3 100 100 11 43 64 77 10 72 81 100 100 58 87 2 12 100 65 100 100 30 6 58 51 100 64 30 64 84 56 21 11 90 100 100 55 100 67 100 66 98 79 
26 42 1 100 100 39 48 10 52 15 78 1 74 99 19 60 54 46 52 61 66 70 5 87 31 76 13 45 91 58 83 78 29 29 15 86 19 78 29 100 100 40 100 100 58 45 100 45 25 21 35 93 20 100 14 10 76 0 43 100 3 76 43 29 27 23 0 95 34 29 100 76 68 99 61 30 35 62 11 100 37 100 0 
0 63 67 59 99 41 83 100 61 4 94 2 58 34 88 100 78 68 100 51 68 34 20 10 50 46 15 48 10 22 90 56 39 71 87 44 53 29 19 44 77 58 100 100 99 34 100 93 32 98 73 100 23 100 18 75 66 14 97 10 100 100 55 18 100 22 23 85 23 92 98 60 69 78 46 94 72 100 100 27 100 20 
42 38 34 99 100 38 72 89 100 1 4 34 50 32 49 85 86 7 100 13 100 3 4 100 93 31 100 9 100 61 79 51 24 64 54 38 100 91 95 100 85 100 90 100 53 62 2 2 43 100 0 73 53 27 94 24 0 58 100 15 100 47 36 27 94 58 100 9 36 87 14 34 64 50 41 100 75 81 39 86 70 
31 100 99 6 73 100 39 18 62 85 100 27 97 68 11 32 64 18 66 52 100 44 50 32 45 53 73 82 33 25 74 44 98 40 9 67 1 93 63 70 14 62 44 76 0 100 46 2 60 82 82 59 100 46 53 45 99 85 73 33 37 57 100 68 58 79 12 68 54 9 100 100 22 24 64 100 100 44 79 44 
98 100 33 10 79 70 29 100 100 40 100 100 100 3 67 26 69 40 83 39 100 100 27 35 100 46 1 100 99 20 100 75 56 100 64 69 61 98 50 100 20 100 100 100 77 69 74 87 61 72 74 12 64 74 21 10 81 32 36 18 54 85 100 59 100 83 6 91 59 58 13 48 96 99 27 20 100 69 45 
62 30 93 57 35 50 34 83 54 70 8 78 100 79 12 87 45 98 59 93 100 98 94 28 81 73 39 100 100 18 14 100 100 46 46 27 62 2 88 100 31 51 100 69 56 100 10 79 12 2 28 24 100 83 24 100 42 100 18 89 15 71 5 86 71 50 82 59 46 42 47 100 100 80 87 70 100 17 
100 29 40 66 92 33 11 68 19 77 18 100 22 8 60 100 78 29 27 77 63 100 8 84 67 57 77 33 98 92 79 63 55 100 14 84 40 45 21 42 96 21 48 12 97 100 3 86 79 64 27 100 67 100 17 97 6 100 90 7 14 78 100 61 45 30 66 62 55 38 40 83 100 37 36 98 100 
100 6 27 20 100 86 78 96 43 96 100 50 100 93 65 32 100 80 65 100 10 100 3 100 100 57 8 65 41 69 15 91 2 24 9 4 49 100 89 100 80 62 42 16 64 100 90 100 94 83 84 57 88 31 66 14 61 77 54 44 100 44 89 2 7 20 16 19 41 57 85 100 4 66 53 90 
78 42 23 100 11 7 66 25 50 72 100 62 34 22 100 41 90 57 100 4 98 100 26 100 34 96 100 68 90 52 77 82 63 51 87 100 100 100 52 50 92 100 100 23 20 10 100 78 16 9 48 79 55 53 68 56 57 100 84 29 70 98 86 74 19 100 74 4 21 88 77 100 88 39 100 
100 83 57 79 100 100 35 96 62 100 100 39 100 100 100 100 74 78 100 44 100 100 17 57 100 44 95 80 100 23 14 45 0 78 100 90 35 100 88 100 67 100 14 98 99 73 100 44 33 19 100 65 82 61 6 9 100 89 80 79 92 62 100 4 0 79 34 38 7 25 100 42 100 10 
87 78 2 89 44 97 39 45 31 67 63 55 96 24 65 88 100 82 36 44 40 42 44 22 41 68 100 42 60 95 41 64 19 100 100 45 83 63 100 65 100 85 100 53 84 18 18 100 28 52 83 27 6 12 100 20 90 96 100 45 13 33 16 25 100 25 13 22 100 100 36 44 14 
25 43 54 28 12 100 100 15 39 67 45 59 36 40 56 22 42 92 47 90 14 7 95 59 100 91 87 31 4 54 100 100 25 25 100 78 88 76 14 13 64 73 9 10 47 58 8 80 63 13 5 53 74 100 52 67 52 10 36 100 100 87 37 6 91 51 100 11 100 27 8 37 
22 61 25 55 0 34 46 100 63 100 68 57 61 22 72 56 100 70 12 85 80 11 19 86 2 77 12 100 100 74 100 100 100 87 33 48 48 81 20 3 100 40 99 95 100 5 76 44 13 42 100 100 39 22 100 89 78 23 19 72 92 94 100 1 100 11 43 100 25 55 80 
100 18 22 28 100 5 100 42 48 83 13 100 62 100 100 59 100 25 80 18 43 2 99 67 41 6 100 64 44 28 53 19 85 100 47 41 18 51 100 11 58 68 66 78 57 6 3 35 6 1 10 100 50 100 44 94 41 100 29 31 82 75 9 83 16 100 46 49 18 4 
78 83 100 57 100 23 33 32 67 15 31 73 19 36 27 98 36 25 100 48 93 94 48 9 16 86 100 11 39 59 30 42 37 64 4 85 13 87 7 62 57 10 100 16 58 100 76 97 100 25 10 36 100 51 24 100 9 85 25 62 73 30 6 37 98 30 91 11 42 
48 81 50 81 100 43 34 100 5 97 100 35 100 100 97 86 25 32 17 87 3 26 87 72 100 100 100 88 1 100 20 97 20 16 91 2 100 82 2 10 85 60 53 18 36 38 100 25 71 100 49 93 14 55 4 36 79 59 97 22 71 36 56 99 100 44 44 5 
42 100 22 100 62 6 14 97 33 15 100 100 100 89 56 86 41 97 100 14 46 100 91 27 99 78 71 10 19 22 5 48 100 89 56 93 89 64 2 86 87 55 100 41 100 85 49 32 21 53 22 11 81 89 27 46 81 100 29 70 0 19 69 9 35 79 34 
100 75 46 21 100 99 89 67 100 21 53 100 46 20 9 100 6 27 100 9 36 32 24 27 7 100 12 86 45 97 81 80 17 46 2 46 39 98 100 10 42 100 98 66 100 100 90 64 80 100 100 68 95 100 70 98 100 0 5 49 23 100 94 25 96 100 
90 29 54 98 96 9 35 41 44 99 100 100 11 20 48 99 30 46 100 64 25 9 26 100 52 7 35 53 12 100 100 100 27 40 72 100 79 100 8 27 35 100 60 100 61 82 26 100 59 94 100 30 87 89 100 90 100 31 55 100 61 1 17 70 90 
29 68 81 65 100 87 46 95 96 73 53 73 86 100 100 90 62 69 54 91 16 82 11 66 37 100 33 72 70 100 100 91 98 25 65 57 100 82 100 18 100 0 54 70 40 100 100 4 92 10 12 100 100 35 13 28 48 55 92 71 20 3 20 78 
90 100 100 37 92 76 34 59 20 12 100 71 100 100 19 44 85 65 100 100 90 92 100 28 72 60 63 8 100 73 80 80 100 57 61 29 89 58 67 82 45 45 0 45 66 46 33 88 8 100 59 18 70 36 100 85 100 10 34 12 100 100 57 
52 87 97 44 8 0 46 37 80 77 78 32 67 81 12 1 100 60 74 17 60 84 100 100 100 77 28 100 100 100 78 63 34 11 14 56 46 41 100 72 10 98 94 100 38 47 98 13 83 100 72 65 39 74 59 29 16 100 43 100 40 80 
100 74 56 32 53 61 49 45 61 100 22 100 100 100 63 100 100 53 84 47 15 27 19 20 32 53 82 27 53 69 86 38 63 88 100 100 69 80 15 100 100 100 100 56 6 100 61 20 43 100 82 19 50 80 7 74 89 100 61 100 74 
91 3 38 9 94 63 42 87 45 33 42 65 100 41 75 88 100 100 98 21 40 73 93 3 97 100 47 23 53 84 100 98 32 1 100 22 39 76 36 28 100 100 11 52 91 77 30 0 22 35 13 6 64 56 80 73 25 35 84 68 
75 43 82 30 100 32 100 100 16 32 95 100 43 81 18 74 13 10 89 43 100 0 22 24 100 62 91 33 90 38 61 31 73 93 23 55 45 63 92 33 100 98 84 35 4 87 46 100 37 53 62 85 18 24 81 62 100 47 36 
34 64 16 59 96 12 2 86 33 30 81 55 79 27 100 100 72 85 79 54 50 100 39 28 100 7 100 91 73 82 65 59 77 40 100 100 100 30 52 96 44 48 65 10 66 15 74 16 81 100 7 33 20 79 96 51 62 5 
70 100 100 36 100 68 62 77 8 94 32 100 87 100 100 3 25 58 72 73 22 11 41 100 47 100 100 12 21 42 27 100 37 52 100 13 100 100 74 52 0 30 55 44 64 72 83 94 28 12 96 100 100 31 100 59 32 
49 69 65 99 13 16 65 60 70 100 1 90 16 53 85 89 18 18 21 37 100 44 93 7 50 100 87 44 71 54 100 89 71 1 100 97 73 32 42 46 94 100 72 93 70 76 45 34 68 29 38 54 100 98 39 70 
63 56 44 100 100 100 100 100 47 69 60 66 18 45 87 26 20 49 100 94 8 57 70 37 100 57 6 28 0 35 11 27 88 93 89 87 27 20 100 32 39 100 86 1 100 60 80 23 19 1 96 11 26 59 11 
100 12 4 100 11 100 94 100 46 27 87 100 67 10 100 83 100 100 91 100 88 68 34 97 78 38 45 100 81 75 98 8 10 10 35 79 71 81 81 0 9 67 0 100 100 52 6 91 51 14 5 100 24 99 
64 82 61 28 47 47 53 100 60 100 75 39 45 100 72 29 63 75 88 89 79 21 59 79 20 48 66 46 89 54 64 71 65 9 68 40 21 60 85 100 100 50 57 4 14 100 9 96 100 80 95 43 100 
42 7 89 53 20 100 72 57 57 100 27 66 36 92 0 21 36 87 100 36 90 100 4 100 1 15 43 67 47 100 15 100 100 24 14 51 71 1 29 32 17 100 59 100 51 98 28 67 1 22 35 0 
100 6 71 100 79 75 100 70 89 100 74 84 35 82 72 100 75 93 1 100 100 4 70 100 100 79 32 85 5 100 11 64 33 100 86 36 27 65 19 100 33 5 5 78 33 91 54 65 38 100 31 
33 1 51 36 59 10 40 90 40 15 34 61 62 100 99 65 2 95 29 55 41 100 25 91 66 46 18 84 100 12 96 100 40 58 90 72 90 85 100 36 10 89 85 33 0 85 36 100 66 26 
7 37 15 38 27 62 10 80 100 43 10 93 56 69 100 100 9 61 28 16 34 17 5 14 100 9 12 55 15 91 100 29 82 3 89 50 34 100 100 95 71 72 33 59 69 73 33 26 85 
84 69 93 90 88 30 98 96 100 68 42 94 12 46 22 54 5 79 100 46 85 9 36 23 58 10 100 8 100 96 74 85 31 48 66 100 100 38 25 77 21 30 25 100 100 80 14 64 
100 100 92 86 21 32 29 42 100 36 93 0 100 7 21 70 13 92 64 39 3 66 100 77 100 56 100 47 100 14 100 100 87 3 68 80 13 100 100 55 3 57 100 66 87 65 23 
74 57 76 98 100 95 73 25 100 42 82 19 25 100 63 98 68 28 72 89 58 100 100 57 100 54 100 7 57 7 90 48 75 57 100 49 48 79 0 65 82 34 51 5 17 27 
45 40 14 26 87 51 100 100 14 33 52 33 57 42 59 11 42 100 48 13 87 58 96 98 77 5 100 27 9 100 40 100 50 42 100 53 5 100 10 30 58 0 23 26 43 
100 35 26 15 92 50 87 56 88 11 53 100 7 49 16 100 9 100 72 100 97 100 48 100 5 50 8 48 98 85 100 22 33 81 99 100 84 17 79 44 24 48 4 100 
87 28 26 72 2 100 4 76 26 68 51 100 0 99 100 100 4 18 19 12 92 45 75 52 89 67 100 23 19 73 100 50 100 1 83 16 43 44 50 100 100 40 68 
41 100 24 77 32 54 62 14 34 46 30 100 66 31 100 12 100 97 68 100 26 9 13 51 100 61 61 100 100 98 79 12 49 89 73 32 57 31 100 20 54 11 
26 54 57 35 2 63 100 22 25 54 100 76 49 100 67 22 100 40 55 96 73 19 17 100 87 25 87 92 91 10 62 100 2 10 6 16 44 17 12 100 1 
47 100 92 77 92 16 10 55 43 11 30 88 53 25 0 29 61 43 80 62 69 80 85 83 77 64 35 26 100 74 6 13 16 100 74 24 83 69 58 12 
71 13 11 25 74 98 61 60 95 25 37 3 48 55 73 23 23 76 70 100 100 3 84 84 0 19 68 5 9 100 100 89 17 100 13 21 100 37 10 
34 24 94 24 6 39 96 49 96 92 37 44 34 59 58 100 56 100 4 90 4 80 94 72 65 38 67 12 58 52 13 44 83 100 46 64 100 20 
56 10 4 6 100 46 100 98 100 100 27 100 29 79 88 95 100 95 100 64 71 1 86 91 97 100 98 79 21 59 56 24 99 17 100 28 41 
34 55 46 66 96 33 62 53 96 56 49 0 100 83 12 72 33 61 16 53 6 7 61 26 64 98 10 28 94 22 100 56 40 100 76 100 
51 36 22 42 71 73 55 100 100 98 100 91 17 81 57 68 89 65 72 100 92 65 72 6 73 5 100 27 100 45 2 23 83 52 56 
44 14 53 96 82 68 89 50 19 55 72 53 93 48 82 100 44 58 100 25 54 82 4 10 65 100 58 7 100 47 77 37 100 58 
100 100 100 9 52 69 62 40 77 89 74 95 22 47 100 51 100 84 22 28 49 67 100 76 61 83 100 57 13 86 100 51 19 
35 66 62 100 64 14 62 47 100 18 55 99 3 8 69 100 65 8 36 100 34 11 91 38 100 22 4 75 26 33 4 83 
78 14 3 100 100 49 88 58 72 38 34 42 85 43 100 81 26 100 79 3 100 8 100 100 10 61 69 94 100 100 78 
35 12 71 44 14 33 100 45 27 100 100 69 95 81 30 100 66 100 43 100 41 90 100 71 20 96 35 100 34 10 
33 95 57 71 32 100 86 57 81 100 100 89 69 79 44 22 84 30 35 89 14 100 50 58 73 91 46 40 100 
4 57 88 100 46 77 79 100 94 45 79 40 97 26 13 100 40 77 4 100 74 64 7 64 74 22 100 59 
55 98 56 100 91 12 15 42 100 100 48 49 91 6 24 47 39 57 62 95 0 57 19 51 80 34 77 
100 100 4 80 48 98 100 77 100 55 87 98 100 89 100 99 40 81 67 100 59 2 32 100 6 37 
34 1 82 100 66 100 100 100 69 100 100 22 100 89 2 90 100 78 100 17 100 13 60 100 100 
90 54 100 47 59 92 48 82 28 17 12 8 42 41 100 30 41 73 93 94 59 35 90 92 
86 25 45 52 35 100 100 98 64 16 53 74 68 38 55 61 29 61 66 48 60 95 48 
4 20 35 21 95 25 100 37 61 8 68 21 56 35 60 61 100 100 100 100 41 46 
90 100 100 88 100 11 53 66 70 87 53 4 33 59 35 77 80 54 100 99 100 
60 100 73 47 100 32 100 48 24 100 7 100 20 83 54 84 44 60 74 100 
95 25 31 59 77 82 58 46 90 22 50 5 92 92 54 46 59 100 45 
15 96 12 3 72 3 100 100 70 22 37 100 60 100 5 45 74 36 
22 42 63 100 14 38 94 100 14 46 79 57 5 49 100 85 100 
37 76 100 62 69 11 2 84 100 100 100 23 46 34 64 100 
86 63 79 88 29 82 32 100 80 54 100 36 76 58 100 
28 99 100 79 100 49 11 98 0 80 6 74 14 51 
36 45 19 96 100 100 93 100 87 53 100 63 45 
19 72 79 100 20 95 32 26 72 97 100 43 
100 82 67 47 31 19 46 100 19 24 100 
17 51 37 88 69 100 46 2 100 30 
44 46 12 13 48 13 13 65 34 
51 75 23 84 8 65 76 87 
100 3 67 100 64 92 1 
58 100 22 65 1 100 
100 74 2 35 14 
96 41 99 17 
18 20 1 
84 50 
45 

