30 30
28 14 30 28 14 17 28 9 24 30 8 3 1 3 30 10 30 30 30 17 30 28 5 10 14 30 10 30 30 
30 21 30 30 6 22 21 16 1 7 10 30 0 10 29 13 29 30 30 30 30 30 11 30 12 14 30 14 
11 30 2 30 30 10 26 30 4 14 21 16 14 18 21 30 30 30 30 3 14 30 30 2 20 30 30 
30 12 30 30 24 8 13 28 28 30 30 4 9 30 7 0 29 14 30 30 28 12 30 18 30 30 
26 0 20 30 30 1 30 30 30 30 23 4 16 30 11 19 7 30 30 25 30 30 30 30 26 
29 26 30 19 30 5 21 24 30 30 5 9 30 23 30 30 30 30 30 30 30 30 22 30 
12 30 10 30 1 30 0 30 30 30 30 30 30 5 26 21 15 30 30 30 20 13 2 
28 12 30 30 30 15 4 30 30 28 10 25 25 13 19 30 30 30 21 30 30 1 
14 30 30 30 30 30 25 5 30 30 18 30 21 18 17 4 28 24 21 30 19 
30 30 30 18 11 30 30 14 3 15 3 5 23 30 30 30 26 30 30 26 
30 9 6 14 23 28 30 14 30 7 30 1 26 30 30 30 19 24 25 
30 30 30 14 30 30 30 30 28 19 22 23 19 9 10 30 30 30 
24 30 30 30 4 21 8 30 21 30 29 30 25 30 30 0 30 
30 30 19 30 30 25 9 30 30 14 26 14 13 30 20 0 
18 30 30 5 2 30 30 15 27 16 30 19 30 30 30 
30 30 7 30 30 30 19 13 18 30 1 25 30 30 
0 30 1 1 30 19 19 30 30 30 30 9 30 
30 1 30 30 20 17 30 30 30 2 30 30 
10 22 18 14 9 30 11 5 30 19 1 
23 30 21 25 18 25 29 7 21 18 
30 30 11 30 30 30 1 6 30 
30 30 30 4 30 30 30 30 
20 30 30 30 30 30 30 
30 30 30 30 30 30 
30 30 30 30 30 
30 30 30 30 
30 30 30 
30 22 
30 

