30 30
12 30 30 23 30 16 5 30 8 1 30 5 6 15 2 7 30 30 5 30 17 30 30 30 30 18 30 6 1 
30 30 30 2 30 19 30 30 5 30 7 30 12 8 30 30 18 30 1 30 30 25 30 19 28 21 18 3 
19 12 20 4 30 30 30 30 1 30 30 30 30 5 30 30 29 5 30 5 30 26 30 26 30 25 30 
26 28 30 20 30 30 17 29 24 30 8 30 0 30 30 30 20 5 30 30 10 30 10 0 30 7 
30 3 30 30 13 30 18 14 25 6 30 14 30 30 2 30 30 0 30 28 30 30 26 7 30 
15 1 21 30 30 21 1 30 30 9 30 30 23 22 3 30 30 29 2 30 30 14 30 17 
30 23 13 30 27 30 30 30 27 1 30 7 30 26 22 14 16 30 30 0 28 30 30 
30 30 30 30 16 30 30 30 26 19 23 30 7 8 28 30 30 19 30 7 9 30 
30 30 30 18 5 30 30 30 0 3 21 30 20 22 7 30 30 30 30 30 30 
30 1 0 30 11 30 30 30 30 30 10 4 30 0 18 3 30 14 30 30 
30 26 17 16 23 19 12 29 13 30 15 30 22 4 30 20 7 30 17 
23 30 30 1 21 0 26 7 30 22 30 30 15 4 30 19 9 0 
27 3 30 30 6 30 30 30 3 7 1 30 25 30 6 3 30 
30 1 30 30 30 30 3 27 22 3 18 1 30 8 30 9 
13 12 30 30 30 17 30 26 30 30 21 29 30 30 30 
12 23 30 30 30 12 30 12 7 30 7 30 17 30 
30 26 30 10 30 30 30 17 5 30 30 30 24 
1 30 17 30 30 30 30 26 30 11 30 12 
30 10 6 5 30 29 30 30 30 17 30 
11 30 16 30 20 28 30 30 30 30 
30 30 30 0 11 16 5 28 30 
18 20 30 2 30 19 10 0 
30 30 14 10 30 21 30 
6 6 30 30 30 29 
30 0 30 30 30 
8 30 30 30 
30 30 10 
30 30 
25 

