30 30
27 30 3 2 27 18 30 14 27 28 27 1 30 30 16 16 19 13 21 6 30 5 14 11 26 5 28 5 9 
30 19 30 30 30 6 0 8 13 30 13 22 6 30 5 22 9 19 23 5 30 30 30 30 19 30 22 22 
5 6 27 7 30 20 13 22 27 7 9 21 13 29 30 0 30 5 0 2 10 21 24 30 9 14 30 
30 1 9 30 13 30 30 14 0 17 30 0 30 30 15 24 30 29 5 21 24 15 30 8 13 30 
18 18 7 2 16 15 0 7 14 30 23 13 30 30 11 30 29 15 30 18 30 16 1 12 30 
28 3 16 2 18 22 11 30 30 13 30 17 11 30 16 12 12 24 27 3 30 12 11 30 
8 20 0 5 8 30 13 1 30 5 0 20 20 18 8 1 30 25 26 30 10 11 6 
30 8 30 27 6 21 4 21 13 20 5 14 9 30 25 25 26 30 6 11 30 9 
23 30 8 20 30 9 6 18 30 30 30 10 22 0 0 23 12 11 10 14 15 
30 27 16 30 30 14 22 10 10 28 26 11 30 20 4 3 30 10 3 11 
30 28 22 30 30 8 14 2 0 30 9 30 30 27 20 21 16 19 30 
30 7 6 30 24 9 14 4 22 30 30 30 30 26 2 23 1 6 
29 2 30 30 30 30 30 30 30 30 30 30 30 30 30 30 30 
30 30 30 30 30 30 30 30 30 30 30 15 30 30 30 30 
30 30 30 30 30 30 30 30 30 30 30 30 30 30 30 
30 30 15 30 30 30 30 30 30 30 30 30 30 30 
30 30 30 30 30 30 30 30 30 30 30 30 30 
30 30 30 30 30 30 15 30 30 30 30 30 
30 30 30 30 30 30 30 30 30 30 30 
30 30 30 16 30 30 30 30 25 30 
30 30 30 30 30 30 30 30 4 
3 30 30 30 30 25 30 30 
30 30 30 30 30 30 30 
30 30 30 30 30 30 
30 30 30 30 30 
30 30 30 30 
2 30 30 
30 30 
30 

