20 20
19 19 0 15 17 6 2 20 15 19 10 2 3 4 4 10 14 2 12 
12 20 0 20 11 10 6 8 20 6 3 16 12 17 5 3 17 1 
4 1 20 20 10 19 5 6 20 8 6 19 19 16 6 17 12 
18 20 13 1 17 14 6 8 18 16 16 17 20 9 11 20 
4 16 14 1 9 11 20 18 3 20 20 5 20 1 15 
11 14 14 20 8 16 3 16 3 10 20 4 0 20 
13 2 2 14 1 20 20 3 10 16 9 20 20 
20 1 11 17 14 16 5 10 16 20 20 17 
20 17 9 20 9 10 20 8 5 12 12 
15 20 7 12 3 2 0 10 3 1 
16 17 20 15 4 7 1 9 11 
12 1 20 20 7 0 5 18 
17 13 20 9 7 10 10 
0 18 7 13 16 5 
20 18 8 14 20 
20 17 13 20 
19 11 20 
20 4 
9 