20 20
20 4 19 2 11 13 18 6 14 0 3 6 19 7 5 9 20 20 15 
8 4 20 9 20 12 19 18 6 10 10 7 17 20 7 18 20 3 
6 3 0 12 20 8 16 18 20 3 3 15 18 5 12 19 16 
20 19 18 17 0 14 8 20 3 13 13 13 12 17 11 5 
10 20 5 6 20 20 2 9 0 16 11 4 0 8 10 
0 15 6 16 1 11 20 4 16 18 2 7 20 20 
13 12 7 20 19 20 5 11 0 20 2 9 2 
20 16 8 7 20 18 14 17 14 19 0 20 
17 9 19 12 20 9 20 20 3 7 2 
13 20 20 16 3 7 20 12 11 12 
19 20 4 12 4 9 9 20 17 
12 1 12 20 11 20 18 20 
9 10 20 13 7 7 7 
6 14 16 6 20 9 
6 19 19 6 17 
20 17 20 4 
8 16 4 
0 2 
0 
