20 20
8 11 11 9 11 0 5 20 8 2 2 3 20 0 20 3 9 17 11 
7 0 17 16 1 17 19 9 10 20 16 6 10 20 7 14 20 13 
1 13 18 20 9 2 8 20 20 5 7 11 19 13 10 20 13 
15 14 2 0 17 17 18 7 19 1 14 14 16 10 14 16 
7 14 18 20 5 15 10 0 16 16 4 7 20 9 7 
12 0 17 14 15 20 16 18 20 7 6 4 20 16 
13 8 15 17 14 15 16 12 4 13 2 19 19 
20 17 8 8 1 2 16 0 18 8 18 14 
20 18 20 16 8 20 13 5 16 17 6 
20 2 16 20 20 20 11 15 7 20 
20 12 4 20 16 9 6 5 17 
20 0 4 20 14 15 20 15 
12 8 3 20 11 1 5 
20 20 8 17 11 12 
20 0 20 20 1 
3 20 14 20 
11 20 0 
13 15 
8 