20 20
14 20 9 13 12 17 0 0 0 15 6 4 1 14 3 18 13 14 5 
16 1 3 20 7 20 14 3 0 20 7 7 19 2 10 20 9 5 
12 0 5 14 9 5 5 13 1 15 10 1 20 11 15 10 3 
13 15 10 20 9 11 1 9 12 19 17 14 20 12 2 20 
8 20 5 20 4 0 14 20 20 3 20 20 8 3 10 
8 8 13 20 13 20 20 5 20 1 12 7 2 4 
4 3 17 7 20 20 10 19 16 2 11 20 17 
20 5 6 8 0 9 14 20 19 16 0 6 
16 8 1 20 18 0 17 3 15 9 20 
13 2 16 6 2 20 20 13 17 4 
16 11 0 14 20 18 14 11 8 
14 6 17 7 11 10 20 7 
14 20 13 9 20 0 20 
13 17 18 2 3 4 
12 9 20 20 8 
20 20 11 18 
13 10 16 
17 20 
5 