20 20
14 9 20 20 20 6 13 12 15 17 20 6 1 3 0 13 12 0 10 
18 18 20 8 9 20 8 6 12 5 7 13 1 1 2 0 0 5 
4 17 15 4 20 16 14 0 9 7 4 1 0 15 7 8 1 
20 7 7 17 14 8 7 18 20 20 20 2 12 3 20 15 
20 5 16 5 8 8 16 8 20 20 18 17 20 11 18 
10 14 19 12 15 9 6 7 1 6 3 11 14 2 
10 3 4 11 6 6 20 2 0 11 2 6 15 
16 8 20 16 19 18 20 20 16 20 8 3 
5 8 5 16 10 20 20 8 17 11 19 
4 11 13 11 6 20 16 20 3 10 
2 12 7 19 13 20 8 10 20 
20 1 16 4 12 20 5 20 
11 19 8 20 9 0 12 
7 14 3 20 20 7 
13 4 3 13 3 
3 20 20 20 
20 9 16 
20 14 
13 