100 125
62 7 123 2 125 125 114 67 10 57 63 113 101 24 30 123 122 78 65 113 125 59 66 125 32 62 29 89 56 125 82 9 125 125 125 113 40 111 56 108 125 74 125 33 46 125 85 114 125 111 14 93 39 33 39 125 28 90 54 123 125 118 53 100 44 116 118 47 110 58 2 46 125 34 12 3 42 125 125 100 125 76 40 52 123 123 30 118 83 113 40 109 36 125 37 105 8 96 52 
106 49 40 45 80 12 91 88 125 125 44 9 93 72 95 23 14 56 3 10 69 20 124 81 32 123 5 125 24 123 57 57 50 125 107 125 29 62 79 112 73 18 118 28 9 5 84 23 50 37 107 15 41 77 19 125 101 104 43 90 125 32 125 125 125 61 77 110 82 15 46 63 99 44 125 18 107 51 15 32 78 73 80 79 22 52 118 125 125 111 104 98 13 108 119 39 119 101 
90 101 56 61 15 106 65 102 36 113 48 119 54 12 33 92 125 102 76 75 67 125 45 27 82 30 28 125 87 80 84 34 8 13 67 67 25 103 97 36 52 48 49 56 28 17 82 55 77 30 85 125 43 125 70 85 83 66 104 49 70 72 22 30 40 125 74 23 63 63 36 118 125 11 112 67 45 125 89 102 40 67 125 125 120 35 111 105 63 125 125 3 38 48 125 3 111 
28 29 17 97 32 37 112 49 5 15 125 8 89 87 30 125 104 56 89 42 0 68 105 53 57 68 123 8 56 40 111 32 69 61 43 35 1 87 46 9 46 46 124 93 125 37 26 33 100 123 54 93 11 5 115 51 121 16 86 54 51 29 125 28 125 7 64 29 75 85 49 2 18 3 106 86 100 91 13 61 42 17 26 14 58 21 68 41 82 12 115 65 93 51 88 105 
66 19 36 7 77 97 25 85 118 20 125 50 10 78 9 76 26 16 32 107 111 10 70 79 103 75 94 65 34 85 19 125 125 18 1 46 13 120 29 125 70 27 56 35 51 55 124 0 10 125 125 68 125 17 99 5 69 125 38 5 31 58 28 7 125 125 80 121 89 125 59 116 90 101 125 116 85 125 2 50 92 48 125 44 49 17 14 69 67 125 32 101 56 59 35 
125 8 95 125 45 108 125 125 67 95 125 28 43 16 112 125 105 20 32 125 6 113 125 73 46 125 82 12 107 101 114 103 64 35 125 1 2 35 73 64 9 44 99 82 101 114 31 83 22 50 34 94 64 91 111 125 32 68 104 79 78 100 96 125 101 76 5 56 109 74 50 122 125 110 125 98 125 57 125 26 2 56 67 122 58 47 109 25 125 125 5 85 27 51 
32 125 114 100 13 76 2 25 66 51 105 110 99 43 55 2 117 113 34 5 82 123 125 95 59 40 118 89 116 21 116 1 105 55 21 121 48 0 14 121 125 125 20 82 120 62 125 5 2 41 91 106 125 7 125 125 100 38 5 98 125 44 43 122 32 125 124 72 124 120 9 125 125 19 55 125 118 55 84 24 38 74 19 62 91 16 37 97 125 76 69 27 92 
125 80 37 115 8 62 4 101 89 74 49 121 37 29 5 108 102 121 20 125 125 32 67 67 28 35 125 81 98 125 49 125 117 125 125 93 97 84 43 8 94 125 54 21 3 22 54 14 125 64 125 76 31 3 76 120 9 30 125 106 23 43 32 68 37 94 117 125 125 21 125 7 54 62 8 24 37 118 17 42 9 67 4 125 8 102 75 11 110 76 86 22 
4 28 51 64 65 11 48 81 125 20 31 17 125 17 113 94 89 99 125 88 125 117 87 29 108 37 19 125 89 96 37 81 124 67 125 60 125 63 19 125 36 125 73 4 73 79 66 10 67 24 81 123 85 105 121 58 56 27 75 11 61 125 125 79 125 125 23 108 84 22 104 39 22 107 11 25 43 125 116 21 125 30 58 78 14 108 24 97 89 5 5 
20 50 12 103 41 125 76 87 19 95 125 118 96 125 61 65 13 16 74 35 21 125 87 89 80 125 32 25 110 2 122 14 65 125 26 115 125 106 42 21 87 57 54 76 77 105 72 19 80 59 60 96 19 117 114 115 105 8 95 98 83 58 125 110 65 103 35 17 32 119 1 125 125 125 45 65 56 125 38 125 104 38 3 27 95 83 21 125 52 25 
122 58 9 0 120 0 125 86 69 86 107 56 86 72 88 80 107 50 110 105 78 125 101 105 115 95 16 115 125 120 64 111 91 84 72 0 104 27 107 125 50 110 8 70 125 67 122 108 121 89 10 117 3 125 87 95 82 125 111 90 100 51 125 59 68 19 125 125 55 118 119 83 116 125 105 28 32 58 39 121 86 24 93 124 1 125 112 21 79 
115 115 54 125 98 3 125 24 8 38 125 78 44 42 41 125 84 18 117 15 119 63 105 40 69 35 97 28 71 88 80 114 43 110 91 74 7 71 25 54 43 43 100 16 92 125 11 41 117 44 40 72 2 125 19 72 7 87 23 37 17 125 36 116 37 108 125 125 125 64 90 31 125 36 22 22 125 96 19 125 125 104 78 108 39 7 39 7 
11 59 40 105 28 73 31 59 125 74 67 125 33 95 118 49 30 37 6 54 33 48 116 125 0 20 96 45 125 13 93 75 82 64 7 125 103 125 112 122 125 55 70 92 114 120 58 125 29 125 14 46 72 67 120 125 45 81 125 67 69 11 63 18 35 23 62 125 125 125 76 101 123 72 125 29 115 2 64 125 38 13 125 42 10 27 76 
116 52 96 83 48 121 124 125 93 125 41 49 120 95 111 11 86 30 125 61 112 76 72 50 118 118 41 102 125 9 39 81 85 76 21 61 7 80 125 125 125 59 34 28 26 17 9 125 125 6 7 71 125 104 118 0 102 125 32 89 125 12 104 15 31 118 33 125 109 76 74 34 36 49 125 99 106 21 26 76 5 58 10 95 114 7 
125 85 125 91 50 3 109 125 3 117 58 62 115 14 47 61 121 2 75 92 109 67 36 44 92 44 125 57 125 109 119 104 93 0 125 106 11 110 125 94 51 71 83 107 17 50 59 101 125 92 96 14 58 21 72 121 117 107 37 125 56 40 25 125 64 46 59 119 125 49 125 90 16 27 58 121 64 31 29 55 28 56 6 125 125 
101 32 22 101 87 125 67 46 125 6 79 80 59 10 49 79 73 120 79 22 23 41 77 111 29 83 80 66 125 90 113 79 82 41 67 76 58 20 87 26 0 59 40 122 19 1 125 41 109 24 24 72 109 125 2 61 97 112 65 75 101 124 14 125 51 84 58 125 50 125 56 52 88 38 100 94 96 84 76 53 28 45 18 22 
125 125 52 95 91 125 61 45 125 125 5 125 125 49 43 16 125 125 82 86 24 4 59 31 123 19 88 97 18 63 77 79 82 6 42 125 125 125 125 110 50 125 64 3 26 62 83 4 116 61 76 125 84 105 125 85 66 10 125 121 118 125 63 29 5 107 10 27 67 124 35 37 124 106 27 58 125 33 36 88 73 4 9 
64 25 125 76 62 98 88 103 31 112 99 125 38 57 115 66 17 125 85 125 125 12 32 71 106 125 26 62 64 53 125 36 51 93 75 42 10 98 13 14 41 80 10 118 8 103 56 39 0 125 122 30 91 125 125 119 32 40 125 102 70 82 98 125 124 8 79 87 87 22 24 3 112 14 78 59 62 64 21 23 42 38 
125 31 24 39 47 31 125 85 101 125 116 29 102 125 3 67 125 35 85 62 71 62 125 0 107 2 105 34 72 91 125 11 55 104 125 104 47 125 76 125 125 119 26 13 16 108 73 38 75 104 57 92 125 3 28 27 20 125 72 46 31 63 58 6 125 74 116 104 92 117 74 17 89 89 111 125 125 125 123 71 81 
125 0 125 10 77 125 1 89 10 18 125 125 60 13 26 22 49 75 82 69 99 31 16 14 125 24 125 91 125 72 125 125 125 13 77 87 14 15 105 38 43 75 125 64 107 91 106 76 104 110 10 74 106 101 39 28 19 59 65 101 105 61 84 125 10 84 98 20 125 70 17 1 125 105 10 118 43 125 84 6 
125 125 12 39 42 86 108 39 17 125 58 125 116 63 42 41 23 66 97 121 66 73 88 15 121 2 109 63 70 94 0 13 4 7 125 24 125 13 59 53 9 125 69 11 90 21 117 125 111 44 77 125 118 52 113 84 125 8 123 82 6 56 125 5 125 125 21 3 6 25 116 35 65 98 87 107 119 64 91 
21 64 123 8 105 56 33 30 60 88 64 124 14 98 125 1 15 122 87 2 85 69 38 68 95 91 85 83 15 66 82 78 4 24 119 117 26 91 42 108 73 106 119 125 61 107 23 62 56 91 89 118 48 125 50 73 97 92 71 68 125 3 125 75 125 38 2 34 79 49 75 124 108 108 65 76 6 65 
12 125 70 125 47 125 65 48 125 125 17 14 5 101 125 81 10 125 115 25 119 33 80 125 125 55 113 51 7 63 66 87 20 125 69 99 10 32 123 125 115 75 1 125 21 66 94 123 18 125 10 106 120 61 108 125 39 2 125 125 36 62 125 104 4 79 74 125 13 52 37 95 36 67 64 22 8 
125 72 83 87 125 110 67 22 25 24 60 122 62 93 90 125 105 99 9 125 125 30 15 89 35 2 114 55 10 92 110 4 68 34 19 47 28 28 109 71 100 125 125 26 85 20 51 49 54 65 125 62 39 125 3 125 95 95 104 56 69 110 119 98 12 71 125 19 31 112 2 96 58 118 50 106 
23 61 66 125 47 72 80 5 87 99 50 63 125 125 16 98 26 125 4 52 87 56 50 125 103 51 123 64 96 92 111 93 95 102 125 125 35 103 18 7 102 35 97 34 76 22 103 125 113 30 125 125 51 122 78 19 69 12 89 43 36 90 24 121 112 36 64 31 51 107 78 63 63 125 119 
50 30 10 80 104 92 108 117 122 77 125 82 125 21 125 20 102 44 54 41 125 93 125 29 65 125 83 105 125 13 38 8 125 46 90 33 112 58 116 86 21 125 77 124 74 88 92 45 69 92 68 10 57 125 64 52 122 101 124 48 14 93 4 74 92 66 66 116 103 27 79 75 119 23 
1 111 49 63 62 116 125 36 101 100 125 125 0 114 28 93 111 100 46 27 9 97 36 93 125 93 54 125 11 31 73 53 53 20 89 12 62 36 118 125 74 51 13 35 52 42 125 69 0 90 42 6 125 1 76 68 95 89 45 73 102 50 84 36 44 35 5 55 125 50 48 68 53 
80 43 65 112 125 117 28 125 125 85 13 52 56 19 9 125 21 95 56 66 124 124 46 39 125 33 86 79 27 57 116 99 27 104 102 8 44 75 25 54 121 125 125 6 86 122 55 112 29 36 125 1 125 22 11 98 3 11 85 67 93 2 111 44 109 103 28 117 90 117 113 0 
46 117 63 37 108 5 62 26 9 91 52 10 8 56 101 125 8 66 11 60 4 102 77 93 125 55 95 109 47 90 75 43 94 18 20 72 56 22 86 125 113 2 119 125 52 53 55 107 3 98 6 71 105 11 77 22 125 100 25 125 98 59 54 44 85 116 112 57 125 125 23 
43 63 41 30 125 78 17 125 33 71 15 125 102 117 119 36 72 125 113 125 16 3 124 48 40 69 44 105 61 32 26 7 14 28 114 2 125 102 102 115 13 125 64 123 64 7 116 4 119 60 69 122 45 49 112 82 58 125 119 23 91 24 33 125 99 104 125 91 98 32 
5 3 43 55 125 25 85 98 67 80 95 43 89 14 108 86 102 125 120 57 82 71 50 125 11 96 96 98 97 21 69 53 19 47 125 125 125 101 125 64 57 125 125 125 77 61 22 125 83 69 100 37 115 42 3 40 15 49 125 125 4 125 125 125 77 109 125 87 31 
119 125 35 125 100 125 31 8 83 83 125 19 63 95 21 125 57 90 76 67 125 67 33 124 84 125 100 114 49 86 102 125 42 120 101 5 125 17 60 125 120 43 70 19 115 26 124 42 32 102 57 125 125 1 112 117 125 108 125 82 9 103 125 31 95 13 27 125 
125 106 79 125 49 11 79 99 3 125 99 125 125 125 114 125 125 116 125 25 101 62 20 92 11 125 97 11 123 35 109 102 16 125 125 125 125 3 26 15 69 125 92 69 92 125 121 125 31 57 58 76 78 73 92 125 33 13 28 8 30 125 125 125 46 125 35 
125 52 107 88 125 125 37 125 4 125 125 121 28 69 9 103 125 67 8 125 91 95 118 58 112 116 62 21 125 105 125 125 102 87 24 41 21 125 87 83 63 56 53 31 53 99 39 125 70 125 41 125 24 118 125 53 79 79 56 29 125 19 125 125 57 14 
125 49 28 60 125 125 86 125 17 66 32 114 66 116 108 29 72 104 83 23 41 31 83 125 125 36 2 125 21 8 120 125 110 119 48 77 38 125 20 23 29 118 125 125 125 107 94 17 5 72 83 125 96 60 125 55 43 60 57 46 12 125 90 61 125 
112 55 125 125 125 60 38 70 25 114 125 110 125 48 80 87 98 125 54 90 4 125 125 88 30 56 110 125 33 82 59 110 37 125 107 66 64 122 47 60 91 60 125 125 30 125 34 51 125 125 125 107 59 125 81 104 9 22 125 6 28 109 41 111 
104 58 41 11 22 21 125 111 121 121 99 125 46 85 58 89 102 15 119 125 96 78 88 73 68 119 76 76 77 72 20 29 19 23 38 112 25 87 63 75 26 121 67 27 125 52 33 35 64 2 125 125 36 2 110 120 44 20 19 125 62 95 91 
46 34 107 24 45 125 11 59 42 14 85 125 108 34 122 41 94 41 125 86 124 125 94 46 108 125 95 109 61 125 53 125 125 123 66 111 125 52 106 125 112 54 84 23 26 91 17 30 120 125 44 34 9 122 113 29 3 123 125 44 80 93 
125 107 75 68 50 14 125 125 76 125 48 125 103 59 24 61 124 62 30 19 125 125 6 125 18 29 97 96 109 125 65 48 125 67 125 50 89 114 125 64 112 112 122 125 95 37 54 125 125 19 87 41 106 57 26 99 113 120 125 76 86 
0 82 83 125 125 61 93 67 15 125 37 60 68 46 125 30 80 90 23 87 45 125 103 13 125 125 35 125 125 125 121 122 30 19 10 27 102 22 60 106 76 113 72 125 14 13 80 15 25 125 65 117 37 112 46 57 86 125 102 64 
87 125 21 81 124 118 116 91 79 15 86 94 125 125 115 125 34 6 125 59 17 87 125 29 66 15 92 31 46 50 125 22 31 80 85 125 102 59 26 95 4 125 17 4 76 79 71 0 7 125 42 1 117 113 56 123 53 45 76 
62 106 84 91 46 17 49 125 37 125 93 38 103 125 125 125 125 94 66 45 38 11 110 85 125 125 55 36 125 67 13 22 125 3 123 116 114 106 125 125 41 125 125 89 59 125 49 106 65 36 58 56 9 1 125 60 125 109 
1 49 66 117 120 73 60 30 125 125 28 125 125 7 88 125 22 63 125 44 7 14 125 99 24 84 66 47 112 125 30 125 125 125 39 97 24 45 48 113 110 56 125 5 125 83 7 70 125 59 98 125 125 125 40 125 21 
56 90 114 125 58 65 76 1 125 93 116 50 51 0 18 79 108 125 117 16 58 38 125 125 125 125 69 45 74 34 125 86 60 125 84 40 120 30 125 13 125 65 49 81 15 125 77 125 18 18 3 125 71 71 125 30 
125 125 106 125 54 109 125 105 112 41 44 125 47 58 86 125 125 11 93 125 16 64 14 101 125 96 125 83 122 125 20 15 21 125 16 28 59 108 86 75 62 82 103 37 116 30 106 115 35 29 94 124 77 59 88 
112 111 69 103 125 79 77 45 48 125 125 125 68 92 66 54 3 125 100 88 32 108 71 18 125 101 125 79 4 125 125 125 102 58 4 125 125 125 45 81 125 0 93 125 63 51 55 125 14 66 9 115 84 99 
125 125 125 5 88 114 112 125 19 125 39 66 125 8 125 125 61 103 125 101 125 125 101 108 36 76 80 125 9 24 90 1 33 65 79 78 19 72 66 120 64 84 50 125 74 112 84 87 89 121 115 83 83 
34 116 69 106 125 125 21 125 5 9 125 47 82 108 90 4 116 41 13 30 125 29 125 125 10 40 125 55 125 79 6 38 48 81 57 116 45 125 98 27 49 74 48 94 43 76 125 9 101 83 100 125 
5 125 81 105 33 110 125 18 92 38 23 125 125 6 73 71 0 62 45 125 108 19 86 120 120 42 28 125 56 119 125 91 125 125 125 32 125 77 104 91 46 8 84 105 107 63 75 125 77 112 24 
42 103 22 100 105 125 41 125 115 31 112 125 67 122 114 88 44 90 125 125 118 48 81 96 47 14 125 83 114 125 125 125 89 99 97 123 53 125 68 104 65 125 125 12 125 23 10 16 125 76 
103 62 26 101 125 33 96 101 58 0 23 36 97 125 96 125 125 67 38 77 125 113 30 63 42 13 29 125 117 52 73 125 76 14 49 59 55 44 101 104 14 125 89 8 37 29 83 125 41 
37 56 81 81 98 96 63 33 93 125 94 29 6 125 97 125 100 125 125 63 38 32 69 39 125 51 76 73 125 10 68 62 125 55 89 12 17 125 63 1 51 125 100 77 125 73 125 15 
109 12 125 82 35 119 61 34 104 91 120 107 27 125 96 96 9 15 23 29 115 114 25 125 125 122 88 12 8 125 1 97 75 67 71 15 119 125 125 45 27 58 63 51 125 64 19 
29 35 125 50 125 72 66 125 73 103 47 125 83 109 125 125 125 125 89 125 102 23 26 125 53 81 119 21 8 90 11 99 87 52 97 17 125 83 96 104 85 87 89 125 125 45 
57 125 18 10 3 98 11 87 43 87 125 125 20 110 125 96 125 125 76 21 105 26 101 58 125 125 38 90 86 28 100 70 125 22 16 125 1 50 23 93 125 125 97 31 81 
114 31 74 57 125 125 119 0 125 33 46 27 125 44 118 5 118 70 105 49 49 64 125 99 64 125 125 125 4 70 41 36 75 117 125 124 32 17 40 28 125 125 76 125 
86 125 125 125 125 125 125 125 125 116 89 12 112 19 125 123 80 40 82 125 104 113 62 125 74 115 58 37 75 116 109 7 70 121 44 106 125 98 125 88 8 71 63 
99 55 31 27 73 125 89 112 8 27 89 93 73 1 125 22 66 120 52 75 81 125 125 89 79 107 77 4 102 119 125 36 100 125 97 102 51 125 118 7 125 97 
125 27 125 125 89 2 30 94 92 73 51 40 120 72 15 76 99 24 125 96 59 125 75 91 71 20 125 125 60 78 45 89 125 125 8 125 68 96 87 125 119 
15 104 120 74 125 81 41 121 111 112 125 21 96 121 50 73 34 72 119 67 100 125 99 39 110 125 125 103 1 24 16 125 20 85 83 109 6 125 116 16 
125 39 40 54 7 58 16 80 125 56 112 104 63 35 125 33 112 54 71 125 107 54 49 30 125 125 117 44 125 16 125 73 88 125 125 95 15 125 125 
67 125 10 88 125 29 113 111 7 125 98 120 66 125 28 41 20 62 125 3 75 2 35 125 125 119 34 45 125 34 75 103 28 87 37 125 125 103 
49 53 47 125 79 125 63 125 61 124 125 120 71 125 1 56 105 116 119 114 15 125 33 97 54 125 125 45 0 81 78 125 125 98 53 33 86 
125 47 67 102 125 14 87 119 33 119 6 106 109 125 125 73 13 125 94 112 125 63 93 21 125 71 125 125 93 125 37 4 25 59 59 123 
125 26 5 46 67 125 30 125 92 39 24 125 12 125 105 28 108 85 96 95 49 45 116 69 77 103 82 85 90 81 33 75 104 59 107 
113 7 4 125 15 54 92 66 125 97 112 76 107 52 27 72 108 125 97 121 0 99 102 28 106 12 36 125 0 107 48 87 75 109 
60 56 77 40 52 125 125 19 61 125 125 125 19 48 125 117 125 40 37 68 125 109 46 28 125 36 94 37 48 125 77 125 57 
125 78 64 23 125 33 66 79 120 63 125 60 8 18 125 42 125 26 8 125 114 104 43 104 125 7 93 81 20 118 125 125 
95 60 125 112 97 125 125 8 30 111 12 125 65 120 31 68 125 125 60 44 18 125 95 101 125 79 125 125 29 27 33 
125 125 48 102 61 107 116 125 88 125 124 125 1 51 101 122 1 68 78 55 57 27 86 125 75 109 0 125 125 31 
86 9 17 66 22 26 108 125 125 37 125 102 74 21 108 12 72 56 32 125 125 69 60 125 81 125 52 37 99 
125 95 107 105 69 86 9 103 89 99 71 116 125 52 124 76 109 125 109 41 108 27 66 54 24 30 39 124 
4 125 125 125 79 26 10 40 25 68 45 125 125 84 125 125 2 109 125 125 122 105 125 28 66 22 116 
35 125 3 55 125 125 125 50 40 25 53 124 125 48 67 2 45 125 125 125 87 125 123 102 58 125 
3 125 41 120 87 53 90 12 67 96 125 61 94 125 36 77 98 125 53 42 125 125 77 125 102 
47 22 43 125 40 120 95 19 125 125 2 1 22 83 124 10 77 125 125 109 58 40 2 17 
125 75 81 77 40 88 87 37 125 97 103 14 125 125 125 125 29 125 125 60 11 125 125 
4 25 13 125 62 104 125 80 63 125 125 71 125 38 119 125 100 12 62 50 79 74 
24 85 88 125 115 9 125 38 1 120 54 68 11 125 125 125 96 66 117 53 125 
125 125 125 123 125 125 42 29 125 125 108 0 125 67 125 55 77 125 100 46 
125 125 64 125 124 21 125 49 2 91 38 54 83 121 125 107 72 125 98 
108 82 17 100 101 82 98 1 14 125 125 49 76 30 59 8 125 72 
52 123 122 73 68 119 59 29 121 112 8 26 125 113 91 125 47 
98 125 6 125 125 125 48 31 125 25 96 53 48 86 55 125 
125 125 27 28 113 22 125 55 3 27 5 125 125 89 9 
119 54 115 102 18 125 125 116 35 115 21 125 116 59 
125 125 104 10 70 84 125 88 40 34 95 36 80 
18 115 85 125 88 33 6 123 106 43 61 52 
27 24 41 61 105 119 44 102 7 21 60 
31 125 14 5 21 31 76 1 4 117 
12 122 102 92 89 57 109 22 122 
46 108 98 61 93 123 75 122 
66 26 81 125 125 64 125 
86 52 25 12 94 33 
125 12 125 125 81 
31 78 52 4 
80 104 20 
61 125 
49 

