100 125
125 21 33 125 80 54 81 107 4 57 82 113 120 13 5 59 72 125 31 125 74 124 125 24 58 107 77 17 88 28 98 70 122 119 67 63 125 84 80 44 65 43 31 49 31 96 59 13 65 23 31 35 16 62 49 125 4 125 60 2 112 21 38 27 59 97 125 25 99 60 116 17 107 7 111 125 78 123 117 113 125 107 87 20 83 18 110 0 52 28 58 60 79 1 92 99 69 54 39 
68 117 28 73 103 125 63 101 18 87 35 12 87 125 123 125 107 96 84 83 21 125 83 43 54 105 38 90 125 48 124 125 64 60 38 43 125 60 0 26 83 3 123 79 44 68 125 63 114 19 12 28 82 88 23 47 4 80 31 48 118 125 125 57 77 125 6 125 85 58 63 109 87 120 31 110 12 43 81 25 20 115 67 125 72 26 109 38 125 85 74 125 40 125 10 5 120 125 
39 125 74 97 59 38 119 58 104 82 5 105 67 123 89 104 79 11 24 121 31 88 109 82 125 87 4 20 31 120 18 0 0 7 64 20 112 19 89 125 97 115 10 101 120 13 12 121 125 15 125 87 86 70 66 42 63 36 9 92 2 7 125 35 94 113 5 3 9 4 125 13 7 80 1 89 59 104 62 125 77 105 45 91 52 84 37 114 49 39 66 125 67 31 43 43 62 
111 46 104 125 125 4 125 96 125 12 116 14 124 17 112 113 60 15 72 124 78 30 58 52 125 114 16 52 65 60 18 73 125 113 40 104 112 64 105 58 40 47 40 106 36 42 46 111 11 20 49 108 45 31 110 6 24 104 27 11 25 104 62 115 72 56 69 70 10 114 125 101 103 28 88 5 125 107 123 57 62 125 98 49 46 12 100 125 125 52 3 117 36 37 73 114 
67 14 114 115 117 57 26 24 42 18 49 103 115 40 9 98 56 93 125 72 76 2 125 75 107 104 46 72 53 125 16 111 47 99 46 73 19 85 86 99 73 49 23 16 124 78 124 94 23 96 125 44 24 65 82 115 71 119 84 106 125 12 93 104 112 31 20 125 25 69 53 64 112 13 60 86 41 86 79 116 48 95 53 97 78 125 49 62 124 39 64 82 122 125 93 
104 31 103 121 77 18 96 76 114 23 119 116 125 0 72 125 71 97 72 14 10 13 56 19 50 79 60 26 125 18 79 57 58 22 0 73 125 9 115 3 123 99 77 52 49 53 16 95 41 36 72 104 123 42 69 122 42 66 117 41 31 117 0 2 45 44 116 51 65 115 72 4 98 14 6 120 49 108 121 33 125 73 73 125 47 87 124 98 45 123 86 94 14 111 
125 110 95 24 58 67 32 39 100 32 119 113 31 110 91 29 24 125 68 57 114 125 125 47 78 94 22 98 125 125 63 26 43 14 81 47 87 52 113 57 14 125 41 125 125 118 103 43 64 107 108 21 125 26 109 125 106 122 68 77 18 125 32 103 88 74 27 123 7 123 117 125 32 77 125 17 104 82 125 107 4 83 30 125 69 125 6 8 125 57 119 26 81 
125 62 58 107 81 74 75 125 74 26 100 125 64 125 96 125 52 38 125 125 101 9 15 97 73 36 16 104 116 27 11 32 125 125 37 50 125 56 76 82 42 114 30 3 125 81 125 59 125 42 77 113 40 103 77 29 118 13 8 99 19 125 125 26 97 115 22 3 77 125 30 7 73 52 66 114 23 117 125 27 125 119 86 92 62 125 125 125 125 1 9 35 
62 55 114 35 37 29 106 1 125 1 125 125 107 2 87 95 43 7 12 75 40 18 110 87 19 72 85 125 24 125 103 37 125 90 125 8 30 111 125 77 69 91 89 1 18 23 27 45 37 86 7 38 93 87 1 31 9 96 125 6 125 41 120 107 116 95 125 89 125 71 17 114 125 125 125 21 51 90 125 100 48 3 125 125 125 90 45 2 101 14 125 
32 125 125 3 84 85 99 39 65 100 125 22 119 48 65 17 64 80 64 50 74 84 56 116 106 73 79 91 81 71 8 34 1 79 4 86 125 15 68 125 99 83 28 59 79 33 44 123 0 41 5 7 125 42 78 125 125 27 98 72 45 125 43 125 81 56 125 125 24 35 113 45 125 115 125 81 37 44 105 121 46 60 125 56 44 31 97 75 125 88 
14 105 52 53 2 22 29 9 74 108 38 114 50 68 125 43 48 72 20 108 23 71 22 120 80 98 74 115 54 125 125 125 39 125 3 125 36 36 118 125 125 125 125 84 11 105 15 80 98 56 24 5 24 125 125 111 6 44 111 115 88 16 10 109 106 64 8 125 36 107 68 49 125 1 104 79 106 68 8 36 80 69 113 40 96 77 113 53 125 
125 63 76 125 49 125 118 33 125 125 64 63 125 31 125 123 73 115 15 81 86 13 13 58 95 70 125 4 67 125 125 51 118 6 36 29 125 125 60 10 114 84 15 125 125 125 12 125 6 125 120 29 31 48 87 122 22 95 15 114 94 93 64 86 33 63 86 53 125 77 12 48 125 90 125 88 98 62 125 125 28 16 125 125 120 6 33 125 
95 125 16 88 33 125 103 104 125 35 17 34 62 125 41 125 38 65 58 52 52 125 47 125 124 99 110 19 100 121 70 41 82 125 97 2 29 79 125 81 9 74 53 44 125 98 61 78 3 47 125 16 50 99 42 125 125 97 125 56 125 113 115 125 93 49 125 125 23 125 30 47 34 58 125 81 120 93 76 86 56 125 125 52 125 89 26 
118 40 50 96 6 8 97 66 125 56 125 66 90 125 1 80 125 57 19 125 124 11 19 5 100 13 4 115 66 93 125 77 2 59 105 4 120 17 62 81 125 90 35 116 62 125 72 125 47 18 66 75 22 24 28 16 113 95 125 48 72 125 60 4 75 125 18 125 40 92 45 81 27 73 111 10 123 125 42 20 107 34 89 29 3 39 
111 61 98 125 22 29 40 121 82 26 98 39 119 5 125 96 65 125 95 98 47 125 69 49 104 125 61 119 55 88 78 97 123 103 125 67 125 29 125 125 0 125 104 1 33 37 93 117 108 16 89 80 31 86 71 49 76 61 125 92 28 19 125 37 23 13 49 37 125 5 22 86 7 125 0 117 125 64 125 49 43 123 103 64 125 
49 109 125 125 45 99 125 93 36 8 41 7 125 76 125 125 125 86 125 90 1 8 88 124 113 92 112 125 98 35 10 125 83 94 53 46 99 37 49 71 6 65 125 77 99 123 112 47 76 125 35 125 38 67 3 92 98 53 16 100 125 76 24 26 125 27 125 14 63 8 22 121 117 83 76 40 125 73 44 19 38 54 59 120 
36 92 67 9 91 26 29 125 64 102 81 63 21 125 125 34 24 125 125 79 125 105 86 35 119 125 112 34 116 125 45 35 93 36 42 59 35 107 80 3 121 10 125 125 106 125 125 125 45 117 23 125 9 89 75 125 125 90 31 81 125 125 39 14 125 60 90 45 66 111 125 52 34 71 125 90 45 5 118 125 103 81 125 
125 122 90 87 103 36 125 25 38 125 26 61 98 125 83 21 79 102 125 82 102 18 27 125 106 34 107 118 125 3 17 125 125 41 49 72 54 13 40 41 11 10 56 76 125 103 125 125 89 125 36 22 93 96 102 112 68 22 111 125 125 111 110 46 116 87 125 123 47 23 116 3 99 67 13 25 53 125 84 29 80 111 
95 52 102 125 87 98 125 125 27 26 109 125 55 125 104 125 89 87 107 1 48 13 122 125 40 10 27 115 55 6 12 50 94 98 125 35 6 69 125 125 82 104 115 60 41 19 43 67 104 37 59 25 33 55 25 54 124 93 125 125 90 125 82 105 87 30 125 21 125 61 125 125 40 7 40 65 125 52 110 125 33 
125 35 125 88 2 88 125 43 79 86 77 8 53 34 72 0 101 93 8 125 102 89 86 12 48 105 20 125 47 8 15 15 104 94 37 113 113 93 55 125 101 93 118 74 125 71 18 22 41 82 38 125 3 49 116 116 125 44 36 125 125 17 88 3 6 125 55 112 125 46 125 125 121 32 68 11 125 125 125 10 
35 78 125 2 125 125 64 53 57 73 46 125 49 125 125 79 21 12 71 25 93 125 125 125 25 81 108 62 80 42 61 125 2 115 95 18 57 110 107 42 50 70 75 76 125 80 25 113 125 98 28 75 66 57 118 125 8 17 99 98 125 125 125 40 21 114 101 41 43 82 84 6 83 49 125 14 75 4 81 
89 125 125 104 90 92 25 99 125 125 27 125 58 48 28 87 95 125 32 23 23 116 125 125 83 23 110 30 116 22 106 114 55 46 115 76 108 125 125 109 125 125 80 33 125 71 8 125 11 44 26 97 8 125 125 97 85 85 68 9 78 63 44 6 42 125 102 92 76 53 82 125 70 47 36 33 125 11 
10 124 25 19 125 16 89 91 116 125 86 109 100 23 25 81 119 51 29 81 106 61 93 101 125 112 41 7 99 29 40 12 86 109 24 116 79 74 40 47 117 84 120 96 107 38 20 49 125 109 125 66 65 36 35 125 46 104 51 100 91 120 111 121 95 64 88 125 43 125 64 8 111 25 125 49 125 
125 60 54 49 125 67 63 83 48 54 74 117 125 110 21 46 104 125 15 109 125 27 76 44 125 125 125 73 27 68 52 125 106 26 125 88 21 8 28 125 46 125 117 30 41 60 90 20 79 79 95 90 25 125 51 125 55 79 29 48 125 7 125 125 88 6 115 125 28 90 92 125 2 31 118 7 
119 62 17 125 125 103 75 44 125 125 125 2 125 125 125 3 124 33 68 15 11 125 125 41 58 78 82 10 1 18 95 58 80 122 57 58 41 119 125 115 92 103 95 74 84 87 120 84 125 68 105 71 73 13 8 81 98 54 80 59 125 104 30 74 125 37 23 122 19 118 84 125 125 59 24 
101 96 125 117 86 57 17 17 88 125 92 34 125 57 20 2 18 122 98 31 74 86 15 125 91 71 79 107 125 96 38 36 46 40 125 84 46 121 96 71 42 125 13 41 49 125 15 87 125 15 125 84 85 102 67 85 85 81 87 71 113 83 124 125 93 125 1 53 80 46 47 54 104 87 
55 28 125 49 90 104 96 120 69 17 125 0 125 125 16 100 59 125 20 46 125 97 111 109 123 54 125 3 101 67 60 33 14 98 108 5 22 102 120 9 45 84 125 125 82 125 125 125 25 119 108 42 80 26 7 125 71 25 125 2 114 94 15 95 66 112 125 59 125 42 125 58 118 
103 97 107 33 2 53 23 125 64 29 87 125 125 56 118 125 17 25 14 34 125 46 6 38 68 84 104 72 73 25 112 125 100 104 66 125 103 76 4 125 62 44 125 125 36 87 25 125 36 41 26 4 17 6 28 8 125 125 41 125 38 18 28 94 73 13 42 60 53 111 62 88 
63 125 18 100 65 115 109 51 97 21 74 45 42 43 37 25 5 38 89 122 14 22 38 57 10 64 53 115 48 123 125 2 62 5 10 68 125 70 37 125 81 64 86 7 67 102 50 50 125 63 125 13 105 125 98 39 90 114 44 115 113 125 125 21 26 28 71 84 125 70 125 
24 27 19 77 86 90 14 125 67 83 64 85 87 53 91 49 110 78 57 116 58 93 82 121 0 125 11 32 12 92 11 28 125 76 18 125 125 94 106 5 5 85 125 46 51 69 15 31 108 95 83 59 120 125 48 125 53 16 62 55 95 54 125 125 125 96 30 86 86 121 
125 16 125 55 50 35 19 27 82 11 28 74 125 10 83 125 71 82 87 12 40 20 89 45 28 121 125 1 125 94 8 54 111 125 112 108 57 67 1 98 76 123 119 17 123 125 47 13 32 19 45 68 44 5 11 123 93 107 125 56 125 77 48 122 108 47 64 98 66 
125 40 99 54 53 125 125 25 95 74 119 16 125 27 125 111 125 125 68 40 13 21 13 125 58 72 52 125 69 125 68 86 109 5 125 125 35 64 10 39 125 113 92 95 69 109 125 65 64 109 76 56 123 80 42 33 68 20 125 122 10 83 25 94 27 122 125 125 
124 84 78 47 125 25 125 90 38 4 107 109 23 77 83 125 11 125 94 31 125 114 123 125 2 125 100 30 48 100 21 63 107 125 58 96 125 89 50 121 125 6 96 83 1 86 125 125 125 117 10 64 27 79 125 125 101 84 21 106 125 123 95 125 98 115 61 
125 41 125 125 52 105 125 125 125 74 33 75 125 27 125 125 26 28 48 125 125 53 75 110 91 74 79 77 22 85 36 43 118 109 113 125 0 63 77 73 38 125 103 18 30 125 119 79 94 114 71 85 73 45 44 61 52 125 11 125 41 43 34 125 45 3 
79 125 49 98 53 125 64 125 125 125 52 40 59 26 39 91 7 60 117 28 89 90 18 113 71 116 27 56 51 45 31 54 51 120 125 15 51 67 11 109 57 125 46 48 23 125 31 125 35 125 100 98 120 100 72 38 122 125 68 27 28 7 124 125 4 
125 73 51 76 53 87 14 113 125 113 70 90 23 120 119 61 96 71 16 44 10 8 96 40 16 125 125 22 125 62 37 4 125 102 16 83 82 125 6 98 53 25 76 18 67 74 16 125 125 125 116 125 59 7 118 63 95 125 11 56 125 122 66 43 
59 17 116 124 48 125 87 125 125 96 114 1 48 57 125 15 27 49 125 83 125 78 16 73 54 112 78 52 125 79 121 4 73 81 121 108 125 75 103 30 6 27 27 65 82 83 112 7 75 70 14 13 15 48 125 125 51 30 125 105 14 30 56 
78 107 91 121 74 119 11 102 62 77 80 36 125 113 48 26 68 15 6 9 6 71 92 125 105 104 69 125 5 47 20 119 4 39 125 40 21 44 122 68 110 48 123 4 8 49 101 86 112 55 125 5 125 125 99 96 48 78 78 67 116 125 
48 78 125 13 125 16 80 15 65 37 43 15 6 59 74 85 31 109 87 125 33 125 96 76 32 63 125 66 125 101 51 125 125 61 49 74 9 115 103 125 4 125 101 36 125 125 91 80 7 18 81 125 123 125 8 74 125 25 10 125 46 
79 125 60 18 59 125 2 61 36 24 100 69 26 36 33 41 122 125 125 11 29 8 89 125 71 38 62 125 14 42 13 125 90 125 125 125 99 47 37 122 76 6 125 114 31 20 95 67 125 24 71 19 71 7 59 125 118 125 87 1 
3 119 38 125 63 49 110 6 34 125 109 61 62 111 19 125 109 68 125 73 7 31 83 119 55 42 64 125 125 125 39 32 117 44 75 108 26 70 125 125 125 112 117 1 29 76 10 121 117 20 27 6 0 5 55 86 16 34 125 
125 3 85 23 125 41 125 125 94 125 95 125 93 125 82 22 25 125 40 125 57 125 10 125 88 103 45 49 28 19 0 98 67 125 125 125 125 9 125 75 94 76 1 91 77 121 31 120 20 72 125 66 13 125 1 36 83 11 
27 44 69 78 80 20 4 99 28 74 25 35 125 108 125 58 28 14 44 125 125 125 59 125 125 99 69 63 125 123 116 124 84 35 110 59 125 67 101 125 71 125 4 15 125 26 125 79 93 115 25 125 125 125 102 125 125 
1 105 89 37 92 30 115 25 31 125 109 80 71 107 97 125 125 117 25 29 110 63 39 47 57 116 48 104 13 49 19 58 4 24 79 84 15 59 76 82 30 88 29 3 49 11 125 25 125 121 82 66 122 91 12 18 
12 113 8 125 50 125 125 15 3 58 20 82 117 53 32 106 125 125 123 125 125 86 125 125 89 60 66 96 12 65 125 125 78 6 125 123 40 125 111 125 125 41 52 98 20 97 125 107 125 125 21 125 125 125 62 
9 18 56 42 67 125 45 52 17 48 125 53 125 36 86 55 71 80 120 111 125 93 18 42 125 26 0 18 120 66 28 20 111 45 125 32 107 120 115 91 125 80 89 102 96 35 15 95 47 66 117 50 79 115 
18 90 36 81 2 125 125 37 51 85 89 125 20 21 94 39 118 97 112 17 125 69 10 36 86 7 96 34 93 125 89 46 29 83 125 78 125 125 89 55 125 17 86 125 2 84 116 125 125 15 88 43 116 
57 48 125 118 42 56 20 61 22 31 61 105 8 125 121 121 125 107 113 8 93 25 53 120 40 90 125 79 3 36 125 65 51 125 125 105 24 122 106 125 53 125 23 125 21 84 125 72 20 96 68 120 
64 25 125 125 20 32 78 109 62 125 124 70 22 77 125 42 21 115 114 7 125 45 122 79 94 21 20 11 11 36 0 115 85 89 94 90 57 42 5 61 72 40 125 41 9 90 95 125 27 27 70 
125 94 47 112 82 87 98 106 73 57 1 82 63 40 51 88 111 38 77 2 75 80 53 35 2 108 6 32 61 79 31 123 118 89 125 10 16 77 125 69 112 125 99 24 60 108 125 108 59 79 
125 125 125 116 125 28 120 125 125 63 39 125 118 39 34 59 125 4 122 114 62 114 89 91 73 125 125 118 44 125 125 110 108 85 37 116 95 53 64 114 121 100 66 74 2 125 89 125 82 
125 37 98 66 74 33 48 125 95 25 116 16 29 55 37 0 102 125 5 20 125 36 115 92 12 124 93 69 113 13 68 82 46 125 125 3 122 110 48 90 38 79 101 55 93 23 60 100 
16 18 65 20 52 22 89 108 8 72 86 57 117 67 88 125 36 42 125 22 81 23 14 106 125 53 125 122 77 35 28 10 125 102 39 124 125 52 99 66 117 83 125 6 112 125 7 
125 125 49 68 73 125 65 46 77 53 86 125 125 7 112 75 117 51 125 41 59 92 24 27 34 99 20 125 79 125 27 31 110 125 88 23 21 83 87 115 99 109 125 23 48 1 
125 26 117 57 70 81 125 20 88 14 25 107 51 29 23 125 125 16 17 31 15 114 41 37 2 66 44 0 125 23 125 94 8 125 39 125 71 56 121 121 15 125 83 49 0 
125 125 119 14 125 44 75 125 125 115 125 125 27 125 90 64 125 116 19 39 99 16 68 27 94 111 28 118 60 30 35 27 125 46 105 89 61 123 125 31 125 86 108 5 
125 32 38 28 124 32 46 66 6 8 64 77 121 37 1 59 50 45 12 125 125 4 4 41 125 123 52 107 28 125 43 117 29 117 125 119 125 125 125 20 87 125 45 
42 43 23 26 15 20 116 125 19 73 113 113 119 125 31 99 112 125 36 32 125 29 33 26 36 125 26 90 22 85 59 103 123 77 13 26 125 5 76 102 90 125 
19 125 123 9 66 29 86 125 70 120 38 125 115 97 74 98 67 33 14 5 125 117 120 36 37 22 57 116 34 108 93 70 102 109 125 125 40 95 125 125 59 
125 92 53 13 110 125 125 104 122 44 60 26 125 125 8 125 62 3 108 112 61 31 90 94 125 119 2 36 125 76 20 43 77 67 124 40 30 12 125 15 
3 120 125 117 125 46 32 80 21 118 18 20 41 31 125 125 54 67 32 1 125 48 125 6 77 101 49 56 125 125 15 125 91 53 125 7 90 38 125 
119 62 120 125 20 125 83 96 125 70 30 49 39 107 117 38 16 114 34 1 12 10 44 74 63 42 122 11 15 36 125 100 93 125 51 82 106 92 
125 125 124 113 125 26 114 6 12 81 31 120 125 33 13 57 0 125 47 38 86 75 56 125 125 87 125 18 97 118 95 125 111 92 125 96 96 
13 117 125 59 125 30 125 95 53 51 125 63 31 80 33 61 73 26 45 9 5 125 23 125 119 2 125 76 125 76 125 125 4 0 20 68 
81 125 95 29 81 50 125 61 84 96 122 63 117 30 125 125 60 40 125 114 51 125 64 13 125 125 70 57 102 49 43 118 37 1 14 
108 65 125 125 111 125 122 33 52 89 39 54 59 125 125 125 100 84 125 0 105 12 125 80 122 65 13 125 10 76 24 37 125 41 
27 121 74 77 86 79 71 70 125 31 75 6 125 15 125 9 125 107 47 111 7 95 120 105 15 125 58 62 62 34 125 41 42 
104 106 46 72 125 124 56 125 83 8 7 50 125 44 125 125 121 47 12 82 83 14 27 125 124 9 14 36 29 125 125 78 
58 13 125 96 109 125 117 72 115 125 3 102 125 96 73 67 49 25 29 125 107 13 85 82 62 125 43 125 89 125 110 
35 48 28 117 18 98 35 124 80 106 42 125 6 109 125 89 21 81 21 16 28 121 125 10 38 125 125 35 58 125 
124 24 125 90 44 92 125 27 69 68 67 40 110 125 125 124 14 91 40 64 85 102 24 125 116 62 125 125 82 
43 94 107 124 119 90 113 11 12 124 32 80 0 125 124 4 125 3 117 24 7 73 102 35 125 85 61 97 
125 89 125 125 93 83 59 104 87 105 125 69 125 69 95 97 125 43 120 25 125 40 98 125 18 93 125 
25 40 42 26 70 15 44 13 22 12 73 40 87 67 69 66 83 118 125 90 49 108 87 88 22 2 
111 16 15 104 50 44 125 78 84 36 125 95 69 54 102 28 72 69 22 2 59 107 125 125 4 
125 125 67 10 71 24 125 94 37 100 40 125 8 77 99 21 45 55 54 66 79 64 59 125 
91 57 72 125 71 46 28 26 125 125 125 110 125 113 125 99 125 30 31 48 125 34 81 
98 22 80 125 36 125 102 45 125 102 41 125 33 30 43 20 68 94 117 51 48 5 
9 125 118 112 102 73 41 103 125 96 85 35 125 96 70 118 50 74 110 30 125 
101 72 120 114 17 0 125 98 23 75 8 125 84 6 125 125 125 105 82 79 
91 109 105 50 125 125 63 29 125 54 78 125 55 18 57 44 125 20 32 
78 24 27 125 125 20 32 71 109 8 67 37 48 19 115 84 17 30 
125 77 125 59 13 81 48 120 53 125 125 22 98 47 52 1 80 
90 27 86 125 47 34 91 125 125 92 77 125 85 79 103 125 
88 33 18 125 125 58 125 95 114 13 55 30 58 50 98 
114 95 109 2 66 125 57 42 96 109 93 125 49 64 
125 101 26 52 53 125 61 46 117 26 41 125 67 
64 125 75 101 49 83 123 104 125 74 88 7 
125 4 97 125 69 82 10 110 30 125 8 
125 114 101 57 57 16 37 0 125 114 
53 105 77 72 20 93 125 97 125 
36 66 90 121 125 109 65 54 
125 37 51 125 125 38 84 
77 125 99 99 125 17 
125 71 119 42 12 
125 121 6 112 
49 120 125 
125 35 
109 

