50 50
50 50 50 50 50 50 50 50 22 15 37 50 50 50 50 50 50 50 50 50 50 50 50 50 50 50 50 25 27 43 42 50 50 50 30 50 50 50 50 40 48 41 50 50 50 50 50 50 46 
50 10 50 50 50 50 50 50 50 47 50 50 50 50 50 50 44 1 50 50 50 50 50 50 35 50 50 14 19 34 50 50 23 50 50 50 50 50 50 50 20 18 27 25 44 50 50 50 
50 13 50 50 50 50 50 50 10 50 50 50 50 50 50 39 27 50 50 41 50 50 50 50 50 50 50 14 50 50 15 39 50 50 48 50 50 50 50 50 50 50 50 29 50 50 50 
4 18 50 29 50 7 50 32 41 50 50 17 7 50 48 10 50 50 50 50 50 50 50 50 50 50 50 50 50 50 34 1 24 27 26 50 50 50 50 50 50 20 15 21 50 50 
50 12 50 50 50 50 50 50 50 50 50 50 50 50 50 50 50 7 32 50 50 50 50 50 50 49 50 50 0 24 50 7 50 50 50 5 47 46 50 50 24 50 50 25 50 
50 13 45 50 50 30 50 50 50 50 50 50 20 11 50 50 50 50 50 50 50 50 50 37 50 50 50 36 50 50 50 35 34 50 50 2 50 50 50 25 35 50 50 50 
50 37 50 50 50 50 2 50 50 14 50 50 50 49 26 50 50 21 50 12 50 50 45 50 26 50 12 17 12 50 50 39 37 50 50 50 50 50 50 50 7 31 50 
50 39 16 31 50 4 50 50 5 50 50 50 47 1 0 50 50 11 50 33 50 50 44 50 50 37 23 50 50 50 50 50 50 21 36 50 50 50 50 50 50 50 
5 50 50 10 50 4 50 2 50 50 50 50 50 44 50 50 50 50 50 50 50 3 50 50 50 50 35 50 50 50 19 50 50 50 21 12 50 50 50 50 50 
50 50 50 50 8 50 50 50 50 50 50 50 34 50 30 34 50 5 13 50 50 12 24 50 4 50 50 50 50 31 50 50 50 16 1 50 47 50 46 37 
43 5 50 16 17 27 50 50 50 50 50 50 19 49 50 50 50 50 50 50 50 50 50 50 50 50 50 50 50 50 16 50 50 50 50 10 0 50 50 
50 50 50 50 50 50 50 50 34 50 50 50 50 20 50 50 50 50 50 50 37 50 50 50 39 50 50 50 50 35 50 32 50 17 38 50 50 11 
50 50 50 40 49 50 50 36 50 50 14 50 26 50 39 50 50 50 50 5 32 43 50 40 50 39 50 50 50 50 50 50 41 50 50 50 2 
50 50 50 50 50 50 50 15 50 23 50 50 50 50 3 50 50 1 50 50 50 50 13 50 50 17 50 50 7 8 50 50 50 13 50 46 
50 50 50 50 50 18 50 50 50 20 50 50 38 50 50 45 50 31 32 50 49 40 50 50 50 26 50 50 50 50 50 50 50 17 50 
50 50 50 50 50 50 50 50 50 50 26 6 50 50 50 50 50 11 50 50 26 50 50 50 50 50 32 29 13 50 50 50 32 37 
50 50 10 7 50 44 50 50 5 50 48 0 50 50 50 31 50 50 50 50 50 50 27 50 50 49 50 50 50 6 50 50 50 
50 50 1 50 50 23 50 50 10 50 6 50 44 50 44 39 50 50 50 50 34 50 50 19 2 5 50 50 50 50 50 50 
50 50 21 50 50 50 50 50 50 50 50 50 50 50 26 50 50 50 30 50 50 50 50 34 50 11 50 50 22 21 50 
4 50 45 46 50 28 50 50 50 50 50 34 50 50 50 50 16 50 50 26 50 49 29 50 50 50 50 50 50 50 
50 50 50 50 50 50 50 50 50 50 50 50 50 50 50 50 50 50 50 50 50 50 50 50 50 50 50 50 50 
50 50 50 50 50 50 37 50 50 50 50 50 50 32 50 50 50 50 50 50 50 50 50 50 50 50 50 50 
50 50 50 50 50 36 50 50 50 50 50 50 50 50 50 50 50 50 50 50 50 50 50 50 50 50 50 
50 50 50 50 50 50 50 50 50 50 50 50 50 50 50 50 50 50 50 50 50 50 50 50 50 50 
50 50 50 50 50 50 50 50 50 50 50 50 18 50 50 50 50 50 50 50 50 50 50 50 50 
50 50 50 50 50 50 50 50 50 50 50 50 50 50 50 50 50 50 50 50 50 50 50 50 
50 50 50 50 50 50 50 50 50 50 50 50 50 50 50 50 50 50 50 50 50 50 50 
50 50 50 50 50 50 50 50 50 50 50 49 50 50 50 50 50 50 50 50 50 50 
50 50 50 50 50 50 50 50 50 50 50 50 50 50 50 50 50 50 50 50 50 
38 50 50 50 50 50 50 50 50 50 50 50 50 50 50 50 50 50 50 50 
30 50 50 50 50 50 50 50 50 50 50 50 50 50 50 50 50 50 50 
50 50 50 50 50 50 50 50 50 50 50 50 50 50 50 50 50 50 
50 50 50 50 50 50 50 50 50 50 50 47 50 50 50 50 50 
50 50 33 50 50 50 50 50 50 50 50 50 50 50 50 50 
50 50 50 50 50 50 50 50 50 50 50 31 50 50 50 
50 50 50 50 50 50 50 50 50 50 50 50 50 50 
50 50 50 50 50 50 50 50 50 50 50 50 50 
50 50 50 50 50 50 50 50 50 50 50 50 
50 50 50 50 50 50 4 50 50 50 50 
50 50 50 50 50 50 50 50 50 50 
50 50 50 32 50 50 50 50 50 
50 50 50 50 50 50 50 50 
50 50 50 50 50 50 50 
50 50 50 38 50 50 
50 50 50 50 50 
50 50 50 50 
50 50 50 
50 50 
50 

