20 20
12 20 19 17 20 20 20 20 15 20 14 20 17 16 6 8 12 20 4 
20 5 20 20 20 9 2 15 20 2 20 1 9 2 20 11 14 8 
13 8 20 8 20 20 12 20 0 0 20 20 7 4 17 14 6 
2 20 8 20 20 15 3 16 8 20 8 16 20 20 20 13 
11 18 16 3 13 20 20 13 0 20 20 20 9 14 11 
20 8 20 20 6 18 5 20 11 9 12 20 20 20 
20 19 9 20 20 16 20 20 14 7 8 20 20 
3 20 6 18 19 20 20 20 20 20 9 10 
14 20 12 16 20 9 20 13 16 20 19 
20 20 1 20 20 3 2 20 20 13 
20 0 20 20 20 16 19 1 18 
20 0 20 13 20 20 16 20 
20 20 15 17 20 20 20 
6 20 20 20 20 20 
20 20 20 20 20 
20 20 20 20 
20 20 12 
20 20 
2 