
7;8;1372.61;53633.8;52811;822.862;261.797;1000;1;0;6000;0;4088;0
7;8;1440.52;53652;52828.7;823.256;251.059;1000;1;0;6000;0;4088;1
7;8;1102.15;52551.5;51738.2;813.293;1981.21;1000;1;0;6000;0;4200;2
7;8;1645.4;51354.8;50535.2;819.598;19927.9;1000;1;0;6000;0;5156;3
7;7;422.288;50495.5;49684.8;810.695;422.288;1000;2;0;6000;0;3866;4
7;8;1500.15;53747.5;52928.4;819.132;1248.68;1000;1;0;6000;0;4005;5
7;8;1801.63;52970;52161.1;808.963;20162.2;1000;1;0;6000;0;3964;6
7;8;1344.98;52698.3;51927.3;770.958;1043.12;1000;1;0;6000;0;4050;7
7;8;1074.11;53494.2;52727.3;766.906;1267.63;1000;1;0;6000;0;3952;8
7;8;1338.03;50080.3;49401.4;678.903;2730.88;1000;1;0;6000;0;3414;9
7;7.9;1304.19;52467.8;51674.3;793.457;4929.68;1000;0;7;4929.68;11;0;60000;0;40783