
6;7;1379.11;36366.1;35808.1;558.072;334.653;1000;1;0;6000;0;4315;0
6;7;1383.05;36409.5;35853.4;556.102;335.078;1000;1;0;6000;0;4315;1
6;7;1419.21;38981.3;38407.8;573.528;914.447;1000;1;0;6000;0;3863;2
6;7;1367.8;37525.8;36963.7;562.145;320.456;1000;1;0;6000;0;4350;3
6;7;1595.79;38474.8;37907.2;567.53;40.142;1000;1;0;6000;0;4040;4
6;7;1399.5;39072.7;38503.6;569.031;341.153;1000;1;0;6000;0;4156;5
6;7;1614.09;37550.7;36991.2;559.542;164.618;1000;1;0;6000;0;3744;6
6;7;1512.33;36788.7;36230.4;558.33;75.407;1000;1;0;6000;0;4402;7
6;7;1469.86;39004.3;38432.6;571.647;889.742;1000;1;0;6000;0;3916;8
6;7;1357.29;38229.2;37662.1;567.14;32.464;1000;1;0;6000;0;4103;9
6;7;1449.8;37840.3;37276;564.307;344.816;1000;0;6;344.816;10;0;60000;0;41204