200 50
11 35 50 50 50 50 50 17 50 50 19 22 33 35 50 39 50 33 32 26 31 50 2 5 20 50 50 50 45 15 50 50 1 50 12 24 50 1 10 21 50 50 50 29 50 50 50 9 50 14 50 24 50 50 50 50 50 50 50 30 50 3 50 50 50 27 37 26 5 50 28 31 47 50 50 50 50 50 0 50 50 28 1 38 50 22 23 31 50 50 20 50 50 50 50 50 50 50 34 11 50 1 42 1 43 49 26 50 42 50 50 18 36 18 32 26 50 22 43 50 50 50 11 26 50 33 19 13 23 39 50 25 22 50 0 50 50 50 35 48 13 39 25 5 43 18 12 50 13 50 50 50 26 50 46 50 19 50 50 11 50 50 50 50 50 50 50 40 50 8 50 49 30 50 50 50 0 50 50 47 50 9 50 46 50 50 19 50 8 50 43 27 48 50 50 50 50 50 48 50
46 29 42 11 45 43 50 1 50 50 39 50 1 50 50 16 50 50 50 50 22 50 50 15 50 50 31 8 50 50 50 38 50 38 46 50 29 50 45 50 40 32 8 29 50 8 24 50 40 50 50 50 38 50 7 50 31 25 50 25 50 7 50 50 50 22 5 50 50 50 5 14 50 43 46 50 37 50 22 50 50 50 48 48 35 14 50 27 50 50 50 39 49 50 50 50 50 50 46 33 39 50 50 40 50 50 14 11 50 21 50 4 29 50 50 7 50 19 41 5 13 50 50 50 8 50 50 4 50 0 0 50 27 50 50 50 50 50 47 50 50 50 44 50 18 50 19 35 50 50 50 27 50 26 41 50 50 50 50 34 50 34 50 50 45 50 27 25 13 50 50 50 50 0 50 36 12 50 23 24 50 50 50 47 50 50 50 6 50 2 50 35 4 50 37 50 1 34 50
50 50 48 20 34 50 50 50 49 6 50 50 50 35 0 13 50 50 35 50 6 50 6 50 50 50 1 50 50 50 27 50 41 50 50 19 50 50 50 36 50 31 13 11 2 16 50 41 40 50 50 50 6 50 33 50 50 7 40 7 50 50 28 50 50 50 50 50 50 24 50 50 50 15 33 50 2 50 34 28 17 32 50 50 49 50 50 50 2 50 43 33 1 42 50 13 50 50 50 50 50 50 1 31 5 37 50 50 50 3 2 50 50 50 44 47 40 49 50 50 10 50 28 50 21 41 37 5 37 50 50 7 15 50 3 50 1 40 25 11 50 50 50 35 50 38 27 50 50 9 27 36 22 50 50 21 50 7 50 19 42 50 50 32 45 50 36 47 50 46 50 50 50 46 50 50 50 50 0 50 50 6 12 50 1 50 50 50 50 50 47 50 50 18 19 50 50 50
40 50 50 28 50 8 32 37 28 16 50 31 3 22 10 50 50 50 50 50 23 50 50 27 50 27 50 50 41 50 39 50 13 50 50 50 50 50 50 50 50 50 50 50 50 7 27 24 50 50 29 18 50 26 42 50 34 50 50 34 50 50 50 50 50 0 17 36 50 50 9 50 50 19 50 50 50 50 50 1 50 50 8 50 8 50 50 38 50 50 50 22 50 44 50 50 15 50 41 50 50 33 50 31 24 50 27 11 50 40 13 3 50 50 50 13 23 50 50 37 50 31 50 50 5 48 4 50 50 50 13 50 50 24 32 38 50 50 49 50 50 50 13 29 29 50 14 50 17 50 50 45 30 50 50 50 45 4 34 50 50 14 50 50 50 22 50 40 50 50 29 50 21 50 50 50 10 50 50 50 50 50 11 48 11 50 28 50 8 50 45 44 38 50 50 21 50
50 17 50 50 4 50 46 50 46 9 50 50 8 50 50 7 11 50 50 6 17 50 36 38 50 30 50 28 50 44 38 50 50 50 50 50 50 36 21 50 26 6 50 50 50 50 9 50 38 12 50 50 50 50 50 42 50 50 50 0 50 41 50 33 50 39 18 50 9 50 50 50 50 50 50 28 50 9 50 50 19 30 50 46 22 41 50 42 1 50 27 50 50 50 50 50 50 50 5 50 50 23 50 50 50 19 21 0 20 50 50 50 47 50 50 26 36 50 24 34 33 8 18 50 50 50 50 23 50 50 50 50 19 5 50 50 50 50 13 50 50 33 37 50 31 50 50 41 16 29 50 50 50 50 3 50 12 50 50 50 18 50 6 50 50 50 50 50 50 41 50 5 50 50 38 50 22 10 20 50 50 32 50 50 50 50 50 23 50 26 50 50 27 41 5 50
50 50 48 50 50 35 50 50 50 50 50 9 27 50 50 46 7 49 50 50 16 29 50 50 50 50 23 50 12 0 50 50 23 37 50 25 7 50 19 11 36 8 5 50 32 26 50 35 7 50 35 50 21 37 50 0 50 46 50 50 50 50 50 50 50 45 50 16 34 50 50 1 50 50 19 50 50 11 50 50 50 40 3 50 50 40 50 50 50 21 31 50 10 8 50 50 50 50 11 16 34 50 47 50 16 50 50 50 50 7 50 41 50 37 50 12 50 50 50 16 28 32 50 40 50 50 50 28 50 50 44 6 0 50 22 50 50 50 50 5 50 33 43 20 25 42 27 50 42 50 50 50 50 49 22 50 50 50 47 50 17 50 43 8 50 50 50 50 50 50 15 24 40 50 50 50 50 24 26 41 50 50 8 50 50 50 50 27 50 50 50 50 9 50 50
50 50 50 50 50 48 50 50 50 50 48 43 50 50 32 50 50 50 6 50 4 49 50 16 50 34 8 6 50 50 16 50 12 0 50 50 12 50 47 5 38 32 50 18 50 50 50 50 50 50 48 50 44 50 50 13 10 50 50 1 50 50 5 13 50 50 50 6 50 5 50 50 50 50 50 50 50 15 50 37 18 22 50 36 50 50 50 6 50 29 50 42 50 50 27 50 3 11 39 50 50 3 50 50 50 50 50 50 42 50 9 50 50 16 50 35 50 50 3 49 50 31 50 50 13 50 50 50 10 50 50 41 47 50 50 2 19 50 7 21 6 50 19 24 12 17 31 10 50 32 50 50 50 1 27 50 23 50 50 5 1 27 24 18 44 1 50 25 26 29 50 12 50 45 50 50 50 50 17 20 38 50 3 15 7 50 50 50 22 50 20 50 50 50
15 50 50 50 50 44 50 50 12 2 38 50 50 50 50 50 50 21 50 28 50 26 35 50 50 50 50 31 49 50 50 50 50 35 50 43 40 50 22 50 20 50 50 50 44 50 50 50 50 16 50 30 50 50 15 50 2 50 21 50 36 43 50 46 49 50 3 2 50 50 30 50 42 50 50 48 50 50 36 50 50 50 50 3 9 50 19 50 35 50 50 3 30 50 41 50 50 48 50 50 50 50 4 50 50 20 50 50 50 50 50 36 50 50 50 50 33 49 14 50 50 50 49 30 50 50 50 50 32 50 50 50 12 50 50 50 37 12 50 50 26 50 50 50 42 32 50 50 50 14 50 50 50 50 50 15 50 50 33 50 50 50 12 21 27 50 50 50 50 50 19 18 50 21 50 9 50 50 50 50 18 50 50 47 9 50 5 0 50 50 50 19 50
41 50 50 25 37 50 36 31 50 50 50 13 50 50 44 50 50 20 50 50 2 50 50 4 50 8 50 50 44 46 50 50 50 18 50 37 4 50 50 50 50 7 48 21 1 0 50 50 42 50 50 50 50 40 50 50 8 50 50 50 50 6 50 50 50 45 50 50 50 50 30 50 50 50 50 20 50 14 50 50 50 50 50 50 50 0 35 24 50 14 29 39 50 50 50 48 10 47 50 50 50 50 50 50 50 36 50 27 50 18 50 42 5 50 50 50 30 50 50 50 18 50 30 50 24 50 50 6 50 48 50 50 14 25 50 29 42 50 49 50 50 50 50 0 2 26 50 13 50 50 25 50 33 8 50 50 50 50 0 50 25 23 50 0 50 50 50 50 44 50 50 50 1 13 28 13 50 50 50 50 50 4 50 50 50 28 21 13 25 50 50 50
50 43 9 50 50 29 50 50 36 38 32 50 50 50 50 26 9 30 50 50 50 15 39 50 44 50 35 28 50 28 50 50 50 50 32 35 50 50 39 50 38 50 26 50 50 22 50 25 50 48 50 0 26 50 50 16 50 9 50 50 38 50 5 46 22 50 50 50 50 50 50 50 50 40 10 50 28 44 50 49 33 50 50 2 50 48 50 45 50 50 50 50 15 18 50 46 50 50 50 50 1 50 46 38 50 49 50 11 50 13 50 35 50 12 39 50 20 50 50 37 28 50 50 50 2 9 50 13 10 28 12 11 32 13 50 50 14 31 29 50 11 50 27 5 19 50 36 50 24 44 44 1 27 50 50 8 50 19 48 50 27 50 19 50 50 50 50 17 50 32 50 50 50 50 50 44 50 32 50 50 50 50 50 50 50 44 50 50 33 4 50
50 37 21 50 35 50 50 19 50 14 49 6 1 50 50 50 50 5 50 50 4 50 6 15 50 36 50 50 50 44 50 12 50 50 50 50 50 50 50 50 43 50 50 50 13 42 50 50 50 33 28 50 50 50 50 33 50 50 44 23 1 50 50 50 50 30 50 33 4 36 38 50 5 50 38 50 45 50 6 50 50 50 50 50 50 2 50 44 50 22 11 50 50 50 50 50 50 34 50 50 49 50 41 50 50 50 50 31 50 31 50 25 50 35 31 13 50 41 50 50 50 50 49 12 9 50 50 41 44 26 42 42 50 50 48 10 17 50 44 24 50 50 36 50 37 50 50 50 50 50 20 9 44 50 40 32 14 19 45 50 50 2 15 50 11 50 50 12 41 50 18 50 50 50 50 50 1 19 50 50 50 50 50 50 29 50 50 50 0 50
50 43 50 50 42 50 50 50 7 50 39 50 50 50 36 41 22 50 1 50 50 50 22 5 47 42 50 50 23 40 39 10 1 10 50 50 50 50 21 50 28 50 8 8 50 50 24 50 49 50 44 8 50 29 50 50 50 28 50 50 50 50 50 50 50 50 50 50 50 50 50 39 48 50 50 50 50 50 50 1 50 50 11 50 31 50 50 50 40 50 24 50 23 50 47 42 50 29 8 26 25 44 50 50 50 26 0 50 50 50 50 2 50 2 5 14 50 23 50 32 50 42 35 50 50 45 50 50 50 50 50 50 50 7 48 50 20 3 50 50 46 50 4 19 50 50 26 49 50 28 50 37 10 50 50 50 26 36 50 49 3 31 50 39 50 50 50 50 46 1 22 50 0 50 50 50 50 50 11 50 50 24 0 7 50 50 50 50 50
50 50 50 50 50 50 19 50 50 50 8 38 7 50 50 50 50 50 11 33 50 28 13 5 50 40 49 50 50 49 50 39 50 50 50 50 31 34 48 20 50 30 50 15 16 39 50 14 5 8 50 50 1 50 27 47 0 34 36 26 50 9 50 50 50 50 10 50 7 9 1 50 48 14 50 50 50 50 0 50 7 36 50 50 50 50 42 50 50 37 26 50 50 50 50 0 12 50 50 7 50 49 50 33 46 23 50 4 7 32 29 50 6 34 18 43 50 50 50 50 50 50 31 50 50 50 50 50 50 50 50 12 50 26 50 50 22 8 50 50 29 29 32 12 29 50 10 50 43 50 50 50 50 50 24 50 6 50 5 44 6 50 8 50 50 50 50 50 45 19 50 50 12 11 41 50 50 38 50 17 50 50 39 50 50 50 50 50
50 50 50 50 50 50 50 50 50 50 16 22 50 50 50 50 50 36 50 50 50 50 23 50 44 20 1 50 3 9 24 2 7 50 9 50 3 39 50 16 50 50 50 36 50 50 50 48 7 50 50 4 16 50 50 17 50 19 50 32 50 2 50 50 50 50 50 21 50 50 50 40 50 50 16 50 50 50 45 50 28 50 50 50 0 50 38 17 18 50 50 50 50 39 34 50 50 29 12 3 28 50 50 50 50 50 50 33 50 42 50 5 50 9 6 50 50 50 50 47 50 49 50 50 50 50 50 49 10 50 33 15 15 50 50 38 7 11 50 50 25 7 50 48 50 50 50 50 47 15 50 41 24 50 50 50 17 47 42 26 50 31 18 48 50 1 40 18 38 50 50 21 50 50 23 50 31 50 21 50 50 41 50 45 29 50 50
50 42 50 50 50 38 9 50 19 33 15 42 6 50 3 3 50 50 50 23 50 50 1 35 50 50 50 50 50 10 50 50 50 50 50 50 32 50 50 50 43 50 50 50 41 24 14 50 50 50 27 48 21 11 41 50 50 50 50 50 50 5 4 16 50 50 50 50 50 41 50 38 50 50 50 40 50 16 50 48 50 50 50 18 6 50 50 43 50 3 50 50 50 50 50 33 0 24 50 2 5 50 50 44 50 40 6 50 19 50 6 6 50 50 50 38 50 50 31 50 6 30 50 29 50 50 50 46 16 27 50 1 3 38 32 50 8 50 50 50 50 50 39 50 50 33 43 50 50 41 24 14 14 50 14 10 50 10 31 50 50 50 50 50 22 36 50 48 50 5 50 7 50 50 50 35 35 48 50 50 50 8 15 50 6 50
50 43 35 50 50 50 34 1 42 50 50 50 30 50 50 50 50 12 28 50 50 19 50 0 38 50 2 50 17 24 50 24 50 50 12 50 7 27 50 50 50 50 13 12 47 4 16 35 50 50 50 25 50 50 50 50 50 4 26 50 19 50 4 50 50 50 50 42 21 50 28 8 15 50 50 50 50 50 14 50 50 50 50 37 50 38 50 24 50 11 50 7 50 0 50 47 50 5 50 50 50 8 46 31 50 50 50 50 26 50 46 30 49 49 50 50 39 50 31 23 50 38 5 50 50 50 33 13 50 50 50 28 33 50 50 50 50 4 50 50 26 50 50 50 50 36 4 50 19 50 12 12 50 50 50 50 50 50 50 20 50 41 49 50 50 2 50 50 39 0 13 50 50 50 50 50 5 6 50 50 50 28 26 50 50
26 44 50 20 50 38 50 50 50 14 50 50 50 13 50 7 7 6 50 50 48 18 27 50 50 42 50 50 49 50 35 8 50 50 50 50 50 35 50 50 50 50 49 50 50 9 21 33 50 4 50 50 50 50 50 50 50 50 3 34 50 50 50 50 50 17 11 50 50 43 3 50 41 30 37 43 50 17 4 50 34 50 21 50 49 50 50 50 50 50 50 0 50 50 32 50 35 50 50 50 5 50 49 15 41 14 42 50 50 50 16 50 50 50 50 50 49 50 50 20 50 50 49 50 44 49 32 50 50 50 50 50 50 46 24 0 50 1 50 50 14 50 15 50 17 50 30 50 50 50 50 41 50 16 50 34 50 25 21 50 34 50 43 2 18 45 5 27 50 3 50 22 50 33 47 1 27 10 25 35 50 50 50 50
50 50 50 50 36 46 6 50 2 50 50 50 50 50 50 8 50 50 24 50 50 50 50 50 50 50 50 50 14 50 5 8 50 45 3 50 21 26 9 15 50 50 1 50 15 50 50 50 50 50 23 27 12 7 50 50 50 1 15 50 50 50 50 15 50 50 50 50 22 50 50 50 39 39 50 50 50 14 47 50 50 24 7 50 50 50 50 29 39 5 31 31 15 50 50 10 50 50 45 44 50 33 50 50 50 26 23 50 50 37 50 36 50 9 50 12 50 50 50 18 13 5 50 2 16 50 50 25 46 50 50 21 50 50 50 13 16 50 50 50 50 50 50 23 50 50 50 47 26 50 50 50 50 50 50 50 50 50 50 50 32 46 50 42 7 35 50 50 3 50 50 3 50 50 50 33 20 15 50 50 50 17 50
36 50 12 17 41 36 39 50 50 4 50 4 11 38 50 0 50 35 50 50 0 50 50 50 6 10 34 24 50 50 50 5 49 50 50 50 50 4 50 50 50 50 50 50 50 0 50 50 41 3 29 13 50 50 50 50 11 50 50 33 50 24 5 14 28 50 50 50 50 50 50 50 50 36 16 50 50 50 50 50 33 35 12 50 50 19 27 50 50 21 50 25 34 24 50 50 28 21 50 50 49 11 50 13 50 50 50 49 6 38 50 50 18 50 3 43 50 38 50 50 50 50 50 50 50 27 50 20 34 50 33 50 50 50 50 50 14 50 39 50 39 50 46 24 11 50 3 50 8 50 32 50 3 50 50 50 18 50 41 50 50 50 4 50 50 50 10 50 50 50 50 50 50 50 17 50 31 3 50 13 48 50
4 50 3 50 50 14 9 50 50 50 50 50 6 50 42 19 50 0 37 50 50 50 50 16 50 41 35 50 50 50 0 50 50 20 50 18 0 23 10 50 31 10 44 50 45 9 50 50 30 27 50 50 50 48 39 50 12 35 10 45 50 50 43 50 47 30 50 50 50 3 50 30 50 24 50 50 50 50 4 5 14 48 34 50 46 50 25 41 50 50 50 50 50 50 50 24 50 40 50 12 50 50 50 16 46 50 50 3 50 3 50 6 50 25 47 23 50 4 12 50 50 50 8 40 50 10 15 50 50 32 50 14 50 50 50 38 40 50 50 48 50 9 45 50 50 27 26 18 19 42 29 50 44 34 50 45 0 50 50 50 50 50 26 50 24 50 33 5 50 15 4 30 50 50 38 50 34 50 50 50 50
43 50 41 22 50 45 22 50 50 50 39 50 29 50 50 9 38 50 16 48 50 50 26 50 9 50 26 3 50 33 50 0 50 50 48 33 50 50 13 50 4 50 50 50 50 50 50 50 50 5 50 11 16 50 50 46 38 50 50 50 50 38 4 27 49 50 27 50 50 50 38 50 50 50 50 2 45 50 25 33 1 50 42 50 47 50 50 50 50 50 40 50 50 10 2 50 0 50 0 50 50 50 14 50 50 47 50 50 50 28 50 50 50 50 9 8 50 24 29 50 50 50 50 50 50 50 50 50 50 50 25 16 45 50 50 50 48 50 24 38 50 13 27 50 50 50 50 17 50 50 9 24 50 34 50 18 14 50 50 50 50 50 50 50 23 43 50 50 50 50 26 50 50 50 50 50 5 50 16 50
50 50 40 50 50 7 50 43 5 47 50 50 36 42 4 26 1 50 50 50 50 50 50 8 22 50 50 50 36 50 25 8 50 12 50 50 47 13 50 50 50 14 50 50 50 26 10 3 12 50 50 50 50 50 50 50 50 50 27 43 50 19 50 20 33 1 50 24 25 50 11 50 12 50 50 50 23 28 50 50 50 34 28 50 50 50 50 25 50 50 50 19 46 50 41 50 34 50 50 48 15 13 50 17 50 50 50 2 50 8 32 50 9 50 44 50 10 50 50 50 42 13 50 39 50 8 50 50 50 50 28 31 49 50 50 37 50 50 37 13 32 44 27 50 25 8 28 50 50 50 50 33 50 27 50 11 50 30 42 31 50 50 33 50 50 50 50 49 50 12 50 49 20 13 50 50 50 50 50
50 50 50 8 39 19 37 50 15 25 50 6 50 50 23 50 50 37 48 50 20 50 50 29 47 37 2 50 50 50 3 50 50 14 50 3 50 50 50 50 50 14 50 50 50 46 50 50 50 28 46 19 50 50 47 20 50 50 48 50 50 9 16 50 50 28 9 15 50 50 6 12 50 6 50 50 50 50 50 48 10 50 41 5 50 46 40 10 50 12 22 30 30 25 50 43 50 26 50 50 50 28 31 9 50 50 50 50 50 50 44 38 50 50 50 11 50 50 50 32 28 50 50 50 1 17 3 32 50 50 7 2 50 43 50 50 0 35 50 50 50 50 50 5 3 50 50 50 50 50 50 50 50 50 50 9 50 50 23 50 20 50 38 50 4 17 20 50 33 50 50 50 50 49 2 50 46 50
50 50 50 50 50 50 50 38 22 50 50 12 50 20 5 50 50 24 12 28 29 50 16 50 12 50 18 50 0 0 27 50 50 44 37 50 50 50 50 24 50 50 37 50 50 50 27 16 49 50 50 50 50 2 45 6 50 50 49 50 19 50 7 50 50 50 50 4 42 5 35 50 47 31 38 50 50 50 20 50 50 50 50 15 19 50 50 50 50 50 50 50 16 50 38 5 14 50 50 34 50 50 50 50 50 50 50 25 50 50 50 50 50 50 29 30 50 50 28 37 31 50 50 50 20 50 50 50 41 50 50 41 50 36 50 50 7 50 6 13 50 1 50 50 50 2 50 50 50 50 42 50 50 39 50 50 7 50 50 50 50 28 5 32 12 30 50 7 50 50 31 50 50 50 50 50 50
50 21 42 34 10 44 10 12 19 50 50 20 50 50 37 50 50 39 50 50 50 19 18 50 12 41 49 50 1 47 50 50 4 50 50 41 50 50 50 50 50 50 50 50 46 5 50 50 50 41 50 36 50 50 50 5 39 50 50 47 50 50 31 0 50 23 50 23 22 50 1 2 13 12 24 50 50 50 25 47 50 50 50 50 50 50 0 12 50 50 50 50 28 31 12 50 50 50 50 38 50 3 1 50 30 28 50 50 18 1 50 11 12 50 50 25 50 19 50 45 50 45 50 50 50 50 50 49 50 50 19 50 50 42 50 50 50 50 50 50 39 50 50 37 50 50 50 50 50 42 6 50 50 5 50 50 15 50 50 13 50 32 50 50 50 47 30 8 50 11 50 50 45 15 50 50
50 50 50 27 50 50 50 50 50 50 30 18 18 9 50 22 50 50 50 50 50 50 50 50 26 50 50 50 50 50 50 50 50 50 50 50 50 50 50 50 33 50 50 50 50 13 20 50 50 19 50 50 25 50 18 50 50 50 41 10 50 23 50 50 50 50 50 33 50 50 50 50 47 50 9 44 50 50 50 50 50 30 49 41 11 50 50 37 16 50 50 17 4 44 50 50 50 11 50 11 13 32 50 50 50 50 3 4 5 50 43 50 10 48 25 50 46 50 42 30 8 50 40 50 50 50 49 50 3 3 40 22 50 50 50 31 50 50 36 16 50 11 50 0 22 50 46 29 23 50 42 38 19 50 50 9 50 36 25 50 50 37 23 50 50 0 48 12 2 50 13 50 50 50 50
50 50 50 50 50 50 50 32 50 50 21 4 50 50 43 20 42 50 50 26 46 50 50 50 50 44 21 18 50 50 50 50 50 32 50 50 33 50 39 50 24 50 50 50 50 50 50 50 12 50 50 50 50 13 50 16 2 50 6 20 32 36 13 50 47 48 37 43 46 13 34 33 50 50 50 50 50 0 50 50 50 30 7 45 2 50 35 50 50 44 50 41 50 29 21 50 50 50 42 43 50 14 50 50 50 50 28 11 25 18 35 50 20 6 13 50 50 3 50 20 50 50 22 50 8 34 8 50 50 46 19 50 50 36 50 50 50 50 8 41 35 50 50 50 17 50 23 2 31 0 50 50 46 50 50 50 7 50 50 50 50 50 50 50 50 50 19 47 45 50 48 47 40 50
50 50 50 50 50 20 9 50 50 50 14 50 50 50 1 39 50 50 50 37 18 2 50 50 27 50 50 50 50 44 44 47 50 2 48 1 50 50 15 50 50 7 50 50 50 50 22 50 22 50 50 50 50 23 24 50 50 50 50 14 13 20 50 50 50 50 22 35 42 34 50 15 50 31 49 29 50 50 50 50 50 21 50 50 43 16 50 20 50 50 8 50 50 50 50 50 27 50 50 26 45 8 45 50 50 50 4 28 50 50 50 7 50 24 33 30 50 47 50 24 50 48 3 50 50 50 44 50 50 46 50 50 20 50 50 49 50 17 50 50 50 43 8 50 5 40 50 50 43 25 50 50 15 50 38 39 50 50 16 50 50 50 1 50 50 50 20 50 2 50 50 12 50
50 22 50 50 50 50 50 42 50 50 37 41 50 50 38 48 21 10 37 36 50 50 20 50 50 50 42 40 9 18 50 21 50 47 34 50 50 47 30 50 29 50 34 50 42 47 1 33 50 37 4 50 50 50 31 50 8 50 33 16 50 50 50 13 50 36 47 13 50 15 9 50 34 50 50 50 50 50 37 30 13 50 50 29 50 10 50 38 30 38 50 32 32 50 50 50 50 50 50 44 32 50 4 50 50 34 47 23 50 50 50 50 39 44 13 50 18 30 50 9 49 50 50 20 50 40 50 50 31 26 50 50 40 2 45 50 50 16 50 11 5 12 6 50 46 50 34 24 16 46 50 50 15 50 18 11 50 46 46 18 10 39 50 50 50 50 50 42 50 50 14 50
50 45 50 50 10 46 50 19 50 50 40 50 17 50 32 42 5 50 50 5 25 50 35 20 48 10 50 48 9 38 50 50 17 5 5 50 50 44 15 50 50 50 50 50 50 24 50 50 50 49 50 11 50 0 50 12 50 50 50 50 50 50 50 19 50 50 20 50 36 26 43 38 50 50 50 50 31 50 28 1 50 50 47 50 50 44 50 50 50 50 50 50 45 50 34 50 27 50 50 50 50 20 0 50 50 50 50 50 23 35 50 50 50 50 39 50 4 50 32 50 10 50 50 50 43 32 48 50 50 10 50 8 50 50 50 50 50 5 50 50 50 50 50 50 50 50 25 50 50 50 14 45 21 50 50 50 36 27 50 23 50 36 20 28 19 50 50 26 12 5 50
50 16 46 31 50 49 47 5 50 35 18 50 43 50 18 50 20 50 50 50 9 50 50 50 50 3 50 50 15 30 50 50 50 50 50 50 48 48 50 50 36 29 50 50 50 50 8 50 50 25 50 50 50 36 50 29 50 49 50 50 50 34 50 50 50 50 13 50 8 40 36 25 50 50 8 50 50 22 50 50 50 14 11 50 50 50 24 47 41 43 1 0 50 50 2 50 19 50 50 19 50 37 50 44 24 2 6 39 50 48 50 50 50 50 40 50 50 50 11 31 50 50 50 50 30 41 35 50 50 50 24 50 50 50 22 26 32 50 10 50 3 33 49 4 50 50 50 50 50 50 50 50 50 19 50 14 50 50 31 50 50 50 50 50 45 36 50 42 50 50
50 28 14 50 50 19 34 14 50 50 50 50 50 50 50 50 27 50 50 24 50 50 50 50 50 50 50 11 50 50 50 50 50 0 50 50 33 46 25 50 50 3 50 50 50 50 48 50 50 50 44 50 50 50 38 50 50 44 14 50 41 50 50 50 50 50 50 50 50 50 50 50 18 50 30 50 50 43 14 26 50 50 50 50 27 46 50 23 50 22 40 50 40 1 50 22 36 24 22 24 27 50 50 50 50 50 20 50 26 1 50 50 27 6 50 50 50 3 50 2 9 50 50 50 50 37 50 50 10 50 44 25 50 1 36 50 50 33 25 50 50 50 50 26 50 50 50 5 50 50 5 42 50 50 36 24 15 16 26 50 50 50 24 43 50 50 43 50 50
39 34 13 50 1 50 50 50 25 50 50 50 2 50 5 5 50 29 35 27 50 50 14 9 50 50 50 20 50 50 2 50 50 50 50 50 46 47 6 23 50 40 50 50 50 50 50 14 19 50 50 47 50 50 15 50 50 18 50 50 50 10 50 50 26 50 50 50 21 50 50 28 50 2 50 29 42 44 50 40 25 50 13 50 12 50 50 50 38 42 50 40 50 20 50 50 5 50 50 39 50 50 50 4 47 13 50 7 50 50 50 50 42 50 16 50 27 50 50 10 50 50 7 50 50 32 50 50 44 50 34 50 50 30 50 29 50 5 50 50 19 50 42 39 19 50 50 50 35 50 7 50 1 50 34 14 24 50 50 50 50 50 50 50 20 50 50 50
29 50 50 21 50 50 5 20 50 50 50 50 50 50 50 49 13 1 50 50 50 50 50 19 50 21 50 50 50 43 50 43 50 24 50 50 50 17 50 16 37 50 30 50 47 50 50 13 13 50 28 1 46 50 50 26 43 1 50 50 12 43 50 13 44 50 40 48 50 50 7 46 3 50 50 34 4 50 50 50 19 49 49 50 9 50 50 9 50 50 17 50 15 50 50 20 50 48 37 50 50 50 50 45 33 50 20 14 50 50 50 3 8 50 50 23 50 50 31 14 50 50 50 50 50 15 0 50 50 50 50 37 50 9 50 27 38 42 50 50 5 50 50 30 2 50 50 16 29 50 50 50 50 50 43 37 50 8 50 50 9 48 26 50 50 50 50
50 50 50 3 19 49 50 50 9 50 50 50 39 50 50 50 50 50 36 16 50 33 50 29 50 27 50 50 38 50 50 50 50 11 50 50 50 50 50 24 8 50 24 50 50 20 50 50 49 50 18 50 41 36 50 50 50 24 50 50 50 50 50 50 10 50 36 24 14 50 20 32 50 50 20 50 37 5 50 26 50 14 49 18 14 50 50 50 50 7 50 14 50 29 50 1 41 50 0 50 7 50 50 14 50 20 50 50 50 50 50 29 16 31 50 13 50 6 46 45 40 6 27 50 50 50 50 50 2 43 50 50 4 32 13 50 50 7 17 50 50 50 29 50 45 7 50 48 50 50 50 50 19 49 50 50 22 50 50 33 50 42 50 4 50 50
50 40 50 4 35 50 50 3 50 31 50 35 44 2 50 45 10 50 50 41 50 50 36 50 23 23 18 14 50 50 50 50 23 50 50 40 36 50 50 50 10 37 26 50 24 50 25 20 50 50 50 10 18 28 50 50 50 50 50 50 50 50 50 35 41 40 50 50 50 15 50 50 14 50 50 8 50 50 37 50 50 3 50 11 50 50 50 50 50 50 32 50 50 34 50 12 50 50 50 50 50 16 50 28 50 19 50 50 33 50 6 43 44 7 50 32 50 37 50 8 50 50 46 35 32 50 50 50 18 50 50 50 14 32 50 14 7 50 50 50 50 50 50 50 50 46 50 50 30 16 50 34 50 50 38 28 9 50 18 15 50 50 20 50 50
50 43 50 26 50 37 50 50 50 50 50 50 50 17 50 50 50 50 1 50 35 50 50 30 23 25 50 24 43 36 50 28 5 50 15 20 50 45 4 50 40 41 50 10 50 1 14 31 50 50 50 50 31 40 50 50 50 2 50 45 50 50 4 36 50 24 15 18 31 26 50 17 50 50 50 50 50 50 50 23 50 36 9 50 11 23 50 50 50 20 26 34 11 24 50 1 50 25 26 50 50 50 41 25 50 50 24 50 50 7 50 50 50 50 35 24 50 50 50 50 32 13 50 50 17 50 50 10 34 50 45 44 50 42 30 50 43 50 50 50 50 43 25 50 19 50 28 50 50 50 50 12 43 50 50 50 50 17 50 50 23 50 40 50
11 46 50 50 24 50 50 28 50 50 50 27 50 50 50 50 50 25 24 50 50 32 13 45 50 35 27 50 50 50 50 0 14 50 25 27 50 26 50 31 50 28 50 41 50 50 16 50 1 50 50 7 50 50 12 35 50 50 50 20 12 50 50 5 34 20 4 39 50 6 20 50 50 22 42 50 21 50 50 50 50 50 0 50 30 50 50 47 50 32 0 50 20 9 50 27 50 47 18 37 25 41 50 11 24 50 50 1 50 50 14 34 26 50 50 25 6 50 50 50 44 50 50 50 14 47 29 17 43 5 50 50 50 50 50 10 42 50 15 16 50 50 50 50 7 50 22 50 10 50 49 50 18 50 22 50 50 44 30 50 50 12 50
50 50 29 35 50 50 50 20 22 50 50 50 27 17 50 28 50 50 50 50 2 14 39 50 50 13 50 50 50 24 26 50 50 44 50 47 33 45 50 50 50 50 6 50 50 39 50 50 20 50 4 50 50 46 49 50 22 3 44 22 42 10 22 50 27 50 50 47 50 4 18 8 50 50 50 8 13 50 50 1 27 26 50 50 50 2 27 50 50 50 50 38 18 50 50 33 9 50 20 31 9 20 32 50 50 50 40 50 50 50 8 50 15 3 47 50 4 37 16 50 2 35 17 50 46 42 50 48 6 50 30 29 50 50 44 50 13 32 14 50 27 47 50 13 35 50 8 50 50 44 50 9 50 50 50 50 50 3 44 50 50 50
15 50 9 50 33 50 50 50 39 34 50 50 50 14 50 50 48 26 4 34 50 46 50 42 46 20 30 7 2 32 50 50 50 50 50 50 50 50 41 50 50 14 29 50 50 4 50 50 8 17 50 41 8 50 50 4 50 50 9 24 50 7 50 43 50 50 50 50 50 50 2 32 36 50 50 50 3 33 50 40 50 50 50 0 50 24 50 50 35 50 41 50 50 50 23 7 50 41 28 50 6 11 30 50 50 50 18 7 18 50 24 3 50 17 9 50 46 50 39 45 50 50 50 0 50 50 50 41 50 17 50 33 47 50 12 31 50 35 50 40 0 50 50 28 13 50 50 50 17 23 50 35 50 50 39 50 50 50 50 50 50
50 49 50 3 50 50 5 50 50 50 7 50 14 50 27 42 23 2 46 3 29 50 50 6 46 46 50 50 36 32 50 17 50 50 8 50 50 15 50 50 50 29 50 50 18 50 50 50 50 50 50 50 18 11 33 50 50 28 5 50 23 50 50 50 50 0 50 18 50 21 50 48 47 23 50 50 50 17 50 50 50 15 21 43 28 17 50 50 44 50 50 50 9 6 41 8 50 50 50 50 50 50 29 9 50 13 50 50 38 41 32 48 50 40 12 18 50 22 50 50 50 50 38 44 50 50 50 31 50 1 28 36 26 50 50 50 0 50 47 50 50 32 50 50 38 22 50 10 50 50 50 50 50 42 35 50 6 11 50 50
39 50 50 5 50 50 50 19 50 50 50 50 39 15 50 50 50 50 18 50 50 50 0 25 42 50 10 50 50 50 50 50 50 50 22 14 50 50 41 50 50 41 50 50 50 50 50 50 45 50 50 50 50 39 1 50 50 50 33 50 21 39 50 10 24 50 32 50 6 50 41 50 50 50 6 50 50 50 50 50 43 50 29 19 6 13 50 42 28 22 3 50 0 50 47 50 20 50 14 50 18 50 23 26 50 14 50 50 50 8 4 22 50 16 50 50 15 29 50 38 50 50 50 22 43 50 50 50 50 50 3 50 50 50 43 50 50 50 29 50 18 50 2 50 50 24 50 50 47 50 50 50 50 33 50 50 4 50 50
50 50 9 50 50 38 21 37 50 15 29 50 4 39 50 24 33 50 45 7 42 50 43 50 50 11 2 35 50 50 50 27 8 40 50 50 50 50 2 50 50 50 27 50 50 38 50 48 2 50 50 44 50 50 39 11 50 21 5 50 50 50 50 50 50 37 50 50 50 2 27 45 36 50 50 50 50 20 9 48 50 50 29 50 50 50 50 6 50 3 50 50 50 12 40 50 41 50 50 7 50 47 38 50 50 50 14 2 50 43 5 50 19 50 34 50 50 45 31 50 50 50 50 0 25 50 50 41 50 48 22 50 10 11 50 50 50 50 30 5 50 50 50 5 50 18 21 50 11 44 20 50 24 50 50 50 13 50
50 50 50 50 11 16 16 26 34 20 50 47 50 50 50 32 50 13 50 30 15 50 50 34 50 7 31 50 9 50 32 50 50 50 50 18 50 50 16 11 50 38 36 39 38 50 24 15 11 50 50 50 50 50 50 26 0 18 7 50 50 46 50 7 3 50 35 18 50 44 50 45 50 50 50 19 14 34 50 37 50 36 50 26 50 16 50 50 45 8 50 50 50 50 5 49 50 50 1 50 3 16 50 46 50 50 50 43 24 50 46 37 50 50 48 50 27 50 50 50 50 50 1 50 18 40 50 50 50 50 44 50 50 50 50 50 50 35 29 28 0 9 25 50 50 50 50 40 34 50 16 50 43 50 50 2 50
7 30 39 10 7 50 48 12 30 42 31 43 22 50 50 38 3 50 50 49 48 50 18 47 50 12 50 28 34 18 31 1 50 36 50 50 23 50 47 50 50 46 50 50 12 4 50 16 30 50 50 50 6 50 50 35 50 34 50 50 29 36 50 50 50 19 39 50 50 34 30 31 50 50 50 50 50 50 43 50 50 50 22 43 22 44 38 50 32 34 26 14 50 50 15 50 50 50 50 50 50 50 50 50 21 50 50 50 50 50 50 50 50 18 50 50 19 50 50 50 37 50 50 47 36 44 28 50 50 50 50 26 4 45 50 50 50 1 50 50 35 19 42 50 18 31 50 50 50 50 50 50 50 44 50 50
5 23 50 50 50 50 50 50 45 50 21 50 22 6 50 45 50 50 50 25 50 31 50 29 18 50 39 50 50 50 28 50 50 30 15 46 35 50 5 24 30 26 49 27 46 46 50 50 50 50 50 32 50 50 29 50 50 10 48 34 50 17 32 50 7 30 50 50 50 50 50 50 50 46 50 50 47 31 46 50 21 50 36 1 50 31 24 50 50 48 36 50 11 50 50 42 50 50 28 37 50 50 32 50 50 22 4 50 15 50 50 12 50 44 46 50 40 50 50 40 47 47 35 50 41 50 14 50 50 50 3 50 50 50 3 50 50 50 40 50 50 24 50 50 0 50 26 41 36 36 50 25 50 50 50
50 4 25 9 21 50 4 11 3 50 50 50 37 49 50 50 50 50 50 15 26 50 32 1 50 50 24 48 27 48 50 50 50 50 50 50 33 50 50 50 50 50 44 50 50 34 0 50 50 18 50 50 50 47 50 50 50 36 23 50 50 50 50 50 50 50 50 50 50 50 31 50 43 50 17 50 50 25 29 47 50 50 50 40 43 50 18 40 50 50 50 50 50 50 50 50 22 45 50 13 50 28 50 29 15 19 50 50 9 50 49 50 50 50 32 26 50 38 50 50 15 5 25 50 22 20 20 28 19 50 50 50 50 50 50 50 49 50 4 21 32 30 12 50 14 50 36 50 50 3 50 43 20 50
9 15 47 50 34 50 8 50 4 46 28 3 47 50 5 50 50 50 4 50 29 50 0 0 36 50 50 50 50 50 8 50 20 50 43 50 7 50 13 50 50 43 38 50 39 50 49 50 50 19 21 34 50 50 23 19 50 39 50 50 50 50 50 43 30 8 50 13 50 47 11 21 31 23 50 50 3 49 50 17 50 50 50 43 38 21 50 50 50 7 50 27 37 50 50 50 4 50 50 26 50 36 12 50 33 40 9 41 36 8 39 50 1 6 5 42 44 18 7 50 50 31 50 50 8 12 50 50 50 50 50 50 50 50 48 50 50 50 48 25 36 50 29 50 50 5 50 15 20 50 16 50 50
48 50 50 37 50 50 46 50 50 41 50 50 50 50 47 42 41 50 42 50 17 50 50 50 50 50 16 49 50 29 50 17 3 50 50 32 29 50 25 50 21 50 44 50 50 50 11 28 50 50 50 38 50 6 39 50 0 50 50 10 50 0 50 50 2 39 50 42 37 50 50 50 20 50 50 49 50 50 31 50 50 50 50 50 50 4 50 46 8 50 50 50 3 36 50 50 50 1 6 50 30 40 50 50 27 15 50 3 25 50 50 50 50 36 17 39 50 44 33 50 49 6 50 50 43 27 50 50 48 14 46 50 48 5 50 50 50 50 48 50 0 50 43 50 33 50 21 50 50 50 50 50
47 50 40 41 15 50 36 50 18 50 50 50 50 50 50 7 20 35 50 13 32 41 50 50 37 50 50 21 44 33 22 50 50 24 50 50 50 50 50 28 10 23 50 50 31 50 50 4 49 7 13 50 50 41 50 50 50 22 26 12 33 50 50 50 50 50 50 4 50 21 50 50 50 50 50 47 37 2 37 50 50 50 50 50 50 2 50 50 24 50 50 50 50 50 50 12 50 0 50 15 22 50 50 50 20 16 31 50 50 40 30 41 49 50 43 50 50 2 50 50 1 50 50 50 50 50 50 50 22 50 7 33 44 50 50 50 16 50 46 34 50 50 38 50 31 50 50 30 50 50 50
50 43 50 50 50 2 50 50 50 28 50 28 38 50 24 50 50 50 50 50 50 50 50 35 50 50 17 16 8 22 50 11 28 20 37 0 8 0 50 50 50 50 50 50 50 50 50 50 50 50 50 50 50 50 50 50 50 50 50 50 50 50 50 50 50 50 50 50 50 50 50 50 50 50 50 50 50 50 50 50 50 50 50 50 50 50 50 50 50 50 50 50 50 50 50 50 50 50 50 50 50 50 50 50 50 50 50 50 50 50 50 50 50 50 50 50 50 50 50 50 50 50 50 50 50 50 50 50 50 50 50 50 50 50 50 50 50 50 50 50 50 50 50 50 50 50 50 50 50 50
50 50 50 50 50 50 50 50 50 50 50 50 50 50 50 50 50 50 50 50 50 50 50 50 50 50 50 50 50 50 50 50 50 50 50 50 50 50 50 50 50 50 50 50 50 50 50 50 50 50 50 50 50 50 50 50 50 50 50 50 50 50 50 50 50 50 50 50 50 50 50 50 50 50 50 50 50 50 50 50 50 50 50 50 50 50 50 50 50 50 50 50 50 50 50 50 50 50 50 50 50 50 50 50 50 50 50 50 50 50 50 50 50 50 50 50 50 50 50 50 50 50 50 50 24 50 50 50 50 50 50 50 50 50 50 50 50 50 50 50 50 50 50 50 50 50 50 50 50
50 50 50 50 50 50 22 50 50 50 50 50 50 50 50 13 50 50 50 50 50 50 50 50 50 50 50 50 50 50 50 50 50 50 50 50 50 50 50 50 50 50 50 50 50 50 50 50 50 50 50 50 50 50 50 50 50 50 50 50 50 50 50 50 50 50 50 50 50 50 50 50 50 50 50 50 50 50 50 50 50 50 50 50 50 50 50 50 50 50 50 50 50 50 50 50 50 50 50 50 50 50 50 50 50 50 50 50 50 50 50 50 50 50 50 50 50 50 50 50 50 50 50 50 50 50 50 50 50 50 50 50 50 50 50 50 50 50 50 50 50 50 50 50 50 50 50 50
50 50 50 50 50 50 50 50 50 50 50 50 50 50 50 50 50 50 50 50 50 50 50 50 50 50 50 50 50 50 50 50 50 50 50 50 50 50 50 50 50 50 50 50 50 50 50 50 50 50 50 50 50 50 50 50 50 50 50 50 50 50 50 50 50 50 50 50 50 50 50 50 50 50 50 50 50 50 50 50 50 50 50 50 50 50 50 50 50 50 50 50 50 50 50 50 50 50 50 50 50 50 50 50 50 50 50 50 50 50 50 50 50 50 50 50 50 50 50 50 50 50 50 50 50 50 50 50 50 50 50 50 50 50 50 50 50 50 50 50 50 50 50 50 50 50 50
50 50 50 50 50 50 50 50 50 50 50 50 50 50 50 50 50 50 50 50 50 50 50 50 50 50 50 50 50 50 50 50 50 50 50 50 50 50 50 50 50 50 50 50 50 50 50 50 50 39 50 50 50 50 50 50 50 50 50 50 50 50 50 50 50 50 50 50 50 50 50 50 50 50 50 50 50 50 50 50 50 50 50 50 50 50 50 50 50 50 50 33 50 50 50 50 50 50 50 50 50 50 50 50 50 50 50 50 50 50 50 50 50 50 50 50 50 50 50 50 50 50 50 50 50 50 50 50 50 50 50 50 50 50 50 37 50 50 50 50 50 50 50 50 50 50
50 50 50 50 50 50 50 50 50 50 50 50 50 50 50 30 50 50 50 50 50 50 50 50 50 50 50 50 50 50 50 50 50 50 50 50 50 50 50 50 50 50 50 50 50 50 50 50 50 50 50 50 50 50 50 50 50 50 50 50 50 50 50 50 50 50 50 50 50 50 50 50 50 50 50 50 50 50 50 50 50 50 50 50 50 50 50 50 50 50 50 50 50 50 50 50 50 50 50 50 50 50 50 50 50 50 50 50 50 50 50 50 50 50 50 50 50 50 50 50 50 50 50 50 50 50 50 50 50 50 50 50 50 50 50 50 50 50 50 50 50 50 50 50 50
50 50 50 50 50 50 50 50 50 50 50 50 50 50 50 50 50 50 50 50 50 50 50 50 50 50 50 50 50 50 50 50 50 50 50 50 50 48 50 50 50 50 50 50 50 50 50 50 50 50 50 50 50 50 50 50 50 50 50 50 50 50 50 50 50 50 50 50 50 50 50 50 50 50 50 50 50 50 50 50 50 50 50 50 50 50 50 50 50 50 50 50 50 50 50 50 50 50 50 50 50 50 50 50 50 50 50 50 50 50 50 50 50 50 50 50 50 50 50 50 50 50 50 50 50 50 50 50 50 50 50 50 50 50 50 50 50 50 50 50 50 50 50 50
50 50 50 50 50 50 50 50 50 50 50 50 50 50 50 50 50 50 50 50 50 50 50 50 50 50 50 50 50 50 50 50 50 50 50 50 50 50 50 50 50 50 50 50 50 50 50 50 50 50 50 50 50 50 50 50 50 50 50 50 50 50 50 50 50 50 50 50 50 50 50 50 50 50 50 50 50 50 50 50 50 50 50 50 50 50 50 50 50 50 50 50 50 50 50 50 50 50 50 50 50 50 50 50 50 50 50 50 12 50 50 50 50 50 50 50 50 50 50 50 50 50 50 50 50 50 50 50 50 50 50 50 50 50 50 50 50 50 50 50 50 50 50
50 50 50 50 50 50 50 50 50 50 50 50 50 50 50 50 50 50 50 50 50 50 50 50 50 50 50 50 50 50 50 50 50 50 50 50 50 50 50 50 50 50 50 50 50 50 50 50 50 50 50 50 50 50 50 50 50 50 50 50 50 50 50 50 50 50 50 50 50 50 50 50 50 50 50 50 50 50 50 50 50 50 50 50 50 50 50 50 50 50 50 50 50 50 50 50 50 50 50 50 50 50 50 50 50 50 50 50 50 50 50 43 50 50 50 50 50 50 50 50 50 50 50 50 50 50 50 50 50 50 50 50 50 50 50 50 50 50 50 50 50 50
50 50 50 50 50 50 50 50 50 50 50 50 50 50 50 50 50 50 50 50 50 50 50 50 50 50 50 50 50 50 50 50 50 50 50 50 50 50 50 50 50 50 50 50 50 50 50 50 50 50 50 50 50 50 50 50 50 50 50 50 50 50 50 50 50 50 39 50 50 50 50 50 50 50 50 50 50 50 50 50 50 50 50 50 50 50 50 50 50 50 50 48 50 50 50 50 50 50 50 50 50 50 50 50 50 50 50 50 50 50 50 50 50 50 50 50 50 50 50 50 50 50 50 50 50 50 50 50 50 50 50 50 50 50 50 50 50 50 50 50 50
50 50 50 50 50 50 50 50 50 50 50 50 50 50 50 50 50 50 50 50 50 50 50 50 50 50 50 50 50 50 50 50 50 50 50 50 50 50 50 50 50 50 50 50 50 50 50 50 50 49 50 50 50 50 50 50 50 50 50 50 50 50 50 50 50 50 50 50 50 50 50 50 50 50 50 50 50 50 50 50 50 50 50 50 50 50 50 50 50 50 50 50 50 50 50 50 50 50 50 50 50 50 50 50 50 50 50 50 50 50 50 50 50 50 50 50 50 50 50 50 50 50 50 50 50 50 50 50 50 50 50 50 50 50 50 50 43 50 50 50
50 50 50 50 50 50 50 50 50 50 50 50 50 50 50 50 50 50 50 50 50 50 50 50 50 50 50 50 50 50 50 50 50 50 50 50 50 50 50 50 50 50 50 50 50 50 50 50 50 50 50 50 50 50 50 50 50 50 50 50 50 50 50 50 50 50 50 50 50 50 50 50 50 50 50 50 35 50 50 50 50 50 50 50 50 50 50 50 50 50 50 50 50 50 50 50 50 50 50 50 50 50 50 50 50 50 50 50 50 43 50 50 50 50 50 50 50 50 50 50 50 50 50 50 50 50 50 50 50 50 50 50 50 50 50 50 50 50 50
50 50 50 50 50 50 50 50 50 50 50 50 50 50 50 50 50 50 50 50 50 50 50 50 50 50 50 50 50 50 50 50 50 50 50 50 50 50 50 50 50 50 50 50 50 50 50 50 50 50 50 50 50 50 50 50 50 50 50 50 50 50 50 50 50 50 11 50 50 50 50 50 50 50 50 50 50 50 50 50 50 50 50 50 50 50 50 50 50 50 50 50 50 50 50 50 50 50 50 50 50 50 50 50 50 50 50 50 50 50 50 50 50 50 50 50 50 50 50 50 50 50 50 50 50 50 50 50 50 27 50 50 50 50 50 50 50 50
50 50 6 50 50 50 50 50 50 50 50 50 50 50 50 50 50 50 50 50 50 50 50 50 50 50 50 50 50 50 50 50 50 50 50 50 50 50 50 50 50 50 50 50 50 50 50 50 50 50 50 50 50 50 50 50 50 50 50 50 50 50 50 50 50 50 50 50 50 50 50 50 50 50 50 50 50 50 50 50 50 50 50 50 50 50 50 50 50 50 50 50 50 50 50 50 50 50 50 50 50 50 50 50 20 50 50 50 50 50 50 50 50 50 50 50 50 50 50 50 50 50 50 50 50 50 50 50 50 50 50 50 50 50 50 50 50
50 50 50 50 50 50 50 50 50 50 50 50 50 50 50 50 50 50 50 50 50 50 50 50 50 50 50 50 50 50 50 50 50 50 50 50 50 50 50 50 50 50 50 50 50 50 50 50 50 50 50 50 50 50 50 50 50 50 50 50 50 50 50 50 50 50 50 50 50 50 50 50 50 50 50 50 50 50 50 50 50 50 50 50 50 50 50 50 50 50 50 50 50 50 50 50 50 50 50 50 50 50 50 50 50 50 50 50 50 50 50 50 50 50 50 50 50 50 50 50 50 50 50 50 50 50 50 50 50 50 50 50 50 50 50 50
50 50 50 50 50 50 50 50 50 50 50 50 50 50 50 50 50 50 50 50 50 50 50 50 50 50 50 50 50 50 50 50 50 50 50 50 50 50 50 50 50 50 50 50 50 50 50 50 50 50 50 50 50 50 50 50 50 50 50 50 50 50 50 50 50 50 50 50 50 50 50 50 50 50 50 50 50 50 50 50 50 50 50 50 50 50 50 50 50 50 50 50 50 50 50 50 50 50 20 50 50 50 50 50 50 50 50 50 50 50 50 50 47 50 50 50 50 50 50 50 50 50 50 50 50 50 50 50 50 50 50 50 50 50 50
50 50 50 50 50 50 50 50 50 50 50 50 50 50 50 50 50 50 50 50 50 50 50 50 50 0 50 50 50 50 50 50 50 50 50 50 50 50 50 50 50 50 50 50 50 50 50 50 50 50 50 50 50 50 50 50 50 50 50 50 50 50 50 50 50 50 50 50 50 50 50 50 50 50 50 50 50 50 50 50 50 50 50 50 50 50 50 50 50 50 50 50 50 50 50 50 50 50 50 50 50 50 50 50 50 50 50 50 50 50 50 50 50 50 50 50 50 50 50 50 50 50 50 50 50 50 50 50 50 50 50 50 50 50
50 50 50 50 50 50 50 50 50 50 50 50 50 50 50 50 50 50 50 50 50 50 50 50 50 50 50 50 50 50 50 50 50 50 50 50 50 50 50 50 50 50 50 50 50 50 50 50 50 50 50 50 50 50 50 50 50 50 50 50 50 50 50 50 50 50 50 50 50 50 50 50 50 50 50 50 50 50 50 50 50 50 50 47 50 50 50 50 50 50 50 50 50 50 50 50 50 50 50 50 50 50 50 50 50 50 50 50 50 50 50 50 50 50 50 50 50 50 50 50 50 50 50 50 50 50 50 50 50 50 50 50 50
50 50 50 50 50 50 50 50 50 50 50 50 50 50 50 50 50 50 50 50 50 50 50 50 50 50 50 50 50 50 50 50 50 50 50 50 50 50 50 50 50 50 50 50 50 50 50 50 50 50 50 50 50 50 50 50 50 50 50 50 50 50 50 50 50 50 50 50 50 50 50 50 50 50 50 50 50 50 50 50 50 50 50 50 50 50 50 50 50 50 50 50 50 50 50 50 50 50 50 50 50 50 50 50 50 50 50 50 50 50 50 50 50 50 50 50 50 50 50 50 50 50 50 50 50 50 50 50 50 50 50 50
50 50 50 50 50 50 50 50 50 50 50 50 50 50 50 50 50 50 50 50 50 50 50 50 50 50 50 50 50 50 50 50 50 50 50 50 50 50 50 50 50 50 50 50 50 50 50 50 50 50 50 50 50 50 50 50 50 50 50 50 50 50 50 50 50 50 50 50 50 50 50 50 50 50 50 50 50 50 50 50 50 50 50 50 50 50 50 37 50 50 50 50 50 50 50 50 50 50 50 50 50 50 50 50 50 50 50 50 50 50 50 50 50 50 50 50 50 50 50 50 50 50 50 50 50 50 50 50 50 50 50
50 50 50 50 50 50 50 50 50 50 50 50 50 50 50 50 50 50 50 50 50 50 50 50 50 50 50 50 50 50 50 50 50 50 50 50 50 50 50 50 50 50 50 50 50 50 50 50 50 50 50 50 50 50 50 50 50 50 50 50 50 50 50 50 50 50 50 50 50 50 50 50 50 50 50 50 50 50 50 50 50 50 50 50 50 50 50 50 50 50 50 50 50 50 50 50 50 50 50 50 50 50 50 50 50 50 50 50 50 50 50 50 50 50 50 50 50 50 50 50 50 50 50 50 50 50 50 50 50 50
50 50 50 50 50 50 50 50 50 50 50 50 50 50 50 50 50 50 50 50 50 50 50 50 50 50 50 50 50 50 50 50 50 50 50 50 50 50 50 50 50 50 50 50 50 50 44 50 50 50 50 50 50 50 50 50 50 50 50 50 50 50 50 50 50 50 50 50 50 50 50 50 50 50 50 50 50 50 50 50 50 50 50 50 50 50 50 50 50 50 50 50 50 50 50 50 50 50 50 50 50 50 50 50 50 50 50 50 50 50 50 50 50 50 50 50 50 50 50 50 50 50 50 50 50 50 50 50 50
50 50 50 50 50 50 50 50 50 50 50 7 50 50 50 50 50 50 50 50 50 50 50 50 50 50 50 50 50 50 50 50 50 50 50 50 50 50 50 50 50 50 50 50 50 50 50 50 50 50 50 50 50 50 50 50 50 50 50 50 50 50 50 50 50 50 50 50 50 50 50 50 50 50 50 50 50 50 50 50 50 50 50 50 50 50 50 50 50 50 50 50 50 50 50 50 50 50 50 50 50 50 50 50 50 50 50 50 50 50 50 50 38 50 50 50 50 50 50 50 50 50 50 50 50 50 50 50
50 50 50 50 50 50 50 50 50 50 50 50 50 50 50 50 50 50 50 50 50 50 50 15 50 50 50 50 50 50 50 50 50 50 50 50 50 50 50 50 50 50 50 50 50 50 50 50 50 50 50 27 50 50 50 50 50 50 50 50 50 50 50 50 50 50 50 50 50 50 50 50 50 50 50 50 50 50 50 50 50 50 50 50 50 50 50 50 50 50 50 50 50 50 50 50 50 50 50 50 50 50 50 50 50 50 50 50 50 50 50 50 50 50 50 50 50 50 50 50 50 50 50 50 50 50 50
50 50 50 50 50 50 50 50 50 50 50 50 50 50 50 50 50 50 50 50 50 50 50 50 50 50 50 50 50 50 50 50 50 50 50 50 50 50 50 47 50 50 50 50 50 50 50 50 50 50 50 50 50 50 50 50 50 50 50 50 50 50 50 50 50 50 50 50 50 50 50 50 50 50 50 50 50 50 50 50 50 50 50 50 50 50 50 50 50 50 50 50 50 50 50 50 50 50 50 50 50 50 50 50 50 50 50 50 50 50 50 50 50 50 50 50 50 50 50 50 50 50 50 50 50 50
50 50 50 50 50 50 50 50 50 50 50 50 50 50 50 50 50 50 50 50 50 50 50 50 50 50 50 50 50 50 50 50 50 50 50 50 50 50 50 50 50 50 50 50 50 50 50 50 50 50 50 50 50 50 50 50 50 50 50 50 50 50 50 50 50 50 50 50 50 50 50 50 50 50 50 50 50 50 50 50 50 50 50 50 50 50 50 50 50 50 50 50 50 50 50 50 50 50 50 50 50 50 50 50 50 50 50 50 50 50 50 50 50 50 50 50 50 50 50 50 50 50 50 50 50
50 50 50 50 50 50 50 50 50 50 50 50 50 50 50 50 50 50 50 50 50 50 50 50 50 50 50 50 50 50 50 50 50 50 50 50 50 50 50 50 50 50 50 50 50 50 50 50 50 50 50 50 50 50 50 50 50 50 50 50 50 50 50 50 50 50 50 50 50 50 50 50 50 50 50 50 50 50 50 50 50 50 50 50 50 50 50 50 50 50 50 50 50 50 50 50 50 50 50 50 50 50 50 50 50 50 50 50 50 50 50 50 50 50 50 50 50 50 50 50 50 50 50 50
50 50 50 50 50 50 50 50 50 50 50 50 50 50 50 50 50 50 50 50 50 50 50 50 50 50 50 50 50 50 50 50 50 50 50 50 50 50 50 50 50 50 50 50 50 50 50 50 50 50 50 50 50 50 50 50 50 50 50 50 50 50 50 50 50 50 50 50 50 50 50 50 50 50 50 50 50 50 50 50 50 50 50 50 50 50 10 50 50 50 50 50 50 50 50 50 50 50 50 50 50 50 50 50 50 50 50 50 50 50 50 50 50 50 50 50 50 50 50 50 50 50 50
50 50 50 50 50 50 50 50 50 50 50 50 50 50 50 50 50 50 50 50 50 50 50 50 50 50 50 50 50 50 50 50 50 50 50 50 50 50 50 50 50 50 50 50 50 50 50 50 50 50 50 50 50 50 50 50 50 50 50 50 50 50 50 50 50 50 50 50 50 50 50 50 50 50 50 50 15 50 50 50 50 50 50 50 50 50 50 50 50 50 50 50 50 50 50 50 50 50 50 50 50 50 50 50 50 50 50 50 50 50 50 50 50 50 50 50 50 50 50 50 50 50
50 50 50 50 50 50 50 50 50 50 50 50 50 50 50 50 50 50 50 50 50 50 50 50 50 50 50 50 50 50 50 50 50 50 50 50 50 50 50 50 50 50 50 50 50 50 50 50 50 50 50 50 50 50 50 50 50 50 50 50 50 50 50 50 50 50 50 50 38 50 50 50 50 50 50 50 50 50 50 50 50 50 50 50 50 50 50 50 50 50 50 50 50 50 50 50 50 50 50 50 50 50 50 50 50 50 50 50 50 50 50 50 50 50 50 50 50 50 50 50 50
50 50 50 50 50 2 50 50 50 50 50 50 50 50 50 50 50 50 50 50 50 50 50 50 50 50 50 50 50 50 3 50 50 50 50 50 50 50 50 50 50 50 50 50 50 50 50 50 50 50 50 50 50 32 50 50 50 50 50 50 50 50 50 50 50 50 50 50 50 50 50 50 50 50 50 50 50 50 50 50 50 50 50 50 50 50 50 50 50 50 50 50 50 50 50 50 50 50 50 50 50 50 50 50 50 50 50 50 50 50 43 50 50 50 50 29 50 50 50 50
50 49 50 50 50 50 50 50 50 50 50 50 50 50 50 50 50 50 50 50 50 50 50 0 50 50 50 50 50 50 50 50 50 50 50 50 50 50 50 50 50 50 50 50 50 50 50 50 50 50 50 50 50 50 50 50 50 50 50 50 50 50 50 50 50 50 50 50 50 50 50 50 50 50 50 50 50 50 50 50 17 50 50 50 50 50 50 50 50 50 50 50 50 50 50 50 50 50 50 50 50 50 50 50 50 50 50 50 50 50 50 50 50 50 50 50 50 50 50
50 50 50 50 50 50 50 50 50 50 50 50 50 50 50 50 50 50 50 50 50 50 50 50 50 50 50 50 50 50 50 50 50 50 50 50 50 50 50 50 50 50 50 50 50 50 50 50 50 50 50 50 50 50 50 50 50 50 50 50 50 50 50 50 50 50 50 50 50 50 50 50 50 50 50 50 50 50 50 50 50 50 50 50 50 50 50 50 50 50 50 50 50 50 50 50 50 50 50 50 50 50 50 50 50 50 50 50 50 50 50 50 50 50 50 50 50 50
50 50 50 50 50 50 50 50 50 50 50 50 50 50 50 50 50 50 50 50 50 50 50 50 50 50 50 50 50 50 50 50 50 50 50 50 50 50 50 50 50 50 50 50 50 50 50 50 50 50 50 50 50 50 50 50 50 50 50 50 50 50 50 50 50 50 50 50 50 50 50 50 50 50 50 50 50 50 50 50 50 50 50 50 50 50 50 50 50 50 50 50 50 50 50 50 50 50 50 50 50 50 50 50 50 50 50 50 50 50 50 50 50 50 50 50 50
50 50 50 50 50 50 50 50 50 50 50 50 50 50 50 50 50 50 50 50 50 50 50 50 50 50 50 50 50 50 50 50 50 50 50 50 50 50 50 50 50 50 50 50 50 50 50 50 50 50 50 50 50 9 50 50 50 50 50 50 50 50 50 50 50 50 50 50 50 50 50 50 50 50 50 50 50 50 50 50 50 50 50 50 50 50 50 50 50 50 50 50 50 50 50 50 50 50 50 50 50 50 50 50 50 50 50 50 50 50 50 50 50 50 50 50
50 50 50 50 50 50 50 50 13 50 50 50 50 50 50 50 50 50 50 50 50 50 50 50 50 50 50 50 50 50 46 50 50 50 50 50 50 50 50 50 50 50 50 50 50 50 50 50 50 50 50 50 50 50 50 50 50 50 50 50 50 50 50 50 50 50 50 50 50 50 50 50 50 50 50 50 50 50 50 50 50 50 50 50 50 50 50 50 50 50 50 50 50 50 50 50 50 50 50 50 50 50 50 50 50 50 50 50 50 50 50 50 50 50 50
50 50 50 50 50 50 50 50 7 50 50 50 50 50 50 50 50 50 50 50 50 50 50 50 50 50 50 50 50 50 50 50 50 50 50 50 50 50 50 50 50 50 50 50 50 50 50 50 50 50 50 50 50 50 50 50 50 50 50 50 50 50 50 50 50 50 50 50 50 50 50 50 50 50 50 50 50 50 50 50 50 50 50 50 50 50 50 50 50 50 50 50 50 50 50 50 50 50 50 50 50 50 50 50 50 50 50 50 50 50 50 50 50 50
50 50 50 50 50 50 50 50 50 50 50 50 50 50 50 50 50 50 50 50 50 50 50 50 50 50 50 50 50 50 50 50 50 50 50 50 50 50 50 50 50 50 50 50 50 50 50 50 50 50 50 50 50 50 50 50 50 50 50 50 50 50 50 50 50 19 50 50 50 50 50 50 50 50 50 50 50 50 50 50 50 50 50 50 50 50 50 50 50 50 50 50 50 50 50 50 50 50 50 50 50 50 50 50 50 50 50 50 50 50 50 50 50
50 50 50 50 50 50 50 50 50 50 50 50 50 50 50 50 50 26 50 50 50 50 5 50 50 50 50 50 50 50 50 50 50 50 50 50 50 50 50 50 50 50 50 50 50 50 50 50 50 50 50 50 50 50 50 50 50 50 50 50 50 50 50 50 22 50 50 50 50 50 50 50 50 50 50 50 50 50 50 50 50 50 50 50 50 50 50 50 50 50 50 50 50 50 50 50 50 50 50 50 50 50 50 50 50 50 50 50 50 50 50 50
50 50 50 50 50 50 50 50 50 50 50 50 50 50 50 50 50 50 50 50 50 50 50 50 50 50 50 50 50 50 50 50 50 50 50 50 50 50 50 50 50 50 50 50 50 50 50 50 50 50 50 50 50 50 50 50 50 50 50 50 50 50 50 50 50 50 50 50 50 50 50 50 50 50 50 50 50 50 50 50 50 50 50 50 50 23 50 50 50 50 50 50 50 50 50 50 50 50 50 50 50 50 50 50 50 50 50 50 50 50 50
50 50 50 50 50 50 50 50 33 50 50 50 50 50 50 50 50 50 50 50 50 50 50 50 50 50 50 50 50 50 50 50 50 50 50 50 50 31 50 50 50 50 50 50 50 50 50 50 50 50 50 50 50 50 50 50 50 50 50 50 50 50 50 50 50 50 50 50 50 50 50 50 50 50 50 50 50 50 50 50 50 50 50 50 50 50 50 50 50 50 50 50 50 50 50 50 50 50 50 50 50 50 50 50 50 50 50 50 50 50
50 50 50 50 50 50 50 50 50 50 50 50 50 50 50 50 50 50 50 50 50 50 50 50 50 50 50 50 50 50 50 50 50 50 50 50 50 50 50 50 50 50 50 50 50 50 50 50 50 50 50 50 50 50 50 50 50 50 50 50 50 50 50 50 50 50 50 50 50 50 50 50 50 50 50 50 50 50 50 50 50 50 50 50 50 50 50 50 50 50 50 50 50 50 50 50 50 50 50 50 50 50 50 50 50 50 50 50 50
50 50 50 50 50 50 50 50 50 50 50 50 50 50 50 50 50 50 50 50 50 50 50 50 50 50 50 50 50 50 50 50 50 50 50 50 50 50 50 50 50 50 50 50 0 50 50 50 50 50 50 50 50 50 50 50 50 50 50 50 50 50 50 50 50 50 50 50 50 50 50 50 50 50 50 50 50 50 50 50 50 50 50 50 50 50 50 50 50 50 50 50 50 50 50 50 50 50 50 50 50 50 50 50 50 50 50 50
50 50 50 50 50 50 50 50 50 50 50 50 50 50 50 50 50 50 50 50 50 50 50 50 50 50 50 50 50 50 50 50 50 50 50 50 50 50 50 50 50 50 50 50 50 50 50 50 50 50 50 50 50 50 50 50 50 50 50 50 50 50 50 50 50 50 50 50 50 50 50 50 50 50 50 50 50 50 50 50 50 50 50 50 50 50 50 50 50 50 50 50 50 50 50 50 50 50 50 50 50 50 50 50 50 50 50
50 50 50 50 50 50 50 50 50 50 50 50 50 50 50 50 50 50 50 50 50 50 50 50 50 50 50 50 50 50 50 50 50 50 50 50 50 50 50 50 50 50 50 50 50 50 50 50 50 50 50 50 50 50 50 50 50 50 50 50 50 50 50 50 50 50 50 50 50 50 50 50 50 50 50 50 50 50 50 50 50 50 50 50 50 50 50 50 50 50 50 50 50 50 50 50 50 50 50 50 50 50 50 50 50 50
50 50 50 50 50 50 50 50 50 50 50 50 50 50 50 50 50 50 50 50 50 50 50 50 50 50 50 50 50 50 50 50 50 50 19 50 50 50 50 50 50 50 50 50 50 50 50 50 50 50 50 50 50 50 50 50 50 50 50 50 50 50 50 50 50 50 50 50 50 50 50 50 50 50 50 50 50 50 50 50 50 50 50 50 50 50 50 50 50 50 50 50 22 50 50 50 50 50 50 50 50 50 50 50 50
50 50 50 50 50 50 50 50 50 50 50 50 50 50 50 50 50 50 50 50 50 50 50 50 50 50 50 50 50 50 50 50 50 50 50 50 28 50 50 50 50 50 50 50 50 50 50 50 50 50 50 50 50 50 50 50 50 50 50 50 50 50 50 50 50 50 50 50 50 50 50 50 50 50 50 50 50 50 50 50 50 50 50 50 50 50 50 50 50 50 50 50 50 50 50 50 50 50 50 50 50 50 50 50
12 50 50 50 50 50 50 50 50 50 50 50 50 50 50 50 50 50 50 50 50 50 50 50 50 50 50 50 50 50 50 50 50 50 50 50 50 50 50 50 50 50 50 50 50 50 50 50 50 50 50 50 50 50 50 50 50 50 50 50 50 50 50 50 50 50 50 50 50 50 50 50 50 50 50 50 50 50 50 50 50 50 50 50 50 50 50 50 50 50 50 50 50 50 50 50 50 50 50 50 50 50 50
50 50 50 50 50 50 50 50 50 50 50 50 50 50 50 50 50 50 50 50 50 50 50 50 50 50 50 50 50 50 50 50 50 50 50 50 50 50 50 50 50 50 50 50 50 50 50 50 50 50 50 50 50 50 50 50 50 50 50 50 50 50 50 50 50 50 50 50 50 50 50 50 50 50 50 50 50 50 50 50 50 50 50 50 50 50 50 50 50 50 50 50 50 50 50 50 50 50 50 50 50 50
50 50 50 50 50 50 50 50 50 50 50 50 50 50 50 50 50 50 50 50 50 50 50 50 50 50 50 13 50 50 50 50 50 50 50 50 50 50 50 50 50 50 50 50 50 50 50 50 50 50 50 50 50 50 50 50 50 50 50 50 50 50 50 50 50 50 50 50 50 50 50 50 50 50 50 50 50 50 50 50 50 50 50 50 50 50 50 50 50 50 50 50 50 50 50 50 50 50 50 50 50
50 50 50 50 50 50 50 50 50 50 50 50 50 50 50 50 50 50 50 50 50 50 50 50 50 50 50 50 50 50 50 50 50 50 50 50 50 50 50 50 50 50 50 50 50 50 50 50 50 50 50 50 50 50 50 50 50 50 50 50 50 50 50 50 50 50 50 50 50 50 50 50 50 50 50 50 50 50 50 50 50 50 50 36 50 50 50 50 50 50 50 50 50 50 50 50 50 50 50 50
50 50 50 50 50 50 50 50 50 50 50 50 50 50 50 50 50 50 50 50 50 50 50 50 50 50 50 50 50 50 50 50 50 50 50 50 50 50 50 50 50 50 50 50 50 50 50 50 50 50 50 50 50 50 50 50 50 50 50 50 50 50 50 50 50 50 50 50 50 50 50 50 50 50 50 50 50 50 50 50 50 50 50 50 50 50 50 50 50 50 50 50 50 50 50 50 50 50 50
50 50 50 50 50 50 50 50 50 50 50 50 50 50 50 50 50 50 50 50 50 50 50 50 50 50 50 50 50 50 50 50 50 50 50 3 50 50 50 50 50 50 50 50 50 50 50 50 50 50 50 50 50 50 50 50 50 50 50 50 50 50 50 50 50 50 50 50 50 50 50 50 50 50 50 50 50 50 50 50 50 50 50 50 50 50 50 50 50 50 50 50 50 50 50 50 50 50
50 50 50 50 50 50 50 50 50 50 50 50 50 50 50 50 50 50 50 50 50 50 50 50 50 50 50 50 50 50 50 50 50 50 50 50 50 50 50 50 50 50 50 50 50 50 50 50 50 50 50 50 50 50 50 50 50 50 50 50 50 50 11 50 50 50 50 50 50 50 50 50 50 50 50 50 50 50 50 50 50 50 50 50 50 50 50 50 50 50 50 50 50 50 50 50 50
50 50 50 50 50 50 50 50 50 50 50 50 50 50 50 50 50 50 50 50 50 50 50 50 50 50 50 50 50 50 50 50 50 50 50 50 50 50 50 50 50 50 50 50 50 50 50 50 50 50 50 50 50 50 50 50 50 50 50 50 50 50 50 50 50 50 50 50 50 50 50 50 50 50 50 50 50 50 50 50 50 50 50 50 50 50 50 50 50 50 50 50 50 50 50 50
50 50 50 50 50 50 50 50 50 50 50 50 50 50 50 50 50 50 50 50 50 50 50 50 50 50 50 50 50 50 50 50 50 50 50 50 50 50 50 50 50 50 50 50 50 50 50 50 50 50 50 50 50 50 50 50 50 50 50 50 50 50 50 50 50 50 50 50 50 50 50 50 50 50 50 50 50 50 50 50 50 50 50 50 50 50 50 50 50 50 50 50 50 50 50
50 50 50 50 50 50 50 50 50 50 50 50 50 50 50 50 50 50 50 50 50 50 50 50 50 50 50 50 50 50 50 50 50 50 50 50 50 50 50 50 50 50 50 50 50 50 50 50 50 50 50 50 50 50 50 50 50 50 50 50 50 50 50 50 50 50 50 50 50 50 50 50 50 50 50 50 50 50 50 50 50 50 50 50 50 50 50 50 50 50 50 50 50 50
50 50 50 50 50 50 50 50 50 50 50 50 50 50 50 50 50 50 50 50 50 50 50 50 50 50 50 50 50 50 50 50 50 50 50 50 50 50 50 50 15 50 50 50 50 50 50 50 50 50 50 50 50 50 50 50 50 50 50 50 50 50 50 50 50 50 50 50 50 50 50 50 50 50 50 50 50 50 50 50 50 50 50 50 50 50 50 50 50 50 50 50 50
50 50 50 50 50 50 50 50 50 50 50 50 50 50 50 50 50 50 50 32 50 50 50 50 50 50 50 50 50 50 50 50 50 50 50 50 50 50 50 50 50 50 50 50 50 50 50 8 50 50 50 50 50 50 50 50 50 50 50 50 50 50 50 50 50 50 50 50 50 50 50 50 50 50 50 50 50 50 50 50 50 50 50 50 50 50 50 50 50 50 50 50
50 50 50 50 50 50 50 50 50 50 50 50 50 50 50 50 50 50 50 50 50 50 50 50 50 50 50 50 50 50 50 50 50 50 50 50 50 50 50 50 50 50 50 50 50 50 50 50 50 50 50 50 50 50 50 50 50 50 50 50 50 50 50 50 50 50 50 50 50 50 50 50 50 50 50 50 50 50 50 50 4 50 50 12 50 50 50 50 50 50 50
50 50 50 50 50 50 50 50 50 50 50 50 50 50 50 50 50 50 50 50 50 50 50 50 50 50 50 50 50 50 50 50 50 50 50 50 50 50 50 50 50 50 50 50 50 50 50 50 50 50 50 50 50 50 50 50 50 50 34 50 50 50 50 50 50 50 50 50 50 50 50 50 50 50 50 50 50 50 50 50 50 50 50 50 50 50 50 50 50 50
50 50 50 50 50 50 50 50 50 50 50 50 50 50 50 50 50 50 50 50 50 50 50 50 50 50 50 50 50 50 50 50 50 50 50 50 50 50 50 50 50 50 50 50 50 50 50 50 50 50 50 50 50 50 50 50 50 50 50 50 50 50 50 50 50 50 50 50 50 50 50 50 50 50 50 50 50 50 50 50 50 50 50 50 50 50 50 50 50
50 50 50 50 50 50 50 50 50 50 13 50 50 50 50 50 50 50 50 50 50 50 50 50 50 50 50 50 50 50 50 50 50 50 50 50 50 50 50 50 50 50 50 50 50 50 50 50 50 50 50 50 50 50 50 50 50 50 50 50 50 50 50 50 50 50 50 50 50 50 50 50 50 50 50 50 50 50 50 50 50 50 50 50 50 50 50 50
50 50 50 50 50 50 50 50 50 50 50 50 50 50 14 50 50 50 50 50 50 50 50 50 50 50 50 50 50 50 50 50 50 50 50 50 50 50 50 50 50 50 50 50 50 50 50 50 50 50 50 50 50 50 50 50 50 50 50 50 50 50 50 50 50 50 50 50 50 50 50 50 50 50 50 50 50 50 50 50 50 50 50 50 50 50 50
50 50 50 50 50 50 50 50 50 50 50 50 50 50 50 50 50 50 50 50 12 50 50 50 50 50 50 50 50 50 50 50 50 50 50 50 50 50 50 50 50 50 50 50 50 50 50 50 50 50 50 50 50 50 50 50 50 50 50 50 50 50 50 50 50 50 50 50 50 50 50 50 50 50 50 50 50 50 50 50 50 50 50 50 50 50
50 50 50 22 50 50 14 50 50 50 50 50 50 50 50 50 50 50 50 50 50 50 50 50 50 50 50 50 50 50 50 50 50 50 50 50 50 50 50 50 50 50 50 50 50 50 50 50 50 50 50 50 50 50 50 50 50 50 50 50 50 50 50 50 50 50 50 50 50 50 50 50 50 50 50 50 50 50 50 50 50 50 50 50 50
50 50 50 50 24 50 50 50 50 50 50 50 50 50 50 50 50 50 50 50 50 50 50 50 50 50 50 50 50 50 50 50 50 50 50 50 50 50 50 50 50 50 50 50 50 50 50 50 50 50 50 50 50 50 50 50 50 50 50 50 50 50 50 50 50 50 50 50 50 50 50 50 50 50 50 50 50 50 50 50 50 50 50 50
50 50 50 50 50 50 50 50 50 50 50 50 50 50 50 50 50 50 50 50 50 50 50 50 50 50 50 50 50 50 50 50 50 50 50 50 50 50 50 50 50 50 50 50 50 50 50 50 50 50 50 50 50 50 50 50 50 50 50 50 50 50 50 50 50 50 50 50 50 50 50 50 50 50 50 50 50 50 50 50 50 50 50
50 50 50 50 50 50 50 50 50 50 50 50 50 50 50 50 50 50 50 50 50 50 50 50 50 50 50 50 50 50 50 50 50 50 50 50 50 50 50 50 50 50 50 50 50 50 50 50 50 50 50 50 50 50 50 50 50 50 50 50 50 50 50 50 50 50 50 50 50 50 50 50 50 50 50 50 50 50 50 50 50 50
50 50 50 50 50 50 50 50 50 50 50 50 50 50 50 50 50 50 50 50 50 50 50 50 50 50 50 50 50 50 50 50 50 50 50 50 50 50 50 50 50 50 50 50 50 50 50 50 50 50 50 50 50 50 50 50 50 50 50 50 50 50 50 50 50 50 50 50 50 50 50 50 50 50 50 50 50 50 50 50 50
50 50 50 50 50 50 50 50 50 50 50 50 50 50 50 50 50 50 50 50 50 50 50 50 50 50 50 50 50 50 50 50 50 50 50 50 50 50 50 50 50 50 50 50 50 50 50 50 50 50 50 50 50 50 50 50 50 50 50 50 50 50 50 50 50 50 50 50 50 50 50 50 50 50 50 50 50 50 50 50
50 50 50 50 50 50 50 50 50 50 50 50 50 50 50 50 50 50 50 50 50 50 50 50 50 50 50 50 50 50 50 50 50 50 50 50 50 50 50 50 50 50 50 50 50 50 50 50 50 50 50 23 50 50 50 50 50 50 50 50 50 50 50 50 50 50 50 50 50 50 50 50 50 50 50 50 50 50 50
50 50 50 50 50 50 50 50 50 50 50 50 50 50 50 50 50 50 50 3 50 50 50 50 50 50 50 50 50 50 50 50 50 50 50 50 50 50 50 50 50 50 50 50 50 50 50 50 50 50 50 50 50 50 50 50 50 50 50 50 50 50 50 50 50 50 50 50 50 50 50 50 50 50 50 50 50 50
50 50 50 50 50 50 50 50 50 50 50 50 50 50 50 50 50 50 50 50 50 50 50 50 50 50 50 50 50 50 50 50 50 42 50 50 50 50 50 50 50 50 50 50 50 50 50 50 50 50 50 50 50 50 50 50 50 50 50 50 50 50 50 50 50 50 50 50 50 50 50 50 50 50 50 50 50
50 50 50 50 50 50 50 50 50 50 50 50 50 50 50 50 50 50 50 50 29 50 50 11 50 50 50 50 50 50 50 50 50 50 50 50 50 50 50 50 50 50 50 50 50 50 50 50 50 50 50 50 50 50 50 50 50 50 50 50 50 50 50 50 50 50 50 50 50 50 50 50 50 50 50 50
50 50 50 50 50 50 50 50 50 50 50 50 50 50 50 50 50 50 50 50 50 50 50 50 50 50 50 50 50 50 50 50 50 50 50 50 50 50 50 50 50 50 50 50 50 50 50 50 50 50 50 50 50 50 50 50 50 50 50 50 50 50 50 50 50 50 50 50 50 50 50 50 50 50 50
50 50 50 50 50 50 50 50 50 50 50 50 50 50 50 50 50 50 50 50 50 50 50 50 50 50 50 50 50 50 50 50 50 50 50 50 50 50 50 50 50 50 50 50 50 50 50 50 50 50 50 50 50 50 50 50 50 50 50 50 50 50 50 50 50 50 50 50 50 50 50 50 50 50
50 50 50 50 50 50 50 50 50 50 50 50 50 50 50 50 50 50 50 50 50 50 50 50 50 50 50 50 50 50 50 50 50 50 50 50 50 50 50 50 38 50 50 50 50 50 50 50 50 50 50 50 50 50 45 50 50 50 50 50 50 50 50 50 50 50 50 50 50 50 50 50 50
50 50 50 50 50 50 50 50 50 50 50 50 50 50 50 50 50 50 50 50 50 50 50 50 50 50 50 50 50 50 50 50 50 50 50 50 50 50 50 50 50 50 50 50 50 50 50 50 50 50 50 50 50 50 50 50 50 50 50 50 50 50 50 50 50 50 50 50 50 50 50 50
50 50 50 50 50 50 50 50 50 50 50 50 50 50 50 50 50 50 50 50 50 50 50 50 50 50 50 50 50 50 50 50 50 50 50 50 50 50 50 50 50 50 50 50 50 50 50 50 50 50 50 50 50 50 50 50 50 50 50 50 50 50 50 50 50 50 50 50 50 50 50
36 50 50 50 50 50 50 50 50 50 50 50 50 50 50 50 50 50 50 50 50 50 50 50 50 50 50 50 50 50 50 50 50 50 50 50 50 50 50 50 50 50 50 50 50 50 50 50 50 50 50 50 50 50 50 50 50 50 50 50 50 50 50 50 50 50 50 50 50 50
50 50 50 50 50 50 50 50 50 50 50 50 50 50 50 50 33 50 50 50 50 50 50 50 50 50 50 50 50 50 50 50 50 50 50 50 50 50 50 50 50 50 50 50 50 50 50 50 50 50 50 50 50 50 50 50 50 50 50 50 50 50 50 50 50 50 50 50 50
50 50 50 50 50 50 50 50 50 50 50 50 50 50 50 50 50 50 50 50 50 50 50 50 50 50 50 50 50 50 50 50 50 50 50 50 50 50 50 50 50 50 50 50 50 50 19 50 50 50 50 50 50 50 50 50 50 50 50 50 50 50 50 50 50 50 50 50
50 50 50 50 50 50 50 50 50 50 50 50 50 50 50 50 50 50 50 50 50 50 50 50 50 50 50 50 50 50 50 50 50 50 50 50 50 50 50 50 50 50 50 50 50 50 50 50 50 50 50 50 50 50 50 50 50 50 50 50 50 50 50 50 50 50 50
50 50 50 50 50 50 50 50 50 50 50 50 50 50 50 50 50 50 50 50 50 50 50 50 50 50 50 50 36 50 50 50 50 50 50 50 50 50 50 50 50 50 50 50 50 50 50 50 50 50 50 50 50 50 50 50 50 50 50 50 50 50 50 50 50 50
50 50 50 50 50 50 50 50 50 50 50 50 50 50 50 50 50 50 50 50 50 50 50 50 50 50 50 50 50 50 50 50 50 50 50 50 50 50 50 50 50 50 50 50 50 10 50 50 50 50 50 50 50 50 50 50 50 50 50 50 50 50 50 50 50
50 50 50 50 50 50 50 50 50 50 50 50 50 50 50 50 50 50 50 50 50 50 50 50 50 50 50 50 50 14 50 50 50 50 50 50 50 50 50 50 50 50 50 50 50 50 50 50 50 50 50 50 50 50 50 50 50 50 50 50 50 50 50 50
50 50 50 50 50 50 50 50 50 50 50 50 50 50 50 50 50 50 50 50 50 50 50 50 50 50 50 50 50 50 50 50 50 50 50 50 50 50 50 50 50 50 50 50 50 50 50 50 50 50 50 50 50 50 50 50 50 50 50 50 50 50 50
50 50 50 50 50 50 50 50 50 50 50 50 50 50 50 50 50 50 50 50 50 50 50 50 50 50 50 50 50 50 50 50 50 50 50 50 50 50 50 50 50 50 50 50 50 50 50 50 50 50 50 50 50 50 50 50 50 50 50 50 50 50
50 50 50 50 50 50 50 50 50 50 50 50 50 50 50 50 50 50 50 50 50 50 50 50 50 50 50 50 50 50 50 50 50 50 50 50 50 50 35 50 50 50 50 50 50 50 50 50 50 50 50 50 50 50 50 50 50 50 50 50 50
50 50 50 50 50 50 50 50 50 50 50 50 50 50 50 50 50 50 50 50 50 50 50 50 50 50 50 50 50 50 50 50 50 50 50 50 50 50 50 50 50 50 50 50 50 50 50 50 50 50 50 50 50 50 50 50 50 50 50 50
50 50 50 50 50 50 50 50 50 50 50 50 50 50 50 50 50 50 50 50 50 50 50 50 50 50 50 50 50 50 50 50 50 50 50 50 50 50 10 50 50 50 50 50 50 50 50 50 50 50 50 50 50 50 50 50 50 50 50
50 50 50 50 50 50 50 50 50 50 50 50 50 50 50 50 50 50 50 50 50 50 50 50 50 50 50 50 50 50 50 50 50 50 50 50 50 50 50 50 50 50 50 50 50 50 50 50 50 50 50 50 50 50 50 50 50 50
50 1 50 50 50 50 50 50 50 50 50 50 50 50 50 50 50 50 50 50 50 50 50 50 50 50 50 50 50 50 50 50 50 50 50 50 50 50 50 50 50 50 50 50 50 50 50 50 50 50 50 50 50 50 50 50 50
50 50 50 50 50 0 50 50 50 50 50 50 50 50 50 50 50 50 50 50 50 50 50 50 50 50 50 50 50 50 50 50 50 50 50 50 50 50 50 50 50 50 50 50 28 50 50 50 50 50 50 50 50 50 50 50
50 50 50 50 50 50 50 50 50 50 50 50 50 50 50 50 50 50 50 50 50 50 50 50 50 50 50 50 50 50 50 50 50 50 50 50 50 50 50 50 50 50 50 50 50 50 50 50 50 50 50 50 50 50 50
50 50 50 50 50 50 50 50 50 50 50 50 50 50 50 50 50 50 50 50 50 50 50 50 50 50 50 50 50 50 50 50 50 50 50 50 50 50 50 50 50 50 50 50 50 50 50 50 50 23 50 50 50 50
50 50 50 50 50 50 50 50 50 50 50 50 50 50 50 50 50 50 50 50 50 50 50 50 50 50 50 50 50 50 50 50 50 50 50 50 50 50 50 50 50 50 50 50 50 50 50 50 50 50 50 50 50
50 50 50 50 50 50 50 50 50 50 50 50 50 50 50 50 50 50 50 50 50 50 50 50 50 50 50 50 50 50 50 50 50 50 50 50 50 50 50 50 50 50 50 50 50 50 50 50 50 50 50 50
50 50 50 50 50 50 50 50 50 50 50 50 50 50 50 50 50 50 50 50 50 50 50 50 50 50 50 50 50 50 50 50 50 50 50 50 50 50 50 50 50 50 50 50 50 50 50 50 50 50 50
50 50 50 50 50 50 50 50 50 50 50 50 50 50 50 50 50 50 50 50 50 50 50 50 50 50 50 50 50 50 50 50 50 50 50 50 50 50 50 50 50 50 50 50 50 50 50 50 50 50
50 50 50 50 50 50 50 50 50 50 50 50 50 50 50 50 50 50 50 50 50 50 50 50 50 50 50 50 50 50 50 50 50 50 50 50 50 50 50 50 50 50 50 50 50 50 50 50 50
50 50 50 50 50 50 50 50 50 50 50 50 50 50 50 50 50 50 50 50 50 50 50 50 50 50 50 50 50 50 50 50 50 50 50 50 50 22 50 50 50 50 50 50 50 50 50 50
50 50 50 50 50 50 50 50 50 50 50 50 50 50 50 50 50 50 50 50 50 50 50 50 50 50 50 50 50 50 50 50 50 50 50 50 50 50 50 50 50 50 50 50 50 50 50
50 50 50 50 50 50 50 50 50 50 50 50 50 50 50 50 50 50 50 50 50 50 50 50 50 50 50 50 50 50 50 50 50 50 50 50 50 50 50 50 50 50 50 50 50 50
50 50 50 50 50 50 50 50 50 50 50 50 50 34 50 50 50 50 50 50 50 50 50 50 50 50 50 50 50 50 50 50 50 50 50 50 50 50 50 50 50 50 50 50 50
50 50 50 50 50 50 50 50 50 50 50 50 50 50 50 50 50 50 50 50 50 50 50 50 50 50 50 50 50 50 50 50 50 50 50 50 50 50 50 50 50 50 50 50
50 50 50 50 50 50 50 50 50 50 50 50 50 50 50 50 50 50 50 50 50 50 50 50 50 50 50 50 50 50 50 50 50 50 50 50 50 50 50 50 50 50 50
50 50 50 50 50 50 50 50 50 50 50 50 50 50 50 50 50 50 50 50 50 50 50 50 50 50 50 50 50 50 50 50 13 50 50 50 50 50 50 50 50 50
50 21 50 50 50 50 50 50 50 50 50 50 50 50 50 50 50 50 50 50 50 50 50 50 50 50 50 50 50 50 50 50 50 50 50 50 50 50 50 50 50
50 50 50 50 50 50 50 50 50 50 50 50 50 50 50 50 50 50 50 50 50 50 50 50 50 50 50 50 50 50 50 50 50 50 50 50 50 50 50 50
50 50 50 18 50 50 50 50 50 50 50 50 50 50 50 50 50 50 50 50 50 50 50 50 50 50 50 50 50 50 50 50 50 50 50 50 50 50 50
50 50 50 50 50 50 50 50 50 50 50 50 50 50 50 50 50 50 50 50 50 50 50 50 50 50 50 50 50 50 50 50 50 50 50 50 50 50
50 50 50 50 50 50 50 50 50 50 50 50 50 50 50 50 50 50 50 50 50 50 50 50 50 50 50 50 50 50 50 50 50 50 50 50 50
50 50 50 50 50 50 50 50 50 50 50 50 50 50 50 50 50 50 50 50 50 50 50 50 50 50 50 50 50 50 50 50 50 50 50 50
50 50 50 50 50 50 50 50 50 50 50 50 50 50 50 50 50 50 22 50 50 50 50 50 50 50 50 50 50 50 50 50 50 50 50
50 50 50 50 50 50 50 50 50 50 50 50 50 50 50 50 50 50 50 50 50 50 50 50 50 50 50 50 50 50 50 50 50 50
50 50 50 50 50 50 50 50 50 50 50 50 50 50 50 50 50 50 50 50 50 50 50 50 50 50 50 50 50 50 50 50 50
50 50 50 50 50 50 50 50 50 50 50 50 50 50 50 50 50 50 50 50 50 50 50 50 50 50 50 50 50 50 50 50
50 50 50 50 50 50 50 50 50 50 50 50 50 50 50 50 50 50 50 50 50 50 50 50 50 50 50 50 50 50 50
50 50 50 50 50 50 50 50 50 50 50 50 50 50 50 50 50 50 50 50 50 50 50 22 50 50 50 50 50 50
50 50 50 50 50 50 50 50 50 50 50 50 50 50 50 31 50 50 50 50 50 50 50 50 50 50 50 50 50
50 50 50 50 50 50 50 50 50 50 50 50 50 50 50 50 50 50 50 50 50 50 50 50 50 50 50 50
50 50 50 50 50 27 50 50 50 50 50 50 50 50 50 50 50 50 50 50 50 50 50 50 50 50 50
50 50 50 50 50 50 50 50 50 50 50 50 50 50 50 50 50 49 50 50 50 50 50 50 50 50
50 50 50 50 50 50 50 50 50 50 50 50 50 50 50 50 50 50 50 50 50 50 50 50 50
50 50 50 50 50 50 50 50 50 50 50 50 50 50 50 50 50 50 50 50 50 50 50 50
50 50 50 50 50 50 50 50 50 50 50 24 50 50 50 50 50 50 50 50 50 50 50
50 50 50 50 50 50 50 50 50 50 50 50 50 50 50 50 50 50 50 50 50 50
50 50 50 50 50 50 50 50 50 50 50 50 50 50 50 42 50 50 50 50 50
50 50 50 50 50 50 50 50 50 50 50 50 50 50 50 50 50 50 50 50
50 50 50 50 50 50 50 50 50 50 50 50 50 50 50 50 50 50 50
50 50 50 50 50 50 50 50 50 50 50 50 50 50 50 50 50 50
50 50 50 50 50 50 50 50 50 50 50 50 50 50 50 50 50
50 50 50 50 50 50 50 50 50 50 50 50 50 50 50 50
50 50 50 50 50 50 50 50 50 50 50 50 50 50 50
50 50 50 50 50 50 50 50 50 50 50 50 50 50
50 50 50 50 50 50 50 50 50 50 50 50 50
50 50 50 50 50 50 50 50 50 50 50 50
50 50 50 50 50 50 50 50 50 50 50
50 50 50 50 50 50 50 50 50 50
50 50 50 50 50 50 50 50 50
50 50 50 50 50 50 50 50
50 50 50 50 50 50 50
50 50 50 50 50 50
50 50 50 50 50
50 50 50 50
50 50 50
50 50
50
