200 100
30 95 14 45 11 51 15 21 54 100 16 10 73 10 78 5 100 100 100 77 100 74 36 38 100 22 73 34 36 100 15 31 100 45 100 59 93 14 33 100 100 20 72 72 73 78 100 100 19 0 100 100 32 100 4 100 3 46 80 92 29 65 100 11 26 15 100 44 23 100 3 47 100 74 22 90 4 48 79 45 16 37 55 100 19 100 17 20 100 28 22 79 23 100 84 59 100 42 38 46 0 21 85 100 83 100 70 100 74 7 100 100 38 2 52 46 84 97 100 100 7 74 39 9 36 67 16 100 100 100 66 100 4 61 100 42 53 82 95 100 100 14 37 77 19 22 100 72 43 31 73 76 16 51 75 100 85 42 97 77 36 85 75 94 21 50 99 24 41 59 61 12 87 74 73 100 100 28 24 100 56 12 94 100 62 23 44 79 65 96 62 9 42 82 100 100 31 75 100 100
65 51 46 17 22 65 100 88 6 100 69 47 100 87 88 77 31 2 18 36 95 38 22 2 100 23 100 59 71 2 57 78 81 0 99 2 18 48 27 82 40 86 90 82 30 53 3 14 83 100 9 100 96 100 78 59 40 40 90 100 35 1 50 24 1 100 73 35 44 71 100 68 100 45 55 83 100 87 58 100 39 95 15 46 100 89 73 11 100 84 18 74 95 99 68 89 92 100 100 4 72 67 47 98 44 50 61 57 100 37 0 100 4 12 84 100 45 61 51 73 7 50 100 95 19 62 87 24 13 96 49 16 29 12 83 40 64 100 100 100 72 3 0 100 90 49 13 42 100 100 6 100 100 12 61 100 36 56 17 100 47 56 43 100 13 22 33 47 100 100 94 42 100 95 85 100 54 70 11 13 86 91 100 16 53 92 5 100 93 27 32 100 0 5 20 91 100 45 100
76 82 100 80 41 97 59 66 100 0 100 54 17 68 100 49 9 100 34 86 100 60 10 64 20 53 47 97 100 3 79 100 27 98 70 100 36 33 36 37 100 100 76 68 100 100 17 100 36 29 16 25 53 32 100 95 23 100 100 93 81 47 100 31 22 18 53 100 82 5 100 100 25 75 82 12 36 75 26 40 71 86 73 34 15 89 100 100 51 95 49 89 92 49 12 18 100 100 44 100 80 100 6 44 33 88 36 62 93 11 83 94 70 19 29 38 100 100 71 52 95 60 19 4 80 100 92 72 51 70 20 44 81 34 66 38 45 64 2 100 27 26 88 93 44 100 100 1 29 92 82 78 22 90 100 94 100 64 63 5 30 100 42 100 9 100 64 37 33 29 68 69 13 88 24 100 86 84 0 64 100 72 37 88 82 74 11 9 50 53 73 100 77 5 28 33 52 100
100 74 100 98 86 58 81 29 64 23 100 100 60 10 50 65 0 12 100 4 40 32 19 57 80 20 11 56 95 81 10 11 84 67 33 3 23 27 100 8 100 100 82 15 100 95 100 42 96 30 100 25 100 97 34 47 35 86 92 88 57 100 100 100 12 69 84 39 85 26 27 19 64 69 17 100 28 75 6 100 100 100 100 75 64 82 85 76 66 27 75 87 100 87 92 9 30 88 90 18 3 54 4 89 100 100 100 17 87 43 18 52 43 57 79 15 100 92 44 20 40 4 65 70 85 88 47 72 100 8 100 11 27 18 100 19 36 39 100 100 100 67 100 42 33 34 97 100 81 59 93 100 100 100 78 100 29 33 62 88 4 21 16 16 43 14 81 24 71 100 36 86 83 100 71 63 85 100 42 100 61 3 72 4 100 100 100 41 78 73 32 98 16 31 86 16 100
99 100 100 100 40 70 32 34 100 92 6 100 66 91 4 53 79 88 97 100 100 80 98 11 13 72 47 100 29 100 82 43 82 84 100 93 100 82 100 100 31 54 100 95 12 87 100 58 100 61 84 100 90 100 100 26 31 58 44 29 26 19 97 70 43 84 25 87 3 75 100 100 55 100 23 6 100 93 66 54 24 90 100 100 100 42 82 100 80 100 63 91 1 73 63 82 42 100 4 51 3 96 33 40 86 4 67 100 0 83 36 68 45 100 42 59 100 5 100 100 100 41 60 72 56 32 100 100 49 75 29 41 74 82 24 90 100 57 100 100 55 39 33 41 54 100 10 100 100 100 66 100 16 51 13 62 91 50 29 13 100 92 28 100 100 35 69 74 0 41 100 89 40 37 1 14 44 34 18 100 48 82 36 80 100 100 70 45 100 100 100 80 73 94 13 100
2 49 53 100 100 100 84 29 34 48 54 43 8 43 36 29 97 39 5 97 42 33 67 74 48 100 28 55 97 100 77 26 39 47 100 66 40 65 100 22 42 100 100 83 100 79 63 39 49 93 24 44 71 14 98 69 74 100 33 35 100 42 53 20 19 23 18 16 32 100 100 100 70 53 49 100 100 23 77 72 100 16 17 19 83 7 53 100 15 6 72 100 100 64 4 100 100 100 92 100 100 70 88 15 67 100 69 4 64 54 31 41 17 100 100 100 34 10 93 38 48 100 47 97 100 12 92 100 29 96 95 100 32 47 88 81 94 54 100 21 96 13 5 26 49 94 79 100 99 52 29 46 29 62 0 8 82 87 4 3 24 42 47 35 100 100 89 54 74 100 100 30 26 22 83 79 45 42 68 14 51 81 29 35 18 61 7 13 13 60 47 35 59 45 100
79 67 18 59 60 64 100 83 100 96 9 28 85 16 74 11 62 4 100 30 49 40 6 60 100 8 32 85 98 100 90 10 46 67 71 24 77 83 48 11 29 100 100 65 6 80 17 57 100 28 7 9 8 100 17 100 100 100 52 100 65 55 4 58 32 100 100 34 46 44 62 100 87 59 100 100 19 100 61 100 100 19 100 78 76 100 94 8 99 100 81 100 44 47 61 100 83 100 67 63 100 100 85 63 19 65 42 7 100 12 7 56 3 18 85 1 99 71 56 100 100 74 26 61 100 99 44 62 46 33 19 100 82 72 100 84 100 30 100 48 100 72 100 53 61 69 34 59 70 31 74 66 3 41 13 54 87 81 46 12 100 60 77 26 76 78 50 40 66 12 100 1 98 90 100 21 61 59 78 25 22 100 70 61 23 96 12 1 34 73 49 27 98 100
100 95 37 100 4 66 58 21 13 51 80 27 31 88 61 70 34 52 27 9 100 65 100 100 44 100 3 54 62 14 14 4 78 87 39 52 23 22 52 7 31 5 11 60 75 16 86 12 56 46 84 100 100 35 100 60 64 83 1 59 44 19 58 1 12 90 100 74 100 17 75 61 12 45 58 26 35 46 46 100 100 37 68 84 70 100 53 36 10 20 53 100 100 11 100 5 54 61 100 9 2 17 1 12 100 25 7 17 100 62 3 82 44 48 80 62 55 100 59 35 16 100 100 79 59 100 68 94 49 67 48 97 2 100 100 100 82 29 37 65 27 1 86 76 100 9 67 99 84 49 100 21 100 16 39 53 34 81 47 92 51 67 17 84 100 100 72 100 100 28 54 89 100 3 98 42 24 51 100 33 57 31 13 74 98 10 76 48 26 28 82 53 100
63 100 1 20 100 60 4 74 48 62 19 25 100 100 100 66 9 74 100 63 100 100 22 100 83 100 100 100 100 57 15 53 16 45 100 40 13 28 50 44 39 100 49 0 55 13 27 68 100 95 100 100 37 100 29 8 15 3 35 56 24 63 45 100 100 87 100 100 70 65 95 0 18 84 100 100 3 100 63 100 51 34 71 100 6 100 100 100 100 71 26 75 84 78 60 98 94 100 23 100 100 79 47 57 78 50 9 60 19 100 100 15 100 29 38 55 46 65 95 100 59 69 16 64 4 100 88 4 26 76 13 44 26 100 89 49 27 81 77 100 100 81 98 82 54 65 100 81 100 52 71 82 100 37 24 100 65 32 67 80 94 74 98 72 99 55 73 100 20 100 8 48 100 100 98 60 78 50 61 43 9 36 75 51 33 22 71 100 45 25 8 100
46 81 0 100 43 21 100 28 51 87 62 12 73 100 42 54 70 6 76 100 10 63 35 92 90 3 100 9 100 40 51 11 39 26 100 71 71 85 100 13 25 0 50 100 100 51 41 30 89 2 78 68 100 100 70 100 76 39 100 3 43 100 100 68 100 39 40 100 100 77 100 16 100 15 100 89 78 12 100 91 75 100 86 84 100 100 100 67 10 100 14 67 100 100 36 79 26 58 95 0 100 22 26 42 4 100 29 81 24 100 100 29 71 61 36 69 58 100 88 51 100 97 54 31 21 49 46 33 27 88 96 16 1 5 33 14 78 100 10 62 100 100 97 52 45 58 64 4 41 41 50 26 56 42 60 47 40 66 100 3 100 10 58 55 19 100 22 8 100 100 58 51 77 7 100 56 36 98 56 13 100 7 100 100 100 40 78 35 52 100 100
67 100 60 55 8 4 43 100 37 51 71 45 8 9 23 54 51 18 10 13 49 63 1 66 87 100 100 79 100 54 29 47 39 100 100 80 63 100 100 100 10 100 83 57 66 100 18 61 42 86 81 34 100 77 94 88 38 86 100 9 95 29 91 0 42 100 100 18 99 69 57 100 21 13 100 100 11 10 12 10 60 27 19 39 100 26 66 73 100 78 28 70 74 100 81 61 43 21 16 69 75 100 100 81 79 79 14 9 58 100 100 83 36 100 26 100 26 100 100 41 29 3 91 19 100 100 100 14 21 21 37 75 61 17 100 27 23 44 90 84 100 21 73 71 59 85 62 47 24 97 100 5 52 99 100 9 68 91 100 58 66 39 16 15 4 71 100 95 61 12 84 78 57 100 25 81 47 100 83 100 33 7 100 100 100 87 100 13 90 100
95 30 81 70 89 100 60 100 23 68 63 48 46 36 27 100 100 100 100 100 38 19 66 100 38 67 100 19 34 100 100 97 50 97 100 64 46 72 50 83 100 66 68 20 24 100 58 100 25 1 100 100 47 73 89 5 13 39 47 36 47 1 39 100 98 100 41 97 47 42 91 100 98 39 73 28 77 59 100 30 62 20 0 66 88 7 34 100 80 64 85 6 77 100 100 29 50 100 74 85 27 87 100 3 85 1 100 92 4 94 64 24 40 100 94 77 88 39 57 64 10 1 39 100 97 62 100 35 100 38 10 66 25 100 48 100 65 100 62 25 27 96 98 100 80 20 100 64 1 100 67 70 60 53 100 78 69 12 3 38 88 8 97 100 100 28 39 61 98 97 44 37 28 37 100 51 59 64 7 41 100 72 96 57 100 100 88 7 100
100 100 46 100 0 28 100 100 100 100 76 100 100 90 30 40 100 100 78 46 47 94 100 81 89 3 42 11 23 67 12 100 75 72 95 19 34 60 68 85 56 28 35 94 24 100 44 31 55 54 77 100 38 33 22 86 96 1 62 8 53 74 99 100 83 17 65 68 45 100 1 33 85 33 72 18 6 93 92 52 63 0 100 6 100 100 100 84 78 100 10 78 100 17 100 97 100 16 20 26 100 59 52 12 100 68 91 99 1 100 56 100 100 81 17 8 56 32 53 100 68 45 27 96 7 100 79 28 100 94 21 28 17 15 94 19 100 1 86 14 0 41 100 74 100 100 3 24 2 90 68 87 55 81 100 47 13 27 87 21 33 100 71 23 100 79 1 9 39 100 38 49 63 11 90 19 8 100 95 80 61 100 100 100 100 5 31 100
65 100 100 90 49 21 100 61 2 92 100 100 91 81 100 69 89 93 64 59 51 100 1 49 71 35 33 100 100 44 13 43 31 79 99 89 100 40 68 36 3 15 70 100 30 79 88 5 41 100 35 100 70 24 100 68 8 39 78 34 100 37 10 71 75 100 100 69 100 41 44 46 60 100 100 98 7 66 100 25 100 100 100 100 100 36 77 100 75 93 100 67 82 9 100 28 16 39 100 55 67 67 55 100 47 33 100 95 51 100 43 41 25 86 100 87 5 65 93 92 94 100 12 1 49 99 95 80 19 76 45 100 100 61 5 49 66 38 74 51 100 59 39 91 85 100 100 64 74 79 62 50 100 0 15 99 42 100 40 30 63 100 100 100 42 45 17 38 38 100 88 56 44 100 74 29 61 59 28 100 100 100 100 19 100 44 100
100 100 100 100 97 100 100 100 58 83 29 47 69 15 100 41 71 20 27 100 26 92 34 92 76 94 63 54 85 100 42 100 67 65 76 68 26 4 37 100 88 41 47 26 75 30 100 89 65 69 98 72 57 100 71 3 100 100 55 70 14 39 68 7 35 100 87 37 100 69 42 3 93 39 72 2 64 11 100 5 38 100 44 18 97 77 100 27 59 61 61 100 100 17 98 32 44 100 31 100 75 100 100 100 24 4 98 98 21 38 45 32 95 4 100 1 7 8 16 23 30 4 4 100 61 100 100 65 16 47 29 77 71 6 11 37 28 29 56 100 70 100 56 66 12 29 66 86 100 26 19 35 69 52 100 100 70 48 97 100 55 12 12 48 98 4 45 5 23 100 54 78 100 73 94 39 7 100 47 23 100 81 96 90 24 100
70 61 81 39 100 9 100 59 100 100 90 80 4 69 22 100 33 1 3 100 58 69 56 100 100 28 55 23 56 23 39 66 97 37 100 42 68 100 85 65 0 99 35 7 100 100 100 46 100 15 100 85 76 76 27 14 34 5 90 100 92 72 51 1 100 3 100 100 93 68 45 70 100 12 100 100 100 69 97 58 17 100 51 73 16 100 100 32 23 27 81 98 80 29 100 100 65 58 42 45 3 100 87 65 1 69 100 19 97 54 60 52 28 40 66 22 100 94 13 9 26 15 88 3 100 94 14 15 44 92 90 53 37 12 93 100 31 38 50 55 100 52 77 51 59 82 72 95 86 100 100 53 100 100 100 100 11 88 71 50 39 100 55 92 58 100 27 59 100 100 60 100 94 73 50 100 10 46 27 100 31 54 100 78 100
70 41 26 17 80 91 88 17 66 3 86 50 61 32 100 14 100 22 3 33 5 77 8 12 16 35 100 100 66 48 55 100 94 34 70 74 52 100 62 41 37 23 52 16 53 71 14 65 58 23 100 56 86 49 100 56 100 77 50 100 27 7 9 42 14 57 49 100 93 26 11 100 48 73 56 89 26 11 100 24 65 30 64 82 6 73 52 28 20 83 100 95 50 27 29 78 90 38 81 100 60 74 100 17 28 82 0 75 49 85 100 91 3 100 9 55 68 18 2 100 99 41 100 14 51 100 48 100 68 67 100 41 5 100 100 100 100 62 48 33 39 29 100 51 25 61 19 100 62 10 91 17 84 97 86 20 76 46 100 99 3 48 100 51 97 23 83 58 64 100 34 81 82 98 0 100 75 100 100 100 58 12 100 100
88 12 3 53 77 50 52 7 100 100 100 49 100 77 69 60 98 26 100 100 28 1 98 100 23 24 100 58 93 100 63 100 100 56 5 100 11 100 100 100 42 9 5 94 66 1 11 27 100 32 100 75 93 13 15 13 100 54 100 83 59 0 100 99 37 51 48 59 77 100 19 100 29 100 36 38 9 4 43 100 80 100 76 69 98 65 81 54 100 55 100 70 100 100 50 37 18 100 84 42 0 24 56 21 100 47 22 68 22 100 100 77 20 46 83 8 28 29 2 94 50 25 100 48 37 21 1 100 43 12 3 10 1 100 100 99 90 35 59 60 38 55 9 88 1 21 100 100 97 86 37 67 91 15 100 100 100 56 10 72 10 100 1 26 100 70 80 32 28 97 100 48 69 50 100 43 100 59 82 28 2 56 100
70 55 21 100 67 90 100 8 50 64 100 100 70 20 32 69 65 100 43 35 79 50 100 2 100 100 97 93 100 36 26 100 44 15 100 89 100 80 100 35 9 27 29 100 57 46 79 100 80 49 21 100 72 0 77 100 100 100 16 88 63 9 21 72 100 91 27 43 89 98 100 52 18 40 16 96 22 100 92 47 85 89 14 100 92 93 73 78 98 31 30 79 9 71 6 31 100 18 54 100 70 8 16 99 100 12 100 37 100 100 25 21 9 20 74 89 44 61 100 100 88 51 9 100 100 99 100 44 37 70 33 99 84 47 98 100 1 96 89 80 22 100 35 98 65 100 19 32 34 28 100 9 86 50 26 38 98 97 43 100 91 100 100 100 99 13 84 17 47 16 92 28 64 11 41 100 82 53 100 13 100 100
100 14 8 50 31 46 10 20 47 47 82 9 100 100 87 50 58 100 95 100 37 100 44 35 100 41 17 41 45 70 3 8 49 7 54 100 60 39 10 89 9 77 43 41 74 66 66 18 33 96 65 59 100 65 14 18 100 29 29 97 100 8 22 59 74 21 61 18 73 77 54 28 31 5 30 25 56 88 100 100 46 32 17 31 100 23 34 100 100 24 28 92 88 100 84 100 18 87 8 89 24 100 9 70 84 100 47 91 93 100 85 72 100 2 1 100 100 57 100 5 91 46 85 70 100 100 64 85 100 78 56 100 31 100 77 28 71 28 4 7 100 100 100 100 94 60 49 1 100 100 96 44 21 100 100 54 46 37 100 95 100 93 13 28 95 81 100 17 19 49 82 65 67 100 37 27 100 100 41 53 100
15 100 27 69 60 28 10 58 60 100 100 61 62 99 100 91 91 39 58 41 23 1 5 27 88 72 12 9 21 18 76 95 88 100 23 67 100 62 35 36 33 14 84 63 87 61 97 90 100 100 85 100 16 100 62 93 37 15 22 62 12 78 100 29 81 100 100 75 74 4 23 41 9 76 10 100 93 90 100 62 81 62 5 100 2 100 23 100 40 42 40 100 53 73 91 41 64 100 2 100 42 87 2 64 1 92 15 100 23 100 8 100 33 37 0 82 29 100 10 96 75 38 100 13 23 50 61 51 56 91 85 69 70 100 15 100 58 32 86 100 3 80 29 100 96 100 95 100 100 45 100 68 69 17 93 80 100 62 9 100 100 100 32 65 79 54 12 41 47 100 94 29 13 39 47 11 1 100 100 100
100 58 100 75 69 90 75 100 39 36 30 23 51 34 40 12 58 43 26 89 63 0 36 100 89 69 100 97 100 100 20 100 62 100 64 88 100 0 99 0 100 7 100 42 41 8 73 15 16 100 81 84 82 92 100 37 2 83 62 90 69 11 67 64 100 79 5 82 25 44 34 33 42 100 100 32 81 18 78 27 48 92 100 100 85 100 100 33 58 26 22 2 91 69 100 54 23 100 10 100 37 23 49 89 100 3 43 54 30 68 100 100 100 52 44 21 28 100 45 20 99 32 100 100 100 100 75 100 31 88 3 68 9 24 2 56 68 17 89 26 2 100 70 88 49 100 33 48 100 83 42 5 63 100 19 100 70 100 99 73 36 94 58 62 17 10 87 100 89 100 60 69 43 84 45 25 100 80 100
100 68 40 61 84 100 49 34 79 64 20 100 65 100 63 29 28 6 15 63 73 89 100 33 100 10 77 32 53 100 32 100 100 100 14 21 22 100 100 77 96 3 16 81 72 95 10 10 81 78 87 100 62 100 29 100 100 76 100 69 62 32 51 100 100 17 2 71 89 4 85 94 100 57 100 73 100 96 40 100 56 3 7 100 77 8 100 96 76 73 44 5 26 7 20 100 100 100 100 67 100 24 36 79 100 45 87 63 100 100 44 87 42 19 62 65 32 100 92 13 100 81 100 44 71 36 57 75 73 77 10 100 42 52 21 100 100 32 20 92 50 81 33 100 100 50 50 5 100 100 30 100 100 96 100 100 100 70 73 58 100 23 95 75 27 38 34 100 50 48 71 100 51 45 23 44 100 100
96 2 15 87 24 44 33 100 3 90 35 96 13 100 83 91 100 49 91 99 100 44 89 38 100 72 98 100 100 100 16 61 32 33 71 18 100 2 51 44 45 100 8 35 100 28 100 58 70 100 91 0 5 91 82 85 5 100 100 7 23 78 12 89 84 100 100 40 82 13 49 100 84 24 95 22 100 40 52 18 76 52 100 31 16 48 79 42 100 45 44 100 36 100 56 100 100 68 10 6 74 100 33 60 39 49 2 25 1 95 97 22 100 98 8 100 17 25 23 7 34 91 100 100 80 5 76 3 49 60 100 29 58 100 10 100 27 100 46 91 100 53 61 53 7 100 65 82 21 41 0 71 42 100 31 27 31 76 100 100 39 100 9 74 32 60 100 94 80 63 76 99 73 79 73 66 100
2 4 61 100 62 75 25 73 78 48 10 17 100 72 83 63 70 99 100 48 26 91 9 23 100 53 100 49 79 94 88 100 85 24 98 35 100 100 100 51 100 59 100 100 83 96 64 97 21 10 72 54 73 100 100 13 48 15 18 100 69 61 58 100 30 88 55 100 99 95 54 63 68 100 84 100 53 67 73 100 100 69 79 37 11 100 67 8 100 63 81 5 63 28 100 52 30 63 100 100 100 100 5 80 100 100 60 100 61 98 100 100 22 8 65 36 5 100 40 74 100 100 72 79 27 100 86 75 43 45 100 34 37 100 0 43 44 79 47 66 62 80 4 100 100 70 95 76 33 53 52 100 100 13 46 100 100 64 84 100 100 39 82 49 100 9 1 88 79 24 4 45 49 23 60 100
5 100 24 100 94 79 4 100 48 100 39 91 100 100 89 10 95 82 100 82 10 88 89 71 17 69 35 15 3 100 32 98 27 31 100 62 100 100 17 100 68 88 31 0 15 100 87 74 55 81 100 100 59 99 67 100 48 50 15 100 100 64 100 22 100 100 100 36 100 94 51 82 29 42 73 100 100 100 74 35 68 21 16 87 31 73 89 100 84 100 100 100 78 100 41 33 35 64 96 100 100 64 100 50 100 82 70 80 96 100 61 96 7 44 33 100 100 100 23 31 16 100 94 41 88 35 15 23 54 16 16 50 30 26 86 30 35 61 30 61 100 89 44 11 59 23 79 100 72 7 81 9 33 94 92 84 100 10 100 89 33 43 73 26 100 100 92 100 43 97 34 4 56 80 100
52 41 66 100 63 32 25 26 85 36 48 51 100 68 22 26 51 47 83 20 18 100 51 10 100 82 100 100 100 89 59 100 18 56 52 100 100 100 30 47 86 100 0 60 100 100 59 100 100 93 61 34 96 36 92 100 86 100 50 22 49 79 3 97 73 4 77 16 100 31 23 5 92 96 43 100 5 59 41 24 98 100 27 72 59 100 89 82 3 100 10 29 51 100 63 100 61 26 42 82 16 100 78 81 100 46 100 100 43 13 0 89 100 99 17 51 46 32 47 61 90 39 100 16 76 100 89 21 25 86 10 68 25 88 10 69 99 100 46 19 57 100 30 100 100 100 90 73 100 79 100 15 16 100 34 29 45 74 100 26 92 38 78 100 77 93 52 99 61 34 81 100 31 100
36 100 53 100 3 83 63 27 100 100 82 100 79 100 16 100 96 32 88 100 100 100 50 85 46 46 94 29 14 94 74 22 13 76 1 100 35 87 98 25 33 76 74 74 42 100 100 41 100 55 51 100 74 32 75 60 52 100 14 66 83 99 15 100 51 38 6 82 100 100 91 35 54 73 27 72 73 33 7 100 100 28 56 77 79 63 70 44 100 56 100 72 7 4 29 100 61 56 52 72 24 36 17 100 88 100 91 5 0 100 43 40 100 100 96 22 50 30 59 87 71 98 43 100 49 38 62 11 60 57 15 60 29 100 49 86 89 50 57 90 63 44 100 3 77 100 39 81 100 15 100 26 21 16 30 100 100 92 100 98 100 67 93 20 22 100 78 66 61 46 100 100 100
14 84 100 59 4 56 91 97 10 100 56 85 33 81 24 69 71 4 100 56 14 5 100 69 100 99 65 100 69 100 100 72 82 78 83 81 91 100 64 100 100 100 85 49 100 100 11 100 17 0 53 100 100 87 68 53 11 1 41 3 99 28 7 67 99 82 100 100 89 25 100 56 100 19 100 86 83 25 91 43 100 61 40 46 51 100 42 100 43 69 100 54 49 65 100 39 36 100 100 72 100 100 71 25 87 100 80 2 100 33 82 30 100 51 100 100 63 17 100 23 3 90 60 100 50 25 100 16 86 90 46 60 62 55 100 22 100 24 58 74 95 65 68 63 69 100 7 96 56 100 100 100 16 30 89 100 72 65 43 100 94 100 30 98 71 100 100 29 83 69 9 100
100 25 73 100 34 65 100 88 100 100 67 74 48 31 100 100 77 54 78 100 100 85 83 49 63 98 56 100 11 100 62 100 11 96 76 2 100 100 31 77 6 39 48 90 47 69 36 94 53 64 79 65 96 92 23 100 100 100 55 32 7 67 32 97 53 100 52 88 100 53 19 52 12 61 57 100 71 19 98 23 62 76 100 74 47 71 78 9 83 100 53 15 21 39 78 44 100 29 72 98 9 58 91 47 71 16 73 100 56 96 44 92 24 80 67 28 24 76 34 69 6 98 28 41 28 56 91 100 19 100 45 54 64 37 100 96 34 13 81 100 92 100 45 93 88 100 100 100 51 99 100 92 8 88 100 67 66 81 100 30 100 55 35 89 98 6 16 17 23 28 100
1 37 44 96 86 70 96 100 6 100 95 25 100 2 72 24 100 12 16 100 52 100 35 24 12 8 100 39 32 41 94 100 76 100 69 90 100 80 55 64 43 100 100 62 77 64 62 100 100 43 100 4 54 22 100 24 9 84 81 5 100 99 13 28 100 71 37 32 98 100 8 44 80 37 15 8 62 75 16 76 96 70 77 56 1 100 12 53 37 72 100 24 9 21 47 100 33 83 100 62 13 43 33 10 100 80 100 56 100 65 96 6 100 31 2 53 100 100 24 100 100 35 71 100 100 100 90 53 75 15 100 100 43 88 17 91 83 72 100 100 50 37 53 73 100 8 57 90 100 100 19 100 19 22 53 97 44 12 100 100 100 31 45 100 71 100 55 21 72 100
100 39 100 65 24 100 7 10 85 16 100 91 100 100 34 90 90 100 27 83 28 12 84 100 3 31 100 82 56 100 64 4 18 100 72 40 89 95 83 100 33 100 31 67 4 62 47 25 1 26 23 20 58 100 28 48 10 100 95 91 54 95 26 48 19 31 68 46 100 100 100 94 20 100 82 83 14 100 100 88 43 69 76 100 100 58 82 71 46 100 91 44 68 100 100 8 100 65 16 100 13 84 87 100 35 53 66 94 77 7 78 100 1 100 21 99 100 100 43 100 40 62 81 42 100 100 50 60 100 16 33 100 69 100 16 57 100 18 100 34 61 100 21 81 86 99 63 56 92 17 100 78 100 42 96 87 100 9 57 76 0 100 42 25 100 20 100 51 100
100 100 100 49 47 54 100 16 83 56 100 100 39 61 65 86 19 23 19 89 100 83 59 100 37 100 70 12 98 100 66 100 89 90 11 27 69 99 100 45 82 52 90 16 0 100 43 55 97 0 33 100 100 71 49 62 100 79 14 87 1 12 5 48 89 51 68 100 19 80 100 21 82 35 100 39 67 65 14 9 89 4 84 38 91 100 100 46 21 100 66 67 72 56 30 75 70 93 62 47 79 17 100 32 22 17 20 100 69 100 66 65 26 92 38 89 8 100 34 63 35 100 67 41 76 81 41 17 100 34 35 100 53 37 67 28 69 67 86 62 92 13 10 25 100 42 48 100 84 72 26 83 100 1 100 89 100 36 67 24 22 46 100 100 65 34 57 100
100 100 0 62 51 100 90 11 61 63 93 36 100 100 77 31 67 47 87 91 100 85 64 40 100 100 37 30 75 27 5 95 17 88 49 58 4 93 51 100 31 7 91 100 100 90 64 39 90 100 17 52 44 45 43 100 100 24 0 66 21 12 88 87 100 53 65 38 78 10 78 38 89 92 90 100 4 11 11 63 20 100 40 89 87 50 38 84 100 0 2 50 65 39 83 22 50 97 40 44 58 100 62 50 100 100 91 31 34 30 44 99 49 100 60 100 21 35 10 55 80 65 100 32 11 100 57 45 17 100 71 100 91 42 34 100 92 95 100 100 14 0 29 54 52 100 100 88 100 74 74 100 100 23 100 53 47 100 100 37 100 45 31 69 100 72 100
46 100 91 55 13 83 100 35 38 87 62 13 55 100 92 100 100 100 78 67 55 95 4 32 77 100 100 86 25 100 4 50 33 96 6 100 58 27 65 40 21 93 11 100 2 48 44 43 68 100 35 62 57 27 100 80 45 100 2 100 39 35 57 60 58 100 5 90 100 71 60 75 100 100 100 100 44 24 92 15 15 43 97 81 46 21 62 11 100 87 100 100 16 100 90 100 100 100 11 100 100 100 32 2 43 19 3 4 61 100 31 0 100 39 2 67 100 100 100 100 39 62 55 1 100 4 100 78 84 12 100 98 63 24 83 15 30 26 60 18 45 33 95 100 100 12 100 32 52 10 23 24 100 23 18 94 100 100 100 26 90 24 5 34 54 100
92 25 73 14 100 100 6 26 99 10 100 95 78 46 57 100 68 73 39 100 35 13 71 99 100 60 100 88 61 2 22 77 77 85 90 69 21 47 61 35 15 100 99 100 57 4 21 100 11 61 90 75 99 64 62 86 27 95 100 47 37 75 100 15 74 40 37 39 28 74 11 87 58 43 78 52 46 47 40 89 81 10 100 37 72 68 45 13 95 44 52 16 31 100 11 96 87 5 59 100 27 46 99 100 20 100 61 95 65 12 28 3 17 95 76 56 88 74 100 48 86 71 70 100 21 77 89 100 55 59 58 46 4 80 1 64 100 17 100 100 78 53 87 68 72 39 75 1 35 43 9 93 89 79 100 86 97 13 31 27 100 100 35 28 100
7 100 100 28 24 63 17 78 55 14 71 46 19 34 30 70 6 49 74 100 75 52 34 100 59 59 91 100 100 57 16 100 100 39 100 100 52 36 71 35 69 99 58 52 81 5 100 31 81 50 94 60 25 28 98 72 45 100 49 19 100 64 13 100 36 54 86 32 83 80 44 26 100 37 67 26 83 9 48 100 100 52 18 36 100 2 100 100 12 47 83 100 21 1 80 42 5 65 100 84 72 45 98 18 58 100 77 2 100 37 75 49 24 66 42 64 3 25 17 100 64 99 88 69 100 87 38 38 100 100 66 39 100 100 44 100 16 79 100 0 56 54 13 35 43 62 64 97 100 100 81 66 16 27 7 48 100 97 79 91 11 78 93 100
100 41 95 100 44 34 84 39 85 23 70 8 23 91 23 70 44 100 11 25 13 35 69 39 16 56 50 4 83 52 48 43 100 15 47 91 49 4 41 6 47 56 7 90 6 80 66 100 33 100 100 100 47 42 85 100 100 53 59 97 44 96 74 56 67 62 41 100 100 0 14 16 8 60 4 41 7 100 74 63 80 3 100 100 100 43 76 25 94 100 93 22 31 90 1 12 57 100 98 100 45 72 100 20 65 33 100 38 66 100 7 100 38 86 43 100 82 100 39 46 54 73 42 46 65 93 100 77 51 92 21 100 100 74 56 57 100 58 62 100 50 30 55 100 100 79 100 75 28 40 100 85 100 96 100 100 66 100 1 17 100 100 100
65 100 72 100 54 53 47 7 43 42 74 100 31 79 75 50 14 33 54 43 51 100 41 36 41 47 53 99 27 99 92 69 76 100 21 29 100 100 67 32 100 97 72 88 100 93 43 100 20 11 53 85 71 31 92 100 66 52 100 100 64 100 27 100 1 9 100 99 42 16 40 8 32 100 100 71 38 100 13 100 76 90 68 85 59 100 78 100 6 68 100 100 53 78 100 42 63 99 0 96 94 17 42 76 99 100 59 2 22 100 91 71 73 71 18 87 14 11 100 49 44 99 20 59 1 100 36 41 65 83 87 100 53 100 18 100 40 1 100 45 25 66 46 100 100 50 80 74 52 70 88 16 100 100 100 100 21 55 91 36 100 100
52 1 15 28 11 25 7 85 54 90 100 93 13 6 100 96 72 100 100 100 100 20 41 88 100 85 59 25 43 27 27 57 96 78 32 75 100 29 21 100 84 66 39 97 100 25 0 0 17 75 12 13 29 19 39 100 53 81 9 86 75 79 98 17 100 100 68 6 59 64 11 3 91 100 57 57 51 67 52 100 14 67 100 3 73 10 100 52 100 21 78 9 100 67 100 38 100 14 94 24 14 100 95 63 65 100 76 100 85 85 81 100 4 100 45 100 99 73 100 93 29 100 38 22 100 31 49 9 8 13 100 100 19 13 84 100 100 53 100 24 64 46 100 81 48 2 36 10 39 77 100 100 100 95 4 64 93 100 86 42 100
59 100 49 100 92 100 35 17 98 76 92 71 80 84 81 100 78 49 100 100 23 34 74 100 100 11 100 100 58 100 60 100 50 99 100 100 100 71 67 100 100 39 7 3 81 28 100 100 100 86 59 10 83 88 55 88 100 100 27 30 53 59 39 68 15 100 20 2 80 88 80 21 43 89 21 49 72 100 96 93 19 100 100 90 3 49 99 70 50 32 33 27 46 40 98 23 100 37 9 93 62 69 100 30 100 100 41 100 67 100 98 100 17 83 27 97 69 100 86 100 91 100 73 65 11 13 94 27 100 19 100 100 41 100 0 100 74 100 71 40 100 100 100 18 11 34 51 100 49 100 73 35 68 1 34 65 36 63 12 100
79 100 85 91 43 100 75 100 3 85 14 56 47 100 65 58 59 67 66 32 100 100 100 2 100 18 36 48 89 85 39 0 93 20 13 78 10 100 87 36 11 58 100 25 30 54 82 100 48 44 97 100 100 35 47 47 57 20 29 51 24 100 79 100 42 15 100 46 93 100 100 34 78 85 61 100 79 45 7 98 100 57 100 25 100 100 100 100 100 71 41 2 100 9 75 82 71 10 47 100 64 100 95 52 100 33 100 97 70 84 31 40 39 43 50 63 59 100 30 7 52 97 83 100 50 60 75 100 41 98 98 92 56 100 100 72 93 57 100 51 33 11 73 11 100 88 5 16 25 100 99 100 43 44 32 61 94 100 100
60 100 69 16 99 1 31 42 68 84 100 100 93 61 36 100 22 26 100 18 47 85 86 61 2 62 24 49 100 100 100 100 100 49 80 26 82 62 100 86 100 63 33 73 50 100 34 46 100 100 41 100 78 43 15 23 100 100 59 100 32 75 14 89 100 31 52 100 20 31 100 14 20 73 100 59 9 30 29 37 79 100 100 77 44 56 100 39 100 95 100 100 100 100 5 100 84 11 38 100 90 91 100 36 4 21 34 100 20 88 40 9 87 51 21 87 100 47 54 25 82 0 87 100 55 47 0 76 58 60 79 100 94 2 100 11 100 46 70 100 100 100 94 93 21 100 79 51 100 76 100 97 50 67 37 47 57 100
28 88 41 13 30 84 19 61 100 43 100 81 100 63 31 70 40 51 61 91 75 6 29 19 22 14 33 43 68 44 90 8 6 100 87 46 100 28 100 37 100 30 100 100 32 100 93 65 77 35 21 81 100 11 100 100 100 100 100 25 9 64 29 90 71 24 90 100 16 96 54 25 82 100 25 65 14 25 89 7 74 41 61 87 84 99 98 35 32 23 100 100 17 4 13 21 52 100 58 4 25 100 100 57 43 100 88 11 0 77 12 79 53 62 21 79 13 60 51 82 100 61 0 12 100 16 23 100 83 100 47 88 60 100 53 99 79 100 100 100 100 79 100 79 31 13 100 44 65 100 45 23 34 100 38 10 100
45 100 100 100 52 81 60 100 100 35 62 98 21 35 8 93 18 100 3 100 67 100 87 100 19 87 97 55 7 100 100 100 72 100 27 100 9 100 57 1 55 100 26 95 100 100 100 54 95 85 60 100 53 53 100 100 100 4 48 3 100 100 93 26 43 100 29 67 78 49 100 100 100 53 100 1 11 75 74 82 23 100 52 12 92 86 65 92 2 20 39 15 96 95 22 77 82 7 5 92 14 13 100 35 78 26 49 3 91 78 69 27 19 100 40 69 7 29 6 4 85 39 5 86 100 100 100 100 100 92 100 66 17 7 100 85 12 100 28 51 15 17 92 50 100 36 100 100 73 8 100 100 17 1 71 100
14 35 68 35 19 78 95 28 75 93 42 100 43 51 16 40 100 100 96 90 97 17 20 16 15 100 39 69 100 12 17 91 100 100 74 100 19 66 100 82 3 19 38 100 100 0 100 34 34 47 25 90 8 71 70 82 34 62 0 43 97 40 27 100 68 94 25 61 80 30 100 47 68 85 21 72 7 26 17 97 18 5 80 97 57 2 87 89 13 88 1 58 77 100 83 100 50 60 62 84 100 100 100 75 96 26 100 41 100 74 11 72 46 100 55 100 23 100 100 25 45 0 7 71 2 100 48 100 21 100 100 100 100 20 84 91 53 20 100 81 17 71 100 100 21 92 51 33 4 100 100 21 100 100 100
77 37 13 89 38 100 59 25 100 42 33 5 39 100 22 77 62 93 29 100 25 100 80 96 5 94 46 59 54 88 100 38 100 49 41 79 5 95 100 100 21 100 100 9 75 38 100 37 90 11 53 30 100 67 85 52 70 29 22 34 63 100 99 100 90 13 74 100 22 37 33 100 100 31 98 100 100 82 50 100 5 78 30 38 69 100 100 10 95 51 6 59 33 22 53 0 81 98 100 100 38 100 22 56 11 34 25 100 19 35 52 83 97 93 61 20 89 4 82 15 35 98 55 64 25 26 58 94 77 56 51 63 100 40 41 51 30 91 24 94 19 100 6 100 78 99 31 92 91 48 1 7 55 100
46 64 1 22 66 16 65 64 21 53 100 27 17 80 100 85 100 100 100 95 23 7 100 97 22 8 48 54 100 63 66 24 100 100 20 35 61 96 72 100 19 6 82 1 84 100 52 100 100 70 80 10 79 100 2 66 72 58 81 87 76 100 74 38 39 100 100 30 35 63 86 100 11 71 73 100 52 100 62 85 45 100 3 100 84 100 100 19 41 99 100 75 88 40 100 94 100 18 5 61 82 100 87 88 4 3 70 100 46 68 14 56 42 19 59 18 62 100 35 36 84 91 100 99 100 100 12 96 56 53 46 100 18 40 100 30 100 36 15 34 17 55 47 71 75 43 87 67 66 20 0 24 100
82 9 100 48 28 100 98 65 75 75 86 76 100 64 31 86 78 28 100 15 100 92 100 13 31 91 100 76 52 100 33 36 23 90 2 25 77 28 5 100 25 100 100 10 23 84 100 63 83 51 77 18 100 96 100 14 16 88 41 29 41 100 14 100 100 100 85 100 100 34 100 2 100 100 100 100 18 6 32 72 46 37 100 5 86 99 74 100 6 29 58 100 60 64 92 23 100 74 8 34 100 7 56 22 46 74 55 55 47 61 48 11 79 17 13 100 22 46 11 46 24 20 36 100 100 94 100 100 89 100 100 42 95 57 100 78 36 64 76 58 25 100 100 73 100 62 100 96 100 100 13 100
41 32 81 8 22 100 100 64 26 70 100 100 15 10 56 90 67 100 63 99 91 100 75 45 21 63 17 91 61 88 17 34 100 66 94 100 100 46 100 2 44 33 64 100 39 100 30 6 100 70 100 82 81 74 34 60 61 100 75 9 100 100 17 50 32 35 100 33 100 100 63 48 19 81 100 63 6 100 23 32 86 33 36 100 79 100 100 100 87 43 22 78 98 83 32 13 70 100 100 100 77 65 22 6 16 37 100 78 28 43 96 65 15 40 100 39 0 100 45 100 91 100 32 59 62 16 32 96 2 79 7 7 90 50 84 37 100 86 59 95 26 87 82 66 0 30 1 100 89 15 100
31 63 73 100 52 100 4 100 57 61 100 35 100 35 69 91 41 30 45 66 93 48 49 100 56 40 100 72 67 100 33 100 26 82 68 100 100 100 26 12 100 100 83 100 100 40 34 60 95 46 100 7 76 64 41 100 86 19 100 100 100 100 41 90 79 99 72 73 100 98 84 47 80 61 55 63 100 5 100 44 100 92 100 100 24 43 86 59 49 100 83 100 100 12 36 18 100 99 31 16 66 14 100 100 38 92 100 100 100 100 100 85 99 12 85 73 16 30 90 100 100 29 55 95 24 100 54 100 34 54 6 23 15 100 33 71 70 73 100 50 90 70 100 100 30 11 98 100 66 100
57 100 4 100 100 64 87 37 100 78 45 4 100 0 81 28 100 80 55 57 30 100 3 23 2 61 19 100 80 73 85 43 14 100 100 94 47 100 29 24 67 100 100 16 100 1 97 26 100 4 60 35 100 69 52 8 100 100 41 39 100 100 94 63 69 100 100 100 89 9 100 22 63 29 92 55 8 36 95 100 62 69 7 56 70 58 78 1 100 5 100 80 53 93 100 58 94 49 18 12 87 85 40 82 28 13 13 24 55 30 100 22 27 100 100 59 100 100 64 88 94 63 29 28 57 93 79 59 20 34 7 26 25 100 82 51 57 61 85 100 95 82 100 30 100 98 94 23 100
41 76 6 79 100 71 58 65 37 61 82 100 53 39 65 71 11 100 25 43 27 51 17 65 100 34 100 44 57 70 100 67 89 31 100 75 100 100 8 36 15 57 40 80 98 26 100 61 93 100 64 100 73 50 22 100 7 100 34 100 100 100 78 4 73 100 14 16 80 91 55 63 28 100 96 100 22 42 27 56 80 100 29 100 61 3 100 100 100 78 56 53 43 39 9 26 100 11 100 100 45 100 3 80 18 100 58 1 31 100 88 27 71 21 82 36 14 66 21 82 96 49 86 51 34 65 100 41 71 71 100 76 76 100 21 50 58 12 17 69 71 59 27 60 33 47 22 100
99 76 24 91 80 100 70 11 100 100 100 70 100 47 93 96 82 100 28 100 77 82 44 58 100 6 100 95 29 100 33 45 78 79 96 39 66 100 86 29 53 100 100 10 52 100 57 29 83 40 81 100 97 30 67 28 54 1 95 7 35 80 25 11 78 54 63 87 53 28 100 100 55 40 38 81 59 25 23 16 72 95 26 100 94 39 54 67 47 98 72 94 100 47 18 61 0 100 100 56 100 86 100 100 87 100 2 54 100 67 86 76 97 92 46 24 63 35 54 37 17 99 28 57 6 100 88 74 100 77 93 10 100 43 90 36 40 77 42 7 74 55 13 21 100 87 100
100 17 97 41 100 69 43 74 51 21 34 100 100 81 36 33 100 12 53 17 100 26 68 50 23 84 52 38 8 14 58 100 84 22 100 100 52 38 87 68 78 11 75 100 85 4 91 100 67 0 35 66 68 54 25 100 94 88 8 62 72 98 75 94 100 61 74 72 70 100 100 32 35 5 32 8 100 0 77 56 15 23 100 100 95 34 24 91 100 100 68 90 69 43 100 69 75 93 100 51 29 32 100 41 59 28 100 76 100 56 45 34 34 56 100 75 32 15 100 4 49 68 8 66 16 23 20 22 37 77 100 33 96 100 28 32 46 100 100 14 100 100 47 100 71 100
15 100 34 63 100 34 22 11 18 84 9 97 80 98 66 81 100 20 52 100 78 100 44 70 6 100 19 50 89 37 100 62 3 100 100 32 28 74 22 60 1 85 91 100 100 18 31 18 95 49 100 74 13 93 68 78 92 100 100 99 61 35 100 17 79 20 100 56 100 17 20 18 6 12 81 39 60 100 2 89 100 57 73 68 68 34 17 58 18 100 90 11 36 100 90 96 43 91 25 100 35 44 80 21 26 56 91 100 44 100 34 6 100 3 21 51 61 76 62 91 87 100 24 30 75 82 99 100 43 100 28 0 100 100 100 100 82 61 86 95 50 38 100 100 100
4 36 29 28 82 25 94 9 95 100 100 100 71 76 100 64 28 100 60 96 50 45 32 92 100 73 66 2 3 2 85 69 66 100 60 88 14 38 49 31 43 27 76 3 69 24 76 37 58 52 100 66 100 100 52 34 90 61 100 100 87 62 15 0 52 100 100 60 0 22 52 100 100 29 100 90 55 1 22 90 0 29 100 85 60 52 14 17 61 45 70 100 100 100 66 100 60 28 74 87 100 63 100 100 53 96 46 48 94 48 18 5 88 92 100 93 100 81 52 67 100 22 10 100 64 66 53 72 100 100 64 100 36 1 38 93 8 82 100 80 15 4 53 100
34 90 100 100 100 80 90 76 63 100 51 29 11 47 71 13 12 87 81 80 40 10 16 87 9 72 76 28 4 100 100 100 16 100 67 46 100 61 100 41 100 2 99 33 74 100 100 86 100 98 99 99 50 24 73 14 100 57 86 55 35 64 88 47 2 92 100 86 100 0 100 99 74 47 100 91 100 100 100 71 17 100 100 97 10 59 89 100 80 96 46 10 38 56 42 53 100 25 81 15 100 100 98 100 40 59 100 46 100 76 54 79 69 100 2 100 78 100 16 26 22 66 87 60 100 100 100 46 100 53 82 51 80 71 49 31 57 58 100 44 7 24 100
99 81 39 68 8 100 100 12 100 4 100 26 47 33 100 19 28 24 31 33 35 100 63 34 100 79 100 12 2 96 27 97 42 100 88 100 19 36 51 100 72 25 100 54 74 100 13 100 61 100 28 58 30 50 32 52 0 100 48 18 100 85 58 100 26 64 100 99 100 80 12 68 91 91 63 72 18 67 57 81 94 23 100 62 95 70 23 100 84 24 21 100 100 32 43 100 36 100 65 100 60 60 65 80 73 62 16 60 100 65 66 100 100 100 84 70 72 100 100 39 92 96 61 67 19 71 100 20 100 84 100 100 52 100 100 100 15 39 45 88 100 100
55 84 100 55 100 100 80 100 100 22 100 18 100 94 100 11 100 80 100 72 0 100 19 80 88 50 53 9 95 29 65 67 100 36 21 51 100 43 100 71 61 66 97 7 15 20 89 3 36 100 86 100 72 100 78 100 100 19 75 27 57 10 38 100 36 29 96 100 62 5 100 54 52 96 35 19 76 100 54 22 88 93 15 85 34 100 43 24 1 6 30 59 72 78 32 23 100 9 61 19 95 100 100 100 0 100 29 75 100 76 61 72 21 89 100 17 51 97 100 76 34 80 100 43 16 1 89 32 79 65 50 59 84 41 77 97 100 58 100 65 100
27 7 32 100 50 19 96 96 30 100 100 100 100 22 100 9 23 80 100 72 36 25 37 38 74 100 70 6 15 59 100 100 85 100 74 100 89 7 98 30 10 100 69 52 100 38 78 100 71 15 100 87 82 89 17 19 100 91 39 55 12 98 100 57 86 39 98 100 100 32 31 74 0 42 95 43 100 38 100 86 86 69 69 100 15 100 100 79 11 100 49 53 64 93 87 38 90 9 100 41 19 100 17 13 74 100 44 100 0 75 100 100 44 33 100 82 100 89 60 60 6 35 100 87 76 41 13 64 70 100 3 100 45 100 39 100 89 33 1 100
95 89 100 100 12 100 62 72 100 100 44 11 79 100 18 5 88 57 100 99 76 89 7 46 59 100 95 100 63 79 35 2 100 41 100 100 64 100 94 19 100 95 82 92 100 78 89 100 19 61 99 96 10 52 30 31 43 27 47 100 38 100 100 90 43 50 48 1 100 73 41 27 14 91 19 16 55 4 11 100 100 22 4 91 100 35 66 88 57 61 29 100 35 1 86 16 65 29 100 100 100 15 97 35 26 75 45 90 100 100 13 100 9 100 100 51 4 76 92 5 14 78 71 100 29 21 72 100 100 100 25 0 51 85 43 44 31 13 100
42 43 12 88 18 4 2 39 100 97 37 55 38 85 46 32 77 86 75 52 43 81 100 19 12 42 87 92 74 13 46 68 20 77 70 5 39 100 100 100 74 16 90 100 57 100 100 100 13 61 83 58 63 98 45 25 3 73 7 100 60 51 44 36 100 100 32 100 91 39 11 82 100 43 27 100 100 53 71 36 73 9 19 21 55 80 41 42 21 75 86 100 100 2 77 60 100 61 78 100 29 63 62 100 8 100 9 64 100 39 57 34 88 59 100 43 100 100 93 68 32 94 77 100 100 100 0 100 64 31 8 54 95 18 100 29 59 100
38 100 32 63 22 99 100 39 46 10 50 37 69 100 98 99 100 100 68 75 94 14 89 43 55 28 82 17 21 100 100 71 44 100 95 56 100 80 100 16 100 100 97 39 2 28 68 96 74 100 88 80 63 100 91 100 43 50 69 51 20 52 29 71 61 13 70 100 100 32 68 66 59 100 69 90 31 27 100 67 100 52 59 9 100 99 43 100 35 17 100 59 100 100 100 30 83 100 97 83 100 29 66 70 100 93 100 36 18 72 50 92 100 47 100 19 86 100 75 3 27 48 52 100 100 35 100 33 100 39 0 61 24 69 28 75 100
22 8 14 13 100 51 31 61 63 74 36 26 74 92 100 55 8 70 6 97 25 48 100 78 82 100 83 4 71 57 95 26 58 35 98 100 75 100 100 84 1 100 100 85 72 77 79 66 71 100 31 16 31 33 74 72 100 77 2 29 100 100 100 22 66 21 100 72 100 82 67 59 36 35 60 100 43 32 100 33 100 100 54 52 14 62 13 42 69 100 100 100 100 12 100 100 8 100 3 2 100 3 93 11 33 41 100 92 100 100 100 30 18 87 100 8 27 89 100 14 56 10 96 25 12 83 100 100 63 100 100 100 51 79 2 100
100 30 80 78 100 29 100 76 8 28 4 12 100 46 100 21 46 9 25 94 79 74 2 64 74 100 5 42 57 73 68 46 91 100 100 52 17 100 100 64 96 73 6 90 100 2 47 31 2 86 5 84 12 95 100 100 92 40 64 61 82 33 42 15 100 100 82 26 83 33 39 20 100 71 81 81 69 89 100 20 54 100 74 97 99 45 68 33 5 25 100 60 20 53 100 100 100 69 100 100 100 100 100 89 32 11 37 93 24 73 100 100 100 100 100 70 100 95 37 33 54 26 100 71 36 100 100 100 100 59 78 82 100 1 100
80 11 9 60 100 0 36 82 71 65 4 77 16 38 93 100 70 56 1 9 16 70 59 95 100 28 0 69 29 100 44 28 1 65 69 34 68 71 24 9 67 15 2 41 25 28 6 100 6 53 100 89 39 14 100 100 15 58 15 50 74 19 77 95 14 18 33 60 100 49 16 70 45 65 12 55 92 100 55 31 47 46 84 15 77 100 40 66 100 37 100 67 1 34 95 42 100 83 48 100 100 9 99 100 55 100 32 2 100 24 62 100 70 100 62 87 100 35 91 80 100 90 7 98 83 100 100 29 2 100 65 100 47 100
31 92 79 37 27 18 10 100 82 66 62 69 41 80 100 27 57 79 75 11 5 100 100 3 31 68 89 66 82 53 100 92 20 45 100 30 74 61 58 68 3 67 28 100 100 100 61 47 100 74 100 23 100 100 100 83 77 94 41 1 100 24 18 61 44 61 55 100 25 65 67 18 80 45 79 42 100 9 22 0 100 100 2 100 46 97 100 14 26 72 88 100 100 41 100 100 100 26 9 95 41 46 19 100 57 96 4 100 32 23 59 62 100 6 58 100 72 73 100 100 100 96 60 48 79 65 92 100 46 13 11 100 100
100 41 100 53 100 37 79 68 100 100 100 8 63 100 100 48 26 98 86 40 5 44 60 73 100 61 61 7 100 100 100 31 10 100 90 1 100 98 96 100 21 48 91 98 51 9 85 30 100 57 100 6 100 15 100 14 67 51 100 24 100 100 46 21 69 4 100 60 10 100 84 57 100 88 68 14 67 100 85 65 5 56 52 32 93 36 100 50 50 100 100 17 86 100 19 51 29 41 11 96 74 100 100 73 70 45 44 100 100 83 38 100 12 100 60 20 15 100 67 61 66 100 100 63 4 20 100 24 51 4 99 100
100 33 69 59 35 5 100 82 72 6 75 100 23 52 82 74 24 100 1 72 83 63 87 85 100 89 69 6 85 28 88 100 61 100 100 93 100 82 100 57 5 84 100 53 88 50 91 14 24 28 8 18 68 84 61 100 24 100 79 2 7 59 66 28 100 24 100 88 60 100 100 41 100 94 62 100 13 92 36 66 46 85 71 100 100 37 29 100 100 89 100 35 89 100 98 86 100 100 19 42 44 100 93 54 40 49 100 100 28 100 100 3 9 100 11 73 100 79 12 72 15 17 41 3 32 70 34 85 100 68 100
100 100 100 100 38 36 100 27 100 22 76 18 26 20 100 26 44 90 77 100 60 7 3 33 83 12 100 98 20 37 54 11 96 68 24 98 7 74 100 41 7 55 3 17 8 84 100 71 2 80 18 5 45 100 58 15 47 83 98 42 35 21 26 6 43 95 100 95 13 45 13 14 97 52 30 100 14 8 66 57 15 100 100 100 100 57 100 16 100 100 31 5 59 28 90 3 100 21 6 100 35 70 47 8 52 32 71 100 73 51 36 4 18 75 100 100 8 100 23 92 23 6 21 100 43 92 33 79 24 100
50 100 94 100 42 39 100 100 100 100 76 100 89 47 16 9 57 49 100 100 48 100 83 6 30 65 66 100 76 75 84 90 63 51 100 83 96 71 11 66 51 100 78 88 71 76 87 32 30 26 47 85 100 100 38 66 100 50 64 48 100 4 70 92 100 83 3 95 100 100 100 93 73 28 100 100 98 54 48 87 37 2 100 7 100 41 39 100 100 85 6 15 100 53 65 6 51 100 37 100 11 100 66 64 85 100 64 56 100 100 76 84 100 16 27 28 31 72 100 20 20 51 100 28 83 1 73 100 100
100 2 100 69 100 31 100 100 80 47 95 100 17 10 44 93 100 58 4 62 58 74 76 100 100 100 5 99 30 55 100 6 78 100 12 12 100 100 100 100 89 39 33 100 3 53 100 63 41 7 92 2 73 58 100 100 6 78 100 66 49 30 34 74 60 25 95 100 56 43 100 91 13 48 56 78 84 20 100 100 48 12 100 37 58 85 47 82 24 87 75 1 100 60 28 54 36 15 89 99 76 93 61 26 40 41 100 100 27 3 42 100 40 100 84 14 71 100 61 40 100 29 82 13 0 100 51 100
87 43 5 100 100 93 81 11 1 81 31 100 100 62 9 96 45 97 0 50 73 100 26 40 83 100 16 100 8 62 100 39 42 100 71 100 70 29 81 49 8 11 100 42 7 94 87 100 84 88 20 54 84 5 46 71 64 78 100 72 100 88 51 35 1 100 35 94 100 60 100 74 100 2 4 100 13 92 64 36 85 79 100 100 100 100 39 100 9 73 87 8 67 58 53 100 100 5 100 63 86 68 97 100 28 80 29 100 100 21 38 36 100 60 17 100 92 53 38 46 100 100 73 21 58 63 100
43 82 100 100 42 1 100 44 80 100 37 100 100 100 52 40 100 16 26 10 42 0 36 66 100 53 33 100 27 12 67 51 57 100 100 5 64 52 100 70 19 86 51 56 100 33 86 21 98 8 23 81 43 95 17 8 26 18 14 33 100 100 22 70 77 38 18 40 61 72 6 0 2 29 33 83 32 58 19 54 100 100 100 66 33 41 100 29 100 9 89 68 100 16 35 87 42 73 100 100 98 6 74 100 63 89 100 17 88 100 37 47 100 53 100 46 83 98 100 42 31 67 19 92 14 100
56 100 64 67 48 37 91 100 26 74 5 100 38 92 46 39 100 31 12 27 32 71 100 36 53 100 52 12 73 100 7 43 100 11 9 100 100 84 40 13 100 3 100 17 94 100 100 84 100 13 100 92 100 39 7 27 0 20 100 99 100 11 100 10 100 100 38 100 6 33 14 29 87 100 39 42 39 100 22 23 27 43 93 29 82 40 53 60 12 90 91 100 88 58 69 100 14 92 100 95 49 50 65 75 8 71 68 91 3 100 78 100 100 41 91 77 4 54 61 100 72 97 100 38 100
80 55 47 49 77 40 32 51 100 57 69 100 100 80 94 63 60 57 66 85 32 91 79 100 27 25 38 33 100 15 100 77 14 100 85 5 75 56 65 90 1 42 6 9 100 71 87 100 92 6 65 29 100 41 19 26 11 98 70 10 95 75 38 39 68 100 100 17 100 72 100 40 47 66 100 46 100 91 100 100 41 73 97 100 3 69 48 29 96 12 39 16 23 58 7 100 99 11 80 42 46 42 18 100 51 15 100 65 22 100 38 99 43 20 49 89 32 4 99 100 71 0 39 100
84 94 58 30 39 68 14 100 78 44 96 52 7 100 100 74 100 75 100 20 100 92 15 38 100 100 23 99 100 28 100 61 85 45 60 100 55 100 100 39 2 100 44 49 49 67 86 91 7 12 46 61 100 100 55 28 100 100 86 88 47 2 44 30 62 76 78 45 75 100 100 79 100 4 83 56 53 16 100 99 38 100 44 76 99 100 100 100 100 5 82 100 26 89 100 100 32 41 42 100 53 78 19 62 0 56 85 14 53 29 9 30 39 33 24 100 100 99 72 5 84 21 100
36 1 80 20 100 94 6 100 0 8 65 31 55 64 24 27 51 26 77 92 84 37 99 45 85 83 89 63 100 34 100 100 100 89 15 84 28 94 64 14 30 56 100 15 63 74 100 80 52 28 16 100 67 70 100 100 53 78 5 23 100 100 85 100 6 80 100 60 100 77 31 100 21 100 75 100 39 100 1 33 85 100 20 73 55 100 22 14 26 66 75 7 100 31 90 65 34 40 100 84 35 60 93 100 36 100 100 30 100 81 99 44 100 28 100 93 100 90 100 44 16 100
100 42 100 78 100 65 10 5 37 68 88 78 31 30 100 54 40 2 94 29 90 77 81 100 69 38 17 95 10 100 100 25 69 100 100 100 100 100 67 45 25 52 68 50 16 33 26 19 71 100 25 100 36 90 74 63 100 63 62 69 83 100 55 45 22 100 73 45 100 51 76 100 91 51 97 100 100 100 100 91 69 76 30 65 6 1 51 56 40 100 71 100 42 71 100 36 7 75 43 99 5 23 6 69 78 100 74 56 100 100 1 100 100 85 100 24 25 1 100 13 100
90 56 85 27 0 32 59 100 18 100 100 41 21 83 33 100 97 49 35 99 48 4 100 63 88 63 31 25 92 89 43 65 100 12 90 15 8 54 61 51 21 100 16 61 79 28 90 7 81 100 79 2 100 52 11 63 5 28 89 100 38 100 100 40 28 5 86 44 29 76 81 100 60 44 5 18 89 89 100 95 25 4 31 12 90 72 100 39 60 30 100 100 42 100 46 89 100 75 21 68 38 90 6 100 98 36 100 7 39 100 80 100 23 100 73 33 39 75 56 100
13 76 62 86 79 11 100 13 79 20 24 100 100 5 62 23 64 43 100 5 7 100 81 40 83 57 62 41 100 30 33 100 32 100 55 92 100 53 1 68 7 12 100 79 100 36 100 37 100 72 94 42 42 8 74 36 100 66 62 95 89 86 88 58 100 19 79 100 50 100 87 100 44 66 40 79 46 100 4 32 83 79 89 73 93 89 100 29 83 100 10 36 90 17 98 98 100 23 100 70 38 98 75 23 61 100 88 20 43 36 44 96 84 100 89 62 91 53 100
6 100 65 90 90 9 99 100 100 100 100 100 100 100 100 100 100 100 100 100 100 100 100 100 100 100 100 100 100 100 100 100 100 100 100 100 100 100 100 100 100 100 100 100 100 100 100 100 100 100 100 100 100 100 100 100 100 100 100 100 100 100 100 100 100 100 100 100 100 100 100 100 100 100 100 100 100 100 100 100 100 100 100 100 100 100 100 100 100 100 100 100 100 100 100 100 29 100 100 100 100 100 100 100 100 100 100 100 100 100 100 100 100 100 100 100 100 100
100 100 100 100 100 100 100 100 100 100 100 100 100 100 100 100 100 100 100 100 100 100 100 100 100 100 100 100 100 100 100 100 100 100 100 99 100 100 100 100 100 100 100 100 100 100 100 100 100 100 100 100 100 100 100 100 100 100 100 100 100 100 100 100 100 100 100 100 100 100 100 100 100 100 100 100 100 100 100 100 100 100 100 100 100 100 100 100 100 100 100 100 100 100 100 100 100 100 100 100 100 100 100 100 100 100 100 100 100 100 100 100 100 100 100 100 100
100 100 100 100 100 100 100 100 100 100 100 100 100 100 100 100 100 100 100 100 13 100 100 100 100 100 100 100 100 100 100 100 100 100 100 100 100 100 100 100 100 100 100 100 100 100 100 100 100 100 100 100 100 100 100 100 100 100 100 100 100 100 100 100 100 100 100 100 100 100 100 100 100 100 100 100 100 100 100 100 100 100 100 100 100 100 100 100 100 100 100 100 100 100 100 100 100 50 100 100 100 100 100 100 100 100 100 100 100 100 100 100 100 100 100 100
100 100 100 100 100 100 100 100 100 100 100 100 100 100 100 100 100 100 100 100 100 100 100 100 100 100 100 100 100 100 100 100 100 100 100 100 100 100 100 100 100 70 100 100 100 100 100 100 100 100 100 100 100 100 100 100 100 100 100 100 100 100 100 100 100 100 100 100 100 100 100 100 100 100 100 100 100 100 100 100 100 100 100 100 100 100 100 100 100 100 100 100 100 100 100 100 100 100 100 100 100 100 100 100 100 100 100 100 100 100 100 100 100 100 100
100 100 100 100 7 100 100 100 100 100 100 100 100 100 100 100 100 100 100 100 100 100 100 100 100 100 100 100 100 100 100 100 100 100 100 100 100 100 100 100 100 100 100 100 100 100 100 100 100 100 100 100 100 100 100 100 100 100 100 100 100 100 100 100 100 100 100 100 100 100 100 100 100 100 100 100 100 100 100 100 100 100 100 100 100 100 100 100 100 100 100 100 100 100 100 100 100 100 100 100 100 100 100 100 100 100 100 100 100 100 100 100 100 100
100 100 100 100 100 100 100 100 100 100 100 100 100 100 100 100 100 100 100 100 100 100 100 100 100 100 100 100 100 100 100 100 100 100 100 100 100 100 100 100 100 100 100 100 100 100 100 100 100 84 100 100 100 100 100 100 82 100 100 100 100 100 100 100 100 100 100 100 100 100 100 100 100 100 100 100 100 100 100 100 100 100 100 100 100 100 100 100 100 100 100 100 100 100 100 100 100 100 100 100 100 100 100 100 100 100 100 100 100 100 100 100 100
100 100 100 100 100 100 100 100 100 100 100 100 100 100 100 100 100 100 100 100 100 100 100 100 100 100 100 100 100 100 100 100 100 100 100 100 100 100 100 100 100 100 100 100 100 100 100 100 100 100 100 100 100 100 100 100 100 100 100 100 100 100 100 100 100 100 100 100 100 100 100 100 100 100 100 100 100 100 100 70 100 100 100 100 100 100 100 100 100 100 100 100 100 100 100 100 100 100 100 100 100 100 100 100 100 100 100 100 100 100 100 100
100 100 100 100 100 100 100 100 100 100 97 100 100 100 100 100 100 100 100 100 100 100 100 100 100 100 100 100 100 100 100 100 100 100 100 100 100 100 100 100 100 100 100 100 100 100 100 100 100 100 100 100 100 100 100 100 100 100 100 100 100 100 100 100 100 100 100 100 100 100 100 100 100 100 100 100 100 100 100 100 100 100 100 100 100 100 100 100 100 100 100 100 100 100 100 100 100 100 100 100 100 100 100 100 100 100 100 100 100 100 100
100 100 100 100 100 100 100 100 100 100 100 100 100 100 100 100 100 100 100 100 100 100 100 100 100 100 100 100 100 100 100 100 100 100 100 100 100 100 100 100 100 100 100 100 100 100 100 100 100 100 100 100 100 100 29 100 100 100 100 100 100 100 100 100 100 100 100 100 100 100 100 100 100 100 100 100 100 100 100 100 100 100 100 100 100 100 100 100 100 100 100 100 100 100 100 100 100 100 100 100 100 100 100 100 100 100 100 100 100 100
100 100 100 100 100 100 100 100 100 100 100 100 100 100 100 100 100 100 100 100 100 100 100 100 100 100 100 100 100 100 100 100 100 100 100 100 100 100 100 100 100 100 100 100 100 100 100 100 100 100 100 100 100 100 100 100 100 100 100 100 100 100 100 100 100 100 100 100 100 100 100 100 100 100 100 100 100 100 100 100 100 100 100 100 100 100 100 100 100 100 100 100 100 100 100 100 100 100 100 100 100 100 100 100 100 100 100 100 100
100 100 100 100 100 100 100 100 100 100 100 100 100 100 100 100 100 100 100 100 100 100 100 100 100 100 100 100 100 100 100 100 100 100 100 100 100 100 100 100 100 100 100 100 100 100 100 100 100 100 100 100 100 100 100 100 100 100 100 100 100 100 100 100 100 100 100 100 100 100 100 100 100 100 100 100 100 100 100 100 100 100 100 100 100 100 100 100 100 100 100 100 100 100 100 100 100 100 100 100 100 100 100 100 100 100 100 100
100 100 100 100 100 100 100 100 100 100 100 100 100 100 100 100 100 100 100 100 100 100 100 100 100 100 100 100 100 100 100 100 100 100 100 100 100 100 100 100 100 100 100 100 100 100 100 100 100 100 100 100 100 100 100 100 100 100 100 100 100 100 100 100 100 100 100 100 100 100 100 100 100 100 100 100 100 100 100 100 100 100 100 100 100 100 100 100 100 100 100 100 100 100 100 100 100 2 100 100 100 100 100 100 100 100 100
100 100 100 100 100 100 100 100 100 100 100 100 100 100 100 100 100 100 100 100 100 100 100 100 100 100 100 100 100 100 100 100 100 100 100 100 100 100 100 100 100 100 100 100 100 100 100 100 100 100 100 100 100 100 100 100 100 100 100 100 100 100 100 100 100 100 100 100 100 100 100 100 100 100 100 100 100 100 100 100 100 100 100 100 100 100 100 100 100 100 100 100 100 100 100 100 100 100 100 100 100 100 100 100 100 100
100 100 100 100 100 100 100 100 100 100 100 100 100 100 100 100 100 100 100 100 100 100 100 100 100 100 100 100 100 100 100 100 100 100 100 100 100 100 100 100 100 100 100 100 100 100 100 100 100 100 100 100 100 100 100 100 100 100 100 100 100 100 100 100 100 100 72 100 100 100 100 100 100 100 100 100 100 100 100 100 100 100 100 100 100 100 100 100 100 100 100 100 100 100 100 32 100 100 100 100 100 100 100 100 100
100 100 100 100 33 100 100 100 100 100 100 100 100 100 100 100 100 100 100 100 100 100 100 100 100 100 100 100 100 100 100 100 100 100 100 100 100 100 100 100 100 100 100 100 100 100 100 100 100 100 100 100 100 100 100 100 100 100 100 100 100 100 100 100 100 100 100 100 100 100 100 100 100 100 100 100 100 100 100 100 100 100 100 100 100 100 100 100 100 100 100 100 100 100 100 100 100 100 100 100 100 100 100 100
100 100 100 100 100 100 100 100 100 100 100 100 100 100 100 100 100 100 100 100 100 100 100 100 100 100 100 100 100 100 100 100 100 100 100 100 100 100 100 100 100 100 100 100 100 100 100 100 100 100 100 100 100 100 100 100 100 100 100 100 100 100 100 100 100 100 100 100 100 100 100 100 100 100 100 100 100 100 100 100 100 100 100 100 100 100 100 100 100 100 100 100 100 100 100 100 100 100 100 100 100 100 100
100 100 100 100 100 100 100 100 100 100 100 100 100 100 100 100 100 100 100 100 100 100 100 100 100 100 100 100 100 100 100 100 100 100 100 100 100 100 100 100 100 100 100 100 100 100 100 100 100 100 100 100 100 100 100 100 100 100 100 100 100 100 100 100 100 100 100 100 100 100 100 100 100 100 100 100 100 100 100 100 100 100 100 100 100 100 100 100 100 100 100 100 100 100 100 100 100 100 100 100 100 100
100 100 100 100 100 100 100 100 100 100 100 100 100 100 100 100 100 100 100 100 100 100 100 100 100 100 100 100 100 100 100 100 100 100 100 100 100 100 100 100 100 100 100 100 100 100 100 100 100 100 100 100 100 100 100 100 100 100 100 100 100 100 100 100 100 100 100 100 100 100 100 100 100 100 100 100 100 100 100 100 100 100 100 100 100 100 100 100 100 100 100 100 100 100 100 100 100 100 100 100 100
100 100 100 100 100 100 100 100 100 100 100 100 100 100 100 100 100 100 100 100 100 100 100 100 100 100 100 100 100 100 100 100 100 100 100 100 100 100 100 100 100 100 100 100 100 100 100 100 100 100 100 100 100 100 100 100 100 100 100 100 100 100 100 100 100 100 100 100 100 100 100 100 100 100 100 100 100 100 100 100 100 100 100 100 100 100 100 100 100 100 100 100 100 100 100 100 100 100 100 100
100 100 100 100 100 100 100 100 100 100 100 100 100 100 100 100 100 100 100 100 100 100 100 100 100 100 100 100 100 100 100 100 100 100 100 100 100 100 100 100 100 100 100 100 100 100 100 100 100 100 100 100 100 100 100 100 100 100 100 100 100 100 100 100 100 100 100 100 100 100 100 100 100 100 100 100 100 100 100 100 100 100 100 100 100 100 100 100 100 100 100 100 100 100 100 100 100 100 100
100 100 100 100 100 100 100 100 100 100 100 71 100 100 100 100 100 100 100 100 100 100 100 100 100 100 100 100 100 100 100 100 51 100 100 100 100 100 100 100 100 100 100 50 100 100 100 100 100 100 100 100 100 100 100 100 100 100 100 100 100 100 100 100 100 100 100 100 100 100 100 100 100 100 100 100 100 100 100 100 100 100 100 100 100 100 100 100 100 100 100 100 100 100 100 100 100 100
100 100 100 100 100 100 100 100 100 100 100 100 100 100 100 38 100 100 100 100 100 100 100 100 100 100 100 100 100 100 100 100 100 100 100 100 100 100 100 100 100 100 100 100 100 100 100 100 100 100 100 100 100 100 100 100 100 100 100 100 100 100 100 100 100 100 100 100 100 100 100 100 100 100 100 100 100 100 100 100 100 100 100 100 100 100 100 100 100 100 100 100 100 100 100 100 100
100 100 100 100 100 100 100 100 100 100 100 100 100 100 100 100 100 100 100 100 100 100 100 100 100 100 100 100 11 100 100 100 100 100 100 100 100 100 100 100 100 100 100 100 100 100 100 100 100 100 100 100 100 100 100 100 100 100 100 100 100 100 100 100 100 100 100 100 100 100 100 100 100 100 100 100 100 100 100 100 100 100 100 100 100 100 100 100 100 100 100 100 100 100 100 100
100 100 100 100 100 100 100 100 100 100 100 100 100 100 100 100 100 100 100 100 100 100 100 100 100 100 100 100 100 100 100 100 100 100 100 100 100 100 100 100 100 100 100 100 100 100 100 100 100 100 100 100 100 100 100 100 100 100 100 100 100 100 100 100 100 100 100 100 100 100 100 100 29 100 100 100 100 100 100 100 100 100 21 100 100 100 100 100 100 100 100 100 100 100 100
100 100 100 15 100 100 100 100 100 100 100 100 100 100 100 100 100 100 100 100 100 100 100 100 100 100 100 100 100 100 100 100 100 100 100 100 100 100 100 100 100 100 100 100 100 100 100 100 100 100 100 100 100 100 100 100 100 100 100 100 100 100 100 100 100 100 100 100 100 100 100 100 100 100 100 100 100 100 100 100 100 100 100 100 100 100 100 100 100 100 100 100 100 100
100 100 100 100 100 100 100 100 100 100 100 100 100 100 100 100 100 100 100 100 100 100 100 100 100 100 100 100 100 100 100 100 100 100 100 100 100 81 100 100 100 100 100 100 100 100 100 100 100 100 100 100 100 100 100 100 100 100 100 100 100 100 100 100 100 100 100 100 100 100 100 100 100 100 100 100 100 100 100 100 100 100 100 100 100 100 100 100 100 100 100 100 100
100 100 100 100 100 100 100 100 100 100 100 100 100 100 100 100 100 100 100 100 100 100 100 100 100 100 100 100 100 100 100 100 100 100 100 100 100 100 100 100 100 100 100 100 100 100 100 100 100 100 100 100 100 100 100 100 100 100 100 100 100 100 100 100 100 100 100 100 100 100 100 100 100 100 100 100 100 100 100 100 100 100 100 100 100 100 100 100 100 100 100 100
100 100 100 100 100 100 100 100 100 100 100 100 100 100 100 100 100 100 100 100 100 100 100 100 100 100 100 100 100 100 100 100 100 100 100 100 100 100 100 100 100 100 100 100 100 100 100 100 100 11 100 100 100 100 100 100 100 100 100 100 100 100 100 100 100 100 100 100 100 100 100 100 100 100 100 100 100 100 100 100 100 100 100 100 100 100 100 100 100 100 100
100 100 100 100 100 100 100 100 100 100 100 100 100 100 100 100 100 100 100 100 100 100 100 100 100 100 100 100 100 100 100 100 100 100 100 100 100 100 100 100 100 100 100 100 100 100 100 100 100 100 100 100 100 100 100 100 100 100 100 100 100 100 100 100 100 100 100 100 100 100 100 100 100 100 100 100 100 100 100 100 100 100 5 100 100 100 100 100 100 100
100 100 100 100 100 100 100 100 100 100 100 100 100 100 100 100 100 100 100 100 100 100 100 100 100 100 100 100 100 100 100 100 100 100 100 100 100 100 100 100 100 100 100 100 100 100 100 100 100 100 100 100 100 100 100 100 100 100 100 100 100 100 100 100 100 100 100 100 100 100 100 100 100 100 100 100 100 100 100 100 100 100 100 100 100 100 100 100 100
100 100 100 100 100 100 100 100 100 100 100 100 100 100 100 100 100 100 100 100 100 100 100 100 100 100 100 100 100 100 100 100 100 100 100 100 100 100 100 100 100 100 100 100 100 100 100 100 100 100 100 100 100 100 100 100 100 100 69 100 100 100 100 100 100 100 100 100 100 100 100 100 100 100 100 100 100 100 100 100 100 100 100 100 100 100 100 100
100 100 100 100 100 100 100 100 100 100 100 100 100 100 100 100 100 100 100 100 100 100 100 100 100 100 100 100 38 100 100 100 100 100 100 100 100 100 100 100 100 100 100 100 100 100 100 100 100 100 100 100 100 100 100 100 100 100 100 100 100 100 100 100 100 100 100 100 100 100 100 100 100 100 100 100 100 100 100 100 100 100 100 100 100 100 100
100 100 40 100 100 100 100 100 100 100 100 100 100 100 100 100 100 100 100 100 100 100 100 100 100 100 100 100 100 100 100 100 100 100 100 100 100 100 100 100 100 100 100 100 100 100 100 100 100 100 60 100 100 100 100 100 100 100 100 100 100 100 100 100 100 100 100 100 100 100 100 100 100 100 100 100 100 100 100 100 100 100 100 100 100 100
100 100 100 100 100 100 100 100 100 100 100 100 100 100 100 100 100 100 100 100 100 100 100 24 100 100 100 100 100 100 100 100 100 36 100 100 100 100 100 100 100 100 100 100 100 100 100 100 100 100 100 100 100 100 100 100 100 100 100 100 100 100 100 100 100 100 100 100 100 100 100 100 100 100 100 100 100 100 100 100 100 100 100 100 100
100 100 100 100 100 100 100 100 100 100 100 100 100 100 100 100 100 100 100 100 100 100 100 100 100 100 70 100 100 100 100 100 100 100 100 100 100 100 100 100 100 100 100 100 100 100 100 100 100 100 100 100 100 100 100 100 100 100 100 100 100 100 33 100 100 100 100 100 100 100 100 100 100 100 100 100 100 100 100 100 100 100 100 100
100 100 100 100 100 100 100 100 100 100 100 100 100 100 100 100 100 100 100 100 100 100 100 100 100 100 100 100 100 100 100 100 100 100 100 100 100 100 100 100 100 100 100 100 100 100 100 100 100 100 100 100 100 100 100 100 100 100 100 100 100 100 100 100 100 100 100 100 100 100 100 100 100 100 100 100 100 100 100 100 100 100 100
100 100 100 100 100 100 100 100 100 100 100 100 100 100 100 100 100 100 100 100 100 100 100 100 100 100 100 100 100 100 100 100 100 100 100 100 100 100 100 100 100 100 100 100 100 100 100 100 100 100 100 100 100 100 100 100 100 100 100 100 100 100 100 100 100 100 100 100 100 100 100 100 100 100 100 100 100 100 100 100 100 100
100 100 100 100 100 100 100 100 100 100 100 100 100 100 100 100 100 100 100 100 100 100 100 100 100 100 100 100 100 100 100 100 100 100 100 100 100 100 100 100 100 100 100 100 100 100 100 100 100 100 100 100 100 100 100 100 100 100 100 100 100 100 100 100 100 100 100 100 100 100 100 100 100 100 100 100 100 100 100 100 100
100 100 100 100 100 100 100 100 100 100 100 100 100 100 100 100 100 100 100 100 100 100 100 100 100 100 100 100 100 100 100 100 100 100 100 100 100 100 100 100 100 100 100 100 100 100 100 100 100 100 100 100 100 100 100 100 100 100 100 100 100 100 100 100 100 100 100 100 100 100 100 100 100 100 100 100 100 100 100 100
100 100 100 100 100 100 100 100 100 100 100 100 100 100 100 100 100 100 100 100 100 100 100 100 100 100 100 100 100 100 100 100 100 100 100 100 100 100 100 100 100 100 100 100 100 100 100 100 100 100 100 100 100 100 100 100 100 100 100 100 100 100 100 100 100 100 100 100 100 100 100 100 100 100 100 100 100 100 100
100 100 100 100 100 100 100 100 100 100 100 100 100 100 100 100 100 100 100 100 100 100 100 100 100 100 100 100 100 100 100 100 100 100 100 100 100 100 100 100 100 100 100 100 100 100 100 100 100 100 100 100 100 100 100 100 100 100 100 100 100 100 100 100 100 100 100 100 100 100 100 48 100 100 100 100 100 100
100 91 100 100 100 100 100 100 100 100 100 100 100 100 100 100 100 100 100 100 100 100 100 100 100 100 100 100 100 100 100 100 100 100 100 100 100 100 100 100 100 100 100 100 100 100 100 100 100 100 100 100 100 100 100 100 22 100 100 100 100 100 100 100 100 100 100 100 100 100 100 100 100 100 100 100 100
100 100 100 100 100 100 100 100 100 100 100 100 100 100 100 100 100 100 100 100 100 100 100 100 100 100 100 100 100 100 100 100 100 100 100 100 100 100 100 100 100 100 100 100 100 100 100 100 100 100 100 100 100 100 100 100 100 100 100 100 100 100 100 100 100 100 100 100 100 100 100 100 100 100 100 100
100 100 100 100 100 100 100 100 100 100 100 100 100 100 100 100 100 100 100 100 100 100 100 100 100 100 100 100 100 100 100 100 100 100 100 100 100 100 100 100 100 100 100 100 100 100 100 100 100 100 100 100 100 100 100 100 100 100 100 100 100 100 100 100 100 100 100 100 100 100 100 100 100 100 100
100 100 100 100 100 100 100 100 100 100 100 100 100 100 100 100 100 100 100 100 100 100 100 100 100 100 100 100 100 100 100 100 100 100 100 100 100 100 100 46 100 100 100 100 100 100 100 100 100 100 100 100 100 100 100 100 100 100 100 100 100 100 100 100 100 100 100 100 100 100 100 100 100 100
100 100 100 100 100 100 100 100 100 100 100 100 100 100 100 100 100 100 100 100 100 100 100 100 100 100 100 100 100 100 100 100 100 100 100 100 100 100 100 100 100 100 100 100 100 100 100 100 100 100 100 100 100 100 24 100 100 100 100 100 100 100 100 100 100 100 100 100 100 100 100 100 100
100 100 100 100 100 100 100 100 100 100 100 100 100 100 100 100 100 100 100 100 100 100 100 100 60 100 100 100 100 100 100 100 100 100 100 100 100 100 100 100 100 100 100 100 52 100 100 100 100 100 100 99 100 100 100 100 100 100 100 100 100 100 100 100 100 100 100 100 100 100 100 100
100 100 100 100 100 100 100 100 100 100 100 100 100 100 100 100 100 100 100 100 100 100 100 100 100 100 100 100 100 100 100 100 100 100 100 100 100 100 100 100 100 100 100 100 100 100 100 100 100 100 100 100 100 100 100 100 100 100 100 100 100 100 100 100 58 100 100 100 100 100 100
100 100 100 100 100 100 100 100 100 100 100 100 100 100 100 100 100 100 100 100 100 100 100 6 100 100 100 100 100 100 100 100 100 100 100 100 100 100 100 100 100 100 100 100 100 100 100 100 100 100 100 100 100 100 100 100 100 100 100 100 100 100 100 100 100 100 100 100 100 100
100 100 100 100 100 100 100 100 100 100 100 100 100 100 100 100 100 100 100 100 100 100 100 100 100 100 100 100 100 100 100 100 100 100 100 100 100 100 100 100 100 100 100 100 100 100 100 100 100 100 100 100 100 100 100 100 100 100 100 100 100 100 100 100 59 100 100 100 100
100 100 100 100 100 100 100 100 100 100 100 100 100 100 100 100 100 100 100 100 100 100 100 100 100 100 100 100 100 100 100 100 100 100 100 100 100 100 100 100 100 100 100 100 100 100 100 100 100 100 100 100 100 100 100 100 75 100 100 100 100 100 100 100 100 100 100 100
100 100 100 100 100 100 100 100 100 100 100 100 100 100 100 100 100 100 100 100 100 100 100 100 100 100 100 100 100 100 100 100 100 100 100 100 100 100 100 100 100 100 100 100 100 100 100 100 100 100 100 100 100 100 100 100 100 100 100 100 100 100 100 100 100 100 100
100 100 100 100 100 100 100 100 100 100 100 100 100 100 100 100 100 100 100 100 100 100 100 100 100 100 100 100 100 100 100 100 100 100 100 100 100 100 100 100 100 100 100 100 100 100 100 100 100 100 100 100 100 100 100 100 100 100 100 100 100 100 100 100 100 100
100 100 100 100 100 100 100 100 100 100 100 100 100 100 100 100 100 100 100 100 100 100 100 100 100 100 100 100 100 100 100 100 100 100 100 100 100 100 100 100 100 100 100 100 100 100 100 100 100 100 100 100 100 100 100 100 100 100 100 100 100 100 100 100 100
100 100 100 100 100 100 100 100 100 100 100 100 100 100 100 100 100 100 100 100 100 100 100 100 100 100 100 100 100 100 100 100 100 100 100 100 100 100 100 100 100 100 100 100 13 100 100 100 100 100 100 100 100 100 100 100 100 100 100 100 100 16 100 100
100 100 100 100 100 100 100 100 100 100 100 100 100 100 100 100 100 100 100 100 100 100 100 100 100 100 100 100 25 100 100 100 100 100 100 100 100 100 100 100 100 100 100 100 100 100 100 100 100 100 100 100 100 100 100 100 100 100 100 100 100 100 100
100 100 100 100 100 100 100 100 100 14 100 100 100 100 100 100 100 100 100 100 100 100 100 100 100 100 100 100 100 100 100 100 100 100 100 100 100 100 100 100 100 100 100 100 100 100 100 100 100 100 100 100 100 100 100 100 100 100 100 100 100 100
100 100 100 100 100 100 100 100 100 100 100 100 100 100 100 100 100 100 100 100 100 100 100 100 100 100 100 100 100 100 100 100 100 100 100 100 100 100 100 100 100 100 100 100 100 100 100 100 100 100 100 100 100 100 100 100 100 100 100 100 100
100 100 100 100 100 100 100 100 100 100 100 100 100 100 100 100 100 100 100 100 100 100 100 100 100 100 100 100 100 100 100 100 100 100 100 100 100 100 100 100 100 100 88 30 100 100 100 100 100 100 100 100 100 100 100 100 100 100 100 100
100 100 100 100 100 100 100 100 100 100 100 100 100 100 100 100 100 100 100 100 100 100 100 100 100 100 100 100 100 100 100 100 100 100 100 100 100 100 100 100 100 100 100 100 65 100 100 100 100 100 100 100 100 100 100 100 100 100 100
100 100 100 100 100 100 100 100 100 100 100 100 100 100 100 100 100 100 100 100 100 100 100 100 100 100 100 100 100 100 100 100 100 100 100 100 100 100 100 100 100 100 100 100 100 100 100 100 100 100 100 100 100 100 100 100 100 100
100 100 100 100 100 100 100 100 100 100 100 100 100 100 100 100 100 100 100 100 100 100 100 100 100 100 100 100 100 100 100 100 100 100 100 100 100 100 100 100 100 100 100 100 100 100 100 100 100 100 100 100 100 100 100 100 100
100 100 100 100 100 100 100 100 100 100 100 100 100 100 100 100 100 100 100 100 100 100 100 100 100 100 100 100 100 100 100 100 100 100 100 100 100 100 100 100 100 100 100 100 100 100 100 100 100 100 100 100 100 100 100 100
100 100 100 100 100 100 100 100 100 100 100 100 100 100 100 100 100 100 100 100 100 100 100 100 100 100 100 100 74 100 100 100 100 100 100 100 100 100 100 100 100 100 100 100 100 100 100 100 100 100 100 100 100 100 100
100 100 100 100 100 100 100 100 100 100 100 100 100 100 100 100 100 100 100 100 100 100 100 100 100 100 100 100 100 100 100 100 100 100 100 100 100 100 100 100 100 100 100 100 100 100 100 100 100 100 100 100 100 100
100 100 100 100 100 100 100 100 100 100 100 100 100 100 100 100 100 100 100 100 100 100 100 100 100 100 100 100 100 100 100 100 100 100 100 100 100 100 100 100 100 100 100 100 100 100 100 100 100 100 100 100 100
100 100 100 100 100 100 100 100 100 100 100 100 100 100 100 100 100 100 100 100 100 100 100 100 100 100 100 100 100 100 100 100 100 100 100 100 100 100 100 100 100 100 100 100 100 100 100 100 100 100 100 100
100 100 100 100 100 100 100 100 100 100 100 100 100 100 100 100 100 100 100 100 100 100 100 100 100 100 100 100 97 100 100 100 100 100 100 100 100 100 100 100 100 100 100 100 100 100 100 100 100 100 100
100 100 100 100 100 100 100 100 100 100 100 100 100 100 100 100 100 100 100 100 100 3 100 100 100 100 100 100 100 100 100 100 100 100 100 100 100 100 100 100 100 100 100 100 100 100 100 100 100 100
100 100 100 100 100 100 100 100 100 100 100 100 100 100 100 100 100 100 100 100 100 100 100 100 11 100 100 100 100 100 100 100 100 100 100 100 100 100 100 100 100 100 100 100 100 100 100 100 100
100 100 100 100 100 100 100 100 100 100 100 100 100 100 100 100 100 100 100 100 100 100 100 100 100 100 100 100 100 100 100 100 100 100 100 100 100 100 100 100 100 100 100 100 100 100 100 100
100 100 100 100 100 100 100 100 100 100 100 100 100 100 100 100 100 100 100 100 100 100 100 100 100 100 100 100 100 100 100 100 100 100 100 100 100 100 100 100 100 100 100 100 100 100 100
100 100 100 100 100 100 100 100 66 100 100 100 100 100 100 100 100 100 100 100 100 100 100 100 100 100 100 100 100 100 100 100 100 100 100 100 100 100 100 100 100 100 100 100 100 100
100 100 100 100 100 100 100 100 100 100 100 100 100 100 100 100 100 100 100 100 100 100 100 100 100 100 100 100 100 100 100 100 100 100 100 100 100 100 100 100 100 100 100 100 100
100 100 100 100 100 100 100 100 100 100 100 100 100 100 100 100 100 100 100 19 100 100 100 100 100 100 100 100 100 100 100 100 100 100 100 100 100 100 100 100 100 100 100 100
100 100 100 100 100 100 100 100 100 100 100 100 100 100 100 100 100 100 100 100 100 100 100 100 100 100 100 100 100 100 100 100 100 100 100 100 100 100 100 100 100 100 100
59 100 100 100 100 100 100 100 100 100 100 100 100 100 100 100 100 100 100 100 100 100 100 100 100 100 100 100 100 100 100 100 100 100 100 100 100 100 100 100 100 100
100 100 100 100 100 100 100 100 100 100 100 100 100 100 100 100 100 100 100 100 100 100 100 100 100 100 100 100 100 100 100 100 100 100 100 100 100 100 100 100 100
100 100 100 100 100 100 100 100 100 100 100 100 100 100 100 100 100 100 100 100 100 100 100 100 100 100 100 100 100 100 100 100 100 100 100 100 100 100 100 100
100 100 100 100 100 100 100 100 100 100 100 100 100 100 100 100 100 100 100 100 100 100 100 100 100 100 100 100 100 100 100 100 100 100 100 100 100 100 100
100 100 100 100 100 100 100 100 100 100 100 100 100 100 100 100 100 100 100 100 100 100 100 100 100 100 100 100 100 100 100 100 100 100 100 100 100 100
100 100 100 100 100 100 100 100 100 100 100 100 100 100 100 100 100 100 100 100 100 100 100 100 100 100 100 100 100 100 100 100 100 100 100 100 100
100 100 100 100 100 100 100 100 100 100 100 100 100 100 100 100 100 100 100 100 100 100 100 100 100 100 100 100 100 100 100 100 100 100 100 100
100 100 100 100 100 100 100 100 100 100 100 100 100 100 100 100 100 100 100 100 100 100 100 100 100 100 100 100 100 100 100 100 100 100 100
100 100 100 100 100 100 100 100 100 100 100 100 100 100 100 100 100 100 100 100 100 100 100 100 100 100 100 100 100 100 100 100 100 100
100 100 100 100 100 100 100 100 100 100 100 100 100 100 100 100 100 96 100 100 100 100 100 100 100 100 100 100 100 100 100 100 100
100 100 100 100 100 100 100 100 100 100 100 100 100 100 100 100 100 100 100 100 100 100 100 100 100 100 100 100 100 100 100 100
100 100 100 100 100 100 100 100 100 100 100 100 100 100 100 100 100 100 100 100 100 100 100 100 100 100 100 100 100 100 100
100 100 100 100 100 100 100 100 100 100 100 100 100 100 100 100 100 100 100 100 100 100 100 100 100 100 100 100 100 100
100 100 100 100 100 100 100 100 100 100 100 100 100 100 100 100 100 100 100 100 100 100 100 100 100 100 100 100 100
100 100 100 100 100 100 100 100 100 100 100 100 100 100 100 100 100 100 100 100 100 100 100 100 100 100 100 100
100 100 100 100 100 100 100 100 100 100 100 100 100 100 100 100 100 100 100 100 100 100 100 100 100 100 100
100 100 100 100 100 100 100 100 100 100 100 100 100 100 61 100 100 100 100 100 100 100 100 100 100 100
100 100 100 100 100 100 100 100 100 100 100 100 100 100 100 100 100 100 100 100 100 100 100 100 100
100 100 100 100 100 100 100 100 100 100 100 100 100 100 100 100 100 100 100 100 100 100 100 100
100 100 100 100 100 100 100 100 100 100 100 100 100 100 100 100 100 100 100 100 100 100 100
100 100 100 100 100 100 100 100 100 100 100 100 100 100 100 100 100 100 100 100 100 100
100 100 100 100 100 100 100 100 100 100 100 100 100 100 100 100 100 100 100 100 100
100 100 100 100 100 100 100 100 100 100 100 100 100 100 100 100 100 100 100 100
100 100 100 100 100 100 100 100 100 100 100 100 100 100 100 100 100 100 100
100 100 100 100 100 100 100 100 100 100 100 100 100 100 100 100 100 100
100 100 50 100 100 100 100 100 100 100 100 100 100 100 100 100 100
100 100 100 100 100 100 100 100 48 100 100 100 100 100 100 100
100 100 100 100 100 100 100 100 100 100 100 100 100 100 100
100 100 100 100 100 100 100 100 100 100 100 100 100 100
100 100 100 100 38 100 100 100 100 100 100 100 100
100 100 100 100 100 100 100 100 100 100 100 100
100 100 100 100 100 100 100 100 100 100 100
100 100 100 100 100 100 100 100 100 100
100 100 100 100 100 100 100 100 100
100 100 100 100 100 100 100 100
100 100 100 100 100 100 100
100 100 100 100 100 100
100 100 100 100 100
100 100 100 100
100 100 100
100 100
100
