100 100
13 63 52 100 100 100 43 11 35 59 100 100 86 100 80 68 43 100 100 21 100 88 16 21 32 9 81 58 60 19 100 100 78 29 100 38 13 88 100 20 100 100 71 32 83 40 50 51 78 100 51 100 72 14 59 100 100 93 27 100 47 100 56 100 32 28 71 52 26 84 100 46 100 71 24 88 39 55 66 10 92 35 24 100 100 80 100 46 31 68 6 76 100 14 100 68 12 55 100 100
80 100 100 100 57 48 95 30 9 100 80 22 100 44 20 8 100 62 100 32 45 69 67 100 9 100 100 100 91 66 19 14 100 100 38 16 43 81 1 1 0 100 33 100 69 31 90 87 100 100 100 78 100 77 34 100 87 100 46 100 4 43 62 100 25 100 75 85 43 100 9 26 100 100 100 45 98 62 87 8 84 100 66 42 4 100 100 100 100 55 59 3 55 11 89 94 3 83 100
100 69 39 19 100 97 100 96 42 100 9 25 100 8 33 8 16 91 100 60 100 25 98 59 100 47 100 100 27 27 20 35 14 66 100 96 100 34 37 100 44 100 28 32 84 37 42 13 54 67 100 23 70 27 4 6 6 55 79 2 28 3 23 85 5 11 40 100 100 38 100 30 100 100 2 4 36 79 2 21 100 66 0 52 82 32 60 28 100 48 100 71 64 66 61 100 7 100
100 54 55 75 52 10 100 56 63 45 95 100 23 74 15 39 0 100 3 30 39 84 35 94 90 62 68 68 23 18 20 2 87 98 44 46 84 100 100 36 73 37 65 53 5 28 100 100 66 14 12 54 67 39 26 46 79 29 16 59 0 79 100 70 96 26 78 51 11 86 24 32 47 26 59 41 47 92 100 39 59 23 100 95 100 81 100 81 100 16 20 100 61 100 63 0 100
71 94 100 18 18 100 57 39 100 17 100 86 55 96 65 100 88 96 93 59 84 23 90 86 8 66 100 79 43 75 36 92 100 100 4 60 100 31 65 62 16 100 98 76 36 100 93 18 90 91 62 81 64 17 59 100 16 48 22 100 100 47 77 21 87 63 51 100 51 9 63 100 3 29 77 44 11 28 18 100 92 100 74 28 74 77 97 96 70 28 1 50 93 79 98 100
50 56 100 93 66 79 100 100 81 100 100 29 23 100 43 36 22 79 14 99 38 82 10 26 100 100 47 16 61 8 20 29 82 54 100 96 100 19 100 92 100 88 100 36 26 95 59 55 2 18 100 100 57 19 60 68 100 100 91 13 38 30 21 70 70 1 12 21 24 100 47 49 79 100 94 100 66 12 100 4 17 18 58 74 41 96 93 97 40 68 100 100 100 99 100
12 82 8 16 23 93 33 72 13 100 13 100 100 100 2 55 23 73 83 51 38 100 100 22 86 62 26 23 5 32 100 83 81 100 73 12 35 86 100 14 81 15 88 56 100 97 100 100 100 48 100 100 2 22 74 5 100 68 56 35 64 100 11 100 97 15 65 86 66 2 85 6 66 51 65 17 63 62 11 75 100 57 20 29 98 100 100 89 95 80 44 100 21 100
11 70 43 82 39 14 0 100 100 15 30 42 72 2 80 51 22 75 40 75 77 55 65 19 55 73 45 87 42 6 86 38 85 75 65 90 8 32 100 100 92 88 100 92 100 100 81 9 100 33 18 76 2 100 91 55 18 100 90 37 38 61 80 100 34 91 16 64 75 57 33 38 19 9 8 94 100 45 21 60 45 54 23 53 25 100 100 79 100 26 100 100 100
76 89 100 100 100 94 3 32 24 44 7 19 73 53 84 100 68 57 68 83 100 72 1 35 72 100 26 97 100 38 71 100 100 10 76 5 63 16 100 18 100 97 25 43 100 89 93 31 100 100 66 66 100 62 48 11 16 76 100 32 18 48 100 100 27 46 100 100 74 27 87 23 64 8 100 62 27 60 11 37 21 100 15 100 99 47 0 39 35 52 28 100
100 35 70 91 60 81 11 100 8 68 100 100 29 100 94 98 60 81 100 8 47 43 71 41 65 100 100 100 10 19 100 22 100 56 30 44 91 89 77 100 100 43 31 53 100 8 0 100 42 100 19 65 16 47 14 23 100 2 20 72 72 77 100 60 4 62 88 77 52 100 48 100 72 43 100 52 13 100 100 100 33 72 32 86 100 66 100 84 76 100 100
10 60 82 34 81 79 37 100 18 100 100 100 86 11 74 19 96 39 61 32 100 44 83 100 85 3 100 55 55 45 100 100 0 89 100 47 77 100 38 42 1 40 58 18 100 46 53 72 100 49 68 66 16 37 100 100 98 46 78 91 10 53 100 75 26 100 7 34 100 31 71 100 83 33 59 100 100 96 7 9 59 72 36 42 97 100 51 83 82 100
26 59 100 76 35 19 11 97 100 64 58 52 100 46 26 47 59 54 83 11 99 96 77 71 97 77 100 18 54 86 93 14 99 47 32 58 100 100 89 47 35 7 46 30 19 100 33 40 69 38 22 72 17 10 8 20 77 71 14 100 90 99 42 74 14 92 92 100 100 82 75 29 100 14 18 55 100 3 100 100 38 100 100 23 100 64 80 7 100
100 19 100 0 90 43 62 31 38 63 100 49 22 32 96 95 21 65 63 22 56 82 100 75 9 92 60 33 57 64 31 100 100 95 56 100 100 89 13 1 35 96 100 74 10 16 7 100 41 50 84 55 100 84 100 67 41 100 45 100 100 100 94 7 71 86 17 23 100 100 100 99 31 48 81 100 100 62 48 53 83 92 16 94 100 8 85 100
97 27 73 45 83 100 96 93 76 97 86 59 65 80 100 12 37 25 100 100 33 31 3 19 66 11 47 25 0 96 24 5 100 11 76 64 26 95 100 72 100 100 97 29 100 100 36 13 91 100 2 100 25 13 48 74 13 27 50 100 100 74 100 100 31 21 100 36 45 32 74 100 26 40 17 60 84 94 54 29 24 46 78 68 6 70 100
100 93 30 100 0 51 100 33 1 98 100 6 99 100 63 80 100 26 100 68 21 55 83 94 94 5 39 16 33 4 80 39 48 25 6 22 93 64 100 100 33 20 55 46 100 100 10 2 54 48 37 89 100 23 20 40 69 25 32 100 89 100 11 24 24 100 31 29 12 50 76 44 100 41 100 0 88 99 100 88 100 100 24 5 77 100
83 100 97 13 42 13 71 53 70 85 63 63 98 78 100 87 70 39 100 80 100 44 3 69 98 88 100 46 100 32 100 61 100 100 30 100 4 43 60 72 87 100 93 98 100 7 5 100 5 90 84 100 15 100 100 4 70 73 14 6 83 39 100 71 100 25 6 60 16 100 100 32 100 70 100 18 83 36 59 100 69 9 81 100 100
100 100 67 99 28 93 5 100 61 100 100 100 100 65 100 100 100 61 85 100 3 100 90 42 90 100 100 84 64 25 44 28 100 100 100 53 31 100 4 56 92 24 42 55 93 78 35 25 46 42 100 19 75 66 100 37 53 94 19 100 91 20 87 66 38 82 99 51 75 100 73 62 100 100 100 26 98 89 100 30 84 100 5 100
100 100 9 26 74 33 100 93 100 44 36 0 100 8 50 98 37 15 97 42 3 1 100 100 85 100 99 35 100 100 25 86 60 19 85 93 90 64 12 37 52 67 24 64 28 66 60 97 90 1 71 48 29 17 37 100 100 100 100 37 13 100 100 55 73 100 43 55 54 41 80 84 11 74 27 99 100 26 51 60 5 48 100
12 97 96 52 28 50 1 18 100 40 100 100 100 100 100 1 4 52 100 26 100 35 53 66 17 77 99 0 100 51 47 10 58 71 100 88 61 43 20 26 14 53 98 100 11 61 100 6 47 43 27 50 78 20 100 18 100 100 100 100 100 72 77 64 95 81 52 19 60 100 100 100 30 79 100 88 39 7 65 57 100 100
100 100 31 31 64 17 100 100 76 100 52 70 44 100 51 100 96 15 29 59 11 84 18 100 100 76 29 32 100 45 95 86 100 69 100 38 80 20 25 39 100 17 100 66 100 100 5 100 97 100 90 97 100 4 9 90 93 100 100 100 42 63 93 76 100 98 26 68 26 29 48 25 79 22 73 100 74 56 61 12 100
39 79 26 100 57 24 22 65 27 45 28 63 58 100 23 22 30 41 99 73 16 32 100 89 3 54 100 21 85 39 97 8 51 39 100 100 73 35 100 64 100 100 64 100 88 8 84 100 87 52 92 82 100 66 8 100 75 42 43 96 16 64 28 98 12 2 100 59 23 68 100 89 13 31 27 72 18 83 89 100
100 24 71 100 100 100 74 100 87 100 62 26 85 72 100 67 57 89 35 100 67 68 89 47 2 79 100 100 60 30 15 1 12 100 100 10 100 77 100 90 2 81 63 100 100 43 68 89 100 44 50 82 68 100 69 72 98 100 83 80 100 82 36 60 51 21 30 2 57 82 100 79 16 100 24 18 74 83 100
89 53 84 84 100 100 96 21 34 15 100 49 68 73 37 100 100 63 87 40 19 88 1 100 64 29 38 91 55 5 30 100 22 48 1 100 100 36 62 23 59 2 38 70 100 100 100 100 58 45 2 91 86 100 100 84 66 100 14 16 100 46 100 73 83 45 100 3 69 100 45 10 94 84 100 16 43 100
100 78 21 3 20 72 73 43 12 59 16 16 72 49 22 100 17 100 17 16 91 83 57 100 80 100 95 100 100 100 85 100 100 78 97 100 84 47 18 91 41 87 63 100 97 80 5 53 47 18 100 85 11 27 33 6 9 100 100 100 15 4 55 100 65 5 2 5 10 29 100 47 42 48 84 71 100
50 91 78 100 100 99 73 15 96 100 40 7 98 93 7 21 46 100 52 98 100 57 38 100 20 100 100 100 52 73 42 100 6 62 5 100 71 85 32 100 2 45 33 82 48 100 87 87 49 1 14 91 100 100 100 64 84 35 87 91 16 77 15 60 100 83 36 11 86 56 26 11 100 80 99 100
100 20 100 100 79 100 87 27 37 33 100 40 23 60 31 32 78 36 13 34 76 100 2 100 54 94 0 68 73 52 100 19 100 100 83 21 36 5 2 5 100 28 100 100 93 0 100 13 45 100 100 84 90 74 53 100 44 100 0 25 54 14 23 100 4 32 100 46 100 8 14 65 58 100 100
12 68 39 100 51 100 100 100 100 63 74 90 100 100 52 24 100 53 100 3 39 47 100 59 58 64 25 58 100 21 13 100 45 75 1 92 13 31 1 100 12 100 17 100 100 55 17 91 38 74 25 22 83 64 77 8 66 100 100 100 84 100 70 91 5 100 100 93 1 28 85 95 73 100
72 100 59 100 46 100 88 40 2 100 7 18 48 4 79 19 0 30 100 18 94 100 100 72 78 100 100 96 14 85 9 32 100 3 90 38 21 57 5 100 83 100 43 80 100 80 100 11 91 64 90 35 46 100 39 87 77 35 36 58 100 100 79 69 100 29 6 30 33 50 51 89 100
100 100 66 100 85 11 96 19 12 73 100 100 94 100 99 55 100 70 99 21 100 67 30 31 100 35 100 15 22 99 100 51 14 22 100 65 100 100 95 31 100 83 48 63 100 34 94 84 53 82 36 97 9 20 100 37 86 100 100 29 96 100 46 6 99 43 49 83 100 91 59 100
52 85 100 90 76 19 37 4 28 10 100 12 100 7 6 100 100 100 47 100 100 2 6 53 67 98 20 83 100 47 100 65 100 100 100 86 48 29 100 49 28 91 31 7 100 43 22 83 100 50 59 15 38 26 78 59 100 38 100 37 100 100 93 81 100 33 100 97 86 69 100
36 13 93 87 7 76 100 100 74 66 0 48 42 1 81 100 89 100 80 13 1 60 13 12 58 36 100 100 100 63 47 13 61 25 79 100 100 93 33 55 100 2 6 77 65 14 69 100 97 100 79 100 29 15 100 98 83 48 28 28 64 21 35 31 49 100 51 100 44 100
72 30 100 100 10 100 14 100 66 71 70 97 100 88 17 31 100 12 100 87 70 100 44 68 3 84 100 65 61 96 83 24 56 91 38 6 22 100 100 5 18 43 54 48 100 40 75 15 55 67 100 22 0 7 100 87 14 2 92 100 19 50 100 99 100 100 9 53 100
7 77 8 100 100 100 42 100 46 89 57 16 31 97 94 35 76 100 71 75 12 100 36 83 80 44 14 31 69 94 85 10 70 31 41 100 62 100 100 100 0 68 92 60 98 98 100 25 100 100 63 47 5 100 11 61 55 27 100 79 56 67 56 100 100 8 71 100
52 48 100 100 73 9 37 69 25 25 97 65 100 100 100 40 0 1 99 100 0 70 25 100 1 26 60 100 49 11 12 80 100 56 53 18 41 100 24 100 42 100 100 98 28 100 100 27 48 15 14 12 100 3 100 76 2 73 100 95 19 100 38 12 65 75 100
100 11 96 100 49 98 68 19 43 67 9 100 48 56 89 24 43 51 100 52 19 27 81 25 100 7 100 83 61 75 86 100 34 9 7 79 43 3 100 100 81 100 66 1 100 5 77 71 63 100 10 0 100 31 83 29 84 44 100 33 63 100 72 98 84 100
41 100 19 100 100 89 99 65 100 63 56 3 100 49 1 41 69 100 28 100 31 0 75 61 100 100 99 83 20 79 69 100 50 43 100 68 13 100 5 63 14 100 10 55 17 47 44 100 67 95 3 25 33 15 14 49 45 100 100 100 35 7 100 12 100
32 50 100 100 63 100 16 73 49 67 100 98 100 81 100 28 100 10 17 100 91 7 0 42 52 18 31 86 2 100 31 100 66 46 44 3 7 21 95 100 100 2 30 70 100 16 79 100 100 8 67 100 6 100 79 78 100 29 95 100 35 0 69 100
77 0 0 100 11 62 62 30 64 67 15 100 89 21 97 100 100 52 46 100 100 74 33 66 19 11 65 100 100 100 37 26 11 6 40 51 31 26 100 34 9 78 98 26 33 54 63 100 100 46 58 39 100 52 92 100 100 69 100 100 75 100 100
65 92 100 85 15 71 100 100 6 83 7 100 63 66 40 31 47 100 34 73 100 25 34 83 73 79 100 100 8 42 15 100 100 100 0 100 70 97 0 65 100 13 21 69 49 93 2 45 98 76 62 9 100 100 70 100 92 1 100 23 100 100
7 58 27 81 67 22 61 40 58 49 11 29 57 69 69 92 79 72 33 82 91 100 66 70 25 100 100 39 54 100 100 43 35 19 23 53 42 14 57 20 100 22 11 69 88 99 12 76 100 100 36 31 28 100 100 100 90 77 92 100 100
54 100 40 68 9 63 100 74 12 45 79 100 78 5 100 49 23 30 62 16 100 64 11 62 55 37 26 100 100 69 9 48 100 20 96 96 100 91 0 60 62 7 18 97 9 11 50 100 29 18 83 100 53 26 84 85 39 100 1 100
75 100 80 100 32 0 100 71 100 75 1 83 40 11 20 24 20 52 62 20 88 28 100 19 94 60 55 47 100 97 78 42 27 14 19 100 44 87 100 100 100 100 100 100 100 100 100 100 100 100 100 100 100 100 100 100 100 100 100
100 100 100 100 100 100 100 100 100 100 100 27 100 100 100 100 100 100 100 100 100 100 100 100 100 100 100 100 100 100 100 100 100 39 100 100 100 100 100 100 100 100 100 100 100 100 100 100 100 100 100 100 100 100 100 100 100 100
40 100 100 100 100 100 100 100 100 100 100 100 100 100 100 100 100 100 100 13 100 100 100 100 100 100 100 100 100 100 100 100 100 100 100 100 100 100 100 100 100 100 100 100 100 100 100 100 100 100 100 100 100 100 100 100 100
100 100 100 100 100 100 100 100 100 100 100 100 100 100 100 100 100 100 100 100 11 100 100 100 100 100 100 100 100 100 100 100 100 100 100 100 100 100 100 100 100 100 100 100 100 100 100 100 100 100 100 100 100 100 100 100
100 100 100 100 100 100 100 100 100 100 100 26 100 25 100 100 100 100 100 100 100 100 100 100 100 100 100 100 100 100 100 100 100 100 100 100 100 100 100 100 100 100 100 100 100 100 100 100 100 100 100 100 100 100 100
100 100 100 100 100 100 100 100 100 100 100 100 100 100 100 100 100 100 100 100 100 100 100 100 100 100 100 100 100 100 100 100 100 100 100 100 100 100 100 100 100 100 100 100 100 100 100 100 100 100 100 100 100 100
100 100 3 100 100 100 100 100 100 100 100 100 100 100 100 100 100 100 100 100 100 100 100 100 100 100 100 100 100 100 100 100 100 100 100 100 100 100 100 100 100 100 100 8 100 100 100 100 100 100 100 100 100
100 100 100 100 100 100 100 100 100 100 100 100 100 100 100 100 100 100 100 100 100 100 100 100 100 100 100 100 100 100 100 100 100 100 100 100 100 1 100 100 100 100 100 100 100 100 100 100 100 100 100 100
100 100 100 100 100 100 100 100 100 100 100 100 100 100 100 100 100 100 100 100 100 100 100 100 100 100 100 100 100 100 100 100 100 100 100 100 82 100 100 100 100 100 100 100 100 100 100 100 100 100 100
100 100 100 100 100 100 100 100 100 100 100 100 100 100 100 100 100 100 100 100 100 100 100 100 100 100 100 100 100 100 100 100 100 100 100 100 100 100 100 100 100 100 100 100 100 100 100 100 100 100
100 100 100 100 100 100 100 100 100 100 100 100 100 100 100 100 100 100 100 100 100 100 100 100 100 100 100 100 100 100 100 100 100 100 100 100 100 100 100 100 100 100 100 100 100 100 100 100 100
100 100 100 100 100 100 100 100 100 100 100 100 100 100 100 100 100 100 100 100 100 100 100 100 100 100 100 100 100 100 100 100 100 100 100 100 100 100 100 100 100 100 100 100 100 100 100 100
100 100 100 100 100 100 100 100 22 100 100 100 100 100 100 100 100 100 100 100 100 100 100 100 100 100 100 100 100 100 100 100 100 100 100 100 100 100 100 100 100 100 100 100 100 100 100
100 100 100 100 100 100 100 100 100 100 77 100 100 100 100 100 100 100 100 100 100 100 100 100 100 100 100 100 100 100 100 100 100 100 100 100 100 100 100 100 100 100 100 100 100 100
100 100 100 100 100 100 100 100 100 100 100 100 100 100 100 100 100 100 100 100 100 100 100 100 100 100 100 100 100 100 100 100 100 100 50 100 100 100 100 100 100 100 100 100 100
100 100 100 100 100 100 100 100 100 100 100 100 100 100 100 100 100 100 100 100 100 100 100 100 100 100 100 88 100 100 100 100 100 100 100 100 100 100 100 100 100 100 100 100
100 100 100 100 100 100 100 100 100 100 100 100 100 100 100 100 100 100 100 100 100 100 100 100 100 100 100 100 100 100 100 100 100 100 100 100 100 100 100 100 100 100 100
100 100 100 100 100 100 100 100 100 100 100 100 100 100 100 100 100 100 100 100 100 100 100 100 100 100 100 100 100 100 100 100 100 100 100 1 100 100 100 100 100 100
72 100 100 100 100 100 100 100 100 100 100 100 100 100 100 100 100 100 100 100 100 100 100 100 100 100 100 100 100 100 100 100 100 100 100 100 100 100 100 100 100
100 100 100 100 100 100 100 100 100 100 100 100 100 100 100 100 100 100 100 100 100 100 100 100 100 100 100 100 100 100 100 100 100 100 100 100 100 100 100 100
100 100 100 100 100 100 100 100 100 100 100 100 100 100 100 100 100 100 100 100 100 100 100 100 100 100 100 100 100 100 100 100 100 100 100 100 100 100 100
100 100 100 100 100 100 100 100 100 100 100 100 100 100 100 100 100 100 100 100 100 100 100 100 100 56 100 100 100 100 100 100 100 100 100 100 100 100
100 100 100 100 87 100 100 100 100 100 100 100 100 100 100 100 100 100 100 100 100 100 100 100 100 100 100 100 100 100 100 100 100 100 100 100 100
100 100 100 100 100 100 100 100 100 100 100 100 100 100 100 100 100 100 100 100 100 100 100 100 100 100 100 100 100 100 100 100 100 100 100 100
100 100 100 100 100 100 100 100 100 100 100 100 100 100 100 100 100 100 100 100 100 100 100 100 100 100 100 100 100 100 100 100 100 100 100
100 100 100 100 100 100 100 100 100 100 100 100 29 100 100 100 100 100 100 100 100 100 100 100 100 100 100 100 100 100 100 100 100 100
100 100 100 100 100 100 100 100 100 100 100 100 100 100 100 100 100 100 100 100 100 100 100 100 100 100 100 100 100 100 100 100 100
100 100 100 100 100 100 100 100 100 100 100 100 100 100 100 100 100 100 100 100 100 100 100 100 100 100 100 100 100 100 100 100
100 100 100 100 100 100 100 100 100 100 100 41 100 100 100 100 100 100 100 100 100 100 100 100 100 100 100 100 100 100 100
100 100 100 100 100 100 100 100 100 100 100 100 100 100 100 100 100 100 100 100 100 100 100 100 100 100 100 100 100 100
100 100 100 100 100 100 100 100 100 100 100 100 100 100 100 100 100 100 100 100 100 100 100 100 100 100 100 100 100
100 100 100 100 100 100 100 100 100 100 100 100 100 2 100 100 100 100 100 100 100 100 100 100 100 100 100 100
100 100 100 100 100 100 100 100 100 100 100 100 100 100 100 100 100 100 100 100 100 100 100 100 100 100 100
100 100 100 100 100 100 54 100 100 100 100 100 100 100 100 100 100 100 100 100 100 100 100 100 100 100
100 100 100 100 100 100 100 100 100 100 100 100 100 100 100 100 100 100 100 3 100 100 100 100 100
100 100 100 100 100 100 100 100 100 100 100 100 100 100 100 100 100 10 100 100 100 100 100 100
100 100 100 100 100 100 100 100 100 100 100 100 100 100 100 100 100 100 100 100 100 100 100
100 100 100 100 100 0 100 100 100 100 100 100 100 100 100 100 100 100 100 100 100 100
100 100 100 100 100 100 100 100 100 100 100 100 100 100 100 100 100 100 100 100 100
100 100 100 100 100 100 100 100 100 22 100 100 100 100 100 100 100 100 100 100
100 100 100 100 100 100 100 100 100 100 100 100 100 100 100 100 100 100 100
100 100 100 100 100 100 100 100 100 100 100 100 100 100 100 100 12 100
100 100 100 100 100 100 100 100 100 100 100 100 100 100 100 100 100
100 100 100 100 100 100 100 100 100 100 100 100 100 100 100 100
100 100 100 100 100 100 100 100 100 100 100 45 100 100 100
100 100 100 100 100 100 100 100 100 100 100 100 100 100
100 100 100 100 100 100 100 100 100 100 100 100 100
100 100 100 100 100 100 100 100 100 100 100 100
100 100 100 100 100 100 100 100 100 100 100
100 100 12 100 100 100 100 100 100 100
100 100 100 100 100 100 100 100 100
100 100 100 100 100 100 100 100
100 100 100 100 100 100 100
100 100 100 100 100 100
100 100 100 100 100
100 100 100 100
100 100 100
100 100
100
