100 100
52 100 100 60 28 4 100 45 7 89 79 39 72 59 91 29 83 100 30 21 72 14 71 100 99 66 52 5 100 32 100 83 8 38 54 29 58 96 31 77 57 100 68 27 100 100 66 60 100 100 55 92 35 100 98 0 0 22 11 35 54 56 66 89 100 100 93 92 56 85 85 100 41 100 35 93 29 100 100 88 98 68 14 100 98 35 60 14 73 16 100 30 100 17 40 29 49 8 100 100
86 31 100 39 20 2 100 100 100 100 63 100 5 23 21 7 80 33 48 82 15 13 100 24 58 100 87 9 77 100 27 29 100 100 4 48 100 34 100 89 35 100 100 92 46 46 100 35 16 8 100 45 88 100 2 89 87 25 27 52 76 81 100 41 14 75 100 90 47 75 53 28 24 77 10 53 41 100 79 81 8 75 61 5 100 49 24 44 100 37 10 71 100 99 80 46 86 18 100
100 78 36 60 100 100 16 25 53 100 79 56 19 69 9 12 100 100 100 54 97 100 100 100 57 70 76 8 38 17 20 100 75 33 100 69 31 8 13 70 19 89 100 33 66 57 93 100 100 6 12 7 100 43 100 57 50 49 20 72 24 36 39 21 17 100 100 13 48 91 100 89 84 100 42 55 61 100 57 42 88 56 100 64 100 27 78 48 100 19 63 88 100 17 67 41 8 100
79 25 27 1 32 100 100 2 59 100 100 16 92 100 100 38 100 100 100 9 94 51 78 52 78 100 100 84 8 80 100 40 44 83 96 100 5 43 100 9 84 16 57 41 88 26 100 88 20 64 39 39 100 88 7 100 78 30 48 74 55 100 100 18 86 87 100 77 32 51 98 6 70 100 94 50 100 59 100 97 88 34 15 83 100 5 42 100 89 45 100 30 40 100 18 100 100
87 100 100 20 4 43 100 33 79 23 63 100 100 62 60 16 56 100 100 100 19 100 59 12 55 100 25 92 100 97 100 43 100 32 20 93 33 3 6 100 83 100 100 76 4 40 68 59 82 49 100 32 47 100 80 39 100 83 38 100 100 48 100 83 57 100 9 21 46 38 100 92 70 74 70 100 83 100 5 15 100 92 34 100 26 11 1 100 100 39 100 100 100 86 100 100
100 100 29 11 81 73 55 82 20 52 47 47 100 20 92 4 25 50 100 23 4 56 100 100 100 42 12 16 100 100 100 100 100 90 100 52 100 55 100 100 100 100 100 100 3 100 100 100 100 100 21 99 64 71 100 92 42 100 100 100 66 100 74 100 71 22 14 27 59 100 20 100 100 100 100 82 15 48 100 33 92 94 100 100 23 100 100 35 62 100 37 100 75 56 100
100 60 85 100 100 4 100 46 5 100 100 100 100 100 5 100 74 100 100 100 81 100 100 100 72 63 6 100 22 100 51 18 65 100 54 100 100 25 100 100 100 100 81 100 100 59 27 40 100 10 100 67 100 25 73 100 100 100 100 44 91 59 64 100 10 100 100 80 59 58 54 100 21 100 100 100 100 100 100 100 69 40 62 56 100 100 78 100 100 100 100 100 97 100
100 1 33 49 100 4 49 23 100 58 100 100 100 100 77 95 100 100 100 100 100 100 65 67 47 100 100 100 100 54 55 76 100 100 43 100 100 100 57 43 100 100 100 100 70 100 100 100 98 100 30 24 43 100 69 100 53 100 100 100 86 83 15 45 100 88 100 51 100 0 88 100 100 100 100 17 16 51 100 100 42 100 100 6 94 100 100 100 25 100 100 100 100
100 38 100 100 100 93 100 53 100 52 20 100 29 100 7 99 100 36 29 100 12 3 100 72 100 90 100 50 100 100 68 100 32 38 100 91 100 21 72 59 56 100 11 100 60 20 83 100 100 100 100 49 100 14 3 100 62 17 85 100 100 20 95 100 100 50 100 100 100 100 70 45 52 21 87 100 100 43 100 100 100 3 98 27 2 89 100 73 14 17 52 100
14 100 34 100 100 100 12 73 100 100 100 100 100 100 84 100 100 53 100 100 42 100 100 100 8 100 100 100 77 100 100 100 100 100 100 0 11 100 100 21 20 36 36 100 96 27 100 100 48 13 100 85 19 37 100 32 33 57 100 100 100 100 100 72 100 70 59 91 100 18 83 56 100 100 100 100 81 22 100 91 100 15 100 5 14 100 38 100 96 59 100
100 2 100 100 100 30 100 9 100 100 44 75 25 100 100 10 100 46 100 100 32 100 100 48 82 15 100 58 37 100 100 23 100 52 100 30 100 46 100 36 16 100 100 75 23 67 100 100 100 65 100 100 10 100 94 100 16 100 24 7 100 5 4 100 11 100 81 100 64 78 57 100 48 100 100 69 44 100 100 97 100 100 88 100 26 100 88 100 30 100
100 100 72 100 78 46 66 100 44 6 100 57 68 20 100 100 42 100 100 1 98 73 39 100 97 100 100 100 100 100 100 100 100 22 41 71 21 98 42 96 23 100 100 100 59 22 74 100 100 100 100 28 100 100 100 100 39 58 100 46 100 7 100 72 98 66 100 56 83 97 100 68 100 100 35 93 60 6 19 100 54 70 74 100 100 74 76 100 100
15 39 6 52 100 100 100 100 35 100 100 28 98 56 100 100 96 100 100 100 100 100 33 29 100 56 100 91 100 1 8 75 44 61 60 100 96 100 15 48 100 80 100 29 68 38 78 100 100 98 100 100 54 100 71 100 100 100 4 100 46 96 56 100 80 51 82 100 100 100 100 100 25 100 100 71 20 70 100 31 100 94 12 100 100 100 14 100
42 100 50 100 100 100 37 100 100 76 81 47 100 100 100 100 100 100 54 100 98 18 100 48 0 100 39 11 100 100 61 100 100 14 91 80 100 100 100 40 100 5 100 70 72 21 10 26 100 13 100 100 24 7 48 100 100 77 90 100 2 100 100 66 100 100 100 100 98 100 100 64 100 88 100 100 93 100 100 62 100 67 100 100 48 100 100
20 100 100 100 92 100 70 100 79 52 100 55 9 100 22 100 100 5 100 15 100 100 100 58 100 100 100 100 100 87 44 5 100 100 100 100 100 39 100 32 12 83 2 50 100 100 22 93 90 100 100 100 100 74 100 100 100 100 13 72 33 100 100 16 62 98 67 100 100 100 100 100 100 100 100 100 100 100 51 100 100 48 98 100 100 100
100 24 100 60 61 100 24 100 100 100 8 1 100 100 100 100 54 74 37 85 94 22 100 3 2 65 42 100 44 100 48 100 100 98 98 100 100 27 100 16 95 100 9 100 100 83 100 100 100 100 100 100 100 100 100 62 100 88 40 30 35 100 100 61 100 57 100 22 96 100 100 100 55 100 100 100 80 100 100 45 100 100 100 86 100
23 30 75 87 0 1 33 48 100 100 100 100 16 27 100 45 100 100 100 41 100 100 48 100 100 16 100 89 100 35 100 100 100 41 89 35 2 60 64 9 100 100 23 31 95 15 100 100 100 65 31 100 32 100 28 100 63 100 95 100 100 100 61 34 100 22 100 74 43 100 100 100 100 72 100 100 66 100 100 35 100 100 91 100
100 100 100 100 100 73 100 100 100 91 100 58 100 100 99 100 10 100 100 14 100 51 100 100 41 100 100 100 100 39 100 7 72 100 100 100 36 46 84 32 100 6 100 60 100 100 34 100 100 2 41 100 40 56 36 71 100 100 41 100 57 100 100 100 40 100 17 100 31 100 100 100 100 36 100 67 1 11 100 13 78 100 100
32 4 100 73 27 100 100 24 6 48 29 100 94 100 100 44 100 100 100 100 100 100 100 100 50 71 100 80 100 6 100 94 33 57 100 62 100 98 37 100 29 100 77 31 100 100 24 56 100 100 69 36 100 100 100 100 75 6 3 9 47 100 100 100 97 35 10 100 100 91 80 77 100 0 100 64 67 33 100 100 40 100
82 100 100 87 89 66 85 64 78 24 100 52 62 72 43 100 100 100 12 100 7 10 100 100 100 100 68 22 68 100 89 100 100 100 1 18 23 77 6 100 100 100 6 100 46 32 70 100 100 100 100 100 100 99 100 69 0 45 100 55 35 100 100 100 100 91 62 96 100 100 100 100 100 14 4 100 100 100 100 67 100
100 100 100 100 42 100 100 59 2 100 59 24 68 45 49 100 100 70 100 100 87 31 43 86 65 100 44 100 100 34 79 39 100 100 100 100 100 100 100 31 100 100 100 100 19 100 100 10 29 15 100 82 20 100 100 100 100 100 77 86 15 7 100 91 86 94 16 13 18 100 100 29 100 100 56 43 100 36 70 100
79 27 100 100 90 100 100 100 100 70 100 100 100 100 100 100 100 100 100 100 100 17 12 100 56 67 100 42 100 16 100 100 100 57 100 100 100 96 100 100 100 100 51 29 100 1 100 72 100 100 70 42 100 42 72 94 25 100 13 29 100 56 100 63 100 87 100 100 20 100 100 2 100 100 64 100 100 100 100
5 100 34 100 100 74 64 69 15 100 70 30 100 15 100 72 37 100 19 16 22 40 61 100 100 29 100 83 74 21 100 100 9 98 100 100 100 100 18 84 100 100 100 50 100 71 100 70 71 100 65 48 100 100 100 100 50 45 100 99 39 100 100 71 100 100 100 25 100 75 75 100 100 100 100 58 100 100
100 100 100 75 80 100 87 100 67 100 100 80 92 100 100 79 43 100 68 100 100 16 9 36 100 100 49 21 100 20 70 100 100 100 100 13 57 100 4 100 100 100 100 13 100 53 8 100 86 98 42 100 84 68 59 86 100 0 36 80 100 55 41 100 40 26 70 100 17 100 100 100 72 100 100 26 100
8 24 100 100 100 100 100 61 58 13 59 100 100 39 100 30 100 100 100 64 42 100 100 40 90 100 100 29 100 97 51 100 67 100 61 100 100 100 7 100 100 9 1 87 56 100 91 100 100 45 87 15 60 37 37 100 100 23 17 100 100 100 45 100 100 100 99 41 100 80 61 34 100 100 66 100
100 29 97 57 100 100 18 100 6 17 52 100 63 100 81 100 65 1 100 35 100 100 48 100 100 2 20 95 100 100 100 100 100 100 100 100 100 82 100 22 100 100 100 42 66 14 100 25 34 1 100 100 52 63 81 100 100 100 100 65 6 100 39 100 100 100 100 64 84 100 100 100 8 28 100
100 100 40 100 46 21 100 100 100 100 56 100 5 100 68 20 10 77 100 76 21 70 100 100 100 100 13 100 93 100 100 47 100 100 65 94 100 100 13 100 28 91 68 100 100 69 100 43 57 100 21 89 100 100 100 100 100 11 100 100 91 100 100 100 100 100 100 45 100 100 22 100 74 100
22 1 100 48 88 100 100 100 100 100 58 100 100 22 100 50 100 50 100 41 61 57 38 100 100 100 100 78 45 10 59 38 95 81 36 74 59 3 100 17 1 27 37 100 100 100 100 31 96 5 92 99 100 100 100 99 32 100 100 100 100 12 100 100 63 27 23 100 100 100 100 5 100
90 62 100 19 100 100 14 100 100 100 100 62 100 44 97 24 100 40 100 64 14 100 86 98 36 100 100 100 30 50 34 100 12 100 100 89 62 71 100 100 73 100 72 100 100 100 100 38 21 100 100 77 100 24 100 100 16 100 100 59 100 100 100 16 100 38 54 84 100 100 100 100
65 100 89 100 100 100 23 100 100 100 100 100 100 100 51 61 100 100 100 83 55 100 100 100 58 100 14 100 6 100 82 100 78 41 9 25 100 100 100 100 100 1 100 100 100 93 100 100 65 7 100 100 100 100 100 100 89 100 100 100 100 61 100 64 38 36 18 100 100 100 100
100 100 100 100 100 11 17 72 100 100 96 100 23 25 100 88 100 100 100 65 100 100 35 100 100 16 48 100 100 94 22 100 100 100 100 100 8 62 1 100 84 14 100 100 100 56 94 43 100 57 100 100 100 100 90 37 100 100 8 62 26 100 100 100 100 3 24 47 100 100
100 100 100 32 31 100 100 35 100 97 98 100 78 79 100 100 19 100 11 22 100 100 100 100 10 76 100 100 100 100 36 100 4 64 100 100 40 100 100 35 100 100 100 10 100 100 100 100 100 99 21 1 100 88 12 100 100 100 90 100 88 56 34 100 100 100 96 100 100
100 8 100 13 69 3 100 77 37 100 100 100 100 64 99 98 100 60 100 18 100 100 100 15 2 100 100 100 11 57 50 100 100 92 53 100 44 100 100 90 52 100 100 100 24 100 46 11 1 100 100 62 100 100 100 100 100 84 49 52 34 88 97 69 100 31 70 100
99 100 86 40 100 36 100 90 62 82 100 100 56 100 100 100 100 100 15 100 100 100 95 100 100 68 82 100 34 33 100 100 88 100 100 100 100 18 100 33 47 100 72 95 100 100 37 50 81 100 8 54 46 100 52 8 100 40 100 84 100 100 100 100 57 100 100
100 100 100 8 100 65 100 100 100 100 100 100 100 100 88 100 23 3 100 100 4 11 69 100 9 100 100 31 100 100 55 100 100 90 100 100 100 32 28 100 100 100 100 100 12 27 49 100 100 1 100 100 100 100 100 78 100 78 28 100 100 100 100 54 14 100
100 100 36 34 19 48 100 100 100 76 67 17 100 100 100 100 100 100 100 100 100 22 100 100 100 72 28 34 100 100 46 100 100 92 100 63 90 21 100 100 35 100 100 50 100 100 100 71 100 100 100 100 84 100 64 100 100 26 28 100 100 37 100 6 100
91 100 55 100 100 21 100 38 68 91 100 100 100 9 100 13 100 100 63 27 100 100 8 92 100 56 85 7 100 88 100 100 100 100 100 52 73 100 100 69 100 100 8 96 100 100 100 100 100 46 47 76 82 33 100 100 66 100 13 100 100 100 96 100
100 100 100 88 100 100 100 8 100 100 35 54 49 38 100 89 100 13 100 30 28 60 100 100 100 100 100 17 100 100 100 100 100 76 44 85 91 100 100 100 15 100 97 100 100 19 35 85 80 100 53 3 31 100 43 90 14 100 100 100 100 100 100
49 96 100 0 100 100 64 100 100 94 69 100 52 100 18 82 100 59 100 100 100 15 100 89 100 100 24 100 100 100 100 27 100 14 100 100 18 18 100 100 11 100 100 100 31 100 63 100 100 68 19 100 57 17 8 100 100 100 100 39 100 100
45 100 100 90 6 100 24 76 5 100 22 97 100 29 62 70 100 100 24 5 82 100 100 96 8 100 100 100 100 36 69 100 100 100 82 82 33 100 100 100 100 100 100 100 96 100 100 75 100 100 32 100 46 0 100 100 100 55 100 100 100
59 100 100 100 4 100 49 100 100 20 0 100 100 13 14 65 80 17 53 0 100 69 43 91 100 100 61 7 70 100 72 100 92 100 100 40 100 100 100 0 60 9 100 35 100 100 100 100 52 16 100 19 7 21 46 99 1 100 61 100
100 100 100 100 97 100 1 100 100 97 34 12 91 100 20 35 100 46 91 16 100 100 66 1 69 100 7 0 99 52 100 100 19 100 89 67 100 100 100 62 100 100 100 100 100 98 100 44 100 100 49 100 100 36 25 100 54 11 100
86 56 94 25 76 84 4 25 100 100 100 100 88 20 3 100 100 100 100 100 41 49 15 100 58 71 41 85 88 100 100 100 98 100 100 27 35 82 100 84 100 92 100 100 88 100 74 100 100 100 55 100 17 72 55 38 100 100
53 100 100 100 100 19 100 100 100 100 100 100 100 100 100 36 83 100 27 100 100 100 100 21 67 100 88 50 100 40 12 100 100 51 100 42 54 100 65 100 83 63 75 46 21 99 100 73 89 100 100 100 100 100 100 75 100
100 12 100 75 75 100 100 92 47 26 100 100 100 100 99 100 100 36 30 100 100 100 100 77 86 6 100 100 13 100 100 100 100 47 58 8 15 33 100 20 100 43 61 100 10 100 100 52 54 27 100 100 100 12 100 100
63 100 100 43 100 100 30 100 69 100 55 100 100 51 100 100 100 60 100 100 100 100 100 100 45 48 40 100 6 56 100 100 1 13 100 14 100 100 0 75 100 12 100 100 100 100 60 100 8 100 100 94 15 44 100
100 65 9 52 100 4 39 100 100 80 91 100 82 100 8 100 82 100 100 90 11 100 100 97 31 100 21 100 74 100 100 100 100 6 43 100 100 100 44 100 88 100 81 100 96 78 100 100 37 89 27 100 92 100
64 100 88 100 68 100 100 100 87 100 100 99 71 100 43 100 100 40 79 100 28 100 100 6 100 100 100 100 58 71 8 61 100 87 100 20 100 86 81 100 100 100 53 100 100 100 100 100 84 100 58 42 100
100 100 100 73 66 13 100 16 100 100 51 100 80 100 76 95 100 21 70 100 96 11 100 17 100 100 37 100 100 12 100 84 100 100 95 100 100 4 100 93 24 100 100 55 61 100 46 100 92 100 64 100
6 68 100 96 47 46 100 100 100 17 46 38 100 100 100 100 100 100 100 85 38 100 100 16 25 52 100 100 0 100 51 100 23 100 52 12 78 100 100 100 100 100 100 100 100 74 47 100 100 100 100
78 100 100 40 100 100 14 100 48 75 100 100 22 100 100 100 62 100 100 83 100 51 100 100 100 100 100 7 91 82 100 57 32 100 7 100 100 100 69 100 100 100 33 100 100 30 57 89 71 100
74 100 65 100 32 61 100 100 100 13 94 100 100 100 0 100 96 49 100 100 55 100 48 100 77 11 44 100 34 100 29 60 100 38 66 100 85 20 83 100 72 76 43 100 76 100 100 54 100
100 90 100 100 100 94 100 83 24 100 100 9 100 69 29 100 100 8 100 67 93 0 77 50 13 52 60 100 100 48 100 28 98 47 100 47 69 100 49 100 100 67 72 100 100 75 18 100
67 100 100 13 23 100 85 100 46 100 74 73 37 89 14 100 100 50 100 2 21 67 100 100 100 100 100 100 82 100 87 100 100 0 100 36 100 100 100 81 31 100 100 2 100 100 100
13 100 100 100 74 98 92 38 100 100 6 8 36 100 100 100 100 41 100 100 100 100 100 100 100 100 41 100 64 30 100 29 100 100 100 2 100 100 100 100 69 100 74 100 100 100
100 100 72 94 100 24 100 34 100 100 100 100 100 100 100 34 49 84 100 100 58 100 100 1 43 65 100 36 100 0 72 100 11 100 53 40 100 4 100 16 49 100 2 36 100
100 60 100 49 100 100 91 100 100 28 67 100 50 20 24 48 83 63 100 44 100 100 100 57 80 22 100 61 100 100 91 100 66 100 100 35 100 100 100 100 79 100 1 100
100 100 78 27 100 47 86 100 100 89 100 100 87 100 72 100 24 100 100 100 90 19 100 100 62 80 100 100 100 100 68 33 100 31 8 100 100 35 98 100 13 100 100
80 66 100 100 100 100 6 66 67 90 31 100 21 90 76 91 100 0 85 100 3 73 100 100 59 46 100 14 100 100 94 100 21 100 74 100 95 100 100 100 84 100
32 76 100 100 68 100 100 91 2 48 61 100 100 14 23 16 100 100 40 100 100 100 90 100 100 100 100 100 100 83 100 0 100 100 28 100 100 100 100 73 100
5 55 100 100 64 17 95 100 81 100 100 100 100 100 100 100 9 43 100 88 9 100 100 100 100 100 95 44 100 91 100 89 100 100 100 40 100 4 100 100
100 100 100 100 100 100 100 100 100 88 54 56 31 25 88 6 100 100 47 34 100 100 100 16 83 100 100 13 100 100 100 99 100 100 74 100 100 100 100
87 93 100 100 100 100 100 100 100 100 16 89 51 100 65 95 67 48 12 100 100 100 100 100 100 5 100 100 2 100 100 100 100 100 73 36 75 100
100 79 63 36 75 18 100 100 50 34 100 100 15 100 67 55 100 14 82 100 87 10 100 100 100 100 100 100 15 57 100 21 100 100 43 100 100
100 100 60 100 75 100 8 95 100 17 71 46 88 100 77 78 100 100 100 100 97 100 100 50 100 100 100 12 38 14 100 100 100 100 68 100
100 99 100 100 53 100 58 100 100 85 66 92 87 100 96 31 48 43 45 80 51 33 63 45 100 100 31 100 100 100 51 100 19 42 100
10 100 100 92 100 100 5 100 100 100 34 37 39 95 60 25 100 95 100 100 100 37 94 100 41 100 100 100 50 1 4 40 31 100
13 7 57 100 100 100 91 100 17 100 100 100 100 100 100 100 100 100 100 100 10 100 100 100 30 100 76 84 100 55 19 100 100
100 95 38 34 100 100 88 48 49 100 100 100 100 73 93 100 100 100 1 100 100 53 10 36 100 100 0 100 100 90 6 100
100 100 11 18 91 67 38 100 100 29 100 15 18 96 47 100 100 6 86 11 100 100 28 51 77 40 100 92 100 37 100
16 100 34 100 100 18 100 100 100 45 94 100 100 100 20 100 100 100 63 100 83 100 90 26 42 70 100 100 100 100
100 100 100 100 15 43 100 100 43 28 100 94 19 5 100 27 100 67 100 100 31 100 100 47 100 16 52 100 100
100 100 100 54 100 27 17 100 3 100 100 73 100 9 5 100 55 100 100 100 79 27 64 52 100 18 25 100
100 100 84 76 98 100 84 64 25 36 3 100 100 100 92 6 100 13 65 100 100 60 100 21 100 100 100
5 64 75 100 32 26 100 100 40 100 100 100 87 100 100 80 76 70 88 40 90 49 53 100 65 100
85 34 85 22 100 100 41 83 93 4 100 100 34 100 95 100 100 100 100 57 100 71 1 77 100
100 30 40 41 84 100 100 100 70 100 100 93 100 54 31 34 100 100 100 62 40 77 100 100
100 28 100 100 94 54 95 76 100 100 29 46 100 100 86 72 37 37 100 74 45 100 100
84 70 100 9 100 100 100 68 45 100 100 100 23 66 58 53 100 69 51 21 18 100
81 100 52 68 100 99 7 100 100 100 100 32 42 100 6 100 100 100 100 83 100
100 27 62 82 45 100 100 100 2 64 61 100 100 100 92 100 100 100 100 100
100 64 83 18 50 36 48 62 100 30 51 100 0 100 100 100 90 81 100
100 100 80 100 100 61 100 100 100 100 18 100 54 2 20 100 40 100
42 82 60 58 55 29 100 52 45 99 100 70 100 100 87 100 100
100 100 100 100 100 47 79 53 100 98 63 100 70 100 46 100
100 100 92 100 83 61 95 100 25 70 100 43 36 100 100
100 100 27 100 41 40 100 93 95 96 100 34 33 100
100 100 100 100 46 100 24 100 73 33 100 17 100
100 100 4 100 100 100 86 55 100 100 100 100
100 69 100 100 100 12 33 93 100 100 100
65 100 100 100 100 100 100 97 33 100
100 73 100 100 100 82 100 100 100
100 100 100 36 18 100 60 100
100 100 100 29 50 100 100
100 65 100 100 100 100
89 56 73 100 100
100 39 100 100
56 100 100
49 100
100
