50 25
10 18 14 24 23 21 10 10 1 4 5 22 23 0 5 21 13 11 7 14 4 13 25 13 0 9 3 20 25 15 19 21 25 21 25 24 19 25 13 6 15 5 10 21 5 3 18 4 12 25
15 25 10 24 9 24 13 21 20 3 12 15 12 3 25 9 25 16 7 7 12 17 8 24 19 6 18 4 25 11 9 25 19 0 1 13 0 25 25 4 25 14 18 25 19 4 18 6 25
16 16 0 22 8 21 7 25 1 17 14 25 0 15 15 12 25 13 5 25 5 6 14 1 15 15 16 6 11 4 2 19 18 6 14 10 6 15 2 16 25 22 21 8 20 25 25 25
25 22 25 25 19 19 3 24 24 7 25 13 6 25 17 13 21 25 1 6 25 8 16 25 16 0 15 14 0 22 22 2 7 25 22 16 17 2 25 19 25 19 16 2 20 1 25
13 14 4 19 12 10 24 25 25 20 22 15 7 6 25 5 9 20 25 25 15 3 23 8 11 11 1 19 16 25 4 3 10 25 20 5 0 14 25 14 23 24 16 25 25 25
15 18 12 13 4 3 5 7 1 25 8 7 9 5 2 25 25 15 23 6 25 15 25 18 19 25 2 25 19 5 19 18 10 17 17 21 3 7 5 8 25 4 18 8 25
21 3 9 21 25 16 1 0 19 25 0 5 20 25 25 2 10 19 9 17 4 23 8 6 14 3 5 14 13 22 11 0 1 16 18 25 22 25 8 11 20 12 21 25
0 13 25 20 20 5 25 9 7 1 16 22 19 25 9 0 1 25 2 9 0 25 0 10 25 25 25 23 25 22 25 16 3 25 13 20 9 17 11 20 20 25 25
9 11 23 25 18 10 25 14 25 2 22 9 2 6 25 25 3 6 21 25 16 25 25 25 25 19 25 25 20 8 5 6 18 13 4 17 6 13 6 6 2 25
25 9 25 4 2 6 25 21 25 25 25 20 10 2 21 21 11 16 14 24 24 5 10 1 25 25 15 22 25 0 14 0 2 25 15 3 16 25 18 14 25
3 25 14 2 25 19 9 22 25 3 17 25 24 13 25 25 4 8 18 22 15 25 25 2 5 12 6 12 25 25 25 25 25 25 24 15 25 20 24 25
25 1 11 17 6 19 9 7 15 17 25 17 25 25 6 25 9 5 25 4 2 25 16 13 25 17 3 9 17 6 10 17 22 13 0 25 23 7 25
25 25 25 25 7 11 16 17 10 8 17 25 16 0 25 13 9 25 25 1 2 25 25 4 15 4 22 20 20 20 25 2 6 17 25 17 25 25
25 1 2 20 15 25 14 14 5 20 25 24 19 25 25 8 25 12 0 9 3 25 25 10 18 25 6 25 1 25 8 14 13 20 21 21 25
1 25 21 14 15 25 3 25 22 25 4 16 18 18 14 25 0 25 2 11 16 21 24 25 12 21 13 25 25 19 25 25 25 11 17 25
25 19 5 0 5 0 8 1 7 24 13 7 21 25 25 18 8 17 25 25 25 7 12 24 11 22 25 16 14 25 5 13 14 16 25
25 24 6 11 12 25 2 25 13 11 23 12 17 17 18 17 25 6 19 12 25 0 25 9 8 25 24 25 25 25 25 16 20 25
25 8 3 25 9 6 12 10 8 17 25 21 4 3 25 4 20 25 12 18 24 0 25 1 11 14 23 15 4 23 23 4 25
1 23 1 2 25 20 4 17 21 13 25 25 21 17 25 18 22 3 22 25 0 25 25 21 3 12 25 25 19 18 1 25
0 25 23 25 2 9 25 18 7 23 25 9 11 14 25 25 4 5 7 3 25 19 14 4 21 25 13 19 1 15 25
12 23 5 14 25 0 19 1 25 0 11 11 24 10 6 3 25 6 25 25 9 13 12 17 2 25 1 25 25 25
15 12 11 25 25 18 2 15 25 25 11 13 19 0 23 2 25 12 3 21 9 25 2 25 8 19 3 6 25
9 20 24 25 17 15 5 7 24 13 25 22 22 19 24 13 25 25 25 13 11 17 1 25 25 25 18 25
20 2 22 19 6 12 13 2 10 25 25 5 21 13 25 3 10 7 8 10 19 11 0 25 4 3 25
10 4 25 11 2 10 0 25 20 7 12 24 25 23 25 25 23 0 25 6 22 19 25 25 25 25
25 25 25 25 25 13 14 13 20 25 17 25 25 25 0 17 25 25 3 25 24 13 17 25 25
25 25 11 25 2 25 0 25 25 14 6 14 5 22 25 18 25 6 8 23 20 18 19 25
3 7 2 15 19 3 2 25 25 25 6 19 24 25 23 25 10 17 1 1 25 24 25
3 25 14 16 17 0 14 24 25 16 18 8 25 25 24 3 1 20 19 25 25 25
25 25 6 1 22 20 25 20 24 25 25 25 25 6 25 25 2 25 6 6 25
5 25 5 25 25 25 18 8 2 1 25 9 25 15 25 7 25 25 25 25
4 25 25 15 25 25 7 25 11 25 17 25 18 12 21 25 13 25 25
25 10 11 1 22 10 0 25 25 8 25 16 25 24 18 7 25 25
1 25 21 16 9 9 25 8 25 24 25 18 19 6 25 0 25
15 2 25 7 4 2 1 25 3 9 8 10 22 25 13 25
16 25 11 9 17 15 25 25 10 20 2 0 25 3 25
11 1 25 3 8 25 25 12 18 0 20 18 12 25
5 15 4 25 21 13 25 19 15 9 25 25 25
25 7 19 18 11 25 25 2 12 4 3 25
1 25 25 23 25 25 25 9 25 18 25
18 7 21 25 2 9 3 4 17 25
23 24 0 0 1 25 19 7 25
4 4 25 25 6 11 25 25
5 4 16 7 23 7 25
3 25 14 25 22 25
4 22 20 12 25
3 18 24 25
25 25 25
7 25
25
