50 25
21 16 17 4 19 3 25 6 3 25 19 20 0 20 21 7 24 8 5 11 12 23 10 3 25 24 25 16 12 2 16 14 25 21 6 9 19 10 23 1 3 9 25 14 2 13 22 6 25 25
1 1 0 9 25 25 5 18 25 10 25 10 25 25 19 8 25 25 2 18 17 17 25 25 25 24 1 21 1 1 25 11 23 25 10 22 11 25 4 14 14 10 25 3 25 17 20 10 25
19 11 21 25 3 25 25 24 25 7 0 12 25 15 7 7 25 25 1 9 13 25 25 25 12 20 5 18 10 25 8 4 15 14 17 2 3 16 25 8 12 25 16 0 8 12 25 25
6 7 18 23 25 21 1 25 10 25 8 6 19 9 24 23 1 21 13 22 24 16 9 12 0 25 13 13 4 17 25 24 8 8 12 21 1 25 7 24 25 5 25 25 6 21 25
3 0 20 5 6 3 25 2 13 1 3 17 17 25 25 25 12 25 19 7 14 12 5 0 9 5 3 5 8 5 15 25 13 1 13 14 18 14 17 14 12 10 14 3 4 25
9 25 0 14 25 11 7 22 17 15 1 18 0 19 25 25 25 25 25 19 1 5 2 24 25 23 11 1 21 16 14 4 25 9 12 6 25 2 10 23 0 25 25 21 25
11 25 25 4 6 2 18 14 13 12 16 25 13 22 3 11 15 1 18 3 4 20 7 25 25 24 18 25 1 25 4 19 8 12 23 10 25 25 16 17 25 15 20 25
25 13 8 25 25 23 17 10 20 15 25 25 12 7 25 22 21 3 20 4 9 4 12 11 0 25 24 6 10 3 25 19 25 25 0 22 3 25 4 20 1 18 25
5 9 24 23 6 12 2 11 21 24 2 19 13 16 15 20 18 25 9 25 1 17 24 10 24 25 25 18 14 19 5 17 7 21 10 25 25 19 21 25 6 25
25 8 8 15 5 7 21 24 11 25 15 25 2 4 21 15 8 25 10 18 17 16 2 10 25 0 21 0 7 25 9 7 22 18 16 15 8 14 20 25 25
12 15 25 16 17 10 25 10 19 20 23 16 3 6 13 10 14 5 10 12 25 1 23 25 8 15 11 22 25 25 9 7 13 11 11 19 25 0 21 25
20 15 25 13 2 25 17 5 25 24 21 13 10 0 1 25 23 14 18 25 3 19 22 21 21 0 9 15 15 9 0 25 18 16 12 14 3 4 25
25 24 15 9 3 0 25 11 14 6 14 12 25 4 24 22 10 14 25 25 16 23 3 25 5 13 1 25 24 14 3 17 17 19 3 17 25 25
0 25 22 15 18 25 14 18 7 1 8 24 9 17 20 25 25 6 3 16 25 19 23 25 11 20 11 22 6 21 9 10 7 20 24 25 25
10 9 25 12 23 17 5 9 16 17 7 11 25 14 25 25 25 24 25 3 23 11 17 13 2 25 6 25 20 1 17 25 12 21 2 25
15 2 0 5 3 15 23 25 18 25 25 25 25 6 23 1 25 4 8 12 6 25 1 18 14 13 25 25 9 24 23 25 10 5 25
25 13 16 9 4 16 25 13 25 25 7 23 5 25 20 24 25 23 25 12 0 23 25 0 15 22 18 5 25 19 19 8 22 25
19 25 16 25 22 14 21 18 16 6 25 13 0 10 25 3 3 25 13 7 16 14 25 25 25 19 25 25 1 8 19 11 25
7 20 15 21 25 5 25 25 20 22 8 25 16 1 16 17 18 7 23 22 7 25 17 22 25 25 25 3 25 25 25 25
25 7 8 25 21 22 4 25 5 5 25 0 17 18 20 24 25 11 9 25 16 12 9 2 4 9 10 25 25 22 25
16 25 4 12 17 14 25 25 15 23 2 4 23 25 25 25 22 25 25 6 25 3 14 25 19 25 25 25 8 25
3 25 9 16 25 7 3 13 16 2 25 25 14 16 9 25 25 25 22 8 10 13 0 13 22 8 25 25 25
25 25 25 23 16 25 0 25 6 22 6 9 25 2 15 23 0 25 25 11 16 25 22 3 25 0 13 25
13 25 7 14 13 6 1 25 25 21 17 25 15 23 23 6 15 11 18 4 25 21 25 11 25 15 25
11 5 25 25 24 24 3 2 20 24 25 17 8 14 25 25 18 18 19 25 25 21 22 0 25 25
25 10 25 25 19 5 22 21 7 1 22 22 11 25 25 25 10 21 4 0 23 22 13 25 25
15 25 11 25 17 25 2 25 23 24 25 2 3 7 22 25 11 18 19 22 15 19 12 25
0 18 25 25 17 25 25 25 25 9 17 25 25 13 25 25 8 17 25 25 0 7 25
23 0 25 11 22 8 25 0 2 5 25 25 16 9 14 25 2 13 9 25 19 25
25 17 16 25 16 25 10 14 20 22 8 25 18 19 23 3 25 20 25 25 25
23 25 22 25 8 19 0 8 25 8 7 18 17 17 4 17 8 25 25 25
13 13 21 8 22 21 25 9 7 12 25 11 25 9 10 2 7 12 25
18 8 25 25 25 25 12 25 11 12 6 20 19 25 10 22 25 25
15 25 10 25 15 25 25 11 25 15 6 8 0 23 17 25 25
6 9 16 25 25 0 13 2 25 25 8 9 16 17 4 25
24 20 1 11 25 25 4 8 10 6 25 10 12 25 25
12 18 25 21 3 25 25 25 20 25 25 9 2 25
16 25 4 25 17 8 10 4 2 24 20 19 25
15 25 19 25 13 2 2 13 25 25 25 25
25 25 25 25 25 25 18 12 25 1 25
18 25 3 10 20 0 0 12 25 25
11 7 25 25 14 24 6 20 25
14 25 3 25 25 23 18 25
0 12 0 24 22 17 25
25 25 11 25 25 25
14 6 25 16 25
3 25 25 25
25 7 25
25 25
25
