100 25
20 11 15 0 25 8 21 6 25 21 25 19 0 6 24 18 25 16 6 10 1 23 10 4 4 25 3 10 25 22 7 13 16 4 15 9 17 25 21 24 20 11 18 11 23 25 4 25 25 25 23 12 7 25 16 17 8 5 25 11 25 14 15 19 14 14 19 24 22 2 11 6 18 11 15 12 19 9 13 0 11 25 25 25 25 15 6 22 25 2 8 11 6 25 12 13 5 25 20 25
25 20 20 12 25 16 25 25 20 22 25 19 25 25 23 17 16 25 9 25 25 25 25 16 0 6 5 25 25 20 25 25 25 7 25 25 25 25 25 3 25 25 25 25 25 10 25 25 25 22 25 18 1 25 14 25 16 24 25 25 25 16 25 6 10 25 25 25 9 19 20 21 25 16 25 25 14 7 15 25 0 25 25 25 25 9 13 25 25 4 6 11 25 9 25 10 25 25 25
1 1 25 25 25 25 0 8 9 25 0 25 13 25 15 0 25 6 25 25 0 25 25 21 25 24 20 25 6 25 7 1 18 25 22 16 25 17 25 1 25 8 12 23 25 25 25 2 25 25 25 25 4 25 22 25 25 25 2 5 10 7 25 7 11 21 2 25 25 22 25 2 25 25 25 25 25 25 25 25 16 25 3 19 13 25 25 25 13 14 25 25 2 25 25 25 25 25
9 25 25 23 5 25 25 19 15 15 25 25 5 25 25 13 14 1 11 25 25 25 19 24 18 1 25 25 20 0 25 8 25 12 25 1 25 25 6 25 25 25 25 25 25 25 21 25 25 25 11 25 0 2 25 25 19 25 16 25 25 25 25 25 25 12 25 25 25 15 7 25 25 4 25 25 1 0 20 20 0 25 3 25 25 10 25 25 25 25 25 25 22 25 20 17 25
16 1 25 0 25 21 5 25 12 19 24 3 25 24 6 25 24 25 25 9 17 25 20 4 16 13 24 25 25 0 2 25 25 21 9 25 23 25 25 17 25 2 25 25 18 5 25 14 25 25 6 12 7 8 11 23 3 25 15 25 19 0 25 25 25 25 25 25 0 25 4 25 3 13 25 15 12 25 25 10 25 25 20 25 22 25 25 24 25 25 25 1 25 14 5 25
25 8 25 25 25 12 25 25 10 25 25 25 7 25 25 25 25 3 25 3 25 25 25 11 25 25 25 25 21 16 15 25 25 12 25 25 25 25 25 25 20 8 10 24 25 23 11 25 0 25 25 22 13 5 0 4 7 18 25 25 0 25 25 14 25 25 25 25 6 25 3 25 25 4 25 14 25 2 11 1 25 25 25 25 9 19 11 25 25 25 25 24 25 25 25
25 25 25 25 2 4 8 3 25 25 25 25 4 1 0 14 25 25 25 25 21 7 25 13 25 25 25 25 14 12 10 25 25 25 25 22 6 12 25 25 16 25 24 6 12 20 25 25 25 25 25 25 25 25 25 25 25 11 25 25 5 25 25 25 25 25 0 25 23 25 2 25 25 25 25 3 25 25 17 25 10 15 25 25 25 9 25 19 25 25 18 25 25 25
7 24 25 25 25 25 25 25 25 19 25 25 25 25 15 17 25 25 21 25 25 25 7 13 25 25 21 1 7 25 2 23 21 3 22 25 25 16 6 2 11 25 25 25 12 0 1 22 25 15 22 14 2 22 25 25 25 25 19 25 10 25 25 25 16 0 11 21 7 25 25 4 24 1 10 19 25 16 25 24 25 23 25 19 12 25 25 5 14 5 25 22 25
25 25 25 11 25 19 15 1 25 20 25 4 25 25 13 25 3 25 25 9 8 25 17 24 6 25 25 25 25 13 10 25 25 3 1 12 18 9 25 25 15 7 3 15 25 25 25 25 9 25 25 3 25 16 5 25 25 25 25 24 21 25 25 3 25 25 25 5 25 25 14 25 25 25 25 0 23 25 25 25 25 7 25 9 25 25 3 2 25 25 25 25
11 6 25 25 10 25 23 25 7 9 20 22 0 25 19 25 25 25 25 16 25 6 25 14 16 18 8 25 25 25 25 20 16 25 9 25 25 19 17 25 25 13 25 25 25 25 25 25 25 21 25 25 19 10 25 22 2 12 25 0 16 25 25 25 18 4 25 25 5 9 20 25 6 0 20 25 15 15 15 25 25 25 3 25 25 16 25 25 1 25 25
4 25 25 7 10 25 25 1 25 25 20 25 25 13 0 25 19 7 8 25 14 25 5 25 25 20 20 16 25 25 25 21 25 25 25 25 25 25 6 12 2 7 25 25 20 17 18 19 25 3 9 14 25 25 25 8 25 7 10 11 20 25 25 5 15 25 25 25 25 25 25 25 25 21 11 25 24 25 10 10 25 25 4 22 25 25 25 25 25 25
25 25 25 25 25 14 25 7 25 25 25 24 25 25 25 9 25 9 11 25 17 4 3 7 22 3 25 25 25 2 8 25 16 6 25 1 21 16 25 25 25 11 16 25 25 25 15 9 25 17 25 11 2 25 2 25 20 7 2 11 25 8 25 6 22 23 1 25 25 25 25 25 25 0 2 25 2 25 25 25 25 25 25 25 4 25 25 25 25
25 25 22 8 25 9 25 7 25 22 6 18 11 19 16 25 25 2 25 18 25 25 0 25 25 25 25 25 25 25 25 6 4 25 3 25 17 10 25 13 25 14 25 2 25 25 25 11 25 16 1 14 25 25 7 25 25 21 25 25 25 25 14 25 24 25 8 25 25 25 24 17 25 25 20 25 23 25 8 25 25 19 11 24 11 5 12 25
25 18 25 25 25 4 25 17 7 25 25 25 25 25 25 23 17 25 25 11 17 25 20 9 25 25 13 16 15 25 14 24 25 4 25 25 18 3 25 25 22 25 25 25 25 25 25 25 25 25 25 25 5 25 25 17 25 25 25 25 25 21 15 25 1 25 25 2 12 17 25 25 25 9 17 25 10 6 25 25 4 25 15 25 25 11 25
8 18 25 25 2 25 6 25 0 25 25 13 25 25 25 21 20 18 25 17 25 9 25 25 25 23 18 25 25 25 9 9 8 25 6 25 25 25 25 25 23 5 13 10 22 25 9 1 18 25 25 24 11 8 20 25 25 0 25 14 25 4 25 25 10 15 19 6 21 25 25 19 25 11 16 13 21 19 16 7 23 13 25 12 25 25
25 0 25 25 2 25 25 7 25 1 25 25 10 16 6 25 25 25 5 5 24 0 12 25 25 25 25 25 0 10 0 7 25 25 16 23 25 25 22 14 11 25 25 3 10 10 25 20 4 21 19 9 10 25 25 21 14 25 25 25 18 0 25 25 0 20 11 9 25 25 16 24 25 22 25 14 0 25 17 25 25 5 17 10 25
25 25 6 4 13 0 21 8 15 12 25 3 25 25 8 25 23 23 10 1 25 7 21 25 25 6 25 25 25 14 25 1 21 25 25 25 25 12 4 10 25 25 25 25 25 25 16 25 2 25 25 17 25 6 25 1 25 25 25 19 8 9 1 9 24 25 25 20 18 25 22 9 25 8 6 19 25 2 25 2 25 11 9 25
25 18 25 19 1 25 25 25 25 25 4 6 6 25 0 11 25 25 3 4 25 25 25 8 1 11 25 25 5 7 22 25 10 25 25 25 17 25 12 2 17 25 25 25 25 25 25 14 9 24 14 3 25 2 25 15 25 16 25 25 25 23 25 21 25 25 25 10 25 25 25 25 25 20 17 25 25 25 21 5 23 25 25
25 25 13 5 17 25 25 25 25 25 16 25 25 7 25 15 8 25 7 10 25 25 20 25 25 18 18 25 25 16 25 0 7 25 6 14 22 25 21 1 17 25 25 25 25 24 25 25 25 15 25 25 25 25 9 25 13 25 11 25 25 25 25 24 25 25 25 13 25 19 25 1 17 25 3 18 15 7 2 25 15 25
25 1 25 3 21 2 16 4 25 6 25 25 18 25 25 9 25 16 25 13 25 25 25 25 14 14 14 25 8 22 6 8 19 13 1 24 25 10 14 25 11 25 25 1 25 25 25 25 2 25 25 25 25 25 25 12 23 6 25 25 25 6 20 25 25 15 2 25 25 25 25 25 25 25 25 13 25 8 18 14 25
9 20 11 25 17 11 25 25 16 25 22 25 2 25 25 8 25 25 25 25 25 25 22 25 8 25 25 25 3 25 25 19 20 17 25 25 25 8 21 16 25 25 5 25 24 15 13 5 25 25 4 25 8 14 25 25 25 3 17 2 0 23 25 16 12 25 16 2 17 25 8 3 18 25 25 25 25 25 17 25
5 16 25 25 16 4 25 8 16 25 25 16 24 24 10 17 18 25 11 14 24 15 25 14 2 16 1 25 25 25 3 25 20 25 25 25 25 24 13 6 2 17 0 25 17 11 25 16 7 14 25 10 25 25 20 16 18 21 25 8 21 25 21 25 25 23 10 25 25 25 1 8 25 25 25 19 2 7 25
14 25 25 25 25 4 12 25 13 16 25 12 7 8 6 25 12 25 25 5 9 25 10 25 25 25 25 18 4 12 25 21 9 25 25 25 3 25 25 25 25 25 16 25 14 24 3 25 12 25 25 25 25 25 25 25 16 25 25 17 7 2 25 6 25 12 24 6 5 25 6 14 25 25 25 19 25 25
17 23 17 25 8 18 0 13 25 18 9 22 25 14 25 14 1 4 25 25 24 25 2 25 5 4 15 25 9 10 7 25 17 25 18 25 25 20 25 10 15 25 13 25 20 25 10 11 4 25 25 25 25 22 5 25 1 15 25 13 25 25 9 11 25 25 25 16 19 25 25 25 25 9 25 25 25
13 14 24 25 25 25 25 25 25 12 25 24 25 9 25 25 25 21 25 25 25 12 21 25 1 25 25 25 25 10 25 7 25 25 11 9 2 25 22 4 20 25 16 25 25 3 25 25 25 25 22 25 25 25 0 6 10 25 20 4 14 25 25 15 7 16 25 10 25 23 4 5 25 19 24 25
4 25 25 25 25 25 25 25 25 7 25 25 19 25 25 5 0 18 10 7 8 25 25 6 19 25 25 25 1 25 25 25 14 20 18 7 22 12 24 25 21 13 15 12 25 25 25 5 15 12 12 7 18 25 25 25 25 25 25 22 25 25 25 20 9 7 25 23 22 25 25 25 4 9 25
13 4 25 10 7 25 22 8 7 25 21 20 16 6 10 25 25 25 25 8 19 15 14 21 1 19 25 25 25 25 14 15 25 25 25 25 25 3 8 25 25 25 21 8 25 2 5 19 25 25 25 25 25 17 25 24 25 25 25 8 25 25 18 25 25 23 25 25 25 2 25 7 13 25
22 25 25 22 17 25 7 25 25 3 25 20 25 19 3 20 20 25 20 25 25 25 3 25 25 1 25 11 0 20 25 25 20 25 25 3 19 25 25 25 25 22 25 14 21 25 3 8 7 25 20 20 21 11 18 5 10 25 25 25 12 25 25 25 25 13 25 25 25 12 25 2 25
25 25 13 25 7 25 15 25 23 8 25 2 25 25 19 25 25 23 11 25 25 18 25 16 25 24 5 19 14 25 25 25 6 25 9 5 25 25 25 25 16 25 25 7 25 16 22 11 22 25 24 8 13 25 0 25 25 25 12 10 25 25 5 18 10 25 25 25 25 1 25 25
12 25 20 25 22 6 25 8 25 24 25 6 25 18 0 25 25 25 25 25 25 9 0 21 25 25 9 15 25 14 25 9 1 25 17 25 10 25 25 1 23 25 25 17 10 8 4 25 24 25 25 9 25 25 25 2 25 3 17 18 4 25 13 1 12 5 25 25 25 12 25
25 25 20 21 11 15 25 25 13 25 25 25 18 25 24 9 25 25 25 25 25 25 22 25 8 25 25 15 25 25 25 13 15 25 25 25 13 25 1 17 25 23 6 25 4 17 15 25 13 25 7 25 25 25 25 25 21 20 9 3 25 25 25 14 5 25 17 25 25 25
0 7 25 25 25 23 25 12 9 25 25 15 15 17 25 25 22 9 21 25 17 25 25 17 25 3 25 25 25 19 25 20 25 22 25 25 10 25 4 25 8 25 14 19 25 14 25 25 25 25 1 25 17 2 25 25 25 11 25 25 5 4 19 16 25 25 25 21 25
16 12 23 25 23 16 23 25 25 25 25 25 23 6 25 25 25 25 2 23 25 14 25 21 17 25 5 17 25 16 25 25 25 18 12 4 25 25 25 25 25 17 10 8 20 7 9 14 6 25 13 3 25 13 15 25 25 10 25 4 22 25 24 25 18 0 25 25
10 25 25 25 23 14 20 20 23 23 25 25 1 22 3 25 15 25 21 2 25 8 25 5 19 17 13 23 8 25 12 25 25 7 1 25 25 25 25 25 25 7 25 9 25 25 25 25 25 5 15 25 25 25 25 25 24 1 1 23 5 12 7 5 5 25 25
25 14 25 18 25 25 25 17 7 25 0 9 25 3 25 13 1 25 25 25 4 25 21 0 21 25 5 17 25 25 25 21 6 10 25 25 25 20 25 2 25 13 25 4 0 25 22 0 25 25 25 0 0 25 25 11 25 21 25 25 25 25 25 25 25 25
25 25 3 8 25 9 25 25 25 25 25 7 25 21 25 25 25 25 15 25 25 7 6 4 25 25 10 25 9 0 9 6 25 25 18 8 3 25 7 25 25 25 25 25 25 12 25 18 12 25 17 0 25 17 25 20 25 10 25 25 25 22 6 25 25
25 25 25 25 0 23 25 25 22 25 13 23 17 25 25 25 23 22 25 25 25 12 16 24 19 25 25 25 25 25 25 25 19 24 1 25 9 25 21 25 2 25 11 23 25 25 25 4 13 0 25 24 25 25 25 25 18 5 25 25 25 25 14 25
25 19 3 24 25 8 23 1 25 20 8 22 14 25 25 21 17 7 8 8 24 25 17 25 25 18 25 11 25 25 25 2 25 11 13 25 13 25 13 15 1 25 3 22 25 25 17 21 25 25 25 25 21 25 25 25 5 25 25 25 24 25 25
4 0 4 25 5 21 10 19 25 25 20 25 25 6 8 25 21 25 25 25 25 25 25 4 13 9 25 25 25 25 11 25 7 14 25 24 17 25 25 25 24 15 4 8 10 17 8 25 1 21 25 25 25 19 12 11 25 7 25 8 25 25
25 12 25 5 25 25 17 25 3 7 25 13 11 24 25 25 24 12 22 7 25 2 25 25 25 14 6 25 25 24 25 15 23 21 25 25 25 25 2 25 21 25 25 24 14 25 25 0 10 2 1 22 14 25 25 19 7 25 25 18 25
25 15 25 16 25 24 22 21 5 25 25 25 25 14 25 8 13 24 0 25 25 19 4 25 25 12 5 17 25 25 21 25 0 25 25 24 6 19 5 25 25 25 2 18 25 25 25 22 25 25 25 5 25 21 25 25 5 17 9 25
14 25 4 25 25 15 25 16 25 25 21 17 25 25 6 25 25 25 25 8 1 23 8 8 25 25 25 25 10 25 25 13 3 25 25 25 25 11 25 25 11 12 4 25 12 7 6 25 25 25 16 16 3 25 19 25 25 25 25
14 25 23 9 25 25 12 25 0 25 25 25 25 21 10 25 25 20 0 0 25 3 25 25 25 25 4 25 25 24 25 9 25 1 25 25 12 0 18 15 25 25 25 25 3 25 25 25 25 25 12 25 19 2 25 25 13 25
25 25 4 13 9 3 1 25 13 5 2 25 2 25 16 25 11 25 25 0 25 25 25 25 25 12 17 18 25 25 25 9 8 25 25 13 24 16 25 18 25 25 25 25 25 25 25 10 21 18 25 25 25 25 23 25 25
25 1 9 25 7 15 14 25 25 25 13 19 24 24 25 25 25 25 25 18 1 25 19 12 25 25 3 25 20 25 25 2 22 25 13 25 23 11 25 25 25 25 5 10 25 0 25 25 19 25 25 25 5 6 25 25
2 2 25 25 25 25 25 5 15 25 25 14 5 25 20 25 14 23 25 15 13 11 16 11 19 25 14 12 25 25 24 13 25 25 5 25 23 25 13 23 25 3 0 25 16 25 25 25 15 23 12 21 14 6 25
25 4 0 25 25 25 12 25 25 25 25 25 25 10 25 13 25 25 24 25 25 25 16 0 25 25 25 1 3 25 25 25 17 11 25 25 25 21 25 18 18 25 25 25 18 25 5 25 25 9 25 4 25 25
25 25 4 24 22 25 25 8 16 8 25 25 7 6 25 25 3 25 15 25 12 25 2 25 25 16 25 2 24 17 23 0 4 11 25 25 25 2 11 25 13 18 25 4 25 25 25 1 5 2 14 19 25
16 25 25 6 16 8 25 25 25 2 12 1 25 25 25 9 25 17 25 20 18 25 25 11 25 24 25 7 25 25 25 19 25 25 25 25 7 21 1 12 25 13 25 7 7 8 25 0 25 25 25 25
25 25 10 25 25 24 25 25 25 19 25 13 25 25 19 25 20 25 22 25 25 25 5 25 25 25 25 25 25 25 25 8 25 11 25 18 25 1 18 25 25 20 25 25 25 3 2 25 25 20 25
23 20 3 25 25 25 3 24 23 25 24 25 15 21 12 25 25 4 12 25 25 25 18 11 25 25 25 25 3 25 10 25 6 25 9 18 4 9 21 25 25 22 25 9 25 21 25 16 17 25
12 25 25 15 10 11 19 25 20 16 25 14 2 4 25 5 25 25 25 23 18 22 25 25 25 18 15 12 15 25 11 23 3 12 25 12 25 12 25 24 25 3 25 25 25 6 25 25 25
25 6 25 18 19 25 10 25 25 25 25 25 25 25 2 25 3 25 25 20 5 8 25 25 25 25 24 25 25 19 15 25 25 4 25 10 25 15 15 21 25 25 25 1 5 4 3 25
25 0 7 25 25 25 25 25 25 21 25 25 25 15 25 9 25 4 18 25 14 25 7 19 25 14 25 10 3 25 6 25 22 15 19 25 5 10 25 17 25 9 5 25 1 5 25
25 25 25 25 4 25 25 18 23 25 25 19 20 25 22 6 6 25 25 11 0 12 25 25 5 25 25 3 25 25 17 25 25 25 25 25 13 21 17 1 25 25 25 25 25 25
25 25 25 25 3 4 15 10 2 25 25 25 24 8 25 25 1 24 25 25 25 25 25 12 19 3 16 14 25 25 25 25 22 25 18 25 25 25 25 0 8 4 25 25 25
5 25 1 25 22 25 25 25 25 14 25 20 25 3 25 25 25 25 13 15 17 25 18 25 25 7 25 2 18 25 7 25 25 25 23 25 1 25 18 20 25 17 25 25
7 5 10 23 0 16 25 8 25 1 25 25 25 25 6 13 6 3 21 25 5 25 25 25 17 15 25 8 25 25 14 18 25 25 25 25 25 25 2 3 21 2 25
25 15 25 25 5 25 25 24 25 9 2 25 25 25 25 11 25 4 25 8 25 21 25 3 25 25 25 25 17 25 25 25 5 25 25 25 25 11 25 13 0 25
18 1 11 25 25 25 25 10 25 22 12 8 25 25 25 15 23 4 25 6 25 25 16 8 25 25 13 25 25 15 18 25 2 22 25 21 25 2 25 25 25
25 14 2 25 25 21 24 25 25 1 25 25 25 21 25 25 25 22 25 25 25 9 25 25 1 24 4 1 1 8 0 15 25 25 6 5 25 11 25 25
16 18 22 25 15 0 9 12 15 5 25 23 25 25 10 9 25 25 11 25 2 25 2 25 25 25 21 25 2 25 25 25 25 14 16 25 13 25 25
25 25 25 25 25 25 13 20 11 25 9 25 12 25 25 25 25 5 17 5 25 18 23 5 24 25 6 24 25 21 25 6 25 25 25 20 18 25
25 25 5 1 25 3 25 25 8 25 19 23 0 3 11 0 7 25 25 15 10 25 25 25 25 4 25 25 23 25 20 22 7 23 1 1 25
25 25 16 10 25 19 25 13 11 25 25 25 4 9 25 23 25 25 20 25 25 7 25 16 25 3 6 19 1 25 19 25 13 25 25 25
25 25 25 25 25 25 25 10 3 25 25 25 25 25 25 25 25 17 9 25 25 25 25 25 5 3 25 7 25 18 23 25 25 8 25
25 25 14 25 23 25 25 0 14 16 25 23 1 25 22 13 22 23 25 15 25 8 20 3 25 25 10 19 25 0 11 6 25 25
25 25 25 13 25 23 25 24 25 25 12 25 25 25 25 25 5 19 25 25 3 13 11 3 25 25 21 25 2 4 25 25 25
11 19 3 20 25 25 25 25 25 16 24 25 25 23 24 18 25 15 19 4 25 25 25 13 9 13 14 10 25 13 25 25
25 25 25 4 25 25 25 1 4 25 25 22 1 25 5 3 10 25 25 3 22 25 25 25 22 18 15 25 25 25 25
13 10 5 14 1 25 7 9 25 25 25 25 25 21 6 25 3 25 25 22 25 25 21 25 25 18 25 25 25 25
18 25 8 25 14 19 25 0 3 16 25 25 18 24 14 15 25 25 10 8 17 25 25 10 23 0 25 23 25
19 25 25 25 25 25 12 25 15 25 25 6 25 13 2 9 14 12 25 17 20 25 25 3 16 25 25 25
11 25 25 25 25 19 10 12 25 19 2 0 25 25 25 25 25 25 25 25 25 25 25 21 25 25 25
25 12 23 25 25 22 25 25 25 25 25 25 25 4 25 25 2 25 25 25 25 25 25 25 25 25
25 25 18 25 25 11 25 2 25 25 20 14 25 25 25 25 25 25 25 25 25 20 25 5 25
25 0 25 25 25 25 25 6 4 25 8 25 2 25 25 22 25 24 6 25 25 25 25 25
25 25 21 11 25 25 25 23 25 25 25 25 10 5 25 11 25 17 25 12 25 25 25
25 1 25 10 25 25 4 25 25 25 21 25 6 25 25 25 25 25 25 25 25 25
25 25 25 22 25 25 2 25 25 15 25 25 25 6 25 25 25 6 25 25 25
25 25 11 19 18 25 25 25 25 19 25 11 22 25 25 25 15 25 13 25
25 25 25 11 25 24 25 25 25 25 6 25 25 12 2 14 12 25 25
25 25 25 25 22 25 25 22 25 25 18 25 25 25 25 14 25 25
1 24 25 25 25 25 25 25 25 25 25 25 25 25 25 4 25
8 25 25 25 8 25 25 25 4 6 25 25 1 25 25 25
25 5 25 25 19 25 25 20 18 25 25 25 15 25 25
25 25 25 25 25 23 25 3 20 25 25 15 20 25
23 25 25 25 20 10 25 25 13 25 13 16 25
25 25 7 25 2 25 25 25 25 25 25 25
25 25 11 25 4 19 25 25 25 25 25
25 25 25 25 25 2 25 20 25 25
25 25 25 23 25 25 25 4 25
25 25 25 25 25 25 25 25
25 25 25 1 15 25 25
25 25 25 25 23 25
8 25 25 25 25
25 14 22 25
3 25 25
25 25
25
