100 25
17 7 16 7 17 14 25 6 21 21 6 25 6 3 22 25 2 6 2 12 8 13 25 25 2 4 1 22 25 16 11 18 6 25 25 18 7 5 25 17 25 19 14 24 25 17 2 0 20 2 6 19 25 12 19 2 4 2 25 13 17 14 9 20 25 23 25 0 25 22 3 6 12 21 10 0 6 15 15 25 24 22 6 0 9 22 21 25 19 5 24 21 25 2 25 13 7 0 6 25
17 8 13 25 1 5 25 25 25 12 15 6 20 25 25 24 25 25 25 25 22 25 5 2 25 25 21 25 25 17 17 25 14 11 25 25 25 13 25 25 1 7 12 25 3 25 12 13 25 25 25 22 4 2 9 25 25 12 25 12 20 25 25 25 0 25 3 25 21 25 25 25 25 25 25 7 25 25 15 5 25 25 4 19 25 3 25 9 4 14 25 25 25 23 25 25 18 25 25
25 25 25 25 25 25 25 25 6 23 9 25 25 25 25 25 25 25 19 25 24 18 25 3 4 4 7 0 25 7 25 25 7 25 25 0 25 25 25 25 25 19 7 7 20 25 25 7 25 25 25 25 25 25 25 22 25 14 25 25 25 17 25 25 25 25 8 25 25 4 25 25 25 7 3 25 5 9 3 25 11 22 4 10 21 3 25 25 10 0 1 12 23 25 4 25 16 25
25 25 11 23 25 13 25 25 8 9 25 15 20 2 12 19 2 5 16 20 25 25 14 25 11 25 25 22 16 25 25 25 25 25 25 25 25 25 25 6 25 25 25 25 25 18 25 22 25 25 25 25 3 25 15 25 25 25 25 5 24 25 25 25 14 25 25 4 22 25 25 25 25 25 10 25 16 13 8 25 20 14 25 25 6 25 22 6 25 25 21 25 10 17 25 25 25
25 14 25 25 25 25 25 21 25 25 25 25 25 25 10 25 25 22 25 25 25 25 20 25 12 25 12 21 12 25 14 11 8 25 17 20 25 25 7 25 25 2 6 15 2 21 1 25 25 25 18 14 0 14 25 14 25 4 22 20 25 5 25 25 25 25 25 11 12 25 23 25 25 25 3 7 25 25 19 25 18 25 25 16 14 24 25 25 25 25 15 7 25 11 21 25
13 15 25 25 3 25 25 5 2 25 25 25 25 9 25 7 25 25 5 8 25 25 12 22 6 25 25 22 25 25 5 25 25 18 25 25 25 14 25 25 9 25 0 25 25 25 5 25 22 4 16 25 25 25 23 13 21 19 25 25 0 25 25 25 25 25 4 25 25 23 25 25 25 25 25 0 9 25 13 5 18 24 25 5 10 25 9 25 20 12 14 23 5 11 25
17 0 25 25 3 25 3 1 25 25 14 4 4 25 25 8 25 25 21 25 25 25 10 25 11 17 24 14 11 25 7 25 21 5 6 25 11 25 9 11 25 14 25 2 14 6 11 25 25 25 25 20 25 16 25 25 25 18 19 25 25 7 15 25 25 20 8 25 24 25 25 14 25 25 11 25 25 9 25 1 25 25 25 25 25 22 25 23 1 12 25 25 25 25
25 0 25 25 15 10 10 22 3 25 16 18 12 25 25 21 25 22 25 25 25 25 25 20 3 25 3 25 19 12 25 25 3 25 13 10 25 25 8 25 25 25 25 2 10 25 25 25 25 25 24 25 25 10 25 25 25 25 25 1 25 7 16 25 12 3 23 25 25 25 0 4 24 25 25 25 23 25 25 5 10 25 9 1 14 25 6 9 25 25 11 25 25
6 25 25 25 8 25 25 6 1 25 25 23 25 15 25 25 25 25 25 6 13 10 2 25 25 15 6 10 25 7 25 25 25 25 0 20 10 7 25 16 15 25 21 6 22 25 25 3 9 25 25 6 25 0 25 25 2 25 9 25 1 25 25 17 9 14 25 14 25 19 25 5 1 25 25 10 25 24 25 25 10 23 25 25 4 25 25 25 18 25 13 25
18 25 25 12 25 25 25 17 8 2 25 2 17 25 3 14 24 25 1 25 6 25 25 25 25 8 25 25 25 11 16 25 20 25 7 25 25 22 25 25 1 20 25 25 9 25 1 25 19 6 25 25 25 25 4 1 25 0 9 25 25 25 25 25 3 8 15 25 22 25 25 22 1 25 25 23 4 13 12 1 25 4 25 25 25 25 25 9 12 25 25
9 25 6 2 23 25 25 25 25 16 25 25 2 25 25 3 25 25 25 9 25 20 25 5 1 19 25 2 15 21 21 4 25 25 25 25 25 25 25 25 25 25 25 25 0 25 25 10 22 13 25 3 25 11 25 25 8 21 25 25 25 9 20 7 25 25 15 18 9 25 17 7 25 25 25 25 23 0 21 25 25 25 25 25 14 24 2 25 25 25
25 25 25 8 25 13 23 25 1 25 25 25 25 25 25 25 17 25 8 4 25 19 10 25 25 25 21 24 24 1 24 25 25 4 7 25 25 1 25 25 25 25 25 25 14 25 7 25 11 7 25 25 21 21 6 23 25 22 5 19 5 3 25 25 25 15 16 15 2 6 25 25 3 18 9 25 20 21 25 25 25 25 25 25 10 11 0 25 25
21 22 25 25 25 15 0 25 25 25 25 4 20 25 19 25 25 25 25 25 25 25 23 25 25 19 25 25 11 4 7 7 24 25 9 25 25 25 18 25 8 25 25 14 25 10 25 25 25 25 25 5 25 25 6 25 25 25 13 25 2 21 25 25 1 12 25 25 7 25 16 25 17 23 25 25 23 8 25 25 3 16 25 25 25 25 23 25
17 7 25 25 25 22 13 25 4 8 1 25 25 18 25 25 25 25 8 1 25 20 25 25 25 25 17 5 25 7 11 25 22 25 18 25 2 25 25 25 12 25 16 0 24 9 25 0 25 21 25 4 25 25 15 25 25 25 15 25 9 25 23 23 1 15 22 25 25 8 8 17 0 14 1 15 19 6 8 13 23 8 25 25 0 0 25
18 1 25 25 13 25 25 7 23 25 25 24 25 9 24 25 25 15 12 20 25 25 25 6 25 12 19 25 23 25 1 14 17 25 1 22 25 25 22 25 11 0 4 25 25 7 4 25 25 25 20 25 25 5 15 25 15 25 25 25 9 8 25 9 25 25 25 25 25 1 25 6 21 17 25 25 25 25 25 25 25 16 7 25 11 25
11 18 25 5 25 13 16 25 5 4 22 25 25 25 11 25 25 25 25 12 23 4 1 25 17 25 16 19 25 25 25 25 11 25 18 0 6 25 25 25 1 25 25 25 25 25 10 16 19 25 18 20 25 25 14 25 25 3 25 25 25 25 7 1 25 25 25 16 25 16 21 14 5 2 22 25 25 13 25 16 25 16 24 25 25
6 10 25 25 25 25 12 25 13 3 19 0 18 24 4 25 13 11 13 25 16 17 25 21 7 19 3 25 22 25 20 19 7 7 3 21 25 19 7 25 25 10 25 25 14 25 25 11 6 25 8 23 5 25 3 2 19 25 10 25 0 19 10 25 25 25 0 23 8 7 25 19 25 25 15 7 25 25 25 25 9 25 25 25
25 25 16 14 25 10 20 25 15 1 23 0 14 25 22 25 19 25 25 12 17 25 5 2 12 11 3 12 2 5 22 14 9 17 25 25 25 7 25 11 25 14 25 25 24 8 25 25 8 25 25 25 25 25 4 18 25 3 25 2 25 25 13 4 25 25 5 21 5 23 24 15 25 25 11 25 18 25 25 25 25 5 25
10 25 8 24 25 9 25 22 25 0 1 8 25 8 25 21 25 1 25 25 25 25 25 25 23 7 25 2 25 25 19 12 25 25 25 25 25 22 23 25 25 25 25 25 25 25 0 25 10 25 0 25 13 25 23 6 0 14 25 25 25 11 25 6 23 25 25 25 25 25 3 8 25 12 10 25 18 20 25 21 17 25
7 25 24 1 25 25 9 25 15 21 25 25 25 25 2 8 16 4 25 25 25 11 12 8 25 25 18 25 25 6 25 25 24 10 2 25 0 23 25 17 3 15 25 25 0 25 11 0 15 20 25 14 25 11 13 25 25 25 18 8 25 14 25 25 25 19 3 25 13 2 25 25 5 6 25 25 25 11 25 25 25
25 25 8 2 19 25 7 25 25 10 25 25 25 0 16 6 25 25 25 25 25 25 25 25 25 11 0 25 25 25 25 18 25 25 16 17 25 24 12 25 25 25 25 25 25 25 18 21 15 25 25 3 25 25 25 25 20 25 9 4 25 25 25 14 25 25 1 22 14 25 25 12 24 25 6 5 25 17 25 25
25 7 25 14 8 12 8 25 25 17 2 19 25 25 3 25 25 24 14 23 25 24 23 7 25 18 9 25 25 25 3 25 25 25 11 6 15 25 25 25 25 12 25 17 14 25 25 25 3 0 25 25 25 25 25 25 10 25 25 22 25 17 1 21 17 12 25 25 11 25 25 25 25 20 25 17 25 4 25
25 7 10 16 23 8 25 17 25 19 4 25 25 25 25 25 19 7 25 19 15 25 2 21 16 14 19 8 24 25 19 15 13 25 3 25 25 11 25 25 25 5 12 25 24 25 0 21 25 16 6 25 16 25 4 25 25 25 25 1 3 19 25 25 25 25 16 15 13 9 10 20 25 25 25 25 25 25
25 25 25 5 25 21 25 24 10 25 25 25 25 23 16 25 25 20 25 25 25 25 0 25 25 25 2 16 25 17 3 22 25 6 25 25 12 25 25 25 20 15 10 4 16 25 22 25 23 20 21 25 22 25 25 25 15 19 13 11 25 25 25 0 1 25 4 25 10 14 21 25 25 25 25 22 25
19 10 5 25 25 25 16 25 12 18 25 15 8 5 25 25 25 14 25 1 25 25 6 25 25 24 25 25 22 13 19 20 25 12 25 25 25 25 13 25 23 25 25 5 5 25 25 19 4 2 25 25 25 13 25 25 25 25 25 25 17 24 21 18 25 25 25 25 5 22 19 25 25 9 25 25
25 25 14 25 25 25 8 25 25 25 25 9 25 25 25 25 18 25 25 25 25 25 4 25 25 11 25 20 25 5 3 25 0 25 25 22 25 25 22 25 16 25 3 24 25 18 25 25 25 25 25 25 25 15 25 2 25 25 25 25 23 15 25 1 25 25 25 25 25 6 25 10 25 2 25
25 19 0 22 11 25 25 11 7 16 25 25 24 25 16 22 25 25 25 25 10 10 11 5 10 17 25 10 25 23 25 16 4 25 25 11 25 25 25 16 25 21 25 13 21 4 4 25 25 13 20 25 1 3 25 25 22 24 25 11 3 8 4 6 25 25 3 5 25 25 25 25 3 25
6 25 13 7 25 25 25 3 25 25 25 25 25 10 25 25 10 23 11 25 25 1 23 14 25 22 25 7 1 25 25 25 25 25 25 19 25 19 3 25 25 25 25 2 25 25 25 20 15 25 1 25 25 25 13 16 25 2 9 25 25 21 25 1 22 25 25 2 25 25 25 9 25
25 15 6 13 25 8 25 25 25 25 17 25 25 5 25 25 25 17 3 25 20 2 4 25 0 25 25 25 25 18 25 25 25 25 8 25 12 20 25 0 25 10 24 25 25 1 19 11 25 25 25 25 25 5 25 22 19 5 4 18 25 25 25 0 25 25 10 25 25 13 20 25
25 25 5 7 25 1 25 10 25 25 3 25 15 25 25 14 25 6 25 25 10 0 25 16 25 1 25 25 25 7 13 4 25 25 25 10 25 12 25 25 14 17 16 19 25 1 0 8 1 0 25 25 25 25 11 23 10 25 7 7 20 18 2 25 25 25 11 12 25 1 25
25 20 25 25 25 5 8 8 16 3 25 18 25 25 6 25 9 6 25 25 25 23 25 25 25 21 25 2 9 25 25 25 9 16 25 21 25 21 1 25 25 2 25 4 14 25 19 24 25 25 25 9 25 12 6 25 25 21 6 25 18 25 25 9 24 7 22 2 25 25
25 20 12 25 25 10 8 25 25 25 25 25 25 25 25 25 25 25 25 21 25 25 25 18 25 25 25 22 0 25 5 25 5 4 25 0 25 20 0 25 25 15 13 4 9 9 25 6 17 25 25 23 3 25 25 9 19 14 24 25 17 9 25 24 25 11 11 1 25
10 25 5 25 25 25 3 25 8 3 25 25 25 22 14 25 25 24 25 25 11 25 25 6 24 19 17 25 4 5 1 25 25 22 25 23 22 16 0 25 21 13 25 25 25 25 12 8 25 13 5 25 25 22 25 25 25 25 7 25 25 25 17 25 8 19 8 25
25 18 25 5 25 24 22 16 25 5 13 25 11 25 25 25 25 25 25 2 9 8 6 6 1 25 3 21 25 25 20 20 25 25 0 11 25 25 25 2 25 25 24 25 25 25 25 25 20 25 25 17 23 25 25 25 25 0 25 12 25 25 25 6 25 25 25
22 7 25 24 24 25 25 25 25 24 25 25 25 5 12 24 25 25 25 16 6 25 25 25 25 1 8 13 3 25 25 25 6 25 18 25 19 25 2 25 25 25 25 25 15 25 6 25 14 23 25 25 21 25 25 22 25 25 13 25 15 25 4 17 25 25
7 17 25 16 25 21 11 23 24 18 25 18 25 25 25 25 15 25 25 25 4 20 2 25 9 25 8 25 17 25 25 25 24 6 25 14 25 20 25 25 25 0 13 25 10 25 25 25 25 25 3 25 25 8 3 25 12 13 23 25 25 25 25 19 25
22 25 25 25 25 19 25 25 5 25 25 17 25 25 25 25 21 16 25 25 25 25 25 25 18 15 15 2 25 18 20 25 25 14 15 7 25 25 25 25 25 11 0 25 16 25 8 22 25 25 25 4 17 9 25 21 25 2 25 25 25 25 25 25
13 21 24 25 25 25 25 9 20 19 19 8 16 25 3 0 25 25 18 4 15 21 25 25 25 25 7 25 25 25 19 25 25 25 3 25 25 10 25 18 2 25 25 25 9 11 25 25 20 25 25 16 9 25 14 7 4 25 10 25 10 20 25
25 25 14 8 13 15 25 11 15 25 5 25 25 25 25 25 25 25 25 11 25 6 25 5 25 25 20 25 13 25 21 9 25 22 25 25 17 20 3 25 25 25 25 25 1 25 15 5 10 25 20 4 12 25 25 18 22 25 15 25 18 25
25 0 25 2 23 25 25 25 25 25 10 16 25 25 18 25 25 25 25 5 25 18 25 0 24 25 11 25 13 25 25 24 8 0 25 25 25 25 9 25 25 25 2 13 22 25 7 25 5 25 25 1 16 14 20 18 6 8 25 17 25
18 25 20 25 25 8 25 25 25 25 23 25 10 20 25 25 3 2 25 25 25 0 25 25 25 15 22 25 25 9 15 25 25 23 5 13 11 15 23 8 25 24 21 25 1 21 11 25 9 13 15 25 4 6 25 15 25 11 25 25
25 16 25 25 24 25 0 25 25 25 20 13 19 25 25 25 25 21 25 13 25 25 9 7 25 25 25 22 25 20 25 14 25 10 25 25 25 7 25 24 25 12 16 2 25 3 18 4 20 25 1 8 25 25 25 25 15 25 25
25 25 25 9 25 17 15 19 2 25 25 25 21 25 25 25 6 14 18 18 25 25 10 25 11 25 25 25 25 10 25 25 25 13 25 3 25 25 18 25 0 25 25 25 16 18 25 23 25 3 25 25 25 7 25 25 25 25
12 17 25 24 3 25 25 15 25 25 0 22 25 25 25 25 25 4 5 9 25 11 23 1 12 25 21 11 25 25 25 25 17 25 25 25 18 25 25 11 23 25 18 23 25 19 11 25 17 25 25 25 25 25 9 25 25
15 25 11 25 25 25 25 25 11 17 15 16 4 25 25 6 25 12 25 23 25 25 17 9 25 14 25 25 25 8 25 6 25 23 22 21 25 5 25 25 9 25 21 0 25 25 20 25 4 25 24 2 25 25 2 25
25 3 25 25 2 25 25 25 11 25 21 25 16 2 25 25 25 25 25 25 22 17 25 24 25 25 11 25 25 25 25 25 2 2 8 19 17 25 20 25 2 25 0 25 25 13 25 22 12 25 25 25 25 24 25
16 20 15 25 11 11 25 25 25 25 18 9 11 25 18 7 25 18 22 25 19 5 14 19 5 12 25 11 25 13 16 17 16 2 17 25 25 25 25 25 25 25 14 1 25 25 2 24 25 25 23 10 25 25
25 1 25 13 25 25 18 25 14 25 25 16 9 23 0 25 9 21 25 9 25 25 1 25 25 3 25 25 25 25 25 25 25 6 25 25 17 25 7 8 4 25 25 25 12 25 7 25 0 5 25 25 25
25 25 17 25 25 18 25 17 25 25 18 25 25 25 18 25 18 23 0 25 25 25 17 25 25 19 8 25 25 25 2 16 8 25 21 25 25 25 25 25 25 25 1 19 25 25 13 16 9 25 7 25
25 25 12 9 14 25 25 22 10 3 8 25 25 25 24 16 0 23 25 13 25 25 6 22 25 11 4 21 25 25 25 25 10 25 25 18 22 21 25 9 2 22 25 25 25 21 9 25 16 25 25
1 9 3 25 6 15 2 25 25 10 2 23 14 17 25 25 2 15 7 4 8 4 25 3 25 2 25 13 3 25 25 7 20 0 25 12 8 25 25 23 17 25 25 25 25 18 25 25 25 25
25 17 23 25 25 25 24 24 25 17 25 25 3 25 5 13 25 25 25 25 21 25 25 25 14 2 25 25 25 24 18 21 25 12 25 25 25 9 6 19 25 7 6 25 25 20 3 16 25
25 25 23 25 5 8 7 25 25 9 25 25 25 1 25 25 3 23 25 9 25 25 25 19 25 14 25 25 25 3 25 25 25 25 17 20 3 25 25 13 0 25 25 16 21 25 25 25
18 14 19 25 25 23 18 6 25 25 20 4 25 25 15 24 17 7 18 25 25 25 25 25 25 13 25 1 25 25 22 25 25 25 25 25 12 19 25 25 20 25 12 1 4 6 25
25 25 25 25 21 12 25 25 25 8 25 25 14 10 25 2 25 25 25 3 21 25 24 24 19 1 25 6 2 25 10 25 12 10 25 25 1 25 25 7 25 25 5 6 10 25
25 8 25 3 25 25 21 14 25 25 13 25 1 12 25 25 25 25 18 25 25 25 12 25 25 12 2 25 25 21 25 5 8 20 24 25 21 25 19 25 6 25 25 25 25
21 7 25 25 25 25 1 25 25 25 25 25 25 24 25 25 1 25 25 3 23 25 25 13 25 16 25 5 25 25 25 12 25 0 20 4 25 25 25 25 25 10 25 25
10 25 25 19 25 13 25 3 25 25 7 25 16 7 25 25 25 25 17 25 6 25 25 12 25 15 25 25 25 25 19 25 25 25 18 25 14 7 25 25 25 25 25
6 13 25 8 25 15 25 25 25 13 25 25 12 25 25 5 25 10 13 25 25 4 25 25 21 6 25 23 25 2 15 25 0 2 25 4 25 25 3 25 25 25
25 25 23 25 25 4 25 13 25 25 7 25 13 6 0 7 15 10 20 15 25 20 21 20 19 25 8 25 25 25 1 25 4 25 25 25 20 25 14 3 25
17 25 2 6 25 24 25 15 25 6 9 25 25 13 18 5 25 19 17 25 25 0 21 25 25 4 25 1 2 25 25 22 25 25 3 5 25 25 25 25
25 25 25 25 25 25 24 25 25 23 9 11 25 25 25 25 14 25 25 25 1 25 23 18 16 25 25 3 14 13 25 11 20 25 25 25 25 5 25
14 2 1 1 25 11 25 24 25 25 25 25 25 19 22 23 25 23 25 16 17 0 25 22 24 25 24 19 5 14 14 6 24 4 25 7 10 25
8 25 11 25 24 8 25 25 24 14 12 25 25 20 25 25 25 25 4 25 25 1 25 6 16 25 25 7 23 5 25 14 10 25 25 25 25
12 9 25 10 25 25 13 25 25 24 25 25 25 20 14 25 25 16 18 25 23 16 18 25 18 1 25 6 25 11 25 25 20 25 14 25
25 25 25 24 20 25 25 12 4 25 25 25 23 25 20 25 11 25 25 25 13 20 25 2 25 25 14 1 25 11 19 9 25 14 25
25 25 25 2 13 17 15 10 25 25 18 23 25 25 25 12 25 25 5 7 12 25 25 19 25 20 25 25 25 21 25 25 4 25
8 25 15 25 16 3 15 25 25 25 13 24 0 25 25 25 25 25 25 25 8 25 22 9 25 5 25 18 25 25 25 20 25
19 25 0 25 25 25 22 14 18 9 25 10 21 25 25 20 6 25 25 0 25 25 25 25 2 15 17 23 25 25 25 25
25 3 17 25 3 25 25 25 25 25 25 17 23 25 25 25 16 25 10 25 10 25 25 17 5 24 8 25 8 2 25
25 23 25 25 8 25 25 14 20 25 25 25 25 19 11 5 21 25 25 25 25 25 12 25 18 22 11 10 25 25
1 25 22 25 25 19 25 25 25 25 19 10 25 6 3 25 10 19 1 25 25 25 1 16 25 25 25 25 25
25 25 25 25 25 25 25 25 25 25 12 12 22 25 6 25 9 25 25 23 0 14 4 12 20 25 19 25
25 25 1 20 12 25 25 19 25 13 25 25 25 22 25 24 10 20 16 25 25 0 25 25 1 25 25
8 0 20 25 16 25 25 25 17 25 25 5 25 25 0 22 25 25 25 25 25 3 15 25 25 25
22 13 25 25 14 25 12 25 25 25 3 2 10 10 25 25 10 25 23 25 25 25 22 25 25
21 25 25 13 8 25 25 25 16 4 13 18 25 25 13 25 25 25 25 12 25 25 25 25
1 5 8 5 25 25 25 9 15 2 17 25 14 25 15 15 25 25 25 25 10 25 25
22 25 25 22 25 2 13 16 17 21 13 1 25 25 8 25 20 13 25 25 25 25
15 25 18 11 25 25 25 12 25 25 25 25 25 25 25 21 25 15 18 25 25
23 6 7 25 19 25 25 25 22 5 12 25 25 25 13 25 14 25 11 25
25 24 25 0 25 0 25 25 17 25 9 25 15 25 1 25 18 25 25
25 25 15 25 25 9 23 25 3 25 19 14 25 25 25 25 25 25
9 19 25 15 25 25 25 21 25 25 25 5 11 25 16 25 25
21 15 19 22 7 25 8 25 20 13 25 25 19 25 25 25
7 24 25 19 25 12 25 25 25 20 25 18 3 12 25
25 11 4 25 25 25 25 25 25 13 25 15 25 25
25 25 25 25 25 23 8 6 25 24 25 10 25
25 25 25 25 25 4 25 25 25 25 25 25
4 12 25 25 17 25 11 0 25 7 25
11 25 25 25 25 25 3 16 25 25
12 18 25 25 2 16 25 25 25
25 0 25 25 25 23 25 25
14 25 5 16 0 25 25
25 25 25 25 3 25
24 25 24 4 25
4 25 25 25
25 25 25
11 25
25
