100 125
65 125 125 75 35 5 125 56 9 111 99 49 91 74 114 37 104 125 37 26 90 17 89 125 124 83 65 6 125 40 125 104 10 48 67 36 73 121 39 97 71 125 85 33 125 125 83 76 125 125 68 116 44 125 123 0 1 27 14 44 68 70 82 112 125 125 116 115 70 106 107 125 51 125 44 117 36 125 125 110 123 85 18 125 123 44 76 17 92 20 125 37 125 21 50 37 62 10 125 
108 38 125 49 25 3 125 125 125 125 79 125 6 29 27 9 100 41 60 103 18 17 125 31 73 125 109 11 97 125 34 36 125 125 5 60 125 43 125 111 44 125 125 115 58 57 125 44 20 10 125 56 111 125 2 111 109 31 34 65 95 102 125 52 18 94 125 113 59 93 66 35 30 97 13 66 52 125 99 102 10 94 77 7 125 61 31 55 125 47 12 89 125 124 100 57 107 23 
125 97 45 75 125 125 20 31 66 125 99 70 24 86 11 15 125 125 125 68 121 125 125 125 72 88 95 10 47 22 25 125 94 42 125 86 38 10 16 88 24 112 125 41 83 71 116 125 125 8 15 9 125 54 125 72 62 61 25 91 30 45 49 26 21 125 125 17 60 114 125 111 106 125 52 68 77 125 72 52 110 71 125 80 125 34 97 60 125 24 79 111 125 21 84 52 10 
99 32 34 2 40 125 125 3 74 125 125 20 115 125 125 48 125 125 125 12 118 64 97 65 98 125 125 105 10 100 125 50 55 104 120 125 7 54 125 12 105 21 71 51 110 32 125 110 25 81 49 49 125 110 9 125 97 38 60 93 69 125 125 23 107 109 125 96 40 64 123 7 87 125 118 63 125 74 125 121 111 43 19 104 125 7 52 125 111 57 125 37 50 125 23 125 
109 125 125 25 5 54 125 42 99 28 78 125 125 77 75 20 70 125 125 125 24 125 74 15 68 125 32 115 125 121 125 53 125 40 26 117 41 4 8 125 104 125 125 96 5 50 85 73 102 62 125 41 58 125 100 48 125 104 47 125 125 61 125 104 71 125 11 27 58 48 125 115 88 93 88 125 104 125 7 19 125 116 43 125 33 13 1 125 125 49 125 125 125 108 125 
125 125 36 14 102 91 69 103 25 65 59 59 125 25 115 5 31 62 125 29 5 71 125 125 125 53 16 20 125 125 125 125 125 112 125 65 125 69 125 125 125 125 125 125 4 125 125 125 125 125 26 124 80 89 125 115 52 125 125 125 83 125 92 125 89 27 18 34 74 125 25 125 125 125 125 102 19 60 125 42 116 118 125 125 29 125 125 44 77 125 46 125 93 70 
125 75 106 125 125 5 125 58 7 125 125 125 125 125 7 125 92 125 125 125 101 125 125 125 90 79 8 125 28 125 64 22 82 125 68 125 125 31 125 125 125 125 102 125 125 74 34 50 125 12 125 84 125 31 91 125 125 125 125 55 114 74 81 125 13 125 125 100 73 73 68 125 26 125 125 125 125 125 125 125 87 50 78 70 125 125 97 125 125 125 125 125 122 
125 1 41 61 125 5 61 28 125 73 125 125 125 125 97 119 125 125 125 125 125 125 81 84 59 125 125 125 125 68 68 95 125 125 53 125 125 125 72 54 125 125 125 125 88 125 125 125 123 125 37 30 54 125 87 125 67 125 125 125 108 104 19 56 125 110 125 63 125 1 111 125 125 125 125 21 20 64 125 125 52 125 125 7 118 125 125 125 31 125 125 125 
125 47 125 125 125 116 125 66 125 66 25 125 37 125 9 124 125 45 37 125 16 4 125 91 125 113 125 62 125 125 85 125 40 48 125 114 125 27 91 74 71 125 14 125 76 25 104 125 125 125 125 61 125 18 4 125 78 21 106 125 125 25 119 125 125 63 125 125 125 125 88 57 65 26 108 125 125 54 125 125 125 3 123 34 2 111 125 92 18 21 65 
18 125 42 125 125 125 16 91 125 125 125 125 125 125 105 125 125 66 125 125 53 125 125 125 10 125 125 125 96 125 125 125 125 125 125 0 14 125 125 26 25 45 45 125 120 34 125 125 60 17 125 106 24 47 125 40 42 71 125 125 125 125 125 90 125 88 74 114 125 23 104 70 125 125 125 125 101 28 125 114 125 19 125 6 17 125 47 125 120 74 
125 3 125 125 125 37 125 11 125 125 56 94 31 125 125 13 125 58 125 125 41 125 125 60 103 19 125 72 46 125 125 29 125 66 125 37 125 58 125 46 20 125 125 94 29 84 125 125 125 81 125 125 13 125 118 125 20 125 30 8 125 6 6 125 13 125 101 125 80 97 72 125 60 125 125 87 56 125 125 121 125 125 110 125 32 125 110 125 38 
125 125 90 125 98 58 83 125 55 8 125 71 85 25 125 125 53 125 125 2 122 92 49 125 121 125 125 125 125 125 125 125 125 28 51 88 26 122 53 120 29 125 125 125 73 28 93 125 125 125 125 35 125 125 125 125 48 72 125 58 125 9 125 90 122 82 125 70 103 122 125 85 125 125 44 117 75 7 24 125 68 88 92 125 125 92 95 125 
19 49 7 65 125 125 125 125 44 125 125 35 122 70 125 125 120 125 125 125 125 125 41 36 125 71 125 114 125 2 10 94 55 77 75 125 120 125 19 60 125 100 125 36 85 47 98 125 125 122 125 125 68 125 89 125 125 125 5 125 57 120 70 125 100 63 102 125 125 125 125 125 31 125 125 89 25 88 125 39 125 117 15 125 125 125 18 
53 125 63 125 125 125 47 125 125 95 102 58 125 125 125 125 125 125 68 125 122 23 125 60 0 125 49 14 125 125 76 125 125 18 114 101 125 125 125 51 125 6 125 87 90 27 12 32 125 17 125 125 31 9 60 125 125 96 112 125 3 125 125 83 125 125 125 125 123 125 125 80 125 110 125 125 116 125 125 78 125 84 125 125 60 125 
25 125 125 125 116 125 87 125 99 65 125 68 11 125 28 125 125 6 125 19 125 125 125 73 125 125 125 125 125 108 55 6 125 125 125 125 125 49 125 41 15 103 3 63 125 125 28 116 113 125 125 125 125 92 125 125 125 125 16 90 41 125 125 20 78 123 84 125 125 125 125 125 125 125 125 125 125 125 64 125 125 60 123 125 125 
125 30 125 75 76 125 31 125 125 125 10 2 125 125 125 125 68 92 47 106 117 28 125 4 2 82 52 125 55 125 60 125 125 123 122 125 125 34 125 20 119 125 12 125 125 104 125 125 125 125 125 125 125 125 125 78 125 110 50 38 44 125 125 77 125 71 125 28 120 125 125 125 69 125 125 125 100 125 125 56 125 125 125 108 
29 38 94 109 0 2 42 61 125 125 125 125 20 34 125 56 125 125 125 51 125 125 60 125 125 20 125 112 125 44 125 125 125 51 112 44 3 75 80 11 125 125 29 39 119 19 125 125 125 81 39 125 41 125 35 125 79 125 119 125 125 125 76 43 125 28 125 92 54 125 125 125 125 90 125 125 83 125 125 43 125 125 113 
125 125 125 125 125 91 125 125 125 114 125 73 125 125 124 125 12 125 125 18 125 64 125 125 52 125 125 125 125 48 125 9 90 125 125 125 45 58 105 40 125 8 125 75 125 125 43 125 125 3 51 125 50 70 45 89 125 125 51 125 71 125 125 125 50 125 21 125 39 125 125 125 125 45 125 84 2 14 125 17 97 125 
40 5 125 91 34 125 125 30 8 61 36 125 118 125 125 55 125 125 125 125 125 125 125 125 63 89 125 101 125 8 125 118 42 72 125 78 125 122 46 125 37 125 96 39 125 125 30 70 125 125 87 45 125 125 125 125 94 8 4 12 58 125 125 125 122 44 13 125 125 114 100 96 125 0 125 80 83 42 125 125 51 
103 125 125 109 111 82 107 80 98 30 125 66 77 90 54 125 125 125 15 125 9 13 125 125 125 125 85 28 85 125 111 125 125 125 1 22 28 96 7 125 125 125 8 125 58 40 87 125 125 125 125 125 125 124 125 87 0 56 125 68 44 125 125 125 125 114 78 120 125 125 125 125 125 18 6 125 125 125 125 84 
125 125 125 125 53 125 125 74 2 125 74 30 85 57 61 125 125 88 125 125 109 39 54 107 81 125 55 125 125 42 98 49 125 125 125 125 125 125 125 38 125 125 125 125 24 125 125 13 36 19 125 103 25 125 125 125 125 125 96 108 19 8 125 113 107 117 20 16 22 125 125 37 125 125 71 54 125 45 88 
99 34 125 125 113 125 125 125 125 88 125 125 125 125 125 125 125 125 125 125 125 21 16 125 70 84 125 52 125 20 125 125 125 71 125 125 125 120 125 125 125 125 63 37 125 1 125 91 125 125 88 52 125 53 90 117 31 125 17 37 125 70 125 79 125 109 125 125 25 125 125 3 125 125 80 125 125 125 
6 125 42 125 125 92 80 86 19 125 88 38 125 19 125 90 46 125 24 20 27 50 76 125 125 36 125 104 93 26 125 125 11 123 125 125 125 125 23 106 125 125 125 62 125 89 125 87 89 125 82 61 125 125 125 125 62 56 125 124 49 125 125 89 125 125 125 31 125 94 94 125 125 125 125 73 125 
125 125 125 94 100 125 109 125 84 125 125 100 115 125 125 99 54 125 85 125 125 20 11 45 125 125 61 26 125 26 88 125 125 125 125 16 71 125 5 125 125 125 125 17 125 67 11 125 108 123 52 125 105 85 74 107 125 0 46 100 125 68 52 125 51 33 88 125 22 125 125 125 90 125 125 33 
10 30 125 125 125 125 125 76 72 17 74 125 125 49 125 37 125 125 125 80 52 125 125 51 112 125 125 36 125 122 64 125 83 125 76 125 125 125 9 125 125 11 1 109 70 125 114 125 125 57 109 19 75 47 46 125 125 28 22 125 125 125 56 125 125 125 124 52 125 100 76 43 125 125 82 
125 37 121 72 125 125 23 125 7 22 65 125 79 125 102 125 81 1 125 44 125 125 61 125 125 3 25 118 125 125 125 125 125 125 125 125 125 103 125 28 125 125 125 52 83 18 125 31 43 1 125 125 65 79 101 125 125 125 125 82 8 125 49 125 125 125 125 80 105 125 125 125 10 36 
125 125 50 125 57 26 125 125 125 125 70 125 7 125 85 25 12 96 125 95 26 87 125 125 125 125 17 125 116 125 125 59 125 125 81 118 125 125 16 125 35 113 85 125 125 87 125 53 72 125 26 111 125 125 125 125 125 14 125 125 114 125 125 125 125 125 125 57 125 125 28 125 92 
27 1 125 60 110 125 125 125 125 125 73 125 125 28 125 62 125 62 125 52 77 71 48 125 125 125 125 98 56 13 74 47 119 101 45 92 74 4 125 22 2 34 47 125 125 125 125 39 120 6 115 124 125 125 125 124 41 125 125 125 125 15 125 125 79 34 28 125 125 125 125 7 
112 77 125 24 125 125 18 125 125 125 125 78 125 55 121 30 125 51 125 80 18 125 107 122 45 125 125 125 37 63 43 125 15 125 125 112 78 89 125 125 91 125 90 125 125 125 125 48 27 125 125 96 125 31 125 125 21 125 125 74 125 125 125 21 125 47 67 105 125 125 125 
81 125 111 125 125 125 28 125 125 125 125 125 125 125 63 76 125 125 125 104 69 125 125 125 72 125 17 125 7 125 102 125 98 52 11 31 125 125 125 125 125 1 125 125 125 116 125 125 82 9 125 125 125 125 125 125 111 125 125 125 125 76 125 80 47 45 22 125 125 125 
125 125 125 125 125 13 21 90 125 125 121 125 29 31 125 111 125 125 125 81 125 125 44 125 125 20 61 125 125 118 27 125 125 125 125 125 10 78 1 125 105 18 125 125 125 71 118 54 125 72 125 125 125 125 112 46 125 125 10 77 32 125 125 125 125 3 30 59 125 
125 125 125 40 39 125 125 44 125 121 123 125 98 98 125 125 24 125 13 27 125 125 125 125 13 95 125 125 125 125 45 125 5 80 125 125 50 125 125 44 125 125 125 13 125 125 125 125 125 124 26 1 125 110 15 125 125 125 113 125 110 70 42 125 125 125 120 125 
125 10 125 16 86 4 125 97 46 125 125 125 125 80 124 122 125 75 125 23 125 125 125 18 2 125 125 125 14 71 63 125 125 115 66 125 55 125 125 113 65 125 125 125 30 125 57 14 1 125 125 78 125 125 125 125 125 105 62 66 43 111 122 86 125 38 88 
124 125 108 50 125 46 125 112 78 102 125 125 70 125 125 125 125 125 19 125 125 125 119 125 125 86 102 125 43 42 125 125 110 125 125 125 125 23 125 42 59 125 90 119 125 125 46 62 101 125 11 67 58 125 66 10 125 50 125 105 125 125 125 125 72 125 
125 125 125 11 125 81 125 125 125 125 125 125 125 125 110 125 29 4 125 125 5 14 86 125 11 125 125 38 125 125 69 125 125 113 125 125 125 40 35 125 125 125 125 125 15 34 61 125 125 1 125 125 125 125 125 98 125 98 35 125 125 125 125 68 17 
125 125 46 42 23 60 125 125 125 95 83 21 125 125 125 125 125 125 125 125 125 28 125 125 125 90 35 43 125 125 58 125 125 115 125 79 112 27 125 125 44 125 125 63 125 125 125 89 125 125 125 125 105 125 80 125 125 32 35 125 125 46 125 7 
114 125 69 125 125 26 125 47 85 114 125 125 125 11 125 17 125 125 78 34 125 125 10 115 125 70 106 9 125 110 125 125 125 125 125 65 91 125 125 86 125 125 11 120 125 125 125 125 125 57 58 95 102 41 125 125 83 125 16 125 125 125 120 
125 125 125 110 125 125 125 10 125 125 44 67 62 48 125 111 125 16 125 38 35 76 125 125 125 125 125 21 125 125 125 125 125 96 55 107 114 125 125 125 19 125 122 125 125 24 44 106 100 125 66 4 39 51 53 113 18 125 125 125 125 125 
61 121 125 0 125 125 80 125 125 118 87 125 65 125 23 102 125 74 125 125 125 19 125 111 125 125 30 125 125 125 125 34 125 18 125 125 22 23 125 125 14 125 125 125 39 125 79 125 125 85 24 125 71 22 10 125 125 125 125 49 125 
57 125 125 112 7 125 31 95 7 125 28 121 125 37 78 87 125 125 30 6 102 125 125 121 10 125 125 125 125 46 87 125 125 125 103 103 41 125 125 125 125 125 125 125 120 125 125 94 125 125 41 125 58 0 125 125 125 69 125 125 
73 125 125 125 6 125 61 125 125 26 0 125 125 17 17 81 100 21 67 0 125 87 54 114 125 125 76 9 87 125 90 125 115 125 125 51 125 125 125 0 75 11 125 44 125 125 125 125 65 20 125 24 8 26 57 124 1 125 77 
125 125 125 125 121 125 1 125 125 121 42 16 113 125 25 44 125 58 114 20 125 125 82 1 87 125 9 0 124 65 125 125 24 125 112 83 125 125 125 78 125 125 125 125 125 123 125 55 125 125 61 125 125 46 31 125 68 13 
108 71 117 32 95 105 5 31 125 125 125 125 110 25 4 125 125 125 125 125 51 62 19 125 72 88 51 106 110 125 125 125 123 125 125 34 44 102 125 105 125 115 125 125 110 125 92 125 125 125 69 125 21 90 69 48 125 
66 125 125 125 125 24 125 125 125 125 125 125 125 125 125 46 104 125 34 125 125 125 125 27 83 125 110 63 125 51 15 125 125 64 125 52 67 125 81 125 103 79 94 57 26 123 125 92 111 125 125 125 125 125 125 94 
125 15 125 94 94 125 125 115 58 32 125 125 125 125 124 125 125 45 37 125 125 125 125 96 108 8 125 125 17 125 125 125 125 59 73 10 18 42 125 25 125 54 76 125 13 125 125 65 67 34 125 125 125 15 125 
78 125 125 54 125 125 37 125 87 125 69 125 125 64 125 125 125 75 125 125 125 125 125 125 57 61 50 125 8 70 125 125 2 16 125 17 125 125 1 93 125 16 125 125 125 125 75 125 11 125 125 117 19 55 
125 82 12 65 125 5 49 125 125 100 114 125 102 125 10 125 103 125 125 112 13 125 125 122 39 125 26 125 92 125 125 125 125 8 54 125 125 125 55 125 110 125 101 125 120 98 125 125 47 111 34 125 115 
80 125 110 125 85 125 125 125 109 125 125 124 88 125 53 125 125 50 99 125 35 125 125 8 125 125 125 125 73 89 10 77 125 108 125 25 125 107 102 125 125 125 67 125 125 125 125 125 105 125 72 52 
125 125 125 92 82 17 125 21 125 125 64 125 100 125 95 119 125 27 87 125 120 14 125 21 125 125 46 125 125 15 125 105 125 125 119 125 125 5 125 117 30 125 125 69 76 125 58 125 115 125 80 
8 85 125 121 59 58 125 125 125 22 58 47 125 125 125 125 125 125 125 107 48 125 125 21 31 65 125 125 0 125 64 125 29 125 65 15 97 125 125 125 125 125 125 125 125 92 59 125 125 125 
98 125 125 50 125 125 18 125 60 94 125 125 28 125 125 125 78 125 125 104 125 64 125 125 125 125 125 8 114 103 125 71 40 125 9 125 125 125 86 125 125 125 41 125 125 38 72 111 89 
93 125 81 125 41 77 125 125 125 16 118 125 125 125 1 125 120 61 125 125 69 125 60 125 97 14 56 125 43 125 36 75 125 48 83 125 106 25 104 125 90 96 54 125 95 125 125 68 
125 113 125 125 125 117 125 104 31 125 125 12 125 86 37 125 125 10 125 83 117 0 97 63 17 65 75 125 125 60 125 35 123 59 125 59 87 125 61 125 125 84 90 125 125 93 22 
84 125 125 17 29 125 107 125 58 125 93 92 47 111 17 125 125 63 125 2 26 84 125 125 125 125 125 125 103 125 108 125 125 0 125 45 125 125 125 101 38 125 125 3 125 125 
17 125 125 125 93 123 115 47 125 125 7 10 45 125 125 125 125 52 125 125 125 125 125 125 125 125 51 125 80 38 125 37 125 125 125 2 125 125 125 125 87 125 93 120 125 
125 125 90 117 125 30 125 43 125 125 125 125 125 125 125 42 61 106 125 125 72 125 125 2 54 82 125 46 125 0 90 125 14 125 66 50 125 5 125 20 62 125 3 45 
125 75 125 62 125 125 114 125 125 35 84 125 63 25 30 61 104 79 125 55 125 125 125 71 101 27 125 76 125 125 114 125 83 125 125 44 125 125 125 125 99 125 2 
125 125 98 34 125 59 107 125 125 111 125 125 109 125 90 125 30 125 125 125 112 24 125 125 78 100 125 125 125 125 85 42 125 39 10 125 125 44 122 125 17 125 
100 83 125 125 125 125 7 83 83 113 39 125 27 112 95 114 125 0 106 125 4 91 125 125 74 58 125 17 125 125 118 125 27 125 93 125 119 125 125 125 105 
40 95 125 125 85 125 125 114 3 61 76 125 125 17 29 20 125 125 51 125 125 125 112 125 125 125 125 125 125 104 125 0 125 125 36 125 125 125 125 92 
6 69 125 125 81 22 119 125 102 125 125 125 125 125 125 125 11 53 125 110 11 125 125 125 125 125 119 55 125 114 125 112 125 125 125 51 125 5 125 
125 125 125 125 125 125 125 125 125 111 68 71 39 32 110 8 125 125 59 43 125 125 125 21 104 125 125 17 125 125 125 124 125 125 93 125 125 125 
108 117 125 125 125 125 125 125 125 125 21 112 64 125 81 119 84 60 15 125 125 125 125 125 125 7 125 125 2 125 125 125 125 125 91 45 94 
125 99 79 45 94 23 125 125 62 43 125 125 19 125 84 69 125 17 102 125 109 13 125 125 125 125 125 125 18 71 125 27 125 125 54 125 
125 125 75 125 94 125 10 118 125 21 89 58 111 125 96 98 125 125 125 125 122 125 125 63 125 125 125 15 48 18 125 125 125 125 86 
125 124 125 125 67 125 73 125 125 107 82 116 109 125 120 38 60 54 56 100 64 41 78 57 125 125 39 125 125 125 64 125 24 53 
12 125 125 115 125 125 7 125 125 125 43 46 49 119 76 32 125 119 125 125 125 46 117 125 52 125 125 125 62 1 5 50 39 
16 8 72 125 125 125 114 125 22 125 125 125 125 125 125 125 125 125 125 125 13 125 125 125 37 125 95 106 125 69 24 125 
125 119 48 43 125 125 111 60 61 125 125 125 125 91 116 125 125 125 1 125 125 67 13 45 125 125 0 125 125 112 8 
125 125 13 23 114 83 47 125 125 36 125 19 23 120 59 125 125 8 108 14 125 125 35 63 96 50 125 115 125 46 
20 125 43 125 125 23 125 125 125 57 118 125 125 125 25 125 125 125 79 125 104 125 112 32 53 87 125 125 125 
125 125 125 125 19 54 125 125 54 35 125 118 24 6 125 34 125 83 125 125 39 125 125 59 125 20 65 125 
125 125 125 67 125 34 21 125 4 125 125 92 125 11 6 125 69 125 125 125 98 33 80 65 125 23 32 
125 125 105 95 122 125 106 80 31 45 4 125 125 125 115 8 125 17 81 125 125 76 125 27 125 125 
6 80 94 125 40 33 125 125 50 125 125 125 109 125 125 100 95 87 110 50 113 61 67 125 82 
106 43 106 27 125 125 51 104 117 6 125 125 42 125 118 125 125 125 125 72 125 89 1 96 
125 38 51 52 105 125 125 125 88 125 125 116 125 68 39 42 125 125 125 77 50 96 125 
125 35 125 125 117 68 119 95 125 125 36 58 125 125 108 90 46 46 125 92 57 125 
105 87 125 11 125 125 125 85 56 125 125 125 29 82 72 66 125 86 64 27 23 
101 125 65 85 125 124 8 125 125 125 125 40 52 125 7 125 125 125 125 104 
125 34 78 103 57 125 125 125 3 81 76 125 125 125 115 125 125 125 125 
125 80 104 23 62 45 60 78 125 38 64 125 0 125 125 125 112 101 
125 125 100 125 125 76 125 125 125 125 23 125 67 3 25 125 51 
53 103 75 72 69 36 125 66 56 124 125 88 125 125 109 125 
125 125 125 125 125 59 98 66 125 123 79 125 88 125 58 
125 125 115 125 104 76 119 125 31 88 125 54 45 125 
125 125 33 125 52 51 125 117 119 121 125 42 42 
125 125 125 125 57 125 31 125 92 42 125 22 
125 125 6 125 125 125 107 69 125 125 125 
125 86 125 125 125 15 41 117 125 125 
82 125 125 125 125 125 125 121 41 
125 92 125 125 125 103 125 125 
125 125 125 45 23 125 76 
125 125 125 36 63 125 
125 82 125 125 125 
112 70 92 125 
125 49 125 
70 125 
62 

