40 40
9 30 4 40 10 20 3 27 0 10 5 37 30 0 20 38 16 31 1 31 0 8 17 39 2 0 39 28 7 7 23 9 33 29 3 9 5 10 18 
40 32 31 21 21 30 27 14 40 17 0 24 29 7 11 8 37 39 14 4 12 24 9 7 18 40 17 1 9 7 9 15 29 40 31 14 40 40 
10 22 23 40 14 31 29 3 38 36 25 22 28 9 30 39 35 17 15 10 23 7 5 19 40 20 1 8 23 32 1 39 33 19 13 8 1 
23 36 35 30 3 32 35 12 31 33 32 26 40 18 25 0 19 39 40 25 0 16 22 38 29 30 32 7 1 33 10 32 35 6 8 12 
3 32 23 24 7 40 28 25 34 15 5 35 40 8 34 28 23 13 11 6 11 28 30 20 18 9 4 35 40 37 10 35 9 39 12 
11 29 9 2 38 18 40 28 9 35 15 22 26 2 0 27 14 9 35 32 15 28 14 10 5 31 5 23 5 22 0 35 40 40 
23 19 38 12 32 32 8 40 17 8 3 10 25 15 11 13 5 26 19 31 35 10 10 5 39 10 24 18 2 0 19 17 37 
13 9 22 8 10 37 40 26 36 30 13 40 34 34 18 23 11 22 34 10 14 19 13 30 3 10 40 40 40 19 40 25 
35 3 33 27 29 8 30 40 30 22 23 1 22 4 35 37 1 33 23 5 12 34 39 2 40 17 9 13 31 10 17 
0 10 24 36 18 36 10 39 23 40 18 36 10 10 8 14 5 26 40 38 40 13 14 15 29 11 12 33 15 17 
5 21 27 18 14 29 15 17 26 31 22 31 0 11 1 9 34 2 26 16 32 18 36 12 35 1 1 14 31 
1 8 24 18 0 21 32 7 13 13 8 39 28 25 26 24 3 37 6 0 9 13 9 34 22 25 18 40 
40 40 40 40 40 40 40 40 40 40 40 40 40 40 40 40 40 40 40 33 40 40 40 40 40 40 40 
40 40 40 40 40 40 40 40 18 40 21 40 40 40 40 40 40 40 40 40 40 40 40 40 40 40 
40 40 40 40 40 40 40 40 40 40 40 40 40 33 40 40 40 40 40 40 40 40 28 40 40 
40 40 40 40 40 40 40 40 40 40 40 40 40 40 40 40 40 40 40 33 40 40 40 40 
40 40 40 40 40 40 40 40 33 40 40 40 40 40 40 40 40 40 40 40 40 40 40 
40 40 40 40 40 40 40 40 40 40 40 40 40 40 40 40 40 40 40 40 40 40 
40 40 40 40 40 40 40 40 40 40 40 40 40 40 40 40 40 40 26 40 40 
40 40 40 40 40 40 40 40 40 40 40 40 40 40 40 40 40 0 40 40 
40 40 40 40 40 40 40 40 40 40 40 40 40 40 40 40 40 40 40 
40 40 40 40 40 40 40 40 40 40 40 40 40 40 40 40 40 40 
40 40 40 40 40 40 40 40 6 40 40 40 40 40 40 40 40 
40 40 40 40 40 40 40 40 40 40 40 40 40 40 40 40 
40 40 40 40 40 40 40 40 40 40 40 40 40 40 40 
40 40 5 40 40 40 40 40 40 40 40 40 40 40 
40 40 40 25 40 40 40 40 40 40 40 40 40 
40 40 40 40 40 40 40 40 1 40 40 40 
40 40 40 40 40 40 40 40 40 40 40 
40 40 40 31 39 40 40 40 40 40 
40 40 40 40 40 40 40 40 5 
40 40 40 40 40 40 40 40 
40 40 40 40 40 40 40 
40 40 40 40 40 40 
40 40 40 18 40 
0 40 40 40 
40 40 40 
40 40 
40 

