40 40
40 24 29 27 6 26 40 14 40 40 40 17 16 40 0 40 32 19 40 2 11 24 40 40 35 9 4 30 12 4 40 36 40 9 13 40 18 40 40 
21 13 36 37 40 40 11 40 14 7 40 13 40 39 9 13 40 34 15 40 3 36 15 33 40 5 33 29 40 40 20 40 28 17 40 35 40 18 
40 37 21 33 19 23 40 26 40 40 0 26 40 40 16 40 29 40 40 40 23 40 38 40 40 33 40 22 40 18 40 40 40 4 23 3 40 
8 34 40 25 40 7 18 40 40 40 19 9 3 40 4 40 1 23 40 40 39 2 40 10 15 3 12 34 40 3 3 40 40 28 28 6 
23 40 3 3 40 36 40 16 20 12 11 40 2 12 27 11 25 37 40 26 34 40 40 40 40 40 40 40 40 40 40 40 40 40 35 
40 40 40 40 40 39 27 37 4 0 0 29 24 40 2 16 40 40 26 15 5 4 11 8 21 40 8 40 22 16 40 5 10 28 
39 40 13 21 40 32 40 39 40 8 40 29 24 21 40 1 40 40 40 25 2 11 37 40 40 40 6 40 29 7 40 30 39 
32 40 40 27 21 40 39 25 13 5 22 17 40 40 36 40 40 40 40 8 10 40 40 40 40 40 40 29 40 40 39 40 
40 36 40 40 27 40 40 22 17 2 40 26 23 40 17 40 2 40 38 36 40 40 40 40 40 40 40 37 40 9 7 
40 9 40 10 0 40 40 40 34 33 40 2 21 40 40 8 40 40 21 20 34 14 29 26 6 19 40 26 40 19 
40 40 33 26 5 20 40 27 40 26 40 8 40 8 40 27 9 25 17 40 14 33 25 40 40 24 40 13 23 
2 29 40 40 39 40 40 33 40 23 23 11 40 37 40 15 40 26 40 40 40 0 40 18 40 40 40 18 
39 40 40 22 14 16 40 0 40 40 40 40 40 40 40 14 22 26 40 40 40 39 27 7 40 16 29 
40 40 21 18 40 40 7 40 40 13 13 8 36 14 40 10 40 40 9 8 4 40 40 0 40 40 
40 40 40 40 8 40 40 27 35 29 40 40 20 40 35 6 10 8 7 40 26 4 40 31 12 
40 40 40 40 40 40 40 39 40 1 31 18 6 36 40 32 21 16 40 1 36 40 40 40 
40 32 40 40 40 32 40 40 40 40 40 40 40 40 40 32 3 40 40 40 40 40 40 
13 40 40 40 14 40 39 40 2 17 30 9 40 34 17 40 40 40 40 40 40 38 
10 20 25 40 40 40 35 40 4 40 40 15 40 24 40 40 20 40 11 40 40 
13 30 40 40 35 40 37 38 40 40 40 28 40 5 40 40 26 20 40 18 
40 40 40 40 40 1 40 20 40 15 35 40 13 40 40 38 39 40 13 
40 40 23 40 40 18 40 40 35 2 40 40 40 27 40 40 40 12 
30 40 40 37 40 1 39 40 40 40 13 40 40 30 22 40 40 
11 40 40 2 40 40 7 12 36 40 40 40 40 7 5 40 
40 40 40 40 40 40 11 40 40 37 40 40 37 40 37 
40 5 23 8 2 40 40 40 31 9 40 0 40 40 
26 5 0 3 23 12 21 15 40 40 40 40 40 
40 40 40 40 40 11 40 40 40 40 15 40 
26 38 40 40 40 32 40 40 29 40 40 
40 20 29 40 40 40 37 39 40 14 
1 25 40 33 40 13 29 40 40 
2 18 40 40 40 40 40 30 
40 40 8 40 37 2 25 
40 40 40 40 12 34 
40 6 28 40 28 
40 13 40 40 
27 5 6 
40 40 
10 

