100 50
2 37 10 5 44 18 22 48 29 50 34 34 3 20 27 26 15 38 2 28 43 46 20 15 21 49 36 48 12 21 49 18 31 10 50 5 31 50 27 36 40 43 50 7 32 20 7 38 20 30 11 49 48 33 0 24 18 7 25 19 18 38 47 46 18 5 13 50 14 25 4 42 13 10 46 37 30 17 50 50 12 30 20 11 26 17 50 4 10 40 38 6 37 35 47 36 31 0 12 50
35 22 8 2 19 26 25 35 19 11 24 50 37 11 4 3 31 50 50 31 50 10 50 32 49 50 2 50 21 50 12 49 50 10 41 26 11 32 6 40 12 35 50 39 37 26 50 15 50 38 38 5 7 50 7 1 50 16 50 10 50 18 31 5 0 50 50 47 1 0 18 50 34 33 50 46 44 45 12 50 23 50 23 50 3 50 37 21 36 33 28 50 40 43 50 12 24 12 50
10 1 4 0 2 1 31 13 41 31 44 2 32 40 48 18 35 3 2 18 25 0 0 4 13 29 19 3 37 5 3 40 6 49 6 50 46 19 28 50 8 44 39 20 12 40 9 40 50 50 30 34 0 5 39 27 12 24 0 19 34 18 22 50 44 19 36 50 16 1 18 47 36 46 5 43 5 44 16 17 27 50 41 50 0 33 21 19 49 27 41 28 33 10 50 14 39 50
33 40 8 3 50 16 30 50 24 9 27 38 36 42 23 28 50 44 50 31 50 35 50 11 40 15 20 50 8 46 47 50 37 14 50 21 39 47 28 47 50 35 16 16 18 38 50 29 11 38 8 44 50 49 20 5 50 21 16 12 0 26 2 17 50 24 4 28 5 0 18 50 50 48 39 50 27 42 16 42 20 36 45 50 32 2 20 39 30 32 44 41 15 12 22 14 50
37 50 37 21 1 50 16 50 7 41 29 17 40 18 7 8 42 15 32 13 22 50 41 47 22 47 18 4 14 46 50 38 20 39 45 50 31 32 7 49 41 50 18 16 15 10 40 24 31 27 43 50 43 41 50 18 5 29 41 50 27 45 50 6 50 41 50 23 50 11 49 24 26 41 32 39 32 0 16 50 48 32 37 12 16 1 11 50 44 28 5 50 48 25 9 50
15 50 31 49 47 34 24 25 27 47 4 49 50 50 30 6 40 27 48 50 50 1 26 23 11 15 10 50 36 44 9 44 39 23 8 21 50 34 0 50 19 2 5 12 0 11 50 12 35 25 12 6 40 15 24 5 50 33 50 46 50 8 10 3 44 41 50 7 50 31 18 50 11 36 22 50 44 4 35 45 46 28 1 7 50 29 4 50 50 49 13 21 16 48 50
1 48 15 29 29 47 13 0 1 20 39 4 50 22 50 50 4 4 45 41 21 36 35 8 37 50 24 49 22 2 4 22 26 11 31 36 7 45 50 50 9 4 40 13 35 32 36 17 35 50 5 11 38 49 24 20 49 50 32 11 33 17 16 8 50 5 18 21 47 18 50 5 42 26 36 26 36 45 16 25 26 6 14 50 49 48 50 13 28 38 45 50 25 50
4 30 24 28 36 0 8 37 40 35 22 45 45 50 37 39 26 48 21 5 50 50 20 0 39 45 50 8 38 9 41 50 28 50 50 50 34 20 48 50 19 14 31 7 16 45 22 3 33 39 15 12 34 50 48 41 35 20 10 6 18 30 50 46 19 0 19 3 8 33 23 16 27 50 18 49 48 45 4 50 48 22 24 43 48 50 32 17 42 50 20 50 50
13 50 24 49 35 33 50 50 50 22 50 29 35 48 42 50 50 50 35 50 20 17 50 22 41 47 50 6 17 13 50 50 3 21 24 25 43 23 50 50 29 50 15 43 13 50 50 21 15 9 50 50 50 7 11 24 29 41 41 21 48 9 10 24 19 10 49 17 50 0 16 50 27 24 27 40 50 50 38 2 50 23 38 39 10 38 15 24 13 48 50 50
42 50 50 50 3 19 50 45 50 23 31 9 24 50 33 50 43 29 9 50 50 31 32 34 50 28 8 15 44 18 26 35 50 50 34 50 44 36 37 39 44 25 50 25 39 41 19 50 37 44 9 50 4 2 46 46 33 50 9 45 29 14 9 50 50 42 50 38 43 50 50 50 50 37 50 5 23 50 19 38 23 50 50 11 38 14 48 27 50 22 50
14 50 43 26 7 50 40 24 4 39 31 25 32 19 38 44 27 8 12 23 18 6 7 15 50 7 41 22 28 50 48 47 1 20 17 48 50 4 50 19 48 22 32 50 26 40 41 38 17 20 4 14 50 50 50 33 39 38 16 34 13 46 26 40 50 40 45 50 28 50 13 42 48 1 21 50 10 34 16 45 29 32 32 29 6 44 45 36 42 50
50 6 23 14 50 39 23 50 26 18 19 12 14 47 9 26 22 0 22 19 34 48 36 38 7 50 50 22 6 50 50 50 4 32 26 45 29 50 15 40 50 46 33 2 50 47 50 2 48 37 20 44 50 50 11 14 29 50 50 50 32 31 22 9 14 50 50 27 43 18 9 43 50 23 42 21 5 42 2 45 34 21 47 4 35 15 50 50 50
27 50 50 43 50 30 20 23 50 39 50 24 50 19 29 13 27 47 50 48 37 45 38 29 50 50 24 50 33 29 50 33 14 46 10 32 50 50 13 39 20 34 45 25 1 40 26 50 50 50 22 45 9 34 23 40 45 41 50 0 24 12 50 26 45 34 23 32 6 50 27 35 42 5 44 11 34 50 44 39 7 50 23 50 50 22 33 50
24 50 11 50 19 15 44 15 50 20 14 36 40 32 33 50 38 4 28 20 32 10 30 12 12 28 2 50 28 30 47 50 22 50 32 50 18 50 50 38 50 50 19 24 50 32 50 18 19 24 50 43 41 35 42 8 20 40 29 19 50 50 15 30 48 26 50 25 27 34 50 9 39 37 11 50 3 3 15 15 50 42 31 24 35 10 50
18 50 2 47 50 44 50 50 13 16 11 43 50 37 7 48 12 19 42 25 9 50 25 50 22 50 38 38 47 6 50 43 44 15 45 50 36 26 37 13 2 50 50 2 23 37 24 50 21 50 21 32 14 25 41 38 45 32 6 4 29 17 46 50 39 31 10 50 4 28 50 9 34 47 50 50 4 44 50 33 3 32 26 50 48 50
8 43 50 50 13 50 1 12 32 25 41 50 6 40 11 50 5 50 25 17 12 31 50 46 40 12 23 21 50 31 6 50 15 50 42 50 50 4 17 50 50 50 50 10 2 10 35 29 0 50 32 49 50 50 15 1 24 50 20 15 3 50 40 13 22 1 27 31 50 3 16 36 49 50 26 24 12 23 45 50 15 50 16 22 50
26 38 50 3 17 50 29 50 22 30 10 3 4 50 22 50 13 20 40 42 29 50 21 27 11 8 23 50 36 44 49 6 26 11 23 16 40 50 36 19 39 48 6 5 15 50 50 16 8 46 12 33 47 15 16 50 37 16 50 39 24 50 35 42 0 50 50 50 0 50 50 10 1 10 50 30 0 50 0 26 50 14 50 50
50 14 6 39 48 33 50 50 31 12 50 50 39 2 1 11 13 50 39 36 14 50 48 28 8 4 1 22 47 7 50 40 25 16 29 40 50 48 2 50 35 50 50 20 9 39 50 50 14 14 36 42 39 29 24 11 50 40 46 37 26 26 50 41 50 26 12 20 29 35 50 39 15 34 50 46 50 22 15 21 40 27 50
50 21 35 16 50 50 23 41 11 1 50 18 17 39 38 23 14 44 50 50 15 14 24 26 50 50 8 15 50 50 15 50 32 41 6 49 34 50 50 40 43 13 12 50 28 50 4 47 36 24 50 49 10 50 50 50 42 34 50 50 17 8 50 0 4 50 10 29 50 25 26 15 50 38 21 50 50 50 1 13 37 50
50 32 36 8 40 50 23 14 20 15 30 5 14 50 15 34 50 50 7 44 45 11 40 19 49 23 12 50 24 12 50 6 38 10 28 50 50 50 47 34 50 50 9 25 26 23 33 40 5 40 2 50 22 12 50 50 26 39 25 50 50 1 25 50 22 21 16 34 50 33 45 50 5 49 50 48 28 49 1 50 50
2 7 1 50 50 34 38 21 50 29 50 50 50 1 17 33 38 50 50 26 29 47 20 20 42 49 50 50 0 30 40 50 50 50 34 6 34 50 21 50 8 36 36 18 37 5 50 15 36 16 30 50 25 33 8 27 50 11 22 18 3 18 42 8 8 28 48 1 35 27 25 31 35 25 28 33 50 49 50 50
50 6 24 27 47 50 14 11 28 35 34 8 29 50 14 3 42 10 50 50 3 50 42 22 18 50 50 1 50 50 50 29 16 49 50 7 12 40 2 45 50 50 50 48 36 6 8 22 16 50 43 43 45 22 23 11 23 35 50 33 8 7 50 17 27 50 50 19 39 3 36 37 11 50 13 11 50 39 50
20 4 29 42 31 28 37 37 50 35 23 48 8 7 46 50 44 4 18 18 50 13 49 50 50 50 50 25 41 25 30 2 50 50 17 5 50 38 50 50 30 19 50 6 36 0 33 41 34 31 1 38 50 43 31 42 7 50 20 2 11 50 50 43 48 34 50 50 28 50 50 6 0 37 31 41 17 50
2 38 19 18 50 27 14 17 30 29 35 0 18 18 37 3 50 3 50 50 40 50 33 2 40 13 17 28 22 34 10 50 14 50 43 21 24 21 50 11 29 50 6 45 50 46 50 26 38 15 32 21 50 31 46 11 10 50 35 30 38 50 16 24 14 31 50 18 25 28 50 41 14 26 36 50 50
36 29 50 36 26 39 50 50 13 5 37 33 50 4 50 50 36 37 4 50 12 42 50 50 48 26 50 37 49 35 50 25 26 47 50 50 6 22 42 7 39 50 39 20 21 50 50 50 50 50 48 50 18 50 3 22 50 6 8 20 50 50 4 11 4 29 50 41 12 50 37 34 50 37 14 50
16 5 25 42 50 11 50 4 42 50 18 50 0 50 50 40 7 35 21 42 38 27 27 21 36 34 3 50 17 26 16 17 41 50 50 49 50 33 29 50 37 50 14 50 33 30 10 50 50 50 19 36 30 50 30 50 50 40 30 30 41 50 39 9 43 44 6 50 20 50 35 50 50 11 50
50 40 44 29 20 40 45 28 37 50 18 15 35 6 21 21 19 41 31 29 19 16 50 5 45 50 31 27 25 10 43 14 12 50 50 50 39 50 50 50 5 50 21 25 47 50 50 12 50 38 3 46 3 14 50 50 50 17 38 8 27 12 50 13 50 50 16 8 50 20 50 17 22 50
47 7 29 12 25 15 33 25 50 9 50 8 5 13 40 38 47 30 9 50 33 15 48 44 37 50 50 50 50 35 25 28 50 49 34 50 50 50 12 26 30 23 44 50 50 39 0 37 19 2 8 46 48 40 50 45 47 41 50 28 28 5 12 33 0 7 12 29 10 33 50 50 50
8 2 41 0 38 26 6 45 31 47 48 6 5 50 7 50 26 50 15 1 50 45 50 46 42 23 50 50 39 50 22 50 19 7 11 35 50 26 25 50 15 11 50 32 50 29 20 2 8 36 45 50 16 50 50 24 14 16 17 46 3 42 50 50 34 50 50 47 50 39 50 50
21 41 44 33 38 14 13 3 30 50 50 48 6 50 9 2 23 31 12 6 0 22 10 50 27 39 50 45 50 21 39 33 28 23 50 50 47 50 35 32 50 50 50 28 7 50 50 1 49 50 50 49 32 14 50 45 15 0 25 1 20 50 41 48 50 50 29 31 27 50 50
26 10 50 7 50 21 21 46 30 50 31 2 18 50 49 50 33 2 50 47 5 35 50 7 43 20 1 5 50 8 50 37 21 6 50 50 50 50 50 42 50 38 50 5 50 50 50 50 27 34 41 22 17 9 50 42 30 26 41 50 50 28 18 20 10 50 50 50 49 50
37 11 46 41 17 49 9 50 50 36 21 24 24 11 7 50 50 0 27 0 50 25 50 47 5 25 46 9 35 11 50 50 34 16 14 5 44 16 40 35 50 50 46 19 47 50 1 20 50 4 25 41 50 50 13 50 50 24 50 38 50 50 50 2 44 13 23 50 50
50 3 50 50 50 15 46 50 46 34 50 15 49 50 31 3 25 26 15 9 37 50 10 38 8 31 7 34 47 19 42 15 45 50 24 24 39 50 50 22 50 50 50 13 25 19 42 50 50 31 50 23 41 50 15 50 2 20 49 18 50 0 26 50 50 48 23 50
39 18 23 50 50 27 27 42 49 33 2 32 50 50 17 50 8 22 45 30 16 50 0 50 50 50 11 50 21 38 6 25 50 18 1 35 25 35 7 29 32 50 26 16 11 50 9 26 43 11 40 50 18 31 50 21 50 14 50 8 15 50 3 50 22 50 50
28 17 37 50 50 41 42 39 7 34 50 50 15 50 26 50 50 24 14 39 8 22 37 50 29 19 7 49 50 4 50 50 8 30 50 50 50 19 45 6 49 30 5 50 38 31 50 12 3 15 50 8 3 2 29 13 13 43 11 50 20 29 16 15 50 50
34 32 32 25 32 50 42 17 18 50 5 44 16 30 11 30 50 15 11 50 2 46 41 50 50 2 17 1 49 29 4 8 50 44 50 41 47 34 50 11 1 47 50 30 33 20 50 6 31 9 11 50 34 50 38 32 10 50 43 15 0 29 43 40 50
50 50 49 50 50 28 49 6 26 33 37 50 19 7 50 25 50 50 50 25 33 37 48 50 4 22 50 5 14 50 10 7 34 28 9 9 50 8 46 50 31 3 50 3 50 50 2 50 49 26 50 50 40 42 24 50 50 43 20 4 50 10 30 50
50 9 20 19 39 50 8 50 33 47 50 29 39 12 24 23 21 18 40 10 50 33 37 3 50 30 43 34 50 21 50 50 13 50 50 50 46 6 50 2 50 44 36 21 0 9 8 50 19 5 40 50 27 50 50 45 18 20 50 39 50 30 50
50 36 50 36 23 16 37 22 11 50 27 13 50 43 5 4 17 50 46 50 3 35 25 20 8 5 29 50 50 6 43 1 18 20 50 48 17 3 50 23 6 22 8 50 25 50 2 23 50 34 25 15 50 13 10 10 10 46 50 50 50 50
47 5 42 2 48 30 19 42 7 50 28 31 50 50 17 49 3 42 50 31 50 37 50 7 35 44 41 30 42 50 32 36 50 7 50 6 50 7 50 39 19 24 50 13 28 40 35 50 50 36 24 50 16 44 50 50 31 50 30 10 50
3 48 32 10 26 50 15 34 17 2 1 35 47 50 20 39 48 31 20 50 50 13 17 43 30 4 35 22 38 14 41 10 47 3 50 27 35 7 50 50 29 29 42 50 50 34 50 1 23 11 2 14 50 14 50 22 44 49 50 50
0 50 21 2 4 7 43 10 4 11 50 26 50 50 47 43 13 4 35 1 1 50 31 36 50 50 39 23 50 47 10 28 50 50 49 40 21 50 50 50 44 41 50 50 32 50 7 27 9 50 26 5 21 50 43 5 9 16 50
27 38 50 0 23 50 22 50 23 33 42 50 31 50 31 8 50 50 44 40 50 8 50 17 50 25 24 10 50 13 41 3 30 14 50 30 7 50 50 50 20 31 44 27 50 50 30 41 14 50 40 8 39 41 5 23 50 50
50 50 39 24 3 21 3 50 50 31 50 22 50 32 50 50 43 50 30 50 26 26 19 31 20 50 23 43 44 2 1 50 50 6 11 50 5 50 21 50 46 8 6 50 42 12 50 50 21 28 1 37 50 50 32 26 50
32 35 50 50 5 28 50 36 50 3 4 1 17 35 31 16 6 15 12 23 38 50 2 50 50 50 11 50 23 33 24 36 50 50 50 50 50 50 8 3 22 46 50 50 50 42 50 28 27 50 50 2 17 42 47 50
14 35 5 11 50 12 17 3 49 16 50 32 44 37 38 16 50 0 40 24 27 1 2 49 0 46 13 50 37 50 2 29 39 20 50 50 11 27 47 50 34 14 0 48 18 10 16 50 28 36 31 36 14 50 50
50 50 37 50 50 8 23 37 15 38 34 10 43 33 10 50 27 12 45 28 33 48 17 39 10 24 2 50 40 36 1 40 27 13 21 8 37 50 50 50 5 8 27 18 19 50 9 22 50 50 44 50 50 50
28 49 34 22 50 44 42 47 19 7 3 24 50 50 21 38 8 31 46 50 5 9 25 50 21 50 40 46 42 27 33 50 14 50 50 50 33 6 5 50 50 50 47 10 50 16 23 20 50 50 44 35 50
50 50 50 50 33 50 30 42 10 28 13 9 27 50 8 25 19 3 10 50 11 50 16 37 50 50 38 36 14 45 44 24 50 50 45 19 46 3 43 35 6 8 21 30 49 31 50 35 24 34 19 50
50 26 26 50 6 50 50 50 2 35 25 5 50 50 14 25 50 50 27 6 50 19 50 9 27 22 26 26 0 37 49 40 10 50 50 4 50 49 7 50 32 14 50 2 40 30 50 36 33 41 50
49 50 31 50 14 0 33 10 50 1 31 14 14 25 50 48 4 26 14 37 11 26 1 29 50 6 50 28 50 50 44 50 9 22 32 21 4 6 41 23 27 50 20 28 50 35 9 18 29 50
34 42 39 50 43 50 44 32 5 50 50 11 4 36 34 17 19 46 50 21 42 50 50 31 50 11 50 43 12 50 21 24 24 32 50 47 47 6 50 46 38 50 32 4 50 50 50 33 50
44 50 8 10 27 50 1 37 43 43 50 9 35 5 34 26 50 1 12 9 33 33 3 34 8 17 18 0 48 4 1 37 50 2 12 43 50 31 50 43 28 50 3 50 8 40 50 50
19 40 50 14 12 50 50 16 28 34 27 11 11 26 14 36 45 50 50 6 19 50 50 14 12 50 4 37 50 50 50 28 18 50 14 50 50 2 50 50 34 50 50 23 24 27 50
2 9 21 50 50 50 50 0 50 1 14 50 36 50 31 50 44 40 41 36 44 2 20 39 50 50 50 32 46 50 35 16 50 50 35 25 30 44 25 15 32 19 50 11 23 50
23 50 6 50 43 8 7 28 42 28 19 31 50 50 42 29 17 33 38 29 20 4 25 9 49 50 0 50 28 43 22 42 21 50 13 50 35 14 36 35 2 44 49 29 50
43 50 10 31 30 50 10 50 50 23 24 50 50 40 25 50 1 34 20 31 50 50 29 39 39 26 0 50 48 23 45 46 44 44 33 29 50 50 9 15 22 37 13 50
26 6 12 50 10 30 50 50 37 24 38 2 6 37 12 42 11 27 50 33 27 21 50 27 50 22 50 2 3 20 2 7 3 0 37 36 13 50 23 40 2 50 50
11 9 50 42 50 15 42 43 50 50 50 50 16 30 36 38 25 32 12 37 10 50 5 18 44 7 50 43 0 22 50 36 49 29 33 40 48 32 50 50 50 50
50 35 27 48 49 6 50 5 32 37 32 31 42 31 39 1 43 50 13 15 31 50 44 7 18 21 2 9 6 50 20 18 50 22 47 50 1 47 32 19 50
49 38 10 4 4 41 50 50 50 50 38 13 46 50 50 50 50 12 7 29 0 50 50 46 50 8 50 4 12 26 39 45 39 25 18 22 50 36 45 50
46 41 9 35 50 1 49 36 34 26 29 10 40 47 13 50 18 50 23 20 50 5 0 28 48 1 7 50 14 40 29 46 0 30 50 46 14 50 50
5 41 29 12 11 50 29 50 50 2 39 30 50 50 39 42 37 26 5 7 50 50 15 50 4 50 14 22 25 14 50 42 6 14 50 39 48 50
50 24 42 18 40 11 47 50 39 22 20 50 50 1 50 50 20 7 46 4 40 50 20 10 44 6 45 36 46 44 5 50 37 26 50 1 50
49 49 48 22 50 50 42 1 5 50 38 37 11 25 19 23 50 3 27 50 19 43 50 50 21 50 12 47 50 3 50 47 50 40 23 50
39 23 39 27 50 50 34 0 14 48 17 50 6 9 50 10 32 6 50 50 10 50 17 50 50 50 46 24 39 47 32 22 42 50 50
48 31 31 31 3 6 9 12 19 31 50 0 30 45 18 18 25 32 50 50 35 5 50 42 45 50 50 43 9 40 21 29 50 50
50 36 16 50 16 50 41 26 15 22 16 37 3 5 19 50 50 50 30 50 10 50 47 50 1 33 42 5 40 28 41 11 50
50 13 33 24 23 41 50 13 50 43 50 13 50 46 37 22 5 10 45 33 25 1 2 50 47 25 31 47 40 50 6 50
50 24 31 41 25 46 18 50 50 41 50 3 30 4 50 50 3 29 31 18 23 50 23 36 50 5 44 42 50 50 50
12 5 9 11 43 50 37 27 35 17 50 38 9 14 48 50 50 19 21 10 20 38 0 30 7 13 50 50 2 50
34 50 50 34 10 46 50 46 25 31 46 45 12 13 32 50 23 17 16 19 16 20 15 48 50 42 50 48 50
50 50 50 29 50 50 50 49 50 50 17 48 11 3 50 50 50 11 0 50 3 13 36 50 30 50 40 50
20 50 50 38 43 21 1 34 14 27 43 37 32 20 50 50 50 29 13 50 47 38 47 48 25 12 50
39 33 35 19 50 50 12 37 19 20 42 47 39 50 41 44 39 36 1 47 7 2 46 23 13 50
7 15 24 50 43 50 50 50 50 50 50 28 4 41 50 35 1 45 2 50 11 7 50 25 50
47 36 28 24 12 50 47 18 27 5 26 30 26 32 50 50 43 50 7 0 50 17 50 50
35 30 50 42 22 30 29 28 50 50 50 22 29 47 22 48 44 50 24 4 49 47 50
44 32 47 41 31 3 50 50 50 16 50 48 45 50 9 37 24 18 3 0 17 50
28 50 3 34 50 1 7 9 28 11 3 38 11 48 1 34 4 22 15 24 50
50 50 36 15 50 18 0 48 1 50 35 12 50 17 11 25 28 3 33 50
50 23 27 35 22 50 24 0 33 35 39 22 50 50 21 50 50 33 50
50 46 39 50 30 3 36 50 35 12 1 30 39 33 6 50 50 50
28 4 28 38 50 50 50 42 45 50 7 41 21 39 28 31 50
49 39 21 49 48 6 26 42 50 22 33 10 50 50 39 50
2 35 50 50 14 17 50 37 50 19 36 50 45 37 50
5 50 4 8 13 12 50 21 46 29 50 50 23 50
50 50 38 14 9 38 32 1 35 15 50 50 50
50 39 50 50 50 33 46 22 14 50 34 50
50 10 31 49 44 50 47 36 7 42 50
46 1 50 50 3 50 1 31 50 50
50 50 50 13 50 50 41 3 50
19 16 25 46 10 38 30 50
6 50 17 32 26 50 50
46 13 33 50 16 50
50 5 12 36 50
17 33 23 50
31 44 50
20 50
50
