100 50
40 22 31 1 50 17 43 13 50 42 50 39 1 13 49 36 50 33 13 21 2 46 20 8 9 50 7 20 50 44 15 26 33 9 31 19 34 50 43 49 41 22 36 23 46 50 8 50 50 50 46 25 15 50 32 35 17 11 50 22 50 28 30 39 28 28 38 49 44 5 23 12 36 22 31 24 39 19 27 0 22 50 50 50 50 31 13 44 50 4 17 23 12 50 24 26 11 50 41 50
44 40 40 24 44 50 38 42 41 45 50 38 1 37 47 35 32 50 18 50 50 50 44 33 1 12 10 20 50 41 32 50 27 14 10 2 50 50 46 6 50 21 37 25 7 21 7 35 0 44 44 37 2 43 28 35 32 49 9 6 50 33 13 12 21 50 24 50 19 38 50 42 38 32 26 50 28 15 30 50 0 10 31 50 50 18 26 50 38 8 12 23 50 18 50 21 37 34 50
3 2 50 41 12 24 0 17 18 50 0 30 27 31 30 1 5 13 50 41 0 50 30 43 16 48 50 47 12 50 14 3 37 50 44 33 11 35 49 2 49 17 25 46 26 50 50 4 50 50 50 10 9 50 44 50 50 46 4 10 20 50 34 14 22 42 4 25 29 45 50 5 15 50 50 50 30 0 30 19 33 50 6 38 26 50 13 36 27 28 8 16 5 50 18 36 26 50
19 24 47 50 10 35 11 38 30 30 0 50 50 15 6 26 28 3 50 50 50 1 39 49 37 3 50 42 40 0 50 16 50 25 0 2 17 40 13 13 8 50 50 50 43 50 50 50 50 50 23 50 1 5 15 39 38 37 32 50 12 50 50 50 42 50 13 50 43 30 15 36 11 8 50 50 3 0 41 41 1 22 6 50 36 21 50 50 20 11 13 50 44 34 40 35 50
33 3 46 0 15 43 10 50 24 38 48 7 50 50 13 9 48 12 50 19 50 50 41 9 32 26 49 10 29 1 4 50 50 42 18 23 46 50 45 35 50 4 50 22 37 10 17 28 34 50 13 24 15 17 23 47 7 20 50 50 39 1 50 6 50 22 50 33 1 18 9 5 6 26 22 31 24 50 40 21 50 29 40 50 44 20 14 49 50 7 50 2 50 28 10 50
48 17 50 50 5 24 28 6 21 50 42 37 14 32 50 50 26 6 37 6 13 50 28 22 50 10 20 50 42 33 31 20 50 25 50 32 40 23 50 0 40 16 20 49 23 46 23 50 0 50 25 44 27 11 0 8 14 37 50 50 0 8 6 28 8 15 50 5 13 22 7 50 50 8 50 28 50 5 22 2 48 50 50 50 19 38 23 7 42 50 44 49 5 9 50
50 46 10 38 5 9 16 7 50 21 12 31 8 3 0 29 39 50 50 21 42 15 49 27 9 50 50 50 29 24 20 50 45 13 50 44 12 25 5 37 33 50 48 12 25 40 50 12 46 50 3 50 50 43 42 2 50 22 50 23 11 34 49 29 50 9 0 50 46 50 4 50 23 47 31 7 50 50 35 50 21 31 19 43 50 19 30 39 50 50 37 43 50 50
14 49 43 50 21 2 50 1 50 39 35 50 27 9 30 35 29 50 43 35 17 7 14 26 50 50 42 3 14 50 5 50 42 7 44 50 50 33 12 4 22 32 50 16 25 1 3 50 47 30 45 28 5 50 13 50 50 50 38 49 20 26 16 50 33 0 22 42 15 47 50 9 48 3 21 39 17 32 50 49 5 47 50 38 25 17 50 10 28 10 50 44 50
17 48 9 22 21 39 50 2 50 50 22 9 22 50 26 50 6 30 9 19 16 50 34 48 13 50 18 43 23 26 20 50 19 7 3 25 36 19 22 15 30 14 7 31 47 50 31 22 18 34 50 6 50 33 10 41 31 50 9 48 42 25 7 7 27 50 23 10 50 5 29 50 4 50 15 0 46 43 31 49 30 15 50 18 50 50 7 4 50 23 50 50
22 12 11 37 20 50 47 0 15 19 40 45 0 50 39 39 50 36 38 32 46 13 50 28 32 36 17 25 50 50 50 41 32 50 18 49 36 38 35 40 31 50 50 2 36 3 50 50 1 43 26 44 39 21 45 44 5 25 41 1 32 2 43 50 36 9 34 12 11 19 41 47 13 0 40 26 31 31 30 43 43 50 7 50 50 33 50 50 2 38 50
50 24 15 14 21 9 30 3 9 4 40 50 50 26 50 50 39 14 17 50 28 50 50 14 18 40 41 32 21 50 50 43 8 21 50 36 12 6 50 24 4 15 10 1 50 50 36 38 50 7 18 28 34 16 1 17 50 14 20 22 40 50 50 11 31 50 12 50 15 31 50 50 10 43 23 44 49 23 20 21 33 19 9 45 50 50 50 0 49 50
32 48 11 34 31 29 50 15 50 9 8 49 50 14 50 19 50 18 22 42 34 9 7 14 45 7 46 50 34 4 17 50 33 12 50 3 50 33 35 40 17 23 32 34 50 31 50 18 19 35 50 22 4 50 4 1 41 14 5 22 50 16 50 13 45 47 3 50 23 50 50 34 50 0 5 18 5 34 38 30 12 45 50 32 9 50 50 28 50
2 50 45 17 33 18 23 14 0 44 13 36 22 38 50 50 18 5 50 36 50 48 50 50 32 40 11 26 50 11 43 12 9 50 7 45 34 20 37 26 9 29 27 5 48 50 49 50 10 33 2 50 45 12 15 50 50 42 5 50 50 50 29 50 48 42 17 48 48 20 48 34 35 33 41 50 46 50 17 50 3 39 23 48 50 50 25 50
50 37 50 50 50 8 17 35 14 41 50 38 40 50 12 46 35 43 50 23 35 32 41 18 50 41 27 33 50 50 28 48 50 9 26 3 37 7 50 19 45 50 50 50 43 43 27 50 12 50 50 15 11 48 50 34 50 50 50 26 50 42 30 40 3 33 8 4 24 50 50 21 11 18 34 14 21 12 20 32 9 35 31 9 50 23 50
17 37 50 30 5 6 12 50 50 50 43 27 48 47 5 43 41 36 50 35 50 18 50 28 27 47 36 24 25 2 18 19 16 50 13 46 50 20 39 50 47 11 26 21 45 8 19 2 37 50 14 49 22 17 40 50 46 0 50 29 48 9 43 19 20 30 39 13 43 16 49 39 50 22 33 27 42 39 33 15 47 26 0 25 1 50
33 1 38 50 5 43 50 50 50 3 17 35 21 32 13 50 50 50 10 11 48 0 24 17 50 26 50 50 50 20 1 15 50 50 33 47 50 34 45 29 23 41 22 7 50 20 50 41 8 42 39 18 20 15 33 43 28 4 2 2 37 0 30 36 0 41 23 19 8 14 33 49 23 45 50 28 0 27 35 30 29 11 35 20 50
50 18 12 50 27 0 42 16 30 24 50 7 50 7 50 15 47 46 21 3 30 15 42 31 23 12 30 50 40 29 41 3 43 50 41 28 29 25 8 20 50 15 43 11 32 50 32 18 4 50 50 35 14 50 43 3 23 50 1 39 16 18 3 18 48 50 50 50 36 5 45 19 5 16 13 39 2 4 50 4 29 50 18 50
1 36 50 38 3 50 45 7 50 23 8 13 13 19 1 23 5 50 7 9 35 1 16 16 3 22 2 50 11 14 44 50 20 39 37 49 35 50 25 5 34 21 50 50 38 50 20 29 50 49 28 7 41 4 50 30 50 32 42 23 50 46 50 43 50 50 38 20 21 50 31 50 50 40 34 3 50 43 43 11 46 36 50
42 50 26 11 50 31 50 50 50 50 32 16 50 14 45 31 17 37 14 20 50 50 40 50 27 37 37 23 27 32 50 1 14 50 13 28 45 23 42 2 35 10 15 18 0 49 44 50 5 31 17 16 3 40 19 50 26 28 22 16 50 50 17 48 50 23 13 26 41 39 49 3 35 48 6 37 31 14 50 2 31 50
38 3 30 7 42 5 33 8 50 13 50 50 36 50 18 18 50 33 16 27 16 50 44 43 28 28 50 50 17 45 12 50 39 26 2 49 18 21 29 5 23 50 33 2 48 21 50 20 5 33 50 23 4 48 50 24 46 12 50 44 50 12 40 50 50 30 5 50 50 19 16 50 50 18 18 26 20 16 37 28 50
18 41 50 50 35 22 50 0 32 15 50 9 5 49 50 16 14 50 50 50 22 44 45 9 16 50 50 35 6 24 28 39 40 34 43 19 48 17 50 33 38 42 10 28 49 31 26 10 32 50 9 50 16 29 50 27 50 7 35 4 1 46 11 33 25 36 32 5 34 42 17 6 50 42 50 50 4 50 34 50
10 32 50 50 32 8 50 17 50 40 50 32 49 48 20 34 36 28 22 29 48 31 50 29 5 33 3 50 50 50 7 50 40 50 35 50 48 49 26 12 4 34 1 50 35 22 4 33 14 28 50 20 11 27 41 33 36 42 40 17 43 40 42 6 50 47 20 50 50 50 2 16 50 41 7 39 4 14 50
28 44 21 50 50 8 24 50 26 33 50 25 14 17 12 22 25 41 15 10 19 50 21 50 6 41 50 36 9 25 37 43 18 19 14 50 7 36 50 30 50 50 32 49 29 48 6 12 24 50 8 29 19 12 6 40 33 4 50 34 15 4 50 12 50 25 49 12 10 20 12 28 30 23 39 39 50 50
35 47 34 23 16 37 0 50 15 36 18 44 0 28 43 29 3 8 30 50 49 30 5 22 11 8 31 50 18 21 15 50 34 50 36 50 50 41 33 20 31 50 50 3 41 50 20 23 9 50 50 50 50 44 10 50 3 30 50 27 34 33 19 22 50 19 14 33 38 50 50 50 50 18 27 1 50
27 28 49 26 50 25 18 30 18 24 22 50 0 18 50 50 5 42 50 43 50 25 43 50 2 50 38 50 50 21 40 15 50 50 22 19 4 20 44 8 40 50 33 27 50 6 27 50 21 50 45 44 27 10 50 12 21 31 40 9 28 50 14 30 14 32 40 21 30 47 8 11 50 39 48 50
8 50 28 50 46 50 21 50 46 15 50 12 38 14 50 11 1 50 20 15 17 0 26 12 39 38 17 33 2 42 50 48 29 40 37 14 45 24 49 50 50 26 31 24 50 26 32 11 31 24 25 14 37 7 50 40 0 42 50 45 48 50 43 40 19 14 34 46 45 25 50 50 9 18 50
27 8 50 50 14 50 45 16 14 36 50 41 32 13 20 50 47 50 50 17 39 31 29 42 2 39 13 28 30 0 28 31 32 50 30 20 50 7 16 37 25 50 43 16 48 5 10 38 50 29 50 4 44 34 50 48 25 5 6 17 6 13 36 30 41 47 50 40 50 4 49 15 26 50
45 50 49 44 34 40 14 50 26 6 40 41 33 38 7 40 41 50 41 50 8 50 7 50 35 3 10 23 0 40 50 45 50 50 24 6 39 50 48 29 50 50 50 29 42 27 7 17 15 38 50 40 50 22 36 10 20 50 50 50 25 22 23 26 5 50 19 50 49 25 24 5 50
50 50 27 50 15 11 30 2 47 16 46 5 1 29 38 10 33 46 22 50 50 36 17 33 16 49 10 38 28 5 16 49 12 24 18 10 50 50 48 50 33 13 50 15 50 33 44 23 45 50 49 17 26 50 1 50 9 45 24 20 50 0 10 36 21 19 23 50 17 3 26 50
25 50 41 27 44 13 50 16 50 50 5 13 48 37 0 50 50 31 50 12 50 19 1 42 48 50 19 50 50 29 11 19 50 50 34 50 20 11 50 2 47 35 34 34 20 16 9 20 48 50 5 19 50 8 50 50 50 7 35 50 9 30 27 3 24 10 7 41 48 24 50
42 50 41 42 50 30 21 40 26 50 50 50 37 3 50 18 41 1 33 42 10 50 45 50 17 49 50 30 22 50 50 50 50 50 20 50 27 35 2 35 42 46 13 12 8 35 31 2 27 50 15 20 14 50 24 50 42 40 18 6 34 9 41 29 11 50 35 31 50 50
1 14 16 22 50 47 50 25 19 41 50 30 31 34 50 7 45 18 50 12 34 42 20 35 2 6 50 17 50 38 50 40 23 50 50 50 21 21 9 50 17 4 29 39 13 50 50 50 17 19 3 50 35 4 50 30 39 23 44 50 10 8 39 32 33 50 25 42 50
33 24 46 24 46 33 46 4 50 50 45 24 47 13 13 50 50 15 50 46 29 28 50 43 34 50 11 34 16 32 50 50 50 37 25 8 0 50 50 1 50 34 20 17 40 14 19 29 12 50 27 7 50 26 31 0 50 20 50 8 44 50 48 50 36 0 45 50
21 50 3 50 46 29 40 41 47 46 37 50 2 44 6 50 31 25 42 5 49 16 22 50 39 35 26 46 17 50 25 8 50 15 2 50 50 50 29 50 18 15 50 50 50 50 39 50 50 10 31 50 36 30 50 45 48 2 3 47 11 24 50 10 50 29 50
21 28 50 37 50 50 26 34 15 12 1 18 47 7 29 27 2 23 50 50 9 50 42 1 42 41 10 34 50 6 50 43 13 20 42 27 50 41 20 4 44 27 50 9 1 27 45 0 21 50 29 1 0 48 47 22 50 43 50 50 50 50 50 50 50 50
50 1 6 17 11 19 50 40 20 50 50 15 50 42 50 9 50 48 31 50 25 15 12 9 42 50 21 50 50 1 19 12 20 50 36 16 6 8 14 7 50 17 50 13 19 24 50 37 24 41 35 0 24 34 40 50 50 20 10 49 41 45 13 48 50
50 3 50 31 1 47 33 1 45 17 27 50 35 31 38 50 46 45 49 50 50 25 32 50 38 50 50 14 50 50 10 50 38 50 3 50 18 50 42 27 4 41 23 47 32 50 50 9 26 1 48 49 14 1 2 21 37 11 50 50 46 50 28 50
28 39 7 48 49 17 47 2 2 50 16 50 28 29 5 43 34 15 16 17 48 25 35 50 9 36 27 23 50 9 50 4 8 22 27 33 27 26 27 50 2 50 7 45 24 50 34 43 50 38 49 50 42 50 50 39 10 31 50 20 49 3 50
8 0 9 50 11 42 21 39 50 50 41 50 50 13 50 36 43 50 48 50 11 39 50 8 26 18 50 50 5 21 22 37 15 28 20 48 34 39 42 50 49 31 8 17 21 34 50 6 2 43 50 50 50 38 25 22 50 15 2 17 50 50
50 24 48 10 50 50 34 50 7 14 20 26 23 50 9 5 49 24 44 15 50 4 50 50 26 28 13 50 15 49 8 30 47 42 0 50 36 46 5 5 43 50 5 49 28 47 16 1 20 50 2 44 28 50 17 38 14 19 49 36 50
50 31 50 33 35 48 45 42 11 39 26 50 3 29 50 17 50 48 0 50 50 38 8 50 50 24 10 35 26 50 43 50 1 50 50 49 13 39 11 4 50 2 50 36 19 50 0 45 50 50 29 11 35 43 30 2 50 34 19 50
29 50 8 43 16 30 46 32 47 48 43 34 16 50 13 50 29 50 50 16 50 46 17 16 18 48 15 11 21 50 29 26 6 50 16 6 29 23 50 1 22 25 9 50 24 15 12 37 50 50 32 32 6 48 38 22 50 2 50
29 50 46 18 28 44 24 47 0 38 38 2 50 43 21 34 50 40 0 50 3 50 50 0 50 24 9 48 21 49 0 19 50 3 50 50 25 0 37 30 16 24 10 4 6 50 35 50 50 11 25 26 39 5 50 50 27 50
20 33 9 26 18 7 3 22 27 10 4 2 5 50 32 28 22 21 26 1 1 50 3 8 43 25 35 37 20 50 50 50 17 32 50 27 49 50 2 36 24 50 50 9 14 50 13 21 42 37 50 19 48 33 46 11 50
24 2 19 47 14 30 28 6 47 5 27 38 49 48 15 1 50 25 44 37 2 50 38 25 31 50 7 47 40 50 50 4 45 50 27 31 47 23 9 1 50 26 11 21 39 0 11 50 39 10 43 32 11 12 13 50
5 5 50 33 50 26 50 11 30 50 27 28 10 17 40 4 28 47 17 31 27 22 33 23 38 50 28 24 1 5 48 26 50 33 11 20 47 48 26 46 15 6 1 50 33 50 50 50 50 47 24 42 28 12 50
37 9 1 50 39 12 25 17 50 50 42 50 0 20 50 26 50 27 48 50 11 43 33 1 1 50 20 2 7 50 36 17 35 22 28 50 50 43 50 37 37 29 22 38 37 50 10 6 33 19 34 8 6 50
50 38 50 48 44 50 50 17 32 17 50 23 15 13 50 34 6 23 31 50 24 50 4 2 50 32 29 50 50 35 47 1 8 23 18 50 40 5 23 50 26 36 13 8 21 50 30 2 11 4 28 50 50
33 50 50 12 32 16 32 1 50 4 25 3 1 50 50 18 23 35 15 41 36 34 48 23 50 49 50 14 50 49 17 38 50 44 50 41 15 42 3 25 35 26 50 15 14 16 43 0 50 15 31 50
50 16 20 50 42 49 22 50 50 39 14 26 9 50 38 45 41 3 45 5 50 50 11 10 50 50 28 1 5 50 43 17 32 50 50 37 50 2 37 37 50 40 1 4 34 7 4 5 50 40 50
46 40 6 22 50 32 6 48 46 50 48 20 31 42 25 30 24 9 24 50 14 12 37 22 41 50 50 37 7 50 21 36 13 50 19 36 9 18 42 43 50 44 9 18 32 42 45 33 34 50
25 50 50 30 20 22 38 0 50 32 3 28 4 9 12 10 16 3 50 47 36 45 27 12 9 36 30 25 30 3 22 46 7 25 4 24 50 25 11 49 50 7 50 50 50 13 50 50 50
50 13 50 37 38 14 20 50 8 50 50 50 44 49 50 5 50 15 15 40 10 17 50 50 50 43 49 8 5 39 50 50 9 8 50 20 50 30 30 42 22 50 39 3 11 8 6 50
50 0 15 1 33 25 7 41 36 42 13 50 50 30 46 18 24 9 50 16 29 18 14 38 17 29 50 20 7 13 12 18 45 31 38 29 10 21 41 35 50 19 11 50 3 11 50
15 26 39 42 8 43 38 36 46 40 50 39 41 6 45 50 12 50 50 23 1 24 43 50 10 50 33 50 50 16 35 10 2 13 21 50 27 42 34 2 50 39 1 50 39 50
50 50 50 3 6 8 31 20 4 50 40 42 48 16 30 34 2 50 50 50 11 12 50 25 38 6 32 28 39 16 24 10 45 50 36 21 50 50 29 1 16 9 6 11 50
11 4 2 50 45 50 38 22 47 28 24 40 27 6 0 50 50 17 27 30 35 48 37 20 5 14 50 5 37 37 14 3 2 50 47 20 2 50 37 41 50 35 47 50
14 10 20 46 1 33 10 16 42 2 44 50 50 20 12 27 13 7 42 50 11 50 50 3 35 30 36 16 38 25 28 37 39 34 50 47 19 32 4 6 43 5 50
22 30 45 9 11 29 50 49 50 18 4 42 50 50 50 23 16 9 45 17 43 42 50 7 50 50 50 50 34 35 34 14 10 49 50 12 22 22 27 27 1 50
37 2 23 50 50 50 31 50 50 50 24 16 50 32 50 30 47 9 50 12 50 15 32 16 50 50 26 50 15 30 36 1 5 45 50 42 50 4 50 16 50
36 29 4 50 50 42 50 50 20 3 40 50 48 43 50 27 33 44 50 50 27 19 8 50 2 50 9 2 2 16 0 30 50 30 12 10 18 22 0 50
32 37 45 50 31 0 19 25 31 11 50 47 12 50 21 18 23 17 23 13 4 10 4 14 29 50 42 48 4 7 13 50 31 29 33 50 27 25 50
22 19 48 50 43 50 27 40 23 50 18 9 25 44 50 41 43 11 35 10 44 37 46 50 50 3 12 49 46 43 50 13 50 50 23 40 36 50
50 50 10 2 5 6 50 50 16 25 39 46 1 7 22 1 14 9 50 31 20 26 50 50 50 9 41 15 46 26 50 45 15 46 50 2 50
50 50 32 21 50 50 6 26 22 50 50 44 8 50 7 46 50 50 41 10 50 14 16 32 24 7 12 39 2 50 39 50 50 12 30 50
49 0 24 37 50 50 50 21 6 35 38 24 50 6 7 50 25 34 18 32 21 6 15 4 10 6 50 14 49 36 46 34 50 17 50
50 16 29 50 50 19 48 0 28 33 46 47 3 50 45 27 45 46 50 30 50 17 40 7 10 10 21 39 50 1 23 13 50 50
50 0 50 27 1 47 50 48 6 38 24 2 50 50 48 28 11 38 21 8 7 26 23 6 30 50 42 50 5 9 10 10 50
22 38 7 41 5 38 41 5 8 32 49 26 50 46 49 37 50 31 38 8 14 50 41 27 19 26 29 20 32 27 50 50
50 49 50 9 36 50 50 2 9 50 50 45 3 50 10 7 20 50 27 7 44 39 37 50 44 37 31 7 50 34 50
26 21 10 50 3 23 14 19 50 44 16 49 50 42 12 50 6 50 2 44 20 26 43 43 7 37 0 50 37 50
37 34 50 27 29 39 27 1 7 32 11 50 36 50 29 31 50 50 50 17 50 50 15 50 47 0 32 47 50
38 50 50 8 29 10 25 50 30 50 16 13 50 26 4 18 28 25 50 35 50 50 50 7 50 50 50 50
23 24 27 22 50 38 21 25 17 39 4 0 30 50 50 47 50 26 11 50 47 22 23 42 50 4 50
50 25 46 16 25 44 42 30 50 50 11 50 28 9 50 50 4 50 50 50 50 10 50 50 26 50
50 4 37 50 50 22 15 4 50 50 41 28 50 50 1 50 50 50 50 6 50 41 50 11 50
50 0 50 50 50 50 50 12 50 50 16 34 4 50 2 45 50 48 12 50 50 43 45 50
50 0 42 50 4 50 50 46 50 50 50 50 21 11 50 23 50 34 50 24 10 50 50
50 2 32 21 10 9 8 50 50 15 43 40 12 50 36 50 9 50 50 50 50 50
50 3 6 50 32 14 5 50 50 31 21 12 50 12 50 50 50 12 17 4 50
16 45 22 38 37 50 50 38 50 39 50 23 45 49 50 50 31 50 50 50
50 50 50 22 18 49 30 50 50 50 50 50 50 24 50 29 24 50 50
50 50 50 50 45 50 50 45 50 50 37 36 20 50 50 29 28 50
2 48 50 50 42 50 17 41 20 50 50 40 10 50 50 9 50
17 50 41 50 16 50 50 50 9 12 6 50 3 38 50 50
50 11 50 6 38 31 50 40 37 13 0 27 31 50 50
50 50 50 18 42 47 50 6 41 50 50 31 40 50
47 31 50 50 40 21 50 50 26 50 27 33 50
50 50 14 50 5 30 50 50 50 50 50 50
50 50 23 50 8 38 30 50 29 50 50
50 8 50 50 50 4 50 40 50 50
50 50 50 46 50 50 50 9 50
15 4 50 50 50 50 50 50
50 50 50 3 31 47 50
50 50 50 47 46 50
16 50 50 50 50
50 28 45 50
7 50 50
27 50
50
