100 50
50 8 13 50 32 21 32 42 1 23 32 45 48 5 2 23 29 50 12 50 29 49 50 9 23 43 30 7 35 11 39 28 48 47 26 25 50 33 32 17 26 17 12 19 12 38 23 5 26 9 12 14 6 24 19 50 1 50 24 0 44 8 15 10 23 39 50 10 39 24 46 7 42 2 44 50 31 49 47 45 50 42 35 8 33 7 44 0 21 11 23 24 31 0 37 39 27 21 15 50
27 47 11 50 41 50 25 40 7 50 14 5 50 50 50 50 42 38 33 33 8 50 33 17 21 42 15 36 50 19 49 50 25 24 15 17 50 24 0 10 33 1 49 31 17 27 50 25 45 7 4 11 33 35 9 18 1 32 12 19 47 50 50 22 31 50 2 50 34 23 25 43 35 48 50 44 5 17 32 10 8 46 26 50 29 50 43 15 50 34 29 50 16 50 4 2 48 50 50
15 50 29 38 50 15 47 23 41 32 2 42 26 49 35 41 31 4 9 48 12 35 43 32 50 34 1 8 12 48 7 0 50 3 25 8 44 7 35 50 39 46 4 40 48 5 5 48 50 6 50 34 50 28 26 17 25 14 3 36 0 3 50 14 37 45 2 1 3 1 50 5 2 32 0 35 23 41 24 50 31 42 18 36 21 33 14 45 19 15 26 50 26 12 17 17 24 50
44 18 41 50 50 1 50 38 50 5 46 5 49 6 44 45 24 6 28 49 31 12 23 20 50 45 6 20 26 24 7 29 50 45 16 41 44 25 42 50 16 19 16 42 14 16 18 44 4 8 19 43 18 12 44 2 9 41 11 4 10 41 25 46 29 22 27 50 4 45 50 40 41 11 35 2 50 43 49 22 24 50 39 19 18 4 40 50 50 21 1 46 14 15 29 45 50
26 5 50 46 46 22 10 9 17 7 50 41 50 16 3 39 22 37 50 28 30 0 50 30 43 50 18 29 21 50 6 44 19 39 18 50 7 34 34 50 29 19 9 6 49 31 49 37 9 38 50 17 9 26 33 50 28 47 33 42 50 4 37 50 45 12 8 50 10 27 21 25 44 5 24 34 16 34 31 46 50 38 21 50 31 50 19 24 49 15 25 33 48 50 37 50
41 12 41 48 30 7 38 30 45 50 47 46 50 0 28 50 28 39 28 5 4 5 22 7 20 31 24 10 50 7 50 23 23 9 0 50 50 3 46 1 49 39 31 21 19 21 6 38 16 14 29 41 49 17 27 48 16 26 46 16 50 47 0 1 18 17 46 20 26 46 29 1 39 5 2 48 50 43 48 13 50 29 29 50 19 34 50 39 18 49 34 37 5 44 50
50 50 38 9 23 26 12 15 40 12 47 45 12 44 36 11 9 50 50 23 45 50 50 19 31 37 8 39 50 50 25 10 17 5 32 18 35 21 45 22 5 50 16 50 50 47 41 17 25 42 43 8 50 10 43 50 42 49 27 30 7 50 12 41 35 29 11 49 3 49 46 50 13 31 50 7 41 33 50 42 1 33 12 50 27 50 2 3 50 22 47 10 32 50
50 24 23 43 32 29 30 50 29 50 40 50 25 50 38 50 20 15 50 50 40 3 6 39 29 50 50 41 46 10 4 13 50 50 15 20 50 22 30 33 16 45 12 1 50 32 50 23 50 50 30 45 16 41 30 11 47 5 3 39 7 50 50 10 39 46 9 1 30 50 12 3 29 20 26 45 9 46 50 10 50 50 34 37 24 50 50 50 50 0 3 14 50
25 22 45 14 15 11 42 0 50 0 50 50 43 0 34 50 17 3 4 30 16 7 44 35 7 28 34 50 9 50 50 15 50 36 50 3 12 44 50 30 27 36 35 0 7 9 11 18 15 34 3 15 37 35 0 12 3 38 50 2 50 16 48 43 46 38 50 35 50 28 6 45 50 50 50 8 20 36 50 40 19 1 50 50 50 50 18 0 40 5 50 50
13 50 50 1 33 34 39 15 26 40 50 8 47 19 26 6 25 32 25 20 50 50 22 46 42 29 31 36 50 28 50 13 0 31 1 34 50 6 27 50 39 33 11 23 31 13 50 49 0 16 2 3 50 17 31 50 50 11 39 28 18 50 17 50 32 50 50 50 9 14 45 18 50 46 50 32 14 17 42 50 18 24 50 22 17 12 38 30 50 35 50
5 42 20 21 0 9 11 3 29 43 15 45 20 27 50 17 50 28 8 43 9 28 9 48 32 39 29 46 21 50 50 50 15 50 1 50 50 14 47 50 50 50 50 33 4 42 6 32 39 22 9 2 9 50 50 44 2 17 44 46 35 6 4 50 42 25 3 50 14 43 27 19 50 50 41 31 42 27 3 50 32 27 45 16 38 30 45 21 50 50
50 25 30 50 50 50 47 13 50 50 25 25 50 12 50 49 29 46 6 32 50 5 5 23 38 28 50 1 26 50 50 20 47 50 14 50 50 50 24 4 45 33 6 50 50 50 4 50 50 50 48 50 50 19 35 49 9 38 6 45 37 37 25 34 13 25 34 21 50 31 5 19 50 36 50 35 39 24 50 50 11 6 50 50 48 2 13 50 50
38 50 6 35 13 50 41 41 50 14 6 13 24 50 16 50 15 26 23 50 20 50 19 50 49 50 44 7 40 48 28 50 32 50 38 1 11 31 50 32 3 29 21 17 50 39 24 31 1 50 50 6 20 39 17 50 50 38 50 22 50 45 46 50 37 19 50 50 9 50 12 19 13 23 50 32 48 37 30 34 22 50 50 20 50 35 10 50
47 50 20 38 2 3 39 26 50 22 50 26 50 50 0 32 50 23 7 50 49 4 7 2 40 5 1 46 26 37 50 31 0 23 42 1 48 7 25 32 50 36 14 46 25 50 29 50 19 7 26 30 9 9 11 6 45 38 50 19 29 50 24 1 30 50 7 50 50 37 18 50 11 29 44 4 49 50 16 8 43 13 35 11 1 15 50
44 24 39 50 9 11 16 48 32 10 39 15 47 2 50 38 26 50 38 39 18 50 27 19 41 50 24 47 22 35 31 38 49 41 50 27 50 50 50 50 0 50 50 0 13 15 37 47 43 6 35 32 12 34 28 50 30 24 50 36 11 7 50 14 9 5 50 14 50 50 8 34 3 50 0 47 50 25 50 50 17 49 41 25 50 50
19 43 50 50 18 39 50 37 14 3 16 3 50 30 50 50 50 34 50 36 0 3 35 49 45 36 44 50 39 14 4 50 33 37 21 18 39 50 19 28 2 50 50 30 39 49 44 19 30 50 50 50 15 26 1 36 39 21 6 40 50 30 9 10 50 10 50 5 25 3 9 50 46 33 30 16 50 29 17 7 15 21 23 48 50
14 36 27 3 36 10 11 50 25 40 50 25 8 50 50 13 50 50 50 31 50 42 34 14 47 50 44 13 46 50 18 14 37 14 17 23 14 43 32 1 48 4 50 50 42 50 50 50 18 46 9 50 3 35 30 50 50 50 12 32 50 50 15 5 50 24 36 18 26 44 50 20 13 28 50 36 18 2 47 50 41 32 50 50
50 49 36 34 41 14 50 10 15 50 10 24 39 50 33 8 31 41 50 32 41 7 10 50 42 13 43 50 50 50 7 50 50 16 19 29 21 5 16 16 4 4 22 30 50 41 50 50 35 50 50 9 37 50 40 45 27 50 44 50 50 44 44 18 46 35 50 49 19 9 46 1 50 27 5 50 21 50 33 11 32 44 50
38 20 50 50 34 39 50 50 11 10 43 50 22 50 41 50 35 34 42 0 19 5 49 50 16 4 11 46 22 2 5 20 37 39 50 14 2 27 50 50 33 41 46 24 50 7 17 26 41 14 23 50 13 22 50 21 49 37 50 50 36 50 32 42 34 12 50 8 50 24 50 50 16 2 16 26 50 21 44 50 13 50
50 14 50 35 0 50 50 17 31 34 31 3 21 13 29 0 40 37 3 50 41 35 50 4 19 42 8 50 19 3 6 6 41 37 15 45 45 37 22 50 40 37 47 29 50 28 7 8 16 32 15 50 1 19 46 46 50 17 14 50 50 7 35 1 2 50 22 44 50 18 50 50 48 13 27 4 50 50 50 4 50
14 31 50 50 50 50 25 21 22 29 18 50 19 50 50 31 8 4 28 10 37 50 50 50 50 32 43 25 32 16 24 50 0 46 38 7 23 44 42 16 20 28 50 30 50 32 10 45 50 50 11 30 26 22 47 50 3 6 39 39 50 50 50 16 8 45 40 50 17 32 33 2 33 19 50 5 30 1 32 50
35 50 50 41 36 37 50 39 50 50 10 50 23 19 11 34 38 50 12 9 9 50 50 50 33 9 44 12 46 9 42 45 22 18 46 30 43 50 50 43 50 50 32 13 50 50 3 50 4 17 10 38 3 50 50 38 34 34 27 3 31 25 17 2 16 50 40 37 30 21 33 50 28 19 50 13 50 4 50
4 49 10 7 50 6 35 36 46 50 34 43 40 9 10 32 47 20 11 32 42 24 50 40 50 44 16 3 39 11 50 5 34 43 9 46 31 29 16 50 46 33 48 38 42 15 8 19 50 43 50 26 26 14 50 50 18 50 20 40 36 48 44 48 38 25 35 50 17 50 25 3 44 10 50 50 50 50
50 24 21 19 50 26 25 33 19 21 50 50 50 44 8 18 41 50 6 43 50 10 30 17 50 50 50 29 10 27 20 50 42 10 50 35 8 3 11 50 50 50 46 12 16 24 50 8 31 31 38 36 10 50 20 50 22 31 11 50 50 3 50 50 35 2 46 50 11 36 37 50 0 12 47 3 50
47 25 6 50 50 41 30 17 50 50 50 0 50 50 50 1 49 13 27 6 4 50 50 16 50 31 33 4 0 7 50 23 32 49 22 23 50 47 50 46 37 41 38 50 33 34 48 33 50 50 42 28 29 5 3 32 39 21 32 23 50 41 12 29 50 14 9 49 7 47 33 50 50 50 9 50
40 38 50 47 34 22 50 7 35 50 36 13 50 23 8 0 7 49 50 12 29 34 50 50 36 28 31 43 50 38 15 14 18 16 50 50 18 48 38 28 17 50 5 16 19 50 6 35 50 50 50 33 50 40 27 34 34 32 35 28 45 33 49 50 37 50 0 21 32 18 18 21 41 34 50
22 11 50 19 50 41 38 48 27 6 50 0 50 50 6 40 23 50 50 18 50 38 44 43 49 21 50 1 40 26 24 13 5 39 43 2 8 41 50 3 18 33 50 50 50 50 50 50 10 47 43 17 32 10 2 50 28 10 50 1 45 37 50 38 26 45 50 23 50 16 50 23 47 50
41 39 42 13 0 21 9 50 25 11 35 50 50 22 50 50 7 50 5 13 50 18 2 15 27 33 41 28 29 10 45 50 40 41 26 50 41 30 1 50 24 17 50 50 14 35 10 50 14 16 10 1 6 2 50 3 50 50 16 50 15 7 11 37 50 5 17 24 21 44 25 35 50
25 50 7 40 26 46 43 20 38 8 29 18 17 17 15 10 2 15 35 49 50 8 50 22 4 25 21 46 19 49 50 0 25 2 4 27 50 28 14 50 32 25 34 3 27 50 20 20 50 25 50 5 42 50 39 15 36 45 17 46 50 50 50 8 50 11 28 33 50 28 50 50
9 11 7 31 34 36 5 50 27 33 25 34 34 21 36 19 44 31 22 46 50 37 33 48 0 50 4 50 5 36 4 11 50 30 7 50 50 37 42 2 2 34 50 18 20 27 6 12 43 38 33 23 50 50 19 50 50 6 25 22 38 21 50 50 50 50 12 34 34 48 50
50 6 50 22 20 14 7 11 33 50 11 29 50 4 33 50 28 32 34 5 16 8 35 18 11 48 50 0 50 37 3 21 44 50 45 43 22 27 0 39 30 49 47 6 49 50 19 5 12 7 18 27 17 2 50 49 37 42 50 22 50 31 19 48 50 50 25 39 26 50
50 16 39 21 21 50 50 50 38 29 47 6 50 10 50 44 50 50 27 16 5 8 5 50 23 28 21 50 27 50 27 34 43 2 50 50 14 25 4 15 50 45 36 38 27 43 50 26 25 43 30 22 49 32 16 13 27 8 50 49 4 33 10 37 11 48 50 50 50
49 33 31 18 50 10 50 36 15 1 42 43 9 31 33 50 4 50 37 12 50 45 49 50 1 50 40 12 19 40 50 25 42 50 23 38 50 35 20 50 50 2 38 33 0 34 50 50 50 46 4 25 10 31 50 50 40 33 8 42 50 49 38 50 39 46 24 50
50 16 50 50 20 42 50 50 50 29 13 30 50 11 50 50 10 11 50 50 50 21 30 44 36 29 50 31 9 34 14 17 47 43 45 50 0 25 50 29 15 50 41 7 12 50 47 31 37 45 28 34 29 18 17 24 20 50 4 50 16 17 13 50 18 1 50
31 50 19 39 21 50 25 50 50 50 20 16 23 10 15 36 2 24 47 11 35 36 7 45 28 46 10 22 20 18 12 21 20 48 50 6 20 26 4 43 22 50 18 50 9 50 12 50 14 50 40 39 48 40 29 15 48 50 27 11 11 2 49 50 1 50
50 50 20 30 21 34 5 45 50 45 28 36 9 48 47 50 38 28 6 17 4 3 38 16 50 50 50 8 50 25 14 1 50 40 50 33 33 50 2 39 21 10 30 7 27 29 6 50 50 50 46 50 23 2 47 25 50 50 4 22 50 49 26 17 50
23 6 46 49 19 50 35 50 50 38 45 50 19 23 50 6 11 19 50 33 50 31 6 29 21 50 31 21 50 31 50 1 29 32 48 43 50 30 41 12 2 11 11 26 33 33 45 2 30 28 5 5 6 19 50 50 20 50 50 42 5 50 22 50
31 42 36 48 29 47 4 41 24 31 32 14 50 45 19 10 27 6 2 3 2 28 37 50 42 50 27 50 2 19 8 47 1 15 50 16 8 17 48 27 44 19 49 1 3 50 40 50 45 22 50 50 50 50 39 38 19 31 31 27 46 50 50
19 31 50 5 50 50 32 6 26 14 17 6 2 23 29 34 12 43 34 50 13 50 50 30 12 25 50 26 50 40 20 50 50 24 19 29 3 46 41 50 1 50 40 14 50 50 36 32 2 7 32 50 49 50 3 29 50 10 4 50 18 50
31 50 24 7 23 50 0 24 14 9 40 27 10 50 13 16 48 50 50 4 11 3 35 50 28 15 24 50 5 16 5 50 36 50 50 50 39 18 15 48 30 2 50 45 12 8 38 26 50 9 28 7 28 2 23 50 47 50 34 0 50
1 47 15 50 25 19 44 2 13 50 43 24 25 44 7 50 43 27 50 29 3 12 33 47 22 16 25 50 50 50 15 13 46 17 30 43 10 28 50 50 50 44 50 0 11 30 4 48 47 8 11 50 0 2 22 34 6 13 50 50
50 1 34 9 50 16 50 50 37 50 38 50 37 50 50 50 10 50 16 50 22 50 4 50 50 41 18 19 11 7 0 39 26 50 50 50 50 3 50 30 37 30 50 36 30 48 12 50 8 29 50 26 5 50 0 14 33 4 50
50 17 27 31 32 8 50 39 11 29 10 14 50 43 50 23 11 5 17 50 50 50 23 50 50 50 27 25 50 49 46 50 33 14 44 50 50 26 40 50 28 50 1 6 50 10 50 31 37 46 50 50 50 50 40 50 50 50
0 42 50 15 50 12 46 10 12 50 43 32 28 43 38 50 50 46 10 11 44 25 15 18 23 46 19 41 5 19 7 23 1 9 31 33 6 23 30 50 12 35 11 1 19 4 50 10 50 50 33 26 48 36 5 7 50
5 45 50 50 20 50 50 6 1 23 8 32 46 21 13 42 50 50 49 50 50 34 50 50 35 24 26 38 4 26 50 50 31 2 50 49 16 50 44 50 50 16 21 50 50 38 50 43 50 50 8 50 50 50 25 50
3 7 22 17 27 50 18 21 6 19 50 21 50 14 34 22 28 32 50 44 50 37 7 17 50 50 0 7 48 26 11 8 44 18 50 13 43 48 46 36 50 32 35 41 38 14 6 38 18 50 47 20 31 46 50
7 36 14 32 1 50 50 15 20 50 35 50 8 8 37 15 47 38 45 6 50 27 4 14 34 2 38 13 37 50 35 18 11 33 50 31 50 50 50 22 50 7 34 50 0 50 50 50 50 6 35 17 50 50
23 19 50 47 16 22 8 24 9 12 24 42 3 50 48 48 50 42 50 3 37 10 21 48 16 36 50 31 1 14 50 26 20 50 50 42 9 49 50 50 21 50 9 50 50 33 50 29 8 38 27 48 50
25 10 50 50 8 13 31 43 24 50 49 28 8 31 50 16 8 50 45 2 50 18 48 31 37 8 8 4 4 50 0 46 34 35 37 36 50 17 50 24 28 16 50 16 3 36 38 50 11 11 28 50
50 37 50 45 32 35 39 42 29 23 0 33 25 16 20 35 44 15 30 0 30 32 21 14 1 43 2 13 24 31 12 49 47 35 50 4 6 31 50 27 44 50 39 9 24 43 50 43 23 31 50
50 50 50 46 50 11 48 50 50 25 15 50 50 15 13 23 50 1 48 45 25 45 35 36 29 50 50 50 17 50 50 44 43 34 14 46 38 21 25 45 48 40 26 29 1 50 50 50 33 50
50 50 39 26 29 13 19 50 38 10 46 6 11 22 14 0 40 50 50 8 50 14 46 37 4 49 37 27 45 5 27 33 18 50 50 1 49 44 19 36 15 31 40 50 37 50 24 40 50
6 7 26 8 20 9 35 43 3 28 34 23 50 26 35 50 14 17 50 9 32 50 5 42 50 21 50 48 30 14 11 4 50 40 15 49 50 20 50 26 46 50 50 2 44 50 50 50
50 50 19 27 29 50 26 18 30 21 34 50 50 3 44 30 46 20 50 16 23 36 9 11 13 39 8 50 31 50 11 12 44 50 35 9 8 33 35 46 39 43 50 9 19 0 50
50 10 47 22 28 32 50 8 35 5 10 43 20 11 9 50 50 6 6 12 6 45 16 15 0 26 17 0 50 9 50 37 3 50 50 50 28 22 48 48 6 50 33 19 0 50
50 50 47 5 50 17 30 50 50 46 50 50 11 50 36 25 50 46 7 15 39 6 27 10 37 44 11 47 24 12 14 11 50 18 42 35 24 50 50 50 50 34 43 2 50
50 13 15 11 49 50 18 26 2 3 25 31 48 15 0 50 20 18 4 50 50 1 1 16 50 49 20 43 11 50 17 47 11 50 50 47 50 50 50 50 34 50 18 50
50 17 9 10 6 8 50 50 7 29 45 45 47 50 12 39 44 50 50 13 50 11 13 10 14 50 10 36 9 34 23 41 49 31 5 10 50 2 30 40 36 50 50
7 50 49 3 50 11 34 50 28 48 15 50 46 38 29 39 50 13 5 2 50 46 50 14 15 9 23 46 13 43 37 28 40 43 50 50 16 38 50 50 23 50
50 36 21 5 44 50 50 41 49 50 50 10 50 50 3 50 24 1 43 50 24 50 36 37 50 47 1 14 50 30 8 17 30 26 49 16 12 4 50 6 50
1 48 50 47 50 18 13 32 8 47 7 8 50 12 50 50 21 27 13 0 50 19 50 50 31 40 19 22 50 50 6 50 36 21 50 2 36 15 50 50
47 24 48 50 8 50 50 38 50 50 12 19 15 42 47 15 6 45 13 0 5 4 17 29 25 16 48 4 6 14 50 40 50 50 20 33 42 50 50
50 50 49 45 50 10 45 2 5 32 12 48 50 13 5 22 0 50 50 15 34 30 22 50 50 34 50 7 39 47 50 50 44 36 50 38 38 50
5 47 50 23 50 12 50 38 21 20 50 25 12 32 13 24 29 10 18 3 2 50 9 50 47 0 50 30 50 30 50 50 1 50 8 27 50
50 50 38 11 32 20 50 24 33 38 49 50 47 12 50 50 24 16 50 45 20 50 25 5 50 50 28 23 40 19 17 47 14 0 5 50
43 26 50 50 44 50 50 13 50 35 15 21 23 50 50 50 40 33 50 0 42 4 50 32 48 26 5 50 4 30 9 14 50 16 50
11 48 29 30 50 31 28 28 50 12 30 50 50 50 50 3 50 42 18 44 2 38 48 42 6 50 23 25 25 13 50 16 16 50
41 42 18 28 50 49 50 50 50 3 3 20 50 17 50 50 48 50 5 33 33 5 10 50 49 3 5 14 11 50 50 31 50
50 50 50 50 43 50 47 29 46 50 1 50 50 38 29 27 19 10 50 50 43 5 34 33 25 50 17 50 35 50 44 50
14 19 11 47 7 39 14 49 32 42 50 50 2 43 50 50 8 32 8 6 11 50 50 4 15 50 50 14 23 50 50
49 9 50 36 17 36 50 10 27 27 27 16 44 50 50 50 5 36 16 25 50 41 50 50 46 24 50 50 32 50
50 37 42 49 47 36 45 4 4 49 12 50 0 50 50 50 50 1 46 9 3 29 40 14 50 50 24 39 50
50 35 50 50 37 33 23 41 34 42 50 27 50 27 50 39 50 17 48 10 50 16 39 50 7 37 50 50
10 16 16 50 28 6 17 5 8 4 29 16 50 27 50 26 33 47 50 36 19 50 34 35 9 1 50
44 6 6 41 20 17 50 31 33 14 50 38 27 21 40 11 29 50 8 0 23 43 50 50 1 50
50 50 26 4 28 9 50 50 15 40 16 50 3 30 39 8 18 22 21 50 50 25 50 50 50
36 22 29 50 28 18 50 50 50 50 50 44 50 45 50 39 50 12 12 19 50 50 32 50
39 8 32 50 14 50 41 18 50 41 16 50 13 12 17 8 27 37 50 20 19 2 50
50 50 47 45 41 29 16 41 50 38 34 14 50 38 28 47 20 29 44 12 50 50
40 28 50 45 7 0 50 39 9 30 3 50 33 2 50 50 50 42 33 50 50
36 43 42 20 50 50 25 11 50 21 31 50 22 7 23 17 50 8 12 50
31 9 11 50 50 8 12 28 43 3 50 15 19 7 46 33 6 12 50
50 30 50 23 5 32 19 48 21 50 50 8 39 19 21 0 50 50
36 10 50 50 19 13 36 50 50 36 31 50 34 31 41 50 50
35 13 7 50 50 23 50 38 45 5 22 12 23 20 39 50
45 38 43 1 26 50 50 17 38 43 37 50 19 25 50
50 40 10 20 21 50 24 18 46 10 16 50 27 50
25 50 30 40 19 33 49 41 50 29 35 3 50
50 1 39 50 27 50 4 44 50 50 3 50
50 45 40 22 23 6 15 0 50 45 50
21 42 31 28 8 37 50 38 50 50
14 50 36 48 50 43 26 21 50
50 15 20 50 50 50 33 50
31 50 39 39 50 7 50
50 28 47 17 50 50
50 48 2 45 50
19 48 50 50
50 14 50
43 50
50
