100 50
6 31 26 9 50 36 21 5 17 29 16 21 43 36 40 34 21 14 46 10 48 44 8 10 16 4 40 29 30 9 34 48 39 14 32 19 6 44 31 10 10 25 35 16 41 20 25 25 39 50 25 50 36 7 29 50 48 46 13 19 23 50 28 9 16 14 35 26 13 42 33 23 50 35 12 44 19 27 33 5 46 17 12 5 22 40 42 23 15 34 3 38 26 7 50 34 6 27 23 50
40 23 6 4 28 24 47 15 4 24 40 11 36 22 10 4 16 31 27 16 22 34 33 4 4 12 3 29 45 50 9 7 32 41 19 8 21 40 0 0 0 50 16 50 34 15 45 50 17 46 44 39 46 38 17 36 43 16 23 25 2 21 31 12 12 50 37 42 50 50 4 13 14 50 50 22 49 31 43 4 42 5 33 50 2 50 35 24 43 27 29 1 27 50 44 47 1 41 50
13 34 19 9 34 48 25 48 21 2 4 12 5 4 16 4 8 45 35 30 44 12 49 29 50 23 24 20 13 13 10 17 7 50 50 48 18 17 18 50 22 11 14 16 42 18 21 6 27 33 50 11 35 13 2 3 3 27 39 1 50 1 11 42 2 5 20 50 50 19 50 15 2 28 1 2 18 39 1 10 28 33 0 26 41 50 30 14 50 24 50 35 32 33 30 32 3 50
36 50 27 37 26 5 38 28 31 22 47 4 11 37 7 19 0 50 1 15 19 42 17 47 45 31 34 34 11 9 10 50 43 49 50 23 50 50 10 18 36 18 32 26 2 14 40 50 33 7 6 27 33 19 13 50 39 14 8 29 0 39 50 35 50 13 39 25 5 43 12 16 50 13 29 20 23 46 8 50 29 11 10 50 50 40 50 40 33 8 10 14 30 48 31 0 50
35 47 50 9 9 47 28 19 41 8 21 43 27 48 32 20 44 48 46 29 42 11 45 50 4 33 18 39 21 37 18 46 21 37 2 30 50 15 32 31 8 0 50 50 18 30 46 9 45 45 31 40 32 8 29 2 8 24 11 50 50 23 38 10 43 31 25 28 25 4 50 50 1 14 38 22 5 14 9 48 46 50 37 14 37 38 48 50 35 14 0 25 46 39 49 50
25 28 1 46 33 39 45 34 40 43 22 14 11 50 21 18 11 39 7 49 19 41 5 13 0 42 23 8 30 4 50 14 50 27 50 48 36 50 46 46 50 44 40 18 13 47 29 50 50 9 3 8 28 9 30 34 36 31 45 6 19 15 10 35 35 50 6 10 12 50 23 24 39 37 47 9 33 6 11 2 8 9 29 37 20 48 46 48 20 34 2 50 16 49 50
6 41 4 50 50 46 16 50 50 40 6 39 50 9 1 27 11 36 41 25 19 50 39 11 43 31 13 11 2 50 18 41 40 50 36 6 17 43 24 7 40 7 44 28 38 48 34 29 50 24 33 50 1 11 37 2 9 50 28 17 32 50 5 24 48 7 32 43 33 1 42 3 33 25 32 8 50 31 5 37 50 28 10 14 49 47 10 50 47 40 22 3 10 50
5 35 21 41 19 7 0 18 50 7 15 21 36 1 40 25 11 50 20 37 38 27 32 9 50 36 22 43 21 3 43 19 42 37 32 45 4 16 7 21 46 44 29 46 1 41 40 4 20 16 9 38 1 41 45 50 9 50 50 18 19 30 40 16 17 45 8 50 37 28 50 19 9 50 4 47 50 22 10 30 22 50 11 26 12 50 2 39 50 13 0 3 50
50 44 50 7 11 47 1 16 12 22 3 9 36 26 42 45 34 28 50 41 26 50 0 17 36 50 13 48 42 19 35 17 50 5 38 2 31 8 50 9 50 48 50 21 23 44 46 15 50 50 33 33 44 31 24 5 8 38 10 16 9 24 50 25 13 23 14 20 37 13 50 11 32 4 43 31 50 30 5 18 10 50 7 48 49 23 0 19 17 26 14 50
33 17 35 45 30 40 5 44 4 34 10 18 14 29 47 50 30 50 50 4 23 21 35 20 32 50 40 50 5 9 15 11 5 28 15 22 45 44 38 7 44 21 15 26 15 4 0 25 21 24 9 32 8 23 7 11 18 1 10 50 36 38 50 30 2 31 44 38 26 26 24 33 36 21 50 50 6 50 7 50 16 50 16 43 27 33 49 42 38 50 50
5 30 41 17 40 39 18 18 9 50 6 8 43 50 50 9 48 19 30 16 45 22 41 37 42 1 50 27 27 22 16 50 0 44 28 23 38 28 19 21 0 20 29 9 45 23 26 36 50 24 34 33 8 18 38 50 49 23 39 45 5 26 20 37 13 24 3 17 45 15 35 28 41 50 29 18 36 50 3 4 29 36 18 21 50 0 25 41 41 50
13 29 9 38 17 9 5 50 50 32 29 26 10 23 13 23 29 27 41 5 49 48 50 35 48 38 40 9 27 43 50 7 49 23 16 29 14 7 44 23 17 3 23 15 50 5 16 20 34 19 11 36 8 50 4 10 38 35 7 23 45 49 21 37 7 46 46 19 47 41 37 14 8 7 9 27 11 1 50 50 19 25 26 11 50 32 40 3 50
25 9 50 0 45 21 31 15 19 31 50 24 11 16 48 47 10 32 31 11 28 41 13 37 4 46 30 16 28 50 15 16 50 47 28 44 50 44 6 0 17 50 43 37 5 8 3 43 20 25 50 27 26 42 25 33 20 50 22 38 36 26 50 3 35 43 8 11 0 50 11 49 15 24 40 24 50 31 24 26 41 46 8 47 40 4 42 50
48 13 36 22 41 43 48 46 38 48 43 29 32 40 35 6 18 12 50 23 16 15 1 9 33 5 23 50 0 48 12 2 10 5 38 32 50 47 41 36 50 16 48 14 50 50 18 6 45 50 1 50 12 6 24 37 50 50 25 42 50 37 15 19 15 10 21 18 22 16 37 20 50 20 8 30 42 47 27 14 12 23 39 34 3 35 50
0 46 15 23 0 25 50 16 0 49 0 3 49 2 31 50 27 13 47 50 10 27 41 47 47 2 19 8 50 50 40 19 24 12 3 11 46 32 50 21 16 10 27 23 10 29 5 1 27 24 18 44 5 11 10 20 34 12 16 21 44 5 5 12 12 49 15 14 6 25 50 22 10 50 27 0 50 49 26 44 34 10 12 2 38 50
41 18 48 6 21 6 35 26 35 42 31 31 49 39 12 43 35 19 1 40 50 22 1 34 49 44 30 23 17 16 17 30 28 50 15 36 2 21 30 36 43 50 46 49 13 3 2 50 2 45 50 27 7 44 5 2 35 36 7 50 41 19 34 35 22 12 3 30 8 21 37 16 50 35 50 9 41 50 29 50 34 4 40 50 50
50 50 33 49 14 46 2 50 30 50 50 50 50 32 50 50 50 30 42 50 1 50 45 21 45 50 50 42 32 12 22 14 50 50 50 26 15 50 2 28 46 12 21 27 46 39 17 12 23 21 50 9 50 33 50 18 26 47 9 50 45 10 43 33 19 41 49 25 37 50 36 31 50 50 50 13 49 44 50 15 42 50 50 50
50 50 4 13 37 16 50 46 50 22 18 0 50 4 25 50 18 7 50 21 1 0 50 50 42 50 49 17 50 50 12 43 30 9 42 46 45 32 50 18 26 33 12 32 14 33 30 48 45 0 35 24 14 8 18 50 50 50 50 18 6 50 50 27 36 50 21 50 27 20 40 42 5 37 13 50 50 13 25 30 2 24 50
6 48 48 26 14 25 0 9 50 20 50 50 50 50 50 0 2 26 50 13 50 17 26 33 8 38 49 50 50 25 23 50 29 35 50 44 50 21 10 50 7 26 49 50 5 30 50 50 23 21 13 25 39 10 50 50 50 50 50 50 50 36 38 32 47 40 26 9 30 50 50 50 15 39 50 50 19 3 32 28 50 50
50 50 15 15 32 8 50 50 38 50 26 35 22 50 25 50 48 7 14 29 5 42 50 50 50 38 50 16 50 22 47 43 50 34 50 19 40 10 12 19 50 8 50 50 50 50 2 50 50 50 45 50 50 2 4 45 46 50 50 50 21 31 46 50 50 49 13 34 13 14 24 50 39 11 36 50 37 28 30 6 50
19 39 50 50 28 12 11 32 13 22 14 31 29 50 11 11 15 20 49 36 8 16 50 44 1 27 50 10 42 19 48 4 25 19 50 50 36 17 50 32 50 50 32 50 50 4 42 50 43 26 46 41 50 33 4 50 37 21 21 48 8 32 14 49 6 1 50 29 11 34 50 44 6 15 50 36 9 41 44 50
50 12 35 50 50 50 37 50 43 50 31 13 42 36 50 33 28 44 17 50 33 34 44 23 1 39 50 50 30 15 7 0 6 50 50 5 50 38 50 45 1 40 31 50 50 21 34 50 50 22 25 41 34 50 34 36 49 50 41 40 50 41 18 30 25 10 15 1 28 41 50 39 8 50 12 9 37 50 50
44 26 42 42 50 50 48 10 17 7 50 24 34 36 18 50 50 50 43 20 9 44 0 50 32 14 50 45 27 2 15 50 50 24 0 50 50 18 31 11 29 50 19 35 50 50 50 50 29 22 50 45 43 50 50 42 33 50 7 50 50 23 50 36 41 22 50 1 34 50 22 5 47 42 50 8 21 50
50 39 50 1 10 36 36 21 6 29 8 8 36 24 11 50 8 50 8 8 45 41 28 50 40 50 47 50 50 50 42 50 50 39 48 50 42 23 9 45 20 43 31 50 48 40 2 26 50 9 50 42 50 13 16 3 4 50 50 50 7 50 27 50 32 50 1 2 5 14 50 23 21 24 42 35 50
25 45 39 50 50 49 36 7 48 50 20 50 49 46 3 50 23 50 50 49 50 28 19 50 10 50 50 50 50 36 21 50 3 31 2 50 35 42 16 50 1 22 16 41 24 50 43 43 24 0 7 45 50 50 50 32 42 17 43 50 8 38 50 30 50 41 18 5 43 28 13 5 50 40 49 50
50 10 50 50 39 50 43 13 50 16 50 20 11 30 15 16 39 18 6 17 38 50 1 50 27 47 0 34 36 26 50 9 50 50 41 10 18 2 1 2 50 14 50 50 46 50 50 6 50 50 37 42 45 50 26 50 22 50 0 12 27 7 11 50 2 16 50 23 50 4 7 32 29 50 50
6 34 19 50 25 50 50 50 50 31 37 45 50 50 26 50 50 26 50 1 19 23 50 29 29 32 12 29 50 10 6 50 22 37 50 50 6 15 0 50 6 50 8 50 50 27 8 45 19 37 12 11 41 32 38 4 33 50 50 50 42 50 35 45 2 50 50 46 0 14 42 47 36 50
36 50 29 50 23 50 44 20 1 50 3 9 24 2 39 9 0 15 50 9 47 50 50 36 39 50 50 48 7 42 4 16 50 1 45 19 50 28 2 50 41 44 21 40 50 40 50 5 45 32 45 17 23 50 19 43 38 17 18 50 50 50 39 34 50 14 3 15 16 25 25 50 50
50 50 33 50 42 5 48 9 6 36 50 50 47 50 49 27 50 35 49 10 50 50 15 15 50 17 50 7 11 49 50 25 7 11 50 32 50 50 47 50 50 41 50 31 50 17 50 42 26 41 18 48 4 10 50 18 43 50 50 14 48 50 23 3 49 21 24 41 50 45 29 50
26 42 50 45 38 9 18 2 50 5 50 6 50 3 3 50 50 50 23 50 50 1 3 26 33 49 10 41 50 23 50 32 50 50 50 43 24 14 50 24 14 45 15 3 50 21 11 41 50 25 29 7 19 13 39 29 50 19 50 18 50 50 46 40 50 16 50 48 43 34 50
18 6 46 43 3 38 50 50 37 33 0 24 21 50 40 50 44 50 40 6 0 30 6 50 29 18 50 50 50 31 23 6 30 12 39 50 50 46 16 27 50 1 3 38 32 7 50 50 48 50 39 50 14 7 50 49 41 24 14 14 32 10 17 15 24 50 25 50 22 50
36 15 50 50 5 50 7 50 33 35 35 48 50 44 8 15 50 6 50 43 35 50 22 34 1 42 50 32 30 50 41 12 28 45 19 3 11 50 50 2 9 21 27 24 50 20 37 7 27 33 50 11 50 3 50 43 50 1 46 50 9 25 50 49 50 50 4 26 50
3 38 4 50 50 50 21 50 23 44 28 8 15 48 47 17 38 50 35 37 50 50 18 41 40 50 7 15 34 47 42 5 35 15 20 50 31 50 50 50 0 50 46 30 49 49 50 12 50 50 31 23 2 50 50 30 27 13 50 39 28 33 28 50 50 50 35 50
26 24 50 50 36 4 18 34 12 12 48 32 50 50 50 20 0 50 49 50 0 35 50 50 0 13 30 50 24 5 6 40 50 28 26 9 20 50 12 50 21 50 50 49 14 50 50 13 24 7 7 6 50 1 50 38 1 36 50 47 9 50 19 6 32 37 50
50 5 48 50 50 49 34 9 21 33 4 50 24 28 50 12 21 25 50 26 9 13 40 12 50 3 50 41 30 37 43 50 17 4 50 39 50 1 50 50 40 50 33 50 50 2 38 35 31 50 5 50 50 15 41 14 42 22 50 16 31 50 36 49 42 50
20 50 9 50 50 44 49 32 50 31 28 1 50 24 0 20 34 50 14 50 15 0 37 30 50 50 49 50 50 39 34 50 25 21 50 34 6 50 2 31 7 50 5 27 8 23 22 50 33 47 1 12 16 7 7 24 22 50 50 50 17 3 50 6 50
16 25 50 50 31 50 8 36 24 33 50 49 50 40 50 14 50 5 50 50 45 50 0 21 26 9 15 43 1 50 15 50 33 23 22 1 3 10 47 50 50 1 15 35 50 8 39 50 50 4 33 50 50 50 39 39 50 14 47 50 17 0 34 50
38 0 0 50 5 31 31 15 32 33 7 50 44 10 48 50 50 26 23 50 50 37 16 33 9 5 32 50 50 50 18 13 5 3 20 25 15 13 50 17 4 39 50 50 16 27 31 50 50 23 29 19 50 26 46 50 50 34 50 50 37 50 50
32 46 50 42 7 35 50 50 3 41 3 50 31 33 20 15 23 50 17 50 50 12 17 50 36 39 50 50 4 21 7 21 50 50 50 50 35 50 50 32 50 6 10 34 24 46 1 22 49 50 31 4 50 50 35 50 46 0 50 11 50 50
3 29 13 40 33 11 30 20 29 24 5 14 28 34 34 46 39 36 16 41 45 50 33 35 12 50 50 19 27 50 50 21 17 9 11 26 21 7 28 10 50 11 5 34 50 49 6 38 50 50 18 15 14 50 50 50 45 38 46 50 50
27 50 20 34 4 31 50 37 6 22 39 50 39 2 50 24 11 15 31 8 50 32 5 31 27 18 13 50 50 34 4 24 50 10 48 48 50 45 0 30 50 3 9 48 4 5 25 50 14 9 41 50 26 13 42 42 19 50 0 50
37 50 40 50 50 0 50 35 50 37 0 41 20 5 10 12 10 26 31 10 44 14 50 9 47 50 50 23 50 48 39 21 13 7 9 50 22 43 50 47 30 32 50 3 50 50 18 36 24 50 4 5 14 48 34 12 50 20 50
4 50 50 38 41 50 50 24 50 40 50 13 50 50 50 16 46 50 3 50 3 50 6 0 7 50 23 7 7 33 50 50 8 19 50 8 3 45 13 31 14 16 37 6 50 39 48 50 9 45 50 6 0 19 0 8 50 50
20 38 44 50 50 45 50 50 50 27 13 41 24 20 14 46 50 4 30 6 21 50 50 34 39 50 43 50 41 22 17 50 22 50 50 50 39 50 29 27 50 38 50 16 48 50 14 38 50 50 26 3 50 33 21 46 50
8 50 33 50 9 23 4 50 50 50 50 50 33 5 18 6 25 0 50 38 5 48 50 38 4 27 49 50 31 29 38 50 50 29 2 45 13 19 5 28 42 7 50 50 30 50 50 40 50 50 10 2 11 39 0 50
36 5 18 47 47 50 33 28 26 33 9 13 44 12 20 24 50 33 41 41 27 1 11 20 50 31 50 48 18 18 50 50 18 29 50 39 17 44 9 24 50 34 10 16 22 50 50 50 50 23 43 45 40 26 50
27 50 50 50 50 17 33 38 32 7 19 50 5 47 36 36 42 4 26 1 43 34 39 8 22 50 50 50 36 50 25 8 50 46 20 50 13 50 44 14 41 15 16 5 50 48 46 36 24 50 13 3 50 50
50 19 1 20 33 1 1 11 40 50 50 12 50 50 19 1 49 50 50 34 28 50 35 50 25 26 50 50 46 50 41 8 33 50 50 15 13 50 17 29 21 40 8 4 41 9 50 50 17 28 35 50 50
13 50 50 20 27 39 20 50 13 50 50 0 50 50 50 37 13 32 44 27 18 21 0 50 39 50 28 27 50 11 50 50 42 31 22 33 39 0 50 49 50 12 50 49 20 13 50 27 30 47 8 50
39 19 37 13 1 34 6 34 50 43 37 50 50 20 28 29 47 37 2 50 35 3 37 14 50 3 46 41 50 14 50 33 50 50 26 28 41 50 19 36 47 20 44 48 50 17 17 23 15 1 50
18 43 50 50 12 50 6 50 40 30 48 10 5 50 50 50 46 40 10 12 22 30 30 25 50 43 50 26 50 41 28 31 9 24 31 33 44 38 50 50 2 40 50 50 32 28 50 3 0 50
11 16 41 50 7 2 50 43 40 0 35 50 46 22 5 50 50 50 12 22 50 50 29 50 9 50 50 23 50 20 50 38 19 3 6 27 33 23 22 49 2 5 50 50 45 22 50 38 50
22 50 50 31 20 5 50 50 24 12 28 29 19 26 12 15 31 0 0 27 50 50 44 50 22 50 50 50 27 37 50 36 27 16 49 31 50 15 17 50 6 50 8 50 50 19 50 50
7 50 50 33 4 42 5 35 11 47 31 38 50 50 18 49 38 50 15 19 24 39 50 29 16 50 38 5 14 32 34 50 50 44 42 50 25 45 38 50 50 50 30 50 0 5 50
50 50 22 50 20 50 48 41 50 16 38 50 36 41 43 6 13 3 22 50 4 50 49 50 42 50 50 39 33 7 50 50 50 16 50 50 14 0 28 50 39 31 50 50 31 50
41 21 42 34 10 44 10 12 19 50 50 20 36 37 50 50 39 30 3 7 50 12 41 49 8 8 50 50 13 11 33 41 33 50 25 23 40 46 5 29 50 41 10 45 50
35 5 39 36 47 34 50 0 50 23 50 19 44 1 8 17 14 47 50 10 0 50 27 50 50 6 9 44 46 50 50 28 31 12 50 50 50 50 50 3 1 50 30 50
28 50 50 18 1 50 11 12 50 50 25 17 29 45 50 50 50 50 45 49 37 19 50 50 42 36 50 36 15 50 44 37 40 50 35 42 6 50 50 5 41 15 50
22 13 50 32 26 50 47 30 8 50 11 46 45 15 33 50 50 27 50 50 37 50 20 12 3 20 41 22 50 50 22 50 29 19 30 0 50 50 50 50 38 50
36 47 46 41 33 50 50 50 13 20 43 50 17 35 18 50 50 50 50 10 50 23 32 26 5 35 46 7 50 50 20 50 36 45 17 12 50 41 11 36 50
37 16 50 50 17 7 50 50 47 11 50 11 50 32 50 50 48 3 4 5 9 50 50 10 50 25 15 50 16 50 30 8 12 50 50 50 49 50 3 50
50 40 22 37 50 50 32 36 16 3 29 0 22 50 46 21 46 42 38 19 50 4 25 36 50 50 50 37 23 50 4 1 50 12 2 50 13 50 50
48 50 33 50 33 50 32 50 3 16 42 50 43 20 42 30 26 50 27 50 20 50 21 50 38 28 30 32 50 50 33 13 50 15 50 50 50 50
48 5 23 40 43 13 50 16 2 5 10 14 15 42 31 48 14 50 46 50 34 33 29 50 29 0 40 1 10 13 50 2 50 35 50 50 50
44 50 41 10 20 32 50 2 50 43 13 35 48 7 11 0 2 50 26 50 50 13 27 3 50 50 50 50 31 8 34 8 50 50 50 50
19 27 35 44 50 8 41 35 50 50 2 39 23 50 31 50 50 50 46 50 45 7 34 50 35 38 48 19 47 45 17 50 47 40 50
50 27 50 50 20 9 50 47 14 39 7 10 14 50 49 37 18 2 50 19 35 50 28 44 44 47 11 3 50 42 16 36 50 50
7 38 34 22 50 22 40 29 50 24 31 23 14 13 20 50 50 30 22 35 42 34 50 15 50 31 49 29 31 35 50 21 50
50 50 43 16 50 20 50 2 38 41 27 27 21 50 13 50 8 37 50 50 4 28 23 3 38 24 33 30 50 47 50 50
24 15 50 3 50 50 44 50 50 46 46 20 41 50 49 50 17 34 50 43 8 5 15 50 23 43 25 44 15 8 50
50 39 50 9 16 48 7 36 50 50 20 50 2 50 15 37 22 50 50 24 12 50 50 50 37 50 50 50 38 50
48 21 10 37 36 34 20 50 43 42 40 9 18 50 21 2 50 34 50 3 50 30 20 24 34 3 50 47 50
1 33 6 50 4 38 17 46 8 9 2 25 50 1 13 20 11 50 13 1 0 48 34 30 50 27 37 50
30 13 48 29 50 50 50 38 30 50 1 4 37 24 42 50 44 32 21 37 50 34 47 23 50 50 50
50 50 39 44 13 50 27 3 25 9 49 22 20 50 40 27 31 50 50 50 50 2 45 50 16 50
32 50 5 16 30 46 50 34 24 16 46 50 50 15 16 6 38 46 46 1 3 8 50 50 50
50 50 50 42 44 14 50 45 50 10 20 50 16 44 50 40 50 50 40 32 42 5 50 50
16 3 48 35 20 48 10 50 48 9 38 50 50 17 5 5 37 44 15 45 24 50 50
50 24 25 50 49 0 11 50 0 10 23 24 48 50 50 19 22 20 50 36 50 50
43 38 50 33 50 31 14 18 47 50 47 46 44 50 41 35 45 50 34 12 50
44 42 3 17 43 30 50 7 19 11 35 35 39 50 4 50 32 50 10 50
50 50 50 43 32 48 50 50 10 50 50 23 25 44 50 50 33 50 50
23 6 25 50 8 50 21 47 14 12 25 23 50 36 20 28 6 50
36 21 17 19 36 16 46 31 8 50 47 5 50 35 18 50 50
43 20 50 20 50 8 18 27 50 40 3 22 15 30 50 50
50 27 45 48 48 50 13 3 38 50 4 22 40 25 50
50 45 36 15 39 50 42 50 34 49 33 13 12 50
8 50 36 25 50 5 29 50 22 47 2 11 50
40 50 21 17 50 41 43 1 0 50 50 50
2 15 23 16 32 50 50 44 24 2 50
6 39 6 50 50 50 50 19 50 50
34 50 11 50 50 24 20 15 50
50 35 50 6 47 31 22 50
26 32 50 10 50 3 50
50 50 4 50 22 50
23 50 50 38 50
19 50 14 50
34 31 50
50 50
50
