100 50
26 50 50 30 14 2 13 22 3 44 39 19 36 29 45 14 41 50 15 10 36 7 35 50 49 33 26 2 50 16 50 41 4 19 27 14 29 48 15 38 28 50 34 13 17 3 33 30 26 27 27 46 17 44 49 0 0 11 5 17 27 28 33 44 37 45 46 46 28 42 42 36 20 39 17 46 14 50 50 44 49 34 7 48 49 17 30 7 36 8 0 15 41 8 20 14 24 4 40 50
43 15 21 19 10 1 50 50 15 50 31 38 2 11 10 3 40 16 24 41 7 6 50 12 29 50 43 4 38 50 13 14 40 50 50 50 19 17 25 44 50 50 50 46 23 23 50 17 8 4 50 22 44 50 1 44 43 12 13 26 38 40 50 20 7 37 2 45 23 37 26 14 12 38 5 26 50 11 39 40 4 37 30 2 36 24 12 22 50 18 5 35 30 49 40 23 43 9 50
45 39 18 30 50 50 8 12 26 50 39 28 9 34 4 6 47 34 50 27 48 50 50 1 50 35 38 4 19 8 10 20 37 16 32 34 15 4 50 35 9 44 35 16 33 28 46 44 50 3 6 3 50 21 24 28 25 24 10 36 12 18 19 10 8 26 50 6 24 50 50 44 42 10 21 27 30 9 28 21 44 28 50 32 50 13 39 24 32 9 31 44 45 8 33 20 4 50
39 12 13 0 16 50 45 1 29 50 29 8 46 50 44 19 50 50 31 4 47 25 39 26 39 11 50 42 4 40 50 20 22 41 48 50 2 21 50 50 42 8 28 20 44 13 16 44 10 32 19 19 38 44 3 20 39 50 24 37 27 50 18 50 43 50 50 38 50 25 49 3 35 2 47 25 50 29 19 48 44 17 7 41 50 2 21 24 50 22 50 15 20 50 9 7 50
43 50 1 10 2 21 50 16 50 11 31 50 30 31 30 8 28 50 50 41 9 43 29 6 27 24 12 46 31 48 50 21 22 16 10 50 16 1 3 50 41 50 25 38 2 20 34 50 41 24 14 16 23 17 40 19 47 50 19 18 49 24 50 50 28 50 4 10 23 19 24 46 35 37 50 50 50 50 2 7 31 46 17 50 13 5 0 50 50 19 50 50 50 43 28 50
50 13 14 5 40 36 27 50 10 26 23 23 34 10 46 2 12 25 50 11 2 28 41 50 21 21 6 8 50 17 35 50 45 45 20 26 13 27 50 50 22 50 48 38 1 42 22 9 44 19 50 49 32 35 41 46 21 50 36 50 33 5 50 23 35 11 50 13 29 18 10 19 24 37 9 50 7 24 19 16 46 47 2 50 11 24 29 50 31 18 18 40 37 28 50
14 50 42 5 43 2 50 50 2 25 13 50 22 50 2 1 37 50 50 50 50 25 50 0 36 31 3 16 11 50 25 9 32 13 50 44 39 12 50 32 50 2 40 50 36 29 13 20 9 5 47 33 23 12 36 49 20 27 17 22 45 29 32 41 5 50 50 40 29 50 27 38 10 28 22 50 9 45 6 16 34 20 31 28 50 35 39 26 50 43 19 2 48 50
50 0 16 24 7 2 24 11 6 29 12 38 49 4 38 47 11 28 9 50 34 50 32 33 23 50 16 42 25 27 27 50 5 21 50 50 50 49 28 21 21 50 26 13 35 36 49 50 49 50 15 12 21 50 34 42 26 37 17 4 43 41 7 22 28 44 50 25 32 0 44 41 50 11 28 8 8 25 50 13 21 37 50 3 47 0 1 38 12 36 50 32 50
47 19 15 27 29 46 23 26 3 26 10 19 14 40 3 50 27 18 14 50 50 1 50 36 50 45 50 25 17 3 34 19 16 19 35 45 30 10 36 29 28 42 5 50 30 50 41 50 50 39 41 24 15 7 1 39 31 8 42 36 40 10 50 50 50 25 3 16 41 22 35 22 50 50 43 15 50 21 48 3 24 1 49 13 1 44 6 36 7 8 26 50
7 39 50 37 13 45 6 36 16 14 8 50 46 49 42 50 50 26 28 50 50 50 21 50 4 50 50 25 38 50 50 11 50 50 22 0 5 19 13 10 50 18 18 0 50 13 17 9 24 6 10 42 9 18 24 16 16 28 32 14 50 48 22 36 33 35 29 45 21 9 41 50 30 41 50 33 40 11 50 45 47 7 6 2 7 5 19 7 48 29 50
39 1 2 28 1 15 36 4 50 27 22 37 50 30 50 5 40 23 8 30 16 50 47 24 41 7 5 29 18 50 14 11 17 26 43 50 29 23 15 18 50 10 50 50 11 33 50 40 48 32 50 50 5 50 47 50 8 43 12 3 46 50 2 50 5 11 40 34 32 39 50 43 24 49 33 50 22 32 17 50 50 32 44 38 13 50 44 50 50 50
2 42 36 50 39 23 33 50 22 3 25 28 34 10 50 26 21 50 15 0 49 36 19 38 48 50 45 44 11 50 6 50 40 11 20 35 50 49 21 48 11 37 14 34 29 11 50 32 50 43 48 14 8 7 29 8 19 29 16 23 50 3 50 36 49 50 24 50 41 48 37 34 28 37 17 46 30 3 9 8 27 35 37 5 50 37 38 43 50
7 19 3 26 23 15 9 50 17 27 42 14 49 50 46 48 48 16 8 21 50 28 16 14 4 28 13 45 23 0 4 37 22 30 30 46 48 44 7 24 8 40 48 14 34 19 39 14 2 49 4 50 27 3 35 17 3 50 2 29 23 48 28 35 40 25 41 13 10 50 29 49 12 47 29 35 10 35 50 15 50 47 6 16 3 14 7 50
21 40 25 50 3 31 50 34 46 38 40 23 8 50 34 50 41 18 27 14 49 9 1 24 0 6 19 5 50 16 30 47 4 7 45 40 20 50 49 20 22 2 50 35 36 10 5 13 36 6 50 7 12 3 50 50 14 38 45 40 1 50 28 33 8 42 11 24 50 50 41 32 21 44 22 22 46 50 37 31 39 33 20 36 24 29 50
10 50 50 27 46 47 35 36 39 26 0 27 4 29 11 19 50 2 50 7 5 50 13 29 50 31 50 3 9 43 22 2 47 31 23 50 29 19 20 50 6 41 1 25 37 18 11 46 45 19 49 30 22 37 3 14 50 50 6 36 16 50 50 8 31 49 33 47 31 45 28 50 50 50 50 50 50 50 25 0 22 24 49 13 13 50
13 12 50 30 30 19 12 12 34 9 4 0 16 25 19 46 27 37 18 42 47 11 50 1 1 32 21 10 22 22 24 46 16 49 49 50 50 13 7 8 47 33 4 49 50 41 10 9 9 39 33 50 33 50 38 31 31 44 20 15 17 17 50 30 39 28 49 11 48 34 16 26 27 39 50 32 40 50 25 50 42 46 50 43 50
11 50 37 43 0 0 16 24 46 32 49 50 8 13 50 22 11 50 50 20 14 47 24 46 7 8 30 44 50 17 43 50 50 50 50 17 1 30 32 4 36 41 11 50 47 50 9 28 34 32 15 43 16 50 14 23 31 17 47 11 32 7 30 17 33 50 50 37 21 0 11 27 50 36 35 31 33 1 28 50 50 29 45 50
22 39 33 50 8 36 50 17 43 45 50 29 14 4 49 25 5 50 8 7 0 25 36 45 20 50 48 9 50 19 34 3 36 10 50 9 18 23 42 16 35 3 40 30 26 50 17 50 50 1 20 41 20 28 18 35 48 50 20 50 28 10 50 50 20 50 8 14 15 10 50 49 28 18 48 33 0 5 37 6 39 50 50
16 2 37 36 13 40 6 12 3 24 14 50 47 10 38 22 10 1 50 50 38 0 5 7 50 35 37 50 2 3 50 47 50 28 50 31 50 49 18 12 14 15 50 15 38 13 12 28 50 30 34 18 2 50 25 16 37 3 1 4 23 50 47 16 48 17 5 0 39 45 40 38 50 0 37 32 33 16 31 50 20 50
41 7 41 43 44 33 42 32 39 12 45 26 31 36 21 40 18 15 6 50 3 5 50 50 41 48 34 11 34 31 44 10 45 27 0 9 11 38 3 42 20 21 3 30 23 50 35 38 50 12 13 50 43 49 45 34 0 22 8 27 17 21 23 37 50 45 31 48 44 34 12 23 27 7 2 44 39 1 7 33 50
12 50 50 23 21 50 14 29 1 22 29 12 34 22 24 38 40 35 50 11 43 15 21 43 32 50 22 50 34 17 39 19 0 40 14 50 20 24 50 15 47 25 50 50 50 34 7 5 50 50 50 41 10 7 50 50 30 39 38 43 7 3 1 45 43 47 50 6 9 16 42 50 50 50 28 21 43 18 35 50
39 13 38 15 45 50 29 41 20 35 13 43 17 50 32 50 13 45 47 8 21 8 6 50 50 33 35 21 38 8 43 7 7 28 39 46 48 48 9 50 5 42 25 14 22 0 7 36 50 8 35 21 50 21 36 47 12 8 50 50 30 28 42 31 50 43 37 50 10 5 3 1 10 33 32 30 50 27 50
2 25 17 50 31 37 32 34 7 50 35 15 50 7 34 36 50 29 9 50 11 20 30 36 50 14 34 41 37 10 18 50 4 49 29 41 21 50 9 42 14 20 50 25 31 35 50 35 35 23 32 24 33 33 41 50 25 22 50 49 19 32 12 35 50 29 27 12 12 37 37 47 50 30 9 29 6 50
50 41 31 37 50 9 43 50 33 50 18 40 46 26 7 39 21 42 34 30 33 8 4 18 50 24 24 10 50 10 35 26 25 35 35 6 28 50 2 50 39 25 9 6 12 26 50 43 50 49 21 11 42 34 29 43 12 0 18 40 18 27 50 2 20 13 35 50 8 45 16 18 36 46 50 13 50
4 50 50 21 33 37 20 30 29 6 29 50 15 19 50 15 50 26 50 32 21 50 45 20 45 50 50 14 19 48 25 50 33 50 30 50 50 24 3 50 27 4 0 43 28 9 45 50 41 22 50 7 30 18 18 50 12 11 8 22 2 44 22 36 35 36 49 20 17 40 50 17 27 37 33 50
46 14 48 28 50 50 9 6 3 8 26 36 50 49 40 50 32 0 10 17 50 50 24 50 46 1 10 47 15 35 31 31 23 25 50 41 28 41 48 11 50 4 50 21 33 7 37 12 17 0 28 12 50 31 40 24 17 19 25 50 3 1 19 50 50 50 50 32 42 50 38 50 4 14 50
42 50 20 50 23 10 50 50 50 33 28 18 50 39 34 10 50 38 0 38 10 35 50 21 7 50 6 43 46 50 44 23 50 50 32 47 50 50 6 50 14 45 34 50 50 34 50 21 28 50 10 44 3 50 50 44 50 5 50 50 45 50 32 50 50 35 50 22 48 24 11 50 37 50
11 50 50 24 44 50 50 50 50 50 29 50 50 11 50 25 50 25 31 20 30 28 19 24 10 24 28 39 22 5 29 19 47 40 18 37 29 1 50 8 50 13 18 3 31 39 36 15 48 2 46 49 50 50 21 49 16 50 33 35 50 6 0 50 31 13 11 50 16 47 50 2 50
45 31 42 9 50 33 7 21 30 14 40 31 8 22 48 12 3 20 50 32 7 50 43 49 18 50 50 50 15 25 17 50 6 47 50 44 31 50 50 50 36 15 36 50 50 2 50 19 10 50 50 38 50 12 0 21 8 40 50 29 50 50 50 8 50 19 27 42 15 50 15 50
32 18 44 46 4 32 11 0 6 50 50 50 50 50 25 50 6 0 42 41 27 50 46 50 29 50 7 50 3 22 41 50 39 20 4 50 19 14 13 50 1 0 50 23 50 46 4 50 32 3 0 50 50 50 50 31 50 50 50 23 50 30 7 50 19 18 9 50 50 46 50
50 50 5 50 50 5 8 50 32 45 50 7 11 12 50 44 50 44 27 32 48 50 17 50 16 50 24 50 38 50 11 25 20 50 14 46 50 31 0 16 42 7 50 36 50 28 47 50 50 50 50 32 50 50 50 18 50 50 4 31 13 50 24 50 23 1 12 23 50 50
50 50 50 16 15 41 50 17 44 48 49 50 39 39 50 50 9 22 50 11 50 50 14 50 50 38 50 50 50 8 50 50 2 32 50 50 20 50 44 17 50 50 50 5 50 33 49 50 38 49 10 0 50 44 6 50 50 2 45 50 44 28 50 50 1 50 48 50 50
14 4 18 6 34 1 50 38 50 50 50 50 50 32 50 49 43 30 50 9 19 50 50 7 1 2 46 34 5 28 25 25 50 50 26 39 22 29 50 45 26 15 30 27 12 50 23 5 0 50 21 31 50 50 11 38 50 42 24 26 17 44 48 50 5 15 35 50
49 50 43 50 39 18 50 45 31 50 50 39 28 44 48 16 50 50 7 50 11 7 47 50 19 34 41 50 50 50 50 17 44 50 50 50 50 9 50 16 23 50 36 47 50 50 18 25 40 32 4 27 23 50 26 4 50 20 19 42 50 50 45 50 28 30 50
50 50 50 4 11 32 39 5 50 38 50 17 50 50 44 50 11 1 50 0 2 5 34 50 4 50 50 15 32 50 27 50 0 45 12 50 42 50 14 50 23 13 24 50 6 13 24 14 50 0 50 50 50 50 48 39 0 39 14 32 31 50 50 27 7 50
50 40 18 50 9 24 50 50 39 38 33 8 50 50 50 50 50 40 33 50 22 11 50 44 50 36 14 17 37 17 23 28 50 46 8 31 45 10 49 12 17 15 50 25 25 50 50 35 49 50 50 50 42 16 32 13 19 50 14 22 19 18 33 3 50
45 15 27 22 50 10 21 19 34 45 2 50 17 4 1 6 50 20 31 13 50 50 4 46 50 28 42 3 38 44 50 50 50 50 9 26 36 50 28 34 50 13 4 48 50 50 50 50 50 50 23 38 41 16 8 50 33 42 6 50 50 50 48 50
23 50 19 44 34 22 50 4 1 50 17 27 24 19 37 50 50 6 50 15 14 30 50 50 50 27 18 8 36 32 32 12 50 38 22 42 45 50 11 50 7 50 48 41 50 9 17 42 40 38 50 1 15 20 21 45 7 50 27 50 50 50 50
24 48 50 50 50 50 32 27 38 47 50 50 26 29 9 41 39 29 50 50 50 7 50 44 30 2 50 12 50 50 50 13 50 7 23 37 9 9 16 50 5 50 2 21 15 47 31 6 10 34 9 50 28 8 4 50 14 37 50 19 50 50
22 50 50 45 3 22 12 38 2 19 11 48 50 14 31 35 50 50 12 2 41 50 50 48 4 50 50 50 50 50 34 20 32 50 41 41 16 18 44 45 17 1 50 50 48 50 50 37 50 46 50 8 23 0 35 35 30 27 13 50 50
29 50 50 13 2 35 24 50 50 10 0 50 50 6 7 32 40 8 26 0 6 34 21 45 50 50 30 3 35 50 36 50 46 14 25 20 50 50 50 0 30 4 10 17 43 31 50 50 26 8 50 9 3 10 23 49 0 19 30 50
20 16 4 50 48 2 0 50 29 48 17 6 45 50 10 17 15 23 45 8 9 37 33 0 34 50 3 0 49 26 13 50 9 50 44 33 50 50 4 31 41 43 9 32 50 49 50 22 41 50 24 5 29 18 12 50 27 5 50
43 28 47 12 38 42 2 12 50 50 50 50 44 50 1 16 50 50 6 20 20 24 7 50 29 35 20 42 44 39 50 50 49 9 50 13 17 41 0 42 34 46 20 50 50 6 37 16 50 17 27 50 50 36 27 50 28 50
26 43 7 40 50 9 46 50 38 50 28 50 18 50 22 18 50 50 13 32 14 8 50 10 33 50 50 25 36 20 6 50 47 25 50 21 27 50 50 50 41 31 37 23 10 49 50 36 44 50 50 50 50 5 14 37 50
19 6 50 37 37 50 19 46 23 13 27 43 18 13 49 50 50 50 15 35 14 46 39 38 43 3 50 50 50 31 50 21 50 23 29 50 7 16 50 10 21 21 30 20 5 50 50 26 27 13 4 24 50 6 7 50
31 26 19 21 50 50 15 50 34 14 27 50 24 25 50 25 12 30 50 1 50 50 50 50 22 24 20 50 3 28 1 10 0 6 50 7 36 0 0 37 50 6 50 50 19 49 30 50 4 50 50 47 7 22 50
50 50 4 26 26 2 19 10 50 40 45 8 50 19 4 50 41 50 50 45 50 50 2 48 15 0 10 50 37 20 50 14 50 3 21 35 50 0 22 22 50 50 50 50 48 39 50 50 18 50 13 5 46 50
32 50 44 50 34 16 50 30 50 37 33 49 35 50 21 50 50 20 39 50 14 50 50 3 50 43 50 50 29 35 4 30 50 43 17 10 10 50 40 50 19 2 26 31 35 1 41 30 42 22 50 50 50
50 1 50 36 33 6 50 8 50 50 25 43 40 36 38 47 50 10 35 50 48 5 50 8 50 28 18 5 50 6 50 42 6 50 47 50 5 2 50 46 12 50 35 27 30 4 23 50 46 8 32 50
3 34 50 48 23 23 19 26 48 8 23 19 50 50 32 50 50 50 20 42 19 50 50 8 12 26 50 37 0 10 50 32 11 50 26 6 39 50 50 50 50 50 25 7 50 37 23 31 50 50 50
39 50 29 20 50 50 7 18 24 37 5 21 11 50 37 14 31 35 35 41 50 25 50 8 50 25 50 3 45 50 49 28 16 41 3 20 50 50 34 50 50 8 16 50 50 15 50 44 35 50
37 40 32 11 16 50 50 21 50 6 47 28 2 50 0 42 48 24 50 50 27 50 24 18 38 5 22 7 17 50 14 30 50 19 33 34 42 10 41 50 36 38 21 50 38 18 50 27 50
34 45 38 50 50 47 50 41 12 15 50 4 48 34 14 50 7 4 31 33 46 0 38 25 6 26 30 5 50 24 50 14 49 23 50 23 34 16 24 5 32 33 50 50 50 37 9 50
33 50 50 6 11 50 42 50 23 35 37 36 18 50 50 50 50 25 50 1 10 33 50 44 45 12 50 50 41 30 43 50 50 0 32 18 39 50 50 40 15 50 18 1 10 50 50
50 50 38 50 37 49 50 19 50 40 3 4 18 44 50 50 50 20 50 5 38 50 50 50 50 50 20 50 32 15 37 14 50 50 50 1 9 46 16 50 34 7 50 48 50 50
50 50 36 47 42 12 50 17 50 11 50 36 43 30 25 50 50 42 50 10 29 50 1 0 21 32 0 18 50 0 36 8 5 50 50 20 2 2 50 8 24 50 1 18 50
50 30 50 24 25 50 50 50 50 14 33 32 25 10 12 24 41 31 50 22 36 50 15 28 40 11 50 30 50 9 45 7 33 12 50 17 50 4 50 50 39 25 0 50
50 50 39 13 28 23 43 50 32 44 1 26 43 43 36 50 12 30 50 50 45 50 6 50 31 40 39 28 47 50 34 16 50 15 4 28 50 17 49 45 6 50 50
40 33 27 50 48 50 3 33 33 45 15 9 10 45 38 45 19 0 42 8 1 36 50 21 50 23 41 7 50 50 50 50 10 50 37 10 47 40 50 50 42 50
16 38 50 24 34 50 50 45 1 50 30 28 50 7 11 8 50 50 20 50 16 50 45 50 50 40 36 50 50 41 12 0 50 50 14 32 50 50 50 36 50
50 27 50 16 32 8 47 50 40 50 50 50 50 50 50 47 4 50 50 44 4 50 4 50 50 50 47 22 48 45 48 44 13 50 50 20 32 2 37 50
50 16 50 50 42 50 50 50 47 44 50 28 15 12 44 3 34 16 23 17 29 50 50 50 41 50 50 6 50 6 25 49 50 27 37 13 50 50 50
43 46 9 49 50 50 50 41 50 8 8 44 25 41 32 47 33 24 6 50 50 50 35 12 50 2 26 28 1 50 17 46 36 50 50 18 37 50
50 39 31 18 37 9 50 50 25 17 47 38 7 50 33 27 50 50 41 50 43 5 50 50 50 50 50 34 7 28 17 10 0 17 21 50 50
26 50 30 50 37 34 4 47 50 8 35 23 44 2 38 39 50 50 50 10 48 35 50 25 50 50 50 6 19 7 50 17 50 6 34 50
44 49 50 50 26 50 29 40 50 42 33 46 43 50 48 15 24 21 22 50 50 16 31 50 50 50 15 1 50 50 25 16 9 21 50
5 10 35 46 50 6 2 37 50 50 17 18 19 47 30 12 50 47 1 14 47 50 47 50 20 50 46 50 25 0 2 20 15 50
6 3 28 2 50 50 45 50 8 7 28 50 50 50 50 50 50 50 9 29 5 38 50 50 15 50 38 42 50 27 9 50 50
50 47 19 17 50 4 44 24 24 50 50 29 41 36 46 15 50 29 0 18 32 26 5 50 50 50 0 18 50 45 3 50
50 34 5 9 45 33 19 15 14 14 50 7 9 48 23 50 50 3 43 5 50 50 14 25 38 20 50 46 50 18 50
8 50 17 15 4 9 21 24 44 22 47 50 49 50 10 18 15 50 31 50 41 50 45 13 21 35 18 50 27 50
45 50 50 50 7 21 50 13 21 14 24 47 9 2 24 13 50 33 22 50 15 50 5 23 6 8 26 50 50
50 16 16 27 50 50 8 50 1 11 50 36 50 4 2 9 27 22 50 6 39 13 32 26 50 9 12 50
50 50 42 38 49 16 42 50 12 18 1 50 49 11 50 50 50 6 50 29 50 30 50 10 16 38 50
2 32 37 50 16 13 50 42 20 50 50 21 43 50 50 40 38 35 44 20 45 24 26 23 50 50
42 17 42 11 43 50 20 41 46 50 50 21 17 50 47 50 46 2 6 28 50 35 0 38 50
20 15 20 20 42 14 50 12 35 50 48 46 29 27 15 17 50 50 33 31 20 38 10 50
50 14 2 50 50 27 47 38 38 50 14 23 0 37 43 36 50 18 47 37 22 50 50
42 35 50 4 50 26 50 34 22 34 41 50 11 33 29 26 34 34 25 10 9 50
40 50 26 34 30 49 3 50 50 50 16 16 21 50 3 26 35 50 28 41 50
46 13 31 50 22 50 50 50 1 32 30 14 50 28 46 50 24 50 50 50
12 32 41 9 25 18 24 31 26 50 25 50 0 50 16 50 45 40 50
17 24 40 50 44 30 17 50 15 21 9 50 27 1 10 7 20 50
21 41 30 50 27 14 50 26 22 49 39 35 50 22 43 50 50
26 50 50 37 50 23 39 26 50 49 31 50 35 50 23 50
7 50 46 50 41 30 47 15 12 35 50 21 18 41 50
6 35 13 12 20 50 20 46 47 48 50 17 50 50
22 50 50 30 23 6 12 13 36 50 23 8 50
14 50 2 26 32 50 43 27 14 50 7 50
50 34 26 50 24 6 50 46 50 26 50
32 18 32 50 50 50 50 48 16 50
6 36 0 40 50 41 50 27 50
16 50 43 18 9 35 30 50
50 11 50 14 50 50 50
18 32 15 50 4 50
44 28 36 50 50
50 50 18 50
50 50 50
24 50
50
