50 50
42 50 35 50 50 50 50 50 50 50 39 50 1 41 50 15 50 50 50 50 25 50 50 50 50 50 50 50 50 50 50 50 50 50 13 50 50 50 46 3 50 50 50 50 50 50 50 50 50 50
50 2 0 50 50 50 11 50 50 20 50 21 50 42 50 50 50 47 50 37 50 50 50 50 50 50 50 50 50 2 50 50 50 50 50 50 50 50 9 50 28 50 50 50 50 34 50 20 50
38 22 43 50 7 50 50 50 50 50 50 50 50 50 50 50 50 50 50 50 27 50 50 50 50 50 50 50 20 50 50 50 31 50 50 50 50 50 25 16 24 50 50 1 17 24 34 50
50 15 36 47 50 50 50 50 20 50 50 50 50 50 50 50 50 42 50 50 50 50 50 50 50 50 26 27 8 34 50 49 50 50 50 50 2 50 15 50 50 50 50 50 50 43 50
50 50 41 50 50 50 50 50 50 50 7 35 50 50 50 50 25 50 50 15 50 50 11 50 50 50 6 11 50 10 50 50 27 50 26 50 50 29 35 50 25 50 29 50 50 50
50 50 0 50 50 50 50 50 50 50 50 50 50 50 50 50 50 50 34 50 50 50 50 48 50 50 50 2 50 50 50 50 50 50 50 13 50 50 20 50 50 50 50 50 50
22 50 50 50 50 50 36 50 50 50 50 50 50 50 50 50 50 50 50 6 50 50 50 50 50 49 50 50 50 50 9 50 50 50 50 21 50 50 50 35 50 31 50 50
50 50 17 50 50 50 35 50 50 31 44 37 50 50 50 44 42 50 40 50 50 50 50 22 1 50 50 50 50 50 50 50 50 50 1 50 50 50 50 50 50 50 50
50 50 50 50 12 50 50 50 43 50 50 50 50 50 50 50 50 50 50 50 3 50 50 21 49 50 50 50 50 50 11 35 50 50 50 50 50 50 50 50 50 50
50 16 16 50 11 50 50 48 23 50 50 50 50 8 50 50 50 50 50 50 50 50 50 50 50 50 50 50 50 50 50 14 50 50 50 31 50 28 50 32 50
50 31 50 50 35 50 50 50 38 50 50 50 50 50 50 50 28 50 50 50 50 50 50 50 50 50 50 50 50 50 50 50 26 50 23 50 50 50 50 50
50 50 50 50 5 50 50 50 50 50 43 50 50 50 2 50 50 29 50 50 50 39 50 50 50 0 50 30 50 18 50 50 50 50 50 50 50 9 50
50 50 30 19 50 50 50 22 50 50 50 50 50 50 50 50 20 50 50 50 33 50 50 50 50 50 50 50 50 50 6 50 50 50 6 50 50 50
50 50 50 50 50 50 50 50 50 50 50 50 19 34 50 50 50 50 7 50 50 39 50 50 50 50 50 44 50 43 50 50 50 50 50 50 50
50 50 50 50 50 50 10 50 32 50 50 50 50 28 50 50 50 48 46 50 50 50 50 50 50 50 50 50 50 50 34 50 24 50 50 50
50 5 50 50 50 50 50 50 50 50 50 50 50 50 50 3 50 9 50 24 50 50 50 37 50 50 50 50 50 50 50 50 21 50 50
50 50 50 50 8 50 50 50 50 41 50 50 50 50 50 50 50 50 50 50 50 50 50 50 31 44 50 50 50 50 50 50 50 50
50 50 50 50 50 50 50 50 50 50 50 50 50 21 50 50 6 50 50 14 50 50 50 50 50 38 50 50 50 17 38 22 50
50 50 50 50 50 10 50 50 50 50 50 50 50 50 32 50 50 50 50 50 15 50 50 50 50 50 50 50 43 50 50 50
50 50 50 50 50 44 50 50 50 50 50 0 50 50 50 50 50 50 50 50 50 25 50 50 50 19 50 50 26 45 50
33 50 8 50 50 50 50 50 30 46 50 50 50 50 46 50 50 50 50 50 50 50 50 50 50 50 50 50 50 50
50 50 50 50 32 50 50 50 33 50 50 50 50 32 50 17 50 50 50 50 20 27 1 50 50 50 50 50 50
50 50 50 47 50 50 50 50 50 50 50 50 50 50 31 50 0 50 50 50 33 50 50 50 50 50 50 50
27 50 50 50 50 50 50 50 50 42 50 50 30 50 50 50 50 50 50 50 50 50 46 50 50 30 50
50 50 50 50 50 50 50 4 50 50 50 50 50 28 50 50 50 50 50 50 50 50 44 50 50 50
50 50 50 50 39 11 50 50 50 2 50 50 23 50 50 50 50 50 50 50 50 50 50 50 50
50 50 50 50 50 50 5 50 50 50 50 50 50 50 50 50 50 36 50 50 50 50 50 50
1 50 50 50 50 50 50 50 50 18 50 50 50 50 50 50 50 34 50 50 1 15 50
50 50 50 23 50 50 50 50 50 10 50 50 50 18 29 50 50 50 50 50 50 50
50 50 50 50 50 50 50 50 50 50 50 50 50 50 47 7 29 41 50 50 50
50 50 50 50 50 50 50 50 50 17 15 50 50 50 50 50 16 50 50 50
50 50 43 50 44 50 17 50 50 50 50 50 50 50 50 4 15 25 50
50 50 50 50 50 50 50 50 23 50 12 50 50 50 50 44 50 50
50 50 50 50 50 50 50 50 50 50 50 16 0 50 50 50 50
50 50 33 50 50 50 50 5 50 50 50 50 50 34 50 50
50 50 50 50 42 50 50 16 50 50 50 50 50 50 50
50 36 50 50 50 50 50 50 50 50 50 50 4 50
50 50 50 50 50 16 50 50 50 49 40 50 50
50 50 50 50 50 5 5 50 50 50 50 50
50 50 50 50 50 50 50 50 50 2 50
50 50 50 50 41 50 50 50 50 50
23 50 50 50 50 50 12 50 50
50 50 50 50 50 47 50 50
1 50 1 50 50 50 50
50 50 50 50 50 50
50 50 50 50 50
50 50 50 50
50 50 50
50 50
50
